x,y,z,h,v_x,v_y,v_z,|U|,rho(rpx),p(rpy),mu(rpz),sr,tau,I,mu_i,type(rpw)
-0.988235, -0.489444, 0.230829, 0.05, 0.107207, 0.00773824, -0.117231, 0.159049, 1019.48, 31171.5, 10, 2e-20, 3e-20, 2e-20, 2e-20, -1
-0.915998, -0.171814, 1.39235, 0.05, 0.0350699, 0.0602777, 0.135232, 0.152155, 1001.56, 2496.36, 10, 2e-20, 3e-20, 2e-20, 2e-20, -1
-0.987032, -0.498057, 1.26479, 0.05, -0.0681454, 0.187636, 0.188488, 0.274552, 997.641, -3773.68, 10, 2e-20, 3e-20, 2e-20, 2e-20, -1
-0.991788, -0.492389, 0.469321, 0.05, -0.0172131, 0.128846, 0.126979, 0.181717, 1010.55, 16873.2, 10, 2e-20, 3e-20, 2e-20, 2e-20, -1
-0.0674474, -0.0445626, 1.38146, 0.05, -0.0202296, 0.0460711, 0.0440957, 0.0669045, 1001.67, 2676.88, 10, 2e-20, 3e-20, 2e-20, 2e-20, -1
-0.230005, 0.0630702, 1.4205, 0.05, -0.0532581, -0.122054, 0.13202, 0.187517, 1001.12, 1793.32, 10, 2e-20, 3e-20, 2e-20, 2e-20, -1
-0.988071, -0.491616, 0.892403, 0.05, -0.189021, 0.00386928, 0.229614, 0.297433, 1006.27, 10033, 10, 2e-20, 3e-20, 2e-20, 2e-20, -1
0.0116383, 0.04433, 1.28405, 0.05, 0.107235, -0.283099, 0.106262, 0.320836, 1007.89, 12620.1, 10, 2e-20, 3e-20, 2e-20, 2e-20, -1
-0.594448, -0.0442928, 1.28203, 0.05, 0.246209, -0.00825741, 0.0483449, 0.251046, 1003.96, 6337.04, 10, 2e-20, 3e-20, 2e-20, 2e-20, -1
-0.0301489, -0.0295713, 1.2705, 0.05, 0.0930323, 0.0841765, 0.034704, 0.130173, 1001.14, 1824.43, 10, 2e-20, 3e-20, 2e-20, 2e-20, -1
-0.988639, -0.500949, 1.18247, 0.05, -0.0332354, 0.025015, 0.390483, 0.392693, 990.557, -15109.5, 10, 2e-20, 3e-20, 2e-20, 2e-20, -1
-0.0189889, 0.0156001, 1.23649, 0.05, 0.0334972, -0.144134, -0.0475738, 0.155435, 997.739, -3618, 10, 2e-20, 3e-20, 2e-20, 2e-20, -1
-1.00455, -0.436286, 1.32924, 0.05, -0.237936, -0.0716287, 0.141815, 0.286104, 996.654, -5353.59, 10, 2e-20, 3e-20, 2e-20, 2e-20, -1
-0.537651, -0.0239123, 1.28429, 0.05, 0.0839653, -0.0942092, 0.0496215, 0.135602, 996.462, -5660.94, 10, 2e-20, 3e-20, 2e-20, 2e-20, -1
-0.0160388, 0.0808938, 1.34596, 0.05, 0.0151659, -0.100254, -0.0262509, 0.104738, 1003.85, 6156.73, 10, 2e-20, 3e-20, 2e-20, 2e-20, -1
-0.509184, 0.0416075, 1.3203, 0.05, 0.151328, -0.059569, 0.147689, 0.219683, 1001.28, 2052.81, 10, 2e-20, 3e-20, 2e-20, 2e-20, -1
-0.22553, -0.153674, 1.41323, 0.05, -0.0154814, 0.0240312, 0.233169, 0.234915, 1000.95, 1520.28, 10, 2e-20, 3e-20, 2e-20, 2e-20, -1
-0.019666, 0.0174877, 1.3695, 0.05, -0.0863519, -0.00795509, -0.0260318, 0.0905406, 995.942, -6493.5, 10, 2e-20, 3e-20, 2e-20, 2e-20, -1
-0.348003, 0.223802, 1.38077, 0.05, -0.0818974, -0.236159, 0.223139, 0.335066, 998.644, -2169.9, 10, 2e-20, 3e-20, 2e-20, 2e-20, -1
-0.782242, -0.219801, 1.24977, 0.05, -0.111136, -0.0324101, -0.0670676, 0.133789, 1002.24, 3589.81, 10, 2e-20, 3e-20, 2e-20, 2e-20, -1
-1.0109, -0.241293, 2.22919, 0.05, -0.00159783, 0.0266575, -0.563691, 0.564323, 1000.03, 43.1842, 10, 2e-20, 3e-20, 2e-20, 2e-20, -1
-1.01047, -0.246741, 1.33525, 0.05, -0.132293, -0.13419, -0.102523, 0.214521, 999.025, -1559.78, 10, 2e-20, 3e-20, 2e-20, 2e-20, -1
-0.874812, -0.555169, 1.54606, 0.05, 0.00527381, -0.0032252, -0.0286088, 0.0292691, 999.956, -70.9002, 10, 2e-20, 3e-20, 2e-20, 2e-20, -1
-0.363162, 0.3575, 1.42159, 0.05, 0.240672, -0.235236, -0.265656, 0.428757, 1001.19, 1908.19, 10, 2e-20, 3e-20, 2e-20, 2e-20, -1
-0.812313, -0.368008, 1.37731, 0.05, 0.0980953, 0.204596, 0.096796, 0.246682, 997.043, -4730.62, 10, 2e-20, 3e-20, 2e-20, 2e-20, -1
0.720513, 0.429686, 1.36747, 0.05, -0.138324, -0.366716, -0.109173, 0.406857, 995.762, -6781.35, 10, 2e-20, 3e-20, 2e-20, 2e-20, -1
-0.245738, -0.308573, 1.43069, 0.05, 0.243612, -0.0780454, 0.12499, 0.284711, 990.578, -15075, 10, 2e-20, 3e-20, 2e-20, 2e-20, -1
-1.00198, -0.165333, 1.32996, 0.05, -0.132667, -0.0151253, -0.150586, 0.201259, 1003, 4807.88, 10, 2e-20, 3e-20, 2e-20, 2e-20, -1
-0.472396, -0.0209048, 1.28886, 0.05, 0.0702162, 0.000825105, 0.0335814, 0.0778377, 998.48, -2431.78, 10, 2e-20, 3e-20, 2e-20, 2e-20, -1
-0.280271, -0.0306738, 1.38561, 0.05, -0.0424739, 0.033545, 0.134925, 0.145375, 995.464, -7257.89, 10, 2e-20, 3e-20, 2e-20, 2e-20, -1
-0.0705996, -0.0122884, 1.26112, 0.05, 0.0629856, -0.181069, -0.0570701, 0.200026, 997.042, -4733.24, 10, 2e-20, 3e-20, 2e-20, 2e-20, -1
-0.93553, -0.15616, 1.29087, 0.05, -0.0231139, -0.326887, 0.210061, 0.38925, 1010.58, 16935.5, 10, 2e-20, 3e-20, 2e-20, 2e-20, -1
0.354338, 0.286848, 1.31265, 0.05, -0.162583, -0.0881997, 0.106133, 0.213253, 996.384, -5785.72, 10, 2e-20, 3e-20, 2e-20, 2e-20, -1
-0.384677, 0.0187556, 1.38713, 0.05, 0.182359, -0.00222233, 0.518854, 0.549972, 997.079, -4672.81, 10, 2e-20, 3e-20, 2e-20, 2e-20, -1
-0.0521653, -0.0461512, 1.32529, 0.05, -0.106337, 0.116052, 0.0249158, 0.159362, 997.737, -3621.51, 10, 2e-20, 3e-20, 2e-20, 2e-20, -1
0.314187, 0.291049, 1.40637, 0.05, -0.125188, -0.0112583, -0.0749845, 0.14636, 995.627, -6996.79, 10, 2e-20, 3e-20, 2e-20, 2e-20, -1
-0.791197, -0.361309, 1.31811, 0.05, -0.185073, -0.171244, -0.175047, 0.306949, 1000.86, 1382.69, 10, 2e-20, 3e-20, 2e-20, 2e-20, -1
-0.291641, -0.247563, 1.37183, 0.05, 0.132448, -0.0119606, 0.110208, 0.172717, 997.331, -4270.8, 10, 2e-20, 3e-20, 2e-20, 2e-20, -1
-1.00332, -0.169883, 1.32237, 0.05, -0.110466, 0.0674639, 0.0752586, 0.149726, 1003.78, 6043.16, 10, 2e-20, 3e-20, 2e-20, 2e-20, -1
-0.311453, -0.276567, 1.31833, 0.05, 0.0793123, 0.0393241, 0.211842, 0.229595, 996.527, -5556.24, 10, 2e-20, 3e-20, 2e-20, 2e-20, -1
-0.79022, -0.490562, 1.44157, 0.05, -0.0284199, 0.0471549, -0.53423, 0.537059, 1013.2, 21119.6, 10, 2e-20, 3e-20, 2e-20, 2e-20, -1
-0.877979, -0.304192, 1.26988, 0.05, -0.00769497, -0.0902144, 0.0810931, 0.121548, 1003.41, 5460.03, 10, 2e-20, 3e-20, 2e-20, 2e-20, -1
-0.270048, -0.0759359, 1.35498, 0.05, -0.0263431, 0.0128411, 0.0966523, 0.100998, 999.929, -113.654, 10, 2e-20, 3e-20, 2e-20, 2e-20, -1
-1.00674, -0.481778, 1.41923, 0.05, -0.187598, 0.188461, -0.353485, 0.442337, 1005.27, 8432.01, 10, 2e-20, 3e-20, 2e-20, 2e-20, -1
-0.676672, -0.502211, 1.42962, 0.05, -0.193549, 0.114734, 0.0338643, 0.227534, 1005.09, 8148.44, 10, 2e-20, 3e-20, 2e-20, 2e-20, -1
-0.929894, -0.568562, 1.341, 0.05, -0.0312243, -0.458092, 0.265284, 0.530282, 1010.94, 17510.1, 10, 2e-20, 3e-20, 2e-20, 2e-20, -1
-0.331298, 0.121375, 1.3354, 0.05, -0.0208228, -0.0757333, 0.120227, 0.143609, 998.004, -3193.08, 10, 2e-20, 3e-20, 2e-20, 2e-20, -1
-0.804695, -0.355773, 1.39326, 0.05, 0.301535, 0.117398, -0.190309, 0.375398, 999.708, -467.061, 10, 2e-20, 3e-20, 2e-20, 2e-20, -1
-0.399113, -0.224008, 1.4322, 0.05, 0.339433, -0.042037, 0.154071, 0.375127, 1001.14, 1821.09, 10, 2e-20, 3e-20, 2e-20, 2e-20, -1
-0.500949, -0.110164, 1.37291, 0.05, 0.0868615, 0.124347, -0.00542427, 0.151778, 1000.01, 18.8073, 10, 2e-20, 3e-20, 2e-20, 2e-20, -1
-0.673654, -0.319356, 1.41502, 0.05, 0.34808, -0.29143, -0.279545, 0.533138, 998.371, -2606.24, 10, 2e-20, 3e-20, 2e-20, 2e-20, -1
-0.992234, -0.446775, 0.183913, 0.05, -0.0702704, 0.0839807, -0.136593, 0.175066, 1010.56, 16897, 10, 2e-20, 3e-20, 2e-20, 2e-20, -1
-0.992549, -0.491344, 0.299813, 0.05, 0.213945, 0.120528, 0.17214, 0.299886, 1007, 11201.5, 10, 2e-20, 3e-20, 2e-20, 2e-20, -1
-0.998344, -0.454752, 0.346949, 0.05, 0.00616132, -0.0610871, 0.0554958, 0.082761, 1007.3, 11672.3, 10, 2e-20, 3e-20, 2e-20, 2e-20, -1
-0.933184, -0.453616, 0.259876, 0.05, 0.0232713, -0.053782, 0.183352, 0.192489, 1012.33, 19727.8, 10, 2e-20, 3e-20, 2e-20, 2e-20, -1
-0.998881, -0.445927, 0.432553, 0.05, 0.109147, 0.016173, 0.17489, 0.206788, 1006.67, 10671.5, 10, 2e-20, 3e-20, 2e-20, 2e-20, -1
-0.990962, -0.494901, 0.538648, 0.05, -0.0170582, 0.0873149, 0.254968, 0.270044, 1005.52, 8838.8, 10, 2e-20, 3e-20, 2e-20, 2e-20, -1
-0.967072, -0.436604, 0.468412, 0.05, 0.160872, 0.120883, 0.128732, 0.238882, 1002.33, 3730.15, 10, 2e-20, 3e-20, 2e-20, 2e-20, -1
-0.991486, -0.495977, 0.596812, 0.05, -0.0010229, -0.0690888, 0.0910011, 0.114261, 1011.49, 18378.3, 10, 2e-20, 3e-20, 2e-20, 2e-20, -1
-0.988768, -0.490324, 0.713122, 0.05, 0.00483417, 0.0771736, 0.127052, 0.148733, 1010.42, 16664, 10, 2e-20, 3e-20, 2e-20, 2e-20, -1
-1.00061, -0.442367, 0.856438, 0.05, 0.00105208, -0.137999, -0.0420527, 0.144268, 1006.26, 10014, 10, 2e-20, 3e-20, 2e-20, 2e-20, -1
-0.958442, -0.453131, 0.779285, 0.05, 0.118848, 0.0483366, 0.0627269, 0.142814, 999.009, -1586.01, 10, 2e-20, 3e-20, 2e-20, 2e-20, -1
-0.996497, -0.442487, 0.737916, 0.05, 0.0364066, 0.0165895, 0.00832033, 0.0408641, 1000.76, 1211.8, 10, 2e-20, 3e-20, 2e-20, 2e-20, -1
-0.944578, -0.463266, 0.936358, 0.05, 0.0967892, 0.124438, 0.0820743, 0.177734, 1006.16, 9860.02, 10, 2e-20, 3e-20, 2e-20, 2e-20, -1
-0.999293, -0.445728, 1.05972, 0.05, 0.104541, 0.0684912, 0.256636, 0.28545, 1002.71, 4330.44, 10, 2e-20, 3e-20, 2e-20, 2e-20, -1
-0.99906, -0.403452, 0.897654, 0.05, 0.0244843, 0.0552482, 0.00426792, 0.060581, 998.856, -1830.45, 10, 2e-20, 3e-20, 2e-20, 2e-20, -1
-0.995886, -0.454721, 1.19062, 0.05, 0.0023135, -0.155994, 0.354464, 0.387278, 1000.21, 341.864, 10, 2e-20, 3e-20, 2e-20, 2e-20, -1
-0.997724, -0.40133, 1.01407, 0.05, 0.0465437, 0.31736, 0.155072, 0.356274, 1000.78, 1243.78, 10, 2e-20, 3e-20, 2e-20, 2e-20, -1
-0.994031, -0.311433, 1.21959, 0.05, -0.11299, -0.288569, 0.231766, 0.386981, 1003.5, 5594.09, 10, 2e-20, 3e-20, 2e-20, 2e-20, -1
-0.931351, -0.457022, 1.01843, 0.05, 0.214762, -0.0176117, 0.295677, 0.365866, 1004.34, 6942.39, 10, 2e-20, 3e-20, 2e-20, 2e-20, -1
-0.953325, -0.438747, 0.981259, 0.05, 0.1474, 0.232888, -0.113279, 0.297986, 993.293, -10731.6, 10, 2e-20, 3e-20, 2e-20, 2e-20, -1
-0.826462, -0.299501, 1.16491, 0.05, 0.0952832, -0.276407, -0.0177343, 0.292906, 1001.01, 1618.33, 10, 2e-20, 3e-20, 2e-20, 2e-20, -1
-0.94563, -0.414308, 1.2926, 0.05, -0.239615, -0.0123661, -0.0811028, 0.253271, 1007.8, 12476.3, 10, 2e-20, 3e-20, 2e-20, 2e-20, -1
-0.89647, -0.409828, 1.17182, 0.05, 0.0299437, -0.0548819, 0.0517797, 0.0811775, 1004.83, 7724.47, 10, 2e-20, 3e-20, 2e-20, 2e-20, -1
-0.957765, -0.296403, 0.977557, 0.05, 0.145662, -0.0898331, 0.136928, 0.219172, 1003.09, 4945.83, 10, 2e-20, 3e-20, 2e-20, 2e-20, -1
-0.92916, -0.357806, 1.24965, 0.05, -0.0318607, -0.102002, 0.151033, 0.185014, 1001.38, 2208.77, 10, 2e-20, 3e-20, 2e-20, 2e-20, -1
-0.968613, -0.38491, 1.08683, 0.05, 0.0465338, -0.0726578, 0.248476, 0.26303, 1001.23, 1972.69, 10, 2e-20, 3e-20, 2e-20, 2e-20, -1
-1.01312, -0.352908, 1.22993, 0.05, -0.110638, 0.204771, 0.0346391, 0.235312, 1000.62, 995.994, 10, 2e-20, 3e-20, 2e-20, 2e-20, -1
-0.988824, -0.376192, 1.31011, 0.05, 0.0601872, 0.0817727, -0.0875141, 0.134045, 1003.09, 4948.21, 10, 2e-20, 3e-20, 2e-20, 2e-20, -1
-0.96489, -0.350727, 1.20799, 0.05, -0.0563814, 0.116896, 0.33098, 0.355515, 997.638, -3779.96, 10, 2e-20, 3e-20, 2e-20, 2e-20, -1
-1.00463, -0.402012, 1.27061, 0.05, 0.0054961, -0.354188, 0.302733, 0.465969, 1002.47, 3944.82, 10, 2e-20, 3e-20, 2e-20, 2e-20, -1
-0.860131, -0.284663, 1.29232, 0.05, -0.134833, -0.0545288, -0.0830341, 0.167476, 997.042, -4733.2, 10, 2e-20, 3e-20, 2e-20, 2e-20, -1
-0.917087, -0.402889, 1.22379, 0.05, -0.0398655, -0.200961, 0.156681, 0.257922, 997.273, -4363.22, 10, 2e-20, 3e-20, 2e-20, 2e-20, -1
-0.876276, -0.265987, 1.13662, 0.05, -0.0288733, 0.100568, 0.000973322, 0.104635, 1004.44, 7111.09, 10, 2e-20, 3e-20, 2e-20, 2e-20, -1
-1.05844, -0.0853956, 1.33315, 0.05, 0.545631, 0.00514354, 0.0634382, 0.549331, 999.793, -331.257, 10, 2e-20, 3e-20, 2e-20, 2e-20, -1
-0.698547, -0.380589, 1.42348, 0.05, 0.249154, -0.42942, -0.170174, 0.524822, 998.011, -3182.38, 10, 2e-20, 3e-20, 2e-20, 2e-20, -1
-0.802391, -0.270845, 1.27567, 0.05, 0.0657862, -0.049228, -0.0588652, 0.101076, 1003.33, 5334.59, 10, 2e-20, 3e-20, 2e-20, 2e-20, -1
-0.733823, -0.238859, 1.33575, 0.05, 0.208884, -0.0530799, -0.307033, 0.375126, 1003.01, 4822.36, 10, 2e-20, 3e-20, 2e-20, 2e-20, -1
-0.730085, -0.407608, 1.37743, 0.05, 0.13229, -0.318848, 0.0956848, 0.358218, 1002.18, 3482.03, 10, 2e-20, 3e-20, 2e-20, 2e-20, -1
-0.870378, -0.319495, 1.17647, 0.05, -0.0573955, -0.312543, 0.000965649, 0.31777, 1001.23, 1966.34, 10, 2e-20, 3e-20, 2e-20, 2e-20, -1
-0.793219, -0.248879, 1.30759, 0.05, 0.0460032, -0.0990976, -0.0597145, 0.124509, 1005.63, 9015.67, 10, 2e-20, 3e-20, 2e-20, 2e-20, -1
-0.786088, -0.165734, 1.21049, 0.05, 0.302675, -0.0989996, -0.139726, 0.347759, 1000.62, 996.321, 10, 2e-20, 3e-20, 2e-20, 2e-20, -1
-0.871149, -0.426967, 1.26752, 0.05, 0.0328276, -0.47384, 0.314671, 0.569754, 1004.12, 6592.44, 10, 2e-20, 3e-20, 2e-20, 2e-20, -1
-0.804084, -0.280674, 1.20021, 0.05, -0.137561, -0.164996, 0.0285416, 0.216706, 1010.41, 16653.9, 10, 2e-20, 3e-20, 2e-20, 2e-20, -1
-0.851128, -0.440917, 1.23963, 0.05, 0.0959551, -0.0011801, 0.301138, 0.316058, 997.851, -3439.04, 10, 2e-20, 3e-20, 2e-20, 2e-20, -1
-0.692118, -0.246351, 1.24109, 0.05, 0.172248, 0.00696677, 0.0112608, 0.172756, 1005.54, 8869.87, 10, 2e-20, 3e-20, 2e-20, 2e-20, -1
-0.915051, -0.285844, 1.39698, 0.05, 0.0950879, -0.357935, -0.576324, 0.685062, 1002.75, 4407.33, 10, 2e-20, 3e-20, 2e-20, 2e-20, -1
-0.866683, -0.29093, 1.38215, 0.05, 0.126585, -0.113539, -0.255659, 0.307044, 999.774, -361.553, 10, 2e-20, 3e-20, 2e-20, 2e-20, -1
-0.915267, -0.334743, 1.44315, 0.05, -0.137931, 0.225013, -0.036743, 0.266469, 1000.15, 247.647, 10, 2e-20, 3e-20, 2e-20, 2e-20, -1
-0.735246, -0.268468, 1.22886, 0.05, 0.114941, -0.297758, 0.181343, 0.367092, 998.348, -2643.66, 10, 2e-20, 3e-20, 2e-20, 2e-20, -1
-0.56134, -0.27927, 1.41792, 0.05, 0.179966, -0.0579507, 0.126545, 0.227508, 996.213, -6059.96, 10, 2e-20, 3e-20, 2e-20, 2e-20, -1
-0.342445, 0.0618432, 1.40378, 0.05, -0.0938639, 0.0964071, 0.283685, 0.313978, 993.764, -9978.04, 10, 2e-20, 3e-20, 2e-20, 2e-20, -1
-0.993342, -0.444554, 0.266658, 0.05, 0.0314269, 0.0329679, 0.205602, 0.210586, 1014.01, 22411.3, 10, 2e-20, 3e-20, 2e-20, 2e-20, -1
-0.909839, -0.0777895, 1.3699, 0.05, 0.191791, 0.0308337, -0.0868661, 0.212791, 998.938, -1698.67, 10, 2e-20, 3e-20, 2e-20, 2e-20, -1
-0.9958, -0.371101, 0.337237, 0.05, 0.000288169, -0.0100279, 0.164333, 0.164639, 1011.35, 18155.6, 10, 2e-20, 3e-20, 2e-20, 2e-20, -1
-0.997061, -0.41073, 0.382498, 0.05, -0.00963709, 0.060425, 0.0300985, 0.0681907, 1011.41, 18253.4, 10, 2e-20, 3e-20, 2e-20, 2e-20, -1
-0.991072, -0.45179, 0.577387, 0.05, -0.0758215, -0.047678, 0.201713, 0.220704, 1005.97, 9553.8, 10, 2e-20, 3e-20, 2e-20, 2e-20, -1
-0.98993, -0.490324, 1.01055, 0.05, 0.0579319, -0.19751, 0.368469, 0.422062, 1007.98, 12761.7, 10, 2e-20, 3e-20, 2e-20, 2e-20, -1
-0.953588, -0.439392, 0.635431, 0.05, 0.00769475, 0.0770658, 0.160338, 0.178063, 1008.06, 12890.9, 10, 2e-20, 3e-20, 2e-20, 2e-20, -1
-0.988949, -0.485929, 0.653229, 0.05, 0.0337976, 0.0591394, 0.0651446, 0.0942527, 1012.8, 20483.8, 10, 2e-20, 3e-20, 2e-20, 2e-20, -1
-0.998748, -0.446514, 0.986759, 0.05, -0.0388365, -0.0028009, 0.344336, 0.346531, 1003.8, 6082.66, 10, 2e-20, 3e-20, 2e-20, 2e-20, -1
-0.996586, -0.433399, 0.683603, 0.05, 0.0362607, -0.00941092, 0.159857, 0.164188, 1006.72, 10748.4, 10, 2e-20, 3e-20, 2e-20, 2e-20, -1
-0.995964, -0.384877, 0.731048, 0.05, 0.0646964, 0.02812, 0.0554442, 0.0897241, 1010.99, 17588.3, 10, 2e-20, 3e-20, 2e-20, 2e-20, -1
-0.933596, -0.316205, 1.22853, 0.05, 0.00696556, -0.0711691, 0.126739, 0.145521, 1002.06, 3300.84, 10, 2e-20, 3e-20, 2e-20, 2e-20, -1
-1.00371, -0.373486, 0.830503, 0.05, 0.0180096, -0.00980695, 0.0780071, 0.0806575, 997.474, -4041.86, 10, 2e-20, 3e-20, 2e-20, 2e-20, -1
0.964476, 0.512008, 1.41811, 0.05, 0.011152, -0.098922, -0.472244, 0.482623, 1002.5, 4003.39, 10, 2e-20, 3e-20, 2e-20, 2e-20, -1
-0.991555, -0.388283, 0.95685, 0.05, 0.19413, 0.0132161, 0.167837, 0.256964, 999.375, -1000.52, 10, 2e-20, 3e-20, 2e-20, 2e-20, -1
-0.634796, -0.206134, 1.29739, 0.05, 0.0894483, 0.0619375, 0.176953, 0.207725, 999.949, -80.8662, 10, 2e-20, 3e-20, 2e-20, 2e-20, -1
-0.995109, -0.347712, 0.908236, 0.05, 0.0274913, 0.106723, -0.0490559, 0.120632, 992.299, -12321.2, 10, 2e-20, 3e-20, 2e-20, 2e-20, -1
-0.998647, -0.266634, 1.18847, 0.05, -0.181006, -0.0293094, -0.0284998, 0.185566, 1002.99, 4782.7, 10, 2e-20, 3e-20, 2e-20, 2e-20, -1
-0.957327, -0.328275, 1.05833, 0.05, -0.10508, 0.113532, 0.181129, 0.2382, 1002.61, 4178.57, 10, 2e-20, 3e-20, 2e-20, 2e-20, -1
-0.998227, -0.333585, 0.9785, 0.05, 0.0972917, -0.158344, 0.134229, 0.22925, 1003.94, 6308.62, 10, 2e-20, 3e-20, 2e-20, 2e-20, -1
-0.995333, -0.360404, 1.15989, 0.05, -0.0619737, -0.037713, 0.0151178, 0.074105, 1003.58, 5727.12, 10, 2e-20, 3e-20, 2e-20, 2e-20, -1
-0.996305, -0.289212, 1.07655, 0.05, 0.0139783, 0.138453, 0.0790787, 0.160056, 1001.63, 2607.37, 10, 2e-20, 3e-20, 2e-20, 2e-20, -1
-0.993546, -0.311576, 1.1616, 0.05, -0.130924, -0.0281458, 0.140633, 0.194193, 1006.95, 11125.2, 10, 2e-20, 3e-20, 2e-20, 2e-20, -1
-0.209791, -0.191585, 1.3695, 0.05, 0.0159651, -0.0628231, 0.234442, 0.243238, 1004.64, 7420.39, 10, 2e-20, 3e-20, 2e-20, 2e-20, -1
-1.00159, -0.218023, 1.53207, 0.05, 0.014854, 0.00913208, -0.942807, 0.942968, 998.831, -1869.7, 10, 2e-20, 3e-20, 2e-20, 2e-20, -1
-0.806293, -0.182726, 1.27987, 0.05, -0.0224335, -0.0759078, 0.0247181, 0.0829231, 1001.5, 2396.56, 10, 2e-20, 3e-20, 2e-20, 2e-20, -1
-0.889219, -0.165407, 1.22558, 0.05, 0.187976, -0.113011, -0.117272, 0.248715, 1001.3, 2078.7, 10, 2e-20, 3e-20, 2e-20, 2e-20, -1
-0.763345, -0.247778, 1.33142, 0.05, 0.20014, -0.0550192, -0.15319, 0.257974, 1003.31, 5303.25, 10, 2e-20, 3e-20, 2e-20, 2e-20, -1
-0.810959, -0.455028, 1.45432, 0.05, 0.274037, 0.00385976, 0.033191, 0.276066, 1003.3, 5275.05, 10, 2e-20, 3e-20, 2e-20, 2e-20, -1
-0.9723, -0.31007, 1.32473, 0.05, -0.0294113, 0.112082, -0.00191184, 0.115892, 1000.64, 1024, 10, 2e-20, 3e-20, 2e-20, 2e-20, -1
-0.7446, -0.434667, 1.38252, 0.05, -0.18726, 0.07139, -0.0482819, 0.206141, 995.681, -6910.35, 10, 2e-20, 3e-20, 2e-20, 2e-20, -1
-0.917885, -0.278869, 1.22165, 0.05, 0.0503416, 0.0335239, 0.262627, 0.269502, 998.712, -2060.77, 10, 2e-20, 3e-20, 2e-20, 2e-20, -1
-0.788153, -0.346866, 1.24919, 0.05, -0.132736, -0.231492, 0.0692423, 0.275684, 998.883, -1787.53, 10, 2e-20, 3e-20, 2e-20, 2e-20, -1
-0.771749, -0.408921, 1.40969, 0.05, 0.0390509, -0.137948, 0.360403, 0.387872, 1003.16, 5059.84, 10, 2e-20, 3e-20, 2e-20, 2e-20, -1
-0.857499, -0.357399, 1.30681, 0.05, 0.448794, -0.162788, -0.137716, 0.496872, 999.288, -1139.37, 10, 2e-20, 3e-20, 2e-20, 2e-20, -1
-0.852611, -0.136893, 1.22689, 0.05, -0.0677164, -0.210889, 0.125749, 0.254701, 1003.57, 5712.84, 10, 2e-20, 3e-20, 2e-20, 2e-20, -1
-0.851002, -0.287205, 1.34223, 0.05, 0.100636, 0.0933621, 0.0392675, 0.14278, 1004.24, 6787.95, 10, 2e-20, 3e-20, 2e-20, 2e-20, -1
-0.663427, -0.352811, 1.37545, 0.05, 0.216532, -0.155523, -0.0451807, 0.270398, 999.346, -1046.68, 10, 2e-20, 3e-20, 2e-20, 2e-20, -1
-0.791962, -0.131684, 1.35227, 0.05, 0.230887, 0.206573, -0.055643, 0.314766, 998.831, -1870.33, 10, 2e-20, 3e-20, 2e-20, 2e-20, -1
-0.446009, -0.358288, 1.43851, 0.05, 0.0338071, -0.264296, 0.29574, 0.398067, 1007.34, 11739, 10, 2e-20, 3e-20, 2e-20, 2e-20, -1
-0.675661, -0.348412, 1.34516, 0.05, 0.155042, -0.188648, -0.0888126, 0.259834, 1003.97, 6348.44, 10, 2e-20, 3e-20, 2e-20, 2e-20, -1
-0.851162, -0.321027, 1.3264, 0.05, 0.330341, -0.235707, -0.0866013, 0.414949, 1005.74, 9177.36, 10, 2e-20, 3e-20, 2e-20, 2e-20, -1
-0.846101, -0.30635, 1.2866, 0.05, -0.0134904, -0.166943, -0.0377353, 0.171685, 1000.81, 1288.33, 10, 2e-20, 3e-20, 2e-20, 2e-20, -1
-0.885209, -0.366761, 1.30951, 0.05, 0.199053, 0.0273992, 0.0349551, 0.203948, 996.974, -4841.85, 10, 2e-20, 3e-20, 2e-20, 2e-20, -1
-0.862624, -0.363784, 1.16434, 0.05, -0.0626363, -0.103565, 0.0268354, 0.123973, 1009.72, 15554.5, 10, 2e-20, 3e-20, 2e-20, 2e-20, -1
-1.02085, -0.453703, 1.41096, 0.05, -0.411766, 0.0711173, -0.176998, 0.453803, 994.461, -8861.92, 10, 2e-20, 3e-20, 2e-20, 2e-20, -1
-0.969498, -0.365826, 1.30416, 0.05, 0.0355553, -7.83252e-05, -0.0499857, 0.0613413, 992.404, -12154.2, 10, 2e-20, 3e-20, 2e-20, 2e-20, -1
-0.628012, -0.383995, 1.42194, 0.05, 0.166931, -0.231079, 0.272931, 0.394658, 1002.91, 4654.44, 10, 2e-20, 3e-20, 2e-20, 2e-20, -1
-0.905129, -0.341308, 1.27722, 0.05, 0.0243713, -0.0736457, -0.0256967, 0.0817188, 1003.03, 4854.7, 10, 2e-20, 3e-20, 2e-20, 2e-20, -1
-0.612594, -0.344324, 1.42604, 0.05, 0.439868, -0.0784623, -0.20925, 0.493382, 994.401, -8957.68, 10, 2e-20, 3e-20, 2e-20, 2e-20, -1
-0.669966, -0.233116, 1.27463, 0.05, 0.100963, -0.198951, -0.0637475, 0.232032, 1002.18, 3492.33, 10, 2e-20, 3e-20, 2e-20, 2e-20, -1
-0.995158, -0.345126, 0.0588266, 0.05, -0.00590532, 0.148548, 0.0789732, 0.16834, 1014.18, 22685.6, 10, 2e-20, 3e-20, 2e-20, 2e-20, -1
-0.991605, -0.407956, 0.224522, 0.05, 0.04129, 0.0839142, -0.123854, 0.155198, 1017.67, 28265.2, 10, 2e-20, 3e-20, 2e-20, 2e-20, -1
-0.998968, -0.410454, 0.310157, 0.05, -0.0428083, 0.000423032, 0.0867031, 0.0966962, 999.733, -427.022, 10, 2e-20, 3e-20, 2e-20, 2e-20, -1
-0.994051, -0.343502, 0.378263, 0.05, -0.0997301, 0.175651, 0.0724515, 0.214589, 1010.58, 16928, 10, 2e-20, 3e-20, 2e-20, 2e-20, -1
-0.998005, -0.298177, 0.416747, 0.05, -0.012424, 0.0582689, -0.1259, 0.139285, 1005.2, 8315.4, 10, 2e-20, 3e-20, 2e-20, 2e-20, -1
-0.99255, -0.294243, 0.360788, 0.05, 0.00417462, -0.133036, 0.282142, 0.311961, 1008.65, 13845.6, 10, 2e-20, 3e-20, 2e-20, 2e-20, -1
-0.995963, -0.242573, 0.371801, 0.05, -0.0861695, -0.0271462, 0.0426287, 0.0998965, 1009.57, 15319.8, 10, 2e-20, 3e-20, 2e-20, 2e-20, -1
-0.998907, -0.424337, 0.622146, 0.05, 0.0411285, -0.0515816, 0.166166, 0.178783, 1006.44, 10305.6, 10, 2e-20, 3e-20, 2e-20, 2e-20, -1
-0.998141, -0.312908, 0.607449, 0.05, 0.112631, -0.0228781, 0.0841188, 0.142426, 1010.49, 16790.8, 10, 2e-20, 3e-20, 2e-20, 2e-20, -1
-0.995498, -0.447503, 0.92889, 0.05, 0.187103, 0.0178013, 0.128035, 0.227414, 1005.63, 9015.89, 10, 2e-20, 3e-20, 2e-20, 2e-20, -1
-0.996943, -0.20834, 0.581669, 0.05, -0.0451183, 0.169199, -0.07939, 0.192268, 1009.46, 15134.9, 10, 2e-20, 3e-20, 2e-20, 2e-20, -1
-0.997694, -0.262554, 0.557128, 0.05, 0.0548105, 0.0997351, -0.128138, 0.171379, 1012.92, 20664.5, 10, 2e-20, 3e-20, 2e-20, 2e-20, -1
-0.997866, -0.37973, 0.666195, 0.05, 0.0262234, -0.0144134, 0.142585, 0.145691, 1008.14, 13031.2, 10, 2e-20, 3e-20, 2e-20, 2e-20, -1
-0.998668, -0.335373, 0.785239, 0.05, 0.0211092, 0.206969, 0.0504761, 0.214078, 1000.93, 1492.91, 10, 2e-20, 3e-20, 2e-20, 2e-20, -1
-1.00068, -0.264376, 0.614208, 0.05, 0.11682, -0.0118328, 0.0756512, 0.139679, 1004.91, 7850.34, 10, 2e-20, 3e-20, 2e-20, 2e-20, -1
-1.00023, -0.433567, 0.791047, 0.05, 0.0815049, -0.103524, 0.194534, 0.234955, 998.81, -1904.31, 10, 2e-20, 3e-20, 2e-20, 2e-20, -1
-0.998505, -0.213946, 0.74915, 0.05, -0.0101854, 0.00593642, 0.360059, 0.360252, 1009.14, 14617.2, 10, 2e-20, 3e-20, 2e-20, 2e-20, -1
-0.99471, -0.29982, 0.924134, 0.05, 0.0306669, 0.167215, 0.0209981, 0.171296, 991.189, -14097.3, 10, 2e-20, 3e-20, 2e-20, 2e-20, -1
-0.992877, -0.245129, 0.823052, 0.05, -0.109549, 0.149842, -0.0831796, 0.203402, 1008.39, 13428.1, 10, 2e-20, 3e-20, 2e-20, 2e-20, -1
-0.996179, -0.267074, 0.874979, 0.05, 0.00373247, 0.0306564, 0.143391, 0.146679, 999.416, -934.643, 10, 2e-20, 3e-20, 2e-20, 2e-20, -1
-1.00515, -0.271805, 0.976951, 0.05, -0.00383227, 0.0150544, -0.0313097, 0.0349517, 998.158, -2947.08, 10, 2e-20, 3e-20, 2e-20, 2e-20, -1
-0.997257, -0.338036, 1.10493, 0.05, 0.15499, -0.0985634, 0.138824, 0.230237, 1003.18, 5087.23, 10, 2e-20, 3e-20, 2e-20, 2e-20, -1
-0.997783, -0.274968, 1.12355, 0.05, 0.0171659, 0.288158, 0.0565298, 0.294151, 999.63, -592.369, 10, 2e-20, 3e-20, 2e-20, 2e-20, -1
-0.949915, -0.215392, 0.947954, 0.05, -0.140831, 0.0786731, -0.121172, 0.201756, 1002.77, 4434.62, 10, 2e-20, 3e-20, 2e-20, 2e-20, -1
-1.00449, -0.1713, 1.13859, 0.05, -0.157621, -0.462403, -0.196259, 0.526478, 1001.79, 2867.56, 10, 2e-20, 3e-20, 2e-20, 2e-20, -1
-0.957387, -0.253495, 0.981052, 0.05, -0.0725064, -0.162252, 0.0569932, 0.186631, 1001.16, 1860.7, 10, 2e-20, 3e-20, 2e-20, 2e-20, -1
-1.00086, -0.228469, 1.14661, 0.05, -0.0447495, 0.0561191, 0.0187409, 0.0741828, 1001.59, 2546.39, 10, 2e-20, 3e-20, 2e-20, 2e-20, -1
-0.880346, -0.203409, 0.947144, 0.05, 0.0787457, -0.131171, -0.0743911, 0.17012, 1004.67, 7470.43, 10, 2e-20, 3e-20, 2e-20, 2e-20, -1
-1.00694, -0.392393, 1.20801, 0.05, -0.0500134, -0.0422443, -0.0710763, 0.0966321, 993.386, -10582.2, 10, 2e-20, 3e-20, 2e-20, 2e-20, -1
-1.00019, -0.258635, 1.23273, 0.05, -0.014171, -0.197359, 0.37193, 0.421288, 1003.9, 6236.71, 10, 2e-20, 3e-20, 2e-20, 2e-20, -1
-1.00184, -0.202313, 1.24524, 0.05, 0.0921412, -0.00351135, 0.0771517, 0.120228, 1002.61, 4181.82, 10, 2e-20, 3e-20, 2e-20, 2e-20, -1
-0.949441, -0.29954, 1.10992, 0.05, 0.108913, -0.10728, 0.0670123, 0.166919, 995.833, -6666.5, 10, 2e-20, 3e-20, 2e-20, 2e-20, -1
-0.570617, -0.359961, 1.42776, 0.05, 0.218591, -0.217966, 0.153302, 0.344663, 997.028, -4754.98, 10, 2e-20, 3e-20, 2e-20, 2e-20, -1
-0.915802, -0.330386, 1.18558, 0.05, 0.0978932, -0.0396539, 0.119331, 0.15936, 1000.41, 649.632, 10, 2e-20, 3e-20, 2e-20, 2e-20, -1
-0.83318, -0.207185, 1.2408, 0.05, 0.0953947, -0.129068, -0.0149001, 0.161185, 1004.26, 6821.49, 10, 2e-20, 3e-20, 2e-20, 2e-20, -1
-0.926229, -0.247771, 1.22612, 0.05, 0.0404042, -0.16983, 0.205857, 0.26991, 1005.01, 8021.78, 10, 2e-20, 3e-20, 2e-20, 2e-20, -1
-0.794829, -0.0872794, 1.21767, 0.05, 0.00133259, -0.0368084, -0.222367, 0.225397, 998.629, -2193.46, 10, 2e-20, 3e-20, 2e-20, 2e-20, -1
-0.943384, -0.232681, 1.17757, 0.05, -0.0917737, -0.192199, -0.116754, 0.242888, 999.912, -140.431, 10, 2e-20, 3e-20, 2e-20, 2e-20, -1
-0.757258, -0.196962, 1.29814, 0.05, 0.162152, -0.00449675, -0.0261122, 0.164302, 1001.51, 2409.67, 10, 2e-20, 3e-20, 2e-20, 2e-20, -1
-0.919499, -0.100651, 1.16872, 0.05, -0.114581, -0.0442387, -0.0213889, 0.124673, 1001.06, 1691.26, 10, 2e-20, 3e-20, 2e-20, 2e-20, -1
-0.727262, -0.192062, 1.23164, 0.05, 0.14665, -0.063445, -0.0866519, 0.181769, 1002.79, 4463.31, 10, 2e-20, 3e-20, 2e-20, 2e-20, -1
-0.643782, -0.138845, 1.16485, 0.05, -0.00699744, 0.111665, -0.008954, 0.112241, 1002.17, 3471.42, 10, 2e-20, 3e-20, 2e-20, 2e-20, -1
-0.612874, -0.352702, 1.37111, 0.05, 0.0891603, -0.205985, 0.0653931, 0.233785, 1002.2, 3515.79, 10, 2e-20, 3e-20, 2e-20, 2e-20, -1
-0.620074, -0.163002, 1.24469, 0.05, 0.176858, -0.0941886, 0.117798, 0.232437, 1006.55, 10474.2, 10, 2e-20, 3e-20, 2e-20, 2e-20, -1
-0.769202, -0.158898, 1.2469, 0.05, 0.326896, -0.201859, -0.0580035, 0.388552, 1000.76, 1219.78, 10, 2e-20, 3e-20, 2e-20, 2e-20, -1
-1.00901, -0.273409, 1.30046, 0.05, -0.0626522, -0.00473531, 0.154016, 0.166339, 1000.87, 1399.49, 10, 2e-20, 3e-20, 2e-20, 2e-20, -1
-0.513402, -0.165112, 1.36582, 0.05, 0.161859, 0.176689, -0.0475574, 0.244292, 1001.03, 1651.17, 10, 2e-20, 3e-20, 2e-20, 2e-20, -1
-0.594308, -0.121057, 1.25485, 0.05, 0.0332086, -0.156519, 0.0070615, 0.160159, 998.081, -3069.9, 10, 2e-20, 3e-20, 2e-20, 2e-20, -1
-0.531228, -0.188654, 1.37509, 0.05, 0.280363, 0.0121594, 0.137818, 0.312642, 1005.27, 8438.57, 10, 2e-20, 3e-20, 2e-20, 2e-20, -1
-0.493247, 0.0404439, 1.36192, 0.05, 0.10178, 0.0209559, 0.124837, 0.162427, 998.674, -2121.08, 10, 2e-20, 3e-20, 2e-20, 2e-20, -1
-0.570382, -0.130486, 1.34946, 0.05, 0.290595, -0.0220293, -0.0150676, 0.291818, 1000.15, 241.631, 10, 2e-20, 3e-20, 2e-20, 2e-20, -1
-0.999176, -0.334891, 0.121234, 0.05, -0.100428, 0.0625559, 0.0080715, 0.118592, 1011.91, 19050.3, 10, 2e-20, 3e-20, 2e-20, 2e-20, -1
-0.993237, -0.355691, 0.199992, 0.05, 0.0688879, 0.0759713, -0.086904, 0.134423, 1015.88, 25405.8, 10, 2e-20, 3e-20, 2e-20, 2e-20, -1
-0.995627, -0.368571, 0.268862, 0.05, 0.100883, 0.151714, 0.135472, 0.22704, 1017.72, 28357.5, 10, 2e-20, 3e-20, 2e-20, 2e-20, -1
-0.992439, -0.319371, 0.311744, 0.05, 0.0161526, -0.0805325, 0.198236, 0.214579, 1010.15, 16234.6, 10, 2e-20, 3e-20, 2e-20, 2e-20, -1
-0.997298, -0.250278, 0.440207, 0.05, 0.0532805, 0.00715819, 0.116403, 0.128217, 1002.59, 4145.5, 10, 2e-20, 3e-20, 2e-20, 2e-20, -1
-0.992738, -0.267957, 0.496731, 0.05, 0.00524592, 0.0942957, 0.100924, 0.138221, 1017.21, 27537, 10, 2e-20, 3e-20, 2e-20, 2e-20, -1
-0.956636, -0.278157, 0.41787, 0.05, 0.00872506, -0.0456018, 0.0462732, 0.0655504, 1003.33, 5324.97, 10, 2e-20, 3e-20, 2e-20, 2e-20, -1
-0.993962, -0.206824, 0.476287, 0.05, -0.036573, 0.041043, 0.186759, 0.194682, 1005.75, 9203.76, 10, 2e-20, 3e-20, 2e-20, 2e-20, -1
-0.995459, -0.319098, 0.663114, 0.05, 0.048812, 0.0371378, 0.0642041, 0.0887919, 1007.35, 11755.2, 10, 2e-20, 3e-20, 2e-20, 2e-20, -1
-0.997343, -0.217224, 0.635858, 0.05, -0.0267419, 0.147553, 0.197167, 0.247713, 1007.69, 12301.8, 10, 2e-20, 3e-20, 2e-20, 2e-20, -1
-0.996472, -0.266911, 0.682647, 0.05, -0.00266394, 0.0165364, 0.0780163, 0.0797941, 1009.17, 14674.4, 10, 2e-20, 3e-20, 2e-20, 2e-20, -1
-0.955576, -0.24958, 0.569804, 0.05, 0.0943, -0.139893, -0.0756525, 0.184894, 1003.86, 6181.55, 10, 2e-20, 3e-20, 2e-20, 2e-20, -1
-0.996397, -0.265865, 0.746556, 0.05, -0.0651031, 0.0617906, 0.248894, 0.264584, 1003.2, 5116.87, 10, 2e-20, 3e-20, 2e-20, 2e-20, -1
-0.998079, -0.319412, 0.729258, 0.05, 0.00568118, 0.0295467, 0.0993214, 0.103779, 1003.65, 5838.57, 10, 2e-20, 3e-20, 2e-20, 2e-20, -1
-0.996959, -0.284087, 0.798689, 0.05, -0.0354651, 0.0926232, 0.117273, 0.15359, 999.658, -546.624, 10, 2e-20, 3e-20, 2e-20, 2e-20, -1
-0.996734, -0.092686, 0.971648, 0.05, 0.0519533, 0.124625, -0.000405619, 0.135022, 1010.23, 16360.2, 10, 2e-20, 3e-20, 2e-20, 2e-20, -1
-0.993561, -0.245424, 1.02612, 0.05, -0.0249699, 0.218933, 0.351758, 0.415077, 1004.55, 7280.4, 10, 2e-20, 3e-20, 2e-20, 2e-20, -1
-0.999722, -0.103064, 1.05984, 0.05, -0.119468, -0.0834923, 0.186979, 0.237075, 1006.93, 11095.8, 10, 2e-20, 3e-20, 2e-20, 2e-20, -1
-0.945209, -0.172765, 0.968279, 0.05, 0.119114, -0.0497178, -0.0285981, 0.132204, 1003.31, 5303.96, 10, 2e-20, 3e-20, 2e-20, 2e-20, -1
-0.997715, -0.087391, 1.12148, 0.05, -0.0557218, -0.246555, -0.0428034, 0.256371, 1004.1, 6556.17, 10, 2e-20, 3e-20, 2e-20, 2e-20, -1
-0.992192, -0.217982, 1.19182, 0.05, -0.0914532, 0.0624008, -0.0537355, 0.123065, 1007.34, 11750.2, 10, 2e-20, 3e-20, 2e-20, 2e-20, -1
-0.919406, -0.203321, 0.91657, 0.05, 0.126291, -0.140496, -0.126093, 0.22713, 1001.05, 1680.63, 10, 2e-20, 3e-20, 2e-20, 2e-20, -1
-0.980497, -0.0751979, 1.25365, 0.05, 0.281307, -0.389554, 0.124395, 0.496347, 997.885, -3383.37, 10, 2e-20, 3e-20, 2e-20, 2e-20, -1
-0.972394, -0.297596, 1.26961, 0.05, 0.0223326, -0.000517573, 0.0161782, 0.0275816, 1002.51, 4012.5, 10, 2e-20, 3e-20, 2e-20, 2e-20, -1
-0.996343, -0.181743, 1.01668, 0.05, -0.0345124, -0.366213, 0.177529, 0.408435, 1002.57, 4118.93, 10, 2e-20, 3e-20, 2e-20, 2e-20, -1
-0.970105, -0.24825, 1.25756, 0.05, 0.27097, 0.0525946, 0.0616614, 0.28283, 1006.7, 10712.6, 10, 2e-20, 3e-20, 2e-20, 2e-20, -1
-0.968642, -0.198016, 1.12364, 0.05, -0.180668, -0.249984, -0.0965241, 0.323187, 1009.81, 15691.7, 10, 2e-20, 3e-20, 2e-20, 2e-20, -1
-0.943354, -0.181996, 1.15847, 0.05, 0.125066, -0.174822, 0.0600507, 0.223182, 997.535, -3943.81, 10, 2e-20, 3e-20, 2e-20, 2e-20, -1
-0.820152, -0.129685, 1.30564, 0.05, -0.0271342, 0.0204018, -0.295372, 0.297316, 997.106, -4630.63, 10, 2e-20, 3e-20, 2e-20, 2e-20, -1
-0.949573, -0.206414, 1.22843, 0.05, -0.0649029, -0.177279, 0.222697, 0.291949, 1002.02, 3225.35, 10, 2e-20, 3e-20, 2e-20, 2e-20, -1
-0.952918, -0.206654, 1.30084, 0.05, 0.177211, -0.127321, 0.0264806, 0.219808, 998.606, -2230.94, 10, 2e-20, 3e-20, 2e-20, 2e-20, -1
-0.980953, -0.11915, 1.35436, 0.05, 0.12179, 0.0852164, 0.15279, 0.213165, 997.16, -4543.51, 10, 2e-20, 3e-20, 2e-20, 2e-20, -1
-0.825137, -0.190933, 1.28887, 0.05, 0.021636, -0.0641812, -0.0901605, 0.112766, 1003.12, 4984.66, 10, 2e-20, 3e-20, 2e-20, 2e-20, -1
-0.746925, -0.116333, 1.21992, 0.05, -0.0100026, -0.185207, 0.0235211, 0.186962, 1001.31, 2101.54, 10, 2e-20, 3e-20, 2e-20, 2e-20, -1
-0.890767, -0.218533, 1.32878, 0.05, -0.0490679, -0.17254, -0.0217506, 0.180696, 994.012, -9580.93, 10, 2e-20, 3e-20, 2e-20, 2e-20, -1
-1.02008, -0.160979, 2.30144, 0.05, 0.00725554, -0.0282984, -0.311253, 0.312621, 1000.01, 11.0911, 10, 2e-20, 3e-20, 2e-20, 2e-20, -1
-0.664012, -0.148364, 1.21638, 0.05, -0.0691774, -0.0151503, -0.0922315, 0.116283, 1003.66, 5855.09, 10, 2e-20, 3e-20, 2e-20, 2e-20, -1
-0.947273, -0.191196, 1.25952, 0.05, -0.125711, -0.340462, -0.20395, 0.41631, 1003.28, 5249.26, 10, 2e-20, 3e-20, 2e-20, 2e-20, -1
-0.876751, -0.102282, 1.29797, 0.05, 0.276066, -0.149997, -0.0712948, 0.322171, 998.052, -3116.57, 10, 2e-20, 3e-20, 2e-20, 2e-20, -1
-0.681755, -0.10183, 1.23644, 0.05, 0.10638, -0.0307691, -0.153619, 0.189373, 1004.58, 7327.09, 10, 2e-20, 3e-20, 2e-20, 2e-20, -1
-0.786343, -0.116572, 1.19654, 0.05, 0.0692817, -0.126182, -0.191452, 0.239532, 1004.24, 6787.21, 10, 2e-20, 3e-20, 2e-20, 2e-20, -1
-0.644252, -0.108837, 1.23862, 0.05, 0.33876, -0.197954, -0.0576339, 0.396567, 1001.66, 2652.16, 10, 2e-20, 3e-20, 2e-20, 2e-20, -1
-0.993824, -0.106127, 1.30828, 0.05, 0.376691, 0.0582891, -0.084564, 0.390441, 999.345, -1047.58, 10, 2e-20, 3e-20, 2e-20, 2e-20, -1
-0.721516, -0.105963, 1.21472, 0.05, 0.310941, -0.253301, -0.180402, 0.439762, 997.033, -4747, 10, 2e-20, 3e-20, 2e-20, 2e-20, -1
-0.610993, -0.122184, 1.31751, 0.05, 0.281138, -0.113273, -0.186055, 0.355648, 1003.04, 4868.66, 10, 2e-20, 3e-20, 2e-20, 2e-20, -1
-0.450246, 0.26105, 1.3649, 0.05, 0.0692915, -0.0942012, 0.0693874, 0.135977, 1002.25, 3607.21, 10, 2e-20, 3e-20, 2e-20, 2e-20, -1
-0.64715, -0.118853, 1.3327, 0.05, 0.165101, 0.0833187, -0.21911, 0.286722, 1000.39, 617.631, 10, 2e-20, 3e-20, 2e-20, 2e-20, -1
-0.529329, -0.240437, 1.40217, 0.05, 0.354882, -0.0644598, -0.131855, 0.384034, 996.434, -5706.29, 10, 2e-20, 3e-20, 2e-20, 2e-20, -1
-0.66347, -0.250715, 1.365, 0.05, 0.291982, -0.0537223, -0.149544, 0.33242, 1003.13, 5012.9, 10, 2e-20, 3e-20, 2e-20, 2e-20, -1
-0.720641, -0.260547, 1.36753, 0.05, 0.127893, -0.0421168, -0.388748, 0.411407, 1011.41, 18263.6, 10, 2e-20, 3e-20, 2e-20, 2e-20, -1
-0.488516, 0.328668, 1.39867, 0.05, 0.13694, -0.361137, -0.278773, 0.476326, 1004.03, 6445.25, 10, 2e-20, 3e-20, 2e-20, 2e-20, -1
-0.992613, -0.308003, 0.173075, 0.05, 0.0441757, 0.0987825, -0.0973765, 0.145574, 1013.78, 22055.1, 10, 2e-20, 3e-20, 2e-20, 2e-20, -1
-0.991357, -0.255701, 0.152321, 0.05, 0.0361899, 0.0173606, 0.168063, 0.17279, 1024.01, 38408.4, 10, 2e-20, 3e-20, 2e-20, 2e-20, -1
-0.997121, -0.137979, 0.322969, 0.05, -0.0492197, 0.121557, -0.168576, 0.21358, 1004.31, 6894.54, 10, 2e-20, 3e-20, 2e-20, 2e-20, -1
-0.995706, -0.20271, 0.327837, 0.05, 0.0168746, 0.272437, 0.0433336, 0.276377, 1013.82, 22111, 10, 2e-20, 3e-20, 2e-20, 2e-20, -1
-0.997126, -0.0959045, 0.352809, 0.05, 0.00900336, 0.0377935, -0.0982599, 0.105662, 1015.29, 24464.2, 10, 2e-20, 3e-20, 2e-20, 2e-20, -1
-0.994096, -0.260445, 0.303685, 0.05, -0.0138067, 0.0555315, 0.0579448, 0.0814369, 1021.3, 34076, 10, 2e-20, 3e-20, 2e-20, 2e-20, -1
-0.996232, -0.159104, 0.374544, 0.05, -0.0304708, 0.0312754, 0.0145304, 0.046019, 1005.91, 9463.69, 10, 2e-20, 3e-20, 2e-20, 2e-20, -1
-0.99449, -0.113119, 0.46865, 0.05, -0.067843, 0.031453, -0.124117, 0.144904, 1012.57, 20108, 10, 2e-20, 3e-20, 2e-20, 2e-20, -1
-0.996958, -0.164568, 0.442324, 0.05, -0.0228173, 0.230381, -0.102082, 0.253015, 1018.08, 28929.3, 10, 2e-20, 3e-20, 2e-20, 2e-20, -1
-0.99387, -0.209606, 0.530131, 0.05, -0.113253, 0.0346758, 0.110034, 0.161667, 1012.95, 20721, 10, 2e-20, 3e-20, 2e-20, 2e-20, -1
-0.99443, -0.150994, 0.503418, 0.05, -0.033318, 0.156395, 0.000438218, 0.159905, 1009.26, 14809.2, 10, 2e-20, 3e-20, 2e-20, 2e-20, -1
-0.995561, -0.157688, 0.663451, 0.05, -0.0507872, 0.0298875, -0.0776575, 0.0974849, 1012.12, 19387.8, 10, 2e-20, 3e-20, 2e-20, 2e-20, -1
-0.999533, -0.0989612, 0.544574, 0.05, 0.0162003, -0.132974, -0.119433, 0.179468, 1010, 15998, 10, 2e-20, 3e-20, 2e-20, 2e-20, -1
-0.995966, -0.155835, 0.558509, 0.05, 0.00434211, -0.15864, 0.0780081, 0.176836, 1006.08, 9728.73, 10, 2e-20, 3e-20, 2e-20, 2e-20, -1
-0.992856, -0.21077, 0.69023, 0.05, -0.0657262, 0.114038, 0.238789, 0.272663, 1010.51, 16821.8, 10, 2e-20, 3e-20, 2e-20, 2e-20, -1
-0.99454, -0.160644, 0.610079, 0.05, 0.0351491, 0.21377, -0.0842236, 0.232436, 1010.47, 16757.9, 10, 2e-20, 3e-20, 2e-20, 2e-20, -1
-0.993118, -0.321748, 0.851337, 0.05, -0.0499786, -0.0423043, 0.0625448, 0.0905504, 1007.84, 12543.8, 10, 2e-20, 3e-20, 2e-20, 2e-20, -1
-1.00039, -0.155549, 0.780491, 0.05, 0.0297967, -0.113423, 0.180608, 0.215341, 996.377, -5797.37, 10, 2e-20, 3e-20, 2e-20, 2e-20, -1
-0.996385, -0.107709, 0.796929, 0.05, -0.0239179, 0.171246, 0.0321985, 0.17588, 1006.64, 10616.2, 10, 2e-20, 3e-20, 2e-20, 2e-20, -1
-0.993996, -0.194908, 0.92268, 0.05, -0.0236111, 0.00603833, -0.10518, 0.107966, 1001.43, 2284, 10, 2e-20, 3e-20, 2e-20, 2e-20, -1
-0.998857, -0.209862, 0.978606, 0.05, -0.11964, 0.0249232, 0.121667, 0.172446, 1001.27, 2032.5, 10, 2e-20, 3e-20, 2e-20, 2e-20, -1
-0.998275, -0.149784, 0.964474, 0.05, 0.0747784, -0.14225, -0.165229, 0.230494, 1006.5, 10398.6, 10, 2e-20, 3e-20, 2e-20, 2e-20, -1
-0.992436, -0.15091, 0.90212, 0.05, 0.00767682, -0.00226016, -0.0597779, 0.0603112, 1001.45, 2316.24, 10, 2e-20, 3e-20, 2e-20, 2e-20, -1
-0.995052, -0.0649644, 1.17728, 0.05, 0.144272, -0.229447, 0.114774, 0.294335, 995.169, -7730.28, 10, 2e-20, 3e-20, 2e-20, 2e-20, -1
-0.960526, -0.122725, 0.934122, 0.05, -0.0286435, -0.153848, -0.131492, 0.204401, 1004.03, 6449.88, 10, 2e-20, 3e-20, 2e-20, 2e-20, -1
-0.991914, -0.165865, 1.06404, 0.05, -0.0957051, -0.525306, 0.123166, 0.547974, 1004.85, 7763.13, 10, 2e-20, 3e-20, 2e-20, 2e-20, -1
-0.997575, -0.123296, 1.17146, 0.05, -0.0602521, 0.130324, 0.0251712, 0.145768, 1003.52, 5634.09, 10, 2e-20, 3e-20, 2e-20, 2e-20, -1
-0.997142, -0.140328, 1.10506, 0.05, -0.213445, -0.251557, -0.0151876, 0.330258, 1000.88, 1410.1, 10, 2e-20, 3e-20, 2e-20, 2e-20, -1
-0.960364, -0.141037, 1.1362, 0.05, 0.00603853, -0.160937, -0.0240989, 0.162843, 1000.27, 431.452, 10, 2e-20, 3e-20, 2e-20, 2e-20, -1
-0.917767, -0.119803, 1.12543, 0.05, 0.176922, -0.0754365, -0.0286814, 0.19446, 1000.24, 383.776, 10, 2e-20, 3e-20, 2e-20, 2e-20, -1
-1.00291, -0.140905, 1.36362, 0.05, 0.0931973, -0.27142, -0.105631, 0.305798, 996.783, -5147.73, 10, 2e-20, 3e-20, 2e-20, 2e-20, -1
-0.949201, -0.12104, 1.09373, 0.05, -0.0549596, -0.184105, 0.136424, 0.235641, 1002.6, 4160.82, 10, 2e-20, 3e-20, 2e-20, 2e-20, -1
-0.994419, -0.0590484, 1.34841, 0.05, 0.0246125, -0.102072, -0.36238, 0.377285, 996.764, -5177.89, 10, 2e-20, 3e-20, 2e-20, 2e-20, -1
-0.977389, -0.0613975, 1.30078, 0.05, -0.018236, -0.163958, 0.0785072, 0.182697, 998.696, -2086.86, 10, 2e-20, 3e-20, 2e-20, 2e-20, -1
-0.923939, -0.130161, 1.25427, 0.05, 0.233519, -0.11448, 0.0503574, 0.264901, 991.568, -13490.6, 10, 2e-20, 3e-20, 2e-20, 2e-20, -1
-0.866031, -0.0506388, 1.29534, 0.05, -0.00553383, -0.0572849, 0.0307086, 0.0652319, 1004.64, 7431.21, 10, 2e-20, 3e-20, 2e-20, 2e-20, -1
-0.88201, -0.14791, 1.32993, 0.05, 0.0830395, 0.0101427, -0.249922, 0.263551, 995.098, -7842.81, 10, 2e-20, 3e-20, 2e-20, 2e-20, -1
-0.911168, -0.156634, 1.33172, 0.05, 0.0571929, -0.160624, -0.0561482, 0.17951, 1002.68, 4294.18, 10, 2e-20, 3e-20, 2e-20, 2e-20, -1
-0.958939, -0.0528205, 1.33028, 0.05, 0.00251278, -0.0416091, 0.566562, 0.568094, 999.302, -1116.55, 10, 2e-20, 3e-20, 2e-20, 2e-20, -1
-0.395667, -0.357054, 1.44538, 0.05, 0.118095, -0.130085, 0.202561, 0.268141, 998.745, -2008.65, 10, 2e-20, 3e-20, 2e-20, 2e-20, -1
-0.79473, -0.128203, 1.35135, 0.05, 0.182119, 0.157929, -0.216763, 0.324183, 1005.63, 9013.52, 10, 2e-20, 3e-20, 2e-20, 2e-20, -1
-0.925473, -0.190817, 1.3317, 0.05, 0.118059, 0.0414737, -0.229678, 0.261552, 998.851, -1838.73, 10, 2e-20, 3e-20, 2e-20, 2e-20, -1
-1.05184, -0.00825197, 1.36771, 0.05, 0.502304, 0.18089, 0.0787155, 0.539654, 983.003, -27194.9, 10, 2e-20, 3e-20, 2e-20, 2e-20, -1
-0.80287, -0.0463101, 1.31673, 0.05, 0.202703, -0.0677608, 0.160505, 0.267286, 994.295, -9128.03, 10, 2e-20, 3e-20, 2e-20, 2e-20, -1
-0.970261, -0.206207, 1.32054, 0.05, 0.0897374, 0.0081511, 0.332385, 0.344383, 999.321, -1085.82, 10, 2e-20, 3e-20, 2e-20, 2e-20, -1
-0.934635, -0.128911, 1.35601, 0.05, -0.0279748, 0.0175534, -0.0499182, 0.0598543, 992.346, -12246.2, 10, 2e-20, 3e-20, 2e-20, 2e-20, -1
-0.762829, -0.341453, 1.40423, 0.05, 0.182621, -0.376216, -0.108584, 0.432064, 1004.32, 6919.65, 10, 2e-20, 3e-20, 2e-20, 2e-20, -1
-0.831109, -0.196023, 1.37075, 0.05, 0.281475, -0.109526, -0.0746663, 0.311126, 1000.9, 1439.49, 10, 2e-20, 3e-20, 2e-20, 2e-20, -1
-0.788667, -0.105176, 1.30462, 0.05, 0.112046, 0.0219002, -0.100867, 0.152342, 1000.82, 1306.56, 10, 2e-20, 3e-20, 2e-20, 2e-20, -1
-0.636355, -0.143032, 1.34396, 0.05, 0.100816, -0.0566784, 0.0234348, 0.118006, 1000.95, 1526, 10, 2e-20, 3e-20, 2e-20, 2e-20, -1
-0.770287, -0.293484, 1.34527, 0.05, 0.144624, 0.172082, -0.155395, 0.273269, 999.657, -548.345, 10, 2e-20, 3e-20, 2e-20, 2e-20, -1
-0.996266, -0.141944, 0.173061, 0.05, 0.168866, 0.101388, 0.0542157, 0.204291, 1015.81, 25299.7, 10, 2e-20, 3e-20, 2e-20, 2e-20, -1
-0.993571, -0.0754151, 0.0617851, 0.05, -0.1042, -0.0175709, -0.156978, 0.189231, 1016.49, 26383.7, 10, 2e-20, 3e-20, 2e-20, 2e-20, -1
-0.99774, -0.0849107, 0.154502, 0.05, 0.181654, 0.0121625, 0.316159, 0.364832, 1007.86, 12568.1, 10, 2e-20, 3e-20, 2e-20, 2e-20, -1
-0.993797, -0.102165, 0.221458, 0.05, 0.106112, 0.0629019, 0.115829, 0.169212, 1023.36, 37383.3, 10, 2e-20, 3e-20, 2e-20, 2e-20, -1
-0.996777, -0.117174, 0.411413, 0.05, -0.0717047, -0.0240667, 0.0180432, 0.0777582, 1006.71, 10740.7, 10, 2e-20, 3e-20, 2e-20, 2e-20, -1
-0.994954, -0.0851006, 0.286207, 0.05, -0.0535425, -0.0906416, 0.103449, 0.147596, 1015.78, 25248, 10, 2e-20, 3e-20, 2e-20, 2e-20, -1
-0.969571, -0.0618801, 0.372167, 0.05, 0.215048, 0.0707228, 0.0663625, 0.235905, 1001.64, 2623, 10, 2e-20, 3e-20, 2e-20, 2e-20, -1
-0.997997, -0.0594668, 0.418301, 0.05, 0.156906, -0.0465363, -0.000480235, 0.163663, 1012.24, 19585.6, 10, 2e-20, 3e-20, 2e-20, 2e-20, -1
-0.995666, -0.0618626, 0.482039, 0.05, -0.0277035, -0.0146395, 0.0309333, 0.0440304, 1008.56, 13693.7, 10, 2e-20, 3e-20, 2e-20, 2e-20, -1
-0.993569, 0.0765011, 0.545999, 0.05, -0.0786826, -0.0731738, 0.0833577, 0.135992, 1017.5, 28000.8, 10, 2e-20, 3e-20, 2e-20, 2e-20, -1
-0.995676, -0.104722, 0.608996, 0.05, -0.0136319, -0.00993804, 0.158378, 0.159274, 1011.04, 17663.8, 10, 2e-20, 3e-20, 2e-20, 2e-20, -1
-0.992419, -0.222966, 1.07752, 0.05, -0.0410019, -0.0010198, 0.150313, 0.155809, 1013.79, 22069.4, 10, 2e-20, 3e-20, 2e-20, 2e-20, -1
-0.996269, -0.0498564, 0.647289, 0.05, -0.029724, 0.167326, -0.17477, 0.243774, 1006, 9606.76, 10, 2e-20, 3e-20, 2e-20, 2e-20, -1
-0.995037, -0.161956, 0.72318, 0.05, -0.00257188, 0.0341423, 0.0679479, 0.0760869, 1009.42, 15068.7, 10, 2e-20, 3e-20, 2e-20, 2e-20, -1
-0.993393, -0.159289, 0.843586, 0.05, -0.0064664, -0.0265137, 0.19017, 0.192119, 998.5, -2399.49, 10, 2e-20, 3e-20, 2e-20, 2e-20, -1
-0.994289, -0.212922, 0.869834, 0.05, -0.0306111, 0.211131, 0.106567, 0.238474, 1004.23, 6770.84, 10, 2e-20, 3e-20, 2e-20, 2e-20, -1
-0.993165, -0.10118, 0.855138, 0.05, -0.0802168, -0.022799, 0.00721983, 0.0837057, 1008.27, 13228.6, 10, 2e-20, 3e-20, 2e-20, 2e-20, -1
-0.995961, -0.170524, 1.19097, 0.05, -0.0107217, -0.350757, 0.016147, 0.351292, 1002.61, 4173.2, 10, 2e-20, 3e-20, 2e-20, 2e-20, -1
-0.998844, -0.124726, 1.0181, 0.05, -0.107867, -0.135652, -0.0668809, 0.185768, 1010.66, 17049.3, 10, 2e-20, 3e-20, 2e-20, 2e-20, -1
-0.993525, -0.0578256, 1.01051, 0.05, 0.104081, -0.145433, -0.0773163, 0.194837, 1010.39, 16631.5, 10, 2e-20, 3e-20, 2e-20, 2e-20, -1
-0.994418, 0.0588598, 1.12339, 0.05, -0.0466176, -0.0621175, 0.126183, 0.148168, 1008, 12794.9, 10, 2e-20, 3e-20, 2e-20, 2e-20, -1
-0.99622, -0.0507916, 1.06636, 0.05, -0.031344, -0.123681, -0.162358, 0.206494, 1002.78, 4455.8, 10, 2e-20, 3e-20, 2e-20, 2e-20, -1
-0.998787, -0.099829, 1.22338, 0.05, 0.255947, -0.103216, 0.304789, 0.411167, 997.376, -4198.15, 10, 2e-20, 3e-20, 2e-20, 2e-20, -1
-0.95571, -0.149148, 1.21476, 0.05, 0.0908077, -0.305636, -0.167875, 0.360335, 997.162, -4540.83, 10, 2e-20, 3e-20, 2e-20, 2e-20, -1
-0.995924, -0.0208496, 1.14592, 0.05, 0.199368, 0.175466, 0.155895, 0.30796, 1001.55, 2478.88, 10, 2e-20, 3e-20, 2e-20, 2e-20, -1
-1.00056, -0.0224751, 1.10577, 0.05, 0.0455204, 0.0365757, -0.0132096, 0.0598697, 999.164, -1337.39, 10, 2e-20, 3e-20, 2e-20, 2e-20, -1
-0.995578, -0.028563, 1.24172, 0.05, 0.11767, -0.252901, 0.174196, 0.328861, 996.082, -6268.25, 10, 2e-20, 3e-20, 2e-20, 2e-20, -1
-0.985457, -0.00679883, 1.36386, 0.05, 0.234814, -0.149697, -0.0540266, 0.283665, 994.982, -8029.49, 10, 2e-20, 3e-20, 2e-20, 2e-20, -1
-0.689493, -0.164446, 1.32058, 0.05, 0.0485471, 0.105862, -0.00195347, 0.116479, 1000.09, 147.346, 10, 2e-20, 3e-20, 2e-20, 2e-20, -1
-0.959511, -0.0671316, 1.12752, 0.05, 0.0508031, -0.0770392, 0.158035, 0.183006, 1017.57, 28110.1, 10, 2e-20, 3e-20, 2e-20, 2e-20, -1
-0.925335, -0.0831812, 1.27239, 0.05, -0.095556, 0.197802, 0.127262, 0.253874, 1005.33, 8532.41, 10, 2e-20, 3e-20, 2e-20, 2e-20, -1
-0.950964, -0.00671173, 1.18845, 0.05, 0.130979, -0.178171, -0.153852, 0.26939, 987.995, -19208, 10, 2e-20, 3e-20, 2e-20, 2e-20, -1
-0.912836, 0.00931637, 1.36444, 0.05, 0.270089, -0.0954612, -0.234825, 0.37041, 1002.6, 4160.53, 10, 2e-20, 3e-20, 2e-20, 2e-20, -1
-0.860528, -0.0343923, 1.09578, 0.05, 0.0419114, -0.0373909, -0.0127097, 0.0575863, 1006.09, 9751.97, 10, 2e-20, 3e-20, 2e-20, 2e-20, -1
-0.896594, -0.0477841, 1.25719, 0.05, 0.104149, 0.12149, 0.0363572, 0.1641, 1000.52, 838.451, 10, 2e-20, 3e-20, 2e-20, 2e-20, -1
-1.00805, -0.00307126, 1.33719, 0.05, 0.281535, 0.0982378, -0.148432, 0.333084, 991.232, -14029.1, 10, 2e-20, 3e-20, 2e-20, 2e-20, -1
-0.919309, -0.0923377, 1.31715, 0.05, 0.0717196, 0.0393379, -0.052298, 0.0970889, 1000.89, 1416.76, 10, 2e-20, 3e-20, 2e-20, 2e-20, -1
-0.860393, -0.10918, 1.34777, 0.05, 0.152961, 0.105792, -0.0703861, 0.198855, 1009.95, 15922.4, 10, 2e-20, 3e-20, 2e-20, 2e-20, -1
-0.910714, 0.0141204, 1.19519, 0.05, -0.0701315, -0.0673447, 0.0843378, 0.128711, 1009.86, 15782.9, 10, 2e-20, 3e-20, 2e-20, 2e-20, -1
-0.749366, -0.33286, 1.26829, 0.05, 0.286239, 0.125667, -0.268789, 0.412277, 999.429, -914.109, 10, 2e-20, 3e-20, 2e-20, 2e-20, -1
-0.77458, -0.0387172, 1.20949, 0.05, 0.0497429, -0.145497, -0.0370594, 0.158168, 1000.21, 339.444, 10, 2e-20, 3e-20, 2e-20, 2e-20, -1
-0.948743, 0.0221969, 1.33155, 0.05, 0.297468, 0.0188273, 0.170716, 0.343491, 993.853, -9835.74, 10, 2e-20, 3e-20, 2e-20, 2e-20, -1
-0.845386, 0.0198965, 1.24731, 0.05, -0.0236872, -0.106432, -0.0890692, 0.140791, 991.084, -14266.3, 10, 2e-20, 3e-20, 2e-20, 2e-20, -1
-0.445359, 0.0701144, 1.34033, 0.05, 0.161207, -0.088729, 0.0284827, 0.186204, 1005.41, 8655.02, 10, 2e-20, 3e-20, 2e-20, 2e-20, -1
-0.843326, -0.0956261, 1.34853, 0.05, 0.0798917, 0.274738, -0.0791199, 0.296856, 993.246, -10805.7, 10, 2e-20, 3e-20, 2e-20, 2e-20, -1
-0.750411, -0.188779, 1.36959, 0.05, 0.232468, -0.176088, -0.273889, 0.400079, 998.692, -2093.04, 10, 2e-20, 3e-20, 2e-20, 2e-20, -1
-0.511066, 0.173864, 1.35598, 0.05, 0.137067, -0.0487692, 0.167274, 0.22169, 1001.37, 2190.98, 10, 2e-20, 3e-20, 2e-20, 2e-20, -1
-1.00424, -0.0709275, 1.37396, 0.05, 0.305635, 0.0862061, -0.661015, 0.733338, 1003.02, 4832.9, 10, 2e-20, 3e-20, 2e-20, 2e-20, -1
-0.436107, 0.137389, 1.34438, 0.05, 0.129519, -0.0989794, 0.163171, 0.230645, 1002.2, 3521.07, 10, 2e-20, 3e-20, 2e-20, 2e-20, -1
-0.9801, -0.134698, 1.25986, 0.05, -0.0286245, -0.026468, -0.114886, 0.121321, 1013.15, 21042.8, 10, 2e-20, 3e-20, 2e-20, 2e-20, -1
-0.755841, -0.0408103, 1.3436, 0.05, 0.219608, 0.0300822, -0.0890541, 0.23888, 1002.73, 4369.44, 10, 2e-20, 3e-20, 2e-20, 2e-20, -1
-0.994381, 0.0464069, 0.0584822, 0.05, -0.216236, 0.0394497, -0.103273, 0.242857, 1024.5, 39201.2, 10, 2e-20, 3e-20, 2e-20, 2e-20, -1
-0.992951, -0.0128393, 0.0611692, 0.05, -0.0564381, 0.1792, -0.160245, 0.246934, 1021.76, 34817.8, 10, 2e-20, 3e-20, 2e-20, 2e-20, -1
-0.995245, 0.153947, 0.109375, 0.05, -0.179049, 0.44482, 0.262557, 0.54668, 1015.75, 25196.9, 10, 2e-20, 3e-20, 2e-20, 2e-20, -1
-0.995444, 0.0925811, 0.114733, 0.05, -0.119838, 0.245841, 0.0635629, 0.280783, 1025, 39999.3, 10, 2e-20, 3e-20, 2e-20, 2e-20, -1
-0.994787, 0.0934576, 0.417123, 0.05, 0.17554, 0.174915, -0.0330785, 0.250007, 1012.9, 20644, 10, 2e-20, 3e-20, 2e-20, 2e-20, -1
-0.998289, 0.0792721, 0.229259, 0.05, -0.0705831, 0.104743, 0.175756, 0.216433, 1015.51, 24819.8, 10, 2e-20, 3e-20, 2e-20, 2e-20, -1
-0.996014, 0.044491, 0.437721, 0.05, -0.0546537, 0.0277871, -0.00862745, 0.061916, 1008.02, 12832, 10, 2e-20, 3e-20, 2e-20, 2e-20, -1
-0.993298, 0.0712257, 0.488524, 0.05, -0.0817891, 0.081398, 0.023537, 0.117767, 1024.06, 38495.8, 10, 2e-20, 3e-20, 2e-20, 2e-20, -1
-0.998749, 0.0155361, 0.515503, 0.05, -0.0728752, 0.0115494, -0.0102611, 0.0744948, 1008.94, 14299.2, 10, 2e-20, 3e-20, 2e-20, 2e-20, -1
-0.997194, 0.0941461, 0.596855, 0.05, 0.01477, -0.05243, -0.364628, 0.368674, 1015.25, 24406.7, 10, 2e-20, 3e-20, 2e-20, 2e-20, -1
-1.00103, 0.0191113, 0.576631, 0.05, -0.122235, 0.0740302, -0.0606731, 0.155252, 1009.24, 14781, 10, 2e-20, 3e-20, 2e-20, 2e-20, -1
-0.993787, 0.245487, 0.807162, 0.05, 0.0651383, 0.00866007, -0.103666, 0.122738, 995.003, -7994.69, 10, 2e-20, 3e-20, 2e-20, 2e-20, -1
-0.996587, 0.00199929, 0.640222, 0.05, -0.0309841, -0.0654615, 0.144154, 0.161325, 1001.54, 2459.15, 10, 2e-20, 3e-20, 2e-20, 2e-20, -1
-0.993609, 0.0250987, 0.754445, 0.05, -0.137959, 0.231782, -0.122909, 0.296415, 1006.69, 10703.4, 10, 2e-20, 3e-20, 2e-20, 2e-20, -1
-0.997114, 0.0239962, 0.696101, 0.05, -0.0864847, 0.109574, -0.0681833, 0.155355, 1002.79, 4470.52, 10, 2e-20, 3e-20, 2e-20, 2e-20, -1
-0.996833, -0.0542724, 0.811722, 0.05, 0.00604643, -0.0178564, 0.0117226, 0.0221998, 1010.39, 16626.9, 10, 2e-20, 3e-20, 2e-20, 2e-20, -1
-0.996377, 0.0549809, 0.801266, 0.05, 0.0957086, -0.0478946, -0.0443798, 0.11586, 1008.59, 13746.5, 10, 2e-20, 3e-20, 2e-20, 2e-20, -1
-0.953655, 0.0437674, 0.657896, 0.05, 0.0470161, -0.30997, 0.10465, 0.33052, 996.751, -5198.12, 10, 2e-20, 3e-20, 2e-20, 2e-20, -1
-0.997211, 2.14601e-05, 0.811197, 0.05, 0.101643, -0.0712669, 0.211072, 0.244871, 1002.72, 4345.54, 10, 2e-20, 3e-20, 2e-20, 2e-20, -1
-0.99922, -0.103574, 0.910306, 0.05, 0.0655866, -0.298624, -0.0975119, 0.320915, 1007.27, 11637.9, 10, 2e-20, 3e-20, 2e-20, 2e-20, -1
-0.995376, 0.155068, 0.944614, 0.05, 0.182041, -0.0722031, -0.216075, 0.291617, 993.76, -9983.51, 10, 2e-20, 3e-20, 2e-20, 2e-20, -1
-0.99485, -0.0474981, 0.869667, 0.05, 0.0490554, 0.0320056, -0.161052, 0.171372, 1011.68, 18684.3, 10, 2e-20, 3e-20, 2e-20, 2e-20, -1
-0.992702, 0.0831961, 1.07058, 0.05, -0.097887, 0.0884031, -0.349466, 0.373529, 1000.02, 36.6739, 10, 2e-20, 3e-20, 2e-20, 2e-20, -1
-0.997698, 0.034514, 0.960532, 0.05, 0.104714, 0.168011, -0.0107139, 0.198261, 1003.06, 4899.58, 10, 2e-20, 3e-20, 2e-20, 2e-20, -1
-1.00425, -0.00414227, 1.03136, 0.05, 0.0298612, -0.165496, 0.0413686, 0.173182, 1002.56, 4091.6, 10, 2e-20, 3e-20, 2e-20, 2e-20, -1
-0.998182, 0.0803526, 1.17902, 0.05, 0.0297797, 0.0215147, 0.0892693, 0.0965335, 1005.98, 9563.94, 10, 2e-20, 3e-20, 2e-20, 2e-20, -1
-0.994888, 0.091088, 0.967066, 0.05, 0.0610537, -0.0924523, -0.201049, 0.229556, 999.987, -21.1407, 10, 2e-20, 3e-20, 2e-20, 2e-20, -1
-1.00021, 0.0608499, 1.02169, 0.05, -0.0217945, 0.129381, 0.144189, 0.194949, 1002.96, 4735.71, 10, 2e-20, 3e-20, 2e-20, 2e-20, -1
-0.963035, 0.00680757, 1.24884, 0.05, 0.383483, 0.352998, 0.244942, 0.575902, 1004.13, 6613.5, 10, 2e-20, 3e-20, 2e-20, 2e-20, -1
-0.947383, 0.0556629, 1.03184, 0.05, -0.151158, 0.0512262, 0.0240436, 0.161403, 1001.01, 1610.82, 10, 2e-20, 3e-20, 2e-20, 2e-20, -1
-0.950672, -0.0655263, 1.20066, 0.05, 0.201592, -0.142191, 0.124263, 0.276222, 1000.44, 701.873, 10, 2e-20, 3e-20, 2e-20, 2e-20, -1
-0.998514, 0.0342289, 1.21231, 0.05, -0.141845, 0.243029, -0.00550603, 0.281449, 1007.82, 12511.1, 10, 2e-20, 3e-20, 2e-20, 2e-20, -1
-1.00481, -0.0255683, 1.29348, 0.05, 0.0448725, 0.089742, 0.305974, 0.322005, 1009.54, 15256.7, 10, 2e-20, 3e-20, 2e-20, 2e-20, -1
-0.951431, -0.0461563, 1.29336, 0.05, 0.301075, -0.100606, -0.135396, 0.345108, 998.827, -1877.27, 10, 2e-20, 3e-20, 2e-20, 2e-20, -1
-0.935123, 0.0419338, 1.26969, 0.05, 0.206986, -0.0232344, -0.101925, 0.231887, 1007.18, 11486.1, 10, 2e-20, 3e-20, 2e-20, 2e-20, -1
-0.919258, -0.0125012, 1.25057, 0.05, 0.181284, 0.0363091, 0.0327478, 0.187762, 994.655, -8552.63, 10, 2e-20, 3e-20, 2e-20, 2e-20, -1
-1.00419, 0.131726, 1.34162, 0.05, 0.477227, -0.251915, 0.273447, 0.604963, 1009.52, 15233.4, 10, 2e-20, 3e-20, 2e-20, 2e-20, -1
-0.980274, 0.0233959, 1.31836, 0.05, -0.114869, 0.0351944, -0.129171, 0.176405, 1006.98, 11168.3, 10, 2e-20, 3e-20, 2e-20, 2e-20, -1
-0.929394, -0.0157057, 1.30287, 0.05, 0.32843, -0.13116, -0.0491701, 0.357053, 1000.7, 1116.56, 10, 2e-20, 3e-20, 2e-20, 2e-20, -1
-0.757755, -0.0026131, 1.30322, 0.05, 0.280602, -0.0446723, -0.185042, 0.339078, 1002.99, 4784.85, 10, 2e-20, 3e-20, 2e-20, 2e-20, -1
-0.829328, 0.116016, 1.33858, 0.05, 0.426549, -0.313233, -0.218985, 0.572725, 1007.27, 11633.6, 10, 2e-20, 3e-20, 2e-20, 2e-20, -1
-0.812422, 0.0976477, 1.25208, 0.05, 0.0366136, -0.155417, -0.155121, 0.222615, 998.984, -1626.02, 10, 2e-20, 3e-20, 2e-20, 2e-20, -1
-0.653583, 0.156823, 1.33519, 0.05, 0.10687, -0.128515, -0.206117, 0.26537, 988.184, -18906.3, 10, 2e-20, 3e-20, 2e-20, 2e-20, -1
-0.814019, 0.01379, 1.28911, 0.05, 0.195422, -0.082977, 0.0366469, 0.215448, 1008.64, 13822.5, 10, 2e-20, 3e-20, 2e-20, 2e-20, -1
-0.622624, -0.00784317, 1.33648, 0.05, 0.0523372, -0.0623629, 0.00526997, 0.0815849, 992.897, -11364.6, 10, 2e-20, 3e-20, 2e-20, 2e-20, -1
-0.751486, -0.0840104, 1.34683, 0.05, 0.18957, 0.064316, -0.0326713, 0.202832, 1003.79, 6063.59, 10, 2e-20, 3e-20, 2e-20, 2e-20, -1
-0.43988, 0.0645817, 1.26778, 0.05, 0.152554, -0.136138, 0.140748, 0.248226, 997.444, -4089.9, 10, 2e-20, 3e-20, 2e-20, 2e-20, -1
-0.877095, 0.0595705, 1.32488, 0.05, 0.337065, -0.142927, -0.0419725, 0.368515, 987.353, -20234.9, 10, 2e-20, 3e-20, 2e-20, 2e-20, -1
-0.936939, 0.0700832, 1.34136, 0.05, -0.0901708, -0.0907666, -0.235166, 0.267717, 1003.38, 5415.11, 10, 2e-20, 3e-20, 2e-20, 2e-20, -1
-0.875125, -0.00742146, 1.33497, 0.05, 0.158334, -0.0375969, 0.167548, 0.233571, 998.001, -3198.1, 10, 2e-20, 3e-20, 2e-20, 2e-20, -1
-0.906374, -0.0556803, 1.3367, 0.05, 0.189872, 0.00245156, -0.25713, 0.319646, 999.064, -1497.39, 10, 2e-20, 3e-20, 2e-20, 2e-20, -1
-0.995927, 0.234783, 0.115914, 0.05, 0.0546113, -0.0587417, -0.106354, 0.133207, 1020.47, 32747, 10, 2e-20, 3e-20, 2e-20, 2e-20, -1
-0.991366, 0.209313, 0.0636551, 0.05, 0.229618, 0.262503, 0.263474, 0.437093, 1034.84, 55751.9, 10, 2e-20, 3e-20, 2e-20, 2e-20, -1
-0.99666, 0.0528371, 0.16595, 0.05, 0.070796, 0.218037, 0.187949, 0.29644, 1008.87, 14190.8, 10, 2e-20, 3e-20, 2e-20, 2e-20, -1
-0.991606, 0.344587, 0.403791, 0.05, 0.113729, 0.0421759, -0.25747, 0.284612, 1015.22, 24357.7, 10, 2e-20, 3e-20, 2e-20, 2e-20, -1
-0.993921, 0.130664, 0.263955, 0.05, 0.139063, -0.117603, 0.00538653, 0.182203, 999.425, -920.673, 10, 2e-20, 3e-20, 2e-20, 2e-20, -1
-0.996483, 0.204195, 0.383675, 0.05, 0.0458562, -0.164252, -0.131126, 0.215118, 1018.19, 29111.4, 10, 2e-20, 3e-20, 2e-20, 2e-20, -1
-1.00095, 0.143875, 0.387946, 0.05, 0.119336, 0.142911, -0.313522, 0.364638, 1004.88, 7800.05, 10, 2e-20, 3e-20, 2e-20, 2e-20, -1
-0.996358, 0.127909, 0.459817, 0.05, 0.0586883, -0.127538, 0.138527, 0.19723, 1001.08, 1728.98, 10, 2e-20, 3e-20, 2e-20, 2e-20, -1
-0.997994, 0.193112, 0.506007, 0.05, -0.148101, 0.111184, -0.0705284, 0.198167, 1009.64, 15418.5, 10, 2e-20, 3e-20, 2e-20, 2e-20, -1
-0.996786, 0.129873, 0.516563, 0.05, -0.34683, -0.0310702, -0.249285, 0.428252, 1014.46, 23140.7, 10, 2e-20, 3e-20, 2e-20, 2e-20, -1
-0.99714, 0.149116, 0.563207, 0.05, -0.287686, 0.104789, -0.135164, 0.334684, 1009.21, 14731.5, 10, 2e-20, 3e-20, 2e-20, 2e-20, -1
-0.998146, 0.150444, 0.609018, 0.05, -0.0398731, 0.00288765, -0.24485, 0.248093, 1014.84, 23750.1, 10, 2e-20, 3e-20, 2e-20, 2e-20, -1
-0.994601, 0.205556, 0.620017, 0.05, -0.0825906, -0.0408621, -0.138692, 0.166512, 1013.19, 21101.8, 10, 2e-20, 3e-20, 2e-20, 2e-20, -1
-1.00314, 0.278038, 0.587222, 0.05, 0.0532355, -0.170339, 0.184916, 0.256989, 1003.2, 5121.14, 10, 2e-20, 3e-20, 2e-20, 2e-20, -1
-0.996589, 0.408673, 0.972854, 0.05, 0.0155844, -0.241546, 0.522441, 0.575788, 1009.73, 15564.5, 10, 2e-20, 3e-20, 2e-20, 2e-20, -1
-0.998433, 0.252774, 0.641311, 0.05, -0.097095, 0.139607, -0.040719, 0.174858, 996.678, -5315.9, 10, 2e-20, 3e-20, 2e-20, 2e-20, -1
-0.992641, 0.198163, 0.676075, 0.05, 0.0530047, 0.0834175, 0.374878, 0.387687, 1002.38, 3811.86, 10, 2e-20, 3e-20, 2e-20, 2e-20, -1
-0.998256, 0.0678652, 0.645427, 0.05, -0.0962194, -0.247242, -0.00159758, 0.26531, 1001.92, 3071.95, 10, 2e-20, 3e-20, 2e-20, 2e-20, -1
-0.994065, 0.211963, 0.85112, 0.05, 0.0288427, -0.0587982, -0.116695, 0.133817, 1006.31, 10090.9, 10, 2e-20, 3e-20, 2e-20, 2e-20, -1
-0.993968, 0.268496, 0.868292, 0.05, -0.121504, -0.040211, -0.208113, 0.244318, 1005.19, 8298.21, 10, 2e-20, 3e-20, 2e-20, 2e-20, -1
-0.99566, 0.0701427, 0.859894, 0.05, 0.0332545, 0.119734, 0.114924, 0.169262, 1005.09, 8147.12, 10, 2e-20, 3e-20, 2e-20, 2e-20, -1
-0.990316, 0.103951, 0.911555, 0.05, 0.0693048, 0.15339, 0.10853, 0.200276, 1011.11, 17781, 10, 2e-20, 3e-20, 2e-20, 2e-20, -1
-1.00078, 0.143803, 0.866388, 0.05, 0.110653, -0.164896, -0.0143642, 0.1991, 1003.74, 5981.26, 10, 2e-20, 3e-20, 2e-20, 2e-20, -1
-0.994427, 0.215245, 0.969228, 0.05, -0.0483787, -0.0931346, -0.0428198, 0.113349, 1012.51, 20021.2, 10, 2e-20, 3e-20, 2e-20, 2e-20, -1
-0.997162, 0.265693, 1.15715, 0.05, 0.442134, -0.244391, -0.585179, 0.773075, 1015.29, 24466.3, 10, 2e-20, 3e-20, 2e-20, 2e-20, -1
-0.996342, 0.142077, 1.06739, 0.05, -0.13584, 0.271625, 0.0770216, 0.313313, 1007.9, 12647, 10, 2e-20, 3e-20, 2e-20, 2e-20, -1
-0.831276, -0.173762, 1.33947, 0.05, 0.123014, -0.0541904, -0.0565676, 0.145839, 991.126, -14197.7, 10, 2e-20, 3e-20, 2e-20, 2e-20, -1
-1.00298, 0.195292, 1.02729, 0.05, 0.0832118, -0.449194, 0.10198, 0.468081, 1005.48, 8760.24, 10, 2e-20, 3e-20, 2e-20, 2e-20, -1
-1.00132, 0.115587, 1.12796, 0.05, -0.171206, 0.29101, -0.00212037, 0.337643, 1005.37, 8588.59, 10, 2e-20, 3e-20, 2e-20, 2e-20, -1
-0.985604, 0.107189, 1.21681, 0.05, 0.162827, -0.410237, 0.0791038, 0.448402, 989.547, -16725.5, 10, 2e-20, 3e-20, 2e-20, 2e-20, -1
-0.995412, 0.0269838, 1.15871, 0.05, 0.0975747, 0.0471439, 0.336265, 0.353295, 1011.53, 18449.1, 10, 2e-20, 3e-20, 2e-20, 2e-20, -1
-0.950365, 0.118306, 1.29204, 0.05, 0.426324, -0.340045, -0.476797, 0.724374, 1000.57, 918.897, 10, 2e-20, 3e-20, 2e-20, 2e-20, -1
-0.94343, 0.0606837, 1.22205, 0.05, 0.0857446, -0.0609966, 0.20069, 0.226603, 998.991, -1614.55, 10, 2e-20, 3e-20, 2e-20, 2e-20, -1
-0.988069, 0.0693212, 1.24568, 0.05, 0.199502, -0.274568, -0.138553, 0.366587, 997.763, -3579.91, 10, 2e-20, 3e-20, 2e-20, 2e-20, -1
-0.751938, -0.303963, 1.38336, 0.05, 0.407081, -0.149462, 0.119979, 0.449943, 1007.21, 11543.5, 10, 2e-20, 3e-20, 2e-20, 2e-20, -1
-0.991174, 0.0989342, 1.35766, 0.05, 0.202016, -0.7552, -0.10249, 0.788443, 991.096, -14245.9, 10, 2e-20, 3e-20, 2e-20, 2e-20, -1
-0.818589, -0.0408042, 1.35339, 0.05, 0.320049, -0.165335, -0.195795, 0.410003, 998.349, -2641.36, 10, 2e-20, 3e-20, 2e-20, 2e-20, -1
-1.0018, 0.0248594, 1.28125, 0.05, -0.0826143, -0.0790705, 0.241019, 0.266773, 997.083, -4667.56, 10, 2e-20, 3e-20, 2e-20, 2e-20, -1
-0.78778, 0.116007, 1.29342, 0.05, 0.0488098, -0.349803, -0.156424, 0.386281, 1003.41, 5452.27, 10, 2e-20, 3e-20, 2e-20, 2e-20, -1
-0.917019, 0.0694966, 1.30835, 0.05, 0.237626, -0.294018, 0.0608517, 0.382904, 1002.73, 4370.23, 10, 2e-20, 3e-20, 2e-20, 2e-20, -1
-0.830983, 0.0651607, 1.26052, 0.05, 0.126165, -0.0671191, -0.149624, 0.206906, 1003.03, 4855.57, 10, 2e-20, 3e-20, 2e-20, 2e-20, -1
-0.756815, 0.218486, 1.32142, 0.05, 0.0437982, -0.49431, -0.071438, 0.501362, 999.471, -847.019, 10, 2e-20, 3e-20, 2e-20, 2e-20, -1
-0.865289, 0.27888, 1.31298, 0.05, 0.384386, -0.128089, -0.165531, 0.437676, 992.052, -12716.1, 10, 2e-20, 3e-20, 2e-20, 2e-20, -1
-0.85317, 0.122941, 1.21993, 0.05, 0.280968, -0.131392, -0.136877, 0.339031, 1001.81, 2900.85, 10, 2e-20, 3e-20, 2e-20, 2e-20, -1
-0.603625, 0.308118, 1.3483, 0.05, 0.00106111, -0.212072, -0.414851, 0.465915, 998.207, -2869.55, 10, 2e-20, 3e-20, 2e-20, 2e-20, -1
-0.683819, 0.200843, 1.25152, 0.05, -0.0150874, -0.211447, -0.0910152, 0.230697, 1007.1, 11364.9, 10, 2e-20, 3e-20, 2e-20, 2e-20, -1
-0.435577, 0.0233662, 1.25107, 0.05, 0.0502732, -0.134033, 0.24125, 0.280524, 994.995, -8007.53, 10, 2e-20, 3e-20, 2e-20, 2e-20, -1
-0.696993, 0.138651, 1.33217, 0.05, 0.0567759, 0.00149449, 0.0937544, 0.109616, 1003.1, 4957.5, 10, 2e-20, 3e-20, 2e-20, 2e-20, -1
-0.458532, 0.0630349, 1.28051, 0.05, 0.0178754, -0.114289, 0.212356, 0.241819, 996.471, -5646.16, 10, 2e-20, 3e-20, 2e-20, 2e-20, -1
-0.853826, 0.0338085, 1.32896, 0.05, 0.313907, 0.0360817, -0.311558, 0.443743, 1006.77, 10829.8, 10, 2e-20, 3e-20, 2e-20, 2e-20, -1
-0.78231, 0.0267623, 1.32657, 0.05, 0.159517, -0.0786837, 0.0519367, 0.185295, 998.942, -1692.51, 10, 2e-20, 3e-20, 2e-20, 2e-20, -1
-0.997163, 0.330188, 0.184958, 0.05, -0.209222, -0.0680457, 0.306249, 0.377085, 1013.52, 21624.7, 10, 2e-20, 3e-20, 2e-20, 2e-20, -1
-0.994392, 0.382098, 0.239043, 0.05, -0.202979, 0.232677, -0.0302338, 0.310247, 1006.18, 9880.26, 10, 2e-20, 3e-20, 2e-20, 2e-20, -1
-0.995708, 0.353895, 0.350025, 0.05, 0.0250671, -0.0636406, -0.103518, 0.124074, 1008.47, 13559.4, 10, 2e-20, 3e-20, 2e-20, 2e-20, -1
-0.994487, 0.388749, 0.307535, 0.05, -0.112708, 0.012248, -0.0153495, 0.114406, 1034.85, 55754.7, 10, 2e-20, 3e-20, 2e-20, 2e-20, -1
-0.99546, 0.290181, 0.389863, 0.05, 0.0815471, 0.336117, -0.0615239, 0.351297, 1024.77, 39633.5, 10, 2e-20, 3e-20, 2e-20, 2e-20, -1
-0.993843, 0.4328, 0.707768, 0.05, 0.0572602, 0.220905, -0.17218, 0.285874, 1006.22, 9955.98, 10, 2e-20, 3e-20, 2e-20, 2e-20, -1
-0.998771, 0.175524, 0.438471, 0.05, -0.106013, 0.108833, -0.225337, 0.271772, 1010.48, 16764.4, 10, 2e-20, 3e-20, 2e-20, 2e-20, -1
-0.996538, 0.33481, 0.562129, 0.05, 0.143547, 0.0837629, 0.382857, 0.417375, 997.01, -4783.44, 10, 2e-20, 3e-20, 2e-20, 2e-20, -1
-0.997388, 0.338626, 0.779781, 0.05, 0.0268704, -0.0542009, 0.0302857, 0.0676534, 994.395, -8967.35, 10, 2e-20, 3e-20, 2e-20, 2e-20, -1
-0.994111, 0.302854, 0.824284, 0.05, 0.0244856, -0.158479, -0.165876, 0.230716, 1010.79, 17258.6, 10, 2e-20, 3e-20, 2e-20, 2e-20, -1
-0.99456, 0.209725, 0.568852, 0.05, -0.0560711, 0.145542, -0.0314989, 0.159118, 1006.28, 10044.9, 10, 2e-20, 3e-20, 2e-20, 2e-20, -1
-0.994274, 0.251397, 0.527963, 0.05, -0.0305193, 0.0336127, -0.170728, 0.176661, 1005.93, 9491.8, 10, 2e-20, 3e-20, 2e-20, 2e-20, -1
-0.99455, 0.254036, 0.700964, 0.05, 0.0506, -0.0127622, 0.127041, 0.137341, 1008.97, 14346.9, 10, 2e-20, 3e-20, 2e-20, 2e-20, -1
-0.957073, 0.383763, 1.36068, 0.05, -0.0177604, -0.35609, -0.0611757, 0.361743, 996.931, -4910.7, 10, 2e-20, 3e-20, 2e-20, 2e-20, -1
-0.218685, -0.461497, 1.43857, 0.05, -0.106422, -0.119537, 0.759831, 0.776504, 998.898, -1763.86, 10, 2e-20, 3e-20, 2e-20, 2e-20, -1
-0.997875, 0.323897, 0.886507, 0.05, 0.0178018, -0.0527374, 0.0488261, 0.0740413, 1006.66, 10655.2, 10, 2e-20, 3e-20, 2e-20, 2e-20, -1
-0.999403, 0.345327, 1.16877, 0.05, 0.286373, 0.636065, 0.108307, 0.705916, 1014.12, 22594.5, 10, 2e-20, 3e-20, 2e-20, 2e-20, -1
-1.00203, 0.442523, 1.23393, 0.05, 0.0726391, -0.336924, -0.11682, 0.363924, 1002.11, 3369.04, 10, 2e-20, 3e-20, 2e-20, 2e-20, -1
-0.994589, 0.273469, 0.983704, 0.05, 0.13073, 0.131416, -0.212051, 0.281649, 1008.12, 12996.3, 10, 2e-20, 3e-20, 2e-20, 2e-20, -1
-0.995791, 0.409112, 1.28168, 0.05, -0.345899, 0.550587, 0.857003, 1.07575, 972.132, -44588.3, 10, 2e-20, 3e-20, 2e-20, 2e-20, -1
-0.99276, 0.306705, 1.05677, 0.05, 0.0575084, -0.0551238, 0.187484, 0.203706, 1001.58, 2524, 10, 2e-20, 3e-20, 2e-20, 2e-20, -1
-0.928346, 0.356987, 1.25128, 0.05, 1.11533, -0.0238787, -0.0723239, 1.11793, 990.813, -14699.6, 10, 2e-20, 3e-20, 2e-20, 2e-20, -1
-0.993939, 0.188129, 0.905028, 0.05, 0.0338419, -0.154492, -0.0719636, 0.173758, 1003.34, 5351.84, 10, 2e-20, 3e-20, 2e-20, 2e-20, -1
-0.989312, 0.261286, 1.02991, 0.05, -0.0567357, -0.0478045, 0.0706814, 0.10247, 1009.8, 15683.3, 10, 2e-20, 3e-20, 2e-20, 2e-20, -1
-0.994743, 0.181721, 1.09096, 0.05, -0.153226, -0.37854, 0.032701, 0.409683, 995.098, -7843.17, 10, 2e-20, 3e-20, 2e-20, 2e-20, -1
-0.993053, 0.344519, 1.11233, 0.05, 0.0114699, 0.559536, -0.0984951, 0.568255, 985.729, -22833.7, 10, 2e-20, 3e-20, 2e-20, 2e-20, -1
-0.853025, 0.473259, 1.37907, 0.05, 0.215865, -0.0764131, -0.284545, 0.365243, 1006.28, 10044.5, 10, 2e-20, 3e-20, 2e-20, 2e-20, -1
-0.993427, 0.225398, 1.06228, 0.05, -0.0960959, -0.546291, 0.363485, 0.663167, 1002.52, 4034.34, 10, 2e-20, 3e-20, 2e-20, 2e-20, -1
-0.999131, 0.14969, 1.26411, 0.05, 0.652516, -0.191511, 0.198175, 0.708327, 1019.48, 31174.4, 10, 2e-20, 3e-20, 2e-20, 2e-20, -1
-0.956435, 0.155142, 1.24583, 0.05, 0.549393, -0.64674, -0.131987, 0.858793, 993.268, -10771.1, 10, 2e-20, 3e-20, 2e-20, 2e-20, -1
-1.01242, 0.166425, 1.31453, 0.05, 0.88371, 0.235183, 0.987268, 1.34572, 1037.92, 60667.8, 10, 2e-20, 3e-20, 2e-20, 2e-20, -1
-0.997117, 0.080498, 1.29246, 0.05, -0.101211, -0.293388, -0.153661, 0.346312, 985.531, -23149.9, 10, 2e-20, 3e-20, 2e-20, 2e-20, -1
-0.940546, 0.113757, 1.19447, 0.05, -0.0755712, -0.51475, 0.0209249, 0.520689, 1001.24, 1988.49, 10, 2e-20, 3e-20, 2e-20, 2e-20, -1
-0.971401, 0.232228, 1.2108, 0.05, 1.44947, 0.0427073, -0.16257, 1.45918, 981.364, -29816.8, 10, 2e-20, 3e-20, 2e-20, 2e-20, -1
-0.93982, 0.355116, 1.19262, 0.05, 0.142728, -0.0360856, -0.682746, 0.698438, 987.017, -20772.5, 10, 2e-20, 3e-20, 2e-20, 2e-20, -1
-0.918216, 0.0962511, 1.26018, 0.05, 0.0302167, -0.29641, -0.170822, 0.343442, 1003.28, 5251.31, 10, 2e-20, 3e-20, 2e-20, 2e-20, -1
-0.85707, 0.0948039, 1.2606, 0.05, 0.0706141, -0.188114, -0.151523, 0.251659, 1007.16, 11459.5, 10, 2e-20, 3e-20, 2e-20, 2e-20, -1
-0.847464, 0.238169, 1.20455, 0.05, 0.196888, -0.0124453, -0.270521, 0.334815, 1001.36, 2178.48, 10, 2e-20, 3e-20, 2e-20, 2e-20, -1
-0.906171, 0.212063, 1.26327, 0.05, 0.267001, -0.34271, -0.0251375, 0.435169, 1005.29, 8469.82, 10, 2e-20, 3e-20, 2e-20, 2e-20, -1
-0.900445, 0.15383, 1.23605, 0.05, 0.182634, -0.0974601, 0.283205, 0.350797, 1010.21, 16337.3, 10, 2e-20, 3e-20, 2e-20, 2e-20, -1
-0.529599, 0.253354, 1.34987, 0.05, 0.299291, -0.204118, -0.30654, 0.474559, 1002.19, 3511.65, 10, 2e-20, 3e-20, 2e-20, 2e-20, -1
-0.855104, 0.322564, 1.22099, 0.05, 0.136515, 0.033099, -0.12706, 0.18941, 991.624, -13401.9, 10, 2e-20, 3e-20, 2e-20, 2e-20, -1
-0.981029, 0.494831, 1.40917, 0.05, -0.265748, 0.299766, -0.444179, 0.598144, 1012.72, 20345.1, 10, 2e-20, 3e-20, 2e-20, 2e-20, -1
-0.706594, 0.287545, 1.3376, 0.05, 0.0853572, -0.0557007, -0.18177, 0.208396, 996.595, -5447.29, 10, 2e-20, 3e-20, 2e-20, 2e-20, -1
-0.92175, 0.288046, 1.29577, 0.05, -0.106753, -0.491821, -0.181154, 0.534884, 1006.72, 10753.8, 10, 2e-20, 3e-20, 2e-20, 2e-20, -1
-0.708586, 0.174746, 1.24643, 0.05, 0.0706371, -0.190758, 0.0366219, 0.206686, 994.342, -9052.11, 10, 2e-20, 3e-20, 2e-20, 2e-20, -1
-0.598243, 0.224599, 1.24156, 0.05, 0.0797839, 0.089339, -0.350142, 0.370063, 1009.29, 14857.5, 10, 2e-20, 3e-20, 2e-20, 2e-20, -1
-0.80764, 0.0843952, 1.29848, 0.05, 0.211528, -0.240177, -0.276562, 0.422985, 1000.2, 312.093, 10, 2e-20, 3e-20, 2e-20, 2e-20, -1
-0.65047, 0.250097, 1.30442, 0.05, 0.0327562, -0.0599961, -0.198918, 0.210335, 998.169, -2930.18, 10, 2e-20, 3e-20, 2e-20, 2e-20, -1
-0.751523, 0.151603, 1.31815, 0.05, 0.15225, -0.205262, 0.0348933, 0.257935, 992.961, -11262.7, 10, 2e-20, 3e-20, 2e-20, 2e-20, -1
-0.608346, 0.264928, 1.24993, 0.05, 0.0878643, -0.00567171, -0.251656, 0.266614, 1008.36, 13376.5, 10, 2e-20, 3e-20, 2e-20, 2e-20, -1
-0.993981, 0.392434, 0.180394, 0.05, -0.414748, 0.469808, 0.254932, 0.676554, 1022.55, 36083.8, 10, 2e-20, 3e-20, 2e-20, 2e-20, -1
-0.992982, 0.439565, 0.15037, 0.05, -0.252051, 0.0868952, 0.405303, 0.48513, 1039.83, 63720.3, 10, 2e-20, 3e-20, 2e-20, 2e-20, -1
-1.00036, 0.445255, 0.21544, 0.05, 0.318288, -0.133713, -0.215726, 0.407092, 1015.88, 25408.3, 10, 2e-20, 3e-20, 2e-20, 2e-20, -1
-0.998461, 0.438882, 0.340089, 0.05, 0.0758903, 0.099368, -0.0373556, 0.130494, 1009.16, 14660.5, 10, 2e-20, 3e-20, 2e-20, 2e-20, -1
-1.00037, 0.364564, 0.496048, 0.05, 0.198714, 0.283107, -0.206938, 0.403063, 1016.37, 26195.3, 10, 2e-20, 3e-20, 2e-20, 2e-20, -1
-0.998401, 0.448285, 0.652166, 0.05, -0.0999748, -0.0429288, -0.221398, 0.246688, 1001.84, 2939.74, 10, 2e-20, 3e-20, 2e-20, 2e-20, -1
-0.995921, 0.402295, 0.379679, 0.05, 0.136935, 0.0754106, -0.129831, 0.20321, 1007.56, 12101.5, 10, 2e-20, 3e-20, 2e-20, 2e-20, -1
-0.996357, 0.390151, 0.551651, 0.05, 0.00277395, 0.310711, 0.0301088, 0.312179, 1010.69, 17112, 10, 2e-20, 3e-20, 2e-20, 2e-20, -1
-0.995963, 0.326928, 0.452146, 0.05, 0.0394567, 0.0431968, -0.132778, 0.145096, 1006.18, 9892.06, 10, 2e-20, 3e-20, 2e-20, 2e-20, -1
-0.999534, 0.402135, 0.60931, 0.05, -0.0495496, 0.049066, 0.176029, 0.189338, 1002.54, 4066.04, 10, 2e-20, 3e-20, 2e-20, 2e-20, -1
-0.996786, 0.313182, 0.72868, 0.05, 0.116318, -0.0170788, -0.0856245, 0.145441, 1011.12, 17792.5, 10, 2e-20, 3e-20, 2e-20, 2e-20, -1
-0.996209, 0.341113, 0.622118, 0.05, 0.127021, -0.00600267, 0.150854, 0.1973, 1010.84, 17347.9, 10, 2e-20, 3e-20, 2e-20, 2e-20, -1
-0.998473, 0.385181, 0.66583, 0.05, 0.0362455, 0.0874445, -0.296197, 0.310954, 1005.92, 9469.29, 10, 2e-20, 3e-20, 2e-20, 2e-20, -1
-0.995621, 0.305418, 0.667113, 0.05, 0.021765, 0.144782, 0.124135, 0.191951, 1003.92, 6273.83, 10, 2e-20, 3e-20, 2e-20, 2e-20, -1
-0.995307, 0.428996, 1.0702, 0.05, 0.0755568, -0.254582, 0.0293628, 0.267176, 998.235, -2823.66, 10, 2e-20, 3e-20, 2e-20, 2e-20, -1
-0.999614, 0.378671, 0.916642, 0.05, 0.0779919, -0.264288, -0.133478, 0.306182, 1010.79, 17261.6, 10, 2e-20, 3e-20, 2e-20, 2e-20, -1
-0.997001, 0.269074, 0.759823, 0.05, -0.162106, -0.103967, 0.0805047, 0.208731, 1002.89, 4619.97, 10, 2e-20, 3e-20, 2e-20, 2e-20, -1
-0.988575, 0.493277, 1.25414, 0.05, 0.166035, -0.182964, 0.798026, 0.835398, 1013.66, 21863.1, 10, 2e-20, 3e-20, 2e-20, 2e-20, -1
-0.994841, 0.399487, 1.02183, 0.05, 0.114069, -0.00750476, -0.0853908, 0.142687, 999.556, -710.269, 10, 2e-20, 3e-20, 2e-20, 2e-20, -1
-1.00971, 0.450433, 1.38383, 0.05, 0.123683, 0.137856, 0.258847, 0.318283, 1010.36, 16576.7, 10, 2e-20, 3e-20, 2e-20, 2e-20, -1
-1.00101, 0.340412, 1.00029, 0.05, -0.152547, 0.0217787, 0.0566185, 0.164166, 1005.82, 9317.35, 10, 2e-20, 3e-20, 2e-20, 2e-20, -1
-0.917898, 0.256922, 1.25317, 0.05, 0.35373, -0.187381, 0.12673, 0.419878, 1012.33, 19723.4, 10, 2e-20, 3e-20, 2e-20, 2e-20, -1
-0.998702, 0.492388, 1.35376, 0.05, 0.180961, 0.0293948, -0.748487, 0.770612, 983.829, -25873.5, 10, 2e-20, 3e-20, 2e-20, 2e-20, -1
-0.935326, 0.387173, 1.12717, 0.05, -0.336667, -0.114509, -0.421729, 0.551645, 996.41, -5743.31, 10, 2e-20, 3e-20, 2e-20, 2e-20, -1
-0.955313, 0.375147, 1.06706, 0.05, 0.00173043, 0.1177, -0.0571756, 0.130864, 1010.84, 17340.9, 10, 2e-20, 3e-20, 2e-20, 2e-20, -1
-0.999086, 0.363562, 1.06144, 0.05, -0.0559344, 0.0274107, 0.131127, 0.14517, 1001.36, 2183.21, 10, 2e-20, 3e-20, 2e-20, 2e-20, -1
-0.994217, 0.256217, 1.10118, 0.05, 0.275757, -0.0161288, 0.132115, 0.306196, 1008.71, 13938.7, 10, 2e-20, 3e-20, 2e-20, 2e-20, -1
-0.975639, 0.399183, 1.20609, 0.05, 0.18356, 0.398409, -0.685491, 0.813832, 1009.61, 15380.1, 10, 2e-20, 3e-20, 2e-20, 2e-20, -1
-0.861202, 0.257868, 1.2926, 0.05, 0.209025, -0.307321, -0.0743747, 0.379038, 1000.62, 998.083, 10, 2e-20, 3e-20, 2e-20, 2e-20, -1
-0.9473, 0.297238, 1.25947, 0.05, 0.124467, -0.319391, 0.0907101, 0.354586, 985.577, -23076.4, 10, 2e-20, 3e-20, 2e-20, 2e-20, -1
-0.966976, 0.267537, 1.23024, 0.05, 0.0725646, 0.597064, 0.393092, 0.718521, 985.268, -23571.1, 10, 2e-20, 3e-20, 2e-20, 2e-20, -1
-0.941655, 0.208076, 1.23906, 0.05, 0.591118, -0.297653, -0.153686, 0.679439, 995.551, -7118.43, 10, 2e-20, 3e-20, 2e-20, 2e-20, -1
-0.967819, 0.28802, 1.1932, 0.05, 0.351369, 0.16458, -0.209679, 0.441036, 1007.49, 11982.8, 10, 2e-20, 3e-20, 2e-20, 2e-20, -1
-0.946532, 0.205727, 1.20096, 0.05, 0.77787, -0.400337, -0.158175, 0.889028, 1001.21, 1941.47, 10, 2e-20, 3e-20, 2e-20, 2e-20, -1
-0.888537, 0.321571, 1.16503, 0.05, 0.0405365, -0.289619, -0.357121, 0.461582, 1014.99, 23980.6, 10, 2e-20, 3e-20, 2e-20, 2e-20, -1
-0.805846, 0.270033, 1.13419, 0.05, -0.207122, 0.068273, -0.164084, 0.272918, 1002.88, 4612.99, 10, 2e-20, 3e-20, 2e-20, 2e-20, -1
-0.801387, 0.396515, 1.34914, 0.05, 0.143467, -0.0564034, -0.203291, 0.25513, 1001.59, 2544.05, 10, 2e-20, 3e-20, 2e-20, 2e-20, -1
-0.920769, 0.332976, 1.2102, 0.05, 0.0829978, -0.239725, -0.667916, 0.714471, 982.01, -28784.3, 10, 2e-20, 3e-20, 2e-20, 2e-20, -1
-0.6981, 0.254246, 1.16051, 0.05, -0.144027, -0.228309, -0.385414, 0.470545, 1007.51, 12016.6, 10, 2e-20, 3e-20, 2e-20, 2e-20, -1
-0.821574, 0.235854, 1.25573, 0.05, 0.176275, -0.125345, -0.198029, 0.293257, 1002.94, 4708.64, 10, 2e-20, 3e-20, 2e-20, 2e-20, -1
-0.738014, 0.227742, 1.20501, 0.05, 0.185628, -0.603855, -0.516703, 0.816138, 1003.48, 5570.48, 10, 2e-20, 3e-20, 2e-20, 2e-20, -1
-0.964244, 0.250715, 1.23056, 0.05, 0.75513, 0.541314, -0.0163057, 0.929251, 1000.97, 1558.94, 10, 2e-20, 3e-20, 2e-20, 2e-20, -1
-0.674523, 0.28685, 1.17002, 0.05, 0.157995, 0.116019, -0.328944, 0.382919, 1001.48, 2365.97, 10, 2e-20, 3e-20, 2e-20, 2e-20, -1
-0.888209, 0.204668, 1.34998, 0.05, 1.50207, 0.118771, 0.357439, 1.54858, 986.625, -21400.3, 10, 2e-20, 3e-20, 2e-20, 2e-20, -1
-0.537725, 0.302682, 1.31219, 0.05, 0.164157, -0.286546, -0.144533, 0.36048, 1005.61, 8981.67, 10, 2e-20, 3e-20, 2e-20, 2e-20, -1
-0.688382, 0.15693, 1.26964, 0.05, 0.07363, -0.115503, 0.0436734, 0.14377, 1006.95, 11122.8, 10, 2e-20, 3e-20, 2e-20, 2e-20, -1
-0.864984, 0.331381, 1.33882, 0.05, 0.685461, -0.680881, -0.704584, 1.19578, 1005.44, 8708.11, 10, 2e-20, 3e-20, 2e-20, 2e-20, -1
-0.907854, 0.148309, 1.25218, 0.05, 0.287985, -0.0682131, -0.126168, 0.321725, 1006.91, 11048.9, 10, 2e-20, 3e-20, 2e-20, 2e-20, -1
-0.840254, 0.133883, 1.27628, 0.05, 0.197092, -0.0341437, -0.300005, 0.360575, 998.19, -2896.37, 10, 2e-20, 3e-20, 2e-20, 2e-20, -1
-1.02965, 0.036965, 1.36127, 0.05, -0.0217627, 0.403363, -0.310035, 0.509212, 1013.66, 21859.5, 10, 2e-20, 3e-20, 2e-20, 2e-20, -1
-0.657259, 0.280628, 1.33181, 0.05, 0.127099, -0.178944, -0.00318542, 0.219511, 1003.99, 6383.34, 10, 2e-20, 3e-20, 2e-20, 2e-20, -1
-0.994808, 0.491044, 0.242712, 0.05, -0.0953967, -0.168403, -0.109808, 0.222526, 1027.56, 44091.8, 10, 2e-20, 3e-20, 2e-20, 2e-20, -1
-0.99449, 0.491203, 0.963434, 0.05, -0.0208027, 0.173799, 0.340366, 0.382737, 996.3, -5919.91, 10, 2e-20, 3e-20, 2e-20, 2e-20, -1
-0.994615, 0.434282, 0.276196, 0.05, -0.220111, -0.123159, -0.144214, 0.290542, 1025.02, 40025.1, 10, 2e-20, 3e-20, 2e-20, 2e-20, -1
-0.995408, 0.445471, 0.421517, 0.05, -0.0514399, -0.0203528, -0.0723942, 0.091111, 1013.47, 21554, 10, 2e-20, 3e-20, 2e-20, 2e-20, -1
-0.993975, 0.389882, 0.439932, 0.05, 0.0158054, -0.0455026, -0.0299569, 0.0567248, 1012.16, 19456, 10, 2e-20, 3e-20, 2e-20, 2e-20, -1
-0.686524, -0.270805, 1.38685, 0.05, 0.110588, 0.13555, -0.209126, 0.272648, 1002.47, 3944.97, 10, 2e-20, 3e-20, 2e-20, 2e-20, -1
-0.990533, 0.48781, 0.900498, 0.05, 0.0987564, 0.053912, -0.0184114, 0.11401, 1013.07, 20915.7, 10, 2e-20, 3e-20, 2e-20, 2e-20, -1
-0.990875, 0.446763, 0.56207, 0.05, -0.0153263, 0.0760049, 0.171924, 0.188599, 1019.3, 30878.8, 10, 2e-20, 3e-20, 2e-20, 2e-20, -1
-1.04927, 0.429843, 1.53645, 0.05, -0.0448567, 0.0248939, -0.126402, 0.136416, 999.79, -336.538, 10, 2e-20, 3e-20, 2e-20, 2e-20, -1
-0.815104, 0.361448, 1.21554, 0.05, 0.482988, -0.385509, 0.125911, 0.630673, 990.284, -15545, 10, 2e-20, 3e-20, 2e-20, 2e-20, -1
-0.991347, 0.437922, 0.766743, 0.05, -0.0194417, 0.152412, -0.0106437, 0.154015, 1003.44, 5506.07, 10, 2e-20, 3e-20, 2e-20, 2e-20, -1
-1.00391, 0.421431, 0.87912, 0.05, 0.190424, -0.195687, -0.306126, 0.410205, 1007.88, 12611.5, 10, 2e-20, 3e-20, 2e-20, 2e-20, -1
-0.738612, 0.432281, 1.23206, 0.05, 0.26801, 0.0215037, -0.28323, 0.390527, 997.06, -4703.54, 10, 2e-20, 3e-20, 2e-20, 2e-20, -1
-0.97353, 0.444682, 1.28813, 0.05, 0.00927812, 0.321065, 0.250621, 0.407406, 972.848, -43442.7, 10, 2e-20, 3e-20, 2e-20, 2e-20, -1
-0.381708, -0.31221, 1.33645, 0.05, 0.0144124, -0.131822, 0.33499, 0.360282, 999.89, -175.942, 10, 2e-20, 3e-20, 2e-20, 2e-20, -1
-0.805869, 0.391141, 1.09885, 0.05, -0.0716028, -0.0609818, -0.0451462, 0.104326, 1013.36, 21377.8, 10, 2e-20, 3e-20, 2e-20, 2e-20, -1
-1.00937, 0.328791, 1.43009, 0.05, -0.770523, 0.210974, 0.737613, 1.08733, 995.345, -7448.59, 10, 2e-20, 3e-20, 2e-20, 2e-20, -1
-0.941925, 0.238332, 1.36834, 0.05, 1.00884, -0.391801, -0.763042, 1.3242, 1025.32, 40518.5, 10, 2e-20, 3e-20, 2e-20, 2e-20, -1
-0.545687, -0.50394, 2.75303, 0.05, 0.00570617, 0.00139047, -0.826844, 0.826865, 999.981, -30.3646, 10, 2e-20, 3e-20, 2e-20, 2e-20, -1
-0.821816, 0.437635, 1.25581, 0.05, 0.488327, 0.0815203, -0.113877, 0.508013, 982.026, -28758.5, 10, 2e-20, 3e-20, 2e-20, 2e-20, -1
-0.643666, 0.321858, 1.22698, 0.05, -0.0182907, -0.201433, -0.288687, 0.352491, 1005.04, 8069.98, 10, 2e-20, 3e-20, 2e-20, 2e-20, -1
-0.625818, -0.203772, 1.36325, 0.05, 0.362283, -0.00505634, -0.0156524, 0.362657, 996.037, -6341.56, 10, 2e-20, 3e-20, 2e-20, 2e-20, -1
-0.953872, 0.461861, 1.36013, 0.05, 0.171229, -0.189285, -0.0197808, 0.256006, 982.769, -27570.3, 10, 2e-20, 3e-20, 2e-20, 2e-20, -1
-0.769531, 0.315075, 1.18613, 0.05, 0.136519, 0.0234873, -0.392126, 0.415874, 1004.35, 6964.71, 10, 2e-20, 3e-20, 2e-20, 2e-20, -1
-0.580315, 0.321254, 1.23984, 0.05, 0.224285, -0.0926784, -0.190589, 0.308572, 1013.68, 21888, 10, 2e-20, 3e-20, 2e-20, 2e-20, -1
-1.02646, 0.404119, 1.59456, 0.05, -0.01405, 0.051958, -0.330616, 0.334968, 1000.2, 323.567, 10, 2e-20, 3e-20, 2e-20, 2e-20, -1
-0.64948, 0.335432, 1.22822, 0.05, -0.106376, -0.0443437, -0.213564, 0.242677, 1005.88, 9410.75, 10, 2e-20, 3e-20, 2e-20, 2e-20, -1
-0.726874, 0.46071, 1.37759, 0.05, 0.00196373, -0.279908, -0.368925, 0.463096, 1005.02, 8027.97, 10, 2e-20, 3e-20, 2e-20, 2e-20, -1
-0.956708, 0.213525, 1.31461, 0.05, 0.932964, -0.16282, -0.266282, 0.983787, 993.963, -9658.47, 10, 2e-20, 3e-20, 2e-20, 2e-20, -1
-0.963653, 0.214775, 1.33412, 0.05, 1.07466, -0.555858, 0.0886122, 1.21315, 1009.66, 15459.2, 10, 2e-20, 3e-20, 2e-20, 2e-20, -1
-0.978748, 0.158014, 1.36139, 0.05, -0.285465, 0.342293, -0.246175, 0.509173, 974.795, -40328.1, 10, 2e-20, 3e-20, 2e-20, 2e-20, -1
-0.387069, -0.503015, 2.10228, 0.05, 0.00832922, -0.00164787, -0.892107, 0.892147, 1000.06, 92.4257, 10, 2e-20, 3e-20, 2e-20, 2e-20, -1
-0.91241, 0.290382, 1.359, 0.05, -0.0632464, -0.30435, 0.383601, 0.49374, 1006.1, 9752.7, 10, 2e-20, 3e-20, 2e-20, 2e-20, -1
-0.676252, -0.172729, 1.25841, 0.05, 0.0550092, -0.126401, 0.15978, 0.211028, 999.625, -600.477, 10, 2e-20, 3e-20, 2e-20, 2e-20, -1
-0.744023, 0.270029, 1.16368, 0.05, 0.150396, -0.1551, -0.406162, 0.460047, 1006.37, 10188.6, 10, 2e-20, 3e-20, 2e-20, 2e-20, -1
-1.00854, -0.36023, 1.41749, 0.05, -0.0404472, -0.172355, 0.0740754, 0.19191, 1005.79, 9262.97, 10, 2e-20, 3e-20, 2e-20, 2e-20, -1
-0.673776, 0.345105, 1.35145, 0.05, 0.0489091, -0.122963, 0.149646, 0.199765, 997.232, -4428.73, 10, 2e-20, 3e-20, 2e-20, 2e-20, -1
-1.05785, 0.272743, 1.25774, 0.05, 2.13927, -0.139662, -0.790716, 2.285, 1155.07, 248120, 10, 2e-20, 3e-20, 2e-20, 2e-20, -1
-0.748941, 0.369665, 1.1321, 0.05, 0.122302, 0.165896, -0.142598, 0.250626, 992.831, -11469.9, 10, 2e-20, 3e-20, 2e-20, 2e-20, -1
-0.968003, -0.328771, 1.42997, 0.05, 0.112127, -0.0261171, -0.28916, 0.311236, 1001.33, 2126.03, 10, 2e-20, 3e-20, 2e-20, 2e-20, -1
-0.64224, 0.202293, 1.32712, 0.05, 0.0610954, -0.355366, 0.244497, 0.435656, 995.335, -7463.98, 10, 2e-20, 3e-20, 2e-20, 2e-20, -1
-0.778863, 0.403431, 1.25031, 0.05, 0.064986, -0.0961513, -0.394061, 0.410794, 1005.19, 8305.29, 10, 2e-20, 3e-20, 2e-20, 2e-20, -1
-0.804919, 0.310566, 1.25959, 0.05, 0.0831477, -0.30592, -0.22501, 0.388755, 1001.65, 2646.01, 10, 2e-20, 3e-20, 2e-20, 2e-20, -1
-0.795429, 0.326023, 1.23719, 0.05, 0.0306794, 0.130177, -0.461766, 0.480744, 994.631, -8589.81, 10, 2e-20, 3e-20, 2e-20, 2e-20, -1
-0.931792, 0.469169, 1.36835, 0.05, 0.0746858, 0.427078, 0.0540316, 0.436913, 1017.01, 27210.2, 10, 2e-20, 3e-20, 2e-20, 2e-20, -1
-0.785146, 0.312902, 1.20306, 0.05, 0.187633, 0.0146359, -0.413005, 0.453865, 996.829, -5073.86, 10, 2e-20, 3e-20, 2e-20, 2e-20, -1
-0.896178, 0.506406, 1.35275, 0.05, -0.0895909, 0.119377, 0.0520116, 0.158059, 997.1, -4639.7, 10, 2e-20, 3e-20, 2e-20, 2e-20, -1
-0.754627, 0.336748, 1.23388, 0.05, 0.111244, -0.0492516, -0.55014, 0.563431, 1002.06, 3297.19, 10, 2e-20, 3e-20, 2e-20, 2e-20, -1
-0.791076, 0.508287, 1.37175, 0.05, 0.212202, 0.107182, -0.191302, 0.305146, 1003.81, 6090.98, 10, 2e-20, 3e-20, 2e-20, 2e-20, -1
-0.572608, 0.321845, 1.348, 0.05, -0.242753, -0.464963, 0.013647, 0.524696, 998.071, -3085.87, 10, 2e-20, 3e-20, 2e-20, 2e-20, -1
-0.546039, 0.371568, 1.38875, 0.05, 0.040962, -0.187323, -0.187946, 0.268499, 981.673, -29322.9, 10, 2e-20, 3e-20, 2e-20, 2e-20, -1
-0.997244, 0.450144, 0.0562947, 0.05, 0.0306577, 0.0412102, 0.0537026, 0.0743111, 1026.16, 41862.1, 10, 2e-20, 3e-20, 2e-20, 2e-20, -1
-0.988564, 0.488031, 0.384851, 0.05, -0.193265, -0.310768, -0.262959, 0.450639, 1026.04, 41660.6, 10, 2e-20, 3e-20, 2e-20, 2e-20, -1
-0.986191, 0.489429, 0.721495, 0.05, 0.124771, 0.0629963, 0.0148032, 0.140554, 1007, 11202, 10, 2e-20, 3e-20, 2e-20, 2e-20, -1
-0.949463, 0.496906, 0.267548, 0.05, -0.0460524, 0.0733486, 0.13045, 0.156582, 1009.68, 15480.8, 10, 2e-20, 3e-20, 2e-20, 2e-20, -1
-1.00012, 0.492402, 0.463279, 0.05, -0.153046, -0.127537, 0.0136226, 0.199686, 1017.02, 27226.9, 10, 2e-20, 3e-20, 2e-20, 2e-20, -1
-0.918571, 0.49427, 1.29476, 0.05, -0.19185, 0.16309, 0.321368, 0.408268, 1007.71, 12339.9, 10, 2e-20, 3e-20, 2e-20, 2e-20, -1
-0.938644, 0.49689, 0.685822, 0.05, 0.0701423, 0.147206, -0.00310149, 0.163093, 999.706, -470.352, 10, 2e-20, 3e-20, 2e-20, 2e-20, -1
-0.993789, 0.495977, 1.20128, 0.05, -0.0620103, -0.229007, 0.182861, 0.299546, 1012.68, 20282.7, 10, 2e-20, 3e-20, 2e-20, 2e-20, -1
-0.927413, 0.495925, 0.747848, 0.05, -0.0847415, -0.0345901, -0.292487, 0.306473, 1009.91, 15848.7, 10, 2e-20, 3e-20, 2e-20, 2e-20, -1
-0.99539, 0.461635, 1.02139, 0.05, 0.0581154, -0.105477, 0.0032109, 0.120471, 992.429, -12113.8, 10, 2e-20, 3e-20, 2e-20, 2e-20, -1
-0.938955, 0.496109, 0.930258, 0.05, 0.115793, 0.00155444, 0.0378011, 0.121817, 993.904, -9753.75, 10, 2e-20, 3e-20, 2e-20, 2e-20, -1
-1.00073, 0.449418, 0.831004, 0.05, 0.0793472, -0.151478, -0.0669431, 0.183638, 1003.45, 5520.91, 10, 2e-20, 3e-20, 2e-20, 2e-20, -1
-0.997162, 0.386353, 0.74836, 0.05, -0.0790625, 0.00160774, 0.140051, 0.160835, 1005.34, 8537.27, 10, 2e-20, 3e-20, 2e-20, 2e-20, -1
-0.99917, 0.39514, 0.807002, 0.05, 0.147172, 0.0934458, 0.0547921, 0.18274, 1007.99, 12786.7, 10, 2e-20, 3e-20, 2e-20, 2e-20, -1
-0.997643, 0.439447, 0.935727, 0.05, 0.0376365, -0.0368993, 0.217625, 0.223916, 997.529, -3953.58, 10, 2e-20, 3e-20, 2e-20, 2e-20, -1
-0.99935, 0.361785, 0.848146, 0.05, 0.0674052, -0.0786304, -0.139883, 0.174051, 1019.25, 30806.8, 10, 2e-20, 3e-20, 2e-20, 2e-20, -1
-0.932313, 0.500645, 1.15472, 0.05, 0.390454, 0.0701175, -0.328006, 0.514742, 1005.25, 8397.65, 10, 2e-20, 3e-20, 2e-20, 2e-20, -1
-0.853183, 0.439622, 1.18294, 0.05, -0.116279, 0.0602532, -0.812209, 0.8227, 995.343, -7451.85, 10, 2e-20, 3e-20, 2e-20, 2e-20, -1
-0.988089, 0.493718, 1.14737, 0.05, 0.162988, 0.0711514, 0.0586646, 0.187267, 1005.47, 8744.01, 10, 2e-20, 3e-20, 2e-20, 2e-20, -1
-0.929067, 0.496132, 1.24917, 0.05, 0.0400783, -0.226809, 0.439965, 0.496607, 992.863, -11418.9, 10, 2e-20, 3e-20, 2e-20, 2e-20, -1
-1.00093, 0.439501, 1.12469, 0.05, -0.047394, -0.617716, 0.171293, 0.642776, 1003.06, 4903.63, 10, 2e-20, 3e-20, 2e-20, 2e-20, -1
-0.939636, 0.496123, 1.20162, 0.05, 0.184882, 0.0168839, -0.267639, 0.325725, 1002.64, 4222.3, 10, 2e-20, 3e-20, 2e-20, 2e-20, -1
-0.827404, 0.476469, 1.27755, 0.05, 0.232716, -0.489535, 0.0350953, 0.54317, 1001.51, 2419.23, 10, 2e-20, 3e-20, 2e-20, 2e-20, -1
-0.966086, 0.435086, 1.19225, 0.05, -0.0216961, -0.126625, 0.31159, 0.337036, 1005.21, 8341.49, 10, 2e-20, 3e-20, 2e-20, 2e-20, -1
-0.896348, 0.466929, 1.20241, 0.05, 0.152376, -0.0859887, -0.803391, 0.822222, 996.458, -5667.1, 10, 2e-20, 3e-20, 2e-20, 2e-20, -1
-0.951931, 0.457851, 1.13487, 0.05, 0.202723, 0.0319275, -0.1244, 0.239982, 1002.35, 3752.74, 10, 2e-20, 3e-20, 2e-20, 2e-20, -1
-0.891768, 0.212587, 1.22862, 0.05, 0.382464, -0.23698, -0.139068, 0.470933, 1018.52, 29635.2, 10, 2e-20, 3e-20, 2e-20, 2e-20, -1
-0.934057, 0.311367, 1.31893, 0.05, 0.313482, -0.530034, -0.389704, 0.72875, 979.446, -32885.9, 10, 2e-20, 3e-20, 2e-20, 2e-20, -1
-0.969549, 0.352439, 1.28952, 0.05, 0.628337, 0.0974155, 0.396539, 0.74936, 968.763, -49978.7, 10, 2e-20, 3e-20, 2e-20, 2e-20, -1
-0.791433, 0.368663, 1.25779, 0.05, -0.164783, -0.036453, -0.717444, 0.737027, 1002.13, 3405.13, 10, 2e-20, 3e-20, 2e-20, 2e-20, -1
-0.768134, 0.369948, 1.20533, 0.05, -0.163646, -0.245909, -0.0752612, 0.30482, 1005.27, 8430.56, 10, 2e-20, 3e-20, 2e-20, 2e-20, -1
-0.925127, 0.43829, 1.24605, 0.05, -0.113984, -0.186391, 0.0512364, 0.224408, 1007.88, 12600.9, 10, 2e-20, 3e-20, 2e-20, 2e-20, -1
-0.864455, 0.416983, 1.25249, 0.05, -0.0631847, -0.569606, 0.0136443, 0.573262, 1013.35, 21367.6, 10, 2e-20, 3e-20, 2e-20, 2e-20, -1
-0.813188, 0.310907, 1.10111, 0.05, -0.163055, -0.00446126, -0.1736, 0.238209, 1001.24, 1990.3, 10, 2e-20, 3e-20, 2e-20, 2e-20, -1
-0.706202, 0.352521, 1.31894, 0.05, 0.0384472, -0.277557, -0.198734, 0.343528, 996.811, -5102.13, 10, 2e-20, 3e-20, 2e-20, 2e-20, -1
-0.787537, 0.348686, 1.0519, 0.05, 0.11121, -0.104031, -0.299119, 0.335652, 992.66, -11744.2, 10, 2e-20, 3e-20, 2e-20, 2e-20, -1
-0.697521, -0.279426, 1.32143, 0.05, -0.200527, 0.0242403, -0.181251, 0.271387, 1000.33, 520.628, 10, 2e-20, 3e-20, 2e-20, 2e-20, -1
-0.877028, 0.353933, 1.19455, 0.05, -0.205633, -0.117884, -0.108079, 0.260504, 1011.67, 18670.5, 10, 2e-20, 3e-20, 2e-20, 2e-20, -1
-0.708572, -0.158281, 1.34076, 0.05, 0.304859, 0.0240679, -0.09933, 0.321535, 1002.03, 3247.49, 10, 2e-20, 3e-20, 2e-20, 2e-20, -1
-0.904708, 0.263563, 1.34944, 0.05, -0.12767, -0.429936, -0.183133, 0.484441, 1011.13, 17807, 10, 2e-20, 3e-20, 2e-20, 2e-20, -1
-0.948157, 0.247452, 1.31173, 0.05, 0.445315, -0.501763, -0.328851, 0.747137, 1005, 8007.33, 10, 2e-20, 3e-20, 2e-20, 2e-20, -1
-0.836407, 0.280473, 1.24401, 0.05, 0.172317, -0.36285, -0.169705, 0.436066, 998.414, -2537.01, 10, 2e-20, 3e-20, 2e-20, 2e-20, -1
-0.699241, 0.352802, 1.11757, 0.05, 0.0843358, -0.024068, -0.166841, 0.188488, 998.403, -2554.67, 10, 2e-20, 3e-20, 2e-20, 2e-20, -1
-0.780797, 0.313777, 1.14211, 0.05, 0.0948977, -0.0772146, -0.109771, 0.164369, 1005.3, 8474.28, 10, 2e-20, 3e-20, 2e-20, 2e-20, -1
-0.625177, 0.149984, 1.28247, 0.05, 0.139278, -0.0676641, 0.0233386, 0.156593, 1000.37, 597.974, 10, 2e-20, 3e-20, 2e-20, 2e-20, -1
-0.877033, 0.321176, 1.30977, 0.05, 0.601716, 0.0313242, 0.32619, 0.685159, 999.616, -614.474, 10, 2e-20, 3e-20, 2e-20, 2e-20, -1
-0.755046, 0.255013, 1.28467, 0.05, 0.144306, -0.111134, -0.211872, 0.279401, 995.682, -6908.42, 10, 2e-20, 3e-20, 2e-20, 2e-20, -1
-0.822687, 0.0822534, 1.33396, 0.05, 0.362503, -0.432131, -0.149213, 0.583447, 998.618, -2210.48, 10, 2e-20, 3e-20, 2e-20, 2e-20, -1
-0.891709, 0.419073, 1.30268, 0.05, 0.203241, -0.189347, -0.578963, 0.642151, 1011.13, 17811.5, 10, 2e-20, 3e-20, 2e-20, 2e-20, -1
-0.592213, 0.371382, 1.35158, 0.05, -0.170525, -0.202686, -0.189532, 0.325704, 1004.46, 7138.71, 10, 2e-20, 3e-20, 2e-20, 2e-20, -1
-0.601496, 0.435712, 1.38279, 0.05, -0.0783804, -0.293536, -0.498979, 0.584198, 992.472, -12045.6, 10, 2e-20, 3e-20, 2e-20, 2e-20, -1
-0.988938, 0.486395, 0.11491, 0.05, 0.0549858, 0.0941815, 0.437052, 0.450453, 1025.37, 40597.9, 10, 2e-20, 3e-20, 2e-20, 2e-20, -1
-1.00575, -0.19596, 2.18374, 0.05, -0.00314082, -0.00426668, -0.779959, 0.779977, 999.961, -62.3005, 10, 2e-20, 3e-20, 2e-20, 2e-20, -1
-0.98702, 0.487965, 1.08139, 0.05, 0.131041, 0.148936, 0.15751, 0.253305, 1009.06, 14494.6, 10, 2e-20, 3e-20, 2e-20, 2e-20, -1
0.760356, -0.308322, 1.37792, 0.05, -0.295069, 0.166083, -0.195855, 0.391163, 1000.46, 735.404, 10, 2e-20, 3e-20, 2e-20, 2e-20, -1
0.0522933, 0.0538412, 1.2658, 0.05, 0.0354731, 0.0141559, 0.152265, 0.156982, 995.826, -6677.93, 10, 2e-20, 3e-20, 2e-20, 2e-20, -1
0.648883, 0.172466, 1.34461, 0.05, -0.231547, -0.0114535, -0.188341, 0.298693, 997.749, -3601.79, 10, 2e-20, 3e-20, 2e-20, 2e-20, -1
-0.986133, 0.497127, 1.30616, 0.05, 0.182462, 0.43782, 0.0294768, 0.475235, 1027.64, 44230.1, 10, 2e-20, 3e-20, 2e-20, 2e-20, -1
0.617654, -0.327282, 1.40545, 0.05, -0.143525, 0.172441, -0.0764947, 0.237037, 993.068, -11090.6, 10, 2e-20, 3e-20, 2e-20, 2e-20, -1
-0.352856, -0.499745, 2.23575, 0.05, 0.000646832, 0.00186672, -1.05571, 1.05571, 999.957, -68.855, 10, 2e-20, 3e-20, 2e-20, 2e-20, -1
-0.531026, -0.505584, 2.37532, 0.05, 0.00294738, -0.000346213, -0.722949, 0.722955, 1000.02, 28.3763, 10, 2e-20, 3e-20, 2e-20, 2e-20, -1
-0.967466, -0.245124, 1.40607, 0.05, -0.214121, 0.075889, -0.201928, 0.303944, 1003.97, 6355.85, 10, 2e-20, 3e-20, 2e-20, 2e-20, -1
-0.316262, -0.313864, 1.44638, 0.05, 0.236176, -0.0909434, 0.189845, 0.316372, 1004.86, 7781.55, 10, 2e-20, 3e-20, 2e-20, 2e-20, -1
-0.441567, -0.488448, 1.41883, 0.05, 0.0969613, 0.118484, 0.530829, 0.552466, 999.887, -181.571, 10, 2e-20, 3e-20, 2e-20, 2e-20, -1
0.33192, -0.365766, 1.46358, 0.05, -0.328889, -0.228912, -0.0189936, 0.40116, 994.621, -8606.58, 10, 2e-20, 3e-20, 2e-20, 2e-20, -1
0.13894, -0.152006, 1.33366, 0.05, -0.192698, 0.168913, 0.395112, 0.470932, 1003.62, 5794.78, 10, 2e-20, 3e-20, 2e-20, 2e-20, -1
-1.02138, -0.174868, 1.42065, 0.05, -0.00680409, 0.0436459, -0.312418, 0.315526, 1000.38, 607.648, 10, 2e-20, 3e-20, 2e-20, 2e-20, -1
0.13789, -0.107259, 1.37638, 0.05, -0.137955, -0.0529792, 0.290169, 0.325632, 1002.28, 3648.49, 10, 2e-20, 3e-20, 2e-20, 2e-20, -1
-0.782026, -0.195071, 1.34523, 0.05, 0.0328697, -0.0608202, -0.0521278, 0.0865842, 995.17, -7728.03, 10, 2e-20, 3e-20, 2e-20, 2e-20, -1
-0.496333, -0.504946, 2.86943, 0.05, -0.0158509, 0.00156422, -0.755629, 0.755797, 1000.01, 21.6465, 10, 2e-20, 3e-20, 2e-20, 2e-20, -1
-0.955818, 0.436083, 1.3666, 0.05, 0.242825, -0.0232926, -0.0908471, 0.260307, 999.781, -350.677, 10, 2e-20, 3e-20, 2e-20, 2e-20, -1
-0.44779, -0.446426, 1.42722, 0.05, -0.0326396, -0.0896315, 0.708837, 0.715226, 996.273, -5962.75, 10, 2e-20, 3e-20, 2e-20, 2e-20, -1
-0.767524, 0.309706, 1.10183, 0.05, 0.171859, -0.214913, -0.206364, 0.343961, 1000.48, 774.78, 10, 2e-20, 3e-20, 2e-20, 2e-20, -1
-0.368074, -0.336284, 1.38355, 0.05, 0.0261706, -0.068289, 0.186893, 0.200692, 994.675, -8519.85, 10, 2e-20, 3e-20, 2e-20, 2e-20, -1
0.0575477, 0.0377222, 1.41385, 0.05, 0.0381152, 0.0231204, 0.33434, 0.337299, 1003.29, 5270.06, 10, 2e-20, 3e-20, 2e-20, 2e-20, -1
0.0944448, 0.0925535, 1.20035, 0.05, -0.0336805, -0.0310045, 0.055415, 0.0718782, 1008.23, 13160.8, 10, 2e-20, 3e-20, 2e-20, 2e-20, -1
0.662313, 0.186239, 1.31407, 0.05, -0.217488, 0.0435702, -0.283965, 0.360327, 1003.16, 5054.54, 10, 2e-20, 3e-20, 2e-20, 2e-20, -1
-0.385385, -0.446197, 1.39261, 0.05, 0.0932532, -0.0315737, 0.422339, 0.433662, 995.906, -6550.82, 10, 2e-20, 3e-20, 2e-20, 2e-20, -1
-0.366963, -0.502111, 1.93087, 0.05, -0.00864595, -0.0467849, -1.25574, 1.25664, 999.895, -168.689, 10, 2e-20, 3e-20, 2e-20, 2e-20, -1
-0.383471, -0.502128, 2.417, 0.05, 0.000155944, 0.003194, -0.906316, 0.906322, 999.999, -2.33781, 10, 2e-20, 3e-20, 2e-20, 2e-20, -1
-0.631605, -0.504594, 2.42894, 0.05, 0.0114455, -0.00722714, -0.858066, 0.858172, 1000.03, 42.5167, 10, 2e-20, 3e-20, 2e-20, 2e-20, -1
-0.906591, -0.318013, 1.33593, 0.05, 0.00768282, -0.0184627, 0.43735, 0.437807, 996.506, -5590.68, 10, 2e-20, 3e-20, 2e-20, 2e-20, -1
0.416802, -0.426774, 1.4574, 0.05, -0.246781, 0.237797, -0.26498, 0.4332, 1006.13, 9802.64, 10, 2e-20, 3e-20, 2e-20, 2e-20, -1
-0.967641, -0.257923, 1.31705, 0.05, -0.00440272, -0.178776, 0.0870649, 0.198898, 1003.18, 5092.66, 10, 2e-20, 3e-20, 2e-20, 2e-20, -1
1.01093, 0.0382727, 1.39968, 0.05, -0.0706546, -0.0385941, -0.442599, 0.449862, 1005.15, 8239.39, 10, 2e-20, 3e-20, 2e-20, 2e-20, -1
-0.865374, 0.372566, 1.23395, 0.05, 0.416753, -0.339809, -0.345134, 0.638961, 1011.75, 18799.3, 10, 2e-20, 3e-20, 2e-20, 2e-20, -1
-0.172594, 0.412705, 1.41988, 0.05, -0.0725137, 0.0300341, -0.118916, 0.142483, 1002.89, 4623.3, 10, 2e-20, 3e-20, 2e-20, 2e-20, -1
-0.210101, -0.421307, 1.46175, 0.05, -0.353343, -0.207723, 0.679993, 0.793971, 997.419, -4130.16, 10, 2e-20, 3e-20, 2e-20, 2e-20, -1
0.125175, -0.130928, 1.41956, 0.05, 0.0186624, 0.0817539, 0.447781, 0.455565, 1000.39, 627.679, 10, 2e-20, 3e-20, 2e-20, 2e-20, -1
0.0435222, 0.0349493, 1.22212, 0.05, -0.0472858, -0.157446, 0.273169, 0.31882, 998.557, -2309.35, 10, 2e-20, 3e-20, 2e-20, 2e-20, -1
0.624347, -0.491574, 1.40341, 0.05, -0.0421606, 0.223162, -0.352267, 0.419132, 996.705, -5272.31, 10, 2e-20, 3e-20, 2e-20, 2e-20, -1
-0.881822, -0.329534, 1.41193, 0.05, -0.00489643, 0.378531, -0.354785, 0.518828, 1005.36, 8568.4, 10, 2e-20, 3e-20, 2e-20, 2e-20, -1
-0.0814181, 0.470903, 1.4847, 0.05, 0.125556, -0.0175666, -0.219965, 0.253884, 1000.47, 748.382, 10, 2e-20, 3e-20, 2e-20, 2e-20, -1
-0.611602, 0.489777, 1.37663, 0.05, 0.0172435, -0.0533525, -0.213309, 0.220555, 1013.06, 20896.6, 10, 2e-20, 3e-20, 2e-20, 2e-20, -1
-0.786794, 0.247812, 1.35877, 0.05, 0.296504, -0.291903, -0.17077, 0.44976, 993.742, -10013.5, 10, 2e-20, 3e-20, 2e-20, 2e-20, -1
-0.875005, -0.087697, 1.23415, 0.05, 0.220757, -0.115102, -0.00946158, 0.249141, 1003.61, 5772.36, 10, 2e-20, 3e-20, 2e-20, 2e-20, -1
-0.847939, -0.0973187, 1.19095, 0.05, 0.242007, -0.0690238, -0.17849, 0.308529, 992.715, -11655.7, 10, 2e-20, 3e-20, 2e-20, 2e-20, -1
-0.744441, -0.339641, 1.36662, 0.05, 0.22847, -0.32426, -0.226237, 0.456647, 1001.12, 1787.84, 10, 2e-20, 3e-20, 2e-20, 2e-20, -1
-0.663356, -0.219586, 1.37519, 0.05, 0.171621, -0.077629, -0.0964787, 0.211632, 996.513, -5579.88, 10, 2e-20, 3e-20, 2e-20, 2e-20, -1
-0.337097, 0.395922, 1.38568, 0.05, 0.337222, 0.373675, -0.67269, 0.840157, 1006.77, 10832.4, 10, 2e-20, 3e-20, 2e-20, 2e-20, -1
-0.783824, 0.317367, 1.33181, 0.05, 0.322339, -0.277272, 0.122878, 0.442585, 996.81, -5104.01, 10, 2e-20, 3e-20, 2e-20, 2e-20, -1
-0.883481, 0.135238, 1.31583, 0.05, 0.760385, -0.428892, -0.480901, 0.996695, 998.045, -3128.4, 10, 2e-20, 3e-20, 2e-20, 2e-20, -1
-0.994131, -0.494185, 0.163877, 0.05, -0.0442517, 0.0463218, -0.106739, 0.124487, 1009.63, 15405.4, 10, 2e-20, 3e-20, 2e-20, 2e-20, -1
-0.993225, -0.489692, 0.398928, 0.05, 0.0373496, -0.0783241, -0.0277511, 0.0911031, 1004.86, 7783.79, 10, 2e-20, 3e-20, 2e-20, 2e-20, -1
-0.971882, -0.498421, 0.351366, 0.05, 0.0135886, -0.0755381, 0.0166221, 0.0785299, 1003.88, 6207.28, 10, 2e-20, 3e-20, 2e-20, 2e-20, -1
-0.927739, -0.497439, 0.230762, 0.05, 0.0562724, -0.0728817, 0.088775, 0.127904, 1009.62, 15390.7, 10, 2e-20, 3e-20, 2e-20, 2e-20, -1
-0.951676, -0.449335, 0.381586, 0.05, 0.054902, -0.00261072, 0.046496, 0.0719925, 1004.75, 7595.13, 10, 2e-20, 3e-20, 2e-20, 2e-20, -1
-0.994201, -0.449761, 0.512241, 0.05, 0.0224911, 0.0730622, 0.0205022, 0.0791472, 1007.35, 11761.6, 10, 2e-20, 3e-20, 2e-20, 2e-20, -1
-0.964217, -0.409921, 0.424222, 0.05, -0.0726244, 0.0792994, 0.00233606, 0.107555, 1002.01, 3217.05, 10, 2e-20, 3e-20, 2e-20, 2e-20, -1
-0.999323, -0.362534, 0.425269, 0.05, -0.0549639, 0.0768393, -0.00782044, 0.094797, 1011.87, 18984.5, 10, 2e-20, 3e-20, 2e-20, 2e-20, -1
-0.99213, -0.491111, 0.828236, 0.05, -0.0440242, 0.00594935, 0.29677, 0.300076, 1011.26, 18020.9, 10, 2e-20, 3e-20, 2e-20, 2e-20, -1
-0.942155, -0.496763, 0.750257, 0.05, 0.00724391, 0.0736524, 0.145259, 0.163025, 1008.85, 14158.9, 10, 2e-20, 3e-20, 2e-20, 2e-20, -1
-0.994865, -0.494209, 0.770519, 0.05, 0.104132, 0.00142117, 0.261519, 0.281492, 1012.07, 19305.4, 10, 2e-20, 3e-20, 2e-20, 2e-20, -1
-0.878475, -0.496409, 0.639321, 0.05, -0.0377776, 0.0157487, 0.176702, 0.181381, 1006.35, 10152.4, 10, 2e-20, 3e-20, 2e-20, 2e-20, -1
-0.909412, -0.466832, 0.721233, 0.05, -0.0878225, -0.0116707, 0.156855, 0.180146, 995.409, -7345.57, 10, 2e-20, 3e-20, 2e-20, 2e-20, -1
-0.947616, -0.498568, 0.968992, 0.05, 0.144407, 0.00802922, -0.076977, 0.163839, 1007.8, 12486, 10, 2e-20, 3e-20, 2e-20, 2e-20, -1
-0.95127, -0.445715, 0.838583, 0.05, -0.0717588, 0.133292, -0.121672, 0.194217, 997.681, -3710.86, 10, 2e-20, 3e-20, 2e-20, 2e-20, -1
-0.94569, -0.475157, 1.3226, 0.05, -0.215219, -0.552484, 0.667451, 0.892776, 999.552, -717.073, 10, 2e-20, 3e-20, 2e-20, 2e-20, -1
-0.982214, -0.384326, 0.87019, 0.05, 0.14864, 0.181075, -0.260403, 0.350274, 1001.79, 2859.3, 10, 2e-20, 3e-20, 2e-20, 2e-20, -1
-0.951375, -0.496935, 1.13852, 0.05, 0.130317, -0.112627, 0.359939, 0.399028, 995.1, -7840.66, 10, 2e-20, 3e-20, 2e-20, 2e-20, -1
-0.910737, -0.452005, 0.865626, 0.05, 0.0975036, 0.304769, 0.114415, 0.339826, 1002.66, 4257.84, 10, 2e-20, 3e-20, 2e-20, 2e-20, -1
-0.94664, -0.463718, 1.06904, 0.05, 0.0206413, 0.0701243, 0.361528, 0.368844, 999.913, -138.858, 10, 2e-20, 3e-20, 2e-20, 2e-20, -1
-0.92069, -0.437232, 1.25923, 0.05, 0.0742677, -0.136613, 0.357793, 0.390121, 997.99, -3216.69, 10, 2e-20, 3e-20, 2e-20, 2e-20, -1
-0.895522, -0.45288, 1.35892, 0.05, 0.110346, -0.428373, 0.135953, 0.462777, 1001.9, 3047.44, 10, 2e-20, 3e-20, 2e-20, 2e-20, -1
-0.751074, -0.383631, 1.27205, 0.05, 0.0542121, -0.108022, 0.0581316, 0.134115, 1001.25, 2003.13, 10, 2e-20, 3e-20, 2e-20, 2e-20, -1
-0.993777, -0.452352, 1.24421, 0.05, -0.00509593, 0.0423009, 0.302339, 0.305326, 999.932, -108.478, 10, 2e-20, 3e-20, 2e-20, 2e-20, -1
-0.945117, -0.448276, 1.16305, 0.05, -0.019518, -0.203996, 0.47805, 0.520122, 1000.84, 1341.69, 10, 2e-20, 3e-20, 2e-20, 2e-20, -1
-0.982997, -0.45023, 1.28361, 0.05, 0.0471778, 0.195816, 0.458576, 0.500861, 990.285, -15543.9, 10, 2e-20, 3e-20, 2e-20, 2e-20, -1
-0.850669, -0.306857, 1.22045, 0.05, 0.066719, -0.141188, -0.0984232, 0.184587, 997.937, -3300.2, 10, 2e-20, 3e-20, 2e-20, 2e-20, -1
-1.01377, -0.331888, 1.27886, 0.05, -0.137256, 0.0216147, -0.143861, 0.200006, 1006.81, 10891.2, 10, 2e-20, 3e-20, 2e-20, 2e-20, -1
-0.951169, -0.384316, 1.24834, 0.05, 0.243209, -0.124366, 0.220633, 0.351136, 1002.51, 4019.58, 10, 2e-20, 3e-20, 2e-20, 2e-20, -1
-0.900443, -0.418475, 1.30913, 0.05, 0.114442, -0.0589352, 0.452833, 0.470774, 1006.97, 11154.7, 10, 2e-20, 3e-20, 2e-20, 2e-20, -1
-0.832361, -0.179067, 1.19538, 0.05, 0.0195558, -0.335882, -0.0511631, 0.340319, 995.18, -7711.75, 10, 2e-20, 3e-20, 2e-20, 2e-20, -1
-0.750162, -0.318108, 1.20116, 0.05, -0.00109708, -0.264803, 0.106907, 0.285571, 997.252, -4396.31, 10, 2e-20, 3e-20, 2e-20, 2e-20, -1
-0.887453, -0.447061, 1.21827, 0.05, -0.250772, 0.0829561, 0.397492, 0.477251, 1001.91, 3058.34, 10, 2e-20, 3e-20, 2e-20, 2e-20, -1
-0.606663, -0.44142, 1.45847, 0.05, 0.368388, -0.224815, 0.66585, 0.793479, 1003.11, 4972.48, 10, 2e-20, 3e-20, 2e-20, 2e-20, -1
-0.875509, -0.212333, 1.20872, 0.05, -0.00582947, -0.127992, 0.0254625, 0.13063, 1005.94, 9502.79, 10, 2e-20, 3e-20, 2e-20, 2e-20, -1
-0.675702, -0.360278, 1.20653, 0.05, 0.121927, -0.123257, 0.0445994, 0.179019, 1001.27, 2035.8, 10, 2e-20, 3e-20, 2e-20, 2e-20, -1
-0.813209, -0.409954, 1.27499, 0.05, 0.0222603, 0.225295, 0.024853, 0.227752, 998.596, -2247.06, 10, 2e-20, 3e-20, 2e-20, 2e-20, -1
-0.90199, -0.375349, 1.13389, 0.05, 0.135595, 0.00449746, 0.321431, 0.34889, 1004.71, 7531.58, 10, 2e-20, 3e-20, 2e-20, 2e-20, -1
-0.994606, -0.32353, 1.43112, 0.05, 0.0585172, -0.0177938, -0.3068, 0.312837, 997.557, -3908.18, 10, 2e-20, 3e-20, 2e-20, 2e-20, -1
-0.74903, -0.487295, 1.31101, 0.05, 0.0422136, 0.515377, 0.374311, 0.63836, 1003.8, 6075.76, 10, 2e-20, 3e-20, 2e-20, 2e-20, -1
-1.00303, -0.436563, 1.4103, 0.05, -0.376311, 0.0355113, -0.175106, 0.416574, 1015.39, 24630.5, 10, 2e-20, 3e-20, 2e-20, 2e-20, -1
-0.719065, -0.382779, 1.3199, 0.05, 0.248355, -0.23085, -0.0631045, 0.344897, 1004.01, 6419.16, 10, 2e-20, 3e-20, 2e-20, 2e-20, -1
-0.67701, -0.410971, 1.25135, 0.05, 0.0623301, -0.191146, 0.188936, 0.275896, 1001.14, 1827.96, 10, 2e-20, 3e-20, 2e-20, 2e-20, -1
-0.676239, -0.360131, 1.25152, 0.05, 0.127075, -0.194439, 0.142051, 0.272274, 1005.14, 8228.22, 10, 2e-20, 3e-20, 2e-20, 2e-20, -1
-0.692085, -0.344844, 1.19365, 0.05, 0.0480294, -0.0362241, 0.21565, 0.223884, 999.377, -997.06, 10, 2e-20, 3e-20, 2e-20, 2e-20, -1
-0.815931, -0.462269, 1.33294, 0.05, -0.111632, -0.387969, 0.640508, 0.757121, 1012.85, 20554.3, 10, 2e-20, 3e-20, 2e-20, 2e-20, -1
-0.856705, -0.401374, 1.21696, 0.05, 0.0256348, -0.187298, 0.190152, 0.268134, 1004.98, 7970.75, 10, 2e-20, 3e-20, 2e-20, 2e-20, -1
-0.781411, -0.394966, 1.23007, 0.05, 0.18765, -0.26179, 0.199995, 0.379136, 998.194, -2889.77, 10, 2e-20, 3e-20, 2e-20, 2e-20, -1
-0.829768, -0.366264, 1.21841, 0.05, -0.0202498, -0.0425982, 0.1185, 0.127542, 994.319, -9088.93, 10, 2e-20, 3e-20, 2e-20, 2e-20, -1
-0.827974, -0.39365, 1.31438, 0.05, -0.206809, 0.28183, 0.0780516, 0.358176, 997.042, -4732.82, 10, 2e-20, 3e-20, 2e-20, 2e-20, -1
-0.616235, -0.297788, 1.38818, 0.05, 0.400267, -0.142804, -0.246214, 0.49115, 998.18, -2911.6, 10, 2e-20, 3e-20, 2e-20, 2e-20, -1
-0.93135, -0.499535, 0.100708, 0.05, -0.00999323, -0.0768922, 0.0477282, 0.0910509, 1008.21, 13135.2, 10, 2e-20, 3e-20, 2e-20, 2e-20, -1
-0.992559, -0.49546, 0.107827, 0.05, -0.0933528, -0.0483841, -0.0162783, 0.106399, 1014.44, 23110.5, 10, 2e-20, 3e-20, 2e-20, 2e-20, -1
-0.939107, -0.455246, 0.201071, 0.05, -0.15224, -0.0411295, 0.0750308, 0.174637, 998.592, -2253.28, 10, 2e-20, 3e-20, 2e-20, 2e-20, -1
-0.960734, -0.433745, 0.305847, 0.05, -0.0903062, -0.0586732, 0.0413926, 0.115374, 1007.19, 11503.2, 10, 2e-20, 3e-20, 2e-20, 2e-20, -1
-0.936505, -0.413555, 0.184706, 0.05, 0.00321768, 0.23124, 0.0124454, 0.231597, 1010.38, 16611.4, 10, 2e-20, 3e-20, 2e-20, 2e-20, -1
-0.902213, -0.379876, 0.208993, 0.05, -0.216991, 0.0871066, -0.022804, 0.234932, 1012.37, 19791.2, 10, 2e-20, 3e-20, 2e-20, 2e-20, -1
-0.942613, -0.392117, 0.380241, 0.05, 0.0827496, 0.0155706, 0.0550706, 0.100612, 1007.85, 12557.4, 10, 2e-20, 3e-20, 2e-20, 2e-20, -1
-0.99733, -0.318208, 0.467346, 0.05, -0.0875781, 0.0544049, -0.0187866, 0.104799, 1011.03, 17645.9, 10, 2e-20, 3e-20, 2e-20, 2e-20, -1
-0.919411, -0.450294, 0.539135, 0.05, 0.169266, 0.0576764, 0.160626, 0.240371, 1001.04, 1664.24, 10, 2e-20, 3e-20, 2e-20, 2e-20, -1
-0.934562, -0.426491, 0.510387, 0.05, -0.119244, 0.0829698, -0.00643413, 0.145411, 1004.68, 7480.67, 10, 2e-20, 3e-20, 2e-20, 2e-20, -1
-0.957476, -0.43208, 0.704764, 0.05, -0.111222, -0.0469036, 0.0809866, 0.145359, 1000.19, 305.318, 10, 2e-20, 3e-20, 2e-20, 2e-20, -1
-0.950243, -0.42046, 0.548814, 0.05, -0.0725602, 0.232024, 0.120124, 0.271164, 1011.11, 17770.1, 10, 2e-20, 3e-20, 2e-20, 2e-20, -1
-0.946817, -0.395287, 0.656742, 0.05, -0.0357225, -0.017981, 0.0273152, 0.0484307, 1006.54, 10462.6, 10, 2e-20, 3e-20, 2e-20, 2e-20, -1
-0.931954, -0.398291, 0.707269, 0.05, -0.045725, 0.0521277, 0.099973, 0.121666, 1005.49, 8777.5, 10, 2e-20, 3e-20, 2e-20, 2e-20, -1
-0.969148, -0.404847, 0.825516, 0.05, -0.00698239, 0.0528239, -0.0181044, 0.0562752, 1001.77, 2824.21, 10, 2e-20, 3e-20, 2e-20, 2e-20, -1
-0.923311, -0.353661, 0.683294, 0.05, -0.0985414, -0.0619355, -0.0421907, 0.1238, 997.085, -4664.6, 10, 2e-20, 3e-20, 2e-20, 2e-20, -1
-0.9465, -0.397204, 0.761263, 0.05, -0.0152731, 0.0722738, 0.0657606, 0.0989001, 1005.18, 8294.45, 10, 2e-20, 3e-20, 2e-20, 2e-20, -1
-0.933103, -0.438371, 0.744526, 0.05, -0.111656, -0.0339349, 0.181836, 0.216063, 998.194, -2890.31, 10, 2e-20, 3e-20, 2e-20, 2e-20, -1
-0.933512, -0.359458, 0.739231, 0.05, 0.0320494, -4.67485e-05, 0.209336, 0.211775, 1005.77, 9228.7, 10, 2e-20, 3e-20, 2e-20, 2e-20, -1
-0.944229, -0.415812, 0.922249, 0.05, 0.139766, -0.0745239, 0.0634894, 0.170644, 1003.21, 5135.53, 10, 2e-20, 3e-20, 2e-20, 2e-20, -1
-0.877155, -0.378942, 0.807715, 0.05, 0.191302, 0.0894007, -0.0214458, 0.212247, 999.326, -1079.1, 10, 2e-20, 3e-20, 2e-20, 2e-20, -1
-0.901652, -0.443292, 0.916244, 0.05, -0.00922934, -0.00796826, 0.0226432, 0.0257175, 1002.75, 4403.01, 10, 2e-20, 3e-20, 2e-20, 2e-20, -1
-0.935089, -0.385117, 0.883288, 0.05, 0.105115, 0.0394759, -0.0743062, 0.134643, 1001.74, 2786.33, 10, 2e-20, 3e-20, 2e-20, 2e-20, -1
-1.00188, -0.351342, 1.03963, 0.05, -0.0741262, 0.0354353, 0.229206, 0.243487, 1004.03, 6450.62, 10, 2e-20, 3e-20, 2e-20, 2e-20, -1
-0.947195, -0.32536, 0.936495, 0.05, -0.0340641, 0.0825366, 0.0331849, 0.095257, 1002.85, 4565.38, 10, 2e-20, 3e-20, 2e-20, 2e-20, -1
-1.00492, -0.395129, 1.08102, 0.05, 0.0775527, 0.0808843, 0.214074, 0.241629, 1006.52, 10426.5, 10, 2e-20, 3e-20, 2e-20, 2e-20, -1
-0.997964, -0.401971, 1.13571, 0.05, -0.00908275, 0.237658, 0.0764761, 0.249825, 1000.17, 264.494, 10, 2e-20, 3e-20, 2e-20, 2e-20, -1
-0.951436, -0.419724, 1.09302, 0.05, -0.0804376, 0.0385584, 0.0781305, 0.11858, 999.481, -829.624, 10, 2e-20, 3e-20, 2e-20, 2e-20, -1
-0.951563, -0.35403, 0.990093, 0.05, 0.18764, -0.0472413, 0.088891, 0.212937, 1002.48, 3960.33, 10, 2e-20, 3e-20, 2e-20, 2e-20, -1
-0.959056, -0.422648, 1.0383, 0.05, -0.0150504, -0.0161182, 0.367322, 0.367984, 1008.24, 13190.4, 10, 2e-20, 3e-20, 2e-20, 2e-20, -1
-0.967219, -0.406686, 1.1779, 0.05, -0.0849501, -0.149624, 0.214247, 0.274783, 998.333, -2666.82, 10, 2e-20, 3e-20, 2e-20, 2e-20, -1
-0.920789, -0.434054, 1.18099, 0.05, 0.05135, 0.240228, 0.157138, 0.291614, 1000.97, 1555.44, 10, 2e-20, 3e-20, 2e-20, 2e-20, -1
-0.973827, -0.413383, 1.22403, 0.05, 0.166032, -0.333683, 0.19148, 0.419018, 999.029, -1553.07, 10, 2e-20, 3e-20, 2e-20, 2e-20, -1
-0.923214, -0.401385, 1.03617, 0.05, 0.192385, -0.0156815, -0.0114565, 0.193362, 1003.06, 4899.05, 10, 2e-20, 3e-20, 2e-20, 2e-20, -1
-0.89505, -0.41701, 1.08313, 0.05, -0.0924648, -0.238833, -0.00999225, 0.256302, 998.459, -2465.71, 10, 2e-20, 3e-20, 2e-20, 2e-20, -1
-0.724109, -0.41465, 1.14037, 0.05, 0.176931, -0.0468762, 0.0342008, 0.186203, 1003.45, 5519.01, 10, 2e-20, 3e-20, 2e-20, 2e-20, -1
-0.88892, -0.344966, 1.12116, 0.05, 0.00265117, 0.0360835, 0.0499437, 0.0616719, 997.068, -4691.39, 10, 2e-20, 3e-20, 2e-20, 2e-20, -1
-0.883454, -0.382312, 1.0386, 0.05, 0.0128895, -0.0701274, 0.105572, 0.127395, 1002.57, 4109.79, 10, 2e-20, 3e-20, 2e-20, 2e-20, -1
-0.83379, -0.25281, 1.14947, 0.05, 0.143336, -0.0542603, 0.179212, 0.23581, 1000.05, 87.3424, 10, 2e-20, 3e-20, 2e-20, 2e-20, -1
-0.821545, -0.401535, 1.09676, 0.05, 0.0337413, -0.189833, 0.325364, 0.378202, 1006.88, 11002.7, 10, 2e-20, 3e-20, 2e-20, 2e-20, -1
-0.877794, -0.288005, 1.16579, 0.05, -0.185503, -0.0160732, 0.0681097, 0.198264, 1001.46, 2337.23, 10, 2e-20, 3e-20, 2e-20, 2e-20, -1
-0.837935, -0.406014, 1.39473, 0.05, 0.179756, 0.0347365, -0.102483, 0.209814, 1003.16, 5051.14, 10, 2e-20, 3e-20, 2e-20, 2e-20, -1
-0.867381, -0.271109, 1.2155, 0.05, -0.0457784, -0.179355, 0.0449973, 0.190496, 1005.75, 9196.33, 10, 2e-20, 3e-20, 2e-20, 2e-20, -1
-0.643962, -0.279168, 1.27883, 0.05, 0.117834, -0.0815284, 0.120227, 0.187047, 1005.57, 8912.63, 10, 2e-20, 3e-20, 2e-20, 2e-20, -1
-0.708723, -0.287096, 1.19305, 0.05, 0.121895, -0.154687, -0.0904337, 0.216714, 997.53, -3951.92, 10, 2e-20, 3e-20, 2e-20, 2e-20, -1
-0.600939, -0.19202, 1.23449, 0.05, 0.13648, 0.0626747, 0.157712, 0.21778, 1001.45, 2317.73, 10, 2e-20, 3e-20, 2e-20, 2e-20, -1
-0.82919, -0.329075, 1.18978, 0.05, 0.112055, -0.140672, -0.0928002, 0.202378, 999.77, -367.223, 10, 2e-20, 3e-20, 2e-20, 2e-20, -1
-0.816617, -0.32113, 1.25617, 0.05, -0.0833655, -0.088182, 0.0327976, 0.125704, 999.317, -1092.69, 10, 2e-20, 3e-20, 2e-20, 2e-20, -1
-0.74473, -0.240848, 1.19677, 0.05, 0.0865365, -0.00289019, -0.214903, 0.23169, 1005.04, 8062.71, 10, 2e-20, 3e-20, 2e-20, 2e-20, -1
-0.694711, -0.334326, 1.3122, 0.05, 0.0779294, -0.347378, 0.109465, 0.372461, 999.384, -986.22, 10, 2e-20, 3e-20, 2e-20, 2e-20, -1
-0.490223, -0.147627, 1.38928, 0.05, 0.0594465, 0.18378, 0.138037, 0.237409, 1000.23, 370.893, 10, 2e-20, 3e-20, 2e-20, 2e-20, -1
-0.997923, -0.394096, 0.158449, 0.05, -0.0552493, -0.0198346, 0.0265261, 0.0644168, 1012.28, 19649.3, 10, 2e-20, 3e-20, 2e-20, 2e-20, -1
-1.00234, -0.439617, 0.125192, 0.05, -0.092192, 0.0103855, -0.0468879, 0.10395, 1013.31, 21299.2, 10, 2e-20, 3e-20, 2e-20, 2e-20, -1
-0.958374, -0.460418, 0.122252, 0.05, -0.186258, -0.221819, -0.0368441, 0.291981, 1006.71, 10741.8, 10, 2e-20, 3e-20, 2e-20, 2e-20, -1
-0.941599, -0.409497, 0.240525, 0.05, 0.119593, 0.184161, 0.0577216, 0.227046, 1008.43, 13480, 10, 2e-20, 3e-20, 2e-20, 2e-20, -1
-0.944523, -0.376728, 0.340555, 0.05, 0.00524684, 0.0664389, 0.182864, 0.194631, 1007.74, 12391.5, 10, 2e-20, 3e-20, 2e-20, 2e-20, -1
-0.946494, -0.39148, 0.291519, 0.05, 0.0233897, 0.123774, -0.0518802, 0.13623, 1004.42, 7064.51, 10, 2e-20, 3e-20, 2e-20, 2e-20, -1
-0.92846, -0.335789, 0.351437, 0.05, 0.0596711, 0.17102, 0.0425281, 0.186057, 1002.62, 4184.87, 10, 2e-20, 3e-20, 2e-20, 2e-20, -1
-0.914632, -0.377478, 0.410409, 0.05, 0.073655, -0.0398624, 0.00599071, 0.083964, 998.11, -3023.51, 10, 2e-20, 3e-20, 2e-20, 2e-20, -1
-0.999832, -0.319304, 0.550199, 0.05, 0.0215626, 0.0858332, -0.00556176, 0.0886748, 1007.12, 11399.5, 10, 2e-20, 3e-20, 2e-20, 2e-20, -1
-0.94128, -0.319577, 0.433744, 0.05, 0.100491, 0.132851, -0.101787, 0.195214, 1007.01, 11223.5, 10, 2e-20, 3e-20, 2e-20, 2e-20, -1
-0.999402, -0.402488, 0.550282, 0.05, 0.056, 0.0502833, 0.0184202, 0.0774836, 1008.88, 14214.7, 10, 2e-20, 3e-20, 2e-20, 2e-20, -1
-1.00247, -0.352102, 0.508995, 0.05, 0.0302897, -0.0185657, 0.0685714, 0.0772282, 1006.22, 9958.95, 10, 2e-20, 3e-20, 2e-20, 2e-20, -1
-0.960699, -0.312463, 0.517228, 0.05, -0.00246403, 0.160405, 0.0473585, 0.167268, 1007.12, 11392, 10, 2e-20, 3e-20, 2e-20, 2e-20, -1
-1.00181, -0.367348, 0.592529, 0.05, 0.0332418, -0.00962916, -0.00722326, 0.0353541, 1009.78, 15641.3, 10, 2e-20, 3e-20, 2e-20, 2e-20, -1
-0.924507, -0.363728, 0.62816, 0.05, -0.0219045, -0.0704228, 0.0866863, 0.113814, 1005.58, 8925.07, 10, 2e-20, 3e-20, 2e-20, 2e-20, -1
-0.944441, -0.33269, 0.595562, 0.05, -0.0840175, 0.0857081, 0.0228877, 0.122183, 1002.46, 3930.73, 10, 2e-20, 3e-20, 2e-20, 2e-20, -1
-0.953639, -0.266521, 0.709792, 0.05, 0.0703777, 0.147676, -0.0293837, 0.166206, 1002.53, 4053.2, 10, 2e-20, 3e-20, 2e-20, 2e-20, -1
-0.944968, -0.358788, 0.799363, 0.05, -0.0325927, 0.01913, -0.0929677, 0.100356, 1001, 1605.83, 10, 2e-20, 3e-20, 2e-20, 2e-20, -1
-0.952481, -0.324201, 0.764657, 0.05, 0.0536327, -0.0371662, 0.119745, 0.13637, 1001.85, 2954.9, 10, 2e-20, 3e-20, 2e-20, 2e-20, -1
-0.933877, -0.345858, 0.845226, 0.05, -0.0379296, -0.00585347, 0.0304133, 0.0489682, 1001.41, 2261.71, 10, 2e-20, 3e-20, 2e-20, 2e-20, -1
-0.929944, -0.389476, 0.831469, 0.05, 0.0679374, -0.125133, 0.156751, 0.211766, 1000.79, 1269.7, 10, 2e-20, 3e-20, 2e-20, 2e-20, -1
-0.942646, -0.368419, 0.93323, 0.05, -0.0120308, -0.055729, 0.165092, 0.17466, 1006.45, 10312.5, 10, 2e-20, 3e-20, 2e-20, 2e-20, -1
-0.997546, -0.300977, 1.0285, 0.05, 0.0878736, 0.110825, 0.0288345, 0.144344, 998.761, -1982.55, 10, 2e-20, 3e-20, 2e-20, 2e-20, -1
-0.942284, -0.342935, 0.88665, 0.05, 0.0358363, -0.015577, -0.0155546, 0.0420575, 1002.57, 4112.3, 10, 2e-20, 3e-20, 2e-20, 2e-20, -1
-0.963582, -0.256254, 0.92427, 0.05, -0.0390704, 0.00872337, -0.166307, 0.171057, 1000.18, 290.188, 10, 2e-20, 3e-20, 2e-20, 2e-20, -1
-0.921884, -0.284935, 0.94461, 0.05, 0.023565, -0.119176, 0.0844781, 0.147969, 1005.88, 9415.04, 10, 2e-20, 3e-20, 2e-20, 2e-20, -1
-0.941873, -0.309842, 1.01441, 0.05, 0.0190843, 0.103568, 0.00692434, 0.105539, 1006.2, 9925.99, 10, 2e-20, 3e-20, 2e-20, 2e-20, -1
-0.965814, -0.368073, 1.03896, 0.05, -0.134402, -0.118584, -0.0534307, 0.187032, 994.721, -8446.21, 10, 2e-20, 3e-20, 2e-20, 2e-20, -1
-0.94731, -0.282409, 1.04936, 0.05, 0.05427, -0.131392, -0.105114, 0.176799, 1000.37, 589.18, 10, 2e-20, 3e-20, 2e-20, 2e-20, -1
-0.925167, -0.358785, 1.00082, 0.05, -0.145184, -0.165673, -0.0729881, 0.232063, 998.873, -1803.56, 10, 2e-20, 3e-20, 2e-20, 2e-20, -1
-0.897608, -0.309082, 0.981349, 0.05, -0.0231106, 0.0189946, -0.17406, 0.176612, 1001.19, 1910.15, 10, 2e-20, 3e-20, 2e-20, 2e-20, -1
-0.922507, -0.363106, 1.05984, 0.05, 0.151987, -0.0165536, 0.20815, 0.258264, 1000.36, 576.663, 10, 2e-20, 3e-20, 2e-20, 2e-20, -1
-0.891171, -0.331478, 1.02078, 0.05, -0.0491052, 0.0373978, 0.25526, 0.262617, 1001.48, 2364.16, 10, 2e-20, 3e-20, 2e-20, 2e-20, -1
-0.943791, -0.350626, 1.10522, 0.05, 0.0741005, 0.0552508, 0.0351626, 0.0988936, 1002.84, 4538.08, 10, 2e-20, 3e-20, 2e-20, 2e-20, -1
-0.938243, -0.372592, 1.17211, 0.05, 0.144291, -0.0151826, 0.297299, 0.330812, 1002, 3193.09, 10, 2e-20, 3e-20, 2e-20, 2e-20, -1
-1.00624, -0.214086, 1.28991, 0.05, -0.183407, -0.0631965, -0.0782213, 0.209166, 997.429, -4113.71, 10, 2e-20, 3e-20, 2e-20, 2e-20, -1
-0.831617, -0.249961, 1.28624, 0.05, 0.125952, -0.055144, 0.012828, 0.138092, 994.587, -8661.53, 10, 2e-20, 3e-20, 2e-20, 2e-20, -1
-1.02134, -0.334779, 1.32514, 0.05, -0.0581919, -0.0378952, 0.0447914, 0.0826354, 996.654, -5353.11, 10, 2e-20, 3e-20, 2e-20, 2e-20, -1
-0.86931, -0.228981, 1.18563, 0.05, 0.0491432, -0.218926, -0.0802014, 0.238277, 999.898, -162.522, 10, 2e-20, 3e-20, 2e-20, 2e-20, -1
-0.867995, -0.164216, 1.1675, 0.05, -0.0643718, 0.00034226, 0.0170503, 0.0665925, 1010.76, 17220.4, 10, 2e-20, 3e-20, 2e-20, 2e-20, -1
-0.796334, -0.22852, 1.1679, 0.05, 0.0272182, -0.14563, 0.0720671, 0.16475, 1009.59, 15336.8, 10, 2e-20, 3e-20, 2e-20, 2e-20, -1
-0.738502, -0.208789, 1.28443, 0.05, 0.176878, -0.0357912, -0.00415784, 0.180511, 1001.39, 2219.65, 10, 2e-20, 3e-20, 2e-20, 2e-20, -1
-0.73121, -0.211547, 1.1909, 0.05, 0.142298, -0.232292, 0.0801345, 0.283954, 1004.13, 6608.47, 10, 2e-20, 3e-20, 2e-20, 2e-20, -1
-0.775223, -0.292179, 1.24012, 0.05, 0.250401, -0.21058, 0.151905, 0.360721, 1000.8, 1277.66, 10, 2e-20, 3e-20, 2e-20, 2e-20, -1
-0.763147, -0.392831, 1.32959, 0.05, 0.124525, 0.146407, -0.0457245, 0.197566, 999.77, -368.599, 10, 2e-20, 3e-20, 2e-20, 2e-20, -1
-0.708561, -0.343835, 1.27753, 0.05, 0.147928, -0.261379, -0.00659508, 0.300408, 1000.61, 978.659, 10, 2e-20, 3e-20, 2e-20, 2e-20, -1
-0.865921, -0.252185, 1.25335, 0.05, -0.0485338, -0.203867, -0.155168, 0.260757, 996.12, -6208.01, 10, 2e-20, 3e-20, 2e-20, 2e-20, -1
-0.773077, -0.201113, 1.1974, 0.05, -0.0203687, -0.281565, -0.123394, 0.30809, 1000.73, 1165.69, 10, 2e-20, 3e-20, 2e-20, 2e-20, -1
-0.692102, -0.199047, 1.20876, 0.05, 0.0502141, -0.146122, 0.0628665, 0.166809, 999.847, -245.55, 10, 2e-20, 3e-20, 2e-20, 2e-20, -1
-0.623003, -0.216438, 1.23821, 0.05, 0.0529349, 0.0855302, 0.00775901, 0.100885, 997.567, -3892.3, 10, 2e-20, 3e-20, 2e-20, 2e-20, -1
-0.418576, 0.0480199, 1.38445, 0.05, -0.017809, 0.0967656, 0.220621, 0.241567, 995.259, -7584.8, 10, 2e-20, 3e-20, 2e-20, 2e-20, -1
-1.00173, -0.288606, 0.0943292, 0.05, -0.143355, 0.0210678, 0.0425671, 0.151018, 1000.39, 626.879, 10, 2e-20, 3e-20, 2e-20, 2e-20, -1
-1.00175, -0.391768, 0.0840137, 0.05, 0.121125, -0.00262311, 0.085334, 0.148189, 1015.07, 24112.7, 10, 2e-20, 3e-20, 2e-20, 2e-20, -1
-0.977349, -0.382933, 0.122109, 0.05, -0.0907879, -0.0395344, 0.0265117, 0.10251, 1005.8, 9281.33, 10, 2e-20, 3e-20, 2e-20, 2e-20, -1
-0.940375, -0.351494, 0.207469, 0.05, 0.0536341, -0.0249323, 0.01439, 0.0608712, 1005, 7999.21, 10, 2e-20, 3e-20, 2e-20, 2e-20, -1
-0.968114, -0.320597, 0.235354, 0.05, 0.0474573, -0.141242, 0.0560171, 0.159184, 1000.26, 421.345, 10, 2e-20, 3e-20, 2e-20, 2e-20, -1
-0.931826, -0.294432, 0.211895, 0.05, -0.00317101, 0.0142857, -0.0460389, 0.0483085, 1003.64, 5816.53, 10, 2e-20, 3e-20, 2e-20, 2e-20, -1
-0.928765, -0.310731, 0.266623, 0.05, 0.0435699, 0.0182681, 0.140519, 0.148248, 1007.38, 11808, 10, 2e-20, 3e-20, 2e-20, 2e-20, -1
-0.945442, -0.338516, 0.303845, 0.05, 0.13025, 0.0600165, -0.113404, 0.182832, 1010.2, 16314.1, 10, 2e-20, 3e-20, 2e-20, 2e-20, -1
-0.952013, -0.343059, 0.393787, 0.05, -0.0776438, 0.0994483, -0.0512729, 0.136189, 1005.16, 8250.23, 10, 2e-20, 3e-20, 2e-20, 2e-20, -1
-0.951573, -0.334343, 0.480673, 0.05, -0.086354, 0.044828, -0.0387115, 0.104715, 1005.74, 9178.64, 10, 2e-20, 3e-20, 2e-20, 2e-20, -1
-0.886015, -0.283002, 0.394084, 0.05, 0.0313915, -0.0775714, -0.151036, 0.172669, 1009.11, 14579.5, 10, 2e-20, 3e-20, 2e-20, 2e-20, -1
-0.928898, -0.293497, 0.465553, 0.05, 0.0958168, 0.250916, 0.00682809, 0.268675, 1003.94, 6311.83, 10, 2e-20, 3e-20, 2e-20, 2e-20, -1
-0.89982, -0.33113, 0.400643, 0.05, 0.0414216, 0.066062, 0.0956034, 0.123369, 1006.39, 10224.3, 10, 2e-20, 3e-20, 2e-20, 2e-20, -1
-0.929513, -0.256866, 0.44674, 0.05, -0.0565672, 0.0205573, 0.138018, 0.150571, 1006.33, 10134.2, 10, 2e-20, 3e-20, 2e-20, 2e-20, -1
-0.951088, -0.294786, 0.564133, 0.05, 0.092161, 0.0621401, -0.0819274, 0.138084, 1001.31, 2101.71, 10, 2e-20, 3e-20, 2e-20, 2e-20, -1
-0.929818, -0.334208, 0.544296, 0.05, 0.0629253, -0.0787631, 0.0317767, 0.105702, 997.218, -4450.9, 10, 2e-20, 3e-20, 2e-20, 2e-20, -1
-0.890649, -0.30713, 0.44192, 0.05, -0.0503782, -0.0510663, 0.0424461, 0.083351, 1000.06, 98.5198, 10, 2e-20, 3e-20, 2e-20, 2e-20, -1
-0.945396, -0.313527, 0.714441, 0.05, -0.102434, -0.0184911, 0.0854247, 0.134655, 1003.91, 6252.5, 10, 2e-20, 3e-20, 2e-20, 2e-20, -1
-0.921605, -0.282185, 0.530242, 0.05, -0.00455172, -0.015635, -0.0635904, 0.0656422, 1004.23, 6772.03, 10, 2e-20, 3e-20, 2e-20, 2e-20, -1
-0.900702, -0.298827, 0.575904, 0.05, -0.0765307, 0.107186, -0.143868, 0.195048, 1006.7, 10717.5, 10, 2e-20, 3e-20, 2e-20, 2e-20, -1
-0.941825, -0.325761, 0.645717, 0.05, -0.0411045, 0.196793, -0.00506856, 0.201104, 1008.34, 13338.2, 10, 2e-20, 3e-20, 2e-20, 2e-20, -1
-0.94886, -0.312549, 0.813731, 0.05, -0.058078, 0.0814519, -0.0303558, 0.104542, 1004.82, 7713.96, 10, 2e-20, 3e-20, 2e-20, 2e-20, -1
-0.949557, -0.291888, 0.868919, 0.05, 0.0879918, 0.0391422, 0.0985291, 0.137778, 1003.43, 5484.56, 10, 2e-20, 3e-20, 2e-20, 2e-20, -1
-0.894709, -0.27036, 0.785627, 0.05, -0.0499135, -0.0375253, 0.0925343, 0.111634, 1000.64, 1026.28, 10, 2e-20, 3e-20, 2e-20, 2e-20, -1
-0.910196, -0.286671, 0.83403, 0.05, 0.110119, -0.00205694, 0.00620737, 0.110313, 1003.07, 4906.64, 10, 2e-20, 3e-20, 2e-20, 2e-20, -1
-0.893981, -0.234494, 0.819381, 0.05, 0.0836183, -0.0625151, 0.00877041, 0.104772, 995.063, -7898.61, 10, 2e-20, 3e-20, 2e-20, 2e-20, -1
-0.922721, -0.300717, 0.899488, 0.05, -0.02704, 0.00771385, -0.00379111, 0.0283732, 1002.2, 3515.62, 10, 2e-20, 3e-20, 2e-20, 2e-20, -1
-0.875629, -0.308867, 0.944912, 0.05, 0.0334658, -0.052086, 0.123504, 0.138152, 1001.72, 2745.38, 10, 2e-20, 3e-20, 2e-20, 2e-20, -1
-0.86507, -0.257036, 0.966443, 0.05, 0.0574136, -0.00237518, -0.00048567, 0.0574648, 1005.82, 9317.21, 10, 2e-20, 3e-20, 2e-20, 2e-20, -1
-0.89902, -0.354919, 0.950814, 0.05, 0.0364873, 0.169516, -0.0288936, 0.17579, 1001.73, 2775.82, 10, 2e-20, 3e-20, 2e-20, 2e-20, -1
-0.90726, -0.237449, 0.987302, 0.05, 0.107393, -0.0837739, 0.0651115, 0.150967, 1000.79, 1271.76, 10, 2e-20, 3e-20, 2e-20, 2e-20, -1
-0.94724, -0.208642, 1.00532, 0.05, -0.133588, 0.0212164, 0.0703753, 0.152475, 1000.23, 372.926, 10, 2e-20, 3e-20, 2e-20, 2e-20, -1
-0.953481, -0.255876, 1.13597, 0.05, 0.00641481, -0.0549804, -0.0388743, 0.0676403, 1001.96, 3142.6, 10, 2e-20, 3e-20, 2e-20, 2e-20, -1
-0.943706, -0.254663, 1.0835, 0.05, -0.440817, 0.0282629, 0.00133381, 0.441724, 1003.42, 5469.01, 10, 2e-20, 3e-20, 2e-20, 2e-20, -1
-0.907626, -0.278307, 1.00957, 0.05, -0.136136, -0.189642, 0.107685, 0.257086, 1003.55, 5686.96, 10, 2e-20, 3e-20, 2e-20, 2e-20, -1
-0.84047, -0.255983, 1.03895, 0.05, -0.12906, -0.0436502, 0.368628, 0.392999, 1006.45, 10316.7, 10, 2e-20, 3e-20, 2e-20, 2e-20, -1
-0.838646, -0.334155, 1.02228, 0.05, 0.0328129, -0.0383743, 0.108939, 0.12007, 998.061, -3102.62, 10, 2e-20, 3e-20, 2e-20, 2e-20, -1
-0.892264, -0.263515, 1.04811, 0.05, 0.128874, 0.0191034, 0.0250296, 0.132665, 997.434, -4105.19, 10, 2e-20, 3e-20, 2e-20, 2e-20, -1
-0.866434, -0.296524, 1.04688, 0.05, 0.044218, -0.0678807, 0.15728, 0.176918, 1000.4, 639.207, 10, 2e-20, 3e-20, 2e-20, 2e-20, -1
-0.941336, -0.332604, 1.14858, 0.05, 0.0367093, 0.196084, -0.0232627, 0.200842, 1003.1, 4956.17, 10, 2e-20, 3e-20, 2e-20, 2e-20, -1
-0.890189, -0.186247, 1.26811, 0.05, -0.00153591, 0.0378984, -0.134892, 0.140123, 996.821, -5087.09, 10, 2e-20, 3e-20, 2e-20, 2e-20, -1
-0.814533, -0.242095, 1.12671, 0.05, 0.00732021, -0.121534, 0.0971826, 0.155783, 1007.21, 11536.1, 10, 2e-20, 3e-20, 2e-20, 2e-20, -1
-0.734185, -0.157527, 1.1974, 0.05, 0.144635, -0.151782, 0.130675, 0.247049, 1007.84, 12550.4, 10, 2e-20, 3e-20, 2e-20, 2e-20, -1
-0.645484, -0.190253, 1.18437, 0.05, 0.037149, -0.191363, -0.0245035, 0.196469, 1001.21, 1941.5, 10, 2e-20, 3e-20, 2e-20, 2e-20, -1
-0.602953, -0.180811, 1.19109, 0.05, 0.113168, -0.135094, -0.0262982, 0.178182, 1001.67, 2674.45, 10, 2e-20, 3e-20, 2e-20, 2e-20, -1
-0.549708, -0.148426, 1.24899, 0.05, 0.207877, -0.100675, -0.0217124, 0.231991, 998.627, -2197.03, 10, 2e-20, 3e-20, 2e-20, 2e-20, -1
-0.711489, -0.108896, 1.298, 0.05, 0.128089, -0.1446, -0.143287, 0.240514, 998.039, -3137.21, 10, 2e-20, 3e-20, 2e-20, 2e-20, -1
-0.607271, -0.131435, 1.18735, 0.05, 0.196432, 0.0670464, 0.0793781, 0.22222, 998.875, -1799.84, 10, 2e-20, 3e-20, 2e-20, 2e-20, -1
-0.59814, -0.139098, 1.19872, 0.05, 0.202943, 0.00355628, 0.0725054, 0.215536, 999.998, -3.943, 10, 2e-20, 3e-20, 2e-20, 2e-20, -1
-0.574267, -0.118535, 1.21786, 0.05, 0.101032, -0.18459, -0.0715923, 0.222276, 1000.31, 491.814, 10, 2e-20, 3e-20, 2e-20, 2e-20, -1
-0.580664, -0.0702108, 1.33673, 0.05, 0.120781, 0.0315518, 0.162367, 0.204809, 998.664, -2137.89, 10, 2e-20, 3e-20, 2e-20, 2e-20, -1
-1.00031, -0.230581, 0.0507278, 0.05, -0.148018, 0.0639951, -0.00732323, 0.161426, 1011.42, 18272.4, 10, 2e-20, 3e-20, 2e-20, 2e-20, -1
-0.997089, -0.213408, 0.192268, 0.05, 0.150812, -0.185783, 0.0709991, 0.2496, 1001.74, 2784.19, 10, 2e-20, 3e-20, 2e-20, 2e-20, -1
-1.00198, -0.271753, 0.220368, 0.05, 0.127398, 0.172387, -0.212326, 0.301711, 1008.28, 13253.5, 10, 2e-20, 3e-20, 2e-20, 2e-20, -1
-0.941029, -0.301874, 0.164694, 0.05, 0.00484867, 0.0354561, 0.0338001, 0.0492249, 1007.44, 11908.8, 10, 2e-20, 3e-20, 2e-20, 2e-20, -1
-0.962739, -0.273868, 0.253285, 0.05, 0.115693, 0.124264, 0.00836931, 0.169989, 995.455, -7272.35, 10, 2e-20, 3e-20, 2e-20, 2e-20, -1
-0.987361, -0.196618, 0.264438, 0.05, 0.110151, 0.249036, 0.00180506, 0.272316, 1005.66, 9049.1, 10, 2e-20, 3e-20, 2e-20, 2e-20, -1
-0.949131, -0.260468, 0.349286, 0.05, -0.0760416, 0.148773, 0.0356384, 0.170839, 1006.66, 10648.1, 10, 2e-20, 3e-20, 2e-20, 2e-20, -1
-0.935071, -0.297745, 0.377211, 0.05, 0.0404555, -0.0461063, 0.189709, 0.199379, 998.008, -3186.95, 10, 2e-20, 3e-20, 2e-20, 2e-20, -1
-0.956217, -0.198855, 0.378973, 0.05, 0.17855, 0.0989436, -0.0829656, 0.220348, 1011.49, 18384.2, 10, 2e-20, 3e-20, 2e-20, 2e-20, -1
-0.928813, -0.227145, 0.347754, 0.05, 0.121324, 0.25801, -0.00125075, 0.285114, 1003.74, 5990.72, 10, 2e-20, 3e-20, 2e-20, 2e-20, -1
-0.930572, -0.184393, 0.338664, 0.05, 0.012039, -0.182377, 0.0246998, 0.184435, 997.51, -3983.71, 10, 2e-20, 3e-20, 2e-20, 2e-20, -1
-0.925736, -0.252552, 0.38874, 0.05, -0.0302389, 0.0461675, 0.0432591, 0.0701226, 1000.13, 213.422, 10, 2e-20, 3e-20, 2e-20, 2e-20, -1
-0.958555, -0.225159, 0.41845, 0.05, 0.0836108, 0.119111, 0.0708607, 0.161863, 1000, 5.41811, 10, 2e-20, 3e-20, 2e-20, 2e-20, -1
-0.940813, -0.257616, 0.496249, 0.05, 0.0807836, -0.0392878, -0.123449, 0.152674, 1003.7, 5916.85, 10, 2e-20, 3e-20, 2e-20, 2e-20, -1
-0.938434, -0.192359, 0.554355, 0.05, 0.0259696, 0.110364, 0.120615, 0.165537, 1003.97, 6355.05, 10, 2e-20, 3e-20, 2e-20, 2e-20, -1
-0.937346, -0.227919, 0.52685, 0.05, 0.00594395, -0.136212, -0.101747, 0.170122, 1005.42, 8678.52, 10, 2e-20, 3e-20, 2e-20, 2e-20, -1
-0.950451, -0.210358, 0.600616, 0.05, 0.114982, 0.110252, -0.046185, 0.16586, 1002.84, 4548.56, 10, 2e-20, 3e-20, 2e-20, 2e-20, -1
-0.948678, -0.285942, 0.613822, 0.05, 0.0545048, 0.106124, 0.0225684, 0.121419, 1003.55, 5682.21, 10, 2e-20, 3e-20, 2e-20, 2e-20, -1
-0.999276, -0.20672, 0.801019, 0.05, -0.0270353, 0.0377385, 0.0430598, 0.0633186, 1003.32, 5317.38, 10, 2e-20, 3e-20, 2e-20, 2e-20, -1
-0.946911, -0.260404, 0.824286, 0.05, -0.0450472, -0.0816725, -0.0501102, 0.10588, 1003.22, 5146.96, 10, 2e-20, 3e-20, 2e-20, 2e-20, -1
-0.938506, -0.227771, 0.790314, 0.05, -0.0226977, 0.034034, 0.0447376, 0.0606213, 999.843, -250.735, 10, 2e-20, 3e-20, 2e-20, 2e-20, -1
-0.896358, -0.196537, 0.688525, 0.05, 0.095343, -0.0129559, 0.101701, 0.140004, 1004.52, 7225.72, 10, 2e-20, 3e-20, 2e-20, 2e-20, -1
-1.00062, -0.243811, 0.933689, 0.05, 0.017093, 0.0742902, 0.028773, 0.0814806, 1002.43, 3891.72, 10, 2e-20, 3e-20, 2e-20, 2e-20, -1
-0.946437, -0.192801, 0.88462, 0.05, -0.0271487, -0.0599114, -0.0353102, 0.0746541, 1004.55, 7285.87, 10, 2e-20, 3e-20, 2e-20, 2e-20, -1
-0.93077, -0.247867, 0.894071, 0.05, -0.0431804, 0.0341486, 0.0259833, 0.0608754, 998.193, -2891.85, 10, 2e-20, 3e-20, 2e-20, 2e-20, -1
-0.935464, -0.237892, 0.868716, 0.05, 0.0395769, 0.0592144, 0.0933819, 0.117443, 1000.8, 1280.72, 10, 2e-20, 3e-20, 2e-20, 2e-20, -1
-0.932414, -0.162791, 0.927207, 0.05, -0.162558, -0.0566315, 0.0621521, 0.183016, 1003.27, 5230.09, 10, 2e-20, 3e-20, 2e-20, 2e-20, -1
-0.904783, -0.126312, 0.893816, 0.05, 0.156178, 0.0134508, -0.146786, 0.214753, 997.586, -3863.13, 10, 2e-20, 3e-20, 2e-20, 2e-20, -1
-0.938888, -0.0879618, 0.962332, 0.05, -0.223791, -0.147097, -0.0344529, 0.270013, 997.269, -4369.21, 10, 2e-20, 3e-20, 2e-20, 2e-20, -1
-0.912248, -0.127772, 0.950477, 0.05, -0.0312878, -0.217571, 0.0871314, 0.236449, 999.777, -356.782, 10, 2e-20, 3e-20, 2e-20, 2e-20, -1
-0.946964, -0.166034, 1.01915, 0.05, -0.161265, -0.346392, -0.0665319, 0.38784, 1001.12, 1789.89, 10, 2e-20, 3e-20, 2e-20, 2e-20, -1
-0.8752, -0.158534, 0.955381, 0.05, -0.10132, -0.108249, -0.0334062, 0.151985, 1002.36, 3777.98, 10, 2e-20, 3e-20, 2e-20, 2e-20, -1
-0.89651, -0.212597, 1.0705, 0.05, -0.021223, -0.0971629, -0.00169843, 0.0994683, 998.502, -2396.33, 10, 2e-20, 3e-20, 2e-20, 2e-20, -1
-0.937354, -0.202301, 1.05683, 0.05, -0.129415, -0.0848644, 0.194647, 0.248672, 1004.91, 7859.47, 10, 2e-20, 3e-20, 2e-20, 2e-20, -1
-0.953955, -0.121082, 1.18163, 0.05, 0.150036, -0.0851831, 0.130581, 0.216376, 1003.11, 4970.88, 10, 2e-20, 3e-20, 2e-20, 2e-20, -1
-0.935584, -0.177606, 1.09276, 0.05, -0.0367711, -0.284016, 0.0147801, 0.286768, 1002.41, 3862.26, 10, 2e-20, 3e-20, 2e-20, 2e-20, -1
-0.920293, -0.198325, 1.20924, 0.05, 0.0135014, 0.0259698, 0.160403, 0.163052, 1000.64, 1027.74, 10, 2e-20, 3e-20, 2e-20, 2e-20, -1
-0.890739, -0.158523, 1.11995, 0.05, -0.0734032, -0.0527771, -0.0307413, 0.0954908, 1002.6, 4153.19, 10, 2e-20, 3e-20, 2e-20, 2e-20, -1
-0.904947, -0.20392, 1.15332, 0.05, -0.0607312, -0.256587, -0.102787, 0.283002, 999.843, -251.473, 10, 2e-20, 3e-20, 2e-20, 2e-20, -1
-0.921611, -0.216953, 1.11676, 0.05, -0.103496, 0.0104256, 0.0173681, 0.105459, 1001.06, 1699.88, 10, 2e-20, 3e-20, 2e-20, 2e-20, -1
-1.00302, -0.114107, 1.30594, 0.05, 0.356839, -0.146468, -0.179165, 0.425308, 995.016, -7974.14, 10, 2e-20, 3e-20, 2e-20, 2e-20, -1
-0.947559, -0.123057, 1.30293, 0.05, -0.0213649, 0.140261, 0.211476, 0.25466, 1007.08, 11329.6, 10, 2e-20, 3e-20, 2e-20, 2e-20, -1
-0.918507, -0.158816, 1.171, 0.05, -0.0280898, -0.263287, 0.0630965, 0.272195, 1003.87, 6185.2, 10, 2e-20, 3e-20, 2e-20, 2e-20, -1
-0.832671, -0.0428081, 1.16237, 0.05, -0.0224333, -0.226736, -0.0298266, 0.229787, 999.533, -746.409, 10, 2e-20, 3e-20, 2e-20, 2e-20, -1
-0.836619, -0.0520525, 1.24118, 0.05, 0.16741, 0.127748, -0.259158, 0.333929, 995.576, -7078.42, 10, 2e-20, 3e-20, 2e-20, 2e-20, -1
-0.735592, -0.120596, 1.264, 0.05, 0.224064, -0.157754, 0.0191252, 0.274694, 1009.2, 14715.2, 10, 2e-20, 3e-20, 2e-20, 2e-20, -1
-0.778671, -0.0775465, 1.25764, 0.05, 0.171606, 0.139433, -0.0144945, 0.221585, 1004.1, 6556.39, 10, 2e-20, 3e-20, 2e-20, 2e-20, -1
-0.624186, -0.0886955, 1.20536, 0.05, 0.184513, -0.105323, -0.128214, 0.248147, 995.72, -6847.37, 10, 2e-20, 3e-20, 2e-20, 2e-20, -1
-0.588774, -0.102622, 1.27364, 0.05, 0.215819, -0.128079, -0.00375471, 0.25099, 998.419, -2530.14, 10, 2e-20, 3e-20, 2e-20, 2e-20, -1
-0.528195, 0.0285911, 1.34461, 0.05, 0.133315, 0.00569077, 0.112514, 0.174541, 1001.98, 3160.25, 10, 2e-20, 3e-20, 2e-20, 2e-20, -1
-0.5773, -0.146203, 1.37795, 0.05, 0.194485, 0.133268, 0.117597, 0.263465, 1000.56, 901.263, 10, 2e-20, 3e-20, 2e-20, 2e-20, -1
-0.998098, -0.188067, 0.13288, 0.05, 0.0725803, 0.046732, 0.175657, 0.195722, 1013.56, 21699.2, 10, 2e-20, 3e-20, 2e-20, 2e-20, -1
-1.00612, -0.175935, 0.0747337, 0.05, 0.0259989, 0.204913, 0.0802072, 0.221581, 1006.69, 10710, 10, 2e-20, 3e-20, 2e-20, 2e-20, -1
-0.999113, -0.146925, 0.272224, 0.05, 0.0577309, 0.103757, 0.215288, 0.245861, 1006.61, 10581.4, 10, 2e-20, 3e-20, 2e-20, 2e-20, -1
-0.954332, -0.154906, 0.242188, 0.05, -0.0893685, -0.127562, 0.0298375, 0.158585, 1004.09, 6544.4, 10, 2e-20, 3e-20, 2e-20, 2e-20, -1
-0.944483, -0.105636, 0.252415, 0.05, -0.196694, -0.0113783, -0.122779, 0.232148, 1003.82, 6110.36, 10, 2e-20, 3e-20, 2e-20, 2e-20, -1
-0.957049, -0.166233, 0.297974, 0.05, -0.0818593, 0.0628897, -0.0250664, 0.106228, 997.385, -4183.69, 10, 2e-20, 3e-20, 2e-20, 2e-20, -1
-0.997537, 0.0662585, 0.287803, 0.05, -0.186988, 0.185772, -0.102999, 0.282992, 1013.01, 20812.4, 10, 2e-20, 3e-20, 2e-20, 2e-20, -1
-0.956139, -0.109057, 0.303384, 0.05, -0.140984, 0.165995, 0.118693, 0.24803, 1012.94, 20703.3, 10, 2e-20, 3e-20, 2e-20, 2e-20, -1
-0.946996, -0.140057, 0.337904, 0.05, 0.00901659, 0.125384, -0.0903174, 0.154789, 998.924, -1721.24, 10, 2e-20, 3e-20, 2e-20, 2e-20, -1
-0.909673, -0.121488, 0.361513, 0.05, 0.0892557, 0.0843063, -0.191354, 0.227356, 1007.24, 11589.6, 10, 2e-20, 3e-20, 2e-20, 2e-20, -1
-0.950706, -0.13713, 0.43131, 0.05, -0.110503, -0.140798, -0.101435, 0.205728, 1000.16, 257.158, 10, 2e-20, 3e-20, 2e-20, 2e-20, -1
-0.939708, -0.156701, 0.382743, 0.05, 0.0135039, -0.0749909, 0.0896061, 0.117623, 1003.44, 5503.66, 10, 2e-20, 3e-20, 2e-20, 2e-20, -1
-0.941591, -0.167044, 0.473447, 0.05, 0.140076, -0.0787828, -0.0495251, 0.168169, 1005.64, 9027.15, 10, 2e-20, 3e-20, 2e-20, 2e-20, -1
-0.942834, -0.213095, 0.470684, 0.05, 0.172792, -0.0145692, -0.12042, 0.211117, 1002.28, 3651.39, 10, 2e-20, 3e-20, 2e-20, 2e-20, -1
-0.958873, -0.113175, 0.512463, 0.05, 0.024983, -0.0265584, -0.0154699, 0.0396083, 1005.52, 8837.6, 10, 2e-20, 3e-20, 2e-20, 2e-20, -1
-0.945402, -0.180485, 0.515517, 0.05, -0.00302131, 0.169368, -0.107122, 0.200424, 1006.22, 9949.27, 10, 2e-20, 3e-20, 2e-20, 2e-20, -1
-0.949612, -0.142671, 0.559266, 0.05, -0.0623129, 0.000907932, 0.0151036, 0.0641236, 1005.84, 9350.51, 10, 2e-20, 3e-20, 2e-20, 2e-20, -1
-0.943841, -0.207331, 0.704262, 0.05, 0.207577, -0.0393944, 0.104001, 0.235492, 998.967, -1653.29, 10, 2e-20, 3e-20, 2e-20, 2e-20, -1
-1.00311, -0.0969192, 0.673603, 0.05, -0.0285392, -0.0100458, -0.18663, 0.189066, 1005.55, 8879.41, 10, 2e-20, 3e-20, 2e-20, 2e-20, -1
-0.950374, -0.150482, 0.754416, 0.05, 0.00833385, 0.0902666, 0.0687238, 0.113756, 1002.35, 3755.78, 10, 2e-20, 3e-20, 2e-20, 2e-20, -1
-0.959255, -0.180924, 0.783126, 0.05, -0.0354054, -0.0174704, 0.164602, 0.16927, 1002.2, 3523.69, 10, 2e-20, 3e-20, 2e-20, 2e-20, -1
-0.924284, -0.195011, 0.744394, 0.05, -0.0228446, 0.0707031, -0.0161408, 0.076035, 999.443, -891.352, 10, 2e-20, 3e-20, 2e-20, 2e-20, -1
-0.950202, -0.122295, 0.78174, 0.05, -0.0937682, -0.113564, 0.0329079, 0.150904, 1000.51, 821.296, 10, 2e-20, 3e-20, 2e-20, 2e-20, -1
-0.892401, -0.168913, 0.719987, 0.05, -0.0872246, 0.0532867, -0.120412, 0.157945, 1000.53, 849.115, 10, 2e-20, 3e-20, 2e-20, 2e-20, -1
-0.934713, -0.159897, 0.821199, 0.05, 0.0346651, -0.0785357, -0.00593231, 0.0860507, 1003.38, 5406, 10, 2e-20, 3e-20, 2e-20, 2e-20, -1
-0.938544, -0.155138, 0.872117, 0.05, -0.164685, -0.192038, -0.172645, 0.306278, 1002.23, 3563.31, 10, 2e-20, 3e-20, 2e-20, 2e-20, -1
-0.945383, -0.110926, 0.882038, 0.05, -0.17871, 0.0705592, 0.011628, 0.192486, 1003.76, 6021.4, 10, 2e-20, 3e-20, 2e-20, 2e-20, -1
-0.872868, -0.0697029, 0.86012, 0.05, -0.0399758, -0.138896, 0.0274755, 0.147123, 995.434, -7305.79, 10, 2e-20, 3e-20, 2e-20, 2e-20, -1
-0.891037, -0.079636, 0.936838, 0.05, 0.174262, -0.124798, -0.0783438, 0.228209, 1011.12, 17796.5, 10, 2e-20, 3e-20, 2e-20, 2e-20, -1
-0.880497, -0.168734, 0.900337, 0.05, 0.0284401, -0.175554, 0.00416683, 0.177892, 997.056, -4709.7, 10, 2e-20, 3e-20, 2e-20, 2e-20, -1
-0.949398, -0.128276, 0.992345, 0.05, 0.123421, -0.0771196, -0.192967, 0.241695, 1010.64, 17021.8, 10, 2e-20, 3e-20, 2e-20, 2e-20, -1
-0.867417, -0.0889503, 0.98116, 0.05, 0.0393351, -0.222954, -0.107335, 0.250552, 1001.67, 2664.79, 10, 2e-20, 3e-20, 2e-20, 2e-20, -1
-0.85208, -0.166669, 1.00405, 0.05, 0.205372, -0.246531, 0.0679948, 0.327992, 1005.15, 8238.54, 10, 2e-20, 3e-20, 2e-20, 2e-20, -1
-0.899428, -0.166613, 1.03374, 0.05, 0.109629, -0.0823328, 0.0171262, 0.138169, 1005.83, 9325.72, 10, 2e-20, 3e-20, 2e-20, 2e-20, -1
-0.99422, -0.152804, 1.23811, 0.05, 0.0193058, -0.267792, 0.115654, 0.292338, 1004.19, 6706.6, 10, 2e-20, 3e-20, 2e-20, 2e-20, -1
-0.903481, -0.156591, 1.08256, 0.05, -0.0118839, -0.203048, 0.0547314, 0.210631, 1003.41, 5449.54, 10, 2e-20, 3e-20, 2e-20, 2e-20, -1
-0.89044, -0.0436491, 1.14215, 0.05, 0.0863567, -0.214308, -0.0444927, 0.235298, 1001.85, 2954.37, 10, 2e-20, 3e-20, 2e-20, 2e-20, -1
-0.844764, -0.158792, 1.1123, 0.05, 0.0738768, -0.00232283, -0.0631115, 0.0971917, 1004.33, 6933.05, 10, 2e-20, 3e-20, 2e-20, 2e-20, -1
-0.918281, -0.0758797, 1.15054, 0.05, 0.0820308, -0.0597642, 0.0438283, 0.110552, 999.822, -285.053, 10, 2e-20, 3e-20, 2e-20, 2e-20, -1
-1.01394, -0.158527, 1.26928, 0.05, -0.0694046, -0.246891, 0.0841165, 0.269903, 993.654, -10153.9, 10, 2e-20, 3e-20, 2e-20, 2e-20, -1
-0.925444, -0.0624066, 1.23106, 0.05, -0.200984, 0.0643463, -0.0276689, 0.212839, 1000.69, 1110.84, 10, 2e-20, 3e-20, 2e-20, 2e-20, -1
-0.764115, -0.0637227, 1.19341, 0.05, 0.0829853, -0.00740167, -0.168331, 0.187821, 996.625, -5399.21, 10, 2e-20, 3e-20, 2e-20, 2e-20, -1
-0.824116, -0.0450239, 1.19504, 0.05, 0.0893418, -0.184974, 0.0160508, 0.206046, 993.503, -10394.9, 10, 2e-20, 3e-20, 2e-20, 2e-20, -1
-0.731637, -0.108249, 1.33382, 0.05, 0.114352, -0.0272317, -0.18902, 0.222591, 993.697, -10084.6, 10, 2e-20, 3e-20, 2e-20, 2e-20, -1
-0.721868, -0.0681192, 1.2416, 0.05, 0.198001, 0.0301812, -0.131032, 0.239342, 1004.5, 7192.18, 10, 2e-20, 3e-20, 2e-20, 2e-20, -1
-0.62012, -0.0534295, 1.2507, 0.05, 0.0223551, -0.0762808, -0.0534581, 0.0957929, 998.021, -3166.59, 10, 2e-20, 3e-20, 2e-20, 2e-20, -1
-0.733112, -0.0433054, 1.23907, 0.05, 0.0289656, 0.0373417, -0.112166, 0.121715, 1001.15, 1836.52, 10, 2e-20, 3e-20, 2e-20, 2e-20, -1
-0.670765, -0.0449015, 1.2456, 0.05, 0.117047, -0.152172, 0.140509, 0.237906, 997.286, -4342.99, 10, 2e-20, 3e-20, 2e-20, 2e-20, -1
-0.667618, -0.084096, 1.24902, 0.05, 0.0844027, 0.079135, -0.139759, 0.181436, 998.799, -1921.68, 10, 2e-20, 3e-20, 2e-20, 2e-20, -1
-0.568921, -0.00573326, 1.33908, 0.05, 0.193563, -0.0889347, 0.0543949, 0.219851, 1002.69, 4307.25, 10, 2e-20, 3e-20, 2e-20, 2e-20, -1
-0.606131, -0.0783431, 1.29183, 0.05, 0.0843766, 0.0284563, -0.024475, 0.0923482, 999.008, -1586.73, 10, 2e-20, 3e-20, 2e-20, 2e-20, -1
-0.944208, -0.0682302, 0.0517891, 0.05, -0.0798663, 0.0279736, -0.0128837, 0.0855987, 1008.55, 13673.4, 10, 2e-20, 3e-20, 2e-20, 2e-20, -1
-0.973227, -0.134384, 0.127885, 0.05, -0.0125037, 0.221597, 0.0012675, 0.221953, 1012.24, 19585, 10, 2e-20, 3e-20, 2e-20, 2e-20, -1
-0.99623, -0.0480439, 0.110998, 0.05, -0.116594, 0.0945773, -0.231919, 0.276271, 1010.23, 16364.5, 10, 2e-20, 3e-20, 2e-20, 2e-20, -1
-0.957809, -0.0884205, 0.112952, 0.05, 0.297336, -0.168187, 0.0744889, 0.349635, 1003.73, 5972.4, 10, 2e-20, 3e-20, 2e-20, 2e-20, -1
-0.99971, -0.0358274, 0.24763, 0.05, -0.120487, 0.0892038, 0.169068, 0.225961, 1008.03, 12852.2, 10, 2e-20, 3e-20, 2e-20, 2e-20, -1
-0.993156, 0.112604, 0.321934, 0.05, 0.00643302, 0.198237, -0.296089, 0.356382, 1011.02, 17636, 10, 2e-20, 3e-20, 2e-20, 2e-20, -1
-0.995636, -0.0385797, 0.324048, 0.05, -0.267041, 0.157982, -0.156331, 0.347431, 1016.3, 26075, 10, 2e-20, 3e-20, 2e-20, 2e-20, -1
-1.00317, 0.0132185, 0.386771, 0.05, -0.0231638, -0.00312248, -0.293179, 0.294109, 1009.2, 14719.1, 10, 2e-20, 3e-20, 2e-20, 2e-20, -1
-0.981263, -0.0188065, 0.380702, 0.05, 0.0752426, 0.142989, -0.0234262, 0.163267, 1005.57, 8912.61, 10, 2e-20, 3e-20, 2e-20, 2e-20, -1
-0.936792, -0.0350028, 0.331248, 0.05, -0.0314211, -0.0605555, -0.230857, 0.240727, 1002.16, 3449.06, 10, 2e-20, 3e-20, 2e-20, 2e-20, -1
-0.997885, -0.0464686, 0.592786, 0.05, -0.26002, 0.0946525, 0.276953, 0.3915, 1010.98, 17572.7, 10, 2e-20, 3e-20, 2e-20, 2e-20, -1
-1.00102, -0.00606697, 0.463823, 0.05, -0.182879, -0.011317, 0.108081, 0.21273, 1006.07, 9710.56, 10, 2e-20, 3e-20, 2e-20, 2e-20, -1
-1.00134, -0.0343266, 0.534894, 0.05, -0.0708524, 0.148378, -0.186328, 0.248504, 1017.67, 28270.6, 10, 2e-20, 3e-20, 2e-20, 2e-20, -1
-0.945273, -0.0484505, 0.436821, 0.05, 0.0612246, 0.0460191, -0.286688, 0.296743, 1006.5, 10392.8, 10, 2e-20, 3e-20, 2e-20, 2e-20, -1
-0.999014, -0.0263322, 0.759214, 0.05, 0.0758195, -0.17381, 0.0568573, 0.197968, 1002.19, 3506.36, 10, 2e-20, 3e-20, 2e-20, 2e-20, -1
-1.00058, -0.110846, 0.734762, 0.05, 0.044495, 0.138849, 0.208652, 0.254548, 1010.17, 16270.2, 10, 2e-20, 3e-20, 2e-20, 2e-20, -1
-1.00245, -0.0384709, 0.702761, 0.05, -0.0315902, 0.243247, -0.101275, 0.265374, 1011.24, 17977.3, 10, 2e-20, 3e-20, 2e-20, 2e-20, -1
-0.950333, -0.0850877, 0.636965, 0.05, 0.0195803, -0.0763545, 0.00526437, 0.0790007, 1002.71, 4339.64, 10, 2e-20, 3e-20, 2e-20, 2e-20, -1
-0.974421, -0.0828667, 0.707086, 0.05, 0.0337351, -0.0198513, 0.302084, 0.304609, 1004.19, 6702.09, 10, 2e-20, 3e-20, 2e-20, 2e-20, -1
-0.991464, -0.0728229, 0.754785, 0.05, 0.0768147, -0.169104, 0.0528997, 0.193119, 1008.31, 13297.6, 10, 2e-20, 3e-20, 2e-20, 2e-20, -1
-0.944625, -0.113287, 0.829333, 0.05, -0.0326512, -0.141558, 0.0827523, 0.16719, 1003.93, 6289.85, 10, 2e-20, 3e-20, 2e-20, 2e-20, -1
-0.998852, -0.0203195, 0.96824, 0.05, 0.0893726, -0.124444, 0.149176, 0.213839, 1006.51, 10413.2, 10, 2e-20, 3e-20, 2e-20, 2e-20, -1
-0.99779, -0.0588116, 0.926977, 0.05, 0.107786, -0.109566, -0.0140584, 0.154338, 1005.97, 9556.77, 10, 2e-20, 3e-20, 2e-20, 2e-20, -1
-0.94929, -0.0441874, 0.962375, 0.05, -0.0593594, 0.0956291, -0.0564903, 0.125935, 997.724, -3641.99, 10, 2e-20, 3e-20, 2e-20, 2e-20, -1
-0.952155, -0.100212, 1.02062, 0.05, 0.249581, 0.186176, -0.170924, 0.3552, 1001.32, 2112.7, 10, 2e-20, 3e-20, 2e-20, 2e-20, -1
-0.977576, 0.0225247, 1.00378, 0.05, 0.00690921, 0.148068, -0.0285831, 0.150959, 1002.33, 3728.99, 10, 2e-20, 3e-20, 2e-20, 2e-20, -1
-0.915218, -0.0550912, 0.99421, 0.05, -0.145295, -0.11633, 0.04039, 0.190459, 1003.17, 5066.34, 10, 2e-20, 3e-20, 2e-20, 2e-20, -1
-0.915349, -0.0933175, 1.01416, 0.05, 0.0292134, -0.183602, 0.0201975, 0.187005, 1002.77, 4433.97, 10, 2e-20, 3e-20, 2e-20, 2e-20, -1
-0.940193, -0.136847, 1.05437, 0.05, 0.07652, -0.16306, 0.00880215, 0.180337, 1004.62, 7384.8, 10, 2e-20, 3e-20, 2e-20, 2e-20, -1
-0.955361, -0.0848517, 1.06538, 0.05, 0.0178617, -0.0197784, -0.0541809, 0.0603804, 997.3, -4319.57, 10, 2e-20, 3e-20, 2e-20, 2e-20, -1
-0.935808, -0.0475956, 1.03386, 0.05, -0.0994476, -0.256639, -0.198468, 0.339328, 1002.52, 4032.29, 10, 2e-20, 3e-20, 2e-20, 2e-20, -1
-0.867916, -0.0593122, 1.01887, 0.05, 0.114602, -0.138166, -0.0178875, 0.180398, 998.416, -2534.09, 10, 2e-20, 3e-20, 2e-20, 2e-20, -1
-0.958024, -0.00240558, 1.10311, 0.05, 0.113726, 0.119947, 0.173928, 0.239942, 992.464, -12058.2, 10, 2e-20, 3e-20, 2e-20, 2e-20, -1
-0.896429, -0.133369, 0.987528, 0.05, -0.11191, 0.000669314, -0.042148, 0.119586, 1002.77, 4439.23, 10, 2e-20, 3e-20, 2e-20, 2e-20, -1
-0.899451, -0.0936449, 1.05901, 0.05, 0.0792356, -0.268269, -0.15817, 0.321347, 1003.92, 6273.84, 10, 2e-20, 3e-20, 2e-20, 2e-20, -1
-0.94067, -0.040798, 1.07201, 0.05, -0.0459349, 0.0552238, -0.119993, 0.13985, 993.801, -9918.38, 10, 2e-20, 3e-20, 2e-20, 2e-20, -1
-0.907861, -0.0720075, 1.09385, 0.05, 0.158831, -0.225604, 0.0822528, 0.287906, 1004.64, 7431.06, 10, 2e-20, 3e-20, 2e-20, 2e-20, -1
-0.837363, -0.111735, 1.05794, 0.05, -0.0711596, -0.276501, -0.123613, 0.311122, 999.86, -223.618, 10, 2e-20, 3e-20, 2e-20, 2e-20, -1
-0.837664, -0.08171, 1.08984, 0.05, -0.0400038, -0.112655, -0.171658, 0.209184, 1001.47, 2346.29, 10, 2e-20, 3e-20, 2e-20, 2e-20, -1
-0.812809, 0.0230363, 1.1435, 0.05, -0.0156637, -0.14474, -0.247402, 0.287058, 993.837, -9860.75, 10, 2e-20, 3e-20, 2e-20, 2e-20, -1
-0.811176, -0.0264259, 1.27496, 0.05, 0.326187, -0.0268221, -0.288414, 0.436234, 997.684, -3705.41, 10, 2e-20, 3e-20, 2e-20, 2e-20, -1
-0.814774, 0.00518515, 1.21739, 0.05, 0.150433, -0.313467, 0.0176073, 0.34814, 1000.8, 1273.76, 10, 2e-20, 3e-20, 2e-20, 2e-20, -1
-0.723096, -0.0682381, 1.28373, 0.05, 0.111566, -0.12216, -0.117802, 0.203094, 999.568, -690.737, 10, 2e-20, 3e-20, 2e-20, 2e-20, -1
-0.696059, -0.0205444, 1.27081, 0.05, 0.240281, -0.0547199, -0.188247, 0.310107, 1002.17, 3471.25, 10, 2e-20, 3e-20, 2e-20, 2e-20, -1
-0.775666, -0.0244098, 1.24639, 0.05, 0.200088, -0.230807, -0.211764, 0.371687, 1002.76, 4416.5, 10, 2e-20, 3e-20, 2e-20, 2e-20, -1
-0.630673, -0.0030601, 1.27301, 0.05, 0.10633, 0.00852691, -0.0882238, 0.138427, 1006.86, 10978.5, 10, 2e-20, 3e-20, 2e-20, 2e-20, -1
-0.740093, -0.0265378, 1.28139, 0.05, 0.121664, 0.0858031, -0.246901, 0.288313, 997.692, -3693.39, 10, 2e-20, 3e-20, 2e-20, 2e-20, -1
-0.642109, -0.0353101, 1.28076, 0.05, 0.00719416, -0.206179, -0.107705, 0.232727, 1002.83, 4529.01, 10, 2e-20, 3e-20, 2e-20, 2e-20, -1
-0.784219, -0.0744378, 1.30236, 0.05, 0.165906, -0.0137871, -0.0624584, 0.177809, 993.492, -10412.3, 10, 2e-20, 3e-20, 2e-20, 2e-20, -1
-0.662439, -0.0797868, 1.28996, 0.05, 0.222562, -0.0373596, -0.0336742, 0.228174, 999.649, -562.1, 10, 2e-20, 3e-20, 2e-20, 2e-20, -1
-0.682174, -0.097808, 1.34986, 0.05, 0.176614, -0.00644892, 0.144494, 0.228282, 1005.09, 8142.86, 10, 2e-20, 3e-20, 2e-20, 2e-20, -1
-0.963434, 0.109769, 0.0452532, 0.05, 0.113327, 0.0741089, -0.0270478, 0.138082, 1014.95, 23912.7, 10, 2e-20, 3e-20, 2e-20, 2e-20, -1
-0.999538, 0.157061, 0.207051, 0.05, 0.0198508, 0.217836, 0.0785779, 0.232424, 1016.09, 25751, 10, 2e-20, 3e-20, 2e-20, 2e-20, -1
-1.00102, 0.0203466, 0.216748, 0.05, 0.204438, 0.0986077, 0.110667, 0.252518, 1017.29, 27671.1, 10, 2e-20, 3e-20, 2e-20, 2e-20, -1
-0.969334, 0.15105, 0.15733, 0.05, -0.196558, 0.0735795, 0.119758, 0.241642, 1004.87, 7790.58, 10, 2e-20, 3e-20, 2e-20, 2e-20, -1
-0.943091, 0.104435, 0.16947, 0.05, -0.00684813, 0.196071, 0.0808663, 0.212203, 1015.12, 24188.5, 10, 2e-20, 3e-20, 2e-20, 2e-20, -1
-0.95781, 0.107091, 0.219436, 0.05, -0.149508, 0.220658, 0.0072265, 0.266636, 1015.24, 24389, 10, 2e-20, 3e-20, 2e-20, 2e-20, -1
-0.97271, 0.129243, 0.365569, 0.05, -0.0679911, 0.118553, 0.0888487, 0.163008, 1000.63, 1000.72, 10, 2e-20, 3e-20, 2e-20, 2e-20, -1
-0.948384, 0.0724169, 0.301482, 0.05, -0.0741187, 0.238606, -0.214561, 0.329337, 1005.26, 8420.73, 10, 2e-20, 3e-20, 2e-20, 2e-20, -1
-0.945672, 0.0615354, 0.348403, 0.05, 0.0285113, 0.0156965, -0.0742345, 0.0810557, 1001.1, 1764.88, 10, 2e-20, 3e-20, 2e-20, 2e-20, -1
-0.948398, 0.0264728, 0.316307, 0.05, 0.00475945, -0.0747719, -0.0626368, 0.0976569, 1009.6, 15357.7, 10, 2e-20, 3e-20, 2e-20, 2e-20, -1
-0.939035, 0.0836324, 0.420412, 0.05, 0.0545809, 0.0533847, -0.251184, 0.262531, 1012.78, 20447.1, 10, 2e-20, 3e-20, 2e-20, 2e-20, -1
-0.948997, 0.0107811, 0.353511, 0.05, -0.152751, 0.0974965, -0.0815506, 0.198718, 1007.96, 12728.8, 10, 2e-20, 3e-20, 2e-20, 2e-20, -1
-0.974958, -0.00402156, 0.426804, 0.05, -0.103757, -0.0459091, -0.203083, 0.232628, 1006.47, 10349.1, 10, 2e-20, 3e-20, 2e-20, 2e-20, -1
-0.976494, 0.0377716, 0.611896, 0.05, -0.148953, -0.0228641, -0.106178, 0.184346, 1004.93, 7892.19, 10, 2e-20, 3e-20, 2e-20, 2e-20, -1
-0.966278, -0.0298628, 0.569676, 0.05, -0.188621, 0.017943, -0.0957202, 0.212278, 1009.77, 15627.9, 10, 2e-20, 3e-20, 2e-20, 2e-20, -1
-0.959263, 0.0183352, 0.469822, 0.05, -0.0460008, 0.0411973, 0.143273, 0.156014, 1002.52, 4024.25, 10, 2e-20, 3e-20, 2e-20, 2e-20, -1
-0.940741, -0.00165628, 0.600473, 0.05, 0.00441695, 0.000815426, 0.187248, 0.187302, 1003.36, 5369.46, 10, 2e-20, 3e-20, 2e-20, 2e-20, -1
-0.945759, -0.0427192, 0.620276, 0.05, -0.0373523, -0.0538206, 0.0861927, 0.108264, 998.371, -2606.01, 10, 2e-20, 3e-20, 2e-20, 2e-20, -1
-0.996343, 0.0735012, 0.735051, 0.05, -0.0186589, 0.0754214, -0.145817, 0.165225, 1010.43, 16691.4, 10, 2e-20, 3e-20, 2e-20, 2e-20, -1
-0.962772, -0.0227807, 0.708437, 0.05, 0.00911789, 0.00841399, -0.0179365, 0.0218094, 998.984, -1625.76, 10, 2e-20, 3e-20, 2e-20, 2e-20, -1
-0.95229, -0.0442969, 0.671937, 0.05, -0.0529068, 0.0834511, -0.104568, 0.143867, 1009.09, 14551.1, 10, 2e-20, 3e-20, 2e-20, 2e-20, -1
-0.933573, -0.0667131, 0.716951, 0.05, 0.0662358, -0.063269, 0.128301, 0.157643, 998.699, -2081.67, 10, 2e-20, 3e-20, 2e-20, 2e-20, -1
-0.948003, -0.061124, 0.818551, 0.05, -0.116586, -0.0153788, 0.0106609, 0.118078, 1005.57, 8908.17, 10, 2e-20, 3e-20, 2e-20, 2e-20, -1
-0.996004, 0.00797554, 0.859166, 0.05, 0.0624902, -0.123893, -0.077347, 0.158862, 1006.02, 9630.17, 10, 2e-20, 3e-20, 2e-20, 2e-20, -1
-0.992069, 0.0443313, 0.910225, 0.05, 0.0128718, 0.218511, 0.0852183, 0.234894, 1001.9, 3045.26, 10, 2e-20, 3e-20, 2e-20, 2e-20, -1
-0.998875, -0.00702933, 0.9129, 0.05, 0.0381563, 0.0112789, -0.12243, 0.128733, 1002.67, 4275.26, 10, 2e-20, 3e-20, 2e-20, 2e-20, -1
-0.947597, 0.0180211, 0.898457, 0.05, -0.0710857, -0.0620581, 0.0372499, 0.101449, 1003.39, 5430.83, 10, 2e-20, 3e-20, 2e-20, 2e-20, -1
-0.942999, 0.0468183, 0.857574, 0.05, 0.025647, -0.151382, -0.350183, 0.382365, 1002.17, 3473.41, 10, 2e-20, 3e-20, 2e-20, 2e-20, -1
-0.935295, 0.111409, 0.893805, 0.05, -0.412504, -0.0333069, 0.194422, 0.457241, 1010.62, 16993.7, 10, 2e-20, 3e-20, 2e-20, 2e-20, -1
-0.953851, 0.110543, 1.00037, 0.05, -0.0755416, -0.214215, -0.112302, 0.25339, 991.83, -13071.8, 10, 2e-20, 3e-20, 2e-20, 2e-20, -1
-1.00357, 0.0269209, 1.08365, 0.05, 0.0982631, 0.0556444, -0.157091, 0.193467, 992.592, -11853.3, 10, 2e-20, 3e-20, 2e-20, 2e-20, -1
-0.998469, -0.0127012, 1.19895, 0.05, 0.198057, 0.266314, -0.259291, 0.421167, 993.02, -11167.9, 10, 2e-20, 3e-20, 2e-20, 2e-20, -1
-0.9399, -0.0209501, 1.15154, 0.05, 0.0360375, 0.057714, 0.188382, 0.200293, 999.183, -1307.99, 10, 2e-20, 3e-20, 2e-20, 2e-20, -1
-0.944088, 0.031065, 1.13999, 0.05, -0.0829931, -0.0980033, -0.0316169, 0.132258, 1013.62, 21799.4, 10, 2e-20, 3e-20, 2e-20, 2e-20, -1
-0.894077, 0.0409516, 1.02973, 0.05, 0.10284, -0.0715255, -0.0238132, 0.127511, 1000.67, 1078.54, 10, 2e-20, 3e-20, 2e-20, 2e-20, -1
-0.924621, -0.0261656, 1.11062, 0.05, -0.0132859, -0.148896, 0.0288237, 0.152242, 1000.16, 254.494, 10, 2e-20, 3e-20, 2e-20, 2e-20, -1
-0.896468, 0.00662921, 1.12532, 0.05, -0.0459666, -0.209343, -0.190899, 0.287019, 998.13, -2991.75, 10, 2e-20, 3e-20, 2e-20, 2e-20, -1
-0.860639, 0.0152361, 1.16446, 0.05, 0.197496, 0.0297256, -0.0852254, 0.217145, 999.673, -523.43, 10, 2e-20, 3e-20, 2e-20, 2e-20, -1
-0.84677, 0.0170925, 1.10514, 0.05, 0.115318, -0.19749, -0.0741552, 0.240415, 997.856, -3431.18, 10, 2e-20, 3e-20, 2e-20, 2e-20, -1
-0.872786, 0.00763818, 1.2138, 0.05, -0.0173549, -0.133525, -0.0232369, 0.136639, 1003.04, 4860.2, 10, 2e-20, 3e-20, 2e-20, 2e-20, -1
-0.868021, 0.0581596, 1.20952, 0.05, -0.0854521, 0.127996, -0.163652, 0.224649, 1006.98, 11168.5, 10, 2e-20, 3e-20, 2e-20, 2e-20, -1
-0.858841, -0.0256165, 1.32456, 0.05, 0.270147, -0.14048, 0.105655, 0.322299, 996.696, -5285.85, 10, 2e-20, 3e-20, 2e-20, 2e-20, -1
-0.899487, 0.0154199, 1.3001, 0.05, 0.109885, -0.0457507, -0.194288, 0.22785, 999.423, -922.812, 10, 2e-20, 3e-20, 2e-20, 2e-20, -1
-0.766263, 0.0591121, 1.2197, 0.05, 0.216769, -0.0542865, -0.0409105, 0.227178, 1000.01, 23.0753, 10, 2e-20, 3e-20, 2e-20, 2e-20, -1
-0.712358, 0.0407224, 1.23867, 0.05, -0.0263866, 0.0822496, -0.106584, 0.137191, 999.992, -13.3868, 10, 2e-20, 3e-20, 2e-20, 2e-20, -1
-0.702745, 0.0480819, 1.26395, 0.05, 0.163436, -0.129314, -0.281581, 0.350316, 1002.8, 4485.39, 10, 2e-20, 3e-20, 2e-20, 2e-20, -1
-0.713436, 0.0533797, 1.28818, 0.05, 0.19536, -0.131776, -0.054523, 0.241874, 1003.68, 5888.16, 10, 2e-20, 3e-20, 2e-20, 2e-20, -1
-0.862427, 0.0169225, 1.2818, 0.05, 0.0467763, -0.065707, -0.155374, 0.175061, 998.902, -1757.04, 10, 2e-20, 3e-20, 2e-20, 2e-20, -1
-0.736272, 0.0268217, 1.25896, 0.05, 0.159757, -0.139303, -0.13544, 0.251539, 998.494, -2409.45, 10, 2e-20, 3e-20, 2e-20, 2e-20, -1
-0.661912, -0.0645798, 1.31363, 0.05, 0.371492, 0.0126329, -0.165038, 0.406698, 1001.19, 1902.46, 10, 2e-20, 3e-20, 2e-20, 2e-20, -1
-0.668481, 0.0458942, 1.33322, 0.05, 0.179693, -0.21238, -0.128704, 0.306528, 1001.41, 2262.8, 10, 2e-20, 3e-20, 2e-20, 2e-20, -1
-1.00021, 0.0979194, 0.0573436, 0.05, -0.20334, -0.00243598, -0.0755809, 0.216946, 1011.16, 17860.1, 10, 2e-20, 3e-20, 2e-20, 2e-20, -1
-0.996234, 0.150555, 0.0577213, 0.05, 0.257836, 0.36428, -0.218844, 0.497064, 1013.21, 21139.1, 10, 2e-20, 3e-20, 2e-20, 2e-20, -1
-0.999087, 0.186508, 0.154663, 0.05, -0.187202, 0.265446, -0.0208262, 0.325484, 1008.72, 13952.4, 10, 2e-20, 3e-20, 2e-20, 2e-20, -1
-0.995689, 0.171275, 0.32986, 0.05, -0.0138578, -0.103549, 0.144881, 0.17862, 1012.55, 20080.2, 10, 2e-20, 3e-20, 2e-20, 2e-20, -1
-0.997557, 0.194641, 0.278302, 0.05, 0.492736, -0.00396374, -0.0967521, 0.50216, 1012.63, 20212.8, 10, 2e-20, 3e-20, 2e-20, 2e-20, -1
-0.998862, 0.245827, 0.344003, 0.05, -0.260584, -0.0530191, -0.139613, 0.300345, 1008.26, 13210.6, 10, 2e-20, 3e-20, 2e-20, 2e-20, -1
-0.94509, 0.152062, 0.208772, 0.05, -0.041298, -0.00705092, 0.113109, 0.120619, 1010.26, 16419.1, 10, 2e-20, 3e-20, 2e-20, 2e-20, -1
-0.99832, 0.257669, 0.284675, 0.05, 0.0204359, 0.407393, -0.230235, 0.468396, 1017.29, 27661.5, 10, 2e-20, 3e-20, 2e-20, 2e-20, -1
-0.939849, 0.0970492, 0.376737, 0.05, -0.0460206, 0.0447746, 0.065914, 0.092018, 998.871, -1805.89, 10, 2e-20, 3e-20, 2e-20, 2e-20, -1
-0.943352, 0.169199, 0.360444, 0.05, -0.141648, 0.181381, 0.129829, 0.264232, 1010.47, 16753, 10, 2e-20, 3e-20, 2e-20, 2e-20, -1
-0.960971, 0.154133, 0.413915, 0.05, 0.0755494, -0.146354, -0.335218, 0.373494, 1007.27, 11627.2, 10, 2e-20, 3e-20, 2e-20, 2e-20, -1
-0.929406, 0.120772, 0.33269, 0.05, -0.183451, -0.16296, -0.250241, 0.350472, 1008.74, 13976.3, 10, 2e-20, 3e-20, 2e-20, 2e-20, -1
-0.964805, 0.158654, 0.481951, 0.05, 0.137749, -0.12982, -0.0164238, 0.189995, 1004.88, 7803.22, 10, 2e-20, 3e-20, 2e-20, 2e-20, -1
-0.951539, 0.11737, 0.533084, 0.05, -0.108425, -0.342702, -0.216548, 0.419635, 1013.79, 22065.2, 10, 2e-20, 3e-20, 2e-20, 2e-20, -1
-0.942751, 0.192686, 0.592823, 0.05, 0.105422, 0.229503, -0.296475, 0.389465, 1008.82, 14108.6, 10, 2e-20, 3e-20, 2e-20, 2e-20, -1
-0.956517, 0.153934, 0.620053, 0.05, 0.246702, 0.00759325, -0.0599334, 0.253991, 997.888, -3378.51, 10, 2e-20, 3e-20, 2e-20, 2e-20, -1
-0.965199, 0.112942, 0.635903, 0.05, 0.129073, 0.0543737, -0.191215, 0.237022, 1002, 3200.15, 10, 2e-20, 3e-20, 2e-20, 2e-20, -1
-0.998901, 0.142689, 0.660823, 0.05, -0.0300854, 0.27288, 0.159509, 0.317509, 995.118, -7810.56, 10, 2e-20, 3e-20, 2e-20, 2e-20, -1
-0.938584, 0.22001, 0.666608, 0.05, -0.149063, -0.155641, 0.262459, 0.339601, 994.255, -9192.65, 10, 2e-20, 3e-20, 2e-20, 2e-20, -1
-0.993, 0.125559, 0.719241, 0.05, -0.0876362, -0.210017, -0.0625356, 0.236004, 1005.37, 8589.78, 10, 2e-20, 3e-20, 2e-20, 2e-20, -1
-0.997249, 0.223701, 0.747825, 0.05, 0.0541691, 0.0101083, -0.106079, 0.119537, 997.1, -4640.04, 10, 2e-20, 3e-20, 2e-20, 2e-20, -1
-1.00167, 0.170736, 0.730348, 0.05, 0.0732422, 0.0469188, -0.160807, 0.182824, 1008.75, 13998, 10, 2e-20, 3e-20, 2e-20, 2e-20, -1
-1.00242, 0.120385, 0.773996, 0.05, -0.043831, -0.145634, -0.118742, 0.19295, 1003.68, 5886.13, 10, 2e-20, 3e-20, 2e-20, 2e-20, -1
-0.997341, 0.129511, 0.82868, 0.05, 0.140843, 0.105915, 0.252363, 0.307801, 998.164, -2937.68, 10, 2e-20, 3e-20, 2e-20, 2e-20, -1
-0.926426, 0.178995, 0.835363, 0.05, -0.0462467, -0.155133, -0.0806133, 0.180841, 993.767, -9972.77, 10, 2e-20, 3e-20, 2e-20, 2e-20, -1
-0.956573, 0.106273, 0.848492, 0.05, -0.108545, 0.0695676, -0.0285886, 0.132057, 1004.49, 7180.48, 10, 2e-20, 3e-20, 2e-20, 2e-20, -1
-0.91843, 0.12881, 0.844346, 0.05, 0.0634049, 0.00645071, -0.167452, 0.17917, 1002.24, 3580.64, 10, 2e-20, 3e-20, 2e-20, 2e-20, -1
-1.00039, 0.114932, 1.02531, 0.05, 0.042409, -0.195872, 0.415906, 0.461673, 1000.1, 160.033, 10, 2e-20, 3e-20, 2e-20, 2e-20, -1
-0.954959, 0.0995415, 1.12727, 0.05, 0.191016, -0.255865, 0.166826, 0.360257, 984.983, -24028, 10, 2e-20, 3e-20, 2e-20, 2e-20, -1
-0.951603, 0.129512, 1.08711, 0.05, -0.0819404, -0.00702094, -0.382093, 0.390843, 1002.87, 4592.28, 10, 2e-20, 3e-20, 2e-20, 2e-20, -1
-0.943298, 0.156273, 0.972487, 0.05, -0.2747, -0.21919, -0.290409, 0.455897, 1000.92, 1468.58, 10, 2e-20, 3e-20, 2e-20, 2e-20, -1
-0.926108, 0.104327, 1.03777, 0.05, -0.132641, -0.084296, -0.0142529, 0.157806, 998.939, -1697.68, 10, 2e-20, 3e-20, 2e-20, 2e-20, -1
-0.940381, 0.141437, 1.03781, 0.05, -0.220556, 0.0126455, 0.0202497, 0.221844, 1012.19, 19505.7, 10, 2e-20, 3e-20, 2e-20, 2e-20, -1
-0.94893, 0.0791755, 1.16594, 0.05, 0.0905746, -0.159945, -0.0699363, 0.196665, 996.32, -5887.66, 10, 2e-20, 3e-20, 2e-20, 2e-20, -1
-0.941584, 0.0384767, 1.18569, 0.05, -0.218944, 0.0707543, -0.189784, 0.298263, 1008.83, 14122.7, 10, 2e-20, 3e-20, 2e-20, 2e-20, -1
-0.832003, 0.182523, 1.10324, 0.05, -0.0875097, -0.253595, -0.134427, 0.300065, 998.095, -3047.22, 10, 2e-20, 3e-20, 2e-20, 2e-20, -1
-0.888832, 0.0340693, 1.13556, 0.05, 0.0945251, 0.441181, -0.165492, 0.480586, 1002.31, 3689.68, 10, 2e-20, 3e-20, 2e-20, 2e-20, -1
-0.90435, 0.0956461, 1.22084, 0.05, 0.318528, -0.401673, -0.0612531, 0.516288, 996.019, -6369.58, 10, 2e-20, 3e-20, 2e-20, 2e-20, -1
-0.890733, 0.0649187, 1.18306, 0.05, 0.162891, 0.182996, -0.17428, 0.300657, 1003.45, 5523.57, 10, 2e-20, 3e-20, 2e-20, 2e-20, -1
-0.862864, 0.0721078, 1.15144, 0.05, -0.0435868, 0.0940176, 0.161658, 0.192022, 1001.69, 2706.37, 10, 2e-20, 3e-20, 2e-20, 2e-20, -1
-0.816056, 0.151532, 1.13827, 0.05, -0.173908, 0.00914413, -0.164641, 0.239655, 1012.42, 19865.8, 10, 2e-20, 3e-20, 2e-20, 2e-20, -1
-0.892067, 0.0385745, 1.24592, 0.05, 0.00982271, 0.148652, -0.224084, 0.269087, 1005.91, 9454.58, 10, 2e-20, 3e-20, 2e-20, 2e-20, -1
-0.856557, 0.10593, 1.18451, 0.05, 0.0607984, -0.209499, -0.268912, 0.346266, 995.228, -7634.45, 10, 2e-20, 3e-20, 2e-20, 2e-20, -1
-0.973725, 0.0602228, 1.32854, 0.05, 0.0105161, -0.15047, 0.494085, 0.516597, 993.088, -11058.7, 10, 2e-20, 3e-20, 2e-20, 2e-20, -1
-0.68666, 0.100464, 1.31706, 0.05, 0.165506, -0.144031, -0.0815201, 0.234057, 1001.21, 1938.24, 10, 2e-20, 3e-20, 2e-20, 2e-20, -1
-0.756629, 0.0697008, 1.3181, 0.05, 0.0901796, -0.0994421, 0.00182933, 0.134255, 1002.88, 4607.78, 10, 2e-20, 3e-20, 2e-20, 2e-20, -1
-0.70203, -0.0446378, 1.32115, 0.05, 0.155135, 0.0243534, 0.0693135, 0.171652, 1000.93, 1488.5, 10, 2e-20, 3e-20, 2e-20, 2e-20, -1
-0.740304, 0.0116364, 1.32314, 0.05, 0.277188, -0.0528494, -0.260601, 0.384108, 995.83, -6671.97, 10, 2e-20, 3e-20, 2e-20, 2e-20, -1
-0.637848, 0.0818052, 1.29344, 0.05, 0.139472, -0.176717, -0.0633419, 0.233866, 994.128, -9395.89, 10, 2e-20, 3e-20, 2e-20, 2e-20, -1
-0.608421, 0.103214, 1.27546, 0.05, 0.219091, -0.199338, -0.0434872, 0.299378, 1002, 3199.93, 10, 2e-20, 3e-20, 2e-20, 2e-20, -1
-0.624091, 0.135116, 1.33253, 0.05, 0.0211787, -0.0908859, 0.0140866, 0.094378, 997.416, -4134.07, 10, 2e-20, 3e-20, 2e-20, 2e-20, -1
-1.00109, 0.271956, 0.0523666, 0.05, -0.179947, 0.183221, 0.346919, 0.43163, 1032.15, 51441.9, 10, 2e-20, 3e-20, 2e-20, 2e-20, -1
-0.998729, 0.1123, 0.177556, 0.05, -0.117318, 0.101675, -0.0737982, 0.171893, 1011.47, 18350.5, 10, 2e-20, 3e-20, 2e-20, 2e-20, -1
-0.996186, 0.301358, 0.330058, 0.05, -0.045135, 0.191256, -0.306302, 0.363919, 1012.77, 20438.9, 10, 2e-20, 3e-20, 2e-20, 2e-20, -1
-1.00001, 0.337453, 0.283519, 0.05, -0.362937, -0.0980265, -0.244977, 0.448716, 1009.94, 15896.1, 10, 2e-20, 3e-20, 2e-20, 2e-20, -1
-0.949132, 0.317006, 0.337749, 0.05, -0.0959573, 0.210335, 0.0687192, 0.241186, 1012.13, 19402.2, 10, 2e-20, 3e-20, 2e-20, 2e-20, -1
-0.94174, 0.332199, 0.374777, 0.05, -0.268807, 0.105156, -0.250703, 0.382318, 1020.51, 32818.6, 10, 2e-20, 3e-20, 2e-20, 2e-20, -1
-0.955803, 0.26404, 0.360057, 0.05, 0.0723216, 0.288463, -0.003353, 0.29741, 1005.5, 8805.23, 10, 2e-20, 3e-20, 2e-20, 2e-20, -1
-0.996022, 0.244727, 0.421749, 0.05, -0.0579968, -0.169393, 0.157832, 0.238681, 1005.87, 9394.91, 10, 2e-20, 3e-20, 2e-20, 2e-20, -1
-0.945059, 0.213481, 0.385737, 0.05, -0.031579, -0.0756428, 0.0270077, 0.0863045, 1017.12, 27388.7, 10, 2e-20, 3e-20, 2e-20, 2e-20, -1
-0.955689, 0.242013, 0.484664, 0.05, -0.349445, 0.354788, -0.093821, 0.506743, 1021.91, 35055.4, 10, 2e-20, 3e-20, 2e-20, 2e-20, -1
-0.953778, 0.219266, 0.437257, 0.05, -0.0723047, 0.189616, -0.196457, 0.282449, 1009.01, 14423.4, 10, 2e-20, 3e-20, 2e-20, 2e-20, -1
-0.941328, 0.202558, 0.470487, 0.05, 0.2113, -0.124913, -0.145941, 0.285569, 1002.78, 4447.14, 10, 2e-20, 3e-20, 2e-20, 2e-20, -1
-0.956777, 0.183952, 0.532116, 0.05, 0.217972, 0.187952, -0.0211222, 0.288589, 1000.56, 898.419, 10, 2e-20, 3e-20, 2e-20, 2e-20, -1
-0.946044, 0.244383, 0.568719, 0.05, 0.0256944, -0.0850518, -0.0404351, 0.0976166, 993.27, -10768.5, 10, 2e-20, 3e-20, 2e-20, 2e-20, -1
-0.946041, 0.149291, 0.569904, 0.05, 0.0831328, 0.0470609, 0.195972, 0.218015, 1006.67, 10666.6, 10, 2e-20, 3e-20, 2e-20, 2e-20, -1
-0.926026, 0.168851, 0.514267, 0.05, 0.025717, 0.0313741, -0.0717672, 0.0824393, 1006.57, 10505.4, 10, 2e-20, 3e-20, 2e-20, 2e-20, -1
-0.919086, 0.265624, 0.606681, 0.05, -0.0466762, 0.0788824, -0.012543, 0.0925117, 1008.28, 13255.8, 10, 2e-20, 3e-20, 2e-20, 2e-20, -1
-0.917508, 0.20225, 0.551526, 0.05, -0.0971312, -0.0479811, -0.238432, 0.26189, 1006.62, 10595.1, 10, 2e-20, 3e-20, 2e-20, 2e-20, -1
-0.943043, 0.294982, 0.719522, 0.05, -0.077397, 0.148814, -0.16917, 0.238231, 1009.74, 15589.6, 10, 2e-20, 3e-20, 2e-20, 2e-20, -1
-0.944316, 0.231165, 0.618625, 0.05, 0.107576, 0.304105, -0.337992, 0.467216, 1012.84, 20543, 10, 2e-20, 3e-20, 2e-20, 2e-20, -1
-0.93817, 0.339038, 0.830958, 0.05, 0.0366491, -0.00106078, -0.239217, 0.242011, 1011.41, 18263, 10, 2e-20, 3e-20, 2e-20, 2e-20, -1
-0.942184, 0.28981, 0.848208, 0.05, -0.144407, -0.110471, -0.206508, 0.275141, 1000.67, 1064.2, 10, 2e-20, 3e-20, 2e-20, 2e-20, -1
-0.934596, 0.308086, 0.797866, 0.05, 0.0436921, -0.00266851, 0.148943, 0.155242, 993.63, -10192.6, 10, 2e-20, 3e-20, 2e-20, 2e-20, -1
-0.961525, 0.3099, 0.912428, 0.05, -0.0658226, 0.0324482, 0.0566593, 0.0927134, 1004.68, 7495.83, 10, 2e-20, 3e-20, 2e-20, 2e-20, -1
-0.956327, 0.15961, 0.875353, 0.05, -0.168471, -0.0900248, -0.0991304, 0.215207, 994.961, -8062.87, 10, 2e-20, 3e-20, 2e-20, 2e-20, -1
-0.944712, 0.225241, 0.827845, 0.05, -0.380213, 0.115479, -0.184276, 0.438013, 1005.86, 9371.86, 10, 2e-20, 3e-20, 2e-20, 2e-20, -1
-0.925896, 0.197935, 0.786677, 0.05, -0.0504916, 0.0561319, -0.195314, 0.209399, 1007.51, 12021.4, 10, 2e-20, 3e-20, 2e-20, 2e-20, -1
-0.991997, 0.234592, 0.908993, 0.05, 0.00803924, -0.0488714, -0.0277866, 0.0567903, 1001.46, 2339.06, 10, 2e-20, 3e-20, 2e-20, 2e-20, -1
-1.00512, 0.140886, 1.17825, 0.05, -0.170703, -0.181798, -0.247213, 0.351147, 1013.83, 22133.9, 10, 2e-20, 3e-20, 2e-20, 2e-20, -1
-0.972828, 0.168764, 1.0109, 0.05, 0.0947551, -0.0644922, 0.102017, 0.153445, 1003.17, 5065.05, 10, 2e-20, 3e-20, 2e-20, 2e-20, -1
-0.999234, 0.157987, 1.13998, 0.05, -0.207703, 0.0528277, -0.191791, 0.287602, 999.813, -299.378, 10, 2e-20, 3e-20, 2e-20, 2e-20, -1
-0.996378, 0.304977, 1.1219, 0.05, 0.119676, -0.332002, -0.326677, 0.480901, 991.582, -13469.3, 10, 2e-20, 3e-20, 2e-20, 2e-20, -1
-0.948716, 0.138612, 1.15501, 0.05, -0.498347, -0.119093, -0.476851, 0.699943, 1011.06, 17700, 10, 2e-20, 3e-20, 2e-20, 2e-20, -1
-0.985342, 0.16521, 1.20833, 0.05, -0.108086, -0.80356, -0.176139, 0.829708, 1000.25, 405.38, 10, 2e-20, 3e-20, 2e-20, 2e-20, -1
-0.859239, 0.324586, 1.12149, 0.05, 0.019083, -0.0994269, -0.285507, 0.302926, 990.532, -15148.7, 10, 2e-20, 3e-20, 2e-20, 2e-20, -1
-0.909425, 0.193732, 1.14149, 0.05, 0.553155, -0.271066, -0.263913, 0.670155, 987.81, -19503.8, 10, 2e-20, 3e-20, 2e-20, 2e-20, -1
-0.875106, 0.250783, 1.25243, 0.05, 0.64794, -0.111067, 0.0886718, 0.663343, 1007.64, 12231.4, 10, 2e-20, 3e-20, 2e-20, 2e-20, -1
-0.971902, 0.199278, 1.2631, 0.05, 0.510919, -0.246707, 0.573988, 0.807072, 1000.8, 1282.65, 10, 2e-20, 3e-20, 2e-20, 2e-20, -1
-0.789082, 0.234862, 1.17708, 0.05, 0.102813, -0.219375, -0.393873, 0.46242, 990.53, -15151.8, 10, 2e-20, 3e-20, 2e-20, 2e-20, -1
-0.80154, 0.259565, 1.1707, 0.05, -0.178803, 0.157661, -0.512538, 0.565264, 1002.57, 4119.5, 10, 2e-20, 3e-20, 2e-20, 2e-20, -1
-0.890921, 0.224772, 1.18429, 0.05, 0.355019, -0.234858, -0.352277, 0.552536, 1000.16, 251.906, 10, 2e-20, 3e-20, 2e-20, 2e-20, -1
-0.902441, 0.172921, 1.18942, 0.05, 0.325062, -0.00333182, -0.277623, 0.427494, 985.178, -23715.9, 10, 2e-20, 3e-20, 2e-20, 2e-20, -1
-1.00577, 0.0741089, 1.34017, 0.05, 0.317658, -0.425852, 0.212219, 0.572095, 1010.79, 17263.8, 10, 2e-20, 3e-20, 2e-20, 2e-20, -1
-0.878944, 0.160675, 1.18818, 0.05, 0.162703, 0.0492756, -0.409601, 0.443479, 984.149, -25362, 10, 2e-20, 3e-20, 2e-20, 2e-20, -1
-0.818035, 0.14341, 1.18995, 0.05, 0.00370342, -0.275855, -0.100088, 0.293474, 994.296, -9127.02, 10, 2e-20, 3e-20, 2e-20, 2e-20, -1
-0.771742, 0.137231, 1.25153, 0.05, -0.154815, -0.00462676, 0.0379605, 0.159468, 1001.03, 1648.83, 10, 2e-20, 3e-20, 2e-20, 2e-20, -1
-0.724859, 0.108949, 1.26506, 0.05, 0.209437, -0.178343, -0.0125207, 0.275366, 996.735, -5223.68, 10, 2e-20, 3e-20, 2e-20, 2e-20, -1
-0.680406, 0.159074, 1.29799, 0.05, -0.182722, -0.0887303, -0.380191, 0.431052, 1012.22, 19546.2, 10, 2e-20, 3e-20, 2e-20, 2e-20, -1
-0.641678, 0.195988, 1.26272, 0.05, -0.144198, 0.0415579, -0.103562, 0.182332, 1005.86, 9382.45, 10, 2e-20, 3e-20, 2e-20, 2e-20, -1
-0.563282, 0.146286, 1.292, 0.05, 0.241677, -0.160198, -0.215309, 0.36115, 998.005, -3191.8, 10, 2e-20, 3e-20, 2e-20, 2e-20, -1
-0.666622, 0.0936994, 1.31943, 0.05, 0.180536, -0.117335, -0.0753694, 0.228125, 996.439, -5697.37, 10, 2e-20, 3e-20, 2e-20, 2e-20, -1
-1.00096, 0.391928, 0.0502148, 0.05, 0.417991, -0.0346564, -0.0743412, 0.425963, 1024.7, 39523.7, 10, 2e-20, 3e-20, 2e-20, 2e-20, -1
-0.908351, 0.392596, 0.0478986, 0.05, -0.395286, 0.143299, -0.173766, 0.454951, 1007.81, 12491.3, 10, 2e-20, 3e-20, 2e-20, 2e-20, -1
-0.957059, 0.338861, 0.143281, 0.05, 0.0639546, 0.148047, -0.168465, 0.233214, 1013.07, 20915.9, 10, 2e-20, 3e-20, 2e-20, 2e-20, -1
-0.964294, 0.331202, 0.236893, 0.05, -0.518759, -0.256385, -0.0821919, 0.584465, 1002.58, 4126.25, 10, 2e-20, 3e-20, 2e-20, 2e-20, -1
-0.954663, 0.358471, 0.281846, 0.05, -0.242771, 0.184788, -0.00440064, 0.305129, 1012.94, 20701.6, 10, 2e-20, 3e-20, 2e-20, 2e-20, -1
-0.933195, 0.370238, 0.231336, 0.05, 0.076475, 0.180007, 0.175044, 0.262472, 1004.74, 7589.69, 10, 2e-20, 3e-20, 2e-20, 2e-20, -1
-0.942239, 0.403523, 0.267102, 0.05, -0.0174102, 0.111635, -0.368301, 0.385242, 1011.9, 19039.4, 10, 2e-20, 3e-20, 2e-20, 2e-20, -1
-0.948805, 0.37466, 0.333918, 0.05, -0.0394699, 0.0585643, -0.0499434, 0.0864985, 994.863, -8218.59, 10, 2e-20, 3e-20, 2e-20, 2e-20, -1
-0.996407, 0.312335, 0.516173, 0.05, 0.324149, -0.350024, -0.64405, 0.801492, 1001.24, 1976.89, 10, 2e-20, 3e-20, 2e-20, 2e-20, -1
-0.977097, 0.402057, 0.505105, 0.05, -0.0300635, -0.229829, -0.266098, 0.352893, 1011.83, 18930.5, 10, 2e-20, 3e-20, 2e-20, 2e-20, -1
-0.997983, 0.218884, 0.459628, 0.05, -0.0264717, 0.474562, -0.194745, 0.513649, 1010.42, 16670.1, 10, 2e-20, 3e-20, 2e-20, 2e-20, -1
-0.961442, 0.293866, 0.550042, 0.05, 0.128504, -0.204732, -0.186869, 0.30553, 1000.11, 182.29, 10, 2e-20, 3e-20, 2e-20, 2e-20, -1
-0.979607, 0.274825, 0.60596, 0.05, -0.00237663, 0.12309, -0.24639, 0.275436, 1005.61, 8974.95, 10, 2e-20, 3e-20, 2e-20, 2e-20, -1
-0.948251, 0.319726, 0.595566, 0.05, 0.153068, -0.183721, 0.292386, 0.377721, 999.37, -1008.55, 10, 2e-20, 3e-20, 2e-20, 2e-20, -1
-0.935961, 0.239064, 0.521531, 0.05, -0.0678062, -0.158849, -0.0350143, 0.176229, 999.631, -589.759, 10, 2e-20, 3e-20, 2e-20, 2e-20, -1
-0.940394, 0.365799, 0.65634, 0.05, -0.266238, -0.00780464, -0.133872, 0.298102, 1007.89, 12628.6, 10, 2e-20, 3e-20, 2e-20, 2e-20, -1
-0.924303, 0.285194, 0.561722, 0.05, -0.0280978, -0.0205109, 0.148224, 0.152251, 1003.81, 6094.52, 10, 2e-20, 3e-20, 2e-20, 2e-20, -1
-0.943467, 0.340039, 0.741197, 0.05, 0.0608604, -0.208696, -0.216326, 0.306683, 1001.71, 2728.15, 10, 2e-20, 3e-20, 2e-20, 2e-20, -1
-0.914395, 0.3323, 0.564921, 0.05, 0.0293207, 0.226357, -0.0356966, 0.231023, 1006.1, 9767.12, 10, 2e-20, 3e-20, 2e-20, 2e-20, -1
-0.954434, 0.352585, 0.78589, 0.05, 0.0128094, -0.133477, 0.0996885, 0.167087, 998.143, -2971.34, 10, 2e-20, 3e-20, 2e-20, 2e-20, -1
-0.942931, 0.312939, 0.637676, 0.05, 0.0081628, -0.0519299, -0.381424, 0.385029, 1007.26, 11617.7, 10, 2e-20, 3e-20, 2e-20, 2e-20, -1
-0.951608, 0.36731, 0.906823, 0.05, 0.035972, -0.0642431, -0.0103817, 0.0743568, 990.372, -15404.4, 10, 2e-20, 3e-20, 2e-20, 2e-20, -1
-0.911361, 0.307385, 0.750399, 0.05, -0.0138883, 0.02682, -0.322874, 0.324283, 1001.76, 2821.67, 10, 2e-20, 3e-20, 2e-20, 2e-20, -1
-0.993827, 0.386602, 1.16566, 0.05, -0.212834, -0.106997, -0.129013, 0.270908, 1002.58, 4127.45, 10, 2e-20, 3e-20, 2e-20, 2e-20, -1
-0.945627, 0.332443, 0.86939, 0.05, -0.266876, 0.0495747, -0.217425, 0.347785, 1011.81, 18898.8, 10, 2e-20, 3e-20, 2e-20, 2e-20, -1
-0.922092, 0.273445, 0.822753, 0.05, -0.218451, 0.0370749, -0.122749, 0.253304, 1001.61, 2583.78, 10, 2e-20, 3e-20, 2e-20, 2e-20, -1
-0.940891, 0.209536, 0.882954, 0.05, -0.0484292, 0.0922147, -0.0564763, 0.118484, 1003.94, 6297, 10, 2e-20, 3e-20, 2e-20, 2e-20, -1
-0.941535, 0.25329, 0.867716, 0.05, 0.0653097, -0.17944, 0.0361875, 0.194355, 999.869, -208.958, 10, 2e-20, 3e-20, 2e-20, 2e-20, -1
-0.942557, 0.24327, 0.959627, 0.05, -0.014638, 0.121448, -0.174448, 0.213063, 999.435, -904.365, 10, 2e-20, 3e-20, 2e-20, 2e-20, -1
-0.942751, 0.256415, 1.0559, 0.05, 0.244168, 0.0639052, 0.13721, 0.287278, 992.911, -11342.2, 10, 2e-20, 3e-20, 2e-20, 2e-20, -1
-0.938797, 0.307823, 1.04318, 0.05, 0.0859073, -0.0953566, -0.130752, 0.183218, 1006.14, 9830.01, 10, 2e-20, 3e-20, 2e-20, 2e-20, -1
-0.974414, 0.354474, 1.26015, 0.05, -0.0109838, -0.0242175, 0.388852, 0.38976, 998.01, -3183.45, 10, 2e-20, 3e-20, 2e-20, 2e-20, -1
-0.994218, 0.201569, 1.16283, 0.05, -0.509286, -0.374567, -0.889433, 1.09122, 992.803, -11515.8, 10, 2e-20, 3e-20, 2e-20, 2e-20, -1
-0.985436, 0.205066, 1.19919, 0.05, -0.00331773, -0.445471, -0.908874, 1.01218, 1001.24, 1985.79, 10, 2e-20, 3e-20, 2e-20, 2e-20, -1
-0.925228, 0.284582, 1.19243, 0.05, 0.269737, 0.128186, -0.440825, 0.532462, 1003.17, 5076.94, 10, 2e-20, 3e-20, 2e-20, 2e-20, -1
-0.891965, 0.406417, 1.12216, 0.05, 0.192195, -0.149465, -0.212063, 0.322876, 996.5, -5600.25, 10, 2e-20, 3e-20, 2e-20, 2e-20, -1
-0.892428, 0.345065, 1.09388, 0.05, 0.258239, 0.0728066, -0.0700362, 0.277297, 998.296, -2725.8, 10, 2e-20, 3e-20, 2e-20, 2e-20, -1
-0.687277, 0.408468, 1.02784, 0.05, -0.0508118, 0.0493698, -0.106479, 0.127895, 997.987, -3220.05, 10, 2e-20, 3e-20, 2e-20, 2e-20, -1
-0.855515, 0.344424, 1.00892, 0.05, -0.106769, -0.246719, -0.0866041, 0.282436, 993.915, -9736.77, 10, 2e-20, 3e-20, 2e-20, 2e-20, -1
-0.780187, 0.376468, 0.987637, 0.05, -0.0334063, 0.0950467, -0.345563, 0.359949, 1006.54, 10470.6, 10, 2e-20, 3e-20, 2e-20, 2e-20, -1
-0.890483, 0.271177, 1.20869, 0.05, 0.562767, -0.160382, -0.342868, 0.678224, 1011.51, 18422.2, 10, 2e-20, 3e-20, 2e-20, 2e-20, -1
-0.856473, 0.273569, 1.11403, 0.05, 0.0933322, 0.164296, 0.0512486, 0.195781, 998.941, -1695.06, 10, 2e-20, 3e-20, 2e-20, 2e-20, -1
-0.759749, 0.248257, 1.1215, 0.05, -0.0499211, -0.166787, -0.183095, 0.252654, 995.309, -7505.46, 10, 2e-20, 3e-20, 2e-20, 2e-20, -1
-0.849201, 0.285616, 1.14379, 0.05, 0.0745558, -0.3835, -0.602137, 0.717775, 999.023, -1562.53, 10, 2e-20, 3e-20, 2e-20, 2e-20, -1
-0.787215, 0.207355, 1.22141, 0.05, 0.0457604, -0.236787, -0.0110133, 0.241419, 1001.55, 2475.73, 10, 2e-20, 3e-20, 2e-20, 2e-20, -1
-0.788955, 0.171175, 1.21346, 0.05, -0.287123, -0.135451, -0.183887, 0.36688, 1002.25, 3592.67, 10, 2e-20, 3e-20, 2e-20, 2e-20, -1
-0.727624, 0.198507, 1.21559, 0.05, -0.0144196, 0.181895, -0.514042, 0.545465, 1001.83, 2923.14, 10, 2e-20, 3e-20, 2e-20, 2e-20, -1
-0.639228, 0.279528, 1.14027, 0.05, 0.0460127, 0.0701117, -0.223109, 0.23835, 1000.64, 1030.05, 10, 2e-20, 3e-20, 2e-20, 2e-20, -1
-0.659835, 0.2937, 1.26094, 0.05, 0.0536293, -0.327138, -0.292347, 0.441998, 996.285, -5943.52, 10, 2e-20, 3e-20, 2e-20, 2e-20, -1
-0.632588, 0.249283, 1.19997, 0.05, -0.0138523, -0.104754, -0.0853733, 0.135845, 1007.29, 11669.5, 10, 2e-20, 3e-20, 2e-20, 2e-20, -1
-0.603023, 0.188508, 1.33919, 0.05, 0.166284, -0.236692, -0.19731, 0.350149, 1006.78, 10854.8, 10, 2e-20, 3e-20, 2e-20, 2e-20, -1
-0.953203, 0.437109, 0.0943004, 0.05, -0.153987, -0.00361308, 0.208155, 0.258948, 1002.22, 3554.65, 10, 2e-20, 3e-20, 2e-20, 2e-20, -1
-1.00276, 0.339531, 0.0602683, 0.05, -0.0141208, 0.00318394, 0.225123, 0.225588, 1006.68, 10691, 10, 2e-20, 3e-20, 2e-20, 2e-20, -1
-0.997639, 0.369792, 0.128562, 0.05, -0.179436, 0.250097, 0.106997, 0.325874, 1023.22, 37147.5, 10, 2e-20, 3e-20, 2e-20, 2e-20, -1
-0.935732, 0.429005, 0.14915, 0.05, -0.166582, 0.0565851, -0.190749, 0.259493, 1012.59, 20151.7, 10, 2e-20, 3e-20, 2e-20, 2e-20, -1
-0.927614, 0.48646, 0.508094, 0.05, 0.0787703, 0.251043, 0.123275, 0.290558, 1004.46, 7136.93, 10, 2e-20, 3e-20, 2e-20, 2e-20, -1
-0.958567, 0.437715, 0.234284, 0.05, -0.204603, 0.00900061, -0.372044, 0.424689, 1008.16, 13062.8, 10, 2e-20, 3e-20, 2e-20, 2e-20, -1
-0.954581, 0.432485, 0.317335, 0.05, -0.233371, -0.0694777, 0.310785, 0.394812, 991.257, -13989.5, 10, 2e-20, 3e-20, 2e-20, 2e-20, -1
-0.969781, 0.437401, 0.46326, 0.05, -0.019636, -0.0293351, -0.150714, 0.154793, 1000.95, 1521.94, 10, 2e-20, 3e-20, 2e-20, 2e-20, -1
-0.958093, 0.401756, 0.642644, 0.05, 0.103645, -0.138108, -0.193261, 0.259164, 1002.95, 4725.57, 10, 2e-20, 3e-20, 2e-20, 2e-20, -1
-0.943773, 0.38084, 0.462247, 0.05, -0.00451441, 0.0256656, 0.259583, 0.260888, 1000.17, 273.163, 10, 2e-20, 3e-20, 2e-20, 2e-20, -1
-0.933159, 0.432818, 0.536743, 0.05, 0.422219, 0.0730706, -0.023219, 0.429124, 1004.14, 6617.75, 10, 2e-20, 3e-20, 2e-20, 2e-20, -1
-0.935757, 0.403453, 0.551893, 0.05, 0.137294, 0.0126756, -0.0935551, 0.166622, 1014.38, 23004, 10, 2e-20, 3e-20, 2e-20, 2e-20, -1
-0.926153, 0.39315, 0.497836, 0.05, -0.153554, 0.0518538, -0.147536, 0.219168, 1011.91, 19053.8, 10, 2e-20, 3e-20, 2e-20, 2e-20, -1
-0.883154, 0.424076, 0.525044, 0.05, -0.218817, -0.0714539, -0.0144167, 0.230639, 986.359, -21825.9, 10, 2e-20, 3e-20, 2e-20, 2e-20, -1
-0.943957, 0.358876, 0.539798, 0.05, 0.18047, -0.0254876, -0.423426, 0.460987, 1003.32, 5307.27, 10, 2e-20, 3e-20, 2e-20, 2e-20, -1
-0.962706, 0.433032, 0.847113, 0.05, 0.0391024, -0.146407, 0.0701436, 0.166986, 993.622, -10204.9, 10, 2e-20, 3e-20, 2e-20, 2e-20, -1
-0.929706, 0.360308, 0.622136, 0.05, 0.0344356, -0.0740838, -0.344605, 0.354157, 1000.76, 1213.22, 10, 2e-20, 3e-20, 2e-20, 2e-20, -1
-0.956487, 0.385852, 0.820137, 0.05, 0.0399664, -0.0855921, -0.0507317, 0.107224, 1003.38, 5411.25, 10, 2e-20, 3e-20, 2e-20, 2e-20, -1
-0.941159, 0.391723, 0.759357, 0.05, 0.159644, -0.058821, -0.0589803, 0.180069, 1002.36, 3779, 10, 2e-20, 3e-20, 2e-20, 2e-20, -1
-0.961543, 0.381618, 0.862308, 0.05, -0.165157, -0.0111619, -0.263246, 0.310966, 1000.59, 938.949, 10, 2e-20, 3e-20, 2e-20, 2e-20, -1
-0.909957, 0.382392, 0.812196, 0.05, -0.145238, -0.187868, -0.426645, 0.488277, 1000.34, 547.923, 10, 2e-20, 3e-20, 2e-20, 2e-20, -1
-0.94925, 0.430577, 1.00679, 0.05, -0.0377048, -0.171537, 0.190934, 0.259427, 1008.79, 14065.3, 10, 2e-20, 3e-20, 2e-20, 2e-20, -1
-0.943713, 0.380243, 1.01583, 0.05, 0.0178284, 0.211571, 0.0952241, 0.232697, 996.542, -5532.27, 10, 2e-20, 3e-20, 2e-20, 2e-20, -1
-0.998884, 0.333753, 0.948644, 0.05, 0.0894783, -0.277799, -0.208159, 0.358481, 1004.67, 7470.89, 10, 2e-20, 3e-20, 2e-20, 2e-20, -1
-0.997736, 0.388714, 1.11253, 0.05, 0.0876013, -0.00409444, 0.12255, 0.150696, 996.175, -6120.22, 10, 2e-20, 3e-20, 2e-20, 2e-20, -1
-0.968509, 0.368867, 0.96524, 0.05, -0.0117022, 0.0229911, -0.152386, 0.154554, 995.101, -7838.84, 10, 2e-20, 3e-20, 2e-20, 2e-20, -1
-0.879655, 0.296491, 0.845516, 0.05, 0.010472, -0.0028707, -0.11595, 0.116458, 998.661, -2142.9, 10, 2e-20, 3e-20, 2e-20, 2e-20, -1
-0.957142, 0.302448, 0.964051, 0.05, 0.2093, -0.0508711, -0.410798, 0.463842, 1005.95, 9512.11, 10, 2e-20, 3e-20, 2e-20, 2e-20, -1
-0.946527, 0.333361, 1.12353, 0.05, -0.00747304, -0.296605, -0.151967, 0.333353, 992.416, -12134.2, 10, 2e-20, 3e-20, 2e-20, 2e-20, -1
-0.896893, 0.407844, 1.0818, 0.05, 0.0120015, -0.0265894, -0.194243, 0.196422, 996.794, -5129.77, 10, 2e-20, 3e-20, 2e-20, 2e-20, -1
-0.927942, 0.370813, 1.08015, 0.05, 0.0165991, 0.13006, -0.252984, 0.284942, 1005.11, 8171.53, 10, 2e-20, 3e-20, 2e-20, 2e-20, -1
-0.812345, 0.443389, 1.0999, 0.05, 0.205182, -0.147664, -0.0742324, 0.263467, 994.831, -8270.51, 10, 2e-20, 3e-20, 2e-20, 2e-20, -1
-0.932073, 0.392988, 1.16638, 0.05, -0.0650412, -0.173125, -0.100511, 0.210488, 998.554, -2312.85, 10, 2e-20, 3e-20, 2e-20, 2e-20, -1
-0.96896, 0.32773, 1.27816, 0.05, 1.11363, 0.448232, 0.72693, 1.40339, 990.219, -15649.3, 10, 2e-20, 3e-20, 2e-20, 2e-20, -1
-0.901456, 0.304243, 1.24567, 0.05, 0.242061, -0.0531488, -0.207684, 0.323343, 1001.44, 2299.56, 10, 2e-20, 3e-20, 2e-20, 2e-20, -1
-0.90933, 0.4015, 1.18786, 0.05, 0.4422, 0.0990795, -0.409455, 0.610746, 999.176, -1318.91, 10, 2e-20, 3e-20, 2e-20, 2e-20, -1
-0.904352, 0.39575, 1.22676, 0.05, 0.227217, 0.255837, -0.420798, 0.542357, 1001.78, 2847.48, 10, 2e-20, 3e-20, 2e-20, 2e-20, -1
-0.876711, 0.369215, 1.13701, 0.05, -0.0237911, 0.298449, -0.552021, 0.627985, 995.472, -7245.37, 10, 2e-20, 3e-20, 2e-20, 2e-20, -1
-0.73422, 0.293928, 0.954261, 0.05, 0.0137653, -0.196886, -0.466691, 0.506709, 1008.07, 12904.3, 10, 2e-20, 3e-20, 2e-20, 2e-20, -1
-0.631229, 0.334912, 0.992282, 0.05, 0.0942038, 0.0590165, -0.364279, 0.380863, 1006.74, 10787.9, 10, 2e-20, 3e-20, 2e-20, 2e-20, -1
-0.748159, 0.391479, 1.03992, 0.05, 0.202779, -0.0740687, -0.155429, 0.266014, 994.09, -9456.69, 10, 2e-20, 3e-20, 2e-20, 2e-20, -1
-0.81522, 0.293165, 1.05895, 0.05, -0.00595558, -0.122978, -0.193094, 0.229007, 1007.51, 12019.4, 10, 2e-20, 3e-20, 2e-20, 2e-20, -1
-0.671731, 0.318904, 1.04703, 0.05, 0.138264, 0.016862, -0.338477, 0.366016, 1002.01, 3217.93, 10, 2e-20, 3e-20, 2e-20, 2e-20, -1
-0.644878, 0.284614, 0.99247, 0.05, -0.0018456, -0.110549, -0.189115, 0.219063, 998.27, -2768.52, 10, 2e-20, 3e-20, 2e-20, 2e-20, -1
-0.730526, 0.268804, 1.10526, 0.05, 0.147246, 0.00195835, -0.291137, 0.326261, 999.105, -1431.66, 10, 2e-20, 3e-20, 2e-20, 2e-20, -1
-0.669786, 0.26479, 1.06512, 0.05, 0.292108, -0.229119, -0.161334, 0.404785, 1006.89, 11016.6, 10, 2e-20, 3e-20, 2e-20, 2e-20, -1
-0.717028, 0.307574, 1.07626, 0.05, -0.00536013, 0.00936545, -0.480674, 0.480795, 997.692, -3693.44, 10, 2e-20, 3e-20, 2e-20, 2e-20, -1
-0.647414, 0.266834, 1.09317, 0.05, -0.00136756, -0.0805535, -0.38726, 0.395551, 991.699, -13281.3, 10, 2e-20, 3e-20, 2e-20, 2e-20, -1
-0.65473, 0.290521, 1.20185, 0.05, 0.0918862, -0.209411, -0.362673, 0.428751, 991.012, -14380.7, 10, 2e-20, 3e-20, 2e-20, 2e-20, -1
-0.715111, 0.252124, 1.05796, 0.05, -0.0860601, -0.0375688, -0.505562, 0.514208, 1005.89, 9420.67, 10, 2e-20, 3e-20, 2e-20, 2e-20, -1
-0.609141, 0.290814, 1.2859, 0.05, 0.236253, -0.179211, -0.225487, 0.372527, 998.063, -3099.38, 10, 2e-20, 3e-20, 2e-20, 2e-20, -1
-0.995305, 0.498194, 0.0476105, 0.05, -0.410511, 0.0708576, 0.134711, 0.437821, 1019.82, 31715.8, 10, 2e-20, 3e-20, 2e-20, 2e-20, -1
-0.92138, 0.471445, 0.127253, 0.05, -0.00611589, -0.50022, 0.666679, 0.833498, 995.074, -7880.98, 10, 2e-20, 3e-20, 2e-20, 2e-20, -1
-0.935595, 0.455688, 0.276898, 0.05, -0.0554159, -0.131379, -0.341745, 0.370298, 1014.43, 23095.6, 10, 2e-20, 3e-20, 2e-20, 2e-20, -1
-1.00342, 0.438681, 0.496217, 0.05, -0.0640279, 0.114323, -0.144575, 0.195119, 993.99, -9615.91, 10, 2e-20, 3e-20, 2e-20, 2e-20, -1
-0.957116, 0.445641, 0.195824, 0.05, -0.664839, -0.0362538, 0.48358, 0.822906, 999.949, -81.8249, 10, 2e-20, 3e-20, 2e-20, 2e-20, -1
-0.951512, 0.433027, 0.371579, 0.05, 0.287381, -0.0397954, -0.416556, 0.507632, 1019.13, 30603.8, 10, 2e-20, 3e-20, 2e-20, 2e-20, -1
-0.953819, 0.500563, 0.492444, 0.05, -0.062041, 0.0592793, 0.0529267, 0.100818, 1006.75, 10806.5, 10, 2e-20, 3e-20, 2e-20, 2e-20, -1
-0.926656, 0.448797, 0.4099, 0.05, 0.0338342, 0.0526521, -0.271431, 0.278553, 1008.62, 13787.8, 10, 2e-20, 3e-20, 2e-20, 2e-20, -1
-0.938873, 0.409474, 0.421232, 0.05, -0.273418, 0.0527302, 0.00422458, 0.278488, 1005.27, 8425.55, 10, 2e-20, 3e-20, 2e-20, 2e-20, -1
-0.951749, 0.442129, 0.501613, 0.05, 0.0434326, -0.0156746, -0.0619163, 0.077238, 1007.52, 12029.8, 10, 2e-20, 3e-20, 2e-20, 2e-20, -1
-0.918377, 0.444342, 0.676232, 0.05, -0.0631159, -0.0599631, 0.250176, 0.264891, 998.082, -3069.48, 10, 2e-20, 3e-20, 2e-20, 2e-20, -1
-0.929543, 0.441997, 0.588496, 0.05, 0.111658, 0.204145, 0.219676, 0.320001, 1004.67, 7475.16, 10, 2e-20, 3e-20, 2e-20, 2e-20, -1
-0.965987, 0.43646, 0.60852, 0.05, -0.0430296, 0.119477, 0.0867651, 0.1538, 1000.49, 789.877, 10, 2e-20, 3e-20, 2e-20, 2e-20, -1
-0.936254, 0.448362, 0.725798, 0.05, 0.218799, 0.0632867, -0.121729, 0.258256, 1000.63, 1009.23, 10, 2e-20, 3e-20, 2e-20, 2e-20, -1
-1.00033, 0.362054, 0.701186, 0.05, 0.094435, -0.355534, -0.164075, 0.402794, 1003.37, 5385.49, 10, 2e-20, 3e-20, 2e-20, 2e-20, -1
-0.948272, 0.414708, 0.69063, 0.05, 0.128413, 0.0387669, -0.0849711, 0.158785, 997.663, -3738.82, 10, 2e-20, 3e-20, 2e-20, 2e-20, -1
-0.955583, 0.37816, 0.717817, 0.05, 0.00895434, -0.303455, -0.104317, 0.321009, 1003.95, 6318.44, 10, 2e-20, 3e-20, 2e-20, 2e-20, -1
-0.949124, 0.433167, 0.79547, 0.05, -0.235522, -0.0325167, -0.100964, 0.258305, 1004.49, 7176.88, 10, 2e-20, 3e-20, 2e-20, 2e-20, -1
-0.95523, 0.423592, 0.883247, 0.05, -0.115207, 0.0806702, -0.0952514, 0.169862, 999.465, -855.958, 10, 2e-20, 3e-20, 2e-20, 2e-20, -1
-0.926106, 0.448408, 0.823477, 0.05, -0.0999113, 0.0737893, -0.0654925, 0.140415, 1005.73, 9171.17, 10, 2e-20, 3e-20, 2e-20, 2e-20, -1
-0.889292, 0.353132, 0.739325, 0.05, -0.0336269, -0.1222, -0.357049, 0.378877, 998.867, -1812.01, 10, 2e-20, 3e-20, 2e-20, 2e-20, -1
-0.927142, 0.459607, 0.872765, 0.05, -0.0519082, -0.198757, -0.0784672, 0.219899, 1006.42, 10274.7, 10, 2e-20, 3e-20, 2e-20, 2e-20, -1
-0.942025, 0.428028, 1.05503, 0.05, 0.187855, -0.235382, -0.0704341, 0.309282, 1000.49, 780.484, 10, 2e-20, 3e-20, 2e-20, 2e-20, -1
-0.891107, 0.452147, 0.990845, 0.05, 0.0335945, -0.113951, 0.00667799, 0.118988, 995.72, -6848.58, 10, 2e-20, 3e-20, 2e-20, 2e-20, -1
-0.938234, 0.404761, 0.932019, 0.05, 0.0917879, -0.16488, -0.194063, 0.270685, 1010.86, 17375.6, 10, 2e-20, 3e-20, 2e-20, 2e-20, -1
-0.888591, 0.348786, 0.839668, 0.05, 0.0122138, -0.27375, -0.324676, 0.424856, 1003.55, 5674.36, 10, 2e-20, 3e-20, 2e-20, 2e-20, -1
-0.847232, 0.379509, 0.844229, 0.05, 0.0394921, 0.0460779, -0.217566, 0.225871, 1002.53, 4046.99, 10, 2e-20, 3e-20, 2e-20, 2e-20, -1
-0.913631, 0.417169, 0.964423, 0.05, -0.0474684, 0.0130074, -0.0279577, 0.0566046, 1007.6, 12162.3, 10, 2e-20, 3e-20, 2e-20, 2e-20, -1
-0.914306, 0.379369, 0.871107, 0.05, -0.107736, -0.375484, 0.00469884, 0.390663, 1001.68, 2694.28, 10, 2e-20, 3e-20, 2e-20, 2e-20, -1
-0.957472, 0.416206, 1.11945, 0.05, -0.161603, -0.2583, -0.263461, 0.402798, 993.93, -9711.78, 10, 2e-20, 3e-20, 2e-20, 2e-20, -1
-0.923661, 0.451481, 1.16419, 0.05, 0.546999, 0.254228, -0.12311, 0.615627, 998.256, -2790.35, 10, 2e-20, 3e-20, 2e-20, 2e-20, -1
-0.820715, 0.416425, 1.27797, 0.05, 0.43878, -0.197752, -0.329659, 0.58336, 982.782, -27548.6, 10, 2e-20, 3e-20, 2e-20, 2e-20, -1
-0.996058, 0.373677, 1.29336, 0.05, 1.56861, -0.201011, -0.836945, 1.78925, 963.382, -58588.6, 10, 2e-20, 3e-20, 2e-20, 2e-20, -1
-0.66413, 0.379332, 1.00441, 0.05, 0.145404, -0.0192015, -0.317597, 0.349827, 997.066, -4694.04, 10, 2e-20, 3e-20, 2e-20, 2e-20, -1
-0.820576, 0.436177, 1.14611, 0.05, 0.165557, 0.0894112, 0.0938107, 0.210248, 993.961, -9662.79, 10, 2e-20, 3e-20, 2e-20, 2e-20, -1
-0.731093, 0.398414, 1.27127, 0.05, 0.272338, 0.0958953, -0.328916, 0.437664, 996.752, -5196.28, 10, 2e-20, 3e-20, 2e-20, 2e-20, -1
-0.862526, 0.402714, 1.12539, 0.05, -0.0613186, -0.328983, -0.240769, 0.412262, 993.906, -9750.6, 10, 2e-20, 3e-20, 2e-20, 2e-20, -1
-0.884402, 0.419303, 1.161, 0.05, 0.204566, 0.122238, -0.134947, 0.273861, 1003, 4801.32, 10, 2e-20, 3e-20, 2e-20, 2e-20, -1
-0.726861, 0.377865, 1.2196, 0.05, 0.151269, -0.156027, -0.128007, 0.252215, 1000.25, 402.485, 10, 2e-20, 3e-20, 2e-20, 2e-20, -1
-0.920463, 0.399146, 1.28339, 0.05, 0.470388, 0.413981, 0.239848, 0.670949, 980.902, -30556.7, 10, 2e-20, 3e-20, 2e-20, 2e-20, -1
-0.726617, 0.399602, 1.18736, 0.05, 0.216784, 0.255968, -0.312803, 0.458651, 1010.79, 17261.1, 10, 2e-20, 3e-20, 2e-20, 2e-20, -1
-0.763757, 0.408739, 1.07648, 0.05, -0.106668, 0.00714729, -0.487475, 0.499061, 999.156, -1349.66, 10, 2e-20, 3e-20, 2e-20, 2e-20, -1
-0.66221, 0.249494, 1.03063, 0.05, 0.0486419, -0.264545, -0.434568, 0.511077, 1002.89, 4628.04, 10, 2e-20, 3e-20, 2e-20, 2e-20, -1
-0.662132, 0.364012, 1.0407, 0.05, 0.166973, -0.0485404, -0.148923, 0.228941, 994.303, -9115.17, 10, 2e-20, 3e-20, 2e-20, 2e-20, -1
-0.664484, 0.326807, 1.0945, 0.05, 0.122242, -0.108558, -0.272646, 0.317905, 1004.31, 6890.7, 10, 2e-20, 3e-20, 2e-20, 2e-20, -1
-0.635691, 0.290749, 1.02985, 0.05, 0.288675, 0.0145724, -0.204254, 0.353928, 998.342, -2652.08, 10, 2e-20, 3e-20, 2e-20, 2e-20, -1
-0.765367, 0.25844, 1.06752, 0.05, 0.170068, -0.0968005, -0.434201, 0.47626, 1000.57, 906.477, 10, 2e-20, 3e-20, 2e-20, 2e-20, -1
-0.655305, 0.316874, 1.15122, 0.05, 0.0929947, -0.0971618, -0.392862, 0.415246, 1004.74, 7579.75, 10, 2e-20, 3e-20, 2e-20, 2e-20, -1
-0.69715, 0.305932, 1.28088, 0.05, 0.097356, -0.0686958, -0.194841, 0.228386, 998.497, -2404.37, 10, 2e-20, 3e-20, 2e-20, 2e-20, -1
-0.627226, 0.320885, 1.29808, 0.05, 0.135193, -0.214349, -0.0722998, 0.263533, 1007.59, 12136.5, 10, 2e-20, 3e-20, 2e-20, 2e-20, -1
-0.555505, 0.326082, 1.29269, 0.05, -0.0114831, -0.0734312, -0.495204, 0.50075, 990.678, -14915.5, 10, 2e-20, 3e-20, 2e-20, 2e-20, -1
-0.992772, 0.491392, 0.182609, 0.05, -0.193843, -0.318106, -0.106496, 0.387437, 1027.44, 43897.7, 10, 2e-20, 3e-20, 2e-20, 2e-20, -1
-0.964635, 0.491499, 0.333669, 0.05, -0.48488, -0.0513455, 0.0687871, 0.492419, 1012.31, 19696.3, 10, 2e-20, 3e-20, 2e-20, 2e-20, -1
-0.992534, 0.490826, 0.531354, 0.05, 0.105388, 0.0247742, 0.085042, 0.137668, 1014.94, 23902.7, 10, 2e-20, 3e-20, 2e-20, 2e-20, -1
-0.996793, 0.491095, 0.297946, 0.05, -0.330682, 0.0537615, 0.101637, 0.350102, 1030.88, 49409.9, 10, 2e-20, 3e-20, 2e-20, 2e-20, -1
-0.995769, 0.490233, 0.601098, 0.05, 0.154998, 0.114715, 0.11771, 0.225919, 1011.41, 18255.3, 10, 2e-20, 3e-20, 2e-20, 2e-20, -1
-0.942851, 0.494751, 0.569476, 0.05, 0.0387228, 0.0239072, 0.3374, 0.340455, 1012.44, 19897.6, 10, 2e-20, 3e-20, 2e-20, 2e-20, -1
-0.880661, 0.500995, 1.17205, 0.05, -0.000456894, 0.0366155, 0.00199354, 0.0366726, 1006.8, 10874.5, 10, 2e-20, 3e-20, 2e-20, 2e-20, -1
-0.943858, 0.494871, 0.626632, 0.05, -0.118616, 0.067967, 0.0345546, 0.141008, 997.082, -4669.47, 10, 2e-20, 3e-20, 2e-20, 2e-20, -1
-0.791728, 0.497918, 1.15965, 0.05, 0.160551, -0.0720857, -0.0491141, 0.182716, 1000.7, 1124.51, 10, 2e-20, 3e-20, 2e-20, 2e-20, -1
-0.938256, 0.492873, 0.797626, 0.05, -0.056252, 0.0472155, -0.142654, 0.160449, 1011.16, 17855.1, 10, 2e-20, 3e-20, 2e-20, 2e-20, -1
-0.910538, 0.496829, 0.878003, 0.05, -0.0586705, -0.112148, -0.0317819, 0.130497, 996.208, -6067.77, 10, 2e-20, 3e-20, 2e-20, 2e-20, -1
-0.887401, 0.499752, 0.701462, 0.05, -0.127723, -0.0653462, 0.00195065, 0.143482, 1000.81, 1295.25, 10, 2e-20, 3e-20, 2e-20, 2e-20, -1
-0.953411, 0.438719, 0.920666, 0.05, 0.447949, -0.187011, -0.304573, 0.573059, 1001.15, 1845.1, 10, 2e-20, 3e-20, 2e-20, 2e-20, -1
1.00899, -0.180392, 1.44194, 0.05, 0.00782572, 0.0100289, -0.647238, 0.647363, 997.492, -4012.16, 10, 2e-20, 3e-20, 2e-20, 2e-20, -1
-1.00601, 0.44294, 1.17417, 0.05, -0.122202, -0.340267, 0.0587436, 0.366287, 1013.95, 22323.6, 10, 2e-20, 3e-20, 2e-20, 2e-20, -1
-0.906016, 0.372281, 1.30526, 0.05, 0.106041, 0.108402, -0.142932, 0.208387, 982.947, -27285.2, 10, 2e-20, 3e-20, 2e-20, 2e-20, -1
-0.921519, 0.466381, 1.03717, 0.05, 0.0432019, 0.219994, 0.0972906, 0.244396, 1008.52, 13628.4, 10, 2e-20, 3e-20, 2e-20, 2e-20, -1
0.907227, -0.260169, 1.37251, 0.05, -0.153916, 0.299289, -0.367325, 0.498188, 999.485, -824.415, 10, 2e-20, 3e-20, 2e-20, 2e-20, -1
-0.206723, -0.503658, 2.73776, 0.05, -9.67356e-06, -0.00281792, -0.797384, 0.797389, 1000, 5.64456, 10, 2e-20, 3e-20, 2e-20, 2e-20, -1
-0.858899, 0.509176, 1.30881, 0.05, 0.0246891, -0.28672, -0.0296953, 0.289309, 992.523, -11963.2, 10, 2e-20, 3e-20, 2e-20, 2e-20, -1
-0.953228, 0.454703, 0.974899, 0.05, -0.0718788, -0.0905002, 0.141103, 0.182392, 994.562, -8701.37, 10, 2e-20, 3e-20, 2e-20, 2e-20, -1
-0.806223, 0.502209, 1.24359, 0.05, -0.181874, -0.101262, -0.251828, 0.326725, 1008.98, 14369, 10, 2e-20, 3e-20, 2e-20, 2e-20, -1
-0.940479, 0.435501, 1.2163, 0.05, -0.0200111, -0.169992, 0.193869, 0.258617, 984.77, -24367.5, 10, 2e-20, 3e-20, 2e-20, 2e-20, -1
-0.868128, 0.475651, 1.29819, 0.05, 0.136599, -0.249205, -0.268421, 0.390912, 990.901, -14559, 10, 2e-20, 3e-20, 2e-20, 2e-20, -1
-0.785012, 0.474838, 1.18952, 0.05, -0.224099, -0.0353532, -0.158545, 0.276779, 998.945, -1687.49, 10, 2e-20, 3e-20, 2e-20, 2e-20, -1
-0.81411, 0.462066, 1.31053, 0.05, -0.020004, -0.4173, -0.260231, 0.492198, 1000.53, 847.208, 10, 2e-20, 3e-20, 2e-20, 2e-20, -1
0.0781969, 0.134098, 1.11278, 0.05, -0.0301251, 0.0159069, 0.0960204, 0.101885, 1000.1, 158.12, 10, 2e-20, 3e-20, 2e-20, 2e-20, -1
-0.795514, 0.418588, 1.15589, 0.05, 0.0238418, 0.118918, -0.46262, 0.478254, 998.294, -2729.87, 10, 2e-20, 3e-20, 2e-20, 2e-20, -1
-0.968698, 0.340073, 1.31539, 0.05, 0.258105, 0.937767, -1.01125, 1.40309, 976.571, -37486.8, 10, 2e-20, 3e-20, 2e-20, 2e-20, -1
-0.601838, 0.218925, 1.2926, 0.05, 0.174703, -0.116347, 0.108265, 0.236176, 1001.55, 2487.1, 10, 2e-20, 3e-20, 2e-20, 2e-20, -1
-0.583686, 0.377412, 1.19444, 0.05, 0.15712, 0.0501779, -0.360494, 0.396435, 1008.04, 12862, 10, 2e-20, 3e-20, 2e-20, 2e-20, -1
-0.5624, -0.195942, 1.40194, 0.05, 0.104875, -0.0893073, 0.0117688, 0.13825, 998.504, -2393.39, 10, 2e-20, 3e-20, 2e-20, 2e-20, -1
-0.916664, -0.113586, 1.21883, 0.05, -0.0782313, -0.183683, -0.187382, 0.273809, 1001.26, 2009.3, 10, 2e-20, 3e-20, 2e-20, 2e-20, -1
-0.464741, 0.343919, 1.14341, 0.05, 0.143837, -0.183617, -0.136392, 0.270198, 996.162, -6141.13, 10, 2e-20, 3e-20, 2e-20, 2e-20, -1
-0.640222, 0.365295, 1.18502, 0.05, -0.0180268, 0.0717955, -0.507916, 0.513281, 1000.85, 1358.76, 10, 2e-20, 3e-20, 2e-20, 2e-20, -1
0.70282, 0.110811, 1.33349, 0.05, -0.186375, -0.0493958, -0.157844, 0.249179, 1001.62, 2598.02, 10, 2e-20, 3e-20, 2e-20, 2e-20, -1
-0.941774, 0.524717, 1.35562, 0.05, 0.176967, -0.100429, 0.0533335, 0.210351, 989.855, -16232.5, 10, 2e-20, 3e-20, 2e-20, 2e-20, -1
-0.743747, -0.283787, 1.28674, 0.05, 0.168903, -0.0795888, -0.284791, 0.340542, 1000.91, 1456.27, 10, 2e-20, 3e-20, 2e-20, 2e-20, -1
-0.763897, 0.356312, 1.09433, 0.05, 0.0175342, -0.0157928, -0.13743, 0.139441, 1007.81, 12488.4, 10, 2e-20, 3e-20, 2e-20, 2e-20, -1
-0.795742, 0.299533, 1.30427, 0.05, 0.060663, -0.374044, -0.278908, 0.470508, 992.413, -12138.5, 10, 2e-20, 3e-20, 2e-20, 2e-20, -1
-0.720776, 0.31051, 1.02754, 0.05, 0.0254882, -0.00562372, -0.120286, 0.123086, 1000.34, 544.084, 10, 2e-20, 3e-20, 2e-20, 2e-20, -1
-0.708854, 0.316225, 1.21566, 0.05, 0.233415, 0.186228, -0.216078, 0.368583, 998.324, -2681.34, 10, 2e-20, 3e-20, 2e-20, 2e-20, -1
-0.685168, 0.226739, 1.30546, 0.05, -0.0137426, -0.368339, -0.269145, 0.456401, 1007.73, 12371.2, 10, 2e-20, 3e-20, 2e-20, 2e-20, -1
-0.790801, -0.132833, 1.27501, 0.05, 0.0957271, -0.152645, 0.0158031, 0.18087, 1000.65, 1046.79, 10, 2e-20, 3e-20, 2e-20, 2e-20, -1
-0.756934, 0.309217, 1.06363, 0.05, 0.293191, -0.344155, -0.61252, 0.761304, 1003.15, 5045.78, 10, 2e-20, 3e-20, 2e-20, 2e-20, -1
-0.858573, -0.127084, 1.27338, 0.05, 0.253498, -0.25018, 0.017973, 0.356615, 990.941, -14494.9, 10, 2e-20, 3e-20, 2e-20, 2e-20, -1
-0.775445, 0.277093, 1.2642, 0.05, 0.180264, -0.394205, -0.0597377, 0.437562, 1002.15, 3438.74, 10, 2e-20, 3e-20, 2e-20, 2e-20, -1
-0.721889, 0.306367, 1.132, 0.05, 0.216007, -0.191711, -0.286273, 0.40665, 998.852, -1837.43, 10, 2e-20, 3e-20, 2e-20, 2e-20, -1
-0.963123, 0.244558, 1.38215, 0.05, 0.518258, -0.349324, -0.389538, 0.73645, 1005.6, 8957.03, 10, 2e-20, 3e-20, 2e-20, 2e-20, -1
-0.861129, 0.197648, 1.29231, 0.05, 0.386711, -0.361896, -0.522781, 0.744187, 1000.5, 798.301, 10, 2e-20, 3e-20, 2e-20, 2e-20, -1
-0.831253, 0.17112, 1.32445, 0.05, 0.0351214, -0.169271, -0.105069, 0.202301, 993.495, -10408.3, 10, 2e-20, 3e-20, 2e-20, 2e-20, -1
-0.941129, -0.494956, 0.289353, 0.05, -0.031797, 0.0605394, 0.10217, 0.122942, 998.242, -2812.91, 10, 2e-20, 3e-20, 2e-20, 2e-20, -1
-0.919295, -0.251936, 1.29107, 0.05, -0.153618, -0.225394, 0.298008, 0.403992, 997.855, -3432.75, 10, 2e-20, 3e-20, 2e-20, 2e-20, -1
-0.896759, -0.495857, 0.310422, 0.05, -0.0049421, 0.0548104, 0.207338, 0.214517, 1008.61, 13769.8, 10, 2e-20, 3e-20, 2e-20, 2e-20, -1
-0.93694, -0.49595, 0.557403, 0.05, 0.0108343, -0.0687347, 0.328067, 0.335365, 1002.42, 3866.09, 10, 2e-20, 3e-20, 2e-20, 2e-20, -1
-0.942148, -0.493872, 0.500572, 0.05, 0.0586561, 0.0282954, -0.0586085, 0.0876135, 1001.82, 2918.46, 10, 2e-20, 3e-20, 2e-20, 2e-20, -1
-0.994675, -0.44873, 1.12676, 0.05, -0.0148372, 0.0990343, 0.384632, 0.397454, 998.274, -2761.17, 10, 2e-20, 3e-20, 2e-20, 2e-20, -1
-0.934459, -0.493281, 0.680792, 0.05, -0.00209673, 0.000877634, 0.197033, 0.197046, 1009.39, 15027.2, 10, 2e-20, 3e-20, 2e-20, 2e-20, -1
-0.992806, -0.498743, 0.951621, 0.05, 0.100819, 0.0149959, -0.0293472, 0.106069, 1006.35, 10153.7, 10, 2e-20, 3e-20, 2e-20, 2e-20, -1
-0.630793, -0.0836157, 1.35024, 0.05, 0.172836, 0.0602501, -0.0954131, 0.206412, 997.689, -3697.39, 10, 2e-20, 3e-20, 2e-20, 2e-20, -1
-0.885203, -0.497006, 0.756531, 0.05, -0.0660519, 0.0496723, 0.121562, 0.146995, 1009.14, 14624.3, 10, 2e-20, 3e-20, 2e-20, 2e-20, -1
0.458785, 0.338179, 1.41167, 0.05, -0.212156, -0.0560498, -0.0865539, 0.235888, 1000.43, 681.937, 10, 2e-20, 3e-20, 2e-20, 2e-20, -1
-0.915284, -0.498138, 0.920051, 0.05, 0.0659074, 0.0571721, 0.491909, 0.499587, 1009.78, 15650.5, 10, 2e-20, 3e-20, 2e-20, 2e-20, -1
-0.981212, -0.362907, 1.3814, 0.05, -0.0696655, 0.063483, -0.041531, 0.102996, 1006.39, 10225.9, 10, 2e-20, 3e-20, 2e-20, 2e-20, -1
-0.934864, -0.496621, 0.813402, 0.05, 0.0114039, 0.108711, -0.145611, 0.182074, 1008.24, 13179.7, 10, 2e-20, 3e-20, 2e-20, 2e-20, -1
-0.964541, -0.380939, 1.36317, 0.05, 0.0167232, -0.21647, -0.00820108, 0.21727, 992.579, -11873.8, 10, 2e-20, 3e-20, 2e-20, 2e-20, -1
-0.993845, -0.494361, 1.11229, 0.05, 0.150247, -0.208215, 0.393094, 0.469522, 1000.87, 1385.14, 10, 2e-20, 3e-20, 2e-20, 2e-20, -1
-0.948058, -0.493053, 1.22097, 0.05, -0.0492019, 0.0627504, 0.150405, 0.170235, 1007.42, 11871.3, 10, 2e-20, 3e-20, 2e-20, 2e-20, -1
-1.02655, -0.499111, 1.31798, 0.05, 0.20686, 0.082544, 0.205991, 0.303376, 988.694, -18090.3, 10, 2e-20, 3e-20, 2e-20, 2e-20, -1
-0.935475, -0.457514, 1.24003, 0.05, -0.118378, 0.111083, 0.291321, 0.333498, 1002.81, 4490.08, 10, 2e-20, 3e-20, 2e-20, 2e-20, -1
-0.939678, -0.445979, 1.40787, 0.05, 0.324936, 0.199906, -0.137941, 0.405676, 983.806, -25910.8, 10, 2e-20, 3e-20, 2e-20, 2e-20, -1
-0.987517, -0.497554, 1.06221, 0.05, 0.0589702, 0.0859388, 0.283305, 0.301869, 1005.16, 8249.4, 10, 2e-20, 3e-20, 2e-20, 2e-20, -1
-0.242782, -0.0450085, 1.34971, 0.05, 0.00157739, -0.00752489, 0.123876, 0.124114, 1001.64, 2620.74, 10, 2e-20, 3e-20, 2e-20, 2e-20, -1
-0.921341, -0.501431, 1.29239, 0.05, -0.0900735, -0.150235, 0.589824, 0.615286, 1009.5, 15207.9, 10, 2e-20, 3e-20, 2e-20, 2e-20, -1
-0.883905, -0.432466, 1.42909, 0.05, 0.0822792, -0.0131272, -0.158012, 0.178634, 991.865, -13015.8, 10, 2e-20, 3e-20, 2e-20, 2e-20, -1
-0.836226, -0.492791, 1.27163, 0.05, -0.141048, -0.375823, 0.338359, 0.524999, 992.681, -11709.9, 10, 2e-20, 3e-20, 2e-20, 2e-20, -1
-0.956723, -0.451584, 1.3846, 0.05, 0.102956, 0.0733068, -0.219449, 0.253242, 998.918, -1731.94, 10, 2e-20, 3e-20, 2e-20, 2e-20, -1
-0.249168, -0.181139, 1.42693, 0.05, 0.0513464, -0.0835069, 0.149458, 0.178739, 995.565, -7095.25, 10, 2e-20, 3e-20, 2e-20, 2e-20, -1
-0.817079, -0.235574, 1.21132, 0.05, 0.038191, -0.0948598, -0.126095, 0.162348, 993.903, -9755.35, 10, 2e-20, 3e-20, 2e-20, 2e-20, -1
-0.6663, -0.138322, 1.28597, 0.05, 0.136561, 0.00134454, 0.0715109, 0.154157, 998.958, -1666.97, 10, 2e-20, 3e-20, 2e-20, 2e-20, -1
-0.93602, -0.425378, 1.38636, 0.05, 0.307014, -0.040962, 0.054126, 0.314428, 1004.85, 7752, 10, 2e-20, 3e-20, 2e-20, 2e-20, -1
-0.875586, -0.343975, 1.23414, 0.05, 0.0132714, 0.0376905, 0.033943, 0.0524293, 1000.55, 879.661, 10, 2e-20, 3e-20, 2e-20, 2e-20, -1
-0.868201, -0.381956, 1.26323, 0.05, 0.241802, -0.0281629, 0.191272, 0.309591, 1005.75, 9205.62, 10, 2e-20, 3e-20, 2e-20, 2e-20, -1
-0.848945, -0.413127, 1.31486, 0.05, 0.153174, 0.0236726, 0.129636, 0.20206, 1002.96, 4736.54, 10, 2e-20, 3e-20, 2e-20, 2e-20, -1
-0.818226, -0.301525, 1.3807, 0.05, 0.116865, -0.158677, -0.200686, 0.281266, 998.013, -3179.61, 10, 2e-20, 3e-20, 2e-20, 2e-20, -1
-0.919685, -0.269977, 1.41967, 0.05, 0.221364, -0.0761513, -0.182119, 0.296595, 997.701, -3679.16, 10, 2e-20, 3e-20, 2e-20, 2e-20, -1
-0.883334, -0.428144, 1.4234, 0.05, 0.0945028, -0.0256006, -0.0902649, 0.133169, 1002.21, 3543.62, 10, 2e-20, 3e-20, 2e-20, 2e-20, -1
-0.486864, -0.237418, 1.35373, 0.05, 0.167554, -0.0181706, 0.104879, 0.198505, 1000.55, 886.457, 10, 2e-20, 3e-20, 2e-20, 2e-20, -1
-0.789228, -0.404542, 1.33074, 0.05, 0.0775504, 0.0689928, 0.44853, 0.460384, 1001.8, 2875.43, 10, 2e-20, 3e-20, 2e-20, 2e-20, -1
-0.851802, -0.411564, 1.17457, 0.05, -0.380795, -0.00821518, 0.0877731, 0.390867, 998.255, -2791.3, 10, 2e-20, 3e-20, 2e-20, 2e-20, -1
-0.79125, -0.456045, 1.30505, 0.05, -0.0450293, 0.447092, 0.415964, 0.612328, 1019.3, 30888, 10, 2e-20, 3e-20, 2e-20, 2e-20, -1
-0.766837, -0.335822, 1.31409, 0.05, 0.0331926, -0.305346, -0.0450994, 0.310439, 1004.97, 7945.15, 10, 2e-20, 3e-20, 2e-20, 2e-20, -1
-0.805924, -0.401319, 1.18888, 0.05, -0.0287331, -0.133025, 0.183097, 0.228136, 1007.19, 11511.9, 10, 2e-20, 3e-20, 2e-20, 2e-20, -1
-0.792328, -0.35021, 1.17996, 0.05, 0.0843434, 0.183156, 0.205324, 0.287781, 1003.51, 5615.44, 10, 2e-20, 3e-20, 2e-20, 2e-20, -1
-0.93268, -0.342551, 1.2949, 0.05, -0.0575779, -0.223832, 0.108896, 0.255488, 996.639, -5377.56, 10, 2e-20, 3e-20, 2e-20, 2e-20, -1
-0.292659, -0.0120774, 1.34506, 0.05, -0.102121, 0.0913406, 0.28137, 0.312955, 999.323, -1082.41, 10, 2e-20, 3e-20, 2e-20, 2e-20, -1
-0.686149, -0.386091, 1.28308, 0.05, 0.299699, 0.0437081, 0.238902, 0.385752, 997.23, -4432.65, 10, 2e-20, 3e-20, 2e-20, 2e-20, -1
-0.749137, -0.48811, 1.31836, 0.05, -0.12883, -0.0278804, -0.307901, 0.334929, 1016.06, 25694.4, 10, 2e-20, 3e-20, 2e-20, 2e-20, -1
-0.823579, -0.309789, 1.33974, 0.05, -0.0233366, -0.151118, -0.172311, 0.230374, 993.037, -11140.8, 10, 2e-20, 3e-20, 2e-20, 2e-20, -1
-0.503792, -0.176224, 1.32236, 0.05, 0.158366, -0.000866764, 0.0955757, 0.184974, 1002.4, 3835.38, 10, 2e-20, 3e-20, 2e-20, 2e-20, -1
-0.777634, -0.326421, 1.31102, 0.05, -0.232675, 0.0457082, -0.182596, 0.29928, 1000.45, 725.963, 10, 2e-20, 3e-20, 2e-20, 2e-20, -1
-0.453997, 0.0651918, 1.38312, 0.05, -0.0211437, 0.183482, 0.231265, 0.295967, 1000.19, 305.446, 10, 2e-20, 3e-20, 2e-20, 2e-20, -1
-0.937058, -0.502368, 0.0490312, 0.05, -0.0950966, -0.133124, 0.11365, 0.199203, 1009.51, 15210.6, 10, 2e-20, 3e-20, 2e-20, 2e-20, -1
-0.863924, -0.502388, 0.120516, 0.05, 0.139633, -0.119524, 0.0173009, 0.184615, 1003.83, 6121.14, 10, 2e-20, 3e-20, 2e-20, 2e-20, -1
-0.888479, -0.502891, 0.176863, 0.05, 0.12962, -0.0349804, 0.120494, 0.180399, 1003.49, 5583.11, 10, 2e-20, 3e-20, 2e-20, 2e-20, -1
-0.931697, -0.467581, 0.335244, 0.05, -0.0767528, -0.115666, 0.167735, 0.217726, 998.902, -1757.43, 10, 2e-20, 3e-20, 2e-20, 2e-20, -1
-0.938205, -0.424211, 0.339797, 0.05, -0.072954, 0.0107397, 0.168977, 0.184366, 1008.02, 12827.2, 10, 2e-20, 3e-20, 2e-20, 2e-20, -1
-0.896142, -0.453293, 0.177283, 0.05, 0.0424117, -0.0486725, -0.0952025, 0.115027, 1002.62, 4184.73, 10, 2e-20, 3e-20, 2e-20, 2e-20, -1
-0.861503, -0.456119, 0.206056, 0.05, 0.0891186, -0.10582, -0.0143099, 0.139086, 1005.61, 8981.23, 10, 2e-20, 3e-20, 2e-20, 2e-20, -1
-0.895477, -0.427423, 0.220164, 0.05, 0.0153177, 0.0591903, 0.011493, 0.062211, 1004.17, 6673.62, 10, 2e-20, 3e-20, 2e-20, 2e-20, -1
-0.9034, -0.37529, 0.305683, 0.05, 0.0541243, 0.123498, -0.0897144, 0.161956, 1004.04, 6467.17, 10, 2e-20, 3e-20, 2e-20, 2e-20, -1
-0.920128, -0.438187, 0.415028, 0.05, 0.0141165, 0.0905106, 0.0735182, 0.117458, 1004.78, 7652.72, 10, 2e-20, 3e-20, 2e-20, 2e-20, -1
-0.923505, -0.450742, 0.474575, 0.05, -0.0215894, -0.00403722, 0.045286, 0.0503311, 1007.58, 12129.8, 10, 2e-20, 3e-20, 2e-20, 2e-20, -1
-0.885272, -0.409003, 0.492283, 0.05, 0.00167123, -0.0143697, 0.0123935, 0.0190494, 1005.86, 9370.55, 10, 2e-20, 3e-20, 2e-20, 2e-20, -1
-0.936921, -0.444944, 0.585342, 0.05, -0.0456951, -0.0767299, 0.152417, 0.176654, 999.412, -940.518, 10, 2e-20, 3e-20, 2e-20, 2e-20, -1
-0.862028, -0.398843, 0.548993, 0.05, -0.19091, -0.0504808, -0.0578387, 0.205768, 1000.77, 1238.06, 10, 2e-20, 3e-20, 2e-20, 2e-20, -1
-0.920603, -0.438405, 0.671165, 0.05, -0.112803, -0.0405606, 0.139166, 0.183676, 1005.82, 9304.42, 10, 2e-20, 3e-20, 2e-20, 2e-20, -1
-0.916813, -0.390191, 0.557142, 0.05, -0.0466198, 0.0837068, -0.0160508, 0.0971486, 1003.76, 6011.63, 10, 2e-20, 3e-20, 2e-20, 2e-20, -1
-0.870452, -0.439031, 0.631392, 0.05, 0.0545864, 0.0555434, 0.0857625, 0.115845, 1003.9, 6232.03, 10, 2e-20, 3e-20, 2e-20, 2e-20, -1
-0.831087, -0.467392, 0.758392, 0.05, 0.0327244, -0.0601179, 0.0381171, 0.0783452, 996.067, -6293.5, 10, 2e-20, 3e-20, 2e-20, 2e-20, -1
-0.913876, -0.396193, 0.785877, 0.05, 0.0350507, 0.0938547, 0.0179564, 0.101783, 1000.62, 991.222, 10, 2e-20, 3e-20, 2e-20, 2e-20, -1
-0.890751, -0.404837, 0.74459, 0.05, 0.125205, 0.127443, -0.052319, 0.18616, 1005.92, 9478.31, 10, 2e-20, 3e-20, 2e-20, 2e-20, -1
-0.88864, -0.423329, 0.824547, 0.05, 0.0694918, 0.0254181, 0.105443, 0.128816, 1005.4, 8634.98, 10, 2e-20, 3e-20, 2e-20, 2e-20, -1
-0.867037, -0.438733, 0.780391, 0.05, -0.0420945, -0.00738055, 0.0185522, 0.0465897, 1001.43, 2281.93, 10, 2e-20, 3e-20, 2e-20, 2e-20, -1
-0.891248, -0.410371, 0.867158, 0.05, -0.0404876, 0.0595986, 0.155486, 0.171368, 1003.01, 4814.64, 10, 2e-20, 3e-20, 2e-20, 2e-20, -1
-0.851449, -0.381486, 0.852745, 0.05, -0.107501, 0.0359589, 0.0174849, 0.114696, 1003.04, 4870.15, 10, 2e-20, 3e-20, 2e-20, 2e-20, -1
-0.793004, -0.468168, 0.954737, 0.05, 0.0912067, 0.0214917, 0.188453, 0.210464, 997.993, -3210.61, 10, 2e-20, 3e-20, 2e-20, 2e-20, -1
-0.817272, -0.460591, 1.02912, 0.05, 0.00253165, -0.0160284, 0.196789, 0.197457, 1000.85, 1354.39, 10, 2e-20, 3e-20, 2e-20, 2e-20, -1
-0.93253, -0.50227, 1.08733, 0.05, -0.0880378, 0.127663, 0.296333, 0.334457, 1000.5, 803.891, 10, 2e-20, 3e-20, 2e-20, 2e-20, -1
-0.899201, -0.460057, 1.0586, 0.05, -0.139653, -0.0599917, 0.375348, 0.404954, 999.988, -19.3021, 10, 2e-20, 3e-20, 2e-20, 2e-20, -1
-0.907171, -0.468083, 1.31222, 0.05, 0.648833, 0.163566, 0.493286, 0.831306, 996.875, -4999.55, 10, 2e-20, 3e-20, 2e-20, 2e-20, -1
-0.897334, -0.447304, 1.12969, 0.05, -0.0921262, 0.0732102, 0.475043, 0.489401, 1010.42, 16667.2, 10, 2e-20, 3e-20, 2e-20, 2e-20, -1
-0.869852, -0.472983, 1.20188, 0.05, 0.0742906, -0.238495, 0.138601, 0.285673, 1002.85, 4562.54, 10, 2e-20, 3e-20, 2e-20, 2e-20, -1
-0.83012, -0.464094, 1.1669, 0.05, 0.0419548, 0.0797889, 0.264394, 0.279339, 1003.42, 5474.68, 10, 2e-20, 3e-20, 2e-20, 2e-20, -1
-0.836553, -0.42131, 1.06003, 0.05, -0.0792427, -0.0838808, -0.0656357, 0.132753, 1000.05, 86.1379, 10, 2e-20, 3e-20, 2e-20, 2e-20, -1
-0.890762, -0.394622, 1.09189, 0.05, 0.0153445, 0.156672, -0.00424335, 0.157479, 996.569, -5490.07, 10, 2e-20, 3e-20, 2e-20, 2e-20, -1
-0.86508, -0.418447, 1.13, 0.05, 0.0355571, 0.169798, 0.269704, 0.320681, 996.624, -5401.8, 10, 2e-20, 3e-20, 2e-20, 2e-20, -1
-0.822058, -0.454138, 1.20025, 0.05, 0.0317168, 0.0742524, 0.260026, 0.272273, 999.064, -1498.08, 10, 2e-20, 3e-20, 2e-20, 2e-20, -1
-0.977817, -0.361734, 1.26515, 0.05, 0.0224636, 0.115427, 0.0283492, 0.120961, 999.865, -215.615, 10, 2e-20, 3e-20, 2e-20, 2e-20, -1
-0.806013, -0.450332, 1.25969, 0.05, -0.471099, -0.0532782, -0.157612, 0.499614, 998.987, -1621.06, 10, 2e-20, 3e-20, 2e-20, 2e-20, -1
-0.644621, -0.441398, 1.30772, 0.05, 0.259071, -0.0511231, 0.222332, 0.3452, 997.551, -3917.94, 10, 2e-20, 3e-20, 2e-20, 2e-20, -1
-0.879739, -0.455927, 1.28926, 0.05, 0.0381367, 0.0441712, 0.282278, 0.288247, 991.422, -13724.1, 10, 2e-20, 3e-20, 2e-20, 2e-20, -1
-0.703633, -0.507411, 1.31662, 0.05, 0.194617, 0.0260983, 0.209195, 0.286913, 995.182, -7709.04, 10, 2e-20, 3e-20, 2e-20, 2e-20, -1
-0.648325, -0.298495, 1.33079, 0.05, 0.393711, -0.0423718, -0.165759, 0.429278, 999.871, -206.67, 10, 2e-20, 3e-20, 2e-20, 2e-20, -1
-0.708547, -0.428189, 1.34066, 0.05, -0.329303, -0.397278, -0.153052, 0.538234, 995.894, -6570.1, 10, 2e-20, 3e-20, 2e-20, 2e-20, -1
-0.638386, -0.303282, 1.2099, 0.05, 0.141309, -0.191845, 0.08949, 0.254522, 1002.32, 3711.14, 10, 2e-20, 3e-20, 2e-20, 2e-20, -1
-0.580401, -0.253594, 1.26296, 0.05, 0.0455505, -0.136117, 0.0344703, 0.147617, 999.892, -172.101, 10, 2e-20, 3e-20, 2e-20, 2e-20, -1
-0.619148, -0.235994, 1.26111, 0.05, 0.115711, -0.141206, 0.0276395, 0.184641, 998.812, -1901.34, 10, 2e-20, 3e-20, 2e-20, 2e-20, -1
-0.681483, -0.323116, 1.23381, 0.05, 0.0815506, -0.154027, -0.00342277, 0.174317, 998.886, -1783.03, 10, 2e-20, 3e-20, 2e-20, 2e-20, -1
-0.695927, -0.294393, 1.27551, 0.05, -0.108886, 0.0936451, 0.00806306, 0.143842, 1002.81, 4493.96, 10, 2e-20, 3e-20, 2e-20, 2e-20, -1
-0.587829, -0.206899, 1.31302, 0.05, 0.209436, -0.0140679, -0.0428229, 0.214231, 1001.75, 2801.76, 10, 2e-20, 3e-20, 2e-20, 2e-20, -1
-0.553804, -0.0745574, 1.35761, 0.05, 0.176871, -0.0142605, -0.0218407, 0.178784, 1000.68, 1092.09, 10, 2e-20, 3e-20, 2e-20, 2e-20, -1
-0.453036, -0.137652, 1.40618, 0.05, 0.170343, 0.0813955, 0.0687943, 0.200935, 999.66, -544.572, 10, 2e-20, 3e-20, 2e-20, 2e-20, -1
-0.992457, -0.498341, 0.0540846, 0.05, -0.204922, -0.0332863, 0.138754, 0.249707, 1010.44, 16703.4, 10, 2e-20, 3e-20, 2e-20, 2e-20, -1
-1.00234, -0.450686, 0.0631931, 0.05, -0.00351102, 0.0744816, 0.156575, 0.173423, 1005.51, 8809.25, 10, 2e-20, 3e-20, 2e-20, 2e-20, -1
-0.943519, -0.497468, 0.167881, 0.05, 0.0139597, -0.0935977, 0.10974, 0.144907, 1009.03, 14446.1, 10, 2e-20, 3e-20, 2e-20, 2e-20, -1
-0.919695, -0.437567, 0.0964042, 0.05, 0.038255, 0.191777, 0.0798438, 0.211227, 1005.14, 8224.82, 10, 2e-20, 3e-20, 2e-20, 2e-20, -1
-0.944341, -0.37996, 0.164189, 0.05, 0.0365576, 0.00595158, 0.234523, 0.23743, 1004.85, 7767.61, 10, 2e-20, 3e-20, 2e-20, 2e-20, -1
-0.892453, -0.42044, 0.140084, 0.05, 0.172235, 0.0170719, 0.0184284, 0.174058, 1005.64, 9027.16, 10, 2e-20, 3e-20, 2e-20, 2e-20, -1
-0.907488, -0.340256, 0.172513, 0.05, -0.137716, -0.0273987, 0.0884871, 0.165971, 1002.68, 4289.74, 10, 2e-20, 3e-20, 2e-20, 2e-20, -1
-0.936895, -0.360689, 0.257695, 0.05, 0.0386681, 0.111976, 0.0843647, 0.145434, 1005.75, 9194.25, 10, 2e-20, 3e-20, 2e-20, 2e-20, -1
-0.882516, -0.330035, 0.305247, 0.05, -0.0980833, 0.162447, 0.0309029, 0.192261, 1012.36, 19778.5, 10, 2e-20, 3e-20, 2e-20, 2e-20, -1
-1.00126, -0.397357, 0.469541, 0.05, 0.116868, 0.0379317, 0.128141, 0.17753, 1008.24, 13182.4, 10, 2e-20, 3e-20, 2e-20, 2e-20, -1
-0.920811, -0.403381, 0.456007, 0.05, 0.0848346, -0.0201603, 0.0735005, 0.114042, 1004.71, 7540.57, 10, 2e-20, 3e-20, 2e-20, 2e-20, -1
-0.976825, -0.382876, 0.505554, 0.05, -0.00978495, 0.0733557, 0.284706, 0.294168, 1001.52, 2436.56, 10, 2e-20, 3e-20, 2e-20, 2e-20, -1
-0.948773, -0.398591, 0.597389, 0.05, 0.0108416, 0.0575416, 0.0979601, 0.114126, 1005.94, 9508.11, 10, 2e-20, 3e-20, 2e-20, 2e-20, -1
-0.977734, -0.365254, 0.621261, 0.05, 0.0581983, 0.00320259, 0.0941396, 0.110723, 1002.6, 4154.49, 10, 2e-20, 3e-20, 2e-20, 2e-20, -1
-0.894366, -0.395746, 0.6578, 0.05, 0.0657398, 0.0179306, 0.00597168, 0.0684024, 1000.93, 1489.4, 10, 2e-20, 3e-20, 2e-20, 2e-20, -1
-0.887721, -0.362199, 0.524971, 0.05, -0.0204294, -0.0291672, 0.0124311, 0.0377176, 1000.52, 834.429, 10, 2e-20, 3e-20, 2e-20, 2e-20, -1
-0.898649, -0.404846, 0.602834, 0.05, 0.0373198, 0.00924349, -0.03333, 0.0508832, 996.06, -6304.7, 10, 2e-20, 3e-20, 2e-20, 2e-20, -1
-0.971262, -0.353411, 0.696647, 0.05, -0.0343637, 0.0117833, 0.190628, 0.194059, 1004.19, 6702.57, 10, 2e-20, 3e-20, 2e-20, 2e-20, -1
-0.871683, -0.433446, 0.73342, 0.05, 0.0802902, -0.0258053, 0.0326411, 0.0904316, 1007.45, 11915.2, 10, 2e-20, 3e-20, 2e-20, 2e-20, -1
-0.988668, -0.379401, 0.782142, 0.05, -0.0340791, -0.170647, 0.191173, 0.258513, 1000.86, 1375.49, 10, 2e-20, 3e-20, 2e-20, 2e-20, -1
-0.884573, -0.354571, 0.762503, 0.05, 0.0921245, 0.064184, 0.130855, 0.172423, 1000.99, 1587.46, 10, 2e-20, 3e-20, 2e-20, 2e-20, -1
-0.882995, -0.334403, 0.704179, 0.05, 0.12767, -0.0411202, 0.121165, 0.180752, 999.59, -656.644, 10, 2e-20, 3e-20, 2e-20, 2e-20, -1
-0.906931, -0.303222, 0.746807, 0.05, 0.0354796, 0.00755261, 0.290593, 0.292849, 1005.51, 8817.82, 10, 2e-20, 3e-20, 2e-20, 2e-20, -1
-0.909811, -0.407493, 0.937173, 0.05, -0.00926579, 0.127566, 0.147301, 0.195081, 1000.32, 511.005, 10, 2e-20, 3e-20, 2e-20, 2e-20, -1
-0.896684, -0.321404, 0.797654, 0.05, 0.0124039, 0.0235585, -0.00597824, 0.0272873, 1001.83, 2928.63, 10, 2e-20, 3e-20, 2e-20, 2e-20, -1
-0.932528, -0.400412, 0.981558, 0.05, 0.0488845, 0.243775, 0.0571808, 0.255118, 997.762, -3581.54, 10, 2e-20, 3e-20, 2e-20, 2e-20, -1
-0.888176, -0.336407, 0.902777, 0.05, 0.0291947, 0.0567328, 0.123374, 0.138896, 1001.37, 2192.4, 10, 2e-20, 3e-20, 2e-20, 2e-20, -1
-0.904214, -0.450715, 0.976259, 0.05, 0.00327196, -0.0561905, 0.0643262, 0.0854748, 998.607, -2228.04, 10, 2e-20, 3e-20, 2e-20, 2e-20, -1
-0.883656, -0.30747, 0.865943, 0.05, 0.0538346, -0.00478361, -0.0395571, 0.0669763, 998.697, -2084.9, 10, 2e-20, 3e-20, 2e-20, 2e-20, -1
-0.882921, -0.380256, 0.902712, 0.05, 0.0255953, 0.0209636, -0.0208591, 0.0391113, 999.926, -118.219, 10, 2e-20, 3e-20, 2e-20, 2e-20, -1
-0.858168, -0.391729, 0.949921, 0.05, 0.109648, 0.0658228, 0.0368624, 0.133094, 1005.44, 8697.22, 10, 2e-20, 3e-20, 2e-20, 2e-20, -1
-0.880424, -0.412137, 0.996701, 0.05, -0.0686806, 0.0859063, 0.314392, 0.333075, 1010.81, 17296.3, 10, 2e-20, 3e-20, 2e-20, 2e-20, -1
-0.827947, -0.395649, 1.01682, 0.05, 0.174854, -0.0523645, 0.0237114, 0.184061, 1002.98, 4767.74, 10, 2e-20, 3e-20, 2e-20, 2e-20, -1
-0.868731, -0.362259, 0.991159, 0.05, 0.041794, -0.129255, 0.0509195, 0.145074, 999.963, -59.6314, 10, 2e-20, 3e-20, 2e-20, 2e-20, -1
-0.779133, -0.368311, 1.06435, 0.05, 0.0548291, 0.0407318, 0.107478, 0.127345, 1004.36, 6980.36, 10, 2e-20, 3e-20, 2e-20, 2e-20, -1
-0.816893, -0.352338, 0.993366, 0.05, 0.229958, -0.0882634, 0.0722192, 0.256684, 1006.9, 11043.3, 10, 2e-20, 3e-20, 2e-20, 2e-20, -1
-0.746391, -0.347391, 1.04225, 0.05, 0.0560925, -0.0901407, -0.0468096, 0.11603, 996.758, -5187.51, 10, 2e-20, 3e-20, 2e-20, 2e-20, -1
-0.942699, -0.396801, 1.13115, 0.05, -0.204803, -0.0659293, 0.0275463, 0.21691, 1000.19, 300.623, 10, 2e-20, 3e-20, 2e-20, 2e-20, -1
-0.834249, -0.37446, 1.05926, 0.05, -0.0923967, 0.0774042, -0.0682123, 0.138497, 1002.84, 4536.88, 10, 2e-20, 3e-20, 2e-20, 2e-20, -1
-0.912112, -0.304503, 1.13078, 0.05, -0.19949, -0.089137, 0.100567, 0.240532, 1001.65, 2634.24, 10, 2e-20, 3e-20, 2e-20, 2e-20, -1
-0.754862, -0.368844, 1.14818, 0.05, 0.0592388, 0.0224359, 0.082594, 0.104088, 992.781, -11550, 10, 2e-20, 3e-20, 2e-20, 2e-20, -1
-0.845892, -0.370022, 1.10934, 0.05, -0.0202682, -0.0327914, 0.182839, 0.186859, 1009.04, 14457.8, 10, 2e-20, 3e-20, 2e-20, 2e-20, -1
-0.893344, -0.369031, 1.20356, 0.05, 0.0224111, -0.141371, -0.211082, 0.255036, 992.246, -12406.4, 10, 2e-20, 3e-20, 2e-20, 2e-20, -1
-0.7622, -0.272814, 1.16689, 0.05, 0.0801674, -0.0523239, 0.0951309, 0.134961, 1006.93, 11082.3, 10, 2e-20, 3e-20, 2e-20, 2e-20, -1
-0.786317, -0.312034, 1.14887, 0.05, -0.00715187, -0.269943, 0.0725257, 0.279607, 1001.35, 2157.72, 10, 2e-20, 3e-20, 2e-20, 2e-20, -1
-0.555533, -0.175425, 1.26313, 0.05, -0.00693385, -0.114602, 0.0294503, 0.118529, 996.689, -5297.67, 10, 2e-20, 3e-20, 2e-20, 2e-20, -1
-0.569951, -0.196242, 1.36421, 0.05, 0.106212, 0.00293229, -0.0973616, 0.144114, 1003.25, 5200.79, 10, 2e-20, 3e-20, 2e-20, 2e-20, -1
-0.561565, -0.167906, 1.29676, 0.05, 0.0642833, 0.00122389, 0.179376, 0.19055, 1003.38, 5407.02, 10, 2e-20, 3e-20, 2e-20, 2e-20, -1
-0.480427, -0.141593, 1.29996, 0.05, 0.0691422, -0.0512192, 0.114782, 0.143454, 1003.3, 5275.11, 10, 2e-20, 3e-20, 2e-20, 2e-20, -1
-0.459415, 0.00262512, 1.37294, 0.05, -0.0511576, -0.0377469, 0.348914, 0.354659, 999.95, -80.0824, 10, 2e-20, 3e-20, 2e-20, 2e-20, -1
-0.511015, -0.0550936, 1.3418, 0.05, 0.139963, 0.0884656, 0.0854635, 0.186332, 1001.28, 2040.14, 10, 2e-20, 3e-20, 2e-20, 2e-20, -1
-0.946008, -0.351782, 0.0508568, 0.05, -0.00800139, 0.0721912, 0.142577, 0.160012, 1009.4, 15033.3, 10, 2e-20, 3e-20, 2e-20, 2e-20, -1
-0.996071, -0.290526, 0.0482371, 0.05, -0.0418843, 0.146943, 0.0948235, 0.179827, 1008.6, 13762.9, 10, 2e-20, 3e-20, 2e-20, 2e-20, -1
-0.944525, -0.427492, 0.143596, 0.05, 0.0146555, 0.0597699, 0.241838, 0.249546, 1011.85, 18953.1, 10, 2e-20, 3e-20, 2e-20, 2e-20, -1
-0.952626, -0.339391, 0.135872, 0.05, -0.0350508, -0.0221338, 0.0542402, 0.0682676, 1007.29, 11661.7, 10, 2e-20, 3e-20, 2e-20, 2e-20, -1
-0.899013, -0.309821, 0.129586, 0.05, -0.00850916, 0.0826493, -0.0684389, 0.107644, 1001.34, 2151.19, 10, 2e-20, 3e-20, 2e-20, 2e-20, -1
-0.999081, -0.227243, 0.254528, 0.05, 0.124401, 0.16351, -0.113023, 0.23449, 1016.55, 26477.7, 10, 2e-20, 3e-20, 2e-20, 2e-20, -1
-0.875078, -0.26354, 0.174141, 0.05, -0.0268472, 0.120681, 0.0217985, 0.125539, 1009.31, 14891.9, 10, 2e-20, 3e-20, 2e-20, 2e-20, -1
-0.932413, -0.296943, 0.324946, 0.05, 0.160426, -0.0262279, -0.0681246, 0.176254, 1006.9, 11039.6, 10, 2e-20, 3e-20, 2e-20, 2e-20, -1
-0.895565, -0.313747, 0.218799, 0.05, -0.214528, -0.0133131, -0.12388, 0.248085, 1005.03, 8046.26, 10, 2e-20, 3e-20, 2e-20, 2e-20, -1
-0.888755, -0.266068, 0.223073, 0.05, -0.0411292, 0.0603388, -0.119589, 0.140121, 1009.93, 15892.6, 10, 2e-20, 3e-20, 2e-20, 2e-20, -1
-0.878682, -0.348537, 0.355644, 0.05, 0.0335676, 0.123526, 0.00411642, 0.128072, 1005.91, 9449.94, 10, 2e-20, 3e-20, 2e-20, 2e-20, -1
-0.870698, -0.371467, 0.402131, 0.05, 0.0362019, -0.0155797, 0.160394, 0.165165, 1006.3, 10075.1, 10, 2e-20, 3e-20, 2e-20, 2e-20, -1
-0.8938, -0.362918, 0.45328, 0.05, 0.0521622, 0.0242593, -0.0474939, 0.0745994, 1006.77, 10829.8, 10, 2e-20, 3e-20, 2e-20, 2e-20, -1
-0.883006, -0.241233, 0.404118, 0.05, 0.00325449, 0.0282445, 0.100247, 0.104201, 1007.13, 11414.1, 10, 2e-20, 3e-20, 2e-20, 2e-20, -1
-0.964963, -0.364399, 0.556197, 0.05, 0.0157961, -0.0592738, -0.0254797, 0.0664237, 1004.44, 7102.43, 10, 2e-20, 3e-20, 2e-20, 2e-20, -1
-0.875482, -0.260473, 0.450236, 0.05, -0.0117564, 0.138543, 0.0720711, 0.15661, 1008.4, 13432.7, 10, 2e-20, 3e-20, 2e-20, 2e-20, -1
-0.901961, -0.353796, 0.58214, 0.05, 0.055451, -0.141413, -0.111769, 0.188586, 1001.63, 2615.23, 10, 2e-20, 3e-20, 2e-20, 2e-20, -1
-0.88331, -0.280431, 0.489891, 0.05, -0.0312248, -0.0353276, -0.0177349, 0.0503742, 1001.43, 2287.5, 10, 2e-20, 3e-20, 2e-20, 2e-20, -1
-0.875752, -0.347684, 0.658974, 0.05, 0.0822992, -0.0347828, 0.0112345, 0.0900512, 999.736, -421.61, 10, 2e-20, 3e-20, 2e-20, 2e-20, -1
-0.877053, -0.311282, 0.531486, 0.05, 0.0704606, -0.000118594, -0.149764, 0.165511, 1008.14, 13016.1, 10, 2e-20, 3e-20, 2e-20, 2e-20, -1
-0.876298, -0.327454, 0.612051, 0.05, 0.191254, -0.00784165, 0.0622416, 0.20128, 1001.94, 3104.47, 10, 2e-20, 3e-20, 2e-20, 2e-20, -1
-0.936752, -0.289606, 0.66634, 0.05, 0.029129, 0.100659, -0.145375, 0.179205, 1000.39, 619.695, 10, 2e-20, 3e-20, 2e-20, 2e-20, -1
-0.946614, -0.275313, 0.770557, 0.05, 0.0336252, -0.0195743, 0.188146, 0.192127, 1003.75, 6004.23, 10, 2e-20, 3e-20, 2e-20, 2e-20, -1
-0.870179, -0.260952, 0.658449, 0.05, -0.0474059, -0.0493536, 0.160146, 0.174155, 1002.04, 3269.36, 10, 2e-20, 3e-20, 2e-20, 2e-20, -1
-0.849209, -0.243463, 0.747358, 0.05, 0.0634427, 0.0676966, 0.0577149, 0.109265, 1006.23, 9960.96, 10, 2e-20, 3e-20, 2e-20, 2e-20, -1
-0.898637, -0.288706, 0.69947, 0.05, 0.0342501, 0.176629, -0.11689, 0.214556, 1002.62, 4189.01, 10, 2e-20, 3e-20, 2e-20, 2e-20, -1
-0.853836, -0.289375, 0.774815, 0.05, -0.157725, 0.0900689, 0.0827805, 0.199605, 997.611, -3822.97, 10, 2e-20, 3e-20, 2e-20, 2e-20, -1
-0.85984, -0.309486, 0.731235, 0.05, 0.0399629, 0.05855, -0.0306069, 0.0772134, 1000.36, 582.771, 10, 2e-20, 3e-20, 2e-20, 2e-20, -1
-0.887066, -0.256997, 0.867095, 0.05, -0.0307957, -0.00365981, -0.182558, 0.185173, 998.004, -3194.04, 10, 2e-20, 3e-20, 2e-20, 2e-20, -1
-0.852986, -0.282364, 0.824745, 0.05, -0.026955, 0.0310001, 0.253192, 0.256503, 995.762, -6780.99, 10, 2e-20, 3e-20, 2e-20, 2e-20, -1
-0.902132, -0.243828, 0.933913, 0.05, -0.0563328, 0.0582713, 0.0353489, 0.0884221, 1002.91, 4653, 10, 2e-20, 3e-20, 2e-20, 2e-20, -1
-0.837693, -0.344825, 0.94406, 0.05, -0.00871338, 0.184878, 0.0201168, 0.186173, 997.677, -3717.04, 10, 2e-20, 3e-20, 2e-20, 2e-20, -1
-0.826285, -0.305875, 0.96965, 0.05, -0.00538813, -0.0828291, -0.0800524, 0.115317, 1002.68, 4292.23, 10, 2e-20, 3e-20, 2e-20, 2e-20, -1
-0.935581, -0.240282, 1.0328, 0.05, -0.167413, -0.0917981, 0.144179, 0.239252, 1006.82, 10916.7, 10, 2e-20, 3e-20, 2e-20, 2e-20, -1
-0.786443, -0.271544, 0.969269, 0.05, 0.00336696, 0.0300257, -0.0827451, 0.0880888, 1004.7, 7513.11, 10, 2e-20, 3e-20, 2e-20, 2e-20, -1
-0.850255, -0.287526, 1.00221, 0.05, -0.0534429, -0.0779404, -0.0671393, 0.115925, 1001.32, 2115.19, 10, 2e-20, 3e-20, 2e-20, 2e-20, -1
-0.803524, -0.268039, 1.0092, 0.05, 0.17686, -0.195767, -0.00664604, 0.26391, 1004.8, 7687.54, 10, 2e-20, 3e-20, 2e-20, 2e-20, -1
-0.772965, -0.31094, 1.00229, 0.05, -0.0200928, 0.00750703, 0.10365, 0.105846, 1003.65, 5841.03, 10, 2e-20, 3e-20, 2e-20, 2e-20, -1
-0.796138, -0.324522, 1.03792, 0.05, 0.0466635, 0.0245898, 0.0675105, 0.0856727, 1001.04, 1669.25, 10, 2e-20, 3e-20, 2e-20, 2e-20, -1
-0.915181, -0.314472, 1.07119, 0.05, -0.0115523, -0.108765, 0.032032, 0.11397, 1005.1, 8159.43, 10, 2e-20, 3e-20, 2e-20, 2e-20, -1
-0.950245, -0.286844, 1.18532, 0.05, 0.0390035, -0.225277, 0.107429, 0.25261, 1001.58, 2527.28, 10, 2e-20, 3e-20, 2e-20, 2e-20, -1
-0.840389, -0.328622, 1.12835, 0.05, 0.0925838, -0.188809, -0.00336262, 0.210314, 1001.36, 2178.37, 10, 2e-20, 3e-20, 2e-20, 2e-20, -1
-0.872766, -0.302668, 1.09573, 0.05, 0.11243, -0.0522073, -0.0410871, 0.130592, 1000.75, 1196.02, 10, 2e-20, 3e-20, 2e-20, 2e-20, -1
-0.733691, -0.312507, 1.13672, 0.05, 0.0731711, -0.117004, -0.11172, 0.177553, 1002.71, 4340.42, 10, 2e-20, 3e-20, 2e-20, 2e-20, -1
-0.684388, -0.246365, 1.18001, 0.05, 0.163131, -0.134713, -0.0185016, 0.212371, 1006.87, 10988.1, 10, 2e-20, 3e-20, 2e-20, 2e-20, -1
-0.651193, -0.259757, 1.22158, 0.05, 0.0482824, -0.0772433, 0.00995068, 0.0916337, 1008.47, 13551.6, 10, 2e-20, 3e-20, 2e-20, 2e-20, -1
-0.588752, -0.236223, 1.21409, 0.05, 0.210781, -0.0101512, 0.0801759, 0.225743, 1000.48, 772.86, 10, 2e-20, 3e-20, 2e-20, 2e-20, -1
-0.507202, -0.131595, 1.27991, 0.05, 0.194293, -0.00858551, 0.0517056, 0.201238, 1001.7, 2721.71, 10, 2e-20, 3e-20, 2e-20, 2e-20, -1
-0.561452, -0.197986, 1.19678, 0.05, 0.239714, -0.0291556, 0.0272876, 0.243017, 999.556, -710.603, 10, 2e-20, 3e-20, 2e-20, 2e-20, -1
-0.437242, -0.141762, 1.30522, 0.05, 0.12437, -0.116046, 0.125953, 0.211657, 1001.41, 2258.77, 10, 2e-20, 3e-20, 2e-20, 2e-20, -1
-0.435786, 0.119156, 1.36001, 0.05, 0.0802085, -0.168939, 0.289395, 0.344562, 996.569, -5489.46, 10, 2e-20, 3e-20, 2e-20, 2e-20, -1
-0.950626, -0.249462, 0.0511276, 0.05, -0.161471, 0.0630792, -0.0265698, 0.175379, 1011.35, 18163.5, 10, 2e-20, 3e-20, 2e-20, 2e-20, -1
-1.00082, -0.309877, 0.256865, 0.05, 0.00675902, -0.0737789, 0.00469987, 0.0742368, 1005.39, 8623.86, 10, 2e-20, 3e-20, 2e-20, 2e-20, -1
-0.957667, -0.29646, 0.104976, 0.05, 0.0283436, -0.00408922, -0.0640643, 0.0701734, 1006.36, 10169.5, 10, 2e-20, 3e-20, 2e-20, 2e-20, -1
-0.958674, -0.248644, 0.206311, 0.05, 0.0700118, 0.25563, -0.0149166, 0.265464, 1013.01, 20812.3, 10, 2e-20, 3e-20, 2e-20, 2e-20, -1
-1.00111, -0.169216, 0.21667, 0.05, 0.0665952, 0.29596, 0.104476, 0.320846, 1006.08, 9735.57, 10, 2e-20, 3e-20, 2e-20, 2e-20, -1
-0.957797, -0.182278, 0.192382, 0.05, -0.10042, 0.134379, 0.130956, 0.212818, 1000.27, 425.705, 10, 2e-20, 3e-20, 2e-20, 2e-20, -1
-0.944389, -0.204485, 0.228759, 0.05, -0.129987, -0.0482961, 0.0245885, 0.140832, 1002.52, 4027.22, 10, 2e-20, 3e-20, 2e-20, 2e-20, -1
-0.928258, -0.241183, 0.247587, 0.05, -0.118927, 0.0860813, -0.103507, 0.179632, 1007.01, 11218.2, 10, 2e-20, 3e-20, 2e-20, 2e-20, -1
-0.937582, -0.263225, 0.294193, 0.05, 0.218667, 0.0213653, -0.0368831, 0.222782, 1002.75, 4392.88, 10, 2e-20, 3e-20, 2e-20, 2e-20, -1
-0.890165, -0.286181, 0.27981, 0.05, -0.237362, -0.0324593, 0.054977, 0.245798, 1000.85, 1367.69, 10, 2e-20, 3e-20, 2e-20, 2e-20, -1
-0.889929, -0.257768, 0.320577, 0.05, -0.0342725, -0.0242746, -0.0116681, 0.043589, 999.099, -1442.21, 10, 2e-20, 3e-20, 2e-20, 2e-20, -1
-0.880791, -0.297688, 0.347434, 0.05, 0.0592112, 0.0694432, 0.0429552, 0.100864, 1015.17, 24266.2, 10, 2e-20, 3e-20, 2e-20, 2e-20, -1
-0.890931, -0.165092, 0.336648, 0.05, -0.103572, 0.110475, -0.090374, 0.17635, 1010.42, 16670.7, 10, 2e-20, 3e-20, 2e-20, 2e-20, -1
-0.902069, -0.197462, 0.38982, 0.05, -0.145471, 0.0584016, -0.00168133, 0.156766, 1014.51, 23217.3, 10, 2e-20, 3e-20, 2e-20, 2e-20, -1
-0.897836, -0.209287, 0.445821, 0.05, -0.0697645, 0.0146563, 0.0751758, 0.103602, 1005.15, 8235.38, 10, 2e-20, 3e-20, 2e-20, 2e-20, -1
-0.837041, -0.207329, 0.390433, 0.05, 0.0174064, -0.0283366, -0.0630197, 0.0712561, 1002.64, 4216.82, 10, 2e-20, 3e-20, 2e-20, 2e-20, -1
-0.888475, -0.224916, 0.497953, 0.05, -0.0239292, 0.13254, -0.0876594, 0.160697, 1007.28, 11652, 10, 2e-20, 3e-20, 2e-20, 2e-20, -1
-0.906642, -0.240522, 0.575173, 0.05, 0.075092, 0.106345, -0.00515045, 0.130286, 1002.77, 4438.49, 10, 2e-20, 3e-20, 2e-20, 2e-20, -1
-0.954416, -0.231224, 0.748746, 0.05, -0.0620623, 0.0894223, 0.167785, 0.2, 1000.65, 1032.74, 10, 2e-20, 3e-20, 2e-20, 2e-20, -1
-0.919447, -0.243585, 0.677711, 0.05, 0.0222235, -0.093752, -0.0339271, 0.102149, 1003.25, 5201.31, 10, 2e-20, 3e-20, 2e-20, 2e-20, -1
-0.903555, -0.250833, 0.737525, 0.05, 0.0990897, 0.0822342, 0.0833203, 0.153374, 1003.47, 5557.98, 10, 2e-20, 3e-20, 2e-20, 2e-20, -1
-0.912555, -0.238845, 0.62522, 0.05, -0.114924, -0.0134194, -0.0597574, 0.130225, 1007.7, 12323.8, 10, 2e-20, 3e-20, 2e-20, 2e-20, -1
-0.872402, -0.234612, 0.699001, 0.05, -0.099866, 0.014091, 0.108526, 0.148154, 1000.06, 93.6589, 10, 2e-20, 3e-20, 2e-20, 2e-20, -1
-0.888397, -0.196219, 0.636082, 0.05, 0.115006, 0.0520065, -0.0634841, 0.141284, 1006.28, 10052.4, 10, 2e-20, 3e-20, 2e-20, 2e-20, -1
-0.946071, -0.206598, 0.831746, 0.05, -0.105504, 0.26197, -0.0218839, 0.283263, 1002.4, 3847.04, 10, 2e-20, 3e-20, 2e-20, 2e-20, -1
-0.897464, -0.161209, 0.772263, 0.05, 0.00632951, -0.0772932, 0.0966283, 0.1239, 1001.44, 2304.87, 10, 2e-20, 3e-20, 2e-20, 2e-20, -1
-0.846724, -0.16038, 0.793224, 0.05, 0.0252891, -0.0383123, 0.0588214, 0.0746145, 999.61, -623.201, 10, 2e-20, 3e-20, 2e-20, 2e-20, -1
-0.896757, -0.196176, 0.861938, 0.05, -0.0253921, -0.0436778, 0.0198936, 0.0542979, 1007.73, 12370.4, 10, 2e-20, 3e-20, 2e-20, 2e-20, -1
-0.887181, -0.184505, 0.815462, 0.05, -0.113876, 0.083943, 0.0552891, 0.151892, 1004.2, 6719.21, 10, 2e-20, 3e-20, 2e-20, 2e-20, -1
-0.857924, -0.21341, 0.895585, 0.05, 0.0406896, -0.0262836, -0.0181283, 0.0517214, 1002.25, 3603.65, 10, 2e-20, 3e-20, 2e-20, 2e-20, -1
-0.829869, -0.224178, 0.948263, 0.05, 0.0375182, -0.0172907, 0.0401975, 0.0576405, 997.983, -3227.79, 10, 2e-20, 3e-20, 2e-20, 2e-20, -1
-0.839857, -0.224952, 0.999071, 0.05, 0.125114, 0.145833, -0.0137395, 0.192638, 1001.71, 2733.1, 10, 2e-20, 3e-20, 2e-20, 2e-20, -1
-0.857193, -0.123615, 0.872358, 0.05, -0.0606059, 0.0392053, 0.00756775, 0.0725768, 1005.04, 8065.29, 10, 2e-20, 3e-20, 2e-20, 2e-20, -1
-0.897402, -0.191778, 0.989229, 0.05, -0.00989197, -0.106767, -0.127868, 0.166875, 1004.78, 7646.91, 10, 2e-20, 3e-20, 2e-20, 2e-20, -1
-0.866481, -0.121414, 0.923181, 0.05, 0.18957, -0.0757481, -0.0860302, 0.22153, 1001.11, 1776.94, 10, 2e-20, 3e-20, 2e-20, 2e-20, -1
-0.873574, -0.214758, 1.02915, 0.05, 0.0926462, -0.229379, 0.136798, 0.282687, 1003.56, 5703.73, 10, 2e-20, 3e-20, 2e-20, 2e-20, -1
-0.796051, -0.233065, 1.04464, 0.05, -0.0166005, -0.0512001, 0.0592283, 0.0800314, 999.406, -950.056, 10, 2e-20, 3e-20, 2e-20, 2e-20, -1
-0.85654, -0.248508, 1.08448, 0.05, 0.0377891, -0.119488, 0.0317612, 0.129283, 1008.97, 14344.4, 10, 2e-20, 3e-20, 2e-20, 2e-20, -1
-0.819804, -0.132802, 1.11096, 0.05, 0.0239462, -0.159363, 0.025728, 0.163193, 1004.43, 7081.1, 10, 2e-20, 3e-20, 2e-20, 2e-20, -1
-0.905755, -0.258076, 1.10085, 0.05, 0.179799, -0.0763268, 0.188828, 0.271679, 998.494, -2409.65, 10, 2e-20, 3e-20, 2e-20, 2e-20, -1
-0.867646, -0.203636, 1.10842, 0.05, -0.106866, -0.398867, -0.176686, 0.449147, 998.772, -1964.83, 10, 2e-20, 3e-20, 2e-20, 2e-20, -1
-0.911924, -0.25533, 1.16509, 0.05, 0.201758, -0.0759869, -0.192436, 0.288984, 1000.62, 990.367, 10, 2e-20, 3e-20, 2e-20, 2e-20, -1
-0.724007, -0.116451, 1.16567, 0.05, 0.204397, 0.0693821, 0.00191221, 0.21586, 999.304, -1113.12, 10, 2e-20, 3e-20, 2e-20, 2e-20, -1
-0.863984, -0.214437, 1.13972, 0.05, -0.0671797, -0.293029, -0.0796765, 0.311011, 998.307, -2708.35, 10, 2e-20, 3e-20, 2e-20, 2e-20, -1
-0.784844, -0.140403, 1.15878, 0.05, -0.0883511, 0.0955589, -0.00931332, 0.130477, 1011.73, 18772.5, 10, 2e-20, 3e-20, 2e-20, 2e-20, -1
-0.820802, -0.182514, 1.15679, 0.05, 0.121257, -0.246959, 0.0320852, 0.276987, 999.359, -1025.47, 10, 2e-20, 3e-20, 2e-20, 2e-20, -1
-0.677466, -0.112707, 1.18638, 0.05, 0.201041, -0.0998306, -0.0219346, 0.225533, 1002.49, 3979.28, 10, 2e-20, 3e-20, 2e-20, 2e-20, -1
-0.545388, -0.166186, 1.20976, 0.05, 0.12994, 0.0109232, -0.0624833, 0.144596, 1002.74, 4384.82, 10, 2e-20, 3e-20, 2e-20, 2e-20, -1
-0.49708, -0.147994, 1.24672, 0.05, 0.207355, 0.0591959, 0.0159244, 0.216226, 999.903, -155.859, 10, 2e-20, 3e-20, 2e-20, 2e-20, -1
-0.519971, -0.102508, 1.3082, 0.05, 0.103738, 0.00308133, 0.0867141, 0.135242, 999.798, -322.778, 10, 2e-20, 3e-20, 2e-20, 2e-20, -1
-0.487494, 0.132974, 1.35493, 0.05, 0.0801034, -0.0575046, 0.19324, 0.216945, 999.631, -590.453, 10, 2e-20, 3e-20, 2e-20, 2e-20, -1
-0.970357, -0.183246, 0.0518968, 0.05, 0.0133253, -0.053182, -0.0582905, 0.0800229, 1010.51, 16814.9, 10, 2e-20, 3e-20, 2e-20, 2e-20, -1
-0.999391, -0.239063, 0.0965514, 0.05, -0.00456947, -0.191689, -0.0630541, 0.201845, 1004.88, 7809.42, 10, 2e-20, 3e-20, 2e-20, 2e-20, -1
-0.998756, -0.122999, 0.0980218, 0.05, 0.0865073, 0.310643, -0.0964172, 0.336569, 1010.71, 17141.5, 10, 2e-20, 3e-20, 2e-20, 2e-20, -1
-0.959337, -0.215143, 0.10059, 0.05, 0.127166, 0.0505758, 0.00225421, 0.136873, 1003.59, 5746.43, 10, 2e-20, 3e-20, 2e-20, 2e-20, -1
-0.946494, -0.114811, 0.165174, 0.05, -0.0963784, 0.0480677, 0.160314, 0.193131, 1008.82, 14115.6, 10, 2e-20, 3e-20, 2e-20, 2e-20, -1
-0.937534, -0.135055, 0.200913, 0.05, -0.0308276, 0.16473, -0.0667944, 0.18041, 1010.34, 16549.3, 10, 2e-20, 3e-20, 2e-20, 2e-20, -1
-0.907366, -0.181816, 0.192869, 0.05, 0.143778, 0.190197, -0.0583414, 0.24546, 1011.91, 19051, 10, 2e-20, 3e-20, 2e-20, 2e-20, -1
-0.918697, -0.189048, 0.268592, 0.05, -0.0758384, 0.140439, 0.0336237, 0.163111, 1009.97, 15957.3, 10, 2e-20, 3e-20, 2e-20, 2e-20, -1
-0.999805, -0.201825, 0.407109, 0.05, 0.0476275, 0.168276, -0.0140931, 0.175453, 1007.73, 12360.7, 10, 2e-20, 3e-20, 2e-20, 2e-20, -1
-0.916045, -0.139038, 0.284576, 0.05, 0.280208, 0.0957171, 0.142528, 0.328622, 1001.01, 1623.23, 10, 2e-20, 3e-20, 2e-20, 2e-20, -1
-0.891998, -0.209031, 0.30763, 0.05, -0.0798299, 0.154235, 0.140445, 0.223352, 997.926, -3318.39, 10, 2e-20, 3e-20, 2e-20, 2e-20, -1
-0.900883, -0.0905619, 0.401482, 0.05, 0.0902064, 0.131538, -0.0248463, 0.161421, 1001.54, 2464.5, 10, 2e-20, 3e-20, 2e-20, 2e-20, -1
-0.941901, -0.180166, 0.425313, 0.05, 0.0397144, 0.0514611, -0.0619959, 0.0898274, 998.123, -3003.54, 10, 2e-20, 3e-20, 2e-20, 2e-20, -1
-0.936055, -0.120123, 0.475602, 0.05, -0.0623701, -0.173208, 0.00350101, 0.184128, 1007.92, 12678.1, 10, 2e-20, 3e-20, 2e-20, 2e-20, -1
-0.904518, -0.146221, 0.409223, 0.05, -0.0143736, -0.0106519, -0.0458756, 0.0492406, 997.834, -3466.34, 10, 2e-20, 3e-20, 2e-20, 2e-20, -1
-0.898357, -0.149307, 0.469403, 0.05, -0.0459815, -0.234305, 0.0176521, 0.239426, 1003.73, 5968.06, 10, 2e-20, 3e-20, 2e-20, 2e-20, -1
-0.900823, -0.172922, 0.510461, 0.05, 0.0666888, 0.0218735, -0.181268, 0.194381, 1002.12, 3391.88, 10, 2e-20, 3e-20, 2e-20, 2e-20, -1
-0.917001, -0.123256, 0.524813, 0.05, -0.036858, -0.00617844, 0.0331673, 0.0499675, 1008.73, 13974.4, 10, 2e-20, 3e-20, 2e-20, 2e-20, -1
-0.959629, -0.255247, 0.640759, 0.05, 0.181361, -0.208354, 0.055517, 0.281754, 1000.66, 1049.63, 10, 2e-20, 3e-20, 2e-20, 2e-20, -1
-0.944865, -0.165458, 0.620714, 0.05, -0.0541681, 0.13552, -0.149383, 0.208842, 1003.88, 6208.06, 10, 2e-20, 3e-20, 2e-20, 2e-20, -1
-0.945228, -0.206816, 0.653394, 0.05, -0.0244224, -0.0886058, 0.0636165, 0.111779, 1005.23, 8361.47, 10, 2e-20, 3e-20, 2e-20, 2e-20, -1
-0.886952, -0.153582, 0.546343, 0.05, -0.00623135, -0.111438, -0.153065, 0.189436, 1006.61, 10576.6, 10, 2e-20, 3e-20, 2e-20, 2e-20, -1
-0.930606, -0.159929, 0.659041, 0.05, -0.000637525, 0.151513, 0.08035, 0.171502, 1000.66, 1048.02, 10, 2e-20, 3e-20, 2e-20, 2e-20, -1
-0.934289, -0.115212, 0.723435, 0.05, 0.0861686, 0.0554734, -0.0711557, 0.124762, 997.838, -3458.62, 10, 2e-20, 3e-20, 2e-20, 2e-20, -1
-0.933688, -0.0884858, 0.767237, 0.05, -0.144035, 0.071804, -0.090338, 0.184562, 1000.67, 1067.89, 10, 2e-20, 3e-20, 2e-20, 2e-20, -1
-0.882682, -0.157856, 0.664883, 0.05, 0.14108, -0.0770086, 0.0267599, 0.162942, 999.532, -748.648, 10, 2e-20, 3e-20, 2e-20, 2e-20, -1
-0.88355, -0.0749936, 0.773653, 0.05, -0.0182366, 0.0309517, -0.0508467, 0.0622573, 1001.58, 2521.99, 10, 2e-20, 3e-20, 2e-20, 2e-20, -1
-0.893693, -0.114268, 0.790696, 0.05, 0.0640276, -0.0779605, 0.187847, 0.213223, 1001.75, 2806.28, 10, 2e-20, 3e-20, 2e-20, 2e-20, -1
-0.883013, -0.083844, 0.889204, 0.05, 0.0727085, -0.129796, -0.274876, 0.312555, 1003.1, 4954.17, 10, 2e-20, 3e-20, 2e-20, 2e-20, -1
-0.893451, -0.136335, 0.838453, 0.05, -0.0236965, -0.01973, -0.0421463, 0.0522218, 1006.68, 10684.5, 10, 2e-20, 3e-20, 2e-20, 2e-20, -1
-0.946658, -0.018758, 1.00432, 0.05, -0.116046, -0.194864, -0.0586949, 0.234273, 1005.56, 8892.34, 10, 2e-20, 3e-20, 2e-20, 2e-20, -1
-0.851427, -0.170353, 0.849983, 0.05, -0.0378677, -0.0555539, -0.0306708, 0.0738979, 1004.22, 6747.22, 10, 2e-20, 3e-20, 2e-20, 2e-20, -1
-0.866833, -0.0340097, 0.916386, 0.05, -0.0429647, -0.0465204, -0.0337773, 0.0717706, 1007.06, 11301.4, 10, 2e-20, 3e-20, 2e-20, 2e-20, -1
-0.832784, -0.0802743, 0.939234, 0.05, 0.194359, -0.260888, -0.0686876, 0.332499, 999.079, -1473.12, 10, 2e-20, 3e-20, 2e-20, 2e-20, -1
-0.83478, -0.125485, 0.987824, 0.05, 0.0377398, -0.202263, -0.181973, 0.27468, 1002.58, 4124.65, 10, 2e-20, 3e-20, 2e-20, 2e-20, -1
-0.874987, -0.124215, 1.03558, 0.05, -0.0414859, 0.016528, -0.0262842, 0.0518181, 1001.86, 2971.98, 10, 2e-20, 3e-20, 2e-20, 2e-20, -1
-0.824705, -0.208416, 1.08024, 0.05, -0.110117, -0.223759, -0.153253, 0.292712, 1002.87, 4596.37, 10, 2e-20, 3e-20, 2e-20, 2e-20, -1
-0.802175, -0.144844, 1.06855, 0.05, -0.0139791, -0.178463, -0.0804467, 0.196255, 1002.19, 3497.47, 10, 2e-20, 3e-20, 2e-20, 2e-20, -1
-0.876208, -0.11588, 1.0936, 0.05, -0.0337716, -0.143821, -0.0634531, 0.160783, 1004.19, 6710.01, 10, 2e-20, 3e-20, 2e-20, 2e-20, -1
-0.851662, -0.0288721, 1.14036, 0.05, 0.0783782, -0.141888, -0.195132, 0.253676, 1002.97, 4753.84, 10, 2e-20, 3e-20, 2e-20, 2e-20, -1
-0.869093, -0.0226303, 1.20981, 0.05, 0.0809617, -0.244084, -0.0035255, 0.257185, 997.466, -4054.99, 10, 2e-20, 3e-20, 2e-20, 2e-20, -1
-0.907986, -0.0343571, 1.18973, 0.05, -0.111186, -0.134558, -0.10975, 0.206188, 998.459, -2466.23, 10, 2e-20, 3e-20, 2e-20, 2e-20, -1
-0.841313, -0.0648985, 1.26605, 0.05, 0.197051, -0.209504, -0.0678519, 0.295508, 1000.07, 111.321, 10, 2e-20, 3e-20, 2e-20, 2e-20, -1
-0.885478, -0.0634413, 1.18596, 0.05, 0.064664, 0.0860776, -0.13216, 0.170461, 999.692, -492.922, 10, 2e-20, 3e-20, 2e-20, 2e-20, -1
-0.657363, -0.0406188, 1.20404, 0.05, 0.152933, -0.0918143, -0.0203718, 0.179537, 999.909, -145.105, 10, 2e-20, 3e-20, 2e-20, 2e-20, -1
-0.584513, -0.0503703, 1.22834, 0.05, 0.317165, -0.0047609, 0.0468761, 0.320646, 1003.45, 5521.98, 10, 2e-20, 3e-20, 2e-20, 2e-20, -1
-0.551496, -0.104443, 1.1874, 0.05, 0.150236, -0.0653794, 0.0134368, 0.164396, 1005.57, 8914.32, 10, 2e-20, 3e-20, 2e-20, 2e-20, -1
-0.524724, -0.106644, 1.22577, 0.05, 0.170918, -0.0560173, 0.0537076, 0.187711, 1001.92, 3071.62, 10, 2e-20, 3e-20, 2e-20, 2e-20, -1
-0.542737, -0.0920401, 1.25144, 0.05, 0.183512, 0.00390371, -0.0211541, 0.184768, 1001.49, 2379.46, 10, 2e-20, 3e-20, 2e-20, 2e-20, -1
-0.550252, -0.067129, 1.28994, 0.05, 0.201025, 0.0406737, 0.00711397, 0.205222, 1001.02, 1624.15, 10, 2e-20, 3e-20, 2e-20, 2e-20, -1
-0.488871, -0.0135483, 1.36301, 0.05, 0.165709, 0.0342992, 0.139426, 0.219261, 1001.71, 2734.38, 10, 2e-20, 3e-20, 2e-20, 2e-20, -1
-0.943499, -0.0115563, 0.0521318, 0.05, -0.239059, 0.131253, -0.0707275, 0.281743, 1018.5, 29600.8, 10, 2e-20, 3e-20, 2e-20, 2e-20, -1
-0.999431, -0.136128, 0.0443257, 0.05, -0.144982, 0.210262, 0.0582053, 0.26195, 1007.53, 12043.1, 10, 2e-20, 3e-20, 2e-20, 2e-20, -1
-0.94619, -0.137549, 0.0919255, 0.05, -0.190617, 0.190556, 0.0153456, 0.269967, 1015.37, 24596, 10, 2e-20, 3e-20, 2e-20, 2e-20, -1
-0.965415, -0.00995497, 0.110137, 0.05, -0.0384095, 0.453617, 0.0889817, 0.463855, 1010.93, 17491.5, 10, 2e-20, 3e-20, 2e-20, 2e-20, -1
-0.958571, -0.0683757, 0.186218, 0.05, 0.13016, -0.049553, -0.0578571, 0.150813, 995.274, -7562.22, 10, 2e-20, 3e-20, 2e-20, 2e-20, -1
-0.999408, 0.00971497, 0.277136, 0.05, 0.00782986, 0.245989, 0.0852097, 0.260447, 1017.12, 27387.1, 10, 2e-20, 3e-20, 2e-20, 2e-20, -1
-0.997157, 0.0731342, 0.360576, 0.05, -0.0700672, -0.00858968, -0.248979, 0.258793, 1001.21, 1928.88, 10, 2e-20, 3e-20, 2e-20, 2e-20, -1
-0.998578, 0.0251472, 0.331338, 0.05, 0.00323079, 0.0572665, -0.0694015, 0.0900358, 1003.52, 5631.34, 10, 2e-20, 3e-20, 2e-20, 2e-20, -1
-0.954048, -0.0106313, 0.28534, 0.05, 0.0665355, 0.223523, -0.128931, 0.266483, 1004.84, 7740.58, 10, 2e-20, 3e-20, 2e-20, 2e-20, -1
-0.898883, -0.0678956, 0.316334, 0.05, -0.120937, -0.0963968, -0.00411933, 0.15471, 1006.45, 10325.8, 10, 2e-20, 3e-20, 2e-20, 2e-20, -1
-0.95307, -0.106825, 0.385948, 0.05, -0.134927, 0.187656, -0.105357, 0.254008, 1007.11, 11380.7, 10, 2e-20, 3e-20, 2e-20, 2e-20, -1
-0.936918, -0.0867695, 0.334393, 0.05, 0.0173141, -0.0310668, -0.0305619, 0.046893, 1008.23, 13173.8, 10, 2e-20, 3e-20, 2e-20, 2e-20, -1
-0.945459, -0.0931831, 0.435844, 0.05, -0.0805372, 0.157083, -0.18826, 0.258076, 1006.76, 10815.6, 10, 2e-20, 3e-20, 2e-20, 2e-20, -1
-0.883555, -0.115906, 0.43995, 0.05, 0.0135708, -0.0638165, -0.17319, 0.185072, 1007, 11204.2, 10, 2e-20, 3e-20, 2e-20, 2e-20, -1
-0.966345, -0.0676129, 0.528428, 0.05, 0.185974, 0.0811022, -0.178792, 0.270427, 1006.26, 10019.9, 10, 2e-20, 3e-20, 2e-20, 2e-20, -1
-0.934541, -0.0741866, 0.486335, 0.05, -0.1416, 0.0715768, 0.0698374, 0.173353, 999.854, -232.884, 10, 2e-20, 3e-20, 2e-20, 2e-20, -1
-0.956065, -0.0878526, 0.571679, 0.05, 0.201618, -0.0215033, -0.0169041, 0.203465, 1001.56, 2495.79, 10, 2e-20, 3e-20, 2e-20, 2e-20, -1
-0.949782, -0.0268278, 0.485612, 0.05, -0.0668897, 0.112326, 0.0193262, 0.132155, 1002.21, 3531.03, 10, 2e-20, 3e-20, 2e-20, 2e-20, -1
-0.939363, -0.125513, 0.603265, 0.05, -0.0526553, -0.115494, 0.0775457, 0.148744, 1001.61, 2571.6, 10, 2e-20, 3e-20, 2e-20, 2e-20, -1
-0.962777, -0.119798, 0.66766, 0.05, 0.102994, 0.0282571, -0.0467259, 0.116574, 1001.33, 2129.53, 10, 2e-20, 3e-20, 2e-20, 2e-20, -1
-0.942499, -0.152907, 0.703589, 0.05, 0.100115, 0.103521, 0.179718, 0.2303, 999.562, -700.763, 10, 2e-20, 3e-20, 2e-20, 2e-20, -1
-0.899012, -0.118895, 0.638534, 0.05, 0.0125164, 0.0929017, -0.0137359, 0.0947421, 1008.11, 12976.7, 10, 2e-20, 3e-20, 2e-20, 2e-20, -1
-0.939217, -0.0646331, 0.869838, 0.05, -0.00351552, 0.0268325, 0.0375582, 0.0462921, 999.115, -1415.5, 10, 2e-20, 3e-20, 2e-20, 2e-20, -1
-0.956064, -0.0260588, 0.921728, 0.05, 0.191438, -0.0318928, -0.021045, 0.195214, 1002.07, 3304.16, 10, 2e-20, 3e-20, 2e-20, 2e-20, -1
-0.941971, -0.0757261, 0.914637, 0.05, -0.0858442, 0.0210352, -0.165793, 0.18788, 999.57, -687.728, 10, 2e-20, 3e-20, 2e-20, 2e-20, -1
-0.903494, -0.086094, 0.829095, 0.05, 0.068338, -0.0912517, 0.146093, 0.185311, 996.057, -6309.28, 10, 2e-20, 3e-20, 2e-20, 2e-20, -1
-0.945607, -0.0155416, 0.861616, 0.05, -0.201054, -0.060943, -0.0685041, 0.220974, 999.557, -708.483, 10, 2e-20, 3e-20, 2e-20, 2e-20, -1
-0.906456, -0.0426788, 0.898282, 0.05, -0.0581038, -0.0819465, -0.0785988, 0.12755, 1003.2, 5122.29, 10, 2e-20, 3e-20, 2e-20, 2e-20, -1
-0.94634, 0.00954854, 0.961292, 0.05, -0.00479115, -0.0945755, -0.199869, 0.221168, 998.018, -3170.96, 10, 2e-20, 3e-20, 2e-20, 2e-20, -1
-0.912012, 0.006262, 0.923745, 0.05, 0.0885324, -0.127534, 0.171686, 0.231471, 1003.47, 5551.51, 10, 2e-20, 3e-20, 2e-20, 2e-20, -1
-0.906232, -0.019373, 0.832419, 0.05, -0.173847, -0.191465, -0.058447, 0.265137, 996.313, -5899.23, 10, 2e-20, 3e-20, 2e-20, 2e-20, -1
-0.924678, 0.0680771, 0.88686, 0.05, -0.0772276, -0.096706, -0.0412075, 0.130439, 1004.76, 7608.82, 10, 2e-20, 3e-20, 2e-20, 2e-20, -1
-0.896946, -0.0324446, 0.960906, 0.05, 0.0109557, 0.215442, -0.163853, 0.270893, 1005.41, 8653.04, 10, 2e-20, 3e-20, 2e-20, 2e-20, -1
-0.894169, 0.00588226, 0.872158, 0.05, 0.0472746, -0.0949608, 0.0567224, 0.120291, 1003.95, 6317.35, 10, 2e-20, 3e-20, 2e-20, 2e-20, -1
-0.884175, -0.0094812, 1.0027, 0.05, 0.180734, -0.00954482, -0.219661, 0.284617, 998.052, -3116.64, 10, 2e-20, 3e-20, 2e-20, 2e-20, -1
-0.921917, 0.0007938, 1.0412, 0.05, -0.107804, -0.117947, -0.0121916, 0.160255, 1006.72, 10756.8, 10, 2e-20, 3e-20, 2e-20, 2e-20, -1
-0.881393, 0.0425256, 1.07673, 0.05, 0.0728106, 0.0319556, -0.0289527, 0.0846215, 1005.19, 8299.86, 10, 2e-20, 3e-20, 2e-20, 2e-20, -1
-0.875763, -0.0437345, 1.05347, 0.05, 0.0663986, -0.102335, 0.0979239, 0.15643, 999.774, -361.833, 10, 2e-20, 3e-20, 2e-20, 2e-20, -1
-0.810709, -0.0593069, 1.05119, 0.05, 0.146352, -0.0278081, -0.0678653, 0.163701, 1002.03, 3246.63, 10, 2e-20, 3e-20, 2e-20, 2e-20, -1
-0.80724, -0.0604182, 1.12104, 0.05, 0.158292, -0.0847237, -0.0924492, 0.201944, 1007.04, 11263.6, 10, 2e-20, 3e-20, 2e-20, 2e-20, -1
-0.743942, -0.0424974, 1.10472, 0.05, 0.0441643, -0.30493, -0.0903536, 0.321087, 1001.12, 1785.49, 10, 2e-20, 3e-20, 2e-20, 2e-20, -1
-0.743373, -0.015509, 1.13383, 0.05, 0.0231316, -0.0773281, 0.190877, 0.207241, 1004.98, 7966.15, 10, 2e-20, 3e-20, 2e-20, 2e-20, -1
-0.758184, 0.00907015, 1.17361, 0.05, 0.206958, -0.187061, -0.284994, 0.398804, 1001.52, 2433.69, 10, 2e-20, 3e-20, 2e-20, 2e-20, -1
-0.812837, 0.00961499, 1.18785, 0.05, 0.115742, -0.177698, -0.318362, 0.382527, 1000.73, 1169.71, 10, 2e-20, 3e-20, 2e-20, 2e-20, -1
-0.75703, 0.0104043, 1.21409, 0.05, 0.292793, -0.0222422, -0.183352, 0.34618, 998.2, -2879.4, 10, 2e-20, 3e-20, 2e-20, 2e-20, -1
-0.681775, 0.00601749, 1.2294, 0.05, 0.21093, -0.0526063, -0.0923031, 0.236175, 1000.21, 334.875, 10, 2e-20, 3e-20, 2e-20, 2e-20, -1
-0.578892, -0.0020272, 1.25673, 0.05, 0.345794, -0.182651, -0.0466629, 0.393843, 995.493, -7210.99, 10, 2e-20, 3e-20, 2e-20, 2e-20, -1
-0.610134, -0.0444441, 1.33053, 0.05, 0.0832194, -0.0125388, -0.243118, 0.257273, 997.62, -3808.34, 10, 2e-20, 3e-20, 2e-20, 2e-20, -1
-0.526406, -0.0402323, 1.26369, 0.05, 0.0841197, 0.0482299, 0.0582287, 0.113105, 998.806, -1909.8, 10, 2e-20, 3e-20, 2e-20, 2e-20, -1
-0.560684, -0.0198144, 1.31646, 0.05, 0.245962, -0.0609714, -0.205665, 0.326363, 1001.17, 1867.1, 10, 2e-20, 3e-20, 2e-20, 2e-20, -1
-0.318426, 0.247686, 1.37106, 0.05, 0.205503, -0.205273, -0.0864991, 0.303069, 997.252, -4396.92, 10, 2e-20, 3e-20, 2e-20, 2e-20, -1
-0.945128, 0.038513, 0.0517305, 0.05, -0.0129432, 0.250943, -0.0617905, 0.258762, 1014.24, 22787.8, 10, 2e-20, 3e-20, 2e-20, 2e-20, -1
-0.937994, 0.121963, 0.0820285, 0.05, 0.0078503, 0.172017, 0.0495723, 0.179189, 1008.05, 12885.9, 10, 2e-20, 3e-20, 2e-20, 2e-20, -1
-0.94458, 0.0768631, 0.0899039, 0.05, 0.0550845, 0.140131, -0.128627, 0.19803, 1006.8, 10880.6, 10, 2e-20, 3e-20, 2e-20, 2e-20, -1
-0.998422, 0.0327146, 0.109965, 0.05, 0.0509529, -0.122321, -0.127437, 0.183845, 1014.97, 23952.8, 10, 2e-20, 3e-20, 2e-20, 2e-20, -1
-0.94788, 0.0603723, 0.15083, 0.05, -0.0874783, -0.0837445, 0.284104, 0.308838, 1003.11, 4980.66, 10, 2e-20, 3e-20, 2e-20, 2e-20, -1
-1.00312, -0.00283757, 0.149984, 0.05, -0.0464405, -0.0821643, 0.0674127, 0.115984, 1008.54, 13660.6, 10, 2e-20, 3e-20, 2e-20, 2e-20, -1
-0.966403, 0.0423585, 0.252038, 0.05, -0.0645203, 0.0461347, -0.276092, 0.28726, 1006.29, 10059.3, 10, 2e-20, 3e-20, 2e-20, 2e-20, -1
-0.941946, 0.081053, 0.251095, 0.05, -0.206539, 0.096285, -0.0509916, 0.233515, 1010.82, 17305.1, 10, 2e-20, 3e-20, 2e-20, 2e-20, -1
-0.904287, -0.00894319, 0.29815, 0.05, 0.0425589, 0.161976, -0.160495, 0.231962, 1011.07, 17714.2, 10, 2e-20, 3e-20, 2e-20, 2e-20, -1
-0.901719, 0.0768857, 0.311117, 0.05, -0.0552186, -0.0777719, 0.0757661, 0.121812, 999.628, -595.469, 10, 2e-20, 3e-20, 2e-20, 2e-20, -1
-0.925285, -0.0613139, 0.373969, 0.05, -0.17365, 0.0257516, 0.0678435, 0.188203, 997.08, -4672.26, 10, 2e-20, 3e-20, 2e-20, 2e-20, -1
-0.901847, -0.0147552, 0.353641, 0.05, 0.13331, 0.275722, -0.149619, 0.340851, 1008.59, 13745.8, 10, 2e-20, 3e-20, 2e-20, 2e-20, -1
-0.938653, -0.0177108, 0.391179, 0.05, -0.0307204, -0.0317867, 0.00127807, 0.0442242, 1001.16, 1861.74, 10, 2e-20, 3e-20, 2e-20, 2e-20, -1
-0.915906, 0.0259263, 0.384979, 0.05, -0.0415859, -0.00891751, -0.103404, 0.11181, 1002.14, 3420.2, 10, 2e-20, 3e-20, 2e-20, 2e-20, -1
-0.960782, 0.0458662, 0.39276, 0.05, 0.152162, 0.011438, -0.0537271, 0.161774, 1003.2, 5119.78, 10, 2e-20, 3e-20, 2e-20, 2e-20, -1
-0.935765, 0.0366654, 0.430434, 0.05, -0.0249369, 0.133232, -0.292227, 0.322132, 1000.63, 1015.74, 10, 2e-20, 3e-20, 2e-20, 2e-20, -1
-0.929345, 0.0552229, 0.471644, 0.05, -0.0825691, 0.13706, 0.0520064, 0.168249, 1000.91, 1461.84, 10, 2e-20, 3e-20, 2e-20, 2e-20, -1
-0.913239, -0.00749087, 0.437588, 0.05, 0.065775, -0.0681749, -0.246154, 0.263754, 1001.83, 2923.75, 10, 2e-20, 3e-20, 2e-20, 2e-20, -1
-0.955765, -0.00995174, 0.525682, 0.05, -0.132069, 0.105413, -0.370712, 0.407408, 1006.31, 10091.9, 10, 2e-20, 3e-20, 2e-20, 2e-20, -1
-0.921731, -0.086743, 0.672935, 0.05, 0.0208715, -0.101142, 0.124358, 0.161649, 1007.71, 12333.4, 10, 2e-20, 3e-20, 2e-20, 2e-20, -1
-0.91734, -0.0118284, 0.542842, 0.05, 0.00326347, -0.120155, -0.256782, 0.283522, 1010.18, 16285.3, 10, 2e-20, 3e-20, 2e-20, 2e-20, -1
-0.902878, -0.0347095, 0.66664, 0.05, 0.134174, 0.0667888, -0.151146, 0.212858, 1003.97, 6352.06, 10, 2e-20, 3e-20, 2e-20, 2e-20, -1
-0.950196, -0.0522284, 0.759478, 0.05, 0.0302942, -0.0324759, -0.0179942, 0.0479188, 999.504, -794.298, 10, 2e-20, 3e-20, 2e-20, 2e-20, -1
-0.86555, -0.0273332, 0.638551, 0.05, -0.197103, -0.0855942, -0.061756, 0.223584, 998.347, -2644.56, 10, 2e-20, 3e-20, 2e-20, 2e-20, -1
-0.907705, -0.0210289, 0.716509, 0.05, 0.0940639, -0.0696912, 0.0774264, 0.140356, 1000.35, 560.807, 10, 2e-20, 3e-20, 2e-20, 2e-20, -1
-0.910754, -0.0349434, 0.778403, 0.05, -0.0642985, 0.00704951, -0.197982, 0.20828, 1009.29, 14858.3, 10, 2e-20, 3e-20, 2e-20, 2e-20, -1
-0.908319, 0.0188465, 0.780498, 0.05, 0.0811145, -0.154012, -0.00998628, 0.174353, 1000.37, 595.707, 10, 2e-20, 3e-20, 2e-20, 2e-20, -1
-0.868083, 0.00610755, 0.775446, 0.05, -0.0706656, 0.0717393, -0.0402696, 0.108452, 998.478, -2435.12, 10, 2e-20, 3e-20, 2e-20, 2e-20, -1
-0.920927, 0.056411, 0.814836, 0.05, -0.271444, -0.150789, 0.0970594, 0.32533, 1000.26, 408.403, 10, 2e-20, 3e-20, 2e-20, 2e-20, -1
-0.905829, 0.0941213, 0.83242, 0.05, -0.00189877, -0.129218, 0.0236833, 0.131384, 999.309, -1105.43, 10, 2e-20, 3e-20, 2e-20, 2e-20, -1
-0.855098, 0.118626, 0.809903, 0.05, -0.081533, 0.0167027, 0.000340863, 0.083227, 1005.23, 8363.91, 10, 2e-20, 3e-20, 2e-20, 2e-20, -1
-0.929794, 0.105231, 0.951902, 0.05, -0.170491, 0.0649996, -0.176462, 0.253832, 1005.7, 9116.44, 10, 2e-20, 3e-20, 2e-20, 2e-20, -1
-0.944222, 0.0403781, 1.08968, 0.05, -0.005728, -0.0909178, -0.0928076, 0.130047, 1007.53, 12042, 10, 2e-20, 3e-20, 2e-20, 2e-20, -1
-0.966207, 0.00916307, 1.05348, 0.05, 0.165783, 0.0488818, 0.132304, 0.217664, 1001.11, 1774.68, 10, 2e-20, 3e-20, 2e-20, 2e-20, -1
-0.932577, 0.081196, 1.06779, 0.05, 0.0343435, -0.0562159, -0.0854231, 0.107874, 1001.85, 2964.3, 10, 2e-20, 3e-20, 2e-20, 2e-20, -1
-0.918923, 0.0733325, 1.11176, 0.05, 0.0610808, -0.00298952, 0.0114807, 0.0622222, 1006.15, 9837.31, 10, 2e-20, 3e-20, 2e-20, 2e-20, -1
-0.913565, 0.0817053, 1.14993, 0.05, 0.0479307, -0.116451, 0.0328283, 0.130138, 1003.92, 6265.59, 10, 2e-20, 3e-20, 2e-20, 2e-20, -1
-0.896035, 0.000167862, 1.07344, 0.05, 0.0175642, -0.117663, -0.198121, 0.231095, 1001.28, 2047.91, 10, 2e-20, 3e-20, 2e-20, 2e-20, -1
-0.826498, 0.0759159, 1.12878, 0.05, -0.320427, -0.0726914, 0.039648, 0.330952, 1003.99, 6382.4, 10, 2e-20, 3e-20, 2e-20, 2e-20, -1
-0.796278, -0.00931296, 1.11167, 0.05, 0.00360735, -0.121198, 0.129542, 0.177435, 1002.5, 3992.58, 10, 2e-20, 3e-20, 2e-20, 2e-20, -1
-0.774245, 0.0589669, 1.16808, 0.05, 0.229263, -0.273916, -0.0221804, 0.357888, 1000.48, 764.759, 10, 2e-20, 3e-20, 2e-20, 2e-20, -1
-0.781914, 0.02522, 1.25622, 0.05, 0.259325, 0.012685, -0.0666365, 0.26805, 1000.22, 354.694, 10, 2e-20, 3e-20, 2e-20, 2e-20, -1
-0.825943, 0.0552666, 1.18225, 0.05, -0.179375, 0.226158, -0.203813, 0.353359, 1004.26, 6820.87, 10, 2e-20, 3e-20, 2e-20, 2e-20, -1
-0.73207, 0.082898, 1.19825, 0.05, 0.201309, -0.289631, 0.000116855, 0.35272, 1005.52, 8838.28, 10, 2e-20, 3e-20, 2e-20, 2e-20, -1
-0.653973, 0.0579304, 1.25577, 0.05, 0.205911, -0.0815774, -0.0502519, 0.227111, 991.483, -13627.8, 10, 2e-20, 3e-20, 2e-20, 2e-20, -1
-0.600624, 0.0438232, 1.29582, 0.05, 0.0226082, -0.0220552, 0.0121135, 0.0338275, 1000.38, 604.682, 10, 2e-20, 3e-20, 2e-20, 2e-20, -1
-0.668158, 0.00942068, 1.2873, 0.05, 0.0153607, -0.119549, -0.0600586, 0.134666, 1000.57, 906.703, 10, 2e-20, 3e-20, 2e-20, 2e-20, -1
-0.58223, 0.0279943, 1.2791, 0.05, 0.186527, -0.0717912, -0.012386, 0.200249, 1000.19, 299.89, 10, 2e-20, 3e-20, 2e-20, 2e-20, -1
-0.530168, 0.0380997, 1.28591, 0.05, 0.199804, -0.0102957, 0.0821319, 0.216271, 1002.85, 4566.1, 10, 2e-20, 3e-20, 2e-20, 2e-20, -1
-0.55018, 0.0747158, 1.29854, 0.05, 0.247402, 0.000664993, -0.0211949, 0.24831, 996.681, -5309.9, 10, 2e-20, 3e-20, 2e-20, 2e-20, -1
-0.477303, 0.0645451, 1.24862, 0.05, -0.0324124, -0.0569864, -0.12837, 0.144142, 1004.02, 6430.55, 10, 2e-20, 3e-20, 2e-20, 2e-20, -1
-0.946452, 0.16968, 0.0524729, 0.05, -0.00524638, 0.326363, 0.0719838, 0.334249, 1013.25, 21202.1, 10, 2e-20, 3e-20, 2e-20, 2e-20, -1
-0.959289, 0.268408, 0.056072, 0.05, -0.133497, 0.169788, 0.0651379, 0.225593, 1008.71, 13934.2, 10, 2e-20, 3e-20, 2e-20, 2e-20, -1
-0.943496, 0.16345, 0.103801, 0.05, 0.0851492, 0.27982, -0.180959, 0.343941, 1018.05, 28884.3, 10, 2e-20, 3e-20, 2e-20, 2e-20, -1
-0.95432, 0.200159, 0.129898, 0.05, -0.192821, 0.253399, -0.153823, 0.353627, 1011.93, 19088.4, 10, 2e-20, 3e-20, 2e-20, 2e-20, -1
-0.947586, 0.117493, 0.124911, 0.05, 0.181054, 0.200102, 0.0388906, 0.272643, 1002.18, 3490.13, 10, 2e-20, 3e-20, 2e-20, 2e-20, -1
-0.999232, 0.218098, 0.199909, 0.05, -0.0919052, -0.339992, 0.0170965, 0.352609, 1012.12, 19391.1, 10, 2e-20, 3e-20, 2e-20, 2e-20, -1
-0.975959, 0.183549, 0.230192, 0.05, 0.12041, -0.0242593, -0.168866, 0.208813, 999.336, -1062.74, 10, 2e-20, 3e-20, 2e-20, 2e-20, -1
-0.90347, 0.0760328, 0.213076, 0.05, -0.0960089, 0.00175845, 0.0259564, 0.0994713, 1008.78, 14052.2, 10, 2e-20, 3e-20, 2e-20, 2e-20, -1
-0.949281, 0.163973, 0.282978, 0.05, 0.0630063, 0.111253, -0.157538, 0.202892, 1011.58, 18520.2, 10, 2e-20, 3e-20, 2e-20, 2e-20, -1
-0.943338, 0.118605, 0.29428, 0.05, -0.1059, 0.167454, -0.182214, 0.26918, 1009.64, 15420.6, 10, 2e-20, 3e-20, 2e-20, 2e-20, -1
-0.887897, 0.121479, 0.289211, 0.05, -0.072396, -0.121561, -0.133539, 0.194553, 1009.69, 15506.4, 10, 2e-20, 3e-20, 2e-20, 2e-20, -1
-0.819894, 0.115043, 0.301967, 0.05, -0.271596, -0.04153, 0.0441425, 0.278277, 1000.22, 345.485, 10, 2e-20, 3e-20, 2e-20, 2e-20, -1
-0.896174, 0.0746843, 0.357802, 0.05, -0.0606062, -0.0351088, -0.321275, 0.328821, 1000.12, 196.503, 10, 2e-20, 3e-20, 2e-20, 2e-20, -1
-0.928151, 0.127418, 0.415334, 0.05, -0.232127, -0.114797, -0.0849249, 0.272532, 1002.6, 4161.86, 10, 2e-20, 3e-20, 2e-20, 2e-20, -1
-0.900607, 0.0891004, 0.443434, 0.05, -0.201734, 0.234941, -0.116636, 0.330904, 1002.22, 3545.41, 10, 2e-20, 3e-20, 2e-20, 2e-20, -1
-0.880369, 0.122892, 0.415814, 0.05, 0.00377736, -0.0778822, -0.0688565, 0.104025, 1004.91, 7854.38, 10, 2e-20, 3e-20, 2e-20, 2e-20, -1
-0.949103, 0.0438987, 0.519359, 0.05, 0.0605796, 0.164612, -0.0654279, 0.187211, 1005.84, 9344.81, 10, 2e-20, 3e-20, 2e-20, 2e-20, -1
-0.951963, 0.0374178, 0.564275, 0.05, -0.199879, 0.237184, -0.193704, 0.365691, 998.885, -1783.71, 10, 2e-20, 3e-20, 2e-20, 2e-20, -1
-0.947742, 0.0892549, 0.581879, 0.05, 0.189205, -0.10595, 0.055019, 0.223721, 999.908, -146.945, 10, 2e-20, 3e-20, 2e-20, 2e-20, -1
-0.996857, 0.0922469, 0.688576, 0.05, -0.114287, -0.144911, 0.417275, 0.456266, 1001.23, 1961.77, 10, 2e-20, 3e-20, 2e-20, 2e-20, -1
-0.956148, 0.0978802, 0.756814, 0.05, -0.139504, -0.150934, -0.119707, 0.237849, 1003.1, 4956.79, 10, 2e-20, 3e-20, 2e-20, 2e-20, -1
-0.941194, -0.00298484, 0.653727, 0.05, 0.0104497, 0.122331, -0.105831, 0.162093, 1005.61, 8982.4, 10, 2e-20, 3e-20, 2e-20, 2e-20, -1
-0.942835, 0.00206902, 0.748326, 0.05, 0.0741944, -0.236585, 0.113801, 0.272815, 997.073, -4683.13, 10, 2e-20, 3e-20, 2e-20, 2e-20, -1
-0.948821, 0.138881, 0.789274, 0.05, -0.0374718, 0.0630709, 0.0530849, 0.0905543, 1009.92, 15873.1, 10, 2e-20, 3e-20, 2e-20, 2e-20, -1
-0.960594, 0.163072, 0.821966, 0.05, -0.153179, -0.196512, 0.0884951, 0.264409, 1008.93, 14283.3, 10, 2e-20, 3e-20, 2e-20, 2e-20, -1
-0.951006, -0.0139671, 0.797632, 0.05, 0.0112347, -0.0759752, -0.0278634, 0.0816996, 1005.42, 8677, 10, 2e-20, 3e-20, 2e-20, 2e-20, -1
-0.945143, 0.0505894, 0.777958, 0.05, -0.0152064, 0.00608651, 0.186444, 0.187162, 1002.31, 3691.96, 10, 2e-20, 3e-20, 2e-20, 2e-20, -1
-0.950146, 0.0213109, 0.820546, 0.05, 0.000634032, 0.0133872, -0.0483897, 0.0502114, 1007.19, 11506.4, 10, 2e-20, 3e-20, 2e-20, 2e-20, -1
-0.943558, 0.144318, 0.933334, 0.05, -0.000460916, -0.217647, 0.0188876, 0.218465, 1000.81, 1292.72, 10, 2e-20, 3e-20, 2e-20, 2e-20, -1
-0.997096, 0.145289, 0.993031, 0.05, -0.102504, 0.126683, 0.0551536, 0.17204, 992.52, -11968.3, 10, 2e-20, 3e-20, 2e-20, 2e-20, -1
-0.895556, 0.1454, 0.802188, 0.05, 0.212295, 0.0183978, -0.056939, 0.220567, 1005.84, 9343.82, 10, 2e-20, 3e-20, 2e-20, 2e-20, -1
-0.863529, 0.159103, 0.898063, 0.05, 0.00516623, -0.00406916, -0.257616, 0.2577, 1001.18, 1886.1, 10, 2e-20, 3e-20, 2e-20, 2e-20, -1
-0.889126, 0.120102, 0.917337, 0.05, -0.0180872, -0.0644831, -0.164853, 0.177937, 999.801, -318.105, 10, 2e-20, 3e-20, 2e-20, 2e-20, -1
-0.877164, 0.0749924, 0.896023, 0.05, 0.155399, -0.100585, -0.187751, 0.26366, 997.988, -3218.48, 10, 2e-20, 3e-20, 2e-20, 2e-20, -1
-0.93444, 0.222789, 1.12016, 0.05, -0.0901494, 0.103555, -0.223757, 0.262522, 1008.1, 12957.5, 10, 2e-20, 3e-20, 2e-20, 2e-20, -1
-0.89982, 0.125402, 1.0885, 0.05, 0.0696045, 0.0731188, -0.195706, 0.220209, 1002.34, 3739.56, 10, 2e-20, 3e-20, 2e-20, 2e-20, -1
-0.828098, 0.206575, 1.04656, 0.05, 0.0139363, -0.230959, -0.211079, 0.313194, 1002.23, 3566.85, 10, 2e-20, 3e-20, 2e-20, 2e-20, -1
-0.94244, 0.159634, 1.11932, 0.05, -0.0610322, -0.031133, -0.3464, 0.353111, 1000.8, 1276, 10, 2e-20, 3e-20, 2e-20, 2e-20, -1
-0.879999, 0.228339, 1.0744, 0.05, -0.188644, -0.206818, -0.540421, 0.608618, 994.392, -8972.95, 10, 2e-20, 3e-20, 2e-20, 2e-20, -1
-0.77475, 0.163814, 1.10032, 0.05, -0.0207306, 0.100371, -0.232862, 0.254418, 1009.81, 15690.2, 10, 2e-20, 3e-20, 2e-20, 2e-20, -1
-0.769055, 0.167815, 1.16003, 0.05, 0.0911151, 0.155203, -0.260548, 0.316662, 1002.04, 3258.63, 10, 2e-20, 3e-20, 2e-20, 2e-20, -1
-0.753415, 0.115808, 1.15734, 0.05, 0.154326, -0.10256, -0.144196, 0.234793, 996.333, -5866.74, 10, 2e-20, 3e-20, 2e-20, 2e-20, -1
-0.816399, 0.110566, 1.15887, 0.05, -0.387369, -0.0637668, 0.184242, 0.433666, 992.908, -11346.7, 10, 2e-20, 3e-20, 2e-20, 2e-20, -1
-0.787823, 0.10773, 1.18788, 0.05, -0.326629, 0.0327859, -0.120244, 0.349599, 995.767, -6772.94, 10, 2e-20, 3e-20, 2e-20, 2e-20, -1
-0.770375, 0.0688447, 1.2633, 0.05, 0.0471903, -0.222226, -0.149146, 0.271765, 995.845, -6648.76, 10, 2e-20, 3e-20, 2e-20, 2e-20, -1
-0.738423, 0.0872821, 1.30901, 0.05, -0.037368, -0.0480196, -0.0307471, 0.0681735, 1010.35, 16559.8, 10, 2e-20, 3e-20, 2e-20, 2e-20, -1
-0.704655, 0.0242097, 1.31944, 0.05, 0.225604, -0.218722, -0.112576, 0.333781, 996.279, -5953.02, 10, 2e-20, 3e-20, 2e-20, 2e-20, -1
-0.511394, 0.10728, 1.28674, 0.05, 0.0216931, -0.0906345, -0.093282, 0.131859, 999.186, -1301.93, 10, 2e-20, 3e-20, 2e-20, 2e-20, -1
-0.630173, 0.128701, 1.23513, 0.05, 0.105403, -0.0921743, -0.25883, 0.294277, 1005.36, 8583.01, 10, 2e-20, 3e-20, 2e-20, 2e-20, -1
-0.642781, 0.019142, 1.3137, 0.05, 0.0602301, 0.013535, -0.117487, 0.132718, 1003.96, 6333.4, 10, 2e-20, 3e-20, 2e-20, 2e-20, -1
-0.616459, 0.0743313, 1.34061, 0.05, 0.05519, -0.118258, -0.0514237, 0.140268, 1004.95, 7926.27, 10, 2e-20, 3e-20, 2e-20, 2e-20, -1
-0.956392, 0.320275, 0.0467978, 0.05, -0.167193, 0.151466, -0.0337202, 0.228107, 1023.12, 36990.4, 10, 2e-20, 3e-20, 2e-20, 2e-20, -1
-0.945799, 0.353007, 0.187698, 0.05, -0.106765, -0.127163, -0.144511, 0.220119, 1008.74, 13988.3, 10, 2e-20, 3e-20, 2e-20, 2e-20, -1
-0.949819, 0.30253, 0.10078, 0.05, -0.222693, 0.0837084, -0.128593, 0.270435, 1000.28, 446.458, 10, 2e-20, 3e-20, 2e-20, 2e-20, -1
-0.999128, 0.290057, 0.0956414, 0.05, -0.380788, 0.14939, 0.102193, 0.421616, 1025.83, 41332.1, 10, 2e-20, 3e-20, 2e-20, 2e-20, -1
-0.995274, 0.268967, 0.166974, 0.05, -0.148065, 0.186306, -0.0752246, 0.249584, 1022.12, 35395.6, 10, 2e-20, 3e-20, 2e-20, 2e-20, -1
-0.995826, 0.313132, 0.125703, 0.05, -0.216512, -0.230369, -0.427996, 0.532098, 1017.35, 27755.7, 10, 2e-20, 3e-20, 2e-20, 2e-20, -1
-0.998563, 0.260533, 0.227222, 0.05, -0.189444, 0.407025, 0.302683, 0.541456, 1009.75, 15601.5, 10, 2e-20, 3e-20, 2e-20, 2e-20, -1
-0.972315, 0.228484, 0.244827, 0.05, -0.27155, -0.0505637, -0.124316, 0.302904, 1003.07, 4914.31, 10, 2e-20, 3e-20, 2e-20, 2e-20, -1
-0.976261, 0.222505, 0.326921, 0.05, 0.0511761, -0.128234, -0.429127, 0.450791, 1005.65, 9045.49, 10, 2e-20, 3e-20, 2e-20, 2e-20, -1
-0.938422, 0.173822, 0.328574, 0.05, -0.089456, 0.0684125, -0.589025, 0.599694, 1019.26, 30811.2, 10, 2e-20, 3e-20, 2e-20, 2e-20, -1
-0.939948, 0.210546, 0.290265, 0.05, -0.0510588, -0.140276, 0.0204014, 0.150667, 1004.27, 6829.21, 10, 2e-20, 3e-20, 2e-20, 2e-20, -1
-0.927595, 0.227316, 0.336077, 0.05, 0.11082, -0.200272, -0.233077, 0.326672, 1004.44, 7107.49, 10, 2e-20, 3e-20, 2e-20, 2e-20, -1
-0.902424, 0.135709, 0.373227, 0.05, -0.0552448, -0.0552064, -0.242187, 0.254469, 999.866, -213.808, 10, 2e-20, 3e-20, 2e-20, 2e-20, -1
-0.939703, 0.25706, 0.404738, 0.05, -0.0183579, -0.0214295, -0.112225, 0.115718, 996.78, -5152.26, 10, 2e-20, 3e-20, 2e-20, 2e-20, -1
-0.951642, 0.102845, 0.463159, 0.05, -0.002736, 0.157563, -0.163307, 0.226942, 1010.86, 17382.9, 10, 2e-20, 3e-20, 2e-20, 2e-20, -1
-0.921143, 0.138431, 0.46923, 0.05, -0.0727786, 0.095553, -0.130825, 0.177601, 1005.53, 8850.36, 10, 2e-20, 3e-20, 2e-20, 2e-20, -1
-0.929694, 0.0917226, 0.508054, 0.05, 0.167982, 0.0257255, -0.286855, 0.333415, 1005.68, 9093.61, 10, 2e-20, 3e-20, 2e-20, 2e-20, -1
-0.917831, 0.119585, 0.587313, 0.05, -0.0523103, -0.261939, 0.0946906, 0.283399, 1005.84, 9344.03, 10, 2e-20, 3e-20, 2e-20, 2e-20, -1
-0.927573, 0.182956, 0.639055, 0.05, 0.0783858, -0.289358, 0.0473592, 0.303505, 995.837, -6661.38, 10, 2e-20, 3e-20, 2e-20, 2e-20, -1
-0.894107, 0.205074, 0.586799, 0.05, -0.0597634, 0.126741, -0.177764, 0.226352, 1005.72, 9158.79, 10, 2e-20, 3e-20, 2e-20, 2e-20, -1
-0.942883, 0.248645, 0.704812, 0.05, -0.114921, -0.0487516, 0.0984184, 0.158964, 999.477, -836.2, 10, 2e-20, 3e-20, 2e-20, 2e-20, -1
-0.929243, 0.291074, 0.679395, 0.05, -0.0522336, 0.130416, 0.0929269, 0.168441, 994.527, -8756.57, 10, 2e-20, 3e-20, 2e-20, 2e-20, -1
-0.952417, 0.196849, 0.718358, 0.05, 0.033497, 0.0339228, -0.0538757, 0.0719403, 1002.83, 4528.36, 10, 2e-20, 3e-20, 2e-20, 2e-20, -1
-1.00054, 0.276136, 0.924624, 0.05, 0.0483744, 0.000934025, 0.118238, 0.127755, 1005.73, 9172.14, 10, 2e-20, 3e-20, 2e-20, 2e-20, -1
-1.00118, 0.179789, 0.800152, 0.05, 0.0946284, 0.0586673, 0.044858, 0.120036, 997.295, -4327.69, 10, 2e-20, 3e-20, 2e-20, 2e-20, -1
-0.93855, 0.248156, 0.791645, 0.05, -0.0943944, -0.0131148, -0.0494159, 0.107351, 1008.92, 14265.7, 10, 2e-20, 3e-20, 2e-20, 2e-20, -1
-0.969497, 0.190758, 0.768429, 0.05, 0.0793459, 0.180705, -0.124444, 0.233316, 997.098, -4642.78, 10, 2e-20, 3e-20, 2e-20, 2e-20, -1
-0.874048, 0.170475, 0.846982, 0.05, 0.0502477, -0.18684, -0.261816, 0.325548, 1003.44, 5507.94, 10, 2e-20, 3e-20, 2e-20, 2e-20, -1
-0.949865, 0.200283, 0.93368, 0.05, -0.227641, -0.17633, -0.0906057, 0.301864, 998.949, -1682.3, 10, 2e-20, 3e-20, 2e-20, 2e-20, -1
-0.948895, 0.218623, 1.00152, 0.05, 0.0879512, -0.220209, -0.0266909, 0.23862, 1005.78, 9249.41, 10, 2e-20, 3e-20, 2e-20, 2e-20, -1
-0.882203, 0.119772, 0.866481, 0.05, 0.125211, -0.0520752, -0.273144, 0.304954, 999.534, -746.042, 10, 2e-20, 3e-20, 2e-20, 2e-20, -1
-0.943663, 0.195083, 1.04233, 0.05, -0.00899586, -0.347733, -0.241279, 0.423337, 990.173, -15722.5, 10, 2e-20, 3e-20, 2e-20, 2e-20, -1
-0.914528, 0.182847, 0.985957, 0.05, -0.12131, 0.0964669, -0.164125, 0.225741, 1005.76, 9210.38, 10, 2e-20, 3e-20, 2e-20, 2e-20, -1
-0.993521, 0.217573, 1.12958, 0.05, -0.297144, -0.229184, -0.366102, 0.524262, 997.04, -4735.58, 10, 2e-20, 3e-20, 2e-20, 2e-20, -1
-0.95182, 0.246738, 1.15896, 0.05, 0.067604, 0.53549, -0.853821, 1.01011, 998.314, -2697.86, 10, 2e-20, 3e-20, 2e-20, 2e-20, -1
-0.881229, 0.123107, 1.13172, 0.05, -0.0681288, -0.0670886, -0.39946, 0.410744, 999.313, -1099.62, 10, 2e-20, 3e-20, 2e-20, 2e-20, -1
-0.912202, 0.237471, 1.12206, 0.05, -0.0250308, 0.230427, -0.331728, 0.40468, 1008.24, 13181.9, 10, 2e-20, 3e-20, 2e-20, 2e-20, -1
-0.942659, 0.199513, 1.09071, 0.05, -0.221924, -0.323845, -0.145041, 0.418525, 1000.6, 952.195, 10, 2e-20, 3e-20, 2e-20, 2e-20, -1
-0.878088, 0.17012, 1.11873, 0.05, 0.0857274, -0.028291, -0.233595, 0.250432, 986.411, -21741.8, 10, 2e-20, 3e-20, 2e-20, 2e-20, -1
-0.88308, 0.130045, 1.15593, 0.05, 0.107608, -0.0525203, -0.0769921, 0.142358, 996.704, -5274.01, 10, 2e-20, 3e-20, 2e-20, 2e-20, -1
-0.889769, 0.262892, 1.15972, 0.05, 0.447886, 0.173225, -0.330113, 0.582738, 1003.12, 4995.72, 10, 2e-20, 3e-20, 2e-20, 2e-20, -1
-0.817138, 0.190747, 1.1807, 0.05, -0.0377644, -0.289112, -0.38066, 0.479493, 998.596, -2246.03, 10, 2e-20, 3e-20, 2e-20, 2e-20, -1
-0.817185, 0.0719462, 1.21694, 0.05, 0.0676665, -0.0605632, -0.21675, 0.235005, 1003.29, 5259, 10, 2e-20, 3e-20, 2e-20, 2e-20, -1
-0.763868, 0.110933, 1.22204, 0.05, 0.0419845, -0.351811, -0.213976, 0.413907, 996.65, -5359.87, 10, 2e-20, 3e-20, 2e-20, 2e-20, -1
-0.664301, 0.180406, 1.1974, 0.05, 0.214258, 0.0221752, -0.234513, 0.318425, 1004.46, 7134.91, 10, 2e-20, 3e-20, 2e-20, 2e-20, -1
-0.709713, 0.111728, 1.25041, 0.05, 0.125736, -0.173451, -0.0471046, 0.219348, 990.344, -15450.1, 10, 2e-20, 3e-20, 2e-20, 2e-20, -1
-0.680366, 0.170594, 1.21403, 0.05, 0.306576, -0.155151, -0.316593, 0.467217, 992.693, -11691.3, 10, 2e-20, 3e-20, 2e-20, 2e-20, -1
-0.610351, 0.18086, 1.24031, 0.05, 0.180865, -0.172327, -0.47929, 0.540488, 995.113, -7819.82, 10, 2e-20, 3e-20, 2e-20, 2e-20, -1
-0.570352, 0.18184, 1.29256, 0.05, 0.205808, -0.256727, -0.0827105, 0.339274, 1002.43, 3891.89, 10, 2e-20, 3e-20, 2e-20, 2e-20, -1
-0.58656, 0.132539, 1.3332, 0.05, -0.000619412, -0.0134362, -0.050416, 0.0521794, 1004.82, 7707.73, 10, 2e-20, 3e-20, 2e-20, 2e-20, -1
-0.598866, 0.253902, 1.33972, 0.05, 0.00031095, -0.0761909, 0.0303329, 0.0820075, 999.915, -135.542, 10, 2e-20, 3e-20, 2e-20, 2e-20, -1
-0.881382, 0.448468, 0.0485712, 0.05, -0.264386, 0.0255181, 0.049659, 0.270217, 997.568, -3891.8, 10, 2e-20, 3e-20, 2e-20, 2e-20, -1
-0.938753, 0.450538, 0.0483139, 0.05, 0.00791289, -0.246734, -0.0215911, 0.247803, 1013.55, 21673.4, 10, 2e-20, 3e-20, 2e-20, 2e-20, -1
-0.939648, 0.399232, 0.192594, 0.05, -0.145972, 0.0775131, 0.134661, 0.21319, 1010.36, 16574.1, 10, 2e-20, 3e-20, 2e-20, 2e-20, -1
-0.953342, 0.391395, 0.113016, 0.05, -0.0794535, -0.188142, 0.0137351, 0.204692, 991.321, -13887.1, 10, 2e-20, 3e-20, 2e-20, 2e-20, -1
-0.913628, 0.320925, 0.163309, 0.05, -0.038923, 0.192277, -0.0693351, 0.208069, 1007.15, 11441.8, 10, 2e-20, 3e-20, 2e-20, 2e-20, -1
-0.999416, 0.305036, 0.237641, 0.05, -0.10857, 0.0240709, 0.250381, 0.273967, 1009.39, 15018.4, 10, 2e-20, 3e-20, 2e-20, 2e-20, -1
-0.966752, 0.30593, 0.285488, 0.05, -0.252174, -0.164428, -0.181615, 0.351585, 1004.43, 7091.29, 10, 2e-20, 3e-20, 2e-20, 2e-20, -1
-0.903901, 0.371866, 0.268089, 0.05, 0.120856, -0.0729371, -0.0350756, 0.145452, 1005.74, 9185.75, 10, 2e-20, 3e-20, 2e-20, 2e-20, -1
-0.965835, 0.287576, 0.440308, 0.05, 0.0515536, -0.113501, 0.257098, 0.285727, 1003.37, 5396.29, 10, 2e-20, 3e-20, 2e-20, 2e-20, -1
-0.942133, 0.354334, 0.41826, 0.05, -0.207416, -0.0957022, -0.0957649, 0.247692, 1008.07, 12914.6, 10, 2e-20, 3e-20, 2e-20, 2e-20, -1
-0.950309, 0.26368, 0.301805, 0.05, -0.363109, 0.0358936, -0.361712, 0.513782, 1004.39, 7023.05, 10, 2e-20, 3e-20, 2e-20, 2e-20, -1
-0.928741, 0.301313, 0.402802, 0.05, -0.205556, 0.173823, -0.127396, 0.297821, 1001.28, 2040.83, 10, 2e-20, 3e-20, 2e-20, 2e-20, -1
-1.00181, 0.274192, 0.471842, 0.05, 0.196073, -0.324725, -0.181218, 0.420394, 1001.03, 1653.98, 10, 2e-20, 3e-20, 2e-20, 2e-20, -1
-0.919489, 0.270005, 0.44815, 0.05, -0.118943, 0.09241, -0.0816736, 0.171341, 1003.66, 5854.46, 10, 2e-20, 3e-20, 2e-20, 2e-20, -1
-0.95783, 0.345274, 0.493779, 0.05, 0.224972, 0.0710433, -0.195645, 0.30649, 1007.66, 12262.3, 10, 2e-20, 3e-20, 2e-20, 2e-20, -1
-0.949604, 0.290067, 0.489837, 0.05, 0.00205688, 0.0721462, -0.214027, 0.225869, 1016.39, 26231.7, 10, 2e-20, 3e-20, 2e-20, 2e-20, -1
-0.920284, 0.313986, 0.515586, 0.05, -0.298251, 0.0662907, -0.402719, 0.5055, 1016.14, 25827.5, 10, 2e-20, 3e-20, 2e-20, 2e-20, -1
-0.858454, 0.335604, 0.536547, 0.05, 0.17279, -0.167588, -0.0657558, 0.249532, 994.878, -8195.85, 10, 2e-20, 3e-20, 2e-20, 2e-20, -1
-0.882883, 0.377449, 0.640895, 0.05, 0.157885, 0.315176, -0.21551, 0.413169, 1010.73, 17163.9, 10, 2e-20, 3e-20, 2e-20, 2e-20, -1
-0.838263, 0.362183, 0.617046, 0.05, 0.149273, 0.19713, -0.106306, 0.269154, 1004.84, 7749.59, 10, 2e-20, 3e-20, 2e-20, 2e-20, -1
-0.850723, 0.334065, 0.640815, 0.05, 0.0206936, 0.0833811, -0.0893229, 0.123932, 1006.35, 10164.8, 10, 2e-20, 3e-20, 2e-20, 2e-20, -1
-0.84146, 0.304578, 0.594663, 0.05, -0.110715, 0.129693, -0.333404, 0.374481, 1001.26, 2023.78, 10, 2e-20, 3e-20, 2e-20, 2e-20, -1
-0.9576, 0.335996, 0.688152, 0.05, 0.0826812, -0.128361, 0.177748, 0.234323, 998.402, -2556.85, 10, 2e-20, 3e-20, 2e-20, 2e-20, -1
-0.958251, 0.28647, 0.766286, 0.05, -0.0972038, -0.025779, 0.00810913, 0.10089, 1002.04, 3259.05, 10, 2e-20, 3e-20, 2e-20, 2e-20, -1
-0.897205, 0.263561, 0.721861, 0.05, 0.0417866, -0.0114022, -0.139538, 0.146106, 1002.68, 4289.7, 10, 2e-20, 3e-20, 2e-20, 2e-20, -1
-0.887139, 0.258125, 0.764937, 0.05, -0.0956872, -0.18146, -0.325278, 0.384564, 1003.53, 5654.88, 10, 2e-20, 3e-20, 2e-20, 2e-20, -1
-0.887584, 0.236061, 0.679746, 0.05, 0.24372, -0.102029, 0.0497335, 0.268855, 1004.04, 6467.97, 10, 2e-20, 3e-20, 2e-20, 2e-20, -1
-0.883357, 0.301539, 0.793658, 0.05, -0.105383, -0.141281, -0.0387687, 0.180468, 1005.09, 8148.25, 10, 2e-20, 3e-20, 2e-20, 2e-20, -1
-0.886131, 0.205865, 0.757553, 0.05, 0.0524067, 0.0321462, -0.0801545, 0.101018, 996.702, -5276.42, 10, 2e-20, 3e-20, 2e-20, 2e-20, -1
-0.953045, 0.256585, 0.9144, 0.05, -0.0434802, -0.0752261, -0.161161, 0.183091, 1000.39, 626.712, 10, 2e-20, 3e-20, 2e-20, 2e-20, -1
-0.918438, 0.161577, 0.889589, 0.05, -0.0792358, -0.0525603, -0.0117929, 0.0958121, 1007.35, 11762.5, 10, 2e-20, 3e-20, 2e-20, 2e-20, -1
-0.928221, 0.327885, 0.933108, 0.05, -0.0294007, 0.076544, 0.028152, 0.0866944, 1006.01, 9613.19, 10, 2e-20, 3e-20, 2e-20, 2e-20, -1
-0.896288, 0.20787, 0.882706, 0.05, -0.0859336, -0.0903719, -0.0960943, 0.157435, 1012.39, 19818.5, 10, 2e-20, 3e-20, 2e-20, 2e-20, -1
-0.932864, 0.278806, 1.00382, 0.05, -0.13858, 0.000449712, -0.162636, 0.213671, 998.018, -3171.79, 10, 2e-20, 3e-20, 2e-20, 2e-20, -1
-0.976694, 0.318817, 1.17066, 0.05, 0.130464, 0.24286, 0.248659, 0.371259, 998.16, -2944.04, 10, 2e-20, 3e-20, 2e-20, 2e-20, -1
-0.861293, 0.443531, 1.12604, 0.05, -0.0953454, 0.221445, 0.0147648, 0.241551, 1022.55, 36081.7, 10, 2e-20, 3e-20, 2e-20, 2e-20, -1
-0.935435, 0.321591, 1.08058, 0.05, -0.331482, -0.399869, -0.0390705, 0.520866, 1001.3, 2086.42, 10, 2e-20, 3e-20, 2e-20, 2e-20, -1
-0.917749, 0.291637, 1.14215, 0.05, -0.108856, 0.00570727, -0.52044, 0.531733, 1000.3, 478.753, 10, 2e-20, 3e-20, 2e-20, 2e-20, -1
-0.867323, 0.280257, 1.06404, 0.05, -0.079958, 0.0927581, -0.440676, 0.457376, 1001.39, 2221.44, 10, 2e-20, 3e-20, 2e-20, 2e-20, -1
-0.781127, 0.250095, 0.981989, 0.05, -0.141233, -0.0258507, -0.635544, 0.651561, 1012.03, 19245.9, 10, 2e-20, 3e-20, 2e-20, 2e-20, -1
-0.673779, 0.262889, 0.937683, 0.05, -0.221911, -0.100493, -0.377872, 0.44959, 1010.72, 17149.4, 10, 2e-20, 3e-20, 2e-20, 2e-20, -1
-0.790187, 0.269279, 1.02422, 0.05, 0.0906406, 0.0660876, 0.0411309, 0.119478, 1012.81, 20498.8, 10, 2e-20, 3e-20, 2e-20, 2e-20, -1
-0.803446, 0.21603, 1.09367, 0.05, 0.112902, -0.212613, -0.198188, 0.311817, 997.027, -4756.26, 10, 2e-20, 3e-20, 2e-20, 2e-20, -1
-0.719736, 0.21342, 1.09338, 0.05, 0.351045, -0.112915, -0.377333, 0.527601, 994.591, -8654.82, 10, 2e-20, 3e-20, 2e-20, 2e-20, -1
-0.676076, 0.23167, 1.19732, 0.05, 0.0814098, -0.139631, -0.132235, 0.208831, 1004.96, 7943.32, 10, 2e-20, 3e-20, 2e-20, 2e-20, -1
-0.759816, 0.175325, 1.21012, 0.05, -0.0664062, 0.311161, -0.334863, 0.461913, 1006.55, 10487.7, 10, 2e-20, 3e-20, 2e-20, 2e-20, -1
-0.697408, 0.233314, 1.10716, 0.05, 0.365102, 0.034284, -0.314528, 0.483118, 1006.66, 10653.9, 10, 2e-20, 3e-20, 2e-20, 2e-20, -1
-0.735623, 0.214107, 1.16626, 0.05, 0.131156, -0.183912, -0.149084, 0.27065, 1000.22, 355.835, 10, 2e-20, 3e-20, 2e-20, 2e-20, -1
-0.563153, 0.192935, 1.23222, 0.05, 0.176257, -0.238827, -0.197268, 0.356398, 1003.68, 5892.43, 10, 2e-20, 3e-20, 2e-20, 2e-20, -1
-0.564396, 0.240376, 1.21221, 0.05, 0.161133, -0.170556, -0.138565, 0.272495, 1008.64, 13822.7, 10, 2e-20, 3e-20, 2e-20, 2e-20, -1
-0.513248, 0.232159, 1.31022, 0.05, 0.22025, -0.169599, -0.0412967, 0.281033, 1006.27, 10030.1, 10, 2e-20, 3e-20, 2e-20, 2e-20, -1
-0.939824, 0.50131, 0.159029, 0.05, -0.292607, 0.047674, -0.298124, 0.42044, 1014.94, 23909.4, 10, 2e-20, 3e-20, 2e-20, 2e-20, -1
-0.999421, 0.41382, 0.093738, 0.05, 0.0114198, -0.0703155, 0.234008, 0.244611, 1020.76, 33208.6, 10, 2e-20, 3e-20, 2e-20, 2e-20, -1
-0.956839, 0.392644, 0.0499165, 0.05, -0.33277, 0.0138127, 0.0579039, 0.338052, 1001.95, 3117.37, 10, 2e-20, 3e-20, 2e-20, 2e-20, -1
-0.879472, 0.446974, 0.199069, 0.05, 0.413049, -0.214807, -0.324091, 0.567262, 1004.4, 7042.55, 10, 2e-20, 3e-20, 2e-20, 2e-20, -1
-0.912821, 0.422972, 0.228424, 0.05, -0.267829, -0.0913679, 0.300319, 0.41264, 1004.12, 6596.12, 10, 2e-20, 3e-20, 2e-20, 2e-20, -1
-0.930454, 0.384547, 0.150199, 0.05, -0.111229, -0.0643548, -0.136719, 0.187631, 999.12, -1408.13, 10, 2e-20, 3e-20, 2e-20, 2e-20, -1
-0.848496, 0.432253, 0.155417, 0.05, -0.247192, -0.313768, -0.235093, 0.46349, 993.194, -10889.3, 10, 2e-20, 3e-20, 2e-20, 2e-20, -1
-0.92028, 0.408635, 0.31237, 0.05, -0.396222, -0.129501, 0.072418, 0.423092, 993.192, -10892.7, 10, 2e-20, 3e-20, 2e-20, 2e-20, -1
-0.825392, 0.406587, 0.270062, 0.05, 0.0390346, -0.0106039, 0.0992082, 0.107137, 1013.95, 22322.3, 10, 2e-20, 3e-20, 2e-20, 2e-20, -1
-0.939882, 0.386121, 0.379762, 0.05, -0.247917, 0.08733, -0.590251, 0.646131, 1011.99, 19184.7, 10, 2e-20, 3e-20, 2e-20, 2e-20, -1
-0.897033, 0.36779, 0.384977, 0.05, 0.209137, 0.248403, -0.22653, 0.395927, 1010, 15992.5, 10, 2e-20, 3e-20, 2e-20, 2e-20, -1
-0.934794, 0.327459, 0.452385, 0.05, -0.00673415, -0.0682217, 0.0560902, 0.0885757, 1006.89, 11026.5, 10, 2e-20, 3e-20, 2e-20, 2e-20, -1
-0.821911, 0.439165, 0.624114, 0.05, -0.117396, 0.0478957, -0.208954, 0.244412, 997.585, -3864.04, 10, 2e-20, 3e-20, 2e-20, 2e-20, -1
-0.897361, 0.392436, 0.444104, 0.05, 0.198736, 0.256334, -0.0528746, 0.328632, 991.65, -13360.3, 10, 2e-20, 3e-20, 2e-20, 2e-20, -1
-0.945907, 0.45455, 0.652166, 0.05, -0.149837, 0.147264, -0.0901702, 0.228623, 1002.93, 4680.63, 10, 2e-20, 3e-20, 2e-20, 2e-20, -1
-0.888463, 0.349831, 0.470546, 0.05, 0.0431287, -0.289165, -0.244409, 0.381067, 1003.81, 6101.33, 10, 2e-20, 3e-20, 2e-20, 2e-20, -1
-0.893489, 0.367894, 0.516753, 0.05, -0.153023, 0.0442379, 0.0643472, 0.171796, 1003.2, 5125.32, 10, 2e-20, 3e-20, 2e-20, 2e-20, -1
-0.957139, 0.373349, 0.585373, 0.05, 0.0598637, -0.0847256, 0.193304, 0.219382, 987.81, -19503.4, 10, 2e-20, 3e-20, 2e-20, 2e-20, -1
-0.891258, 0.408322, 0.677073, 0.05, 0.170127, 0.00154684, -0.00944381, 0.170396, 997.298, -4323.3, 10, 2e-20, 3e-20, 2e-20, 2e-20, -1
-0.912683, 0.37484, 0.701133, 0.05, 0.105521, 0.0230902, 0.0442781, 0.116741, 990.426, -15318.5, 10, 2e-20, 3e-20, 2e-20, 2e-20, -1
-0.901972, 0.335025, 0.666124, 0.05, 0.178498, -0.134593, -0.0690595, 0.233979, 1005.58, 8926.75, 10, 2e-20, 3e-20, 2e-20, 2e-20, -1
-0.833668, 0.34563, 0.739181, 0.05, 0.0375736, -0.190797, -0.244031, 0.312036, 1001.53, 2451.27, 10, 2e-20, 3e-20, 2e-20, 2e-20, -1
-0.893488, 0.343995, 0.788897, 0.05, -0.123263, 0.0567141, -0.0909363, 0.163339, 1000.19, 297.571, 10, 2e-20, 3e-20, 2e-20, 2e-20, -1
-0.859435, 0.390389, 0.758033, 0.05, 0.0575543, -0.0538403, -0.159291, 0.177721, 1006.61, 10574.4, 10, 2e-20, 3e-20, 2e-20, 2e-20, -1
-0.885804, 0.318866, 0.696435, 0.05, 0.0416838, -0.066993, 0.0834326, 0.114833, 998.477, -2437.03, 10, 2e-20, 3e-20, 2e-20, 2e-20, -1
-0.858522, 0.39552, 0.805306, 0.05, 0.122226, 0.153304, -0.286481, 0.34715, 997.01, -4783.95, 10, 2e-20, 3e-20, 2e-20, 2e-20, -1
-0.862432, 0.302519, 0.735805, 0.05, -0.0514944, -0.056228, -0.371506, 0.379249, 1001.08, 1734.76, 10, 2e-20, 3e-20, 2e-20, 2e-20, -1
-0.848758, 0.334064, 0.798287, 0.05, 0.228189, 0.0984972, -0.216923, 0.32989, 1006.93, 11081.5, 10, 2e-20, 3e-20, 2e-20, 2e-20, -1
-0.918721, 0.290597, 0.890012, 0.05, -0.0873486, -0.188366, -0.122566, 0.24111, 1000.17, 276.872, 10, 2e-20, 3e-20, 2e-20, 2e-20, -1
-0.892547, 0.333993, 0.882946, 0.05, 0.153022, -0.0710119, -0.082325, 0.187712, 998.698, -2082.82, 10, 2e-20, 3e-20, 2e-20, 2e-20, -1
-0.967069, 0.335917, 1.01107, 0.05, 0.0898627, -0.180662, 0.016662, 0.202464, 998.241, -2813.85, 10, 2e-20, 3e-20, 2e-20, 2e-20, -1
-0.768293, 0.44188, 1.06202, 0.05, -0.00811589, -0.271911, -0.0806231, 0.283728, 1003.93, 6286.57, 10, 2e-20, 3e-20, 2e-20, 2e-20, -1
-0.910567, 0.355559, 1.02594, 0.05, 0.020404, -0.229079, -0.119165, 0.259025, 995.712, -6860.47, 10, 2e-20, 3e-20, 2e-20, 2e-20, -1
-0.875036, 0.359821, 1.05282, 0.05, -0.0989355, -0.280475, -0.181554, 0.348449, 1000.38, 608.999, 10, 2e-20, 3e-20, 2e-20, 2e-20, -1
-0.752913, 0.434892, 1.16934, 0.05, -0.368501, 0.229111, -0.23144, 0.491782, 1006.74, 10785.6, 10, 2e-20, 3e-20, 2e-20, 2e-20, -1
-0.84295, 0.407648, 1.07356, 0.05, 0.0748739, 0.165434, -0.0670541, 0.193574, 1005.74, 9190.87, 10, 2e-20, 3e-20, 2e-20, 2e-20, -1
-0.760719, 0.443998, 1.11696, 0.05, -0.0898428, 0.125846, -0.26515, 0.306942, 1003.73, 5972.27, 10, 2e-20, 3e-20, 2e-20, 2e-20, -1
-0.792547, 0.395538, 1.04, 0.05, 0.138468, 0.186538, -0.211783, 0.31436, 993.25, -10800.8, 10, 2e-20, 3e-20, 2e-20, 2e-20, -1
-0.650014, 0.382915, 1.11404, 0.05, -0.00945254, 0.0435265, -0.00387293, 0.0447092, 1009.4, 15046.4, 10, 2e-20, 3e-20, 2e-20, 2e-20, -1
-0.784517, 0.374999, 1.16711, 0.05, 0.152936, -0.0643315, -0.289626, 0.333783, 1009.22, 14752.5, 10, 2e-20, 3e-20, 2e-20, 2e-20, -1
-0.801798, 0.532565, 1.32368, 0.05, 0.285722, -7.37382e-05, 0.082517, 0.297399, 1007.33, 11734, 10, 2e-20, 3e-20, 2e-20, 2e-20, -1
-0.814957, 0.31636, 1.01901, 0.05, -0.170145, 0.0128329, -0.291837, 0.338058, 991.297, -13925.4, 10, 2e-20, 3e-20, 2e-20, 2e-20, -1
-0.738522, 0.405684, 1.00019, 0.05, 0.0816876, -0.09939, -0.203335, 0.240617, 1006.65, 10632.5, 10, 2e-20, 3e-20, 2e-20, 2e-20, -1
-0.806988, 0.265414, 1.094, 0.05, 0.113497, -0.130939, -0.312144, 0.357016, 1001.85, 2961.03, 10, 2e-20, 3e-20, 2e-20, 2e-20, -1
-0.7445, 0.32883, 0.971297, 0.05, -0.0478155, 0.0110029, -0.510816, 0.513167, 1011.1, 17763.2, 10, 2e-20, 3e-20, 2e-20, 2e-20, -1
-0.746241, 0.245028, 1.03157, 0.05, 0.224094, -0.0164753, 0.131066, 0.26013, 1000.98, 1565.91, 10, 2e-20, 3e-20, 2e-20, 2e-20, -1
-0.616944, 0.311159, 1.03767, 0.05, -0.26433, -0.111015, -0.0878068, 0.299841, 1002.93, 4681.73, 10, 2e-20, 3e-20, 2e-20, 2e-20, -1
-0.657834, 0.24518, 0.989171, 0.05, -0.2308, 0.0334417, -0.280973, 0.365148, 1001.29, 2069.56, 10, 2e-20, 3e-20, 2e-20, 2e-20, -1
-0.604099, 0.262536, 1.07953, 0.05, 0.102969, -0.185378, -0.375194, 0.430974, 1004.83, 7726.82, 10, 2e-20, 3e-20, 2e-20, 2e-20, -1
-0.556014, 0.283883, 1.24705, 0.05, 0.00721099, -0.0532858, -0.169356, 0.177688, 1013.28, 21251.3, 10, 2e-20, 3e-20, 2e-20, 2e-20, -1
-0.574932, 0.258248, 1.31013, 0.05, 0.249893, 0.0111563, -0.188663, 0.313313, 1009.93, 15890.4, 10, 2e-20, 3e-20, 2e-20, 2e-20, -1
-0.91683, 0.468439, 0.180505, 0.05, -0.0635875, 0.0686633, -0.453129, 0.462692, 1023.24, 37178.8, 10, 2e-20, 3e-20, 2e-20, 2e-20, -1
-0.922321, 0.502102, 0.0919767, 0.05, -0.168816, -0.281102, 0.374549, 0.497799, 1002.46, 3937.49, 10, 2e-20, 3e-20, 2e-20, 2e-20, -1
-0.887676, 0.43504, 0.14756, 0.05, 0.258115, -0.0991826, 0.368347, 0.460587, 1006.74, 10782.5, 10, 2e-20, 3e-20, 2e-20, 2e-20, -1
-0.892915, 0.457336, 0.304524, 0.05, 0.146822, 0.48349, -0.106589, 0.516412, 1008.28, 13248.2, 10, 2e-20, 3e-20, 2e-20, 2e-20, -1
-0.907075, 0.497472, 0.459959, 0.05, 0.180501, -0.175032, -0.0125701, 0.251744, 1006.54, 10460.9, 10, 2e-20, 3e-20, 2e-20, 2e-20, -1
-0.925683, 0.447127, 0.455217, 0.05, 0.410943, -0.0129887, 0.0355851, 0.412685, 1000.32, 512.687, 10, 2e-20, 3e-20, 2e-20, 2e-20, -1
-0.890503, 0.456449, 0.246274, 0.05, -0.0850196, -0.0335956, 0.257344, 0.273099, 999.825, -280.403, 10, 2e-20, 3e-20, 2e-20, 2e-20, -1
-0.877639, 0.459222, 0.394431, 0.05, -0.141398, -0.272083, -0.125615, 0.331363, 1007.4, 11836.5, 10, 2e-20, 3e-20, 2e-20, 2e-20, -1
-0.851704, 0.447909, 0.351676, 0.05, -0.0401336, 0.155987, -0.274687, 0.318427, 1010.39, 16622, 10, 2e-20, 3e-20, 2e-20, 2e-20, -1
-0.880292, 0.444404, 0.439683, 0.05, 0.0296512, -0.204046, -0.192141, 0.281837, 1002.05, 3282.46, 10, 2e-20, 3e-20, 2e-20, 2e-20, -1
-0.890552, 0.413453, 0.371689, 0.05, -0.0154872, 0.153651, -0.12062, 0.195954, 1013.83, 22123.1, 10, 2e-20, 3e-20, 2e-20, 2e-20, -1
-0.898808, 0.440299, 0.486674, 0.05, 0.0570474, -0.0429259, -0.220968, 0.232215, 1000.36, 582.125, 10, 2e-20, 3e-20, 2e-20, 2e-20, -1
-0.878776, 0.457569, 0.660609, 0.05, 0.205078, 0.201709, -0.321676, 0.431531, 1011.95, 19126.8, 10, 2e-20, 3e-20, 2e-20, 2e-20, -1
-0.835424, 0.415145, 0.571728, 0.05, 0.0741746, -0.173415, -0.00240851, 0.188628, 1002.79, 4460.42, 10, 2e-20, 3e-20, 2e-20, 2e-20, -1
-0.905559, 0.43831, 0.623359, 0.05, -0.163683, -0.163398, -0.30296, 0.381151, 1011.25, 18003.6, 10, 2e-20, 3e-20, 2e-20, 2e-20, -1
-0.882972, 0.413278, 0.726608, 0.05, -0.0255957, 0.157103, -0.273084, 0.316088, 999.085, -1464.58, 10, 2e-20, 3e-20, 2e-20, 2e-20, -1
-0.920297, 0.394702, 0.607313, 0.05, 0.0386944, 0.0768023, -0.00023413, 0.0859995, 1000.52, 830.593, 10, 2e-20, 3e-20, 2e-20, 2e-20, -1
-0.926264, 0.439562, 0.750541, 0.05, 0.0088494, -0.00359752, -0.394355, 0.394471, 1005.17, 8278.55, 10, 2e-20, 3e-20, 2e-20, 2e-20, -1
-0.900788, 0.431591, 0.877147, 0.05, 0.0909946, 0.23545, 0.0319254, 0.254433, 1007.44, 11903.7, 10, 2e-20, 3e-20, 2e-20, 2e-20, -1
-0.907901, 0.396467, 0.770983, 0.05, 0.218551, -0.0653546, -0.268194, 0.352085, 998.013, -3178.8, 10, 2e-20, 3e-20, 2e-20, 2e-20, -1
-0.90605, 0.442965, 0.927086, 0.05, 0.0840868, -0.0637063, -0.174644, 0.204033, 999.061, -1502.65, 10, 2e-20, 3e-20, 2e-20, 2e-20, -1
-0.886799, 0.430233, 0.791669, 0.05, 0.0748685, -0.212056, 0.0551321, 0.231544, 1005.32, 8513.55, 10, 2e-20, 3e-20, 2e-20, 2e-20, -1
-0.90444, 0.409897, 0.844888, 0.05, 0.104399, 0.0963699, -0.521356, 0.540368, 1000.93, 1495.8, 10, 2e-20, 3e-20, 2e-20, 2e-20, -1
-0.932991, 0.438537, 1.08133, 0.05, 0.0648372, 0.0325796, 0.0166136, 0.07444, 1003.67, 5875.42, 10, 2e-20, 3e-20, 2e-20, 2e-20, -1
-0.886014, 0.451769, 0.944089, 0.05, -0.0530263, -0.0178455, -0.0495986, 0.0747681, 994.11, -9424.01, 10, 2e-20, 3e-20, 2e-20, 2e-20, -1
-0.877894, 0.449321, 1.06684, 0.05, 0.0691528, 0.339637, -0.211138, 0.405851, 1000.49, 787.076, 10, 2e-20, 3e-20, 2e-20, 2e-20, -1
-0.906879, 0.457574, 1.12729, 0.05, 0.00780263, -0.0219611, -0.123125, 0.125312, 1001.09, 1744.75, 10, 2e-20, 3e-20, 2e-20, 2e-20, -1
-0.780553, 0.437555, 1.01966, 0.05, -0.0378137, -0.212873, 0.0255918, 0.217715, 1000.87, 1394.28, 10, 2e-20, 3e-20, 2e-20, 2e-20, -1
-0.903624, 0.382254, 0.914722, 0.05, 0.0642103, -0.0776303, -0.0707897, 0.123128, 1003.21, 5129.7, 10, 2e-20, 3e-20, 2e-20, 2e-20, -1
-0.852119, 0.438833, 0.973332, 0.05, 0.0183959, 0.00706723, 0.20705, 0.207986, 1006.2, 9916.01, 10, 2e-20, 3e-20, 2e-20, 2e-20, -1
-0.904997, 0.413451, 1.01177, 0.05, -0.0376518, 0.0812145, 0.0356326, 0.096349, 1001.31, 2100.81, 10, 2e-20, 3e-20, 2e-20, 2e-20, -1
-0.722404, 0.430843, 1.07793, 0.05, 0.0280577, -0.117875, -0.29844, 0.322099, 1010.46, 16734.6, 10, 2e-20, 3e-20, 2e-20, 2e-20, -1
-0.768692, 0.522622, 1.34098, 0.05, 0.107166, 0.143172, -0.0429987, 0.183934, 991.954, -12874.3, 10, 2e-20, 3e-20, 2e-20, 2e-20, -1
-0.549385, 0.406708, 1.17079, 0.05, -0.109697, -0.127454, -0.329435, 0.369872, 1009.61, 15379.1, 10, 2e-20, 3e-20, 2e-20, 2e-20, -1
-0.66897, 0.434235, 1.16742, 0.05, -0.145992, 0.163461, -0.3316, 0.397482, 997.745, -3607.75, 10, 2e-20, 3e-20, 2e-20, 2e-20, -1
-0.777456, 0.496644, 1.31014, 0.05, 0.300975, 0.209279, 0.0796066, 0.375128, 993.14, -10975.7, 10, 2e-20, 3e-20, 2e-20, 2e-20, -1
-0.611584, 0.422106, 1.18305, 0.05, 0.135826, -0.0866431, -0.452117, 0.479964, 1006.98, 11169.6, 10, 2e-20, 3e-20, 2e-20, 2e-20, -1
-0.630188, 0.358551, 1.14676, 0.05, 0.0972944, -0.0983895, -0.0831837, 0.16145, 1001.94, 3097.05, 10, 2e-20, 3e-20, 2e-20, 2e-20, -1
-0.605126, 0.31756, 1.15104, 0.05, 0.024421, 0.0818129, -0.295842, 0.307916, 996.348, -5843.98, 10, 2e-20, 3e-20, 2e-20, 2e-20, -1
-0.806085, 0.476106, 1.35727, 0.05, 0.330681, -0.389549, 0.302085, 0.593594, 1002.84, 4549.83, 10, 2e-20, 3e-20, 2e-20, 2e-20, -1
-0.756599, 0.414173, 1.11021, 0.05, -0.141754, 0.0120719, -0.135566, 0.196515, 997.917, -3332.91, 10, 2e-20, 3e-20, 2e-20, 2e-20, -1
-0.729025, 0.405853, 1.11046, 0.05, 0.314477, -0.116688, -0.089563, 0.347179, 995.331, -7470.53, 10, 2e-20, 3e-20, 2e-20, 2e-20, -1
-0.672863, 0.43586, 1.13197, 0.05, -0.270885, -0.112562, 0.0845252, 0.305276, 998.22, -2847.6, 10, 2e-20, 3e-20, 2e-20, 2e-20, -1
-0.674571, 0.38165, 1.15797, 0.05, -0.0913666, 0.0763422, -0.224518, 0.254135, 1013.55, 21683.9, 10, 2e-20, 3e-20, 2e-20, 2e-20, -1
-0.716883, 0.238467, 0.981729, 0.05, 0.288628, -0.0358843, -0.423543, 0.513792, 1008.02, 12829.8, 10, 2e-20, 3e-20, 2e-20, 2e-20, -1
-0.634712, 0.331501, 1.06523, 0.05, 0.36746, -0.0838167, -0.500801, 0.626781, 1000.76, 1210.37, 10, 2e-20, 3e-20, 2e-20, 2e-20, -1
-0.572604, 0.321588, 1.13268, 0.05, 0.102462, 0.0117867, -0.0991185, 0.143045, 1006.38, 10210.9, 10, 2e-20, 3e-20, 2e-20, 2e-20, -1
-0.637244, 0.316343, 1.10464, 0.05, 0.0676707, -0.0855715, -0.320734, 0.33878, 1003.61, 5770.23, 10, 2e-20, 3e-20, 2e-20, 2e-20, -1
-0.599826, 0.279072, 1.12734, 0.05, 0.271243, -0.117051, -0.374068, 0.476655, 1006.04, 9660.93, 10, 2e-20, 3e-20, 2e-20, 2e-20, -1
-0.545249, 0.244956, 1.27314, 0.05, 0.112518, -0.0959406, -0.142508, 0.205361, 998.507, -2388.38, 10, 2e-20, 3e-20, 2e-20, 2e-20, -1
-0.56018, 0.272991, 1.1841, 0.05, 0.278802, -0.134972, -0.238957, 0.391214, 1001.74, 2781.09, 10, 2e-20, 3e-20, 2e-20, 2e-20, -1
-0.911959, 0.496385, 0.34048, 0.05, 0.290901, -0.0220112, -0.226791, 0.369516, 1007.68, 12282.9, 10, 2e-20, 3e-20, 2e-20, 2e-20, -1
-0.030719, 0.00132082, 1.3198, 0.05, -0.121603, 0.031885, 0.0730586, 0.145401, 1010.22, 16355.3, 10, 2e-20, 3e-20, 2e-20, 2e-20, -1
-0.922011, 0.496805, 0.394616, 0.05, 0.0260907, 0.00023318, -0.372744, 0.373656, 1006.57, 10519.1, 10, 2e-20, 3e-20, 2e-20, 2e-20, -1
-0.958555, 0.495005, 0.436113, 0.05, -0.188312, -0.169379, -0.00309536, 0.253298, 1003.94, 6305.96, 10, 2e-20, 3e-20, 2e-20, 2e-20, -1
-0.989107, 0.490094, 0.784497, 0.05, -0.0110066, 0.0103574, -0.08522, 0.0865498, 1009.17, 14664.2, 10, 2e-20, 3e-20, 2e-20, 2e-20, -1
-0.990901, 0.496489, 0.846889, 0.05, 0.0382559, -0.115328, -0.252792, 0.280478, 1004.57, 7314.37, 10, 2e-20, 3e-20, 2e-20, 2e-20, -1
-0.992468, 0.497692, 0.658217, 0.05, 0.153429, -0.0262218, -0.141821, 0.210573, 1002.72, 4352.78, 10, 2e-20, 3e-20, 2e-20, 2e-20, -1
-0.94454, 0.497198, 0.855144, 0.05, 0.0706059, -0.228541, -0.146723, 0.280614, 1006.94, 11101.8, 10, 2e-20, 3e-20, 2e-20, 2e-20, -1
-0.87574, 0.498203, 0.576023, 0.05, 0.0934925, 0.123937, 0.0482971, 0.162585, 1012.76, 20421.6, 10, 2e-20, 3e-20, 2e-20, 2e-20, -1
-0.980859, 0.502429, 1.01605, 0.05, 0.137166, -0.00278331, 0.225674, 0.264104, 999.36, -1024.7, 10, 2e-20, 3e-20, 2e-20, 2e-20, -1
-0.474093, -0.187562, 1.42481, 0.05, 0.257706, 0.0546235, -0.0899407, 0.278362, 1000.67, 1072.31, 10, 2e-20, 3e-20, 2e-20, 2e-20, -1
-0.931985, 0.495841, 1.10312, 0.05, 0.523451, 0.245438, 0.191873, 0.609143, 1003.98, 6364.7, 10, 2e-20, 3e-20, 2e-20, 2e-20, -1
-0.972142, -0.312116, 1.35273, 0.05, -0.110961, 0.181273, 0.0132374, 0.21295, 1011.36, 18180.6, 10, 2e-20, 3e-20, 2e-20, 2e-20, -1
-0.74162, 0.280729, 0.990913, 0.05, 0.0903396, -0.0319251, -0.355573, 0.368256, 991.853, -13034.7, 10, 2e-20, 3e-20, 2e-20, 2e-20, -1
-0.923553, 0.459828, 1.31892, 0.05, 0.0700457, -0.152396, -0.406702, 0.439929, 1002.58, 4120.94, 10, 2e-20, 3e-20, 2e-20, 2e-20, -1
-0.982076, 0.410873, 1.33416, 0.05, -0.0657112, -0.716201, -0.0823736, 0.723911, 993.387, -10580.8, 10, 2e-20, 3e-20, 2e-20, 2e-20, -1
-0.83309, 0.49324, 0.955494, 0.05, 0.0674787, 0.0207576, -0.0132771, 0.0718369, 1017.39, 27818.2, 10, 2e-20, 3e-20, 2e-20, 2e-20, -1
-0.848288, 0.382628, 1.17401, 0.05, 0.0395258, 0.165249, -0.321761, 0.363867, 998.481, -2430.08, 10, 2e-20, 3e-20, 2e-20, 2e-20, -1
-0.833636, 0.488374, 1.20527, 0.05, 0.183147, -0.129371, -0.46448, 0.515773, 1007.97, 12755.7, 10, 2e-20, 3e-20, 2e-20, 2e-20, -1
0.953478, 0.246525, 1.37066, 0.05, -0.144306, -0.183398, -0.493057, 0.545494, 998.835, -1864.64, 10, 2e-20, 3e-20, 2e-20, 2e-20, -1
-0.870952, 0.498306, 1.24853, 0.05, 0.140592, 0.0217958, -0.296255, 0.328646, 996.194, -6089.81, 10, 2e-20, 3e-20, 2e-20, 2e-20, -1
0.700459, 0.239041, 1.34338, 0.05, -0.265976, -0.044519, -0.120774, 0.295485, 999.21, -1264.06, 10, 2e-20, 3e-20, 2e-20, 2e-20, -1
-0.786918, 0.471434, 1.28022, 0.05, 0.0631083, -0.242686, -0.374188, 0.45044, 1011.21, 17935.2, 10, 2e-20, 3e-20, 2e-20, 2e-20, -1
-0.659058, 0.246417, 1.24781, 0.05, 0.213417, -0.0875399, -0.199333, 0.304867, 996.914, -4936.95, 10, 2e-20, 3e-20, 2e-20, 2e-20, -1
0.748249, 0.25534, 1.32667, 0.05, -0.125871, 0.00308308, -0.310673, 0.335217, 998.549, -2321.61, 10, 2e-20, 3e-20, 2e-20, 2e-20, -1
-0.709251, 0.501959, 1.18565, 0.05, 0.127873, 0.0587393, 0.0365357, 0.145385, 1004.26, 6820.9, 10, 2e-20, 3e-20, 2e-20, 2e-20, -1
-0.727335, 0.33659, 1.1665, 0.05, -0.0326639, -0.298915, -0.452064, 0.542936, 993.141, -10973.9, 10, 2e-20, 3e-20, 2e-20, 2e-20, -1
-0.873628, 0.446884, 1.23396, 0.05, 0.00492625, 0.429181, -0.429496, 0.607196, 1016.15, 25833.6, 10, 2e-20, 3e-20, 2e-20, 2e-20, -1
-1.00434, 0.496971, 1.37848, 0.05, 0.108001, 0.0243911, 0.416305, 0.430777, 997.123, -4603.96, 10, 2e-20, 3e-20, 2e-20, 2e-20, -1
-0.788161, 0.441976, 1.2203, 0.05, 0.0906222, 0.0721154, -0.364601, 0.382553, 1009.33, 14934.8, 10, 2e-20, 3e-20, 2e-20, 2e-20, -1
-0.732894, 0.429297, 1.27965, 0.05, 0.155581, 0.0766361, -0.180408, 0.250251, 999.146, -1366.82, 10, 2e-20, 3e-20, 2e-20, 2e-20, -1
-0.913841, -0.382406, 1.36548, 0.05, -0.0602533, 0.138391, 0.0655886, 0.164574, 1004.48, 7174.51, 10, 2e-20, 3e-20, 2e-20, 2e-20, -1
-0.702748, 0.253775, 0.975726, 0.05, 0.248759, 0.171573, -0.298536, 0.424785, 1002.06, 3301.01, 10, 2e-20, 3e-20, 2e-20, 2e-20, -1
-0.960225, -0.19119, 1.37538, 0.05, 0.00711275, 0.304079, -0.208141, 0.368561, 996.456, -5669.86, 10, 2e-20, 3e-20, 2e-20, 2e-20, -1
-0.675163, -0.464592, 1.37306, 0.05, 0.0649326, -0.358281, 0.143405, 0.391339, 995.381, -7390.94, 10, 2e-20, 3e-20, 2e-20, 2e-20, -1
-0.647073, -0.501131, 2.29205, 0.05, 0.000706676, 1.33732e-05, -0.983273, 0.983273, 1000.02, 33.309, 10, 2e-20, 3e-20, 2e-20, 2e-20, -1
-0.843661, 0.28958, 1.19357, 0.05, 0.253447, -0.398634, -0.263949, 0.541122, 998.188, -2899.15, 10, 2e-20, 3e-20, 2e-20, 2e-20, -1
-1.00717, -0.465304, 1.66173, 0.05, 0.0072886, 4.89686e-05, -0.623539, 0.623582, 1000.01, 16.3115, 10, 2e-20, 3e-20, 2e-20, 2e-20, -1
-0.828821, 0.334136, 1.16612, 0.05, 0.408207, -0.312118, -0.339327, 0.615787, 990.135, -15784.3, 10, 2e-20, 3e-20, 2e-20, 2e-20, -1
-0.865733, 0.195295, 1.37306, 0.05, -0.0494232, -0.68113, -0.338249, 0.762098, 1032.68, 52283.7, 10, 2e-20, 3e-20, 2e-20, 2e-20, -1
-0.83282, 0.38467, 1.32558, 0.05, 0.435754, -0.337623, -0.294786, 0.625115, 994.488, -8819.19, 10, 2e-20, 3e-20, 2e-20, 2e-20, -1
-0.720283, 0.368741, 1.17151, 0.05, 0.239742, 0.0203762, -0.588748, 0.636015, 995.845, -6647.26, 10, 2e-20, 3e-20, 2e-20, 2e-20, -1
-0.852716, 0.476197, 1.35494, 0.05, 0.189871, -0.0925377, -0.119815, 0.242837, 996.969, -4848.99, 10, 2e-20, 3e-20, 2e-20, 2e-20, -1
-0.711127, 0.41043, 1.13739, 0.05, 0.17425, -0.11307, -0.465902, 0.510111, 993.921, -9726.72, 10, 2e-20, 3e-20, 2e-20, 2e-20, -1
-0.720273, 0.378044, 1.0451, 0.05, 0.102234, -0.0354303, -0.355154, 0.37127, 1002.88, 4615.65, 10, 2e-20, 3e-20, 2e-20, 2e-20, -1
-0.682556, 0.287906, 1.11923, 0.05, 0.101411, -0.0622125, -0.255434, 0.281782, 999.217, -1252.1, 10, 2e-20, 3e-20, 2e-20, 2e-20, -1
-0.744654, 0.320212, 1.29351, 0.05, 0.295282, -0.40816, -0.184441, 0.536474, 992.792, -11532.4, 10, 2e-20, 3e-20, 2e-20, 2e-20, -1
-0.709657, 0.354941, 0.99865, 0.05, 0.0408983, 0.0178713, -0.398094, 0.400588, 1002.29, 3663.8, 10, 2e-20, 3e-20, 2e-20, 2e-20, -1
-0.764327, 0.309831, 1.01509, 0.05, -0.0157453, -0.00319986, -0.155907, 0.156733, 998.309, -2705.95, 10, 2e-20, 3e-20, 2e-20, 2e-20, -1
-1.00797, 0.216047, 1.61196, 0.05, 0.00735855, 0.00027987, -0.604408, 0.604453, 999.993, -11.3938, 10, 2e-20, 3e-20, 2e-20, 2e-20, -1
-0.717227, 0.25952, 1.32238, 0.05, 0.265706, -0.0706533, -0.230408, 0.358719, 998.335, -2664.67, 10, 2e-20, 3e-20, 2e-20, 2e-20, -1
-0.871274, -0.500427, 0.237783, 0.05, 0.0363055, 0.0925182, -0.0739851, 0.123901, 1013.36, 21372.2, 10, 2e-20, 3e-20, 2e-20, 2e-20, -1
-0.853037, -0.495428, 0.290115, 0.05, 0.0546628, 0.021554, -0.0265295, 0.0644702, 1009.26, 14812, 10, 2e-20, 3e-20, 2e-20, 2e-20, -1
-0.94412, -0.490727, 0.428827, 0.05, 0.0252887, 0.00335275, 0.240555, 0.241904, 1012.15, 19447.6, 10, 2e-20, 3e-20, 2e-20, 2e-20, -1
-0.911216, -0.495988, 0.376333, 0.05, -0.0928409, 0.0384184, 0.00123458, 0.100483, 1008.22, 13153, 10, 2e-20, 3e-20, 2e-20, 2e-20, -1
-0.815632, -0.496444, 0.537837, 0.05, -0.107692, 0.00883161, -0.00246662, 0.108081, 1004.52, 7232.98, 10, 2e-20, 3e-20, 2e-20, 2e-20, -1
-0.938463, -0.49791, 0.617334, 0.05, -0.0853775, -0.0722567, 0.0631934, 0.128467, 1005.74, 9186.84, 10, 2e-20, 3e-20, 2e-20, 2e-20, -1
-0.89752, -0.495378, 0.457915, 0.05, 0.133429, -0.00165236, 0.173106, 0.218567, 1009.71, 15528.2, 10, 2e-20, 3e-20, 2e-20, 2e-20, -1
-0.879686, -0.443394, 0.574788, 0.05, 0.024637, 0.00387343, -0.00372192, 0.0252158, 998.955, -1672.05, 10, 2e-20, 3e-20, 2e-20, 2e-20, -1
-0.825822, -0.442085, 0.513415, 0.05, 0.174387, 0.00580217, 0.0845328, 0.193882, 1004.77, 7637.83, 10, 2e-20, 3e-20, 2e-20, 2e-20, -1
-0.906196, -0.48247, 0.593201, 0.05, 0.00483943, -0.0793489, 0.119346, 0.143399, 1005.13, 8213.12, 10, 2e-20, 3e-20, 2e-20, 2e-20, -1
-0.869816, -0.462252, 0.482751, 0.05, 0.049008, -0.138783, 0.0802745, 0.16765, 1001.19, 1906.18, 10, 2e-20, 3e-20, 2e-20, 2e-20, -1
-0.879709, -0.432076, 0.524875, 0.05, 0.0731847, 0.0731785, 0.158737, 0.189495, 1001.97, 3154.29, 10, 2e-20, 3e-20, 2e-20, 2e-20, -1
-0.914888, -0.444035, 0.796447, 0.05, 0.0122488, -0.137716, 0.122235, 0.184545, 1006.01, 9618.89, 10, 2e-20, 3e-20, 2e-20, 2e-20, -1
-0.837724, -0.457284, 0.651786, 0.05, -0.0294549, 0.0760558, 0.145138, 0.166485, 1003.01, 4811.62, 10, 2e-20, 3e-20, 2e-20, 2e-20, -1
-0.951912, -0.43284, 0.886166, 0.05, 0.0550743, -0.0212722, 0.215438, 0.223381, 1002.38, 3806.33, 10, 2e-20, 3e-20, 2e-20, 2e-20, -1
-0.883764, -0.479161, 0.80367, 0.05, -0.156952, 0.126625, 0.0466684, 0.206993, 1000.83, 1333.25, 10, 2e-20, 3e-20, 2e-20, 2e-20, -1
-0.848708, -0.453154, 0.839163, 0.05, 0.0239349, -0.191879, 0.100975, 0.218143, 1006.94, 11103.9, 10, 2e-20, 3e-20, 2e-20, 2e-20, -1
-0.841813, -0.498132, 0.960236, 0.05, -0.101829, -0.0806492, 0.173507, 0.216744, 1009.01, 14417.4, 10, 2e-20, 3e-20, 2e-20, 2e-20, -1
-0.809494, -0.448894, 0.794702, 0.05, 0.047997, 0.127773, 0.154722, 0.206321, 1000.08, 123.527, 10, 2e-20, 3e-20, 2e-20, 2e-20, -1
-0.862343, -0.444658, 0.89497, 0.05, 0.0747212, 0.0759493, 0.077518, 0.13176, 999.078, -1475.38, 10, 2e-20, 3e-20, 2e-20, 2e-20, -1
-0.929176, -0.501263, 1.02661, 0.05, -0.112569, -0.0775181, 0.20251, 0.244318, 1000.32, 518.755, 10, 2e-20, 3e-20, 2e-20, 2e-20, -1
-0.90924, -0.495708, 1.17257, 0.05, -0.153921, -0.113106, 0.0282317, 0.193084, 1000.43, 688.918, 10, 2e-20, 3e-20, 2e-20, 2e-20, -1
-0.788525, -0.501444, 0.921195, 0.05, -0.0550156, 0.0343587, 0.0116496, 0.0659011, 1000.55, 878.808, 10, 2e-20, 3e-20, 2e-20, 2e-20, -1
-0.759737, -0.500702, 1.03741, 0.05, 0.148768, 0.111379, 0.16762, 0.250267, 999.051, -1517.84, 10, 2e-20, 3e-20, 2e-20, 2e-20, -1
-0.887221, -0.497146, 1.10697, 0.05, -0.26279, -0.00479877, 0.25886, 0.368904, 1003.19, 5106.41, 10, 2e-20, 3e-20, 2e-20, 2e-20, -1
-0.991064, -0.485105, 1.3235, 0.05, -0.173499, -0.0976289, 0.525041, 0.561518, 994.396, -8966.2, 10, 2e-20, 3e-20, 2e-20, 2e-20, -1
-0.844916, -0.46537, 1.35325, 0.05, -0.0121474, -0.444391, 0.432652, 0.620338, 998.957, -1669.27, 10, 2e-20, 3e-20, 2e-20, 2e-20, -1
-0.854539, -0.492392, 1.3124, 0.05, -0.351944, -0.400434, 0.523389, 0.747094, 998.994, -1608.88, 10, 2e-20, 3e-20, 2e-20, 2e-20, -1
-0.860621, -0.465243, 1.3812, 0.05, 0.00214055, -0.687317, 0.639165, 0.938585, 1017.1, 27354.9, 10, 2e-20, 3e-20, 2e-20, 2e-20, -1
-0.694859, -0.466786, 1.21079, 0.05, 0.0183086, -0.140285, 0.20704, 0.25076, 1008.47, 13559.7, 10, 2e-20, 3e-20, 2e-20, 2e-20, -1
-0.813102, -0.44605, 1.42378, 0.05, 0.0333488, -0.0283283, -0.170959, 0.17647, 998.413, -2539.85, 10, 2e-20, 3e-20, 2e-20, 2e-20, -1
-0.782714, -0.511854, 1.32207, 0.05, -0.891465, 0.269313, -0.147775, 0.942909, 986.046, -22326.6, 10, 2e-20, 3e-20, 2e-20, 2e-20, -1
-0.680254, -0.470712, 1.25747, 0.05, -0.134404, -0.0759952, -0.0892066, 0.178319, 999.938, -99.7084, 10, 2e-20, 3e-20, 2e-20, 2e-20, -1
-0.676505, -0.39754, 1.37736, 0.05, 0.319913, -0.152625, 0.0530665, 0.358405, 1007.98, 12770.6, 10, 2e-20, 3e-20, 2e-20, 2e-20, -1
-0.678706, -0.4522, 1.34367, 0.05, 0.0661322, -0.156692, 0.367884, 0.405296, 994.427, -8917.46, 10, 2e-20, 3e-20, 2e-20, 2e-20, -1
-0.607078, -0.447221, 1.31583, 0.05, 0.109235, -0.16337, 0.465106, 0.504921, 1000.16, 251.494, 10, 2e-20, 3e-20, 2e-20, 2e-20, -1
-0.83771, -0.304707, 1.41412, 0.05, 0.361149, -0.229733, -0.403093, 0.587954, 999.041, -1535.19, 10, 2e-20, 3e-20, 2e-20, 2e-20, -1
-0.79872, -0.429136, 1.37235, 0.05, 0.165247, -0.0135009, 0.283218, 0.328178, 994.404, -8953.33, 10, 2e-20, 3e-20, 2e-20, 2e-20, -1
-0.74722, -0.242608, 1.38319, 0.05, 0.181846, 0.0489725, 0.00834249, 0.188509, 996.852, -5036.14, 10, 2e-20, 3e-20, 2e-20, 2e-20, -1
-0.572923, -0.311729, 1.41091, 0.05, 0.0621042, -0.238828, -0.0601543, 0.253996, 998.77, -1967.73, 10, 2e-20, 3e-20, 2e-20, 2e-20, -1
-0.926775, -0.355297, 1.33508, 0.05, 0.0635839, 0.00814257, -0.131059, 0.145896, 1006.59, 10549, 10, 2e-20, 3e-20, 2e-20, 2e-20, -1
-0.812572, -0.358034, 1.26385, 0.05, 0.0471596, -0.0251336, 0.196225, 0.203372, 1005.55, 8874.14, 10, 2e-20, 3e-20, 2e-20, 2e-20, -1
-0.694021, -0.301143, 1.24707, 0.05, -0.0560386, -0.112107, 0.0241099, 0.127631, 1002.03, 3255.57, 10, 2e-20, 3e-20, 2e-20, 2e-20, -1
-0.585559, -0.306062, 1.2425, 0.05, 0.000484011, -0.106968, 0.098529, 0.145431, 997.193, -4491.06, 10, 2e-20, 3e-20, 2e-20, 2e-20, -1
-0.589254, -0.281451, 1.29766, 0.05, -0.079719, -0.0147633, 0.0609443, 0.101426, 1004.4, 7036.58, 10, 2e-20, 3e-20, 2e-20, 2e-20, -1
-0.603811, -0.295394, 1.25789, 0.05, 0.148677, -0.22361, -0.0116809, 0.26878, 1002.52, 4024.58, 10, 2e-20, 3e-20, 2e-20, 2e-20, -1
-0.758882, -0.33632, 1.22064, 0.05, 0.203343, -0.0514851, -0.104197, 0.234213, 995.217, -7653.29, 10, 2e-20, 3e-20, 2e-20, 2e-20, -1
-0.579488, -0.258962, 1.38231, 0.05, 0.122839, 0.0456254, 0.0398078, 0.136951, 1003.38, 5411.8, 10, 2e-20, 3e-20, 2e-20, 2e-20, -1
-0.770357, -0.550244, 1.34049, 0.05, 0.0773606, -0.30576, 0.111521, 0.33453, 1012.52, 20029.9, 10, 2e-20, 3e-20, 2e-20, 2e-20, -1
-0.594868, -0.202672, 1.3477, 0.05, 0.244679, -0.0369128, 0.00426609, 0.247484, 997.736, -3622.3, 10, 2e-20, 3e-20, 2e-20, 2e-20, -1
-0.345598, -0.0730631, 1.42663, 0.05, 0.145788, 0.091313, 0.260786, 0.312413, 1004.89, 7824.1, 10, 2e-20, 3e-20, 2e-20, 2e-20, -1
-0.898586, -0.453745, 0.0525059, 0.05, 0.0876061, -0.00702757, 0.00975495, 0.0884273, 1015.89, 25419.4, 10, 2e-20, 3e-20, 2e-20, 2e-20, -1
-0.796737, -0.439986, 0.126362, 0.05, 0.108314, 0.0535074, -0.133481, 0.180034, 1002.59, 4151.41, 10, 2e-20, 3e-20, 2e-20, 2e-20, -1
-0.870188, -0.460194, 0.107475, 0.05, -0.0892299, 0.245258, -0.1042, 0.281018, 1004.1, 6567.38, 10, 2e-20, 3e-20, 2e-20, 2e-20, -1
-0.878784, -0.45556, 0.256009, 0.05, -0.0234952, 0.0692284, 0.142086, 0.159791, 999.111, -1421.91, 10, 2e-20, 3e-20, 2e-20, 2e-20, -1
-0.90018, -0.435646, 0.284528, 0.05, 0.00215182, 0.098982, -0.0165807, 0.100384, 1003.06, 4888.08, 10, 2e-20, 3e-20, 2e-20, 2e-20, -1
-0.85256, -0.453327, 0.14563, 0.05, -0.128038, 0.0356583, 0.164107, 0.211179, 1004.41, 7049.4, 10, 2e-20, 3e-20, 2e-20, 2e-20, -1
-0.892693, -0.446852, 0.350859, 0.05, -0.0530585, 0.0735189, 0.107153, 0.140364, 1002.71, 4342.46, 10, 2e-20, 3e-20, 2e-20, 2e-20, -1
-0.89024, -0.422354, 0.311323, 0.05, 0.118259, 0.0820426, 0.019313, 0.145221, 1005.69, 9102.96, 10, 2e-20, 3e-20, 2e-20, 2e-20, -1
-0.80198, -0.432552, 0.372786, 0.05, 0.0586307, 0.0997498, 0.0971411, 0.151076, 1002.86, 4577.55, 10, 2e-20, 3e-20, 2e-20, 2e-20, -1
-0.887072, -0.392855, 0.256244, 0.05, -0.0448807, -0.0267802, 0.165022, 0.1731, 1003.06, 4897.85, 10, 2e-20, 3e-20, 2e-20, 2e-20, -1
-0.884191, -0.438522, 0.393379, 0.05, 0.0394495, 0.174112, -0.185494, 0.257448, 1004.87, 7798.79, 10, 2e-20, 3e-20, 2e-20, 2e-20, -1
-0.828533, -0.399201, 0.398739, 0.05, 0.0162176, 0.128881, 0.185831, 0.22673, 1000.57, 912.057, 10, 2e-20, 3e-20, 2e-20, 2e-20, -1
-0.829243, -0.439968, 0.454036, 0.05, 0.0719469, 0.132824, 0.0407834, 0.156467, 993.266, -10773.9, 10, 2e-20, 3e-20, 2e-20, 2e-20, -1
-0.834026, -0.448026, 0.551011, 0.05, -0.0713964, 0.114401, 0.0205387, 0.136407, 1002.5, 4005.54, 10, 2e-20, 3e-20, 2e-20, 2e-20, -1
-0.830242, -0.444773, 0.706818, 0.05, 0.0389408, -0.0849502, 0.0196408, 0.0954918, 1002.23, 3568.39, 10, 2e-20, 3e-20, 2e-20, 2e-20, -1
-0.911186, -0.450099, 0.627657, 0.05, -0.0363092, 0.0440334, 0.181728, 0.190479, 1007.57, 12116.8, 10, 2e-20, 3e-20, 2e-20, 2e-20, -1
-0.801551, -0.416131, 0.657098, 0.05, -0.0540878, 0.0185511, -0.0266023, 0.0630659, 998.773, -1963.27, 10, 2e-20, 3e-20, 2e-20, 2e-20, -1
-0.771088, -0.427008, 0.527299, 0.05, -0.038556, 0.121488, 0.0502948, 0.137023, 1003.3, 5278.34, 10, 2e-20, 3e-20, 2e-20, 2e-20, -1
-0.796909, -0.413903, 0.566907, 0.05, 0.181827, -0.0676451, -0.157602, 0.249951, 999.111, -1422.63, 10, 2e-20, 3e-20, 2e-20, 2e-20, -1
-0.786546, -0.45047, 0.679208, 0.05, -0.0166452, -0.0469694, 0.148607, 0.156739, 1008.86, 14174.4, 10, 2e-20, 3e-20, 2e-20, 2e-20, -1
-0.753738, -0.447665, 0.639115, 0.05, 0.0411896, -0.0652274, 0.0791079, 0.110495, 1001.29, 2068.68, 10, 2e-20, 3e-20, 2e-20, 2e-20, -1
-0.76399, -0.414071, 0.594704, 0.05, 0.107032, 0.147109, -0.0616685, 0.192094, 998.473, -2442.57, 10, 2e-20, 3e-20, 2e-20, 2e-20, -1
-0.743589, -0.449766, 0.855892, 0.05, 0.00633053, -0.0511225, 0.043011, 0.0671084, 1003.74, 5989.33, 10, 2e-20, 3e-20, 2e-20, 2e-20, -1
-0.798775, -0.447395, 0.846646, 0.05, 0.104953, 0.0178271, 0.169481, 0.200142, 1009.12, 14595.2, 10, 2e-20, 3e-20, 2e-20, 2e-20, -1
-0.812765, -0.499033, 1.00673, 0.05, 0.0806112, -0.148116, 0.0675078, 0.181642, 1003.37, 5398.65, 10, 2e-20, 3e-20, 2e-20, 2e-20, -1
-0.771312, -0.504142, 0.976088, 0.05, 0.0312639, 0.100304, 0.211722, 0.236357, 1003.65, 5841.5, 10, 2e-20, 3e-20, 2e-20, 2e-20, -1
-0.743486, -0.451048, 0.904229, 0.05, 0.0264196, 0.0938203, 0.0927821, 0.134569, 1001.45, 2318.69, 10, 2e-20, 3e-20, 2e-20, 2e-20, -1
-0.776433, -0.462719, 1.00846, 0.05, -0.0434578, -0.106005, 0.071223, 0.134901, 1000, 3.54611, 10, 2e-20, 3e-20, 2e-20, 2e-20, -1
-0.732808, -0.445258, 1.07001, 0.05, -0.0843217, -0.122489, 0.236687, 0.279525, 1006.08, 9722.73, 10, 2e-20, 3e-20, 2e-20, 2e-20, -1
-0.845962, -0.450674, 1.08006, 0.05, 0.0136061, 0.172081, 0.271184, 0.321462, 1002.44, 3897.94, 10, 2e-20, 3e-20, 2e-20, 2e-20, -1
-0.85908, -0.462674, 1.12874, 0.05, -0.127119, -0.0644171, 0.206967, 0.251285, 1004.67, 7466.75, 10, 2e-20, 3e-20, 2e-20, 2e-20, -1
-0.805344, -0.447441, 1.1279, 0.05, -0.249275, 0.0312148, 0.12064, 0.278687, 1006.14, 9825.06, 10, 2e-20, 3e-20, 2e-20, 2e-20, -1
-0.791756, -0.449729, 1.07144, 0.05, 0.0258739, 0.125284, 0.0335993, 0.132266, 1001.37, 2188.24, 10, 2e-20, 3e-20, 2e-20, 2e-20, -1
-0.768663, -0.445733, 1.11279, 0.05, -0.0200699, -0.132796, -0.0139479, 0.135026, 1002.87, 4592.89, 10, 2e-20, 3e-20, 2e-20, 2e-20, -1
-0.616537, -0.4708, 1.26627, 0.05, 0.0979735, 0.260784, 0.144373, 0.313769, 991.82, -13088.4, 10, 2e-20, 3e-20, 2e-20, 2e-20, -1
-0.60436, -0.429214, 1.22449, 0.05, 0.111104, -0.0180931, 0.16149, 0.196851, 1001.89, 3030.45, 10, 2e-20, 3e-20, 2e-20, 2e-20, -1
-0.764395, -0.451966, 1.19598, 0.05, 0.0544781, 0.22379, 0.132422, 0.265679, 1007.23, 11561.3, 10, 2e-20, 3e-20, 2e-20, 2e-20, -1
-0.672845, -0.42451, 1.16841, 0.05, 0.0936828, -0.00398189, -0.0732902, 0.119012, 1000.82, 1313.63, 10, 2e-20, 3e-20, 2e-20, 2e-20, -1
-0.641279, -0.43196, 1.24843, 0.05, 0.237372, -0.0614649, 0.0495262, 0.250153, 995.985, -6423.75, 10, 2e-20, 3e-20, 2e-20, 2e-20, -1
-0.744367, -0.417548, 1.28741, 0.05, 0.240674, 0.12524, 0.205398, 0.34029, 999.032, -1548.29, 10, 2e-20, 3e-20, 2e-20, 2e-20, -1
-0.550574, -0.356473, 1.3019, 0.05, 0.0759103, -0.0955898, 0.065264, 0.138417, 1001.13, 1801.48, 10, 2e-20, 3e-20, 2e-20, 2e-20, -1
-0.685244, -0.457528, 1.30447, 0.05, 0.064175, 0.345861, 0.149631, 0.382267, 1002.59, 4136.91, 10, 2e-20, 3e-20, 2e-20, 2e-20, -1
-0.790134, -0.487, 1.30129, 0.05, 0.0265762, 0.0965882, 0.387817, 0.400547, 993.331, -10669.8, 10, 2e-20, 3e-20, 2e-20, 2e-20, -1
-0.710613, -0.493813, 1.30111, 0.05, -0.0315941, -0.0199003, -0.0756676, 0.0843789, 1008.96, 14331.9, 10, 2e-20, 3e-20, 2e-20, 2e-20, -1
-0.602502, -0.359415, 1.29054, 0.05, 0.282092, -0.0510795, 0.118856, 0.310342, 999.66, -544.693, 10, 2e-20, 3e-20, 2e-20, 2e-20, -1
-0.524004, -0.297988, 1.29887, 0.05, 0.359333, -0.177157, 0.0856272, 0.409679, 1001.57, 2512.39, 10, 2e-20, 3e-20, 2e-20, 2e-20, -1
-0.537099, -0.26516, 1.34058, 0.05, 0.188294, -0.11145, 0.171216, 0.277832, 1001.54, 2460.66, 10, 2e-20, 3e-20, 2e-20, 2e-20, -1
-0.54601, -0.142219, 1.31064, 0.05, 0.177563, -0.0536967, 0.0294552, 0.187828, 1002.31, 3688.7, 10, 2e-20, 3e-20, 2e-20, 2e-20, -1
-0.508788, -0.198867, 1.2896, 0.05, 0.167507, -0.0428413, 0.281734, 0.330557, 999.921, -127.133, 10, 2e-20, 3e-20, 2e-20, 2e-20, -1
-0.451469, -0.164785, 1.34218, 0.05, 0.069196, 0.0298395, 0.00457464, 0.0754944, 998.196, -2887.19, 10, 2e-20, 3e-20, 2e-20, 2e-20, -1
-0.472593, -0.125261, 1.33758, 0.05, -0.0431212, -0.0308123, 0.0781259, 0.094406, 1002.68, 4293.39, 10, 2e-20, 3e-20, 2e-20, 2e-20, -1
-0.850977, -0.428626, 0.0507205, 0.05, 0.0582832, 0.00727057, 0.149997, 0.161087, 1014.73, 23562.2, 10, 2e-20, 3e-20, 2e-20, 2e-20, -1
-0.90726, -0.481151, 0.136977, 0.05, 0.0974784, -0.249962, 0.174033, 0.319798, 1005.21, 8342.09, 10, 2e-20, 3e-20, 2e-20, 2e-20, -1
-0.8284, -0.451711, 0.0940742, 0.05, 0.0998746, 0.0965318, -0.0391053, 0.1443, 1006.5, 10405.6, 10, 2e-20, 3e-20, 2e-20, 2e-20, -1
-0.838628, -0.410658, 0.146835, 0.05, -0.0512156, -0.00637798, -0.0666179, 0.0842713, 1002.62, 4192.91, 10, 2e-20, 3e-20, 2e-20, 2e-20, -1
-0.874467, -0.407193, 0.091957, 0.05, -0.111204, -0.00852871, 0.170234, 0.203515, 1011.21, 17931.4, 10, 2e-20, 3e-20, 2e-20, 2e-20, -1
-0.911817, -0.373799, 0.124866, 0.05, -0.117503, -0.299262, 0.0187602, 0.322051, 1005.81, 9299, 10, 2e-20, 3e-20, 2e-20, 2e-20, -1
-0.872186, -0.370404, 0.152709, 0.05, -0.010167, -0.0890322, -0.0121873, 0.0904358, 1012.54, 20056.2, 10, 2e-20, 3e-20, 2e-20, 2e-20, -1
-0.869161, -0.399892, 0.189018, 0.05, 0.0712064, -0.0757003, -0.154515, 0.186215, 1008.89, 14221.6, 10, 2e-20, 3e-20, 2e-20, 2e-20, -1
-0.886322, -0.347196, 0.253068, 0.05, -0.250168, -0.0613456, 0.0956611, 0.274769, 1011.84, 18950.8, 10, 2e-20, 3e-20, 2e-20, 2e-20, -1
-0.954813, -0.364793, 0.445983, 0.05, 0.0176154, 0.00477462, -0.0113462, 0.0214904, 1004.55, 7282.25, 10, 2e-20, 3e-20, 2e-20, 2e-20, -1
-0.891839, -0.395827, 0.364231, 0.05, -0.114202, -0.0594072, 0.0664259, 0.144858, 1010.79, 17259.7, 10, 2e-20, 3e-20, 2e-20, 2e-20, -1
-0.877766, -0.435745, 0.436617, 0.05, 0.080583, -0.0919144, 0.123596, 0.173833, 1000.7, 1117.63, 10, 2e-20, 3e-20, 2e-20, 2e-20, -1
-0.932707, -0.376288, 0.502374, 0.05, -0.00584607, -0.0260344, 0.0715116, 0.0763274, 1001.95, 3122.27, 10, 2e-20, 3e-20, 2e-20, 2e-20, -1
-0.84904, -0.392123, 0.442443, 0.05, -0.06958, -0.0439884, -0.0142589, 0.0835444, 1005.61, 8974.25, 10, 2e-20, 3e-20, 2e-20, 2e-20, -1
-0.848831, -0.391467, 0.495048, 0.05, 0.0584564, -0.0204133, -0.100747, 0.118253, 1005.91, 9462.49, 10, 2e-20, 3e-20, 2e-20, 2e-20, -1
-0.807193, -0.365096, 0.475136, 0.05, -0.0759246, 0.0727302, 0.0467522, 0.115065, 1000.81, 1291.94, 10, 2e-20, 3e-20, 2e-20, 2e-20, -1
-0.841457, -0.394189, 0.580914, 0.05, -0.00448419, 0.0543776, -0.00552351, 0.054841, 998.2, -2880.35, 10, 2e-20, 3e-20, 2e-20, 2e-20, -1
-0.805811, -0.390743, 0.523042, 0.05, 0.0769795, -0.134571, -0.0311774, 0.158137, 1001.66, 2662.15, 10, 2e-20, 3e-20, 2e-20, 2e-20, -1
-0.862347, -0.373552, 0.619519, 0.05, -0.040257, 0.0422722, 0.14917, 0.160185, 1000.98, 1560.51, 10, 2e-20, 3e-20, 2e-20, 2e-20, -1
-0.87486, -0.436468, 0.685374, 0.05, 0.0583631, 0.0205135, 0.0982077, 0.116068, 998.389, -2577.37, 10, 2e-20, 3e-20, 2e-20, 2e-20, -1
-0.844658, -0.395904, 0.666303, 0.05, -0.12042, -0.0361842, 0.0569337, 0.138028, 1001.8, 2872.23, 10, 2e-20, 3e-20, 2e-20, 2e-20, -1
-0.895154, -0.308769, 0.650929, 0.05, -0.15647, 0.0756711, 0.0361237, 0.177522, 1003.2, 5121.11, 10, 2e-20, 3e-20, 2e-20, 2e-20, -1
-0.836272, -0.408657, 0.815579, 0.05, 0.00185319, 0.141144, -0.25393, 0.290526, 996.601, -5438.05, 10, 2e-20, 3e-20, 2e-20, 2e-20, -1
-0.828373, -0.353516, 0.692277, 0.05, -0.173736, 0.131344, 0.0503861, 0.223549, 1007.91, 12663.8, 10, 2e-20, 3e-20, 2e-20, 2e-20, -1
-0.899945, -0.354445, 0.854252, 0.05, 0.00991853, -0.0252474, 0.0568989, 0.0630341, 995.972, -6444.99, 10, 2e-20, 3e-20, 2e-20, 2e-20, -1
-0.827194, -0.433014, 0.885045, 0.05, 0.0616893, 0.0672977, 0.146805, 0.172877, 1003.11, 4981.76, 10, 2e-20, 3e-20, 2e-20, 2e-20, -1
-0.870346, -0.441345, 0.944361, 0.05, 0.0341696, -0.0883339, 0.128001, 0.159231, 1001.26, 2009.73, 10, 2e-20, 3e-20, 2e-20, 2e-20, -1
-0.780258, -0.43256, 0.96446, 0.05, 0.126784, -0.0345691, 0.0443695, 0.1387, 1002.84, 4544.46, 10, 2e-20, 3e-20, 2e-20, 2e-20, -1
-0.933601, -0.454208, 1.11394, 0.05, -0.0571236, -0.0615414, -0.0202983, 0.0863856, 1004.7, 7522.49, 10, 2e-20, 3e-20, 2e-20, 2e-20, -1
-0.827651, -0.443125, 0.938918, 0.05, -0.0286881, 0.0932094, -0.0628591, 0.116027, 997.063, -4698.92, 10, 2e-20, 3e-20, 2e-20, 2e-20, -1
-0.858892, -0.463857, 0.99691, 0.05, -0.10696, -0.0323304, 0.266987, 0.289426, 997.691, -3693.74, 10, 2e-20, 3e-20, 2e-20, 2e-20, -1
-0.879726, -0.432559, 1.04039, 0.05, 0.0623681, 0.271179, -0.0152355, 0.278676, 1001.38, 2204.82, 10, 2e-20, 3e-20, 2e-20, 2e-20, -1
-0.813139, -0.389772, 0.94912, 0.05, -0.00186135, -0.00169362, 0.062731, 0.0627814, 1005.94, 9500.68, 10, 2e-20, 3e-20, 2e-20, 2e-20, -1
-0.772046, -0.423095, 1.01561, 0.05, -0.119155, 0.149616, 0.0432769, 0.196101, 1001.98, 3160.64, 10, 2e-20, 3e-20, 2e-20, 2e-20, -1
-0.737699, -0.461053, 1.16521, 0.05, 0.0938801, 0.13003, 0.32414, 0.361646, 998.781, -1950.04, 10, 2e-20, 3e-20, 2e-20, 2e-20, -1
-0.62918, -0.433888, 1.17767, 0.05, 0.10248, -0.0918951, -0.00255197, 0.137671, 998.495, -2408.21, 10, 2e-20, 3e-20, 2e-20, 2e-20, -1
-0.72865, -0.393774, 1.08569, 0.05, 0.122867, 0.154604, 0.245834, 0.315331, 1000.89, 1431, 10, 2e-20, 3e-20, 2e-20, 2e-20, -1
-0.752706, -0.293154, 1.03697, 0.05, 0.00699232, 0.0881601, -0.0926792, 0.128104, 998.588, -2259.58, 10, 2e-20, 3e-20, 2e-20, 2e-20, -1
-0.770081, -0.393121, 1.11392, 0.05, 0.0262468, 0.110355, -0.0809031, 0.139329, 992.32, -12288.2, 10, 2e-20, 3e-20, 2e-20, 2e-20, -1
-0.765431, -0.320569, 1.09, 0.05, -0.0185086, -0.172521, 0.162254, 0.237555, 1006.6, 10553.2, 10, 2e-20, 3e-20, 2e-20, 2e-20, -1
-0.709811, -0.416461, 1.18985, 0.05, -0.0077912, -0.145007, 0.24131, 0.281635, 1005.66, 9051.57, 10, 2e-20, 3e-20, 2e-20, 2e-20, -1
-0.81928, -0.41752, 1.14116, 0.05, -0.211209, -0.143796, -0.172486, 0.308283, 997.324, -4281.67, 10, 2e-20, 3e-20, 2e-20, 2e-20, -1
-0.809401, -0.367456, 1.14491, 0.05, -0.0900262, -0.0406355, -0.00685478, 0.0990098, 1002.59, 4140.33, 10, 2e-20, 3e-20, 2e-20, 2e-20, -1
-0.798793, -0.437293, 1.22987, 0.05, -0.330103, -0.0458697, 0.0370919, 0.335333, 1001.25, 2006.35, 10, 2e-20, 3e-20, 2e-20, 2e-20, -1
-0.73797, -0.393236, 1.20211, 0.05, 0.154006, -0.006534, 0.282416, 0.321745, 1004.63, 7411.12, 10, 2e-20, 3e-20, 2e-20, 2e-20, -1
-0.560507, -0.229005, 1.29186, 0.05, 0.0603369, -0.117682, 0.00281845, 0.132278, 999.707, -469.142, 10, 2e-20, 3e-20, 2e-20, 2e-20, -1
-0.543265, -0.276979, 1.25885, 0.05, 0.231371, -0.130733, 0.0748409, 0.276089, 1001.88, 3004.21, 10, 2e-20, 3e-20, 2e-20, 2e-20, -1
-0.539714, -0.293303, 1.22644, 0.05, 0.0176231, -0.0420485, 0.0367204, 0.0585409, 996.844, -5050.11, 10, 2e-20, 3e-20, 2e-20, 2e-20, -1
-0.545187, -0.221551, 1.25508, 0.05, 0.00167925, -0.0250522, 0.0073623, 0.0261655, 1004.44, 7096.69, 10, 2e-20, 3e-20, 2e-20, 2e-20, -1
-0.406554, -0.121323, 1.37317, 0.05, 0.11992, 0.045975, 0.100893, 0.163321, 1003.6, 5754.45, 10, 2e-20, 3e-20, 2e-20, 2e-20, -1
-0.381118, -0.0365056, 1.3608, 0.05, 0.0195744, 0.0640468, 0.187702, 0.199292, 996.469, -5649.56, 10, 2e-20, 3e-20, 2e-20, 2e-20, -1
-0.887451, -0.3318, 0.050693, 0.05, -0.0565859, 0.0938351, 0.083207, 0.137588, 1021, 33598.2, 10, 2e-20, 3e-20, 2e-20, 2e-20, -1
-0.991086, -0.406001, 0.0403128, 0.05, 0.0454706, -0.00627351, 0.0616157, 0.0768337, 1003.93, 6285.38, 10, 2e-20, 3e-20, 2e-20, 2e-20, -1
-0.966565, -0.420238, 0.0893143, 0.05, -0.0503606, 0.129675, 0.0627729, 0.152618, 997.647, -3765.11, 10, 2e-20, 3e-20, 2e-20, 2e-20, -1
-0.929701, -0.329709, 0.0910428, 0.05, -0.00174608, 0.169235, 0.0471757, 0.175696, 1009.73, 15569.4, 10, 2e-20, 3e-20, 2e-20, 2e-20, -1
-0.902242, -0.24643, 0.126651, 0.05, 0.0225214, 0.105841, 0.00369981, 0.108274, 1011.23, 17968.7, 10, 2e-20, 3e-20, 2e-20, 2e-20, -1
-0.892541, -0.272702, 0.0463612, 0.05, -0.192964, -0.0145023, 0.214779, 0.289094, 1014.71, 23535.2, 10, 2e-20, 3e-20, 2e-20, 2e-20, -1
-0.865876, -0.312172, 0.160974, 0.05, -0.131165, 0.039643, -0.0252727, 0.139336, 1003.02, 4834.98, 10, 2e-20, 3e-20, 2e-20, 2e-20, -1
-0.857432, -0.34528, 0.204227, 0.05, -0.0468094, -0.0198337, -0.0903507, 0.103671, 1010.7, 17124.9, 10, 2e-20, 3e-20, 2e-20, 2e-20, -1
-0.857711, -0.305541, 0.25457, 0.05, 0.143392, 0.194634, 0.044125, 0.245745, 1005.95, 9525.21, 10, 2e-20, 3e-20, 2e-20, 2e-20, -1
-0.766667, -0.325834, 0.269159, 0.05, -0.105086, -0.102604, 0.13908, 0.202272, 1003.02, 4828.12, 10, 2e-20, 3e-20, 2e-20, 2e-20, -1
-0.834079, -0.329048, 0.335096, 0.05, -0.0297493, 0.147868, 0.0419072, 0.156544, 1004.07, 6504.84, 10, 2e-20, 3e-20, 2e-20, 2e-20, -1
-0.818288, -0.308339, 0.297365, 0.05, 0.022519, 0.106035, -0.139847, 0.17694, 1004.51, 7211.83, 10, 2e-20, 3e-20, 2e-20, 2e-20, -1
-0.837854, -0.37512, 0.357863, 0.05, 0.133582, -0.039721, 0.0848426, 0.163157, 997.732, -3629.21, 10, 2e-20, 3e-20, 2e-20, 2e-20, -1
-0.855851, -0.321239, 0.412954, 0.05, -0.0386248, -0.0325711, -0.104326, 0.115917, 1008.78, 14041.5, 10, 2e-20, 3e-20, 2e-20, 2e-20, -1
-0.822708, -0.341591, 0.382683, 0.05, -0.039017, -0.0456012, 0.0979729, 0.114893, 1003.95, 6315.87, 10, 2e-20, 3e-20, 2e-20, 2e-20, -1
-0.904933, -0.327705, 0.491919, 0.05, 0.154501, 0.118233, -0.027, 0.196414, 1001.01, 1612.45, 10, 2e-20, 3e-20, 2e-20, 2e-20, -1
-0.816523, -0.344045, 0.43404, 0.05, 0.0258287, -0.0582057, -0.0254064, 0.0685603, 1013.26, 21216.9, 10, 2e-20, 3e-20, 2e-20, 2e-20, -1
-0.834401, -0.348181, 0.518894, 0.05, 0.0549627, 0.143722, -0.0814841, 0.174116, 999.296, -1127.1, 10, 2e-20, 3e-20, 2e-20, 2e-20, -1
-0.85138, -0.343688, 0.566232, 0.05, 0.0424324, 0.127662, -0.0668406, 0.150219, 1007.38, 11814.9, 10, 2e-20, 3e-20, 2e-20, 2e-20, -1
-0.816572, -0.394877, 0.618214, 0.05, 0.117517, 0.0886878, 0.115311, 0.18701, 1009.81, 15702.3, 10, 2e-20, 3e-20, 2e-20, 2e-20, -1
-0.880066, -0.382256, 0.709064, 0.05, 0.0532164, 0.02159, 0.045808, 0.0734608, 1006.1, 9763.96, 10, 2e-20, 3e-20, 2e-20, 2e-20, -1
-0.845463, -0.293598, 0.56893, 0.05, 0.190541, 0.0418441, -0.0698399, 0.207206, 1005.45, 8718.73, 10, 2e-20, 3e-20, 2e-20, 2e-20, -1
-0.887521, -0.27649, 0.610147, 0.05, -0.0199542, 0.111183, -0.090208, 0.144559, 1003.02, 4831.33, 10, 2e-20, 3e-20, 2e-20, 2e-20, -1
-0.806284, -0.285071, 0.668739, 0.05, -0.0390044, -0.166328, 0.147117, 0.225455, 1001.09, 1736.12, 10, 2e-20, 3e-20, 2e-20, 2e-20, -1
-0.791791, -0.346724, 0.733006, 0.05, 0.0426669, -0.0363143, 0.0547699, 0.0783514, 996.932, -4908.8, 10, 2e-20, 3e-20, 2e-20, 2e-20, -1
-0.830638, -0.406008, 0.766112, 0.05, -0.0623025, 0.102186, 0.272078, 0.297237, 1005.85, 9359.64, 10, 2e-20, 3e-20, 2e-20, 2e-20, -1
-0.842249, -0.358076, 0.740985, 0.05, -0.174178, -0.0627615, 0.166852, 0.249232, 1003.13, 5009.48, 10, 2e-20, 3e-20, 2e-20, 2e-20, -1
-0.831258, -0.36309, 0.78644, 0.05, -0.056884, -0.109808, 0.0782391, 0.146339, 1000.47, 754.927, 10, 2e-20, 3e-20, 2e-20, 2e-20, -1
-0.844606, -0.301955, 0.900832, 0.05, 0.123456, -0.155705, -0.0269107, 0.200523, 994.943, -8090.66, 10, 2e-20, 3e-20, 2e-20, 2e-20, -1
-0.837421, -0.400499, 0.901307, 0.05, 0.0611195, -0.0264559, 0.157369, 0.170881, 1001.22, 1957.93, 10, 2e-20, 3e-20, 2e-20, 2e-20, -1
-0.859565, -0.336882, 0.830412, 0.05, -0.0205001, 0.0763328, -0.0856977, 0.116581, 1006.52, 10433.5, 10, 2e-20, 3e-20, 2e-20, 2e-20, -1
-0.839331, -0.353669, 0.893592, 0.05, 0.0239182, 0.106699, 0.115937, 0.159368, 1003.13, 5006.76, 10, 2e-20, 3e-20, 2e-20, 2e-20, -1
-0.76167, -0.388758, 0.95957, 0.05, 0.00194286, 0.0873618, 0.176089, 0.196579, 1005.12, 8190.62, 10, 2e-20, 3e-20, 2e-20, 2e-20, -1
-0.82447, -0.428273, 0.988556, 0.05, -0.00978072, 0.129435, 0.182586, 0.224024, 1003.85, 6161.48, 10, 2e-20, 3e-20, 2e-20, 2e-20, -1
-0.773518, -0.41347, 1.06029, 0.05, -0.0272226, -0.0254332, 0.0187187, 0.041693, 997.162, -4540.58, 10, 2e-20, 3e-20, 2e-20, 2e-20, -1
-0.776182, -0.377535, 1.01087, 0.05, -0.0593776, -0.0860675, -0.023427, 0.107155, 996.307, -5909.37, 10, 2e-20, 3e-20, 2e-20, 2e-20, -1
-0.748269, -0.30066, 0.966394, 0.05, -0.0146834, 0.00485748, 0.123983, 0.124943, 1001.06, 1701.04, 10, 2e-20, 3e-20, 2e-20, 2e-20, -1
-0.804495, -0.281894, 1.06464, 0.05, -0.0836529, -0.195354, 0.0800347, 0.227083, 1006.03, 9646.2, 10, 2e-20, 3e-20, 2e-20, 2e-20, -1
-0.715436, -0.311442, 1.0767, 0.05, -0.106682, -0.0979726, 0.227811, 0.269959, 1009.61, 15379.6, 10, 2e-20, 3e-20, 2e-20, 2e-20, -1
-0.737742, -0.435058, 1.2337, 0.05, -0.0267105, 0.323343, -0.0825791, 0.334788, 990.445, -15288.1, 10, 2e-20, 3e-20, 2e-20, 2e-20, -1
-0.87588, -0.34696, 1.06696, 0.05, 0.0423596, -0.0595254, -0.0386682, 0.082661, 1001.7, 2727.59, 10, 2e-20, 3e-20, 2e-20, 2e-20, -1
-0.735067, -0.336037, 1.1629, 0.05, -0.0112091, -0.104588, 0.0757753, 0.129639, 1002.33, 3726.17, 10, 2e-20, 3e-20, 2e-20, 2e-20, -1
-0.764751, -0.424104, 1.16615, 0.05, -0.0446604, -0.239899, 0.285934, 0.375905, 998.48, -2431.27, 10, 2e-20, 3e-20, 2e-20, 2e-20, -1
-0.71711, -0.429233, 1.27142, 0.05, 0.132482, -0.232954, 0.321934, 0.41888, 999.966, -53.9305, 10, 2e-20, 3e-20, 2e-20, 2e-20, -1
-0.66802, -0.298879, 1.16851, 0.05, 0.238691, 0.011201, 0.0742411, 0.250221, 1006.2, 9924.84, 10, 2e-20, 3e-20, 2e-20, 2e-20, -1
-0.603349, -0.27037, 1.19828, 0.05, 0.118193, -0.102106, 0.0701679, 0.171227, 1002.33, 3732.12, 10, 2e-20, 3e-20, 2e-20, 2e-20, -1
-0.631762, -0.230985, 1.17069, 0.05, 0.00184297, -0.103419, 0.0178432, 0.104963, 997.946, -3286.98, 10, 2e-20, 3e-20, 2e-20, 2e-20, -1
-0.547014, -0.245739, 1.19993, 0.05, 0.0551978, -0.139603, 0.0604167, 0.161821, 1006.24, 9978.51, 10, 2e-20, 3e-20, 2e-20, 2e-20, -1
-0.510838, -0.221634, 1.24053, 0.05, 0.114604, 0.136007, 0.147014, 0.230749, 1005.03, 8050.96, 10, 2e-20, 3e-20, 2e-20, 2e-20, -1
-0.438522, -0.0898976, 1.34551, 0.05, 0.192097, 0.134657, 0.234254, 0.331525, 1001.41, 2262.88, 10, 2e-20, 3e-20, 2e-20, 2e-20, -1
-0.427918, 0.00821984, 1.35038, 0.05, 0.0122539, 0.210578, 0.194393, 0.286848, 1002.94, 4697.59, 10, 2e-20, 3e-20, 2e-20, 2e-20, -1
-0.864324, -0.221093, 0.0511591, 0.05, -0.165476, 0.0434829, 0.104525, 0.200496, 1011.16, 17862.6, 10, 2e-20, 3e-20, 2e-20, 2e-20, -1
-0.944295, -0.299014, 0.0509419, 0.05, 0.0539125, 0.0373805, 0.141608, 0.156066, 1000.85, 1361.12, 10, 2e-20, 3e-20, 2e-20, 2e-20, -1
-0.898512, -0.285132, 0.0889118, 0.05, -0.0886763, -0.0825837, 0.0563358, 0.133631, 1010.91, 17449.8, 10, 2e-20, 3e-20, 2e-20, 2e-20, -1
-0.94823, -0.257337, 0.111695, 0.05, -0.122225, -0.00607546, 0.0145704, 0.12324, 1006.58, 10521.3, 10, 2e-20, 3e-20, 2e-20, 2e-20, -1
-0.940367, -0.220052, 0.156028, 0.05, 0.0814241, -0.0136265, 0.0757805, 0.112064, 999.509, -785.128, 10, 2e-20, 3e-20, 2e-20, 2e-20, -1
-0.925968, -0.266075, 0.169105, 0.05, -0.186236, 0.154921, 0.197243, 0.312392, 1010.68, 17081.6, 10, 2e-20, 3e-20, 2e-20, 2e-20, -1
-0.855644, -0.274093, 0.118457, 0.05, -0.0770103, -0.0289848, -0.0579362, 0.100635, 1006.87, 10987.2, 10, 2e-20, 3e-20, 2e-20, 2e-20, -1
-0.905152, -0.226589, 0.194176, 0.05, -0.103088, -0.0549176, -0.050294, 0.127171, 1008.81, 14093, 10, 2e-20, 3e-20, 2e-20, 2e-20, -1
-0.84295, -0.29471, 0.205471, 0.05, 0.0270482, 0.0626636, -0.00134697, 0.0682652, 1009.29, 14868.9, 10, 2e-20, 3e-20, 2e-20, 2e-20, -1
-0.883224, -0.235508, 0.264676, 0.05, 0.062036, 0.0963794, 0.0827848, 0.141389, 1008.58, 13723.6, 10, 2e-20, 3e-20, 2e-20, 2e-20, -1
-0.842391, -0.262269, 0.284019, 0.05, 0.103456, 0.0201232, -0.0345695, 0.110919, 1008.11, 12981.4, 10, 2e-20, 3e-20, 2e-20, 2e-20, -1
-0.842662, -0.19573, 0.323978, 0.05, -0.0242658, -0.164048, -0.0287796, 0.168311, 1002.59, 4151.09, 10, 2e-20, 3e-20, 2e-20, 2e-20, -1
-0.874814, -0.229086, 0.352699, 0.05, 0.108809, -0.0129278, -0.0325063, 0.114295, 1003.44, 5506.34, 10, 2e-20, 3e-20, 2e-20, 2e-20, -1
-0.815983, -0.169552, 0.366461, 0.05, 0.0544151, 0.0379628, 0.0791464, 0.103278, 998.257, -2789.38, 10, 2e-20, 3e-20, 2e-20, 2e-20, -1
-0.830687, -0.242371, 0.356338, 0.05, -0.0241428, -0.117254, -0.0502257, 0.129823, 1005.01, 8018.41, 10, 2e-20, 3e-20, 2e-20, 2e-20, -1
-0.790859, -0.25381, 0.395392, 0.05, -0.00282844, 0.0221984, 0.00872241, 0.0240177, 1006.01, 9615.39, 10, 2e-20, 3e-20, 2e-20, 2e-20, -1
-0.854259, -0.339356, 0.471235, 0.05, -0.0622827, 0.032791, 0.00894328, 0.0709533, 996.215, -6056.56, 10, 2e-20, 3e-20, 2e-20, 2e-20, -1
-0.838326, -0.21122, 0.438375, 0.05, 0.0458826, -0.228178, 0.0764506, 0.24498, 1003.13, 5001.49, 10, 2e-20, 3e-20, 2e-20, 2e-20, -1
-0.837059, -0.242942, 0.477343, 0.05, 0.0802789, 0.0340326, -0.136744, 0.162179, 1009.41, 15061.1, 10, 2e-20, 3e-20, 2e-20, 2e-20, -1
-0.877777, -0.207664, 0.553261, 0.05, 0.0174537, 0.0510506, 0.00950148, 0.054782, 1003.44, 5506.28, 10, 2e-20, 3e-20, 2e-20, 2e-20, -1
-0.871716, -0.258033, 0.536253, 0.05, 0.0705838, 0.0438721, -0.00561335, 0.0832967, 1001.95, 3123.45, 10, 2e-20, 3e-20, 2e-20, 2e-20, -1
-0.829308, -0.203319, 0.583102, 0.05, -0.0128364, -0.0807411, 0.0306827, 0.0873231, 1003.62, 5796.52, 10, 2e-20, 3e-20, 2e-20, 2e-20, -1
-0.857203, -0.226356, 0.617139, 0.05, 0.0315978, 0.193076, -0.175681, 0.262946, 1005.95, 9516.62, 10, 2e-20, 3e-20, 2e-20, 2e-20, -1
-0.807425, -0.243579, 0.631421, 0.05, 0.102381, 0.0593862, -0.0691446, 0.137075, 1007.16, 11464, 10, 2e-20, 3e-20, 2e-20, 2e-20, -1
-0.883764, -0.211195, 0.771294, 0.05, 0.115558, -0.0656739, 0.0726933, 0.151496, 1000.06, 103.628, 10, 2e-20, 3e-20, 2e-20, 2e-20, -1
-0.833523, -0.272372, 0.710618, 0.05, 0.0586904, -0.0628965, -0.00542476, 0.0861972, 998.158, -2947.16, 10, 2e-20, 3e-20, 2e-20, 2e-20, -1
-0.850388, -0.195325, 0.722801, 0.05, -0.0207155, -0.0880706, 0.0807175, 0.121247, 1005.82, 9312.66, 10, 2e-20, 3e-20, 2e-20, 2e-20, -1
-0.798491, -0.257167, 0.748911, 0.05, 0.0549306, 0.189315, -0.0059674, 0.197213, 1010.17, 16278.7, 10, 2e-20, 3e-20, 2e-20, 2e-20, -1
-0.839083, -0.241351, 0.79795, 0.05, -0.0994853, 0.0206275, -0.0378569, 0.108425, 1002.96, 4736.82, 10, 2e-20, 3e-20, 2e-20, 2e-20, -1
-0.871081, -0.265863, 0.905154, 0.05, 0.0105681, 0.0368677, -0.00436227, 0.0385997, 1005.1, 8158.28, 10, 2e-20, 3e-20, 2e-20, 2e-20, -1
-0.790021, -0.372953, 0.897332, 0.05, 0.0631034, 0.00844861, 0.100433, 0.118912, 1001.98, 3171.76, 10, 2e-20, 3e-20, 2e-20, 2e-20, -1
-0.812162, -0.268401, 0.856416, 0.05, -0.0333793, -0.0582882, 0.00990811, 0.067896, 1003.97, 6357.82, 10, 2e-20, 3e-20, 2e-20, 2e-20, -1
-0.803781, -0.326563, 0.902737, 0.05, 0.0210627, -0.0438807, -0.0406491, 0.0634153, 1001.89, 3024.27, 10, 2e-20, 3e-20, 2e-20, 2e-20, -1
-0.778549, -0.236304, 0.930121, 0.05, 0.0190827, -0.0423118, 0.0319468, 0.0563474, 998.267, -2773.32, 10, 2e-20, 3e-20, 2e-20, 2e-20, -1
-0.823332, -0.273336, 0.93231, 0.05, 0.101492, -0.018579, 0.201825, 0.226669, 1006.9, 11041.3, 10, 2e-20, 3e-20, 2e-20, 2e-20, -1
-0.813327, -0.184515, 0.978052, 0.05, -0.0229117, -0.201576, 0.134757, 0.243551, 1007.09, 11349.2, 10, 2e-20, 3e-20, 2e-20, 2e-20, -1
-0.781383, -0.225957, 0.983244, 0.05, 0.0355527, -0.125049, -0.142807, 0.193119, 997.232, -4428.62, 10, 2e-20, 3e-20, 2e-20, 2e-20, -1
-0.74994, -0.247359, 1.01635, 0.05, 0.105833, -0.323762, -0.0410058, 0.34308, 1000.37, 598.735, 10, 2e-20, 3e-20, 2e-20, 2e-20, -1
-0.778331, -0.2313, 1.09368, 0.05, 0.0749842, -0.08485, 0.101613, 0.152142, 1000.79, 1262.35, 10, 2e-20, 3e-20, 2e-20, 2e-20, -1
-0.796219, -0.188173, 1.12912, 0.05, 0.119267, -0.278934, 0.00205077, 0.303369, 1002.54, 4068.43, 10, 2e-20, 3e-20, 2e-20, 2e-20, -1
-0.82996, -0.326848, 1.0716, 0.05, 0.00627936, 0.00630232, 0.129581, 0.129886, 1005.31, 8501.08, 10, 2e-20, 3e-20, 2e-20, 2e-20, -1
-0.826063, -0.284796, 1.10623, 0.05, -0.0365379, -0.114361, -0.179503, 0.215951, 1004.93, 7882.14, 10, 2e-20, 3e-20, 2e-20, 2e-20, -1
-0.794649, -0.344394, 1.10374, 0.05, -0.00623887, 0.116022, 0.0394669, 0.12271, 1003.08, 4921.61, 10, 2e-20, 3e-20, 2e-20, 2e-20, -1
-0.757265, -0.232623, 1.1365, 0.05, -0.0738444, -0.149225, 0.122016, 0.206419, 1002.75, 4402.44, 10, 2e-20, 3e-20, 2e-20, 2e-20, -1
-0.775831, -0.284603, 1.12132, 0.05, 0.0405263, -0.128936, -0.0984827, 0.16723, 997.328, -4275.6, 10, 2e-20, 3e-20, 2e-20, 2e-20, -1
-0.734377, -0.194667, 1.14878, 0.05, 0.00456346, -0.279467, -0.10174, 0.297445, 997.422, -4124.35, 10, 2e-20, 3e-20, 2e-20, 2e-20, -1
-0.694282, -0.166834, 1.17616, 0.05, 0.186893, -0.011086, 0.0901088, 0.207778, 1001.13, 1808.4, 10, 2e-20, 3e-20, 2e-20, 2e-20, -1
-0.660951, -0.166287, 1.13865, 0.05, 0.114583, -0.159302, -0.189611, 0.272871, 1002.36, 3773.52, 10, 2e-20, 3e-20, 2e-20, 2e-20, -1
-0.521602, -0.135243, 1.18713, 0.05, 0.117922, -0.175371, 0.148416, 0.25824, 998.98, -1632.41, 10, 2e-20, 3e-20, 2e-20, 2e-20, -1
-0.457617, -0.0535945, 1.37889, 0.05, 0.0151483, 0.139347, 0.106414, 0.175986, 1004.37, 6995.93, 10, 2e-20, 3e-20, 2e-20, 2e-20, -1
-0.512574, -0.00619937, 1.32784, 0.05, 0.0438598, -0.0044228, 0.031191, 0.0540011, 996.82, -5087.49, 10, 2e-20, 3e-20, 2e-20, 2e-20, -1
-0.853512, -0.166656, 0.0495713, 0.05, 0.0574904, -0.0385309, 0.0806265, 0.106256, 1007.83, 12524.8, 10, 2e-20, 3e-20, 2e-20, 2e-20, -1
-0.91716, -0.197461, 0.0476479, 0.05, -0.105171, 0.0430075, 0.0221661, 0.115767, 1005.21, 8331.3, 10, 2e-20, 3e-20, 2e-20, 2e-20, -1
-0.933694, -0.179669, 0.0959979, 0.05, 0.0126893, -0.060834, 0.00418046, 0.0622837, 1003.66, 5856, 10, 2e-20, 3e-20, 2e-20, 2e-20, -1
-0.896995, -0.150299, 0.0963685, 0.05, -0.0518185, -0.095439, 0.153418, 0.187965, 1001.06, 1691.98, 10, 2e-20, 3e-20, 2e-20, 2e-20, -1
-0.945462, -0.174344, 0.144687, 0.05, 0.188252, 0.0563893, -0.207752, 0.285972, 1006.65, 10637.4, 10, 2e-20, 3e-20, 2e-20, 2e-20, -1
-0.897115, -0.148557, 0.154953, 0.05, -0.123738, -0.0937665, 0.035718, 0.159308, 1008.81, 14090.5, 10, 2e-20, 3e-20, 2e-20, 2e-20, -1
-0.895177, -0.147485, 0.236797, 0.05, 0.0498619, 0.293187, 0.0501782, 0.3016, 1010.8, 17283.6, 10, 2e-20, 3e-20, 2e-20, 2e-20, -1
-0.877065, -0.194052, 0.231008, 0.05, 0.126413, 0.217661, -0.0792607, 0.263892, 1005.93, 9490.52, 10, 2e-20, 3e-20, 2e-20, 2e-20, -1
-0.949049, -0.216412, 0.296374, 0.05, 0.0920005, 0.139233, 0.115302, 0.202841, 1009.99, 15980.8, 10, 2e-20, 3e-20, 2e-20, 2e-20, -1
-0.841685, -0.208812, 0.272224, 0.05, 0.0881874, 0.0262058, 0.0361202, 0.0988353, 997.112, -4621.16, 10, 2e-20, 3e-20, 2e-20, 2e-20, -1
-0.870769, -0.162703, 0.28739, 0.05, -0.084176, 0.287972, 0.039772, 0.302647, 1009.17, 14672.5, 10, 2e-20, 3e-20, 2e-20, 2e-20, -1
-0.861725, -0.11615, 0.365321, 0.05, 0.0189346, 0.0285287, 0.00953825, 0.0355441, 1002.14, 3427.7, 10, 2e-20, 3e-20, 2e-20, 2e-20, -1
-0.866383, -0.167782, 0.374332, 0.05, 0.0729605, 0.287379, 0.039046, 0.299056, 1009, 14403.8, 10, 2e-20, 3e-20, 2e-20, 2e-20, -1
-0.867594, -0.168517, 0.428757, 0.05, -0.101586, 0.0871757, -0.129481, 0.186239, 1007.3, 11680.3, 10, 2e-20, 3e-20, 2e-20, 2e-20, -1
-0.860907, -0.183159, 0.479254, 0.05, -0.127585, -0.159174, 0.0153611, 0.204573, 1006.23, 9975.49, 10, 2e-20, 3e-20, 2e-20, 2e-20, -1
-0.817226, -0.160955, 0.441239, 0.05, -0.11699, -0.00789105, -0.13814, 0.181195, 1006.45, 10320.6, 10, 2e-20, 3e-20, 2e-20, 2e-20, -1
-0.911999, -0.179826, 0.586789, 0.05, -0.0181652, 0.0309168, 0.0826285, 0.0900738, 997.293, -4331.2, 10, 2e-20, 3e-20, 2e-20, 2e-20, -1
-0.832326, -0.215759, 0.522989, 0.05, -0.00981604, 0.0192767, 0.0622864, 0.0659359, 1001.47, 2345.33, 10, 2e-20, 3e-20, 2e-20, 2e-20, -1
-0.846455, -0.169789, 0.531617, 0.05, -0.00278013, -0.093342, -0.0505032, 0.106165, 1008.14, 13024.5, 10, 2e-20, 3e-20, 2e-20, 2e-20, -1
-0.839957, -0.0858845, 0.507609, 0.05, 0.188623, 0.206946, -0.0942054, 0.295432, 1003.39, 5419.56, 10, 2e-20, 3e-20, 2e-20, 2e-20, -1
-0.797734, -0.167524, 0.534188, 0.05, -0.0688168, -0.171467, -0.082299, 0.202261, 1001.96, 3133.88, 10, 2e-20, 3e-20, 2e-20, 2e-20, -1
-0.831211, -0.127563, 0.538732, 0.05, 0.0608884, -0.14282, 0.000790374, 0.155259, 998.726, -2038.91, 10, 2e-20, 3e-20, 2e-20, 2e-20, -1
-0.820649, -0.156848, 0.58327, 0.05, 0.0310859, -0.0257851, 0.0289107, 0.0496693, 1007.59, 12141.9, 10, 2e-20, 3e-20, 2e-20, 2e-20, -1
-0.8706, -0.169074, 0.596317, 0.05, 0.00919035, -0.0414522, 0.083441, 0.0936224, 1001.09, 1736.23, 10, 2e-20, 3e-20, 2e-20, 2e-20, -1
-0.839638, -0.219704, 0.667845, 0.05, 0.0489562, 0.299858, -0.0293716, 0.305245, 999.418, -931.177, 10, 2e-20, 3e-20, 2e-20, 2e-20, -1
-0.845617, -0.122937, 0.663907, 0.05, 0.127138, -0.0299183, -0.0548865, 0.141675, 1001.28, 2053.91, 10, 2e-20, 3e-20, 2e-20, 2e-20, -1
-0.876633, -0.12461, 0.745433, 0.05, -0.0418563, 0.0524595, -0.226994, 0.236707, 1001.27, 2028.53, 10, 2e-20, 3e-20, 2e-20, 2e-20, -1
-0.836411, -0.1089, 0.775406, 0.05, 0.0111369, 0.0100997, 0.0331385, 0.0363895, 1001.21, 1933.68, 10, 2e-20, 3e-20, 2e-20, 2e-20, -1
-0.825546, -0.15514, 0.745635, 0.05, -0.0170148, -0.00330128, 0.104835, 0.106258, 999.228, -1236, 10, 2e-20, 3e-20, 2e-20, 2e-20, -1
-0.849494, -0.231064, 0.846396, 0.05, 0.0872469, -0.110104, 0.11253, 0.179994, 998.166, -2934.34, 10, 2e-20, 3e-20, 2e-20, 2e-20, -1
-0.822218, -0.0898939, 0.853725, 0.05, -0.0563398, -0.0364175, -0.101183, 0.121402, 1001, 1607.03, 10, 2e-20, 3e-20, 2e-20, 2e-20, -1
-0.80114, -0.206195, 0.862278, 0.05, 0.0918419, -0.131399, 0.128529, 0.205476, 1001.73, 2774.4, 10, 2e-20, 3e-20, 2e-20, 2e-20, -1
-0.818985, -0.16211, 0.887673, 0.05, 0.156224, -0.0630673, -0.0953093, 0.193564, 1000.22, 344.257, 10, 2e-20, 3e-20, 2e-20, 2e-20, -1
-0.825442, -0.0569607, 0.892117, 0.05, -0.0422998, -0.140076, -0.119422, 0.188871, 1002.72, 4345.1, 10, 2e-20, 3e-20, 2e-20, 2e-20, -1
-0.853133, -0.168175, 1.05988, 0.05, 0.122059, -0.13803, -0.0975191, 0.208472, 1004.05, 6476.68, 10, 2e-20, 3e-20, 2e-20, 2e-20, -1
-0.812532, -0.186349, 1.02991, 0.05, 0.0557894, -0.0254968, -0.128079, 0.142009, 997.675, -3719.46, 10, 2e-20, 3e-20, 2e-20, 2e-20, -1
-0.771661, -0.180395, 1.09298, 0.05, 0.172343, -0.0195656, -0.192857, 0.259382, 1000.66, 1052.67, 10, 2e-20, 3e-20, 2e-20, 2e-20, -1
-0.75477, -0.129641, 1.09508, 0.05, 0.00764701, -0.186596, -0.100277, 0.211972, 1003.55, 5685.93, 10, 2e-20, 3e-20, 2e-20, 2e-20, -1
-0.754036, -0.153654, 1.14449, 0.05, -0.0687898, -0.0196403, -0.102987, 0.125396, 998.418, -2531.25, 10, 2e-20, 3e-20, 2e-20, 2e-20, -1
-0.786668, -0.0982918, 1.10813, 0.05, 0.160401, -0.240711, -0.0661674, 0.296729, 1002, 3195.6, 10, 2e-20, 3e-20, 2e-20, 2e-20, -1
-0.838607, -0.117817, 1.15209, 0.05, 0.141411, -0.105068, -0.00360473, 0.176208, 999.205, -1271.87, 10, 2e-20, 3e-20, 2e-20, 2e-20, -1
-0.868579, -0.0872316, 1.13121, 0.05, -0.0768691, -0.108996, 0.0309673, 0.136923, 994.59, -8655.36, 10, 2e-20, 3e-20, 2e-20, 2e-20, -1
-0.744314, -0.0696959, 1.15004, 0.05, 0.0986194, 0.0640755, 0.0204045, 0.119364, 1002.73, 4360.32, 10, 2e-20, 3e-20, 2e-20, 2e-20, -1
-0.791293, -0.0878793, 1.15733, 0.05, 0.0373384, -0.287686, 0.0434988, 0.293342, 1005.48, 8760.05, 10, 2e-20, 3e-20, 2e-20, 2e-20, -1
-0.710691, -0.0510896, 1.18035, 0.05, 0.110758, -0.0820883, -0.240701, 0.277386, 1006.73, 10762.2, 10, 2e-20, 3e-20, 2e-20, 2e-20, -1
-0.669352, -0.0708258, 1.17779, 0.05, -0.0193526, -0.300688, -0.010047, 0.301478, 1002.93, 4695.22, 10, 2e-20, 3e-20, 2e-20, 2e-20, -1
-0.599299, -0.099333, 1.1475, 0.05, 0.125045, -0.0690179, -0.102406, 0.175746, 998.381, -2590.26, 10, 2e-20, 3e-20, 2e-20, 2e-20, -1
-0.48333, -0.0983023, 1.22175, 0.05, 0.0742833, -0.0851164, 0.235658, 0.261338, 996.803, -5115.68, 10, 2e-20, 3e-20, 2e-20, 2e-20, -1
-0.489494, -0.083225, 1.28937, 0.05, 0.0754935, 0.0516637, -0.0666223, 0.113168, 1000.98, 1575.53, 10, 2e-20, 3e-20, 2e-20, 2e-20, -1
-0.430679, 0.0241623, 1.31024, 0.05, -0.00297728, 0.206558, 0.0265457, 0.208278, 1003.51, 5621.14, 10, 2e-20, 3e-20, 2e-20, 2e-20, -1
-0.356912, 0.0553299, 1.3377, 0.05, -0.0352514, -0.0200467, 0.132045, 0.138132, 1001.44, 2296.23, 10, 2e-20, 3e-20, 2e-20, 2e-20, -1
-0.893584, -0.032102, 0.0481046, 0.05, -0.109862, -0.0775114, 0.0910313, 0.162371, 1004.6, 7358.38, 10, 2e-20, 3e-20, 2e-20, 2e-20, -1
-0.94765, -0.127134, 0.0477794, 0.05, -0.189354, 0.112808, 0.0387076, 0.223783, 1005.67, 9070.99, 10, 2e-20, 3e-20, 2e-20, 2e-20, -1
-0.942509, -0.0525082, 0.139075, 0.05, 0.230134, 0.0743138, 0.177296, 0.299864, 1002.82, 4518.62, 10, 2e-20, 3e-20, 2e-20, 2e-20, -1
-1.00169, -0.0405721, 0.195552, 0.05, -0.0527555, 0.218939, 0.127351, 0.258719, 1023.79, 38069.1, 10, 2e-20, 3e-20, 2e-20, 2e-20, -1
-0.968775, -0.0461523, 0.249161, 0.05, -0.167079, -0.0276481, 0.140985, 0.220355, 1001.36, 2179.53, 10, 2e-20, 3e-20, 2e-20, 2e-20, -1
-0.944784, -0.0251007, 0.208783, 0.05, 0.119659, 0.149411, -0.187477, 0.267936, 1010.44, 16707.4, 10, 2e-20, 3e-20, 2e-20, 2e-20, -1
-0.940279, -0.0635228, 0.288275, 0.05, 0.057809, 0.012779, -0.00807376, 0.0597526, 1004.99, 7985.63, 10, 2e-20, 3e-20, 2e-20, 2e-20, -1
-0.927471, -0.0728039, 0.224762, 0.05, 0.189206, 0.18027, -0.115965, 0.285909, 1011.98, 19172.6, 10, 2e-20, 3e-20, 2e-20, 2e-20, -1
-0.902122, -0.0910837, 0.266541, 0.05, -0.0202375, 0.104366, 0.0110366, 0.106882, 1004.6, 7365.07, 10, 2e-20, 3e-20, 2e-20, 2e-20, -1
-0.912816, -0.0384644, 0.257055, 0.05, 0.228498, 0.144607, 0.0653915, 0.278206, 1008.87, 14189.5, 10, 2e-20, 3e-20, 2e-20, 2e-20, -1
-0.861479, -0.110517, 0.244488, 0.05, -0.117985, -0.205155, 0.0987012, 0.256419, 999.13, -1392.1, 10, 2e-20, 3e-20, 2e-20, 2e-20, -1
-0.85899, -0.0749291, 0.281874, 0.05, -0.13246, 0.0129719, -0.0424215, 0.13969, 1001.84, 2950.19, 10, 2e-20, 3e-20, 2e-20, 2e-20, -1
-0.884365, -0.11671, 0.31455, 0.05, -0.0693331, -0.0130429, -0.0337789, 0.078219, 1000.92, 1477.62, 10, 2e-20, 3e-20, 2e-20, 2e-20, -1
-0.871006, -0.0679099, 0.362384, 0.05, 0.00698008, -0.0964029, -0.123215, 0.156602, 1004, 6406.57, 10, 2e-20, 3e-20, 2e-20, 2e-20, -1
-0.838681, -0.128569, 0.407709, 0.05, -0.158412, -0.0483886, -0.240715, 0.292198, 1002.33, 3721.57, 10, 2e-20, 3e-20, 2e-20, 2e-20, -1
-0.883121, -0.0944159, 0.487905, 0.05, 0.0229483, 0.1081, -0.0168615, 0.111788, 1005.85, 9362.41, 10, 2e-20, 3e-20, 2e-20, 2e-20, -1
-0.849426, -0.135059, 0.485768, 0.05, -0.0311123, -0.118364, 0.0915197, 0.152819, 1005.93, 9491.74, 10, 2e-20, 3e-20, 2e-20, 2e-20, -1
-0.918387, -0.0650725, 0.54129, 0.05, -0.0741109, -0.207043, 0.012113, 0.220241, 997.263, -4378.87, 10, 2e-20, 3e-20, 2e-20, 2e-20, -1
-0.878834, -0.100414, 0.544123, 0.05, -0.230953, -0.00261803, 0.10262, 0.252739, 1004.32, 6910.2, 10, 2e-20, 3e-20, 2e-20, 2e-20, -1
-0.894205, -0.0677151, 0.626043, 0.05, 0.0527435, 0.0983686, -0.0707295, 0.13214, 1006.32, 10116.8, 10, 2e-20, 3e-20, 2e-20, 2e-20, -1
-0.891631, -0.125368, 0.587432, 0.05, 0.0523591, 0.034007, 0.0199165, 0.0655333, 1015.86, 25373.4, 10, 2e-20, 3e-20, 2e-20, 2e-20, -1
-0.864146, 0.00516244, 0.523224, 0.05, -0.052272, 0.0833625, -0.0819496, 0.128052, 994.822, -8284.63, 10, 2e-20, 3e-20, 2e-20, 2e-20, -1
-0.856092, -0.0877065, 0.577681, 0.05, -0.0118585, -0.168769, 0.100627, 0.196849, 1009.37, 14997.5, 10, 2e-20, 3e-20, 2e-20, 2e-20, -1
-0.866303, -0.0712788, 0.67149, 0.05, 0.0494216, 0.0280615, 0.0346041, 0.0665386, 1000.39, 621.935, 10, 2e-20, 3e-20, 2e-20, 2e-20, -1
-0.883422, -0.0703186, 0.723609, 0.05, -0.0643584, -0.15364, -0.0872469, 0.188041, 997.115, -4616.55, 10, 2e-20, 3e-20, 2e-20, 2e-20, -1
-0.886953, -0.114061, 0.698139, 0.05, -0.105588, -0.00454391, 0.122867, 0.162067, 1006.77, 10839.1, 10, 2e-20, 3e-20, 2e-20, 2e-20, -1
-0.829293, -0.105938, 0.718552, 0.05, -0.0804448, 0.115345, -0.0617628, 0.153592, 1006.83, 10935.8, 10, 2e-20, 3e-20, 2e-20, 2e-20, -1
-0.831141, -0.0710508, 0.807853, 0.05, 0.0705026, -0.116739, -0.0366547, 0.141217, 998.279, -2753.77, 10, 2e-20, 3e-20, 2e-20, 2e-20, -1
-0.943313, 0.0611964, 0.931589, 0.05, -0.014161, 0.144446, 0.184527, 0.234767, 1007.89, 12623.3, 10, 2e-20, 3e-20, 2e-20, 2e-20, -1
-0.845466, -0.119801, 0.824526, 0.05, -0.110654, -0.0308134, -0.0719895, 0.135559, 1004.04, 6467.48, 10, 2e-20, 3e-20, 2e-20, 2e-20, -1
-0.825227, -0.0651426, 0.753341, 0.05, 0.0876762, -0.131698, -0.0415892, 0.163588, 1003.1, 4954.94, 10, 2e-20, 3e-20, 2e-20, 2e-20, -1
-0.852565, -0.0230924, 0.860776, 0.05, 0.0636362, -0.13899, 0.00176404, 0.152875, 999.758, -386.647, 10, 2e-20, 3e-20, 2e-20, 2e-20, -1
-0.883192, 0.044463, 0.853162, 0.05, -0.0231764, 0.0778809, 0.0113279, 0.0820421, 1006.25, 10003.8, 10, 2e-20, 3e-20, 2e-20, 2e-20, -1
-0.843743, -0.0397651, 0.971734, 0.05, 0.153503, -0.063154, -0.083487, 0.1858, 1005.65, 9046.71, 10, 2e-20, 3e-20, 2e-20, 2e-20, -1
-0.821741, -0.135435, 0.948525, 0.05, 0.109693, 0.127161, -0.179597, 0.245881, 1005.38, 8615.54, 10, 2e-20, 3e-20, 2e-20, 2e-20, -1
-0.803304, -0.132743, 1.01015, 0.05, 0.177436, -0.380969, -0.0254248, 0.421031, 1006.22, 9958.44, 10, 2e-20, 3e-20, 2e-20, 2e-20, -1
-0.829132, 0.00800217, 0.984982, 0.05, -0.0703421, -0.193692, 0.0511706, 0.212327, 1002.74, 4386.33, 10, 2e-20, 3e-20, 2e-20, 2e-20, -1
-0.826319, -0.0896593, 1.01642, 0.05, -0.000766485, 0.077009, 0.0855208, 0.115086, 999.287, -1140.25, 10, 2e-20, 3e-20, 2e-20, 2e-20, -1
-0.821492, -0.0158708, 1.07216, 0.05, -0.139678, -0.38541, -0.0766078, 0.417036, 1003.67, 5876.8, 10, 2e-20, 3e-20, 2e-20, 2e-20, -1
-0.773741, -0.104087, 1.04923, 0.05, -0.0786567, -0.0778166, 0.198801, 0.227518, 1010.55, 16875.6, 10, 2e-20, 3e-20, 2e-20, 2e-20, -1
-0.763255, -0.066099, 1.07606, 0.05, 0.0367897, -0.0707773, -0.0518605, 0.0951442, 1003.37, 5394.76, 10, 2e-20, 3e-20, 2e-20, 2e-20, -1
-0.711637, -0.000432298, 1.1098, 0.05, 0.233871, -0.0521287, 0.074585, 0.250951, 1005.54, 8861.24, 10, 2e-20, 3e-20, 2e-20, 2e-20, -1
-0.605969, -0.0432803, 1.14874, 0.05, 0.199843, -0.0980156, -0.200592, 0.299635, 997.769, -3569.55, 10, 2e-20, 3e-20, 2e-20, 2e-20, -1
-0.786197, -0.0322204, 1.15857, 0.05, 0.233845, 0.0119151, -0.126086, 0.265938, 1003.02, 4825.07, 10, 2e-20, 3e-20, 2e-20, 2e-20, -1
-0.712988, -0.0196534, 1.20593, 0.05, 0.0817315, 0.00539317, -0.287611, 0.299047, 1007.02, 11229.5, 10, 2e-20, 3e-20, 2e-20, 2e-20, -1
-0.676148, -0.0161727, 1.14605, 0.05, 0.156672, -0.0362282, 0.0382738, 0.165298, 1000.63, 1005.15, 10, 2e-20, 3e-20, 2e-20, 2e-20, -1
-0.581971, -0.0606842, 1.19305, 0.05, 0.121125, -0.0185282, 0.0209631, 0.124314, 1002.14, 3417.46, 10, 2e-20, 3e-20, 2e-20, 2e-20, -1
-0.51959, -0.0518369, 1.19079, 0.05, -0.00234367, -0.00613315, -0.00869765, 0.0108976, 996.875, -4999.47, 10, 2e-20, 3e-20, 2e-20, 2e-20, -1
-0.504136, -0.0594956, 1.23854, 0.05, 0.0330126, -0.0324602, 0.11271, 0.121848, 1001.39, 2222.74, 10, 2e-20, 3e-20, 2e-20, 2e-20, -1
-0.41226, 0.0953074, 1.31155, 0.05, 0.106262, -0.177996, 0.264247, 0.335858, 997.164, -4537.09, 10, 2e-20, 3e-20, 2e-20, 2e-20, -1
-0.198015, -0.0882704, 1.42354, 0.05, -0.168482, -0.0482422, 0.203005, 0.268188, 1000.35, 559.547, 10, 2e-20, 3e-20, 2e-20, 2e-20, -1
-0.896334, 0.0223543, 0.0489642, 0.05, -0.274359, 0.269725, 0.144899, 0.411121, 1008.18, 13091.2, 10, 2e-20, 3e-20, 2e-20, 2e-20, -1
-0.920841, 0.0835672, 0.0451256, 0.05, -0.028904, -0.0687419, -0.0645589, 0.0986344, 1008.3, 13281, 10, 2e-20, 3e-20, 2e-20, 2e-20, -1
-0.946396, 0.0353343, 0.109249, 0.05, 0.137832, -0.235548, 0.107066, 0.293161, 1001.76, 2813.94, 10, 2e-20, 3e-20, 2e-20, 2e-20, -1
-0.927344, 0.0090952, 0.152087, 0.05, -0.278037, -0.0275891, 0.0324051, 0.281275, 1018.2, 29127.7, 10, 2e-20, 3e-20, 2e-20, 2e-20, -1
-0.948767, 0.0625175, 0.199553, 0.05, 0.0400967, -0.291231, 0.108804, 0.313467, 999.318, -1091.46, 10, 2e-20, 3e-20, 2e-20, 2e-20, -1
-0.954213, 0.0226428, 0.191783, 0.05, 0.29326, 0.41258, 0.101183, 0.516199, 1003.86, 6177.01, 10, 2e-20, 3e-20, 2e-20, 2e-20, -1
-0.901324, 0.0326034, 0.192549, 0.05, -0.351248, -0.0476695, -0.0665341, 0.360658, 1005.14, 8216.05, 10, 2e-20, 3e-20, 2e-20, 2e-20, -1
-0.937392, 0.0093928, 0.236212, 0.05, -0.0755502, 0.280343, -0.145007, 0.324542, 1008.89, 14227.4, 10, 2e-20, 3e-20, 2e-20, 2e-20, -1
-0.923709, 0.0373405, 0.273875, 0.05, -0.0610108, -0.114026, 0.0240617, 0.131542, 1004.52, 7227.16, 10, 2e-20, 3e-20, 2e-20, 2e-20, -1
-0.896411, -0.0211745, 0.21033, 0.05, -0.170667, -0.153744, 0.0874406, 0.245785, 1007.18, 11489.7, 10, 2e-20, 3e-20, 2e-20, 2e-20, -1
-0.870161, 0.0313811, 0.283452, 0.05, -0.119536, -0.0160104, 0.168131, 0.206913, 995.599, -7041.42, 10, 2e-20, 3e-20, 2e-20, 2e-20, -1
-0.863325, -0.0371664, 0.318553, 0.05, -0.252464, 0.212556, -0.0288797, 0.331289, 1006.67, 10667.6, 10, 2e-20, 3e-20, 2e-20, 2e-20, -1
-0.887423, 0.0607024, 0.403944, 0.05, -0.00600212, 0.00697086, -0.250282, 0.250451, 1006.04, 9656.74, 10, 2e-20, 3e-20, 2e-20, 2e-20, -1
-0.892085, -0.0635976, 0.442262, 0.05, -0.128817, 0.109984, -0.183891, 0.250013, 1008.2, 13126.4, 10, 2e-20, 3e-20, 2e-20, 2e-20, -1
-0.855211, 0.0949982, 0.381234, 0.05, 0.0973477, 0.0321841, -0.0506094, 0.11434, 1011.03, 17644.2, 10, 2e-20, 3e-20, 2e-20, 2e-20, -1
-0.900762, -0.0413705, 0.490624, 0.05, 0.121493, 0.172428, -0.0151994, 0.211478, 1008.55, 13685.6, 10, 2e-20, 3e-20, 2e-20, 2e-20, -1
-0.877061, 0.0442292, 0.455273, 0.05, 0.02925, -0.051717, -0.0599918, 0.0844348, 1002.64, 4231.7, 10, 2e-20, 3e-20, 2e-20, 2e-20, -1
-0.914881, 0.00620628, 0.493304, 0.05, 0.122993, 0.245431, -0.0349872, 0.276745, 1005.37, 8595.84, 10, 2e-20, 3e-20, 2e-20, 2e-20, -1
-0.878844, 0.0853962, 0.492797, 0.05, -0.102192, 0.166628, 0.0345099, 0.198492, 1001.02, 1635.69, 10, 2e-20, 3e-20, 2e-20, 2e-20, -1
-0.919476, -0.0816825, 0.591852, 0.05, 0.211222, -0.0259956, -0.0768389, 0.226263, 1009.54, 15266.6, 10, 2e-20, 3e-20, 2e-20, 2e-20, -1
-0.872274, -0.0436452, 0.543951, 0.05, -0.0788598, -0.0347305, -0.155629, 0.177891, 1012.74, 20385.1, 10, 2e-20, 3e-20, 2e-20, 2e-20, -1
-0.900001, -0.0326156, 0.590094, 0.05, 0.127034, -0.106986, 0.218001, 0.274059, 998.924, -1721.15, 10, 2e-20, 3e-20, 2e-20, 2e-20, -1
-0.851667, -0.037942, 0.590993, 0.05, -0.0121821, 0.112959, 0.142025, 0.181877, 1007.46, 11933.4, 10, 2e-20, 3e-20, 2e-20, 2e-20, -1
-0.860434, -0.01357, 0.687166, 0.05, 0.0302552, 0.00229646, 0.0404462, 0.0505623, 999.154, -1354.13, 10, 2e-20, 3e-20, 2e-20, 2e-20, -1
-0.811172, -0.0826405, 0.668746, 0.05, -0.0398855, -0.0955276, -0.0284223, 0.107351, 1001.06, 1694, 10, 2e-20, 3e-20, 2e-20, 2e-20, -1
-0.880258, 0.0123795, 0.729578, 0.05, 0.0697339, -0.0107686, -0.0119801, 0.0715703, 1000.02, 24.5402, 10, 2e-20, 3e-20, 2e-20, 2e-20, -1
-0.864973, -0.0344097, 0.749722, 0.05, -0.147684, 0.028172, -0.0544336, 0.159898, 1007.16, 11460.2, 10, 2e-20, 3e-20, 2e-20, 2e-20, -1
-0.88339, 0.0196219, 0.816903, 0.05, 0.0885758, -0.00985954, -0.284114, 0.297764, 1005.77, 9232.25, 10, 2e-20, 3e-20, 2e-20, 2e-20, -1
-0.827136, -0.012311, 0.751105, 0.05, -0.0441071, -0.018562, -0.0287282, 0.0558148, 1000.82, 1314.2, 10, 2e-20, 3e-20, 2e-20, 2e-20, -1
-0.848885, 0.0502444, 0.714838, 0.05, -0.0934761, -0.0627197, -0.0285613, 0.116135, 1005.89, 9424.66, 10, 2e-20, 3e-20, 2e-20, 2e-20, -1
-0.87505, -0.0469209, 0.80975, 0.05, -0.0302506, -0.161234, -0.0282637, 0.166464, 1000.92, 1466.29, 10, 2e-20, 3e-20, 2e-20, 2e-20, -1
-0.851556, 0.0900067, 0.846075, 0.05, -0.120245, -0.00261131, -0.00341676, 0.120322, 1009.67, 15477.7, 10, 2e-20, 3e-20, 2e-20, 2e-20, -1
-0.950154, 0.0640166, 0.981563, 0.05, -0.0627299, -0.00493311, -0.212599, 0.221715, 999.533, -747.63, 10, 2e-20, 3e-20, 2e-20, 2e-20, -1
-0.903819, 0.08137, 0.99017, 0.05, 0.000103628, -0.0319052, -0.163279, 0.166367, 1002.54, 4061.1, 10, 2e-20, 3e-20, 2e-20, 2e-20, -1
-0.883062, 0.0867158, 1.04908, 0.05, -0.0445059, -0.0295977, 0.0373626, 0.0652132, 994.454, -8872.9, 10, 2e-20, 3e-20, 2e-20, 2e-20, -1
-0.849356, -2.24152e-05, 1.03021, 0.05, 0.118428, -0.116117, -0.191879, 0.253626, 995.393, -7370.59, 10, 2e-20, 3e-20, 2e-20, 2e-20, -1
-0.841556, 0.120743, 1.05589, 0.05, -0.119153, -0.127155, 0.138647, 0.222685, 996.346, -5846.3, 10, 2e-20, 3e-20, 2e-20, 2e-20, -1
-0.833766, 0.131316, 1.10285, 0.05, -0.240587, 0.103, -0.167389, 0.310661, 1004.08, 6529.84, 10, 2e-20, 3e-20, 2e-20, 2e-20, -1
-0.807539, 0.0415783, 1.10472, 0.05, 0.169003, -0.172687, -0.0462843, 0.246019, 1010.38, 16605.6, 10, 2e-20, 3e-20, 2e-20, 2e-20, -1
-0.709777, 0.0699951, 1.15758, 0.05, -0.00105096, -0.0272311, -0.0318525, 0.0419192, 1009.28, 14855.8, 10, 2e-20, 3e-20, 2e-20, 2e-20, -1
-0.707341, 0.0140168, 1.15934, 0.05, 0.172978, -0.255679, -0.0443275, 0.311862, 1004.41, 7059.21, 10, 2e-20, 3e-20, 2e-20, 2e-20, -1
-0.700955, 0.0412184, 1.19475, 0.05, 0.0540452, 0.011852, -0.0316708, 0.0637526, 1012.03, 19242.4, 10, 2e-20, 3e-20, 2e-20, 2e-20, -1
-0.628889, -0.0257154, 1.17956, 0.05, 0.0722332, 0.0817481, -0.100025, 0.148005, 1007.23, 11568.6, 10, 2e-20, 3e-20, 2e-20, 2e-20, -1
-0.656433, 0.0204981, 1.17978, 0.05, 0.225849, -0.180367, -0.203931, 0.353734, 994.671, -8525.89, 10, 2e-20, 3e-20, 2e-20, 2e-20, -1
-0.615765, 0.0343094, 1.19655, 0.05, 0.195859, 0.0222861, 0.0365747, 0.200487, 1006.26, 10023.4, 10, 2e-20, 3e-20, 2e-20, 2e-20, -1
-0.634925, -0.00219331, 1.22204, 0.05, 0.331977, 0.0455767, -0.152667, 0.36823, 998.434, -2506.14, 10, 2e-20, 3e-20, 2e-20, 2e-20, -1
-0.607783, 0.00861402, 1.16605, 0.05, 0.0943027, -0.0266509, -0.101244, 0.140903, 1010.18, 16294.3, 10, 2e-20, 3e-20, 2e-20, 2e-20, -1
-0.578126, 0.00523699, 1.22021, 0.05, 0.11406, -0.061912, -0.0380461, 0.135242, 999.234, -1225.94, 10, 2e-20, 3e-20, 2e-20, 2e-20, -1
-0.511593, 0.0195708, 1.26176, 0.05, 0.170308, -0.085794, -0.00246433, 0.190713, 999.691, -493.688, 10, 2e-20, 3e-20, 2e-20, 2e-20, -1
-0.473195, -0.0494539, 1.32414, 0.05, 0.076348, -0.00781776, 0.181133, 0.196721, 997.166, -4534.17, 10, 2e-20, 3e-20, 2e-20, 2e-20, -1
-0.510908, 0.102835, 1.33364, 0.05, 0.0524261, -0.0590323, 0.0587089, 0.0983872, 1000.48, 769.178, 10, 2e-20, 3e-20, 2e-20, 2e-20, -1
-0.895127, 0.140979, 0.0525108, 0.05, -0.358406, 0.104905, -0.00598301, 0.373491, 1022.63, 36208.5, 10, 2e-20, 3e-20, 2e-20, 2e-20, -1
-0.931058, 0.230133, 0.0474535, 0.05, -0.056324, -0.0376761, -0.104708, 0.124722, 1004.33, 6929.91, 10, 2e-20, 3e-20, 2e-20, 2e-20, -1
-0.923396, 0.207254, 0.0982828, 0.05, -0.584334, 0.00391437, 0.0510723, 0.586574, 998.129, -2993.27, 10, 2e-20, 3e-20, 2e-20, 2e-20, -1
-0.891146, 0.0822648, 0.0861104, 0.05, -0.235424, 0.200882, 0.0275265, 0.310702, 1008.66, 13852.2, 10, 2e-20, 3e-20, 2e-20, 2e-20, -1
-0.889612, 0.166827, 0.112072, 0.05, -0.432736, -0.33186, 0.183662, 0.575433, 994.86, -8223.24, 10, 2e-20, 3e-20, 2e-20, 2e-20, -1
-0.906095, 0.243326, 0.134218, 0.05, -0.0543936, -0.107495, -0.00442711, 0.120555, 1005.3, 8486.5, 10, 2e-20, 3e-20, 2e-20, 2e-20, -1
-0.896445, 0.197101, 0.152613, 0.05, -0.310919, 0.335232, 0.0292932, 0.458159, 1016.69, 26697.1, 10, 2e-20, 3e-20, 2e-20, 2e-20, -1
-0.893994, 0.123964, 0.19984, 0.05, -0.0786246, 0.33794, 0.166235, 0.384733, 1007.97, 12744.6, 10, 2e-20, 3e-20, 2e-20, 2e-20, -1
-0.917703, 0.131831, 0.246496, 0.05, -0.206014, 0.120045, -0.068991, 0.248218, 1007.01, 11214, 10, 2e-20, 3e-20, 2e-20, 2e-20, -1
-0.886972, 0.0795132, 0.259241, 0.05, 0.120529, 0.113011, 0.0200231, 0.166432, 1019.54, 31258.7, 10, 2e-20, 3e-20, 2e-20, 2e-20, -1
-0.880861, 0.160769, 0.319848, 0.05, -0.0607035, 0.0696404, 0.103995, 0.139103, 1002.44, 3901, 10, 2e-20, 3e-20, 2e-20, 2e-20, -1
-0.890351, 0.0309019, 0.332971, 0.05, -0.0101979, 0.108061, -0.167383, 0.199495, 1005.34, 8544.24, 10, 2e-20, 3e-20, 2e-20, 2e-20, -1
-0.900185, 0.227611, 0.406851, 0.05, -0.0873227, -0.131591, -0.0443558, 0.164039, 1002.63, 4200.76, 10, 2e-20, 3e-20, 2e-20, 2e-20, -1
-0.868723, 0.111444, 0.334065, 0.05, -0.00814273, -0.0336178, -0.211189, 0.214002, 1007.62, 12192.4, 10, 2e-20, 3e-20, 2e-20, 2e-20, -1
-0.893199, 0.18572, 0.450005, 0.05, 0.014362, 0.17802, -0.139556, 0.226657, 1003.1, 4964.32, 10, 2e-20, 3e-20, 2e-20, 2e-20, -1
-0.932185, 0.174832, 0.420573, 0.05, -0.0146999, 0.0680812, -0.0956621, 0.118332, 997.726, -3638.61, 10, 2e-20, 3e-20, 2e-20, 2e-20, -1
-0.895186, 0.209912, 0.501356, 0.05, -0.048906, -0.180063, -0.230568, 0.296608, 999.747, -404.383, 10, 2e-20, 3e-20, 2e-20, 2e-20, -1
-0.880065, 0.157697, 0.492639, 0.05, -0.25455, -0.0891537, -0.132394, 0.300454, 1004.69, 7502.7, 10, 2e-20, 3e-20, 2e-20, 2e-20, -1
-0.899533, 0.124324, 0.526222, 0.05, 0.100417, 0.0553846, -0.133419, 0.175931, 1003.35, 5359.15, 10, 2e-20, 3e-20, 2e-20, 2e-20, -1
-0.905276, 0.0728373, 0.553838, 0.05, -0.204028, 0.103387, -0.125912, 0.261094, 1004.43, 7086.18, 10, 2e-20, 3e-20, 2e-20, 2e-20, -1
-0.93155, 0.0827336, 0.631442, 0.05, -0.00561017, 0.0113553, -0.255781, 0.256095, 1008, 12803.3, 10, 2e-20, 3e-20, 2e-20, 2e-20, -1
-0.90397, 0.0134988, 0.646493, 0.05, -0.0918601, -0.142872, -0.0174607, 0.17075, 1001.52, 2438.01, 10, 2e-20, 3e-20, 2e-20, 2e-20, -1
-0.955373, 0.130949, 0.692381, 0.05, 0.00475331, 0.0724082, -0.0505427, 0.0884314, 997.161, -4541.8, 10, 2e-20, 3e-20, 2e-20, 2e-20, -1
-0.942071, 0.0182508, 0.698732, 0.05, -0.0607533, 0.0023786, -0.279346, 0.285886, 1001.82, 2919.16, 10, 2e-20, 3e-20, 2e-20, 2e-20, -1
-0.945402, 0.0779019, 0.690189, 0.05, -0.125903, -0.0725575, 0.0158721, 0.146178, 1004.7, 7512.91, 10, 2e-20, 3e-20, 2e-20, 2e-20, -1
-0.942496, 0.0533947, 0.732195, 0.05, -0.108467, 0.20671, -0.0767504, 0.245734, 1005.36, 8580.57, 10, 2e-20, 3e-20, 2e-20, 2e-20, -1
-0.970666, 0.0971542, 0.809942, 0.05, 0.0526564, 0.0232542, 0.118611, 0.131841, 995.54, -7135.99, 10, 2e-20, 3e-20, 2e-20, 2e-20, -1
-0.913378, 0.154088, 0.754905, 0.05, 0.101189, -0.0600219, -0.0793096, 0.141887, 996.36, -5823.31, 10, 2e-20, 3e-20, 2e-20, 2e-20, -1
-0.910772, 0.0978623, 0.780743, 0.05, -0.0309867, -0.0707364, -0.126433, 0.148152, 993.014, -11177.8, 10, 2e-20, 3e-20, 2e-20, 2e-20, -1
-0.847394, 0.0754701, 0.765732, 0.05, 0.0171706, -0.0174222, -0.245862, 0.247076, 1008.23, 13170.9, 10, 2e-20, 3e-20, 2e-20, 2e-20, -1
-0.87746, 0.159866, 0.951779, 0.05, 0.123723, 0.0208527, -0.181736, 0.220839, 992.835, -11464.8, 10, 2e-20, 3e-20, 2e-20, 2e-20, -1
-0.886787, 0.230416, 0.956385, 0.05, 0.0773582, -0.047768, -0.241475, 0.258024, 993.926, -9718.6, 10, 2e-20, 3e-20, 2e-20, 2e-20, -1
-0.874346, 0.105325, 0.953975, 0.05, 0.104076, -0.113056, -0.0700787, 0.168892, 1000.71, 1141.01, 10, 2e-20, 3e-20, 2e-20, 2e-20, -1
-0.830642, 0.17201, 0.939602, 0.05, -0.2054, -0.0168745, -0.0942495, 0.226621, 1006.25, 10007.5, 10, 2e-20, 3e-20, 2e-20, 2e-20, -1
-0.843606, 0.167381, 1.02026, 0.05, 0.133617, 0.0269097, -0.319414, 0.347279, 1015.28, 24444.8, 10, 2e-20, 3e-20, 2e-20, 2e-20, -1
-0.884061, 0.143318, 1.03591, 0.05, -0.0121174, -0.0105335, 0.264718, 0.265205, 1011.94, 19107.9, 10, 2e-20, 3e-20, 2e-20, 2e-20, -1
-0.803766, 0.0863409, 1.01546, 0.05, -0.150806, -0.289666, -0.269293, 0.423282, 1004.98, 7962.34, 10, 2e-20, 3e-20, 2e-20, 2e-20, -1
-0.872307, 0.172606, 1.07537, 0.05, -0.108522, -0.175017, 0.120287, 0.238489, 997.634, -3785.4, 10, 2e-20, 3e-20, 2e-20, 2e-20, -1
-0.801113, 0.207265, 1.13687, 0.05, -0.0281629, -0.176698, -0.395813, 0.434377, 1003.9, 6241.33, 10, 2e-20, 3e-20, 2e-20, 2e-20, -1
-0.855946, 0.185864, 1.14938, 0.05, -0.197622, -0.170774, -0.264665, 0.371841, 996.139, -6177.05, 10, 2e-20, 3e-20, 2e-20, 2e-20, -1
-0.766858, 0.204001, 1.06393, 0.05, 0.0837781, 0.0355518, -0.470656, 0.479375, 992.067, -12693.2, 10, 2e-20, 3e-20, 2e-20, 2e-20, -1
-0.727261, 0.154129, 1.1011, 0.05, 0.299443, -0.0946858, -0.223108, 0.385239, 1002.46, 3928.68, 10, 2e-20, 3e-20, 2e-20, 2e-20, -1
-0.727322, 0.146154, 1.19308, 0.05, 0.158371, -0.12421, -0.435528, 0.479786, 1001.41, 2263.17, 10, 2e-20, 3e-20, 2e-20, 2e-20, -1
-0.694448, 0.119542, 1.18091, 0.05, 0.194318, -0.147154, -0.29713, 0.384318, 1007.63, 12201.3, 10, 2e-20, 3e-20, 2e-20, 2e-20, -1
-0.66117, 0.119687, 1.2567, 0.05, 0.0259671, -0.0731675, -0.0693423, 0.104097, 998.934, -1705.38, 10, 2e-20, 3e-20, 2e-20, 2e-20, -1
-0.683568, 0.101989, 1.22422, 0.05, 0.170493, -0.228622, -0.125161, 0.31145, 997.183, -4506.43, 10, 2e-20, 3e-20, 2e-20, 2e-20, -1
-0.620892, 0.0421986, 1.24466, 0.05, 0.169732, -0.0200411, -0.0937714, 0.194946, 995.968, -6451.28, 10, 2e-20, 3e-20, 2e-20, 2e-20, -1
-0.557721, 0.0584729, 1.23416, 0.05, 0.162342, -0.107156, -0.0252078, 0.196145, 995.461, -7262.87, 10, 2e-20, 3e-20, 2e-20, 2e-20, -1
-0.516324, 0.0803018, 1.25278, 0.05, 0.275148, -0.0193896, 0.0898243, 0.290087, 1004.32, 6909.95, 10, 2e-20, 3e-20, 2e-20, 2e-20, -1
-0.433085, 0.0335625, 1.23645, 0.05, -0.0356828, -0.136124, 0.0218386, 0.142408, 1003.28, 5251.03, 10, 2e-20, 3e-20, 2e-20, 2e-20, -1
-0.514667, 0.0883568, 1.36168, 0.05, 0.0341226, -0.129711, 0.205436, 0.245343, 1000.91, 1462.39, 10, 2e-20, 3e-20, 2e-20, 2e-20, -1
-0.903664, 0.279062, 0.0523508, 0.05, 0.142943, 0.413498, -0.108175, 0.450683, 1021.48, 34365, 10, 2e-20, 3e-20, 2e-20, 2e-20, -1
-0.967489, 0.348683, 0.0931377, 0.05, 0.251502, 0.360762, 0.0127186, 0.43996, 1006.31, 10099, 10, 2e-20, 3e-20, 2e-20, 2e-20, -1
-0.943923, 0.284478, 0.144528, 0.05, -0.126247, -0.0766608, 0.167432, 0.223268, 1015.91, 25451, 10, 2e-20, 3e-20, 2e-20, 2e-20, -1
-0.948657, 0.252601, 0.104346, 0.05, -0.373267, -0.324474, 0.0539789, 0.49752, 1003.24, 5181.46, 10, 2e-20, 3e-20, 2e-20, 2e-20, -1
-0.949664, 0.238328, 0.167239, 0.05, 0.104691, 0.0384555, -0.248844, 0.272695, 1008.45, 13517.4, 10, 2e-20, 3e-20, 2e-20, 2e-20, -1
-0.922156, 0.23538, 0.209123, 0.05, 0.0468926, 0.448316, -0.189772, 0.48908, 1018.91, 30248.4, 10, 2e-20, 3e-20, 2e-20, 2e-20, -1
-0.951088, 0.27308, 0.231328, 0.05, -0.366158, 0.230197, -0.171024, 0.465093, 1004.38, 7005.72, 10, 2e-20, 3e-20, 2e-20, 2e-20, -1
-0.916309, 0.319601, 0.224972, 0.05, 0.00608569, -0.248842, 0.0324635, 0.251024, 1003.3, 5276.47, 10, 2e-20, 3e-20, 2e-20, 2e-20, -1
-0.9281, 0.187934, 0.239133, 0.05, -0.448945, -0.209758, 0.14417, 0.516077, 1008.64, 13829.2, 10, 2e-20, 3e-20, 2e-20, 2e-20, -1
-0.919702, 0.237717, 0.258521, 0.05, -0.364558, -0.0218007, -0.102946, 0.379442, 1013.17, 21069.3, 10, 2e-20, 3e-20, 2e-20, 2e-20, -1
-0.894374, 0.173317, 0.271215, 0.05, -0.22106, 0.0141897, -0.0107263, 0.221774, 1000.79, 1271.04, 10, 2e-20, 3e-20, 2e-20, 2e-20, -1
-0.912763, 0.283849, 0.341771, 0.05, -0.208786, 0.0750039, -0.0232743, 0.223067, 1004.78, 7649.66, 10, 2e-20, 3e-20, 2e-20, 2e-20, -1
-0.898645, 0.192797, 0.362686, 0.05, 0.0456973, 0.180652, -0.0898824, 0.206887, 1005.68, 9093.7, 10, 2e-20, 3e-20, 2e-20, 2e-20, -1
-0.880622, 0.23277, 0.347037, 0.05, -0.109179, -0.230601, -0.0483365, 0.259679, 995.69, -6896.54, 10, 2e-20, 3e-20, 2e-20, 2e-20, -1
-0.88028, 0.26845, 0.381532, 0.05, -0.00554817, 0.037069, -0.468627, 0.470124, 1015.29, 24463.3, 10, 2e-20, 3e-20, 2e-20, 2e-20, -1
-0.875372, 0.315234, 0.487718, 0.05, 0.140436, 0.238049, -0.151304, 0.315091, 1004.68, 7482.92, 10, 2e-20, 3e-20, 2e-20, 2e-20, -1
-0.900155, 0.269381, 0.494859, 0.05, -0.294694, 0.195079, -0.24555, 0.430343, 1016.04, 25662.2, 10, 2e-20, 3e-20, 2e-20, 2e-20, -1
-0.850084, 0.276258, 0.472812, 0.05, 0.0809654, 0.193353, -0.0520879, 0.215996, 1006.24, 9988.96, 10, 2e-20, 3e-20, 2e-20, 2e-20, -1
-0.891771, 0.310335, 0.612254, 0.05, -0.232057, -0.107104, -0.192478, 0.319952, 995.115, -7816.03, 10, 2e-20, 3e-20, 2e-20, 2e-20, -1
-0.890831, 0.251522, 0.541855, 0.05, 0.0363209, -0.225556, 0.0770122, 0.241093, 1000.72, 1155.49, 10, 2e-20, 3e-20, 2e-20, 2e-20, -1
-0.949465, 0.264659, 0.650074, 0.05, 0.0445028, 0.150703, -0.221337, 0.271445, 1001.06, 1689.64, 10, 2e-20, 3e-20, 2e-20, 2e-20, -1
-0.892951, 0.158869, 0.554404, 0.05, -0.0761729, 0.0273246, -0.121097, 0.145648, 1013.76, 22012.6, 10, 2e-20, 3e-20, 2e-20, 2e-20, -1
-0.891381, 0.22507, 0.629924, 0.05, 0.326747, 0.108538, -0.281057, 0.444452, 1012.42, 19877.9, 10, 2e-20, 3e-20, 2e-20, 2e-20, -1
-0.88583, 0.279457, 0.65317, 0.05, 0.111886, -0.0485005, -0.392663, 0.411163, 1006.74, 10785, 10, 2e-20, 3e-20, 2e-20, 2e-20, -1
-0.956679, 0.146711, 0.735965, 0.05, -0.191136, 0.0875143, -0.148505, 0.257382, 1002.99, 4787.19, 10, 2e-20, 3e-20, 2e-20, 2e-20, -1
-0.884823, 0.18739, 0.668857, 0.05, 0.0577727, -0.195855, -0.0268654, 0.205958, 999.11, -1424.37, 10, 2e-20, 3e-20, 2e-20, 2e-20, -1
-0.894077, 0.146789, 0.695627, 0.05, 0.0533692, -0.0661439, -0.202888, 0.21997, 1005.11, 8178.45, 10, 2e-20, 3e-20, 2e-20, 2e-20, -1
-0.857702, 0.169686, 0.7279, 0.05, -0.0315752, -0.132991, -0.245675, 0.28114, 1007.99, 12788.3, 10, 2e-20, 3e-20, 2e-20, 2e-20, -1
-0.906432, 0.192351, 0.717358, 0.05, -0.0132261, 0.0889037, -0.221263, 0.238822, 1003.65, 5834.86, 10, 2e-20, 3e-20, 2e-20, 2e-20, -1
-0.879823, 0.192062, 0.802792, 0.05, 0.102447, -0.134811, -0.173199, 0.242214, 997.583, -3867.32, 10, 2e-20, 3e-20, 2e-20, 2e-20, -1
-0.850177, 0.217395, 0.776178, 0.05, -0.00589122, -0.143748, -0.179312, 0.229894, 996.88, -4992.22, 10, 2e-20, 3e-20, 2e-20, 2e-20, -1
-0.909577, 0.189929, 0.932156, 0.05, 0.0680516, -0.0883445, -0.0434187, 0.11967, 1001.43, 2293.3, 10, 2e-20, 3e-20, 2e-20, 2e-20, -1
-0.869081, 0.201427, 1.00299, 0.05, 0.0127812, -0.0775606, -0.371484, 0.37971, 1004.93, 7895.65, 10, 2e-20, 3e-20, 2e-20, 2e-20, -1
-0.901251, 0.137588, 0.994754, 0.05, -0.0696581, -0.17577, -0.398063, 0.440683, 1004.76, 7613.59, 10, 2e-20, 3e-20, 2e-20, 2e-20, -1
-0.949341, 0.276713, 1.11649, 0.05, 0.259051, 0.0281778, -0.119948, 0.286861, 1005.02, 8035.79, 10, 2e-20, 3e-20, 2e-20, 2e-20, -1
-0.917254, 0.17127, 1.06632, 0.05, 0.232699, -0.139232, -0.00151644, 0.271177, 1005.22, 8354.45, 10, 2e-20, 3e-20, 2e-20, 2e-20, -1
-0.923207, 0.254256, 1.07047, 0.05, 0.0489924, 0.142173, -0.0356486, 0.154545, 997.601, -3838.98, 10, 2e-20, 3e-20, 2e-20, 2e-20, -1
-0.901436, 0.297253, 1.09571, 0.05, -0.0842105, -0.255899, -0.0777101, 0.280383, 1001.88, 3008.34, 10, 2e-20, 3e-20, 2e-20, 2e-20, -1
-0.938173, 0.186231, 1.17213, 0.05, 0.319044, -0.280353, -0.781248, 0.889233, 1002.85, 4560.16, 10, 2e-20, 3e-20, 2e-20, 2e-20, -1
-0.929175, 0.139997, 1.19729, 0.05, -0.00917334, -0.201611, 0.112444, 0.23103, 1008.81, 14097.8, 10, 2e-20, 3e-20, 2e-20, 2e-20, -1
-0.739795, 0.211643, 1.01231, 0.05, 0.0086036, -0.278056, 0.00154805, 0.278194, 1006.65, 10646.9, 10, 2e-20, 3e-20, 2e-20, 2e-20, -1
-0.85152, 0.232797, 1.1549, 0.05, 0.153479, -0.0442171, 0.0331502, 0.163125, 1010.3, 16481.7, 10, 2e-20, 3e-20, 2e-20, 2e-20, -1
-0.693972, 0.202961, 1.01598, 0.05, 0.0968209, -0.0428869, -0.111237, 0.153581, 1001.14, 1830.9, 10, 2e-20, 3e-20, 2e-20, 2e-20, -1
-0.697201, 0.201664, 1.15471, 0.05, -0.239374, -0.0714201, -0.136366, 0.284598, 1005.41, 8654.35, 10, 2e-20, 3e-20, 2e-20, 2e-20, -1
-0.682333, 0.157967, 1.14937, 0.05, 0.0151053, -0.119564, -0.218777, 0.249774, 1005.96, 9543.18, 10, 2e-20, 3e-20, 2e-20, 2e-20, -1
-0.586808, 0.148652, 1.21729, 0.05, 0.296537, -0.0453042, -0.0366305, 0.302206, 1004.87, 7793.59, 10, 2e-20, 3e-20, 2e-20, 2e-20, -1
-0.620066, 0.209976, 1.19579, 0.05, 0.100869, -0.112745, -0.193788, 0.245846, 1004.03, 6441.95, 10, 2e-20, 3e-20, 2e-20, 2e-20, -1
-0.624973, 0.179992, 1.17767, 0.05, 0.288346, -0.0453032, -0.0363683, 0.29414, 1004.54, 7271.66, 10, 2e-20, 3e-20, 2e-20, 2e-20, -1
-0.582613, 0.0882893, 1.25256, 0.05, 0.139244, 0.0868828, 0.0272561, 0.166374, 1006.43, 10282, 10, 2e-20, 3e-20, 2e-20, 2e-20, -1
-0.568843, 0.107213, 1.32491, 0.05, 0.184029, -0.109993, 0.113355, 0.242517, 998.845, -1847.59, 10, 2e-20, 3e-20, 2e-20, 2e-20, -1
-0.571046, 0.0618772, 1.34182, 0.05, 0.111354, -0.212722, -0.0874975, 0.255551, 994.626, -8598.78, 10, 2e-20, 3e-20, 2e-20, 2e-20, -1
-0.856961, 0.398655, 0.0492515, 0.05, 0.417533, 1.24528, -0.08495, 1.31616, 1016.64, 26620.8, 10, 2e-20, 3e-20, 2e-20, 2e-20, -1
-0.947104, 0.500312, 0.0491371, 0.05, 0.0432622, -0.149285, -0.354573, 0.387143, 1009.68, 15486.3, 10, 2e-20, 3e-20, 2e-20, 2e-20, -1
-0.909196, 0.438652, 0.0860945, 0.05, -0.211808, 0.2365, -0.123744, 0.340746, 1021.74, 34790.5, 10, 2e-20, 3e-20, 2e-20, 2e-20, -1
-0.895918, 0.389014, 0.0984491, 0.05, -0.117628, -0.172286, -0.11037, 0.23601, 1012.1, 19357.5, 10, 2e-20, 3e-20, 2e-20, 2e-20, -1
-0.883219, 0.354728, 0.143563, 0.05, 0.243319, -0.380791, 0.00600432, 0.451932, 1006.18, 9893.75, 10, 2e-20, 3e-20, 2e-20, 2e-20, -1
-0.951335, 0.292323, 0.191517, 0.05, -0.00105909, 0.00505732, 0.286575, 0.286621, 1005.19, 8300.04, 10, 2e-20, 3e-20, 2e-20, 2e-20, -1
-0.889897, 0.390049, 0.186462, 0.05, -0.457758, 0.228802, -0.112049, 0.523877, 1023.83, 38131.5, 10, 2e-20, 3e-20, 2e-20, 2e-20, -1
-0.919531, 0.33578, 0.306491, 0.05, 0.102905, -0.0846084, -0.236148, 0.271134, 1006.87, 10995.6, 10, 2e-20, 3e-20, 2e-20, 2e-20, -1
-0.882138, 0.411323, 0.276833, 0.05, -0.157124, -0.0150023, -0.477534, 0.502943, 1016.33, 26125.2, 10, 2e-20, 3e-20, 2e-20, 2e-20, -1
-0.923381, 0.292256, 0.268821, 0.05, -0.134027, 0.402803, -0.219613, 0.477957, 1008.63, 13802.2, 10, 2e-20, 3e-20, 2e-20, 2e-20, -1
-0.851046, 0.382167, 0.348005, 0.05, -0.256695, -0.115754, 0.171801, 0.329859, 1002.17, 3479.9, 10, 2e-20, 3e-20, 2e-20, 2e-20, -1
-0.897642, 0.370714, 0.333148, 0.05, -0.0721016, -0.0327983, -0.0546394, 0.096228, 1004.21, 6734.37, 10, 2e-20, 3e-20, 2e-20, 2e-20, -1
-0.876265, 0.331236, 0.331553, 0.05, 0.0490055, 0.155792, -0.150202, 0.221886, 1006.61, 10578.3, 10, 2e-20, 3e-20, 2e-20, 2e-20, -1
-0.886943, 0.315841, 0.380927, 0.05, 0.186099, -0.0454653, -0.196907, 0.274722, 1001.16, 1850.29, 10, 2e-20, 3e-20, 2e-20, 2e-20, -1
-0.874498, 0.348656, 0.421962, 0.05, 0.198499, -0.188714, 0.109519, 0.294973, 993.771, -9967.1, 10, 2e-20, 3e-20, 2e-20, 2e-20, -1
-0.888308, 0.307512, 0.437587, 0.05, -0.0384049, 0.283542, -0.00557694, 0.286186, 996.872, -5004.3, 10, 2e-20, 3e-20, 2e-20, 2e-20, -1
-0.864379, 0.401981, 0.482769, 0.05, -0.016426, 0.16793, -0.23287, 0.287574, 1014.11, 22583.6, 10, 2e-20, 3e-20, 2e-20, 2e-20, -1
-0.87915, 0.352387, 0.58847, 0.05, 0.0513501, 0.103009, -0.201113, 0.23172, 997.376, -4198.23, 10, 2e-20, 3e-20, 2e-20, 2e-20, -1
-0.829928, 0.33, 0.481682, 0.05, -0.0775185, -0.10229, -0.054229, 0.139331, 1000.72, 1147.12, 10, 2e-20, 3e-20, 2e-20, 2e-20, -1
-0.832679, 0.320787, 0.681358, 0.05, -0.0329576, -0.0113822, -0.0520891, 0.062682, 1002.36, 3775.28, 10, 2e-20, 3e-20, 2e-20, 2e-20, -1
-0.827594, 0.364632, 0.571907, 0.05, -0.0983186, -0.133029, -0.13984, 0.216607, 998.037, -3140.62, 10, 2e-20, 3e-20, 2e-20, 2e-20, -1
-0.807628, 0.31081, 0.564123, 0.05, -0.124592, 0.160877, -0.237498, 0.312745, 998.936, -1702.53, 10, 2e-20, 3e-20, 2e-20, 2e-20, -1
-0.833857, 0.285209, 0.641735, 0.05, -0.0478846, -0.416433, -0.0854868, 0.427805, 1000.45, 717.935, 10, 2e-20, 3e-20, 2e-20, 2e-20, -1
-0.753819, 0.361782, 0.618181, 0.05, 0.0304299, 0.0295711, -0.21987, 0.223927, 1005.3, 8485.99, 10, 2e-20, 3e-20, 2e-20, 2e-20, -1
-0.849047, 0.274608, 0.695783, 0.05, -0.0114596, 0.0612728, -0.232963, 0.241159, 1005.62, 8997.19, 10, 2e-20, 3e-20, 2e-20, 2e-20, -1
-0.802844, 0.360576, 0.697896, 0.05, -0.0949844, -0.122038, -0.566756, 0.587476, 1001.36, 2180.59, 10, 2e-20, 3e-20, 2e-20, 2e-20, -1
-0.826358, 0.299904, 0.763675, 0.05, 0.183066, 0.00939145, -0.259879, 0.318023, 1010.61, 16976.3, 10, 2e-20, 3e-20, 2e-20, 2e-20, -1
-0.87045, 0.254322, 0.81196, 0.05, 0.0582592, -0.157837, -0.192801, 0.255888, 997.392, -4172.07, 10, 2e-20, 3e-20, 2e-20, 2e-20, -1
-0.897179, 0.222501, 0.83753, 0.05, 0.0839801, -0.164396, -0.175242, 0.254536, 997.256, -4390.59, 10, 2e-20, 3e-20, 2e-20, 2e-20, -1
-0.872052, 0.252088, 0.873079, 0.05, -0.0550447, -0.146978, -0.146091, 0.214418, 1009.56, 15288, 10, 2e-20, 3e-20, 2e-20, 2e-20, -1
-0.874248, 0.285096, 0.911265, 0.05, 0.0265739, -0.0317419, -0.0670504, 0.0788002, 1005.76, 9208.12, 10, 2e-20, 3e-20, 2e-20, 2e-20, -1
-0.82687, 0.379841, 0.957291, 0.05, 0.295372, -0.0827681, -0.144309, 0.338999, 1006.62, 10586.9, 10, 2e-20, 3e-20, 2e-20, 2e-20, -1
-0.914526, 0.246248, 0.917108, 0.05, 0.0210667, -0.172274, -0.266316, 0.317878, 1001.59, 2548.03, 10, 2e-20, 3e-20, 2e-20, 2e-20, -1
-0.928978, 0.369853, 0.966987, 0.05, 0.0607803, -0.181436, -0.234972, 0.303026, 1000.17, 267.658, 10, 2e-20, 3e-20, 2e-20, 2e-20, -1
-0.917533, 0.234863, 1.00795, 0.05, 0.00306478, -0.217455, -0.188517, 0.28781, 998.937, -1700.7, 10, 2e-20, 3e-20, 2e-20, 2e-20, -1
-0.92189, 0.34618, 1.15075, 0.05, -0.00561848, -0.343019, -0.217647, 0.40628, 1020.83, 33332.3, 10, 2e-20, 3e-20, 2e-20, 2e-20, -1
-0.70706, 0.451966, 1.12979, 0.05, 0.0415857, -0.158483, -0.119765, 0.202953, 999.159, -1345.29, 10, 2e-20, 3e-20, 2e-20, 2e-20, -1
-0.806098, 0.342107, 0.979078, 0.05, 0.090504, -0.220533, -0.30818, 0.389616, 999.496, -806.245, 10, 2e-20, 3e-20, 2e-20, 2e-20, -1
-0.710125, 0.307855, 0.917842, 0.05, 0.152373, 0.156839, -0.122169, 0.250482, 1000.66, 1051.87, 10, 2e-20, 3e-20, 2e-20, 2e-20, -1
-0.569591, 0.329799, 1.02047, 0.05, 0.115832, -0.105598, 0.131114, 0.20435, 1005.21, 8336.36, 10, 2e-20, 3e-20, 2e-20, 2e-20, -1
-0.617173, 0.243378, 1.03596, 0.05, 0.27302, 0.0466675, -0.251154, 0.373893, 1002.45, 3915.42, 10, 2e-20, 3e-20, 2e-20, 2e-20, -1
-0.657474, 0.332559, 0.951148, 0.05, 0.00620917, 0.0594539, -0.246937, 0.254069, 1006.19, 9900.59, 10, 2e-20, 3e-20, 2e-20, 2e-20, -1
-0.837005, 0.329653, 1.07114, 0.05, -0.118214, -0.0685071, -0.226179, 0.264243, 1003.53, 5647.67, 10, 2e-20, 3e-20, 2e-20, 2e-20, -1
-0.686464, 0.212005, 1.05718, 0.05, 0.00290554, -0.0756845, -0.13938, 0.15863, 1003.56, 5699.62, 10, 2e-20, 3e-20, 2e-20, 2e-20, -1
-0.649396, 0.281881, 0.955233, 0.05, 0.0525368, 0.163866, -0.359981, 0.398997, 1003.85, 6166.85, 10, 2e-20, 3e-20, 2e-20, 2e-20, -1
-0.605035, 0.240514, 1.16294, 0.05, 0.204715, -0.208189, -0.114247, 0.313534, 993.85, -9839.72, 10, 2e-20, 3e-20, 2e-20, 2e-20, -1
-0.568174, 0.196564, 1.18278, 0.05, 0.0602405, -0.115317, -0.0945531, 0.160833, 1003.63, 5806.51, 10, 2e-20, 3e-20, 2e-20, 2e-20, -1
-0.556256, 0.134519, 1.25845, 0.05, 0.172092, -0.0756788, -0.0090245, 0.188214, 1002.38, 3807.05, 10, 2e-20, 3e-20, 2e-20, 2e-20, -1
-0.518806, 0.19399, 1.22857, 0.05, 0.222756, 0.00402458, -0.135415, 0.260718, 1003.89, 6218.78, 10, 2e-20, 3e-20, 2e-20, 2e-20, -1
-0.509023, 0.16298, 1.28456, 0.05, 0.0939044, -0.124844, 0.0131742, 0.156772, 998.604, -2232.98, 10, 2e-20, 3e-20, 2e-20, 2e-20, -1
-0.553341, 0.246618, 1.35704, 0.05, 0.150476, -0.289273, 0.0376096, 0.328232, 997.654, -3753.3, 10, 2e-20, 3e-20, 2e-20, 2e-20, -1
-0.895227, 0.494097, 0.0571013, 0.05, 0.281504, -0.192029, -0.81335, 0.881849, 1019.19, 30708.5, 10, 2e-20, 3e-20, 2e-20, 2e-20, -1
-0.940699, 0.497902, 0.209399, 0.05, -0.581637, 0.0355691, 0.362748, 0.686406, 1010.65, 17037.7, 10, 2e-20, 3e-20, 2e-20, 2e-20, -1
-0.909494, 0.502927, 0.284361, 0.05, 0.253572, 0.191485, -0.0165446, 0.31818, 1008.13, 13008.8, 10, 2e-20, 3e-20, 2e-20, 2e-20, -1
-0.913001, 0.448087, 0.354268, 0.05, -0.192157, -0.334402, 0.119375, 0.403732, 997.334, -4265.82, 10, 2e-20, 3e-20, 2e-20, 2e-20, -1
-0.866347, 0.404715, 0.117386, 0.05, 0.989421, 0.197612, 0.620262, 1.18437, 1027.03, 43243, 10, 2e-20, 3e-20, 2e-20, 2e-20, -1
-0.823276, 0.397355, 0.20557, 0.05, 0.451797, 0.138332, -0.355956, 0.591575, 1013.07, 20918.6, 10, 2e-20, 3e-20, 2e-20, 2e-20, -1
-0.875651, 0.321344, 0.191457, 0.05, -0.24931, 0.314851, -0.0814491, 0.409781, 1015.73, 25170.6, 10, 2e-20, 3e-20, 2e-20, 2e-20, -1
-0.86112, 0.407683, 0.225314, 0.05, -0.626189, 0.320727, 0.143718, 0.718076, 1013, 20795.9, 10, 2e-20, 3e-20, 2e-20, 2e-20, -1
-0.885336, 0.358935, 0.223024, 0.05, -0.162258, 0.0212497, 0.168334, 0.234767, 1009.56, 15290.9, 10, 2e-20, 3e-20, 2e-20, 2e-20, -1
-0.826923, 0.446243, 0.401138, 0.05, 0.0292236, -0.0655314, 0.207461, 0.219519, 997.281, -4350.85, 10, 2e-20, 3e-20, 2e-20, 2e-20, -1
-0.869108, 0.413539, 0.325279, 0.05, 0.0563097, 0.0813542, 0.0169282, 0.100379, 999.067, -1492.46, 10, 2e-20, 3e-20, 2e-20, 2e-20, -1
-0.866391, 0.409608, 0.409984, 0.05, 0.0268834, 0.249937, 0.0753263, 0.262422, 1007.17, 11470.8, 10, 2e-20, 3e-20, 2e-20, 2e-20, -1
-0.841481, 0.446949, 0.536347, 0.05, 0.0460633, 0.112195, -0.224401, 0.25508, 1002.86, 4576.67, 10, 2e-20, 3e-20, 2e-20, 2e-20, -1
-0.829556, 0.37437, 0.40272, 0.05, -0.116624, -0.0239904, -0.292475, 0.315782, 1013.52, 21636.1, 10, 2e-20, 3e-20, 2e-20, 2e-20, -1
-0.879522, 0.442158, 0.573252, 0.05, -0.0932815, 0.0383828, -0.171841, 0.199259, 998.34, -2655.44, 10, 2e-20, 3e-20, 2e-20, 2e-20, -1
-0.886689, 0.388715, 0.566747, 0.05, 0.0391918, -0.0424046, -0.0886397, 0.105788, 998.344, -2649.72, 10, 2e-20, 3e-20, 2e-20, 2e-20, -1
-0.80449, 0.415427, 0.528511, 0.05, 0.0850203, 0.102274, -0.25256, 0.285438, 999.625, -599.4, 10, 2e-20, 3e-20, 2e-20, 2e-20, -1
-0.866003, 0.414284, 0.617279, 0.05, 0.124439, 0.147663, -0.0682177, 0.2048, 1003.52, 5626.5, 10, 2e-20, 3e-20, 2e-20, 2e-20, -1
-0.809373, 0.343958, 0.526855, 0.05, -0.195134, -0.184515, -0.17389, 0.319939, 1006.12, 9787.06, 10, 2e-20, 3e-20, 2e-20, 2e-20, -1
-0.788203, 0.354441, 0.651921, 0.05, -0.0389325, 0.139769, -0.301176, 0.334302, 998.173, -2922.95, 10, 2e-20, 3e-20, 2e-20, 2e-20, -1
-0.857552, 0.367254, 0.696881, 0.05, 0.0859174, 0.18111, -0.338314, 0.393242, 1006.09, 9738.41, 10, 2e-20, 3e-20, 2e-20, 2e-20, -1
-0.805423, 0.386186, 0.741196, 0.05, 0.0409876, 0.0409006, -0.184717, 0.19358, 1011.38, 18209.1, 10, 2e-20, 3e-20, 2e-20, 2e-20, -1
-0.876789, 0.44722, 0.835881, 0.05, 0.170283, -0.154774, -0.181468, 0.293056, 1001.85, 2952.92, 10, 2e-20, 3e-20, 2e-20, 2e-20, -1
-0.867721, 0.454255, 0.894882, 0.05, -0.0627841, -0.280374, -0.144999, 0.321832, 1002.02, 3235.44, 10, 2e-20, 3e-20, 2e-20, 2e-20, -1
-0.866137, 0.393534, 0.888052, 0.05, 0.0682167, -0.194474, 0.0201574, 0.207075, 999.278, -1155.67, 10, 2e-20, 3e-20, 2e-20, 2e-20, -1
-0.809097, 0.372544, 0.872844, 0.05, -0.00634115, -0.199752, -0.193526, 0.278197, 1011.32, 18104.2, 10, 2e-20, 3e-20, 2e-20, 2e-20, -1
-0.821353, 0.375044, 0.779064, 0.05, 0.0115517, 0.0345619, -0.193012, 0.196422, 998.492, -2413.49, 10, 2e-20, 3e-20, 2e-20, 2e-20, -1
-0.824335, 0.426705, 0.883152, 0.05, -0.0132169, 0.0249453, -0.143391, 0.146143, 1000.53, 848.107, 10, 2e-20, 3e-20, 2e-20, 2e-20, -1
-0.828713, 0.286072, 0.811393, 0.05, 0.00515262, -0.0621424, -0.00593691, 0.0626376, 1005.84, 9344.88, 10, 2e-20, 3e-20, 2e-20, 2e-20, -1
-0.847904, 0.34152, 0.896456, 0.05, -0.00274565, 0.0991891, -0.119544, 0.15536, 996.514, -5577.9, 10, 2e-20, 3e-20, 2e-20, 2e-20, -1
-0.866034, 0.394443, 0.930822, 0.05, -0.0149918, -0.059379, -0.399062, 0.403734, 1001.72, 2751.3, 10, 2e-20, 3e-20, 2e-20, 2e-20, -1
-0.752164, 0.513803, 1.20413, 0.05, 0.0558103, 0.0541445, -0.385831, 0.393589, 991.468, -13651.5, 10, 2e-20, 3e-20, 2e-20, 2e-20, -1
-0.855264, 0.445227, 1.01778, 0.05, -0.176444, -0.0382752, -0.068194, 0.192997, 1000.86, 1368.3, 10, 2e-20, 3e-20, 2e-20, 2e-20, -1
-0.710513, 0.448535, 1.0445, 0.05, 0.0310136, -0.213339, -0.199319, 0.293604, 998.566, -2295.08, 10, 2e-20, 3e-20, 2e-20, 2e-20, -1
-0.880567, 0.401353, 1.03103, 0.05, -0.121683, 0.133244, -0.154962, 0.237853, 997.761, -3581.62, 10, 2e-20, 3e-20, 2e-20, 2e-20, -1
-0.826487, 0.443014, 1.05296, 0.05, -0.112482, -0.200455, -0.307791, 0.384148, 991.32, -13888.1, 10, 2e-20, 3e-20, 2e-20, 2e-20, -1
-0.68603, 0.444576, 1.26651, 0.05, 0.187523, 0.0367566, -0.26684, 0.328206, 1002.04, 3263.06, 10, 2e-20, 3e-20, 2e-20, 2e-20, -1
-0.674255, 0.42431, 0.998613, 0.05, -0.00518496, 0.0584291, -0.176022, 0.185539, 1003.37, 5392.07, 10, 2e-20, 3e-20, 2e-20, 2e-20, -1
-0.826093, 0.371153, 1.04322, 0.05, -0.00946078, -0.0874511, -0.238672, 0.254365, 1003.87, 6198.45, 10, 2e-20, 3e-20, 2e-20, 2e-20, -1
-0.621444, 0.383651, 1.06734, 0.05, 0.249931, -0.0772132, -0.55141, 0.610312, 999.899, -161.271, 10, 2e-20, 3e-20, 2e-20, 2e-20, -1
-0.848061, 0.370289, 1.09212, 0.05, 0.110337, -0.0915659, 0.133374, 0.195824, 1000.94, 1497.21, 10, 2e-20, 3e-20, 2e-20, 2e-20, -1
-0.686157, 0.38442, 0.98137, 0.05, -0.0988988, -0.149279, -0.445783, 0.480403, 1001.88, 3009.29, 10, 2e-20, 3e-20, 2e-20, 2e-20, -1
-0.606542, 0.367664, 1.02571, 0.05, -0.0396248, 0.0435663, 0.00941627, 0.059639, 1003.19, 5110.02, 10, 2e-20, 3e-20, 2e-20, 2e-20, -1
-0.600057, 0.359735, 1.10401, 0.05, 0.170139, -0.0727521, -0.327433, 0.376102, 995.819, -6690.27, 10, 2e-20, 3e-20, 2e-20, 2e-20, -1
-0.521694, 0.282771, 1.10446, 0.05, -0.112368, -0.307127, -0.236988, 0.403877, 1007.1, 11357.6, 10, 2e-20, 3e-20, 2e-20, 2e-20, -1
-0.586114, 0.309284, 1.08559, 0.05, 0.125919, 0.0679099, -0.449873, 0.472073, 1009.36, 14983, 10, 2e-20, 3e-20, 2e-20, 2e-20, -1
-0.564495, 0.255683, 1.13468, 0.05, 0.421251, -0.252967, -0.209011, 0.533976, 1000.87, 1400, 10, 2e-20, 3e-20, 2e-20, 2e-20, -1
-0.525844, 0.207843, 1.16058, 0.05, 0.176278, -0.0908516, -0.0271581, 0.200163, 1000.53, 844.013, 10, 2e-20, 3e-20, 2e-20, 2e-20, -1
-0.524232, 0.230632, 1.19539, 0.05, 0.188903, -0.208148, -0.152488, 0.319785, 1001.25, 2001.44, 10, 2e-20, 3e-20, 2e-20, 2e-20, -1
-0.528742, 0.213022, 1.26498, 0.05, 0.26266, -0.146773, -0.0125954, 0.30115, 1006.86, 10970.8, 10, 2e-20, 3e-20, 2e-20, 2e-20, -1
-0.481774, 0.275462, 1.31807, 0.05, 0.100611, -0.121852, -0.116153, 0.196117, 999.162, -1340.75, 10, 2e-20, 3e-20, 2e-20, 2e-20, -1
-0.843399, 0.497445, 0.104266, 0.05, -0.117092, 0.922668, -0.709042, 1.16952, 1041.84, 66938.1, 10, 2e-20, 3e-20, 2e-20, 2e-20, -1
-0.845025, 0.44998, 0.267005, 0.05, -0.112318, 0.252346, 0.195109, 0.338174, 1007.74, 12391.6, 10, 2e-20, 3e-20, 2e-20, 2e-20, -1
-0.850713, 0.479106, 0.441343, 0.05, -0.082752, -0.120373, 0.0440966, 0.152584, 999.528, -755.195, 10, 2e-20, 3e-20, 2e-20, 2e-20, -1
-0.868432, 0.504101, 0.426144, 0.05, -0.0757679, 0.119195, 0.152487, 0.207848, 986.803, -21115.2, 10, 2e-20, 3e-20, 2e-20, 2e-20, -1
-0.829382, 0.434949, 0.307776, 0.05, -0.0200657, 0.116861, -0.154551, 0.194795, 1011.96, 19131.4, 10, 2e-20, 3e-20, 2e-20, 2e-20, -1
-0.76346, 0.38478, 0.178755, 0.05, -0.799487, 0.0470267, -0.0679137, 0.803743, 992.54, -11935.8, 10, 2e-20, 3e-20, 2e-20, 2e-20, -1
-0.784171, 0.431171, 0.301298, 0.05, 0.0330226, 0.0228262, -0.324569, 0.327042, 999.16, -1344.03, 10, 2e-20, 3e-20, 2e-20, 2e-20, -1
-0.801519, 0.454498, 0.342297, 0.05, -0.192457, 0.148841, -0.258016, 0.354635, 1009.17, 14672.4, 10, 2e-20, 3e-20, 2e-20, 2e-20, -1
-0.828649, 0.42305, 0.445424, 0.05, -0.13338, 0.0745637, -0.287087, 0.325221, 1001.79, 2863.76, 10, 2e-20, 3e-20, 2e-20, 2e-20, -1
-0.781843, 0.445374, 0.388342, 0.05, 0.362898, -0.0276504, -0.15461, 0.395429, 1009.88, 15810.8, 10, 2e-20, 3e-20, 2e-20, 2e-20, -1
-0.802683, 0.440601, 0.442397, 0.05, -0.108048, 0.0758204, -0.146791, 0.19741, 1012.14, 19421.5, 10, 2e-20, 3e-20, 2e-20, 2e-20, -1
-0.802313, 0.447129, 0.493997, 0.05, 0.135065, -0.113221, -0.113928, 0.20986, 1009.29, 14863.4, 10, 2e-20, 3e-20, 2e-20, 2e-20, -1
-0.811999, 0.460276, 0.575047, 0.05, -0.0642098, 0.26972, 0.14726, 0.313938, 1007.63, 12214.2, 10, 2e-20, 3e-20, 2e-20, 2e-20, -1
-0.846591, 0.42824, 0.676759, 0.05, -0.0281205, -0.354598, -0.212009, 0.414099, 1004.47, 7151.41, 10, 2e-20, 3e-20, 2e-20, 2e-20, -1
-0.781563, 0.410192, 0.473555, 0.05, 0.0451103, 0.0567299, 0.173561, 0.188087, 993.93, -9711.56, 10, 2e-20, 3e-20, 2e-20, 2e-20, -1
-0.800307, 0.414334, 0.698327, 0.05, 0.119501, -0.0899681, -0.000450209, 0.149583, 1002.26, 3616.76, 10, 2e-20, 3e-20, 2e-20, 2e-20, -1
-0.778471, 0.431851, 0.572217, 0.05, 0.0350582, 0.0738924, -0.122681, 0.147444, 998.716, -2054.24, 10, 2e-20, 3e-20, 2e-20, 2e-20, -1
-0.829988, 0.384321, 0.656621, 0.05, 0.137016, 0.0644034, -0.207598, 0.25694, 1001.57, 2508.79, 10, 2e-20, 3e-20, 2e-20, 2e-20, -1
-0.841497, 0.412975, 0.720342, 0.05, -0.217643, 0.131853, -0.126502, 0.284177, 999.083, -1467.28, 10, 2e-20, 3e-20, 2e-20, 2e-20, -1
-0.781101, 0.402957, 0.644691, 0.05, -0.193175, -0.204631, -0.306855, 0.416353, 999.669, -529.848, 10, 2e-20, 3e-20, 2e-20, 2e-20, -1
-0.799659, 0.429286, 0.733328, 0.05, -0.0821044, 0.0390265, -0.340274, 0.352208, 998.676, -2119.03, 10, 2e-20, 3e-20, 2e-20, 2e-20, -1
-0.762549, 0.43946, 0.667788, 0.05, 0.266246, 0.244197, -0.126429, 0.382758, 1003.82, 6110.76, 10, 2e-20, 3e-20, 2e-20, 2e-20, -1
-0.834932, 0.441992, 0.766887, 0.05, 0.256763, -0.105, -0.283868, 0.396904, 996.272, -5965.48, 10, 2e-20, 3e-20, 2e-20, 2e-20, -1
-0.822452, 0.44474, 0.8041, 0.05, -0.34261, 0.0929928, 0.0863148, 0.365349, 997.497, -4005.03, 10, 2e-20, 3e-20, 2e-20, 2e-20, -1
-0.838876, 0.432692, 0.844009, 0.05, -0.230018, -0.0175513, -0.301516, 0.379642, 1005.95, 9513.13, 10, 2e-20, 3e-20, 2e-20, 2e-20, -1
-0.808016, 0.423611, 0.929765, 0.05, 0.396464, -0.101291, -0.0619163, 0.413857, 999.813, -299.208, 10, 2e-20, 3e-20, 2e-20, 2e-20, -1
-0.722709, 0.427131, 0.904861, 0.05, 0.143964, 0.138448, -0.0719691, 0.212304, 1001.41, 2262.28, 10, 2e-20, 3e-20, 2e-20, 2e-20, -1
-0.807275, 0.4361, 0.979404, 0.05, -0.112945, 0.0517029, -0.156998, 0.200195, 1002.09, 3348.09, 10, 2e-20, 3e-20, 2e-20, 2e-20, -1
-0.763525, 0.429734, 0.932877, 0.05, 0.0125431, -0.117137, -0.0637655, 0.133957, 1003.8, 6081.24, 10, 2e-20, 3e-20, 2e-20, 2e-20, -1
-0.77226, 0.393481, 0.839866, 0.05, 0.251675, -0.0356938, -0.355427, 0.43697, 1001.65, 2642.12, 10, 2e-20, 3e-20, 2e-20, 2e-20, -1
-0.731628, 0.454289, 0.954132, 0.05, 0.0277972, 0.105646, -0.369376, 0.385191, 1007.44, 11911.5, 10, 2e-20, 3e-20, 2e-20, 2e-20, -1
-0.767324, 0.390993, 0.884332, 0.05, 0.0986386, -0.0176251, -0.343025, 0.35736, 1002.83, 4532.38, 10, 2e-20, 3e-20, 2e-20, 2e-20, -1
-0.77054, 0.433336, 0.974653, 0.05, 0.0137582, 0.0686445, -0.52444, 0.529093, 998.585, -2263.54, 10, 2e-20, 3e-20, 2e-20, 2e-20, -1
-0.690228, 0.471278, 1.0164, 0.05, -0.0603219, -0.125334, -0.0595859, 0.15132, 997.934, -3305.1, 10, 2e-20, 3e-20, 2e-20, 2e-20, -1
-0.68583, 0.443139, 1.08631, 0.05, 0.118656, 0.0611551, -0.16231, 0.210151, 1009.27, 14830.9, 10, 2e-20, 3e-20, 2e-20, 2e-20, -1
-0.588371, 0.422288, 1.09269, 0.05, 0.0418696, 0.0339407, -0.1575, 0.166467, 1002.67, 4264.11, 10, 2e-20, 3e-20, 2e-20, 2e-20, -1
-0.723319, 0.444363, 0.995106, 0.05, 0.0406805, 0.122691, -0.233002, 0.266454, 1005.77, 9232.91, 10, 2e-20, 3e-20, 2e-20, 2e-20, -1
-0.629087, 0.402212, 1.21441, 0.05, 0.247322, -0.0899777, -0.273965, 0.379896, 999.721, -446.897, 10, 2e-20, 3e-20, 2e-20, 2e-20, -1
-0.624213, 0.429821, 1.14504, 0.05, 0.212405, 0.223275, 0.075401, 0.317258, 1004.7, 7527.45, 10, 2e-20, 3e-20, 2e-20, 2e-20, -1
-0.673739, 0.406974, 1.20752, 0.05, -0.0840642, 0.117538, -0.209632, 0.254612, 998.457, -2468.37, 10, 2e-20, 3e-20, 2e-20, 2e-20, -1
-0.596294, 0.387445, 1.1444, 0.05, 0.268019, 0.0945469, -0.0229861, 0.285135, 998.911, -1742.73, 10, 2e-20, 3e-20, 2e-20, 2e-20, -1
-0.562288, 0.389911, 1.11787, 0.05, -0.0644843, 0.0783652, 0.0574269, 0.116607, 992.369, -12210.1, 10, 2e-20, 3e-20, 2e-20, 2e-20, -1
-0.540853, 0.337873, 1.1043, 0.05, -0.0607935, -0.101999, -0.492068, 0.506193, 1008.28, 13242.4, 10, 2e-20, 3e-20, 2e-20, 2e-20, -1
-0.529456, 0.293032, 1.14863, 0.05, 0.0682775, -0.229697, -0.168187, 0.292762, 997.796, -3526.21, 10, 2e-20, 3e-20, 2e-20, 2e-20, -1
-0.564955, 0.339179, 1.16428, 0.05, 0.0689903, 0.00323315, -0.3092, 0.31682, 1002.03, 3252.51, 10, 2e-20, 3e-20, 2e-20, 2e-20, -1
-0.504354, 0.322514, 1.16308, 0.05, 0.161149, -0.0423569, -0.138752, 0.21683, 1004.68, 7494.22, 10, 2e-20, 3e-20, 2e-20, 2e-20, -1
-0.507305, 0.268732, 1.2007, 0.05, 0.051445, -0.200028, -0.208045, 0.293156, 1004.72, 7545.75, 10, 2e-20, 3e-20, 2e-20, 2e-20, -1
-0.478394, 0.237277, 1.17235, 0.05, 0.0635494, -0.0671, -0.0350303, 0.0988335, 1003.8, 6073.79, 10, 2e-20, 3e-20, 2e-20, 2e-20, -1
-0.447689, 0.25692, 1.20425, 0.05, 0.210851, 0.0291954, -0.410388, 0.462308, 999.793, -330.637, 10, 2e-20, 3e-20, 2e-20, 2e-20, -1
-0.500179, 0.255583, 1.2472, 0.05, 0.0679217, -0.267656, -0.181865, 0.330647, 995.67, -6927.33, 10, 2e-20, 3e-20, 2e-20, 2e-20, -1
-0.509991, 0.294491, 1.27272, 0.05, 0.117733, -0.209242, -0.0616793, 0.247887, 993.772, -9964.25, 10, 2e-20, 3e-20, 2e-20, 2e-20, -1
-0.883738, 0.498017, 0.147039, 0.05, -0.614447, 0.152831, 0.338239, 0.71785, 1004.34, 6936.22, 10, 2e-20, 3e-20, 2e-20, 2e-20, -1
-0.807839, 0.496258, 0.226934, 0.05, -0.41017, -0.0759965, -0.0727579, 0.423448, 1016.14, 25826.9, 10, 2e-20, 3e-20, 2e-20, 2e-20, -1
-0.853149, 0.495864, 0.372641, 0.05, -0.0662143, 0.123077, -0.229945, 0.269086, 999.871, -206.715, 10, 2e-20, 3e-20, 2e-20, 2e-20, -1
-0.814549, 0.497991, 0.473125, 0.05, 0.116227, 0.0932938, 0.0520116, 0.157853, 1018.74, 29987.4, 10, 2e-20, 3e-20, 2e-20, 2e-20, -1
-0.87251, 0.498354, 0.508078, 0.05, 0.176151, 0.256107, 0.049539, 0.31476, 1024.49, 39190.9, 10, 2e-20, 3e-20, 2e-20, 2e-20, -1
-0.846628, 0.455439, 0.484396, 0.05, 0.0292294, 0.191033, -0.0750896, 0.207332, 1004.45, 7124.02, 10, 2e-20, 3e-20, 2e-20, 2e-20, -1
-0.902607, 0.473549, 0.54406, 0.05, -0.0933436, -0.0680466, -0.018093, 0.116922, 999.681, -510.263, 10, 2e-20, 3e-20, 2e-20, 2e-20, -1
0.997428, -0.0290639, 1.64217, 0.05, -0.0152178, 0.0460019, -1.22791, 1.22887, 999.939, -97.0056, 10, 2e-20, 3e-20, 2e-20, 2e-20, -1
-0.82171, 0.500494, 0.602764, 0.05, -0.0519003, -0.143727, 0.013864, 0.153439, 1005.7, 9120.67, 10, 2e-20, 3e-20, 2e-20, 2e-20, -1
-0.89472, 0.497521, 0.631311, 0.05, -0.293431, 0.118228, -0.255897, 0.406894, 1006.14, 9825.67, 10, 2e-20, 3e-20, 2e-20, 2e-20, -1
-0.855642, 0.465696, 0.612497, 0.05, 0.306656, -0.27652, 0.0311171, 0.414089, 996.593, -5450.74, 10, 2e-20, 3e-20, 2e-20, 2e-20, -1
-0.759653, 0.493232, 0.559002, 0.05, 0.0179044, 0.0221602, 0.196088, 0.198147, 1008.63, 13802.3, 10, 2e-20, 3e-20, 2e-20, 2e-20, -1
-0.881038, 0.452494, 0.76989, 0.05, -0.0114955, 0.239519, -0.177008, 0.298049, 1012.52, 20025.4, 10, 2e-20, 3e-20, 2e-20, 2e-20, -1
-0.879035, 0.459014, 0.713732, 0.05, -0.0872561, -0.313536, -0.0669663, 0.332269, 997.421, -4126.99, 10, 2e-20, 3e-20, 2e-20, 2e-20, -1
-0.923533, 0.497662, 0.987439, 0.05, 0.00375033, 0.0610342, 0.225923, 0.234052, 1001.36, 2183.71, 10, 2e-20, 3e-20, 2e-20, 2e-20, -1
-0.758743, -0.491742, 1.37983, 0.05, -0.216852, 0.411965, 0.44529, 0.644223, 1011.29, 18071.1, 10, 2e-20, 3e-20, 2e-20, 2e-20, -1
-0.880677, 0.500315, 0.935613, 0.05, -0.0432033, -0.108215, 0.148204, 0.188524, 1006.38, 10205.1, 10, 2e-20, 3e-20, 2e-20, 2e-20, -1
-0.874136, 0.493791, 1.09706, 0.05, -0.338583, 0.0901617, -0.132799, 0.374704, 1013.92, 22268, 10, 2e-20, 3e-20, 2e-20, 2e-20, -1
-0.931863, 0.499371, 1.04835, 0.05, 0.150715, 0.211829, 0.165662, 0.30827, 1005.89, 9431.62, 10, 2e-20, 3e-20, 2e-20, 2e-20, -1
-0.745205, 0.489006, 1.24273, 0.05, 0.092664, -0.322895, -0.27715, 0.435499, 1000.92, 1471.09, 10, 2e-20, 3e-20, 2e-20, 2e-20, -1
-0.835165, 0.443062, 0.931996, 0.05, 0.093498, -0.0728494, 0.0932875, 0.150836, 1002.43, 3889.88, 10, 2e-20, 3e-20, 2e-20, 2e-20, -1
-0.67828, 0.393551, 1.29428, 0.05, 0.236075, -0.166915, -0.343197, 0.44875, 995.623, -7003.33, 10, 2e-20, 3e-20, 2e-20, 2e-20, -1
-0.7681, 0.444698, 0.89875, 0.05, 0.047691, 0.25424, 0.105105, 0.279212, 1007.51, 12020.5, 10, 2e-20, 3e-20, 2e-20, 2e-20, -1
-0.985864, 0.189409, 1.36842, 0.05, 0.191987, -0.447748, -0.339211, 0.593634, 987.389, -20178.2, 10, 2e-20, 3e-20, 2e-20, 2e-20, -1
-0.633526, 0.498853, 1.23907, 0.05, -0.00172644, 0.0937989, 0.00485246, 0.0939402, 1001.55, 2474.46, 10, 2e-20, 3e-20, 2e-20, 2e-20, -1
-0.741775, 0.331878, 1.34768, 0.05, 0.258997, -0.182997, -0.421019, 0.52709, 1000.03, 46.9223, 10, 2e-20, 3e-20, 2e-20, 2e-20, -1
-0.734473, 0.49496, 1.13557, 0.05, -0.0972506, 0.106235, -0.193178, 0.240959, 1010.09, 16142.9, 10, 2e-20, 3e-20, 2e-20, 2e-20, -1
-0.57744, -0.505503, 2.18732, 0.05, 0.000289986, -0.012508, -0.765618, 0.76572, 1000, 2.55389, 10, 2e-20, 3e-20, 2e-20, 2e-20, -1
-0.745558, 0.47293, 1.3216, 0.05, 0.374492, -0.0396783, -0.0431488, 0.379052, 986.958, -20868, 10, 2e-20, 3e-20, 2e-20, 2e-20, -1
-0.619428, 0.384358, 1.2667, 0.05, -0.0318172, -0.201168, -0.381499, 0.432461, 1003.47, 5549.68, 10, 2e-20, 3e-20, 2e-20, 2e-20, -1
0.949847, -0.107395, 1.39377, 0.05, -0.0622119, -0.0673288, -0.470194, 0.479047, 994.252, -9197.1, 10, 2e-20, 3e-20, 2e-20, 2e-20, -1
-0.59487, 0.567358, 1.41983, 0.05, -0.00121779, -0.113773, -0.0539037, 0.125902, 998.373, -2603.53, 10, 2e-20, 3e-20, 2e-20, 2e-20, -1
-0.685128, 0.484431, 1.3059, 0.05, -0.107782, -0.269546, -0.0822242, 0.301716, 1003.05, 4876.34, 10, 2e-20, 3e-20, 2e-20, 2e-20, -1
-0.473208, 0.370664, 1.19519, 0.05, 0.0785174, 0.00139282, -0.243286, 0.255646, 1004.89, 7819.73, 10, 2e-20, 3e-20, 2e-20, 2e-20, -1
-0.598782, 0.285578, 1.19661, 0.05, 0.0335542, -0.168485, -0.132107, 0.216715, 1016.32, 26105.9, 10, 2e-20, 3e-20, 2e-20, 2e-20, -1
-0.509493, 0.301517, 1.2117, 0.05, 0.111887, 0.0298024, -0.258349, 0.28311, 1001.03, 1642.2, 10, 2e-20, 3e-20, 2e-20, 2e-20, -1
-0.845275, 0.374694, 1.27917, 0.05, 0.306407, -0.109554, -0.394036, 0.51103, 1000.36, 582.603, 10, 2e-20, 3e-20, 2e-20, 2e-20, -1
-0.781429, 0.370573, 1.29144, 0.05, 0.0745795, -0.126116, -0.170103, 0.224505, 1000.73, 1174.22, 10, 2e-20, 3e-20, 2e-20, 2e-20, -1
-0.712672, 0.347151, 1.06268, 0.05, 0.0120335, 0.00819327, -0.566654, 0.566841, 1006.79, 10865, 10, 2e-20, 3e-20, 2e-20, 2e-20, -1
-0.525248, 0.360512, 1.13851, 0.05, 0.136065, -0.00671979, -0.0826982, 0.159367, 1000.47, 748.93, 10, 2e-20, 3e-20, 2e-20, 2e-20, -1
-0.752695, 0.352225, 1.00952, 0.05, -0.0469407, 0.0444578, -0.173007, 0.184692, 1002.32, 3708.88, 10, 2e-20, 3e-20, 2e-20, 2e-20, -1
-0.697919, 0.3212, 0.969776, 0.05, 0.110645, -0.122968, -0.506841, 0.533152, 999.558, -707.167, 10, 2e-20, 3e-20, 2e-20, 2e-20, -1
-0.690189, 0.282312, 1.07503, 0.05, 0.0524418, -0.0775883, -0.332382, 0.345323, 1003.2, 5122.72, 10, 2e-20, 3e-20, 2e-20, 2e-20, -1
-0.697263, 0.284459, 0.975647, 0.05, 0.0829176, -0.131817, -0.389088, 0.419095, 996.157, -6149.55, 10, 2e-20, 3e-20, 2e-20, 2e-20, -1
-0.810353, 0.359737, 1.12851, 0.05, 0.0811782, 0.240441, -0.566008, 0.620295, 1007.92, 12674.4, 10, 2e-20, 3e-20, 2e-20, 2e-20, -1
-0.588032, 0.358591, 1.30869, 0.05, 0.0486372, -0.167235, -0.285202, 0.334175, 991.866, -13014, 10, 2e-20, 3e-20, 2e-20, 2e-20, -1
-0.626616, 0.250022, 1.35806, 0.05, 0.0627804, -0.179072, -0.0396676, 0.19386, 993.321, -10685.6, 10, 2e-20, 3e-20, 2e-20, 2e-20, -1
-0.698086, 0.272786, 1.01886, 0.05, -0.0200474, -0.0923236, -0.387193, 0.398552, 998.494, -2410.23, 10, 2e-20, 3e-20, 2e-20, 2e-20, -1
-0.551637, 0.32544, 1.20162, 0.05, 0.0896553, -0.109862, -0.296255, 0.328443, 1007.48, 11964.2, 10, 2e-20, 3e-20, 2e-20, 2e-20, -1
-0.509537, 0.352437, 1.27265, 0.05, 0.154694, 0.0216083, -0.172019, 0.232352, 1004.06, 6501.41, 10, 2e-20, 3e-20, 2e-20, 2e-20, -1
-0.740166, 0.379011, 1.33753, 0.05, 0.0869186, -0.328684, -0.174364, 0.382087, 1000.15, 238.289, 10, 2e-20, 3e-20, 2e-20, 2e-20, -1
-0.874571, -0.496548, 0.0592842, 0.05, -0.10968, -0.194014, -0.196732, 0.297279, 1009.51, 15218.4, 10, 2e-20, 3e-20, 2e-20, 2e-20, -1
-0.85018, -0.494153, 0.35605, 0.05, -0.0985485, 0.0884024, 0.0176504, 0.13356, 1021.91, 35056, 10, 2e-20, 3e-20, 2e-20, 2e-20, -1
-0.869144, -0.495428, 0.415097, 0.05, 0.0385026, -0.0759344, 0.211813, 0.228283, 1005.29, 8457.14, 10, 2e-20, 3e-20, 2e-20, 2e-20, -1
-0.882734, -0.495533, 0.526235, 0.05, 0.134131, 0.00350263, 0.0545771, 0.144852, 1016.75, 26797.6, 10, 2e-20, 3e-20, 2e-20, 2e-20, -1
-0.837726, -0.459521, 0.402474, 0.05, 0.0696333, 0.0351, 0.0996547, 0.126538, 1003.85, 6160.36, 10, 2e-20, 3e-20, 2e-20, 2e-20, -1
-0.720955, -0.499307, 0.518499, 0.05, 0.0378946, -0.0960573, -0.0418378, 0.111415, 1008.97, 14353.6, 10, 2e-20, 3e-20, 2e-20, 2e-20, -1
-0.764787, -0.497727, 0.4731, 0.05, -0.0305839, 0.0294935, -0.0894058, 0.0989881, 1005.52, 8836.15, 10, 2e-20, 3e-20, 2e-20, 2e-20, -1
-0.831139, -0.496051, 0.479191, 0.05, 0.0611102, -0.00856068, -0.0463726, 0.0771891, 1007.19, 11509.9, 10, 2e-20, 3e-20, 2e-20, 2e-20, -1
-0.858502, -0.494439, 0.913461, 0.05, 0.00687912, -0.00867715, 0.140938, 0.141372, 1007.88, 12607.5, 10, 2e-20, 3e-20, 2e-20, 2e-20, -1
-0.812546, -0.494537, 0.612769, 0.05, -0.00764991, -0.0534156, 0.129039, 0.139867, 1001.95, 3120.59, 10, 2e-20, 3e-20, 2e-20, 2e-20, -1
-0.94063, -0.492392, 0.873432, 0.05, -0.243329, -0.151413, 0.200576, 0.349808, 991.843, -13051, 10, 2e-20, 3e-20, 2e-20, 2e-20, -1
-0.858517, -0.495089, 0.580016, 0.05, -0.0345575, 0.0841887, 0.145872, 0.171932, 1011.38, 18211.9, 10, 2e-20, 3e-20, 2e-20, 2e-20, -1
-0.892885, -0.497886, 0.981636, 0.05, -0.0424142, -0.161448, 0.217043, 0.27381, 1007.78, 12448.7, 10, 2e-20, 3e-20, 2e-20, 2e-20, -1
-0.840159, -0.497809, 0.80426, 0.05, -0.0505563, -0.0856215, 0.105151, 0.144719, 1002.45, 3925.67, 10, 2e-20, 3e-20, 2e-20, 2e-20, -1
-0.881915, -0.495444, 0.856067, 0.05, 0.0991314, -0.0843504, 0.134829, 0.187406, 1006.27, 10027.3, 10, 2e-20, 3e-20, 2e-20, 2e-20, -1
-0.422419, -0.0101045, 1.26991, 0.05, 0.111676, -0.00359724, 0.106653, 0.154465, 995.466, -7254.57, 10, 2e-20, 3e-20, 2e-20, 2e-20, -1
-0.780979, -0.49545, 0.822446, 0.05, -0.0616788, 0.0390799, 0.0414059, 0.0839402, 1012.74, 20381.7, 10, 2e-20, 3e-20, 2e-20, 2e-20, -1
-0.864131, -0.496978, 1.04536, 0.05, -0.130279, 0.0404138, 0.299449, 0.329053, 1005.3, 8481.21, 10, 2e-20, 3e-20, 2e-20, 2e-20, -1
-0.755268, -0.494181, 0.875784, 0.05, 0.142034, 0.0683151, -0.0496812, 0.165253, 1002.84, 4546.94, 10, 2e-20, 3e-20, 2e-20, 2e-20, -1
-0.767517, -0.468005, 0.740397, 0.05, -0.0802075, -0.0811968, 0.146852, 0.185989, 997.545, -3927.95, 10, 2e-20, 3e-20, 2e-20, 2e-20, -1
-0.698001, -0.495438, 1.00217, 0.05, -0.0122608, 0.0609709, 0.0762257, 0.0983776, 1003.54, 5660.44, 10, 2e-20, 3e-20, 2e-20, 2e-20, -1
-0.702516, -0.496021, 0.878433, 0.05, 0.0644787, -0.00412569, 0.0505543, 0.0820382, 1001.31, 2102.06, 10, 2e-20, 3e-20, 2e-20, 2e-20, -1
-0.809041, -0.498305, 1.08212, 0.05, -0.0822845, 0.118941, 0.2935, 0.3272, 1006.95, 11119.7, 10, 2e-20, 3e-20, 2e-20, 2e-20, -1
-0.837204, -0.500249, 1.13179, 0.05, -0.0829348, -0.124978, 0.485722, 0.508354, 1004.59, 7350.56, 10, 2e-20, 3e-20, 2e-20, 2e-20, -1
-0.728524, -0.452142, 1.02335, 0.05, 0.0265017, -0.102687, 0.171896, 0.201978, 997.132, -4588.94, 10, 2e-20, 3e-20, 2e-20, 2e-20, -1
-0.872646, -0.500997, 1.23872, 0.05, 0.20958, 0.138047, 0.254042, 0.357097, 1004.3, 6874.38, 10, 2e-20, 3e-20, 2e-20, 2e-20, -1
-0.758792, -0.485594, 1.08771, 0.05, 0.0710756, 0.107582, 0.171314, 0.214416, 1000.08, 134.668, 10, 2e-20, 3e-20, 2e-20, 2e-20, -1
-0.725917, -0.493985, 1.23123, 0.05, 0.314479, -0.659244, 0.340301, 0.805795, 1006.84, 10936.8, 10, 2e-20, 3e-20, 2e-20, 2e-20, -1
-0.760405, -0.476712, 1.26201, 0.05, 0.403058, -0.35866, 0.38747, 0.664248, 1009.25, 14805.3, 10, 2e-20, 3e-20, 2e-20, 2e-20, -1
-0.624254, -0.489501, 1.2796, 0.05, 0.256675, -0.231632, 0.352619, 0.493838, 1004.16, 6659.68, 10, 2e-20, 3e-20, 2e-20, 2e-20, -1
-0.680206, -0.493547, 1.2908, 0.05, 0.0556408, -0.184461, 0.0312233, 0.195184, 986.51, -21583.4, 10, 2e-20, 3e-20, 2e-20, 2e-20, -1
-0.596311, -0.498921, 1.22913, 0.05, -0.0965791, 0.00570008, 0.0101941, 0.0972828, 1003.12, 4998.34, 10, 2e-20, 3e-20, 2e-20, 2e-20, -1
-0.655692, -0.503129, 1.12566, 0.05, 0.0224969, 0.0981891, 0.442817, 0.45413, 1005.39, 8617.17, 10, 2e-20, 3e-20, 2e-20, 2e-20, -1
-0.629001, -0.481715, 1.33885, 0.05, 0.115656, -0.226905, 0.233086, 0.345241, 1002.69, 4302.03, 10, 2e-20, 3e-20, 2e-20, 2e-20, -1
-0.566102, -0.452564, 1.28169, 0.05, 0.0788445, 0.000416518, 0.295581, 0.305917, 1000.88, 1409.3, 10, 2e-20, 3e-20, 2e-20, 2e-20, -1
-0.582732, -0.391363, 1.33988, 0.05, 0.0545929, -0.178419, 0.303979, 0.356675, 1007, 11202.1, 10, 2e-20, 3e-20, 2e-20, 2e-20, -1
-0.635199, -0.466633, 1.40672, 0.05, 0.243016, -0.0325112, 0.432289, 0.496978, 1002.84, 4545.38, 10, 2e-20, 3e-20, 2e-20, 2e-20, -1
-0.635328, -0.399145, 1.40514, 0.05, 0.108658, -0.160195, 0.0611112, 0.202986, 1000.18, 287.174, 10, 2e-20, 3e-20, 2e-20, 2e-20, -1
-0.637653, -0.34024, 1.29106, 0.05, 0.0863196, -0.260522, 0.129705, 0.303556, 1005.5, 8805.2, 10, 2e-20, 3e-20, 2e-20, 2e-20, -1
-0.501055, -0.367532, 1.24202, 0.05, -0.0131371, -0.289409, 0.284117, 0.405774, 1004.62, 7396.19, 10, 2e-20, 3e-20, 2e-20, 2e-20, -1
-0.63854, -0.318504, 1.31839, 0.05, 0.24519, -0.112582, -0.0473963, 0.273933, 999.064, -1497.33, 10, 2e-20, 3e-20, 2e-20, 2e-20, -1
-0.587289, -0.352446, 1.34973, 0.05, 0.105752, -0.216193, 0.176259, 0.298312, 1001.62, 2596.37, 10, 2e-20, 3e-20, 2e-20, 2e-20, -1
-0.617559, -0.304233, 1.35298, 0.05, 0.195675, 0.000119454, 0.0835222, 0.212755, 997.44, -4095.99, 10, 2e-20, 3e-20, 2e-20, 2e-20, -1
-0.618529, -0.253296, 1.36737, 0.05, 0.320068, -0.0917464, -0.0363311, 0.334934, 1005.57, 8916.82, 10, 2e-20, 3e-20, 2e-20, 2e-20, -1
-0.61705, -0.261173, 1.31804, 0.05, 0.18819, -0.158406, -0.0182092, 0.246656, 1001.51, 2411.69, 10, 2e-20, 3e-20, 2e-20, 2e-20, -1
-0.526502, -0.0622908, 1.3707, 0.05, 0.118939, 0.0983363, 0.269779, 0.310801, 999.223, -1242.48, 10, 2e-20, 3e-20, 2e-20, 2e-20, -1
-0.690226, -0.30931, 1.36788, 0.05, -0.0744372, -0.176857, -0.136659, 0.235573, 1003.28, 5255.06, 10, 2e-20, 3e-20, 2e-20, 2e-20, -1
-0.548561, -0.123453, 1.33837, 0.05, 0.264284, -0.0906607, -0.0741687, 0.289079, 1000.44, 707.39, 10, 2e-20, 3e-20, 2e-20, 2e-20, -1
-0.572601, -0.290093, 1.34481, 0.05, 0.0357061, -0.0534214, 0.0509625, 0.0820119, 1000.54, 867.865, 10, 2e-20, 3e-20, 2e-20, 2e-20, -1
-0.508826, -0.259397, 1.31096, 0.05, 0.341661, -0.0477573, -0.0469847, 0.348167, 1000.27, 429.413, 10, 2e-20, 3e-20, 2e-20, 2e-20, -1
-0.436316, -0.0298, 1.40225, 0.05, -0.0506465, 0.0727448, 0.251254, 0.266431, 996.612, -5420.38, 10, 2e-20, 3e-20, 2e-20, 2e-20, -1
-0.81706, -0.499406, 0.0694323, 0.05, -0.203654, 0.0171642, 0.0470512, 0.209722, 1010.31, 16493, 10, 2e-20, 3e-20, 2e-20, 2e-20, -1
-0.845373, -0.498002, 0.178081, 0.05, 0.00516893, -0.0227423, 0.174725, 0.176274, 1010.83, 17334.2, 10, 2e-20, 3e-20, 2e-20, 2e-20, -1
-0.820862, -0.458666, 0.229938, 0.05, -0.1074, -0.0234635, -0.0121695, 0.110605, 1012.92, 20676.6, 10, 2e-20, 3e-20, 2e-20, 2e-20, -1
-0.847838, -0.451729, 0.316876, 0.05, -0.0325983, -0.0093677, 0.0660649, 0.0742629, 1013.8, 22083.3, 10, 2e-20, 3e-20, 2e-20, 2e-20, -1
-0.812015, -0.455133, 0.279947, 0.05, 0.0364918, 0.067623, -0.0910142, 0.119114, 1009.43, 15084.8, 10, 2e-20, 3e-20, 2e-20, 2e-20, -1
-0.84436, -0.424939, 0.259723, 0.05, 0.0460455, 0.0776967, -0.0594162, 0.108108, 1009.54, 15264.7, 10, 2e-20, 3e-20, 2e-20, 2e-20, -1
-0.798863, -0.445004, 0.326699, 0.05, 0.0495068, 0.0998395, -0.0500397, 0.122159, 1011.91, 19061.7, 10, 2e-20, 3e-20, 2e-20, 2e-20, -1
-0.752146, -0.454057, 0.375622, 0.05, 0.171418, 0.139023, 0.0337646, 0.223275, 996.42, -5728.31, 10, 2e-20, 3e-20, 2e-20, 2e-20, -1
-0.791952, -0.439464, 0.421185, 0.05, -0.024549, 0.0310006, 0.138254, 0.143798, 1001.57, 2505.04, 10, 2e-20, 3e-20, 2e-20, 2e-20, -1
-0.761359, -0.451266, 0.443445, 0.05, -0.0934989, -0.142416, 0.0534424, 0.178551, 1003.4, 5444.72, 10, 2e-20, 3e-20, 2e-20, 2e-20, -1
-0.657931, -0.485177, 0.471067, 0.05, 0.078261, -0.0945301, 0.108732, 0.163962, 1001.49, 2388.79, 10, 2e-20, 3e-20, 2e-20, 2e-20, -1
-0.779991, -0.475501, 0.495502, 0.05, -0.00904803, -0.0490264, 0.0337699, 0.0602151, 1001.88, 3006.49, 10, 2e-20, 3e-20, 2e-20, 2e-20, -1
-0.704513, -0.446141, 0.467906, 0.05, -0.043361, 0.00200016, 0.137831, 0.144505, 998.082, -3068.68, 10, 2e-20, 3e-20, 2e-20, 2e-20, -1
-0.746969, -0.42853, 0.476192, 0.05, 0.0255414, -0.148903, 0.0592448, 0.162279, 1004.29, 6865.66, 10, 2e-20, 3e-20, 2e-20, 2e-20, -1
-0.786305, -0.454435, 0.574655, 0.05, -0.0972311, 0.05496, -0.0600924, 0.126829, 1002.06, 3296.92, 10, 2e-20, 3e-20, 2e-20, 2e-20, -1
-0.762663, -0.465688, 0.529456, 0.05, -0.0352845, -0.120368, -0.132283, 0.182297, 1004.91, 7855.85, 10, 2e-20, 3e-20, 2e-20, 2e-20, -1
-0.718764, -0.443475, 0.516118, 0.05, -0.0507999, 0.0611458, -0.00629621, 0.0797439, 1002.41, 3858.03, 10, 2e-20, 3e-20, 2e-20, 2e-20, -1
-0.785516, -0.444553, 0.62009, 0.05, -0.000706815, 0.0548761, 0.0770038, 0.0945593, 1003.67, 5875.04, 10, 2e-20, 3e-20, 2e-20, 2e-20, -1
-0.766028, -0.378327, 0.48066, 0.05, -0.0451699, 0.0948674, 0.0153978, 0.106194, 1004.51, 7218.48, 10, 2e-20, 3e-20, 2e-20, 2e-20, -1
-0.733276, -0.420916, 0.553257, 0.05, -0.107511, 0.0962233, -0.0104232, 0.144659, 1003.08, 4933.59, 10, 2e-20, 3e-20, 2e-20, 2e-20, -1
-0.75136, -0.385559, 0.529021, 0.05, 0.0120239, -0.0868102, 0.115166, 0.14472, 997.298, -4323.83, 10, 2e-20, 3e-20, 2e-20, 2e-20, -1
-0.723317, -0.388692, 0.58736, 0.05, -0.0873171, -0.147395, 0.116071, 0.206935, 1004.66, 7450.17, 10, 2e-20, 3e-20, 2e-20, 2e-20, -1
-0.72294, -0.440242, 0.738056, 0.05, 0.0213309, 0.0104993, -0.00272552, 0.0239306, 1003.42, 5474.62, 10, 2e-20, 3e-20, 2e-20, 2e-20, -1
-0.745906, -0.391026, 0.635837, 0.05, 0.0688254, -0.0847082, -0.123347, 0.164702, 1004.59, 7337.75, 10, 2e-20, 3e-20, 2e-20, 2e-20, -1
-0.717544, -0.420131, 0.644219, 0.05, -0.08256, 0.159706, -0.0138219, 0.180314, 1001.36, 2180.46, 10, 2e-20, 3e-20, 2e-20, 2e-20, -1
-0.777554, -0.42987, 0.758159, 0.05, -0.026044, -0.0299944, 0.139515, 0.14506, 1008.43, 13495.1, 10, 2e-20, 3e-20, 2e-20, 2e-20, -1
-0.734494, -0.411279, 0.766791, 0.05, 0.128011, 0.0232291, 0.102002, 0.16532, 1003.73, 5974.86, 10, 2e-20, 3e-20, 2e-20, 2e-20, -1
-0.757105, -0.40717, 0.868045, 0.05, -0.146723, -0.000930642, 0.0420105, 0.152621, 1004.25, 6806.45, 10, 2e-20, 3e-20, 2e-20, 2e-20, -1
-0.804422, -0.39828, 0.849793, 0.05, 0.111929, -0.024637, -0.114531, 0.162026, 996.616, -5414.91, 10, 2e-20, 3e-20, 2e-20, 2e-20, -1
-0.781634, -0.41322, 0.913258, 0.05, -0.0166859, -0.0897232, -0.0166647, 0.0927706, 1003.62, 5787.73, 10, 2e-20, 3e-20, 2e-20, 2e-20, -1
-0.845146, -0.501102, 1.18798, 0.05, -0.159226, 0.0638103, 0.0469969, 0.177858, 1002.55, 4072.49, 10, 2e-20, 3e-20, 2e-20, 2e-20, -1
-0.734506, -0.435336, 0.936556, 0.05, 0.0794076, -0.175072, 0.0905569, 0.212501, 1002.9, 4634.12, 10, 2e-20, 3e-20, 2e-20, 2e-20, -1
-0.714478, -0.444851, 1.1181, 0.05, 0.106704, -0.136962, 0.162992, 0.23814, 1003.93, 6285.1, 10, 2e-20, 3e-20, 2e-20, 2e-20, -1
-0.715298, -0.407028, 1.04161, 0.05, -0.0243964, 0.093062, 0.151309, 0.179305, 1000.88, 1415.6, 10, 2e-20, 3e-20, 2e-20, 2e-20, -1
-0.676488, -0.456519, 1.1582, 0.05, -0.0439063, 0.00804951, 0.0143788, 0.0468968, 998.657, -2148.23, 10, 2e-20, 3e-20, 2e-20, 2e-20, -1
-0.665985, -0.404886, 1.01041, 0.05, 0.114067, 0.0896216, 0.130179, 0.19491, 999.994, -9.28504, 10, 2e-20, 3e-20, 2e-20, 2e-20, -1
-0.701142, -0.318743, 1.03048, 0.05, 0.0111071, 0.0300518, -0.170724, 0.173705, 996.824, -5081.62, 10, 2e-20, 3e-20, 2e-20, 2e-20, -1
-0.682912, -0.414948, 1.09844, 0.05, -0.114972, -0.0924557, 0.0987305, 0.177523, 1002.5, 4001.22, 10, 2e-20, 3e-20, 2e-20, 2e-20, -1
-0.592296, -0.411072, 1.25781, 0.05, 0.125527, -0.220324, 0.104582, 0.274294, 1001.1, 1752.45, 10, 2e-20, 3e-20, 2e-20, 2e-20, -1
-0.694391, -0.377841, 1.15573, 0.05, -0.0444871, -0.167215, -0.0439052, 0.178515, 1006.39, 10217.2, 10, 2e-20, 3e-20, 2e-20, 2e-20, -1
-0.553548, -0.339344, 1.24186, 0.05, 0.0371742, -0.106698, 0.235829, 0.261499, 1002.23, 3560.39, 10, 2e-20, 3e-20, 2e-20, 2e-20, -1
-0.593558, -0.383214, 1.2052, 0.05, -0.0125186, -0.137999, 0.0877941, 0.164037, 1011.92, 19077.3, 10, 2e-20, 3e-20, 2e-20, 2e-20, -1
-0.638364, -0.403061, 1.3043, 0.05, 0.12358, 0.00478888, 0.298228, 0.322854, 1004.78, 7651.88, 10, 2e-20, 3e-20, 2e-20, 2e-20, -1
-0.535835, -0.325868, 1.20231, 0.05, 0.161227, 0.0263177, 0.0480884, 0.170292, 997.338, -4258.88, 10, 2e-20, 3e-20, 2e-20, 2e-20, -1
-0.505267, -0.330958, 1.28427, 0.05, 0.202322, -0.0481235, 0.320798, 0.38231, 1001.66, 2662.97, 10, 2e-20, 3e-20, 2e-20, 2e-20, -1
-0.500641, -0.320191, 1.34925, 0.05, 0.0414796, -0.119794, 0.153212, 0.19886, 1001.44, 2306.83, 10, 2e-20, 3e-20, 2e-20, 2e-20, -1
-0.44552, -0.23815, 1.30176, 0.05, 0.0974643, 0.00247318, 0.136302, 0.167582, 1003.76, 6015.47, 10, 2e-20, 3e-20, 2e-20, 2e-20, -1
-0.374287, -0.174931, 1.29572, 0.05, 0.10644, -0.048297, 0.202626, 0.233922, 1002.31, 3692.91, 10, 2e-20, 3e-20, 2e-20, 2e-20, -1
-0.385489, -0.21054, 1.30076, 0.05, 0.0700675, -0.0620159, 0.158147, 0.183755, 999.014, -1577.77, 10, 2e-20, 3e-20, 2e-20, 2e-20, -1
-0.371602, -0.189276, 1.33177, 0.05, 0.0750786, 0.0429593, 0.112927, 0.142249, 1000.07, 116.459, 10, 2e-20, 3e-20, 2e-20, 2e-20, -1
-0.371604, -0.140699, 1.41239, 0.05, 0.152073, 0.140134, 0.179392, 0.273762, 997.32, -4287.58, 10, 2e-20, 3e-20, 2e-20, 2e-20, -1
-0.803157, -0.4051, 0.0491639, 0.05, -0.0563627, -0.203663, -0.0452451, 0.216107, 1003.49, 5578.71, 10, 2e-20, 3e-20, 2e-20, 2e-20, -1
-0.816846, -0.465244, 0.0445612, 0.05, -0.100105, -0.164431, -0.0236088, 0.193948, 1015.92, 25471.4, 10, 2e-20, 3e-20, 2e-20, 2e-20, -1
-0.819029, -0.403331, 0.0972978, 0.05, -0.19892, -0.0747254, 0.00741372, 0.212622, 1004.65, 7437.28, 10, 2e-20, 3e-20, 2e-20, 2e-20, -1
-0.793892, -0.392585, 0.157996, 0.05, 0.0193261, 0.121097, 0.0924343, 0.153565, 1011.21, 17941.2, 10, 2e-20, 3e-20, 2e-20, 2e-20, -1
-0.823727, -0.413383, 0.201359, 0.05, -0.0392278, 0.0535592, 0.0338683, 0.0745284, 996.765, -5176.55, 10, 2e-20, 3e-20, 2e-20, 2e-20, -1
-0.824854, -0.348427, 0.167607, 0.05, 0.0790673, 0.0178549, -0.0768284, 0.111683, 1003.77, 6027.85, 10, 2e-20, 3e-20, 2e-20, 2e-20, -1
-0.801231, -0.364368, 0.203547, 0.05, -0.0172864, -0.0470105, -0.0272407, 0.0570164, 1007, 11206.6, 10, 2e-20, 3e-20, 2e-20, 2e-20, -1
-0.83733, -0.379615, 0.240436, 0.05, 0.0542325, -0.0601303, -0.0670837, 0.105152, 1000.75, 1200.04, 10, 2e-20, 3e-20, 2e-20, 2e-20, -1
-0.82418, -0.399659, 0.29784, 0.05, 0.0870204, 0.0324266, 0.0249479, 0.0961584, 1000.62, 987.096, 10, 2e-20, 3e-20, 2e-20, 2e-20, -1
-0.840284, -0.348362, 0.282153, 0.05, 0.068275, 0.00782718, 0.0534189, 0.0870421, 1003.14, 5030.69, 10, 2e-20, 3e-20, 2e-20, 2e-20, -1
-0.845642, -0.426221, 0.35865, 0.05, -0.197732, -0.0138564, 0.0267607, 0.200016, 1003.27, 5235.45, 10, 2e-20, 3e-20, 2e-20, 2e-20, -1
-0.857088, -0.383731, 0.315128, 0.05, 0.0468644, -0.0356679, -0.0541988, 0.0800374, 1006.68, 10687.8, 10, 2e-20, 3e-20, 2e-20, 2e-20, -1
-0.713779, -0.422746, 0.379501, 0.05, -0.0073551, 0.00479671, -0.00267925, 0.00918064, 1000.9, 1440.5, 10, 2e-20, 3e-20, 2e-20, 2e-20, -1
-0.76079, -0.406664, 0.397578, 0.05, 0.0574515, -0.010469, 0.00985251, 0.0592228, 1004.65, 7446.74, 10, 2e-20, 3e-20, 2e-20, 2e-20, -1
-0.798858, -0.421274, 0.476218, 0.05, -0.0763493, -0.153082, 0.00633384, 0.171183, 999.514, -777.409, 10, 2e-20, 3e-20, 2e-20, 2e-20, -1
-0.779421, -0.365494, 0.382878, 0.05, -0.0427726, -0.0563945, -0.0370609, 0.0798959, 1013.86, 22170.6, 10, 2e-20, 3e-20, 2e-20, 2e-20, -1
-0.832074, -0.441512, 0.602326, 0.05, -0.109283, -0.0885112, 0.119934, 0.184828, 1006.97, 11154.9, 10, 2e-20, 3e-20, 2e-20, 2e-20, -1
-0.78805, -0.382677, 0.43283, 0.05, -0.166158, 0.0129154, -0.111253, 0.200381, 1014.71, 23540.3, 10, 2e-20, 3e-20, 2e-20, 2e-20, -1
-0.736754, -0.371088, 0.438349, 0.05, 0.101713, 0.148186, -0.0249309, 0.181456, 1000.91, 1454.76, 10, 2e-20, 3e-20, 2e-20, 2e-20, -1
-0.795657, -0.357764, 0.560795, 0.05, -0.00894229, 0.00797205, -0.0482848, 0.0497488, 998.75, -1999.4, 10, 2e-20, 3e-20, 2e-20, 2e-20, -1
-0.815745, -0.328306, 0.600654, 0.05, -0.068273, 0.0749464, -0.0135315, 0.10228, 999.449, -881.508, 10, 2e-20, 3e-20, 2e-20, 2e-20, -1
-0.825299, -0.343654, 0.642426, 0.05, -0.0251715, 0.188962, -0.0562512, 0.198757, 1009.59, 15341.8, 10, 2e-20, 3e-20, 2e-20, 2e-20, -1
-0.845502, -0.309338, 0.680231, 0.05, 0.0580913, 0.090607, 0.0317366, 0.112212, 1003.9, 6239.82, 10, 2e-20, 3e-20, 2e-20, 2e-20, -1
-0.799823, -0.4346, 0.716489, 0.05, 0.0589382, -0.00741389, 0.0682193, 0.0904574, 1004.07, 6509.29, 10, 2e-20, 3e-20, 2e-20, 2e-20, -1
-0.784326, -0.372312, 0.666059, 0.05, 0.0604111, -0.14982, -0.00521297, 0.161625, 998.279, -2754.34, 10, 2e-20, 3e-20, 2e-20, 2e-20, -1
-0.826906, -0.394656, 0.718327, 0.05, -0.062184, -0.0163914, -0.00239381, 0.0643526, 1005.31, 8499.04, 10, 2e-20, 3e-20, 2e-20, 2e-20, -1
-0.784129, -0.384001, 0.76928, 0.05, -0.0323246, 0.0818614, 0.236336, 0.252192, 1004.29, 6863.35, 10, 2e-20, 3e-20, 2e-20, 2e-20, -1
-0.796352, -0.461221, 0.899599, 0.05, -0.0528889, 0.281743, 0.00389898, 0.28669, 1003.72, 5955.87, 10, 2e-20, 3e-20, 2e-20, 2e-20, -1
-0.823155, -0.326015, 0.799465, 0.05, 0.0904872, -0.157315, 0.211244, 0.278496, 1003.8, 6085.25, 10, 2e-20, 3e-20, 2e-20, 2e-20, -1
-0.824509, -0.307174, 0.857622, 0.05, 0.015701, 0.099683, -0.00789459, 0.10122, 1000.33, 524.843, 10, 2e-20, 3e-20, 2e-20, 2e-20, -1
-0.802535, -0.348759, 0.846866, 0.05, 0.166919, 0.153249, 0.000868924, 0.226601, 1006.86, 10968.4, 10, 2e-20, 3e-20, 2e-20, 2e-20, -1
-0.77852, -0.368252, 0.80713, 0.05, -0.0781164, -0.039223, 0.0922329, 0.127073, 1002.15, 3446.51, 10, 2e-20, 3e-20, 2e-20, 2e-20, -1
-0.749134, -0.349336, 0.862388, 0.05, -0.0521399, 0.106043, 0.11087, 0.162036, 1000.9, 1446.82, 10, 2e-20, 3e-20, 2e-20, 2e-20, -1
-0.751208, -0.347518, 0.919737, 0.05, 0.0956433, 0.00419047, -0.147513, 0.175856, 997.219, -4450.02, 10, 2e-20, 3e-20, 2e-20, 2e-20, -1
-0.785294, -0.341945, 0.957575, 0.05, -0.0143488, -0.0453686, 0.191761, 0.197576, 1000.23, 366.337, 10, 2e-20, 3e-20, 2e-20, 2e-20, -1
-0.779471, -0.295596, 0.922419, 0.05, 0.011403, 0.0385282, 0.11221, 0.119187, 1003.92, 6278.74, 10, 2e-20, 3e-20, 2e-20, 2e-20, -1
-0.707804, -0.370018, 1.02156, 0.05, 0.0681705, 0.000293913, -0.103157, 0.123647, 1000.65, 1033.51, 10, 2e-20, 3e-20, 2e-20, 2e-20, -1
-0.708447, -0.275662, 1.01002, 0.05, -0.0422623, -0.0501449, 0.161518, 0.174324, 1001.9, 3033.62, 10, 2e-20, 3e-20, 2e-20, 2e-20, -1
-0.723757, -0.357824, 1.10376, 0.05, -0.0994821, -0.114683, 0.0836452, 0.173336, 999.981, -30.695, 10, 2e-20, 3e-20, 2e-20, 2e-20, -1
-0.658163, -0.267231, 1.0458, 0.05, 0.0717804, -0.0169471, 0.0289622, 0.0792366, 992.694, -11689, 10, 2e-20, 3e-20, 2e-20, 2e-20, -1
-0.709472, -0.254882, 1.06081, 0.05, 0.0332429, -0.188764, -0.14984, 0.243287, 996.192, -6092.82, 10, 2e-20, 3e-20, 2e-20, 2e-20, -1
-0.627588, -0.336309, 1.14522, 0.05, 0.0236347, -0.107888, 0.133845, 0.17353, 998.296, -2725.94, 10, 2e-20, 3e-20, 2e-20, 2e-20, -1
-0.663597, -0.408949, 1.20992, 0.05, 0.19707, -0.0312097, -0.0863413, 0.217406, 998.532, -2348.41, 10, 2e-20, 3e-20, 2e-20, 2e-20, -1
-0.634792, -0.356156, 1.19322, 0.05, 0.131034, -0.156935, 0.013397, 0.204885, 1000.88, 1414.91, 10, 2e-20, 3e-20, 2e-20, 2e-20, -1
-0.629524, -0.388047, 1.25165, 0.05, 0.124731, -0.0281309, 0.00996804, 0.128252, 1000.58, 933.089, 10, 2e-20, 3e-20, 2e-20, 2e-20, -1
-0.621519, -0.290953, 1.16411, 0.05, 0.0302625, -0.135049, -0.0527608, 0.148114, 1007.38, 11808.7, 10, 2e-20, 3e-20, 2e-20, 2e-20, -1
-0.588697, -0.360546, 1.24771, 0.05, 0.0870811, 0.0349072, 0.158487, 0.184173, 1003.08, 4921.16, 10, 2e-20, 3e-20, 2e-20, 2e-20, -1
-0.485886, -0.256434, 1.27862, 0.05, 0.124603, -0.132317, 0.291057, 0.343144, 1013.12, 20988.1, 10, 2e-20, 3e-20, 2e-20, 2e-20, -1
-0.494175, -0.262207, 1.23002, 0.05, 0.254474, -0.190749, 0.147844, 0.350714, 999.438, -898.692, 10, 2e-20, 3e-20, 2e-20, 2e-20, -1
-0.468912, -0.196971, 1.27481, 0.05, 0.239108, 0.0633605, 0.198455, 0.31713, 993.16, -10943.3, 10, 2e-20, 3e-20, 2e-20, 2e-20, -1
-0.369475, 0.0919372, 1.36054, 0.05, -0.0176722, 0.0975517, 0.183402, 0.208482, 1005.93, 9485.12, 10, 2e-20, 3e-20, 2e-20, 2e-20, -1
-0.882103, -0.386154, 0.0497338, 0.05, -0.0619953, -0.157945, 0.116908, 0.206052, 1002.56, 4097.26, 10, 2e-20, 3e-20, 2e-20, 2e-20, -1
-0.931457, -0.405917, 0.0471347, 0.05, -0.104995, 0.172431, 0.152313, 0.252894, 1012.48, 19971.4, 10, 2e-20, 3e-20, 2e-20, 2e-20, -1
-0.95455, -0.458075, 0.0531605, 0.05, -0.167654, 0.169094, 0.133197, 0.272841, 1007.71, 12330.2, 10, 2e-20, 3e-20, 2e-20, 2e-20, -1
-0.939117, -0.384282, 0.0883106, 0.05, -0.0666019, -0.0717412, -0.0243654, 0.100878, 1006.27, 10032.5, 10, 2e-20, 3e-20, 2e-20, 2e-20, -1
-0.878042, -0.354133, 0.0968035, 0.05, -0.171315, -0.0886164, 0.0198636, 0.193897, 1008.05, 12887.3, 10, 2e-20, 3e-20, 2e-20, 2e-20, -1
-0.814645, -0.308632, 0.137211, 0.05, -0.0236598, -0.0533761, -0.134665, 0.146777, 1003.73, 5975.58, 10, 2e-20, 3e-20, 2e-20, 2e-20, -1
-0.770518, -0.314058, 0.220405, 0.05, -0.149904, 0.0022343, 0.0382971, 0.154734, 1008.48, 13564.8, 10, 2e-20, 3e-20, 2e-20, 2e-20, -1
-0.814997, -0.33037, 0.242024, 0.05, 0.163313, 0.129582, 0.0361394, 0.211586, 1011.95, 19119.6, 10, 2e-20, 3e-20, 2e-20, 2e-20, -1
-0.756091, -0.371925, 0.214847, 0.05, 0.00119631, -0.0017379, 0.00612802, 0.00648106, 1004.17, 6664.31, 10, 2e-20, 3e-20, 2e-20, 2e-20, -1
-0.726724, -0.361898, 0.256076, 0.05, 0.035619, 0.112223, -0.0351835, 0.122884, 1009.48, 15166.6, 10, 2e-20, 3e-20, 2e-20, 2e-20, -1
-0.781172, -0.370651, 0.259126, 0.05, 0.0117796, -0.00718507, -0.000208302, 0.0137996, 1009.77, 15624.9, 10, 2e-20, 3e-20, 2e-20, 2e-20, -1
-0.724552, -0.343138, 0.297862, 0.05, -0.114858, 0.0835859, -0.0529327, 0.151594, 1004.39, 7024.8, 10, 2e-20, 3e-20, 2e-20, 2e-20, -1
-0.797324, -0.390754, 0.343285, 0.05, 0.0757322, 0.184673, 0.0132611, 0.200038, 1006.65, 10641.9, 10, 2e-20, 3e-20, 2e-20, 2e-20, -1
-0.759589, -0.312753, 0.322675, 0.05, 0.0982484, -0.0800855, -0.0939692, 0.157787, 1002.22, 3552.24, 10, 2e-20, 3e-20, 2e-20, 2e-20, -1
-0.791346, -0.351265, 0.308692, 0.05, 0.231972, -0.0133262, 0.0718449, 0.243208, 1005.08, 8123.62, 10, 2e-20, 3e-20, 2e-20, 2e-20, -1
-0.78115, -0.319346, 0.36602, 0.05, 0.172831, -0.104362, 0.0433772, 0.206504, 1004.46, 7128.65, 10, 2e-20, 3e-20, 2e-20, 2e-20, -1
-0.757724, -0.329777, 0.416913, 0.05, -0.0404066, 0.137059, 0.141133, 0.200839, 1003.03, 4848.79, 10, 2e-20, 3e-20, 2e-20, 2e-20, -1
-0.80226, -0.29637, 0.414721, 0.05, 0.0399295, -0.0480386, 0.087987, 0.107906, 995.919, -6529.63, 10, 2e-20, 3e-20, 2e-20, 2e-20, -1
-0.784883, -0.33348, 0.502574, 0.05, -0.0473174, 0.191079, -0.103843, 0.222562, 1005.99, 9583.9, 10, 2e-20, 3e-20, 2e-20, 2e-20, -1
-0.832306, -0.298565, 0.502886, 0.05, 0.0631188, 0.0682058, 0.0427043, 0.102273, 999.185, -1303.98, 10, 2e-20, 3e-20, 2e-20, 2e-20, -1
-0.781934, -0.315079, 0.456744, 0.05, 0.124741, -0.0915093, 0.0319829, 0.157978, 1000.94, 1503.06, 10, 2e-20, 3e-20, 2e-20, 2e-20, -1
-0.802031, -0.305067, 0.544515, 0.05, -0.0444349, 0.111762, -0.188395, 0.223513, 1003.29, 5267.56, 10, 2e-20, 3e-20, 2e-20, 2e-20, -1
-0.83553, -0.288296, 0.627454, 0.05, 0.166841, -0.107228, -0.00126303, 0.198332, 995.541, -7134.48, 10, 2e-20, 3e-20, 2e-20, 2e-20, -1
-0.775623, -0.310771, 0.634793, 0.05, -0.0867508, 0.111872, -0.0269772, 0.144114, 1002.69, 4308.36, 10, 2e-20, 3e-20, 2e-20, 2e-20, -1
-0.758729, -0.263716, 0.651336, 0.05, 0.0582172, 0.0338641, 0.050992, 0.084476, 1004.96, 7940.85, 10, 2e-20, 3e-20, 2e-20, 2e-20, -1
-0.78373, -0.328979, 0.682889, 0.05, 0.00981762, 0.267075, 0.0980116, 0.284661, 1005.91, 9463.98, 10, 2e-20, 3e-20, 2e-20, 2e-20, -1
-0.785288, -0.295466, 0.720233, 0.05, 0.0627963, 0.152502, -0.0958071, 0.190733, 1009.08, 14522.3, 10, 2e-20, 3e-20, 2e-20, 2e-20, -1
-0.765251, -0.322558, 0.772233, 0.05, -0.0396223, 0.0492861, 0.205059, 0.214588, 1004.59, 7346.87, 10, 2e-20, 3e-20, 2e-20, 2e-20, -1
-0.799788, -0.276749, 0.79348, 0.05, 0.156215, -0.0401257, 0.0903253, 0.184856, 1001.61, 2576.53, 10, 2e-20, 3e-20, 2e-20, 2e-20, -1
-0.818555, -0.315781, 0.756154, 0.05, -0.0239851, -0.0114022, 0.0278235, 0.0384636, 999.85, -240.21, 10, 2e-20, 3e-20, 2e-20, 2e-20, -1
-0.776415, -0.311682, 0.818159, 0.05, -0.000754011, -0.0112004, 0.166497, 0.166875, 1004.21, 6730.94, 10, 2e-20, 3e-20, 2e-20, 2e-20, -1
-0.788126, -0.23353, 0.818977, 0.05, 0.00490651, -0.124974, 0.147116, 0.193095, 1002.13, 3400.22, 10, 2e-20, 3e-20, 2e-20, 2e-20, -1
-0.729049, -0.288263, 0.802524, 0.05, -0.00886959, 0.0403812, 0.168, 0.173013, 1001.55, 2476.57, 10, 2e-20, 3e-20, 2e-20, 2e-20, -1
-0.816163, -0.241518, 0.894566, 0.05, 0.104884, 0.040353, -0.062135, 0.128412, 1006.99, 11187.1, 10, 2e-20, 3e-20, 2e-20, 2e-20, -1
-0.766319, -0.30634, 0.872509, 0.05, 0.044602, -0.211244, -0.0598751, 0.22405, 1003.14, 5025.08, 10, 2e-20, 3e-20, 2e-20, 2e-20, -1
-0.769773, -0.257833, 0.887107, 0.05, -0.0367247, 0.189984, 0.0938146, 0.215044, 1006.34, 10141.8, 10, 2e-20, 3e-20, 2e-20, 2e-20, -1
-0.728896, -0.281903, 0.925937, 0.05, 0.141614, -0.00958402, 0.0116904, 0.142419, 996.647, -5365.38, 10, 2e-20, 3e-20, 2e-20, 2e-20, -1
-0.738596, -0.203024, 0.948537, 0.05, 0.0847872, -0.202398, -0.00435173, 0.219483, 1001.99, 3190.28, 10, 2e-20, 3e-20, 2e-20, 2e-20, -1
-0.700382, -0.219994, 1.02011, 0.05, -0.0145127, -0.164126, -0.0209865, 0.166097, 997.616, -3814, 10, 2e-20, 3e-20, 2e-20, 2e-20, -1
-0.665595, -0.220147, 1.06779, 0.05, 0.124674, -0.0685446, -0.0984644, 0.173024, 1008.13, 13011.3, 10, 2e-20, 3e-20, 2e-20, 2e-20, -1
-0.753124, -0.265331, 1.08104, 0.05, 0.00663307, -0.177918, -0.0212471, 0.179305, 992.913, -11339, 10, 2e-20, 3e-20, 2e-20, 2e-20, -1
-0.685428, -0.331371, 1.14075, 0.05, -0.00261602, 0.0661036, -0.0142107, 0.0676644, 1002.08, 3335.07, 10, 2e-20, 3e-20, 2e-20, 2e-20, -1
-0.66606, -0.329845, 1.1109, 0.05, 0.0479673, -0.0811232, 0.00378237, 0.0943194, 994.528, -8755.01, 10, 2e-20, 3e-20, 2e-20, 2e-20, -1
-0.594145, -0.322605, 1.20016, 0.05, 0.0961548, -0.0813258, 0.277047, 0.304326, 1002.23, 3572.88, 10, 2e-20, 3e-20, 2e-20, 2e-20, -1
-0.664122, -0.253615, 1.13306, 0.05, 0.0876659, -0.0623735, 0.138929, 0.175718, 1002.33, 3731.52, 10, 2e-20, 3e-20, 2e-20, 2e-20, -1
-0.614829, -0.245342, 1.13316, 0.05, 0.100438, -0.0680212, 0.12282, 0.172625, 993.535, -10343.9, 10, 2e-20, 3e-20, 2e-20, 2e-20, -1
-0.574608, -0.282063, 1.16593, 0.05, 0.214317, -0.00705007, 0.0108124, 0.214706, 998.834, -1864.95, 10, 2e-20, 3e-20, 2e-20, 2e-20, -1
-0.509943, -0.225184, 1.17995, 0.05, 0.0462248, -0.00541461, -0.0509636, 0.0690169, 1002.21, 3536.56, 10, 2e-20, 3e-20, 2e-20, 2e-20, -1
-0.411301, -0.154068, 1.2612, 0.05, 0.014791, 0.0879255, 0.00093728, 0.0891658, 1002.55, 4077.39, 10, 2e-20, 3e-20, 2e-20, 2e-20, -1
-0.389321, -0.0775127, 1.3412, 0.05, 0.120196, 0.0114053, 0.182878, 0.219138, 996.882, -4988.51, 10, 2e-20, 3e-20, 2e-20, 2e-20, -1
-0.40063, 0.0613416, 1.36019, 0.05, -0.0337898, 0.127893, 0.0453566, 0.139842, 1003.8, 6075.82, 10, 2e-20, 3e-20, 2e-20, 2e-20, -1
-0.808129, -0.236563, 0.0499222, 0.05, -0.0353107, 0.0467388, -0.0582904, 0.0826386, 1015.32, 24504.2, 10, 2e-20, 3e-20, 2e-20, 2e-20, -1
-0.847454, -0.275844, 0.0575473, 0.05, -0.0246593, 0.122981, 0.0531452, 0.136223, 1002.16, 3462.18, 10, 2e-20, 3e-20, 2e-20, 2e-20, -1
-0.851542, -0.31473, 0.0983641, 0.05, 0.0272007, 0.100092, 0.112741, 0.153195, 1005.9, 9440.02, 10, 2e-20, 3e-20, 2e-20, 2e-20, -1
-0.839019, -0.236673, 0.0962357, 0.05, -0.221309, -0.0333636, 0.0350317, 0.226535, 1008.84, 14142.2, 10, 2e-20, 3e-20, 2e-20, 2e-20, -1
-0.843282, -0.174619, 0.156348, 0.05, -0.0169964, 0.0113966, -0.0191705, 0.0280405, 1015.38, 24611.1, 10, 2e-20, 3e-20, 2e-20, 2e-20, -1
-0.857925, -0.226958, 0.141121, 0.05, -0.195117, 0.0403393, -0.0288687, 0.201324, 1003.32, 5306.73, 10, 2e-20, 3e-20, 2e-20, 2e-20, -1
-0.853884, -0.211682, 0.187083, 0.05, -0.0067206, -0.0412184, 0.103174, 0.111306, 1007.32, 11718.1, 10, 2e-20, 3e-20, 2e-20, 2e-20, -1
-0.826004, -0.260902, 0.167816, 0.05, -0.00880615, 0.13658, 0.0614427, 0.150022, 1008.41, 13455.6, 10, 2e-20, 3e-20, 2e-20, 2e-20, -1
-0.810476, -0.278166, 0.239388, 0.05, 0.0355555, 0.128783, 0.0588659, 0.145994, 1004.74, 7587.09, 10, 2e-20, 3e-20, 2e-20, 2e-20, -1
-0.770282, -0.204918, 0.213758, 0.05, -0.191609, -0.0105107, -0.0962369, 0.214677, 1003.64, 5827.52, 10, 2e-20, 3e-20, 2e-20, 2e-20, -1
-0.764146, -0.26011, 0.216897, 0.05, -0.14194, 0.0104454, -0.019659, 0.143675, 1010.07, 16111.9, 10, 2e-20, 3e-20, 2e-20, 2e-20, -1
-0.780233, -0.279931, 0.283677, 0.05, -0.0835656, -0.10636, -0.125181, 0.184299, 1006.36, 10171.6, 10, 2e-20, 3e-20, 2e-20, 2e-20, -1
-0.838514, -0.277275, 0.330282, 0.05, -0.0777525, 0.0778826, 0.159317, 0.193631, 1004.77, 7631.55, 10, 2e-20, 3e-20, 2e-20, 2e-20, -1
-0.81012, -0.230807, 0.308625, 0.05, -0.164319, 0.196131, 0.0753876, 0.266742, 1008.4, 13443, 10, 2e-20, 3e-20, 2e-20, 2e-20, -1
-0.832897, -0.290271, 0.375204, 0.05, -0.173321, 0.145523, -0.00581228, 0.226387, 1006.01, 9618.46, 10, 2e-20, 3e-20, 2e-20, 2e-20, -1
-0.788181, -0.277261, 0.341118, 0.05, 0.0577232, 0.0884552, 0.0595273, 0.121243, 1008.33, 13334.4, 10, 2e-20, 3e-20, 2e-20, 2e-20, -1
-0.836392, -0.259564, 0.416427, 0.05, 0.0277666, 0.165567, -0.0121474, 0.168318, 1006.34, 10145.9, 10, 2e-20, 3e-20, 2e-20, 2e-20, -1
-0.756021, -0.271569, 0.428067, 0.05, 0.005469, -0.0633661, 0.00501412, 0.0637991, 1009.96, 15935.8, 10, 2e-20, 3e-20, 2e-20, 2e-20, -1
-0.835346, -0.292725, 0.453636, 0.05, 0.0281863, 0.0668655, 0.104401, 0.127142, 998.674, -2122.09, 10, 2e-20, 3e-20, 2e-20, 2e-20, -1
-0.81289, -0.198577, 0.49014, 0.05, 0.00942743, -0.0241121, -0.00179381, 0.0259516, 1002.78, 4455.54, 10, 2e-20, 3e-20, 2e-20, 2e-20, -1
-0.817504, -0.259458, 0.524863, 0.05, -0.0244776, -0.0881549, -0.0604636, 0.109664, 999.051, -1518.58, 10, 2e-20, 3e-20, 2e-20, 2e-20, -1
-0.803945, -0.275387, 0.586493, 0.05, 0.0392337, 0.0457017, -0.0259209, 0.065573, 1002.13, 3404.26, 10, 2e-20, 3e-20, 2e-20, 2e-20, -1
-0.844255, -0.251283, 0.580723, 0.05, 0.0682359, 0.0556761, -0.0501034, 0.101323, 1001.32, 2110.76, 10, 2e-20, 3e-20, 2e-20, 2e-20, -1
-0.764337, -0.256101, 0.595974, 0.05, 0.17174, 0.00740007, -0.0307321, 0.174625, 1001.43, 2288.94, 10, 2e-20, 3e-20, 2e-20, 2e-20, -1
-0.835461, -0.173124, 0.646061, 0.05, 0.150309, 0.00042494, -0.0485689, 0.157961, 998.687, -2100.27, 10, 2e-20, 3e-20, 2e-20, 2e-20, -1
-0.796332, -0.240948, 0.691686, 0.05, 0.0367937, 0.0131921, 0.0609378, 0.0723963, 1000.17, 275.377, 10, 2e-20, 3e-20, 2e-20, 2e-20, -1
-0.84873, -0.156849, 0.700704, 0.05, -0.0710383, 0.0385882, -0.0951654, 0.124868, 1008.7, 13922.9, 10, 2e-20, 3e-20, 2e-20, 2e-20, -1
-0.793541, -0.213183, 0.734913, 0.05, 0.0462377, -0.025448, 0.145622, 0.154891, 998.179, -2913.97, 10, 2e-20, 3e-20, 2e-20, 2e-20, -1
-0.807882, -0.193638, 0.687695, 0.05, 0.0569924, 0.0888239, -0.125296, 0.16382, 999.402, -956.054, 10, 2e-20, 3e-20, 2e-20, 2e-20, -1
-0.82622, -0.201686, 0.769898, 0.05, 0.0641733, -0.0510264, -0.0354479, 0.0893222, 1000.24, 391.894, 10, 2e-20, 3e-20, 2e-20, 2e-20, -1
-0.8245, -0.197598, 0.815576, 0.05, -0.067045, 0.0222701, 0.045709, 0.0841445, 999.197, -1284.05, 10, 2e-20, 3e-20, 2e-20, 2e-20, -1
-0.776314, -0.0808736, 0.80669, 0.05, -0.157817, 0.000520713, -0.0847599, 0.179139, 1010.22, 16357.1, 10, 2e-20, 3e-20, 2e-20, 2e-20, -1
-0.803178, -0.158336, 0.833645, 0.05, 0.0247102, -0.05755, 0.0671693, 0.0918385, 1002.91, 4658.74, 10, 2e-20, 3e-20, 2e-20, 2e-20, -1
-0.817122, -0.111603, 0.899942, 0.05, -0.014254, -0.133326, 0.183129, 0.22697, 1010.75, 17193.6, 10, 2e-20, 3e-20, 2e-20, 2e-20, -1
-0.794658, -0.187543, 0.925234, 0.05, 0.0766291, -0.302971, -0.163965, 0.352914, 992.953, -11275.6, 10, 2e-20, 3e-20, 2e-20, 2e-20, -1
-0.737538, -0.161436, 0.923938, 0.05, 0.0248696, -0.0667802, -0.133346, 0.151193, 1005.57, 8910.9, 10, 2e-20, 3e-20, 2e-20, 2e-20, -1
-0.729686, -0.248608, 0.96829, 0.05, -0.0585016, 0.0108368, 0.0479798, 0.0764325, 1002.14, 3416.05, 10, 2e-20, 3e-20, 2e-20, 2e-20, -1
-0.758965, -0.187341, 0.993152, 0.05, 0.0342815, -0.0100909, 0.014477, 0.0385569, 1006.01, 9619.06, 10, 2e-20, 3e-20, 2e-20, 2e-20, -1
-0.767656, -0.157825, 1.03674, 0.05, -0.0456168, -0.145061, -0.0264815, 0.154353, 1002.99, 4791.71, 10, 2e-20, 3e-20, 2e-20, 2e-20, -1
-0.73586, -0.205139, 1.06999, 0.05, -0.0142502, -0.0350507, 0.00407368, 0.0380554, 1011.97, 19156.3, 10, 2e-20, 3e-20, 2e-20, 2e-20, -1
-0.701867, -0.131188, 1.13193, 0.05, 0.183771, -0.109617, -0.0550214, 0.220941, 1003.84, 6150.41, 10, 2e-20, 3e-20, 2e-20, 2e-20, -1
-0.645982, -0.0829476, 1.14594, 0.05, 0.21171, -0.139058, -0.0536219, 0.258908, 1006.26, 10012.4, 10, 2e-20, 3e-20, 2e-20, 2e-20, -1
-0.702737, -0.285021, 1.12171, 0.05, -0.0267574, -0.0783111, 0.267276, 0.279795, 1007.51, 12021.1, 10, 2e-20, 3e-20, 2e-20, 2e-20, -1
-0.722196, -0.261695, 1.14068, 0.05, 0.174837, -0.16857, 0.0862751, 0.257735, 993.209, -10866, 10, 2e-20, 3e-20, 2e-20, 2e-20, -1
-0.685719, -0.212326, 1.14727, 0.05, 0.179627, -0.108928, 0.172402, 0.27176, 996.867, -5013.2, 10, 2e-20, 3e-20, 2e-20, 2e-20, -1
-0.599745, -0.160292, 1.13826, 0.05, 0.0945744, 0.000965015, -0.070461, 0.117941, 1003.54, 5668.92, 10, 2e-20, 3e-20, 2e-20, 2e-20, -1
-0.453277, -0.149046, 1.25059, 0.05, 0.162836, 0.0532976, 0.100671, 0.198723, 1006.31, 10091.5, 10, 2e-20, 3e-20, 2e-20, 2e-20, -1
-0.497152, -0.181901, 1.21687, 0.05, 0.0329451, 0.183128, 0.128844, 0.226322, 999.872, -204.402, 10, 2e-20, 3e-20, 2e-20, 2e-20, -1
-0.450642, -0.0990057, 1.28774, 0.05, 0.18171, 0.052464, -0.0685111, 0.201159, 1001.05, 1683.39, 10, 2e-20, 3e-20, 2e-20, 2e-20, -1
-0.421373, -0.0240506, 1.33403, 0.05, 0.119, -0.0366395, 0.200741, 0.236222, 999.712, -460.639, 10, 2e-20, 3e-20, 2e-20, 2e-20, -1
-0.447475, -0.107096, 1.39015, 0.05, 0.0734685, 0.203802, 0.197856, 0.293394, 999.705, -472.285, 10, 2e-20, 3e-20, 2e-20, 2e-20, -1
-0.785274, -0.181996, 0.0463039, 0.05, 0.0404085, 0.147587, -0.0790243, 0.172219, 1007.64, 12216.9, 10, 2e-20, 3e-20, 2e-20, 2e-20, -1
-0.912315, -0.236135, 0.0767779, 0.05, -0.089398, 0.147742, -0.0645324, 0.184348, 1008.44, 13509.7, 10, 2e-20, 3e-20, 2e-20, 2e-20, -1
-0.893262, -0.193936, 0.14382, 0.05, -0.0794058, 0.0715166, -0.18931, 0.21739, 1006.28, 10045.2, 10, 2e-20, 3e-20, 2e-20, 2e-20, -1
-0.854423, -0.166194, 0.103559, 0.05, 0.0625285, 0.0338981, 0.0761242, 0.104181, 1012.48, 19963.3, 10, 2e-20, 3e-20, 2e-20, 2e-20, -1
-0.908826, -0.110887, 0.131389, 0.05, -0.373683, 0.132323, -0.0610658, 0.401095, 1008.25, 13192, 10, 2e-20, 3e-20, 2e-20, 2e-20, -1
-0.811952, -0.211581, 0.131842, 0.05, 0.0682172, 0.122869, 0.0453059, 0.147659, 1005.83, 9332.1, 10, 2e-20, 3e-20, 2e-20, 2e-20, -1
-0.821264, -0.13001, 0.174709, 0.05, 0.0829704, 0.1568, -0.023151, 0.178903, 1012.3, 19674.4, 10, 2e-20, 3e-20, 2e-20, 2e-20, -1
-0.809866, -0.155983, 0.124973, 0.05, -0.18168, -0.0779157, -0.109524, 0.225996, 1008.85, 14165.2, 10, 2e-20, 3e-20, 2e-20, 2e-20, -1
-0.846549, -0.242213, 0.228325, 0.05, 0.232766, 0.0968327, -0.0347625, 0.254489, 1000.7, 1113.63, 10, 2e-20, 3e-20, 2e-20, 2e-20, -1
-0.840142, -0.164278, 0.250863, 0.05, -0.0158613, 0.236612, 0.0480285, 0.241957, 1013.22, 21153.2, 10, 2e-20, 3e-20, 2e-20, 2e-20, -1
-0.815205, -0.227229, 0.217755, 0.05, -0.141141, -0.0366321, 0.0119796, 0.146308, 1001.54, 2466.7, 10, 2e-20, 3e-20, 2e-20, 2e-20, -1
-0.832588, -0.124125, 0.281222, 0.05, -0.171552, -0.0370967, 0.00806261, 0.175702, 1011.31, 18097.9, 10, 2e-20, 3e-20, 2e-20, 2e-20, -1
-0.835935, -0.14457, 0.327083, 0.05, -0.186992, 0.223378, -0.0863474, 0.303841, 1007, 11204.2, 10, 2e-20, 3e-20, 2e-20, 2e-20, -1
-0.798183, -0.124523, 0.355756, 0.05, -0.0794781, 0.173787, -0.0430266, 0.195883, 1008.8, 14082.3, 10, 2e-20, 3e-20, 2e-20, 2e-20, -1
-0.784261, -0.214536, 0.361018, 0.05, -0.0381567, 0.0822036, -0.0399628, 0.0990474, 1004.92, 7865.35, 10, 2e-20, 3e-20, 2e-20, 2e-20, -1
-0.78868, -0.137175, 0.40132, 0.05, -0.0100335, -0.145674, -0.122534, 0.19062, 999.801, -319.16, 10, 2e-20, 3e-20, 2e-20, 2e-20, -1
-0.790134, -0.190159, 0.408748, 0.05, 0.0274826, 0.0112833, -0.118861, 0.122518, 1005.94, 9510.34, 10, 2e-20, 3e-20, 2e-20, 2e-20, -1
-0.772081, -0.187561, 0.453814, 0.05, -0.0569323, -0.114943, -0.00284507, 0.128302, 1005.63, 9005.72, 10, 2e-20, 3e-20, 2e-20, 2e-20, -1
-0.794564, -0.232893, 0.443017, 0.05, -0.154793, -0.0396801, 0.0204995, 0.161107, 1008.93, 14289, 10, 2e-20, 3e-20, 2e-20, 2e-20, -1
-0.795944, -0.149591, 0.484899, 0.05, -0.0133422, 0.00994679, 0.0773763, 0.0791458, 1011.59, 18540.3, 10, 2e-20, 3e-20, 2e-20, 2e-20, -1
-0.767622, -0.194093, 0.521078, 0.05, 0.078566, 0.0185451, 0.00216881, 0.0807542, 1001.87, 2988.84, 10, 2e-20, 3e-20, 2e-20, 2e-20, -1
-0.791518, -0.229181, 0.557834, 0.05, -0.0506277, 0.00738038, 0.0635998, 0.0816246, 1004.09, 6544.73, 10, 2e-20, 3e-20, 2e-20, 2e-20, -1
-0.765833, -0.134308, 0.52199, 0.05, 0.0321035, -0.171908, -0.0638521, 0.186172, 1002.39, 3828.86, 10, 2e-20, 3e-20, 2e-20, 2e-20, -1
-0.779981, -0.188776, 0.581647, 0.05, -0.00206361, 0.024993, -0.0980503, 0.101207, 1007.79, 12467.1, 10, 2e-20, 3e-20, 2e-20, 2e-20, -1
-0.849126, -0.132738, 0.61241, 0.05, 0.0954872, 0.00412627, 0.0637286, 0.114875, 1003.22, 5157.52, 10, 2e-20, 3e-20, 2e-20, 2e-20, -1
-0.765025, -0.142854, 0.570431, 0.05, 0.20786, -0.191988, 0.0302802, 0.284573, 1002.35, 3760.2, 10, 2e-20, 3e-20, 2e-20, 2e-20, -1
-0.784338, -0.08392, 0.627145, 0.05, -0.0122661, -0.117185, 0.128903, 0.174639, 1000.46, 729.988, 10, 2e-20, 3e-20, 2e-20, 2e-20, -1
-0.798271, -0.134695, 0.635732, 0.05, -0.0480171, 0.00860648, -0.000348075, 0.0487836, 1000.52, 827.499, 10, 2e-20, 3e-20, 2e-20, 2e-20, -1
-0.801508, -0.138669, 0.687478, 0.05, -0.0329049, -0.023354, -0.189538, 0.193785, 1011.39, 18230.3, 10, 2e-20, 3e-20, 2e-20, 2e-20, -1
-0.791016, -0.135055, 0.788724, 0.05, -0.0799426, -0.0160572, 0.014097, 0.0827489, 1004.86, 7777.21, 10, 2e-20, 3e-20, 2e-20, 2e-20, -1
-0.798914, -0.0484129, 0.842954, 0.05, -0.0031685, -0.144516, -0.0952984, 0.173138, 1002.81, 4498.14, 10, 2e-20, 3e-20, 2e-20, 2e-20, -1
-0.831968, 0.0166783, 0.845689, 0.05, -0.00859055, 0.01489, -0.0654982, 0.0677165, 1002.58, 4120.04, 10, 2e-20, 3e-20, 2e-20, 2e-20, -1
-0.81369, -0.00339981, 0.890581, 0.05, 0.0324616, -0.0133666, -0.351139, 0.352889, 1002.77, 4428.45, 10, 2e-20, 3e-20, 2e-20, 2e-20, -1
-0.862764, 0.0242562, 0.908354, 0.05, -0.00842135, 0.0127665, -0.150285, 0.151061, 1002, 3200.14, 10, 2e-20, 3e-20, 2e-20, 2e-20, -1
-0.838419, -0.174415, 0.931453, 0.05, -0.0697835, -0.172129, 0.0418476, 0.190393, 1002.39, 3823.81, 10, 2e-20, 3e-20, 2e-20, 2e-20, -1
-0.793208, -0.0536103, 0.963117, 0.05, -0.090641, -0.292768, -0.152164, 0.342174, 999.591, -654.336, 10, 2e-20, 3e-20, 2e-20, 2e-20, -1
-0.773641, -0.156797, 0.959097, 0.05, 0.0949623, 0.178536, 0.122497, 0.236429, 1007.89, 12617, 10, 2e-20, 3e-20, 2e-20, 2e-20, -1
-0.772386, -0.0801574, 1.00471, 0.05, -0.0123269, -0.141845, -0.245084, 0.28344, 1007.86, 12571.7, 10, 2e-20, 3e-20, 2e-20, 2e-20, -1
-0.66829, -0.126097, 1.09042, 0.05, 0.227437, -0.209522, -0.079765, 0.319358, 997.373, -4203.38, 10, 2e-20, 3e-20, 2e-20, 2e-20, -1
-0.696787, -0.0280621, 1.07157, 0.05, 0.20401, -0.236861, -0.319962, 0.447323, 1005.03, 8049.05, 10, 2e-20, 3e-20, 2e-20, 2e-20, -1
-0.735738, -0.095994, 1.12147, 0.05, 0.0687555, 0.0178521, -0.105822, 0.127453, 999.418, -931.02, 10, 2e-20, 3e-20, 2e-20, 2e-20, -1
-0.656055, -0.0381511, 1.11675, 0.05, 0.101686, -0.0300718, 0.0342343, 0.111428, 1006.94, 11101.3, 10, 2e-20, 3e-20, 2e-20, 2e-20, -1
-0.698278, -0.0602422, 1.12648, 0.05, 0.160577, -0.0442539, 0.112198, 0.200828, 1005.04, 8063.43, 10, 2e-20, 3e-20, 2e-20, 2e-20, -1
-0.666044, -0.109994, 1.12128, 0.05, 0.183506, -0.0939439, -0.050863, 0.212337, 1006.47, 10356.4, 10, 2e-20, 3e-20, 2e-20, 2e-20, -1
-0.617027, -0.122672, 1.10505, 0.05, 0.0664821, -0.0946891, -0.0171583, 0.116963, 1005.43, 8680.25, 10, 2e-20, 3e-20, 2e-20, 2e-20, -1
-0.610138, -0.0693651, 1.10427, 0.05, 0.223608, -0.0540392, 0.0697455, 0.240385, 1001.97, 3150.61, 10, 2e-20, 3e-20, 2e-20, 2e-20, -1
-0.557865, -0.0713564, 1.15327, 0.05, 0.216513, 0.0696721, -0.317225, 0.390338, 1001.31, 2091.52, 10, 2e-20, 3e-20, 2e-20, 2e-20, -1
-0.505176, -0.0898874, 1.16994, 0.05, 0.168889, 0.0260151, 0.0022173, 0.170895, 996.329, -5873.8, 10, 2e-20, 3e-20, 2e-20, 2e-20, -1
-0.45718, -0.0629023, 1.25631, 0.05, 0.105504, 0.0238029, 0.184683, 0.214022, 1001.1, 1753.89, 10, 2e-20, 3e-20, 2e-20, 2e-20, -1
-0.335714, -0.005442, 1.31606, 0.05, -0.0675289, 0.038362, 0.212981, 0.2267, 996.095, -6248.52, 10, 2e-20, 3e-20, 2e-20, 2e-20, -1
-0.291816, -0.0953793, 1.39804, 0.05, -0.0440312, 0.0760884, 0.112016, 0.142393, 999.983, -27.2554, 10, 2e-20, 3e-20, 2e-20, 2e-20, -1
-0.884974, -0.0962505, 0.0482519, 0.05, -0.0684794, 0.152735, 0.0584606, 0.1773, 1007.76, 12413.2, 10, 2e-20, 3e-20, 2e-20, 2e-20, -1
-0.901546, -0.147865, 0.0501388, 0.05, -0.0810778, 0.16899, -0.0405431, 0.191768, 1007.69, 12303, 10, 2e-20, 3e-20, 2e-20, 2e-20, -1
-0.916639, -0.0934585, 0.086732, 0.05, 0.065988, 0.0661105, 0.10144, 0.137896, 1006.61, 10575.3, 10, 2e-20, 3e-20, 2e-20, 2e-20, -1
-0.930393, -0.040518, 0.0966593, 0.05, 0.173484, 0.00772186, -0.0136057, 0.174188, 1006.22, 9954.21, 10, 2e-20, 3e-20, 2e-20, 2e-20, -1
-0.97098, -0.0151181, 0.166981, 0.05, -0.140848, 0.276903, 0.034613, 0.312588, 1011.33, 18129.2, 10, 2e-20, 3e-20, 2e-20, 2e-20, -1
-0.910027, -0.0649715, 0.176779, 0.05, -0.177559, 0.309632, 0.022108, 0.357614, 1008.94, 14301, 10, 2e-20, 3e-20, 2e-20, 2e-20, -1
-0.889911, -0.0593045, 0.124574, 0.05, -0.0304826, 0.206719, -0.0163702, 0.209595, 1007.36, 11773.7, 10, 2e-20, 3e-20, 2e-20, 2e-20, -1
-0.861659, -0.143302, 0.194135, 0.05, -0.19224, 0.0276564, 0.267841, 0.330847, 1008.75, 14001.7, 10, 2e-20, 3e-20, 2e-20, 2e-20, -1
-0.895924, -0.104549, 0.203771, 0.05, -0.184411, -0.101159, 0.190046, 0.283474, 1007.5, 12004, 10, 2e-20, 3e-20, 2e-20, 2e-20, -1
-0.843097, -0.0860603, 0.202123, 0.05, 0.132379, 0.175123, 0.0171855, 0.220198, 1011.52, 18431.5, 10, 2e-20, 3e-20, 2e-20, 2e-20, -1
-0.870005, -0.0594691, 0.231495, 0.05, -0.154406, 0.289802, 0.0413571, 0.330964, 1015.8, 25284.6, 10, 2e-20, 3e-20, 2e-20, 2e-20, -1
-0.834874, -0.0945342, 0.32784, 0.05, 0.00451258, -0.00195697, 0.196948, 0.197009, 1008.04, 12868.5, 10, 2e-20, 3e-20, 2e-20, 2e-20, -1
-0.822646, -0.0420568, 0.343105, 0.05, 0.0351095, -0.307715, 0.0352099, 0.311707, 993.224, -10840.9, 10, 2e-20, 3e-20, 2e-20, 2e-20, -1
-0.822823, -0.0834531, 0.38269, 0.05, 0.0192037, 0.023223, -0.2262, 0.228199, 1007.76, 12423.9, 10, 2e-20, 3e-20, 2e-20, 2e-20, -1
-0.770396, -0.0880684, 0.384089, 0.05, -0.167441, 0.219566, -0.152916, 0.31564, 1005.86, 9380.29, 10, 2e-20, 3e-20, 2e-20, 2e-20, -1
-0.841679, -0.0829576, 0.431017, 0.05, 0.00848709, -0.10452, -0.106637, 0.149559, 1004.79, 7664.89, 10, 2e-20, 3e-20, 2e-20, 2e-20, -1
-0.820373, -0.109207, 0.455494, 0.05, 0.124994, 0.0875166, -0.0157986, 0.153402, 1012.35, 19764.3, 10, 2e-20, 3e-20, 2e-20, 2e-20, -1
-0.812333, -0.0559518, 0.476636, 0.05, -0.0829508, -0.347899, 0.0455481, 0.36054, 997.825, -3479.68, 10, 2e-20, 3e-20, 2e-20, 2e-20, -1
-0.856061, -0.0402532, 0.497381, 0.05, 0.0670681, -0.0216137, -0.0606013, 0.0929397, 1002.4, 3846.35, 10, 2e-20, 3e-20, 2e-20, 2e-20, -1
-0.788037, -0.100828, 0.49436, 0.05, -0.123109, 0.190432, -0.111871, 0.252854, 1010.66, 17053.7, 10, 2e-20, 3e-20, 2e-20, 2e-20, -1
-0.823983, -0.0402276, 0.53188, 0.05, 0.215224, 0.0135378, -0.0696733, 0.226625, 1002.62, 4199.06, 10, 2e-20, 3e-20, 2e-20, 2e-20, -1
-0.803019, -0.0879639, 0.542234, 0.05, -0.0245753, 0.145887, -0.194807, 0.244616, 1008.22, 13157.9, 10, 2e-20, 3e-20, 2e-20, 2e-20, -1
-0.807995, -0.0591852, 0.580344, 0.05, 0.0713164, 0.0962694, -0.0984915, 0.155095, 1005.99, 9578.32, 10, 2e-20, 3e-20, 2e-20, 2e-20, -1
-0.84461, -0.0847551, 0.627738, 0.05, 0.0642851, -0.0677133, -0.0236861, 0.096326, 1003.08, 4928.19, 10, 2e-20, 3e-20, 2e-20, 2e-20, -1
-0.812307, -0.0400006, 0.628494, 0.05, 0.160611, -0.155259, 0.0388942, 0.226746, 1001.12, 1797.98, 10, 2e-20, 3e-20, 2e-20, 2e-20, -1
-0.8079, -0.112629, 0.586247, 0.05, -0.0931649, -0.0499722, 0.169128, 0.199452, 1004.18, 6690.37, 10, 2e-20, 3e-20, 2e-20, 2e-20, -1
-0.796795, -0.0261919, 0.677252, 0.05, -0.0152482, 0.0650998, -0.150723, 0.164887, 1008.01, 12808.2, 10, 2e-20, 3e-20, 2e-20, 2e-20, -1
-0.832249, -0.0527398, 0.70285, 0.05, -0.0629751, -0.0136155, -0.0674023, 0.0932433, 1008.22, 13149.3, 10, 2e-20, 3e-20, 2e-20, 2e-20, -1
-0.781555, 0.00402949, 0.721684, 0.05, 0.0138863, 0.0122298, -0.182168, 0.183106, 1004.3, 6873.23, 10, 2e-20, 3e-20, 2e-20, 2e-20, -1
-0.794517, -0.0328589, 0.775953, 0.05, 0.0185089, -0.1744, -0.0741274, 0.190402, 999.724, -441.714, 10, 2e-20, 3e-20, 2e-20, 2e-20, -1
-0.832163, -0.0207405, 0.809456, 0.05, 0.0793551, -0.00574631, -0.0239371, 0.0830857, 1001.75, 2803.13, 10, 2e-20, 3e-20, 2e-20, 2e-20, -1
-0.82517, 0.104337, 0.88674, 0.05, -0.174721, -0.174952, -0.108054, 0.269836, 999.029, -1553.88, 10, 2e-20, 3e-20, 2e-20, 2e-20, -1
-0.827193, 0.0495183, 0.878365, 0.05, 0.00154885, -0.087408, -0.0790359, 0.117853, 1006.07, 9705.59, 10, 2e-20, 3e-20, 2e-20, 2e-20, -1
-0.870483, 0.00828967, 0.955414, 0.05, -0.0537727, -0.230029, -0.0795927, 0.249278, 998.199, -2881.45, 10, 2e-20, 3e-20, 2e-20, 2e-20, -1
-0.82523, -0.0109362, 0.931086, 0.05, -0.062021, -0.320649, -0.0214719, 0.327297, 995.957, -6468.59, 10, 2e-20, 3e-20, 2e-20, 2e-20, -1
-0.86177, 0.0525094, 0.976886, 0.05, 0.253446, -0.0547129, -0.0541164, 0.264872, 1005.23, 8368.63, 10, 2e-20, 3e-20, 2e-20, 2e-20, -1
-0.808623, -0.0369903, 1.0073, 0.05, -0.0853899, -0.00749588, 0.00264748, 0.0857592, 1005.19, 8301.03, 10, 2e-20, 3e-20, 2e-20, 2e-20, -1
-0.80644, 0.0451184, 0.993156, 0.05, 0.00720544, 0.0271694, -0.0179459, 0.0333489, 1009.09, 14551.5, 10, 2e-20, 3e-20, 2e-20, 2e-20, -1
-0.728719, -0.117443, 1.035, 0.05, 0.0929157, -0.157354, -0.110839, 0.213726, 1001.94, 3104.61, 10, 2e-20, 3e-20, 2e-20, 2e-20, -1
-0.730861, -0.0677681, 1.03394, 0.05, 0.23853, 0.109115, 0.0926041, 0.278169, 1006.4, 10236.7, 10, 2e-20, 3e-20, 2e-20, 2e-20, -1
-0.756068, 0.0309178, 1.09526, 0.05, -0.0445903, 0.112384, -0.0490057, 0.13046, 1004.48, 7165.03, 10, 2e-20, 3e-20, 2e-20, 2e-20, -1
-0.74803, 0.0468715, 1.13256, 0.05, 0.11629, -0.193434, -0.209992, 0.308281, 996.086, -6262.83, 10, 2e-20, 3e-20, 2e-20, 2e-20, -1
-0.634343, -0.0131104, 1.08788, 0.05, 0.040352, -0.12314, 0.039898, 0.135586, 1008.57, 13714.4, 10, 2e-20, 3e-20, 2e-20, 2e-20, -1
-0.662584, 0.0263477, 1.10879, 0.05, 0.300076, -0.127998, 0.0869333, 0.337619, 1004.2, 6721.81, 10, 2e-20, 3e-20, 2e-20, 2e-20, -1
-0.616789, 0.00817815, 1.12371, 0.05, -0.114554, -0.0976855, -0.0563141, 0.160737, 1000.6, 955.217, 10, 2e-20, 3e-20, 2e-20, 2e-20, -1
-0.577777, -0.0305775, 1.11224, 0.05, 0.248063, -0.215235, -0.00171867, 0.328427, 993.071, -11086.4, 10, 2e-20, 3e-20, 2e-20, 2e-20, -1
-0.560982, -0.00990095, 1.1633, 0.05, 0.375871, -0.120811, -0.0272739, 0.395751, 997.389, -4177.96, 10, 2e-20, 3e-20, 2e-20, 2e-20, -1
-0.538216, -0.0261907, 1.2132, 0.05, 0.241061, -0.0327163, 0.1366, 0.278999, 996.901, -4958.87, 10, 2e-20, 3e-20, 2e-20, 2e-20, -1
-0.471917, 0.0227418, 1.31067, 0.05, 0.183938, 0.14464, 0.116963, 0.2616, 1001.28, 2042.37, 10, 2e-20, 3e-20, 2e-20, 2e-20, -1
-0.339186, 0.149336, 1.31485, 0.05, -0.0407365, -0.0883085, 0.0827801, 0.127712, 995.598, -7043.46, 10, 2e-20, 3e-20, 2e-20, 2e-20, -1
-0.186733, 0.0953213, 1.40915, 0.05, -0.0170967, -0.129172, -0.0316121, 0.134079, 1003.71, 5942.3, 10, 2e-20, 3e-20, 2e-20, 2e-20, -1
-0.845563, 0.0058137, 0.0492174, 0.05, 0.197378, 0.19663, 0.308672, 0.415812, 1024.49, 39191.1, 10, 2e-20, 3e-20, 2e-20, 2e-20, -1
-0.867389, 0.0704802, 0.0464632, 0.05, -0.121374, 0.310809, -0.357903, 0.489314, 1005.6, 8967.08, 10, 2e-20, 3e-20, 2e-20, 2e-20, -1
-0.895071, 0.119771, 0.112765, 0.05, -0.141315, -0.0860315, 0.134374, 0.213138, 1017.19, 27505.9, 10, 2e-20, 3e-20, 2e-20, 2e-20, -1
-0.884641, 0.0273976, 0.0954968, 0.05, -0.294071, -0.126458, 0.131835, 0.346193, 998.038, -3138.43, 10, 2e-20, 3e-20, 2e-20, 2e-20, -1
-0.909671, 0.0645474, 0.126915, 0.05, 0.0865446, 0.00182871, -0.124264, 0.151443, 1015.03, 24052.9, 10, 2e-20, 3e-20, 2e-20, 2e-20, -1
-0.947934, 0.197175, 0.18212, 0.05, -0.317302, 0.153268, -0.11358, 0.370232, 1018.43, 29494.8, 10, 2e-20, 3e-20, 2e-20, 2e-20, -1
-0.892684, -0.0209602, 0.161187, 0.05, -0.158291, 0.0217169, -0.0876294, 0.182227, 1008.14, 13027, 10, 2e-20, 3e-20, 2e-20, 2e-20, -1
-0.896435, 0.0872663, 0.167163, 0.05, 0.113253, 0.00888984, -0.182877, 0.215288, 1013.79, 22057, 10, 2e-20, 3e-20, 2e-20, 2e-20, -1
-0.853309, -0.0379267, 0.179679, 0.05, -0.119871, -0.0511834, -0.296861, 0.324215, 1010.39, 16630.5, 10, 2e-20, 3e-20, 2e-20, 2e-20, -1
-0.887419, 0.0260149, 0.235893, 0.05, -0.105379, -0.0159831, 0.0960499, 0.143478, 998.949, -1680.86, 10, 2e-20, 3e-20, 2e-20, 2e-20, -1
-0.86775, -0.018215, 0.261543, 0.05, -0.139568, -0.0988215, -0.0077541, 0.171187, 1002.78, 4445.1, 10, 2e-20, 3e-20, 2e-20, 2e-20, -1
-0.83992, 0.0441978, 0.242247, 0.05, -0.0366657, 0.15921, -0.216752, 0.271429, 1006.71, 10732.7, 10, 2e-20, 3e-20, 2e-20, 2e-20, -1
-0.829676, -0.00932788, 0.299111, 0.05, -0.194055, 0.18041, -0.27229, 0.379931, 1013.63, 21807.8, 10, 2e-20, 3e-20, 2e-20, 2e-20, -1
-0.892372, -0.035786, 0.398116, 0.05, -0.145994, 0.0862903, 0.0527862, 0.177613, 1003.47, 5554.3, 10, 2e-20, 3e-20, 2e-20, 2e-20, -1
-0.841355, 0.043079, 0.36799, 0.05, -0.134684, -0.047753, -0.126788, 0.191037, 1002.06, 3290.25, 10, 2e-20, 3e-20, 2e-20, 2e-20, -1
-0.844114, -0.0391503, 0.396315, 0.05, -0.0333766, 0.0967657, -0.0920062, 0.137633, 996.307, -5908.9, 10, 2e-20, 3e-20, 2e-20, 2e-20, -1
-0.827736, -0.00190469, 0.423207, 0.05, 0.0328314, 0.183181, -0.238505, 0.302519, 1006.8, 10881.3, 10, 2e-20, 3e-20, 2e-20, 2e-20, -1
-0.872448, 0.000589685, 0.466054, 0.05, -0.199571, 0.11302, -0.0390339, 0.23265, 1001.38, 2211.18, 10, 2e-20, 3e-20, 2e-20, 2e-20, -1
-0.850908, -0.0385722, 0.447821, 0.05, -0.0970952, -0.00237151, -0.123919, 0.157445, 1011.25, 17999.8, 10, 2e-20, 3e-20, 2e-20, 2e-20, -1
-0.893, 0.0424262, 0.509971, 0.05, -0.173405, -0.139599, -0.119144, 0.252492, 1006.13, 9810.18, 10, 2e-20, 3e-20, 2e-20, 2e-20, -1
-0.83416, 0.0596715, 0.51051, 0.05, -0.0487701, -0.0153556, -0.0577837, 0.0771575, 1007.71, 12340.8, 10, 2e-20, 3e-20, 2e-20, 2e-20, -1
-0.853408, 0.0426677, 0.558004, 0.05, -0.0668597, -0.283148, -0.0536109, 0.295833, 997.899, -3361.29, 10, 2e-20, 3e-20, 2e-20, 2e-20, -1
-0.926018, 0.0436096, 0.608028, 0.05, 0.0645184, 0.112401, -0.0684409, 0.146563, 1006.98, 11170.9, 10, 2e-20, 3e-20, 2e-20, 2e-20, -1
-0.832083, -0.00423984, 0.570535, 0.05, 0.0443197, 0.0613812, -0.251297, 0.262454, 1007.33, 11736, 10, 2e-20, 3e-20, 2e-20, 2e-20, -1
-0.876178, 0.0103658, 0.603872, 0.05, -0.0176023, -0.0631288, 0.0266464, 0.0707469, 1006.05, 9672.02, 10, 2e-20, 3e-20, 2e-20, 2e-20, -1
-0.862776, 0.0328682, 0.659992, 0.05, -0.133975, -0.161311, 0.0194907, 0.210596, 999.693, -491.966, 10, 2e-20, 3e-20, 2e-20, 2e-20, -1
-0.825808, 0.00105675, 0.63661, 0.05, 0.0501024, -0.151066, -0.0265628, 0.161359, 1006.42, 10271.4, 10, 2e-20, 3e-20, 2e-20, 2e-20, -1
-0.82827, 0.00691248, 0.701536, 0.05, -0.0393353, -0.0598023, -0.0426663, 0.0833306, 1003.18, 5094.47, 10, 2e-20, 3e-20, 2e-20, 2e-20, -1
-0.815619, 0.0295399, 0.747244, 0.05, -0.145678, -0.0513911, -0.0267434, 0.156775, 1003.57, 5719.94, 10, 2e-20, 3e-20, 2e-20, 2e-20, -1
-0.833431, 0.139879, 0.854213, 0.05, -0.156299, 0.0516912, -0.226566, 0.28006, 1002.15, 3436.19, 10, 2e-20, 3e-20, 2e-20, 2e-20, -1
-0.831115, 0.0321996, 0.794755, 0.05, -0.111465, -0.148102, -0.137653, 0.230883, 992.664, -11738.3, 10, 2e-20, 3e-20, 2e-20, 2e-20, -1
-0.895122, 0.0540397, 0.940007, 0.05, 0.0293799, -0.0762934, -0.22167, 0.236265, 999.867, -212.883, 10, 2e-20, 3e-20, 2e-20, 2e-20, -1
-0.840738, 0.0749163, 0.931645, 0.05, -0.013301, -0.0708666, -0.117024, 0.137454, 1006.8, 10876.2, 10, 2e-20, 3e-20, 2e-20, 2e-20, -1
-0.915759, 0.0266776, 0.986938, 0.05, -0.0537293, -0.139656, -0.261955, 0.30168, 992.399, -12161.3, 10, 2e-20, 3e-20, 2e-20, 2e-20, -1
-0.845157, 0.0538041, 1.02435, 0.05, 0.135211, -0.0316579, -0.299256, 0.329907, 994.278, -9155.45, 10, 2e-20, 3e-20, 2e-20, 2e-20, -1
-0.864558, 0.0829203, 1.09877, 0.05, -0.105532, 0.107005, -0.0609844, 0.162191, 1005.8, 9283.8, 10, 2e-20, 3e-20, 2e-20, 2e-20, -1
-0.821505, 0.0779286, 1.068, 0.05, 0.0456935, 0.0251479, -0.178468, 0.185933, 997.175, -4520.28, 10, 2e-20, 3e-20, 2e-20, 2e-20, -1
-0.823399, 0.0278064, 1.05967, 0.05, -0.107656, 0.0701921, -0.229824, 0.263317, 1006.67, 10677.1, 10, 2e-20, 3e-20, 2e-20, 2e-20, -1
-0.858627, 0.224104, 1.10937, 0.05, 0.193076, -0.316885, -0.168444, 0.407514, 993.062, -11100.3, 10, 2e-20, 3e-20, 2e-20, 2e-20, -1
-0.774234, 0.0687216, 1.0686, 0.05, 0.222669, -0.109134, -0.0573502, 0.254521, 1005.46, 8736.65, 10, 2e-20, 3e-20, 2e-20, 2e-20, -1
-0.781886, 0.102875, 1.12185, 0.05, 0.0898164, -0.198167, -0.169723, 0.27594, 996.495, -5608, 10, 2e-20, 3e-20, 2e-20, 2e-20, -1
-0.656013, 0.0699537, 1.2077, 0.05, 0.20423, -0.19553, -0.0118713, 0.282989, 1006.91, 11055.2, 10, 2e-20, 3e-20, 2e-20, 2e-20, -1
-0.742134, 0.0888611, 1.10257, 0.05, 0.157666, -0.211438, -0.279619, 0.384384, 999.239, -1218.04, 10, 2e-20, 3e-20, 2e-20, 2e-20, -1
-0.663939, 0.0462167, 1.14815, 0.05, 0.296574, -0.220506, -0.0788138, 0.377877, 994.977, -8036.26, 10, 2e-20, 3e-20, 2e-20, 2e-20, -1
-0.698917, 0.055665, 1.10728, 0.05, 0.0591585, -0.116939, -0.0687175, 0.147975, 1010.53, 16851.7, 10, 2e-20, 3e-20, 2e-20, 2e-20, -1
-0.614779, 0.0574632, 1.15954, 0.05, 0.150982, -0.0281405, -0.025434, 0.155674, 1001.78, 2850.25, 10, 2e-20, 3e-20, 2e-20, 2e-20, -1
-0.53685, 0.0974773, 1.2129, 0.05, 0.0940248, 0.0178853, -0.0120889, 0.0964712, 995.346, -7445.71, 10, 2e-20, 3e-20, 2e-20, 2e-20, -1
-0.552358, 0.0302157, 1.19942, 0.05, 0.355081, -0.062336, -0.0963753, 0.373171, 999.444, -890.095, 10, 2e-20, 3e-20, 2e-20, 2e-20, -1
-0.501943, 0.0126246, 1.22991, 0.05, 0.0356643, 0.0725813, 0.0162486, 0.0824864, 1005.22, 8358.81, 10, 2e-20, 3e-20, 2e-20, 2e-20, -1
-0.392961, 0.0187135, 1.30338, 0.05, 0.034587, 0.115302, 0.0989735, 0.155841, 1000.15, 242.247, 10, 2e-20, 3e-20, 2e-20, 2e-20, -1
-0.461346, 0.188802, 1.31811, 0.05, 0.0763351, -0.29672, 0.0133507, 0.306673, 1004.56, 7292.44, 10, 2e-20, 3e-20, 2e-20, 2e-20, -1
-0.844296, 0.122976, 0.0535812, 0.05, -0.0338598, -0.0280469, 0.103058, 0.112045, 1014.36, 22970.8, 10, 2e-20, 3e-20, 2e-20, 2e-20, -1
-0.867401, 0.209061, 0.0471124, 0.05, -0.36943, 0.12261, 0.00167752, 0.389249, 1001.13, 1805.39, 10, 2e-20, 3e-20, 2e-20, 2e-20, -1
-0.900237, 0.199869, 0.0621078, 0.05, -0.540892, 0.276508, -0.21766, 0.645288, 1020.5, 32805.9, 10, 2e-20, 3e-20, 2e-20, 2e-20, -1
-0.854626, 0.172327, 0.0777537, 0.05, 0.324477, -0.185386, -0.106944, 0.388703, 1001.41, 2251.01, 10, 2e-20, 3e-20, 2e-20, 2e-20, -1
-0.919382, 0.15133, 0.158892, 0.05, -0.167596, -0.0820448, -0.00224667, 0.186614, 995.162, -7741.13, 10, 2e-20, 3e-20, 2e-20, 2e-20, -1
-0.856477, 0.204747, 0.121027, 0.05, 0.250349, 0.398828, 0.244232, 0.53046, 1022.37, 35794.6, 10, 2e-20, 3e-20, 2e-20, 2e-20, -1
-0.867371, 0.131004, 0.151954, 0.05, -0.132733, -0.143944, -0.214272, 0.290259, 1010.97, 17553.7, 10, 2e-20, 3e-20, 2e-20, 2e-20, -1
-0.835567, 0.102694, 0.180333, 0.05, -0.420371, -0.253091, 0.26837, 0.559276, 1014.31, 22899.1, 10, 2e-20, 3e-20, 2e-20, 2e-20, -1
-0.849112, 0.0494621, 0.191844, 0.05, -0.0725326, 0.22394, -0.116992, 0.262863, 1014.96, 23930, 10, 2e-20, 3e-20, 2e-20, 2e-20, -1
-0.852848, 0.0937416, 0.22451, 0.05, -0.00715171, 0.0298114, -0.202175, 0.204486, 1004.96, 7942.36, 10, 2e-20, 3e-20, 2e-20, 2e-20, -1
-0.849745, 0.129538, 0.261624, 0.05, -0.156182, -0.221984, -0.197741, 0.335814, 1011.54, 18471.1, 10, 2e-20, 3e-20, 2e-20, 2e-20, -1
-0.815383, 0.0848766, 0.261435, 0.05, -0.234322, -0.0316605, -0.0373259, 0.239379, 1005.61, 8977.33, 10, 2e-20, 3e-20, 2e-20, 2e-20, -1
-0.851598, 0.0766967, 0.302273, 0.05, -0.205603, 0.124293, -0.129224, 0.272801, 1014.14, 22626.1, 10, 2e-20, 3e-20, 2e-20, 2e-20, -1
-0.826917, 0.0801348, 0.33418, 0.05, -0.0109149, 0.239343, -0.00596739, 0.239666, 998.49, -2416.34, 10, 2e-20, 3e-20, 2e-20, 2e-20, -1
-0.858937, -7.00077e-05, 0.361281, 0.05, -0.158545, 0.26503, -0.0754335, 0.317911, 1004.56, 7300.02, 10, 2e-20, 3e-20, 2e-20, 2e-20, -1
-0.858365, 0.15734, 0.371882, 0.05, -0.0837715, 0.0469796, -0.210157, 0.231064, 1008.01, 12819.8, 10, 2e-20, 3e-20, 2e-20, 2e-20, -1
-0.837005, 0.0501194, 0.416324, 0.05, -0.0234461, -0.0361753, -0.006503, 0.0435966, 1005.42, 8671.99, 10, 2e-20, 3e-20, 2e-20, 2e-20, -1
-0.851369, 0.162732, 0.428151, 0.05, -0.132509, 0.134708, -0.119879, 0.223776, 1011.59, 18550.4, 10, 2e-20, 3e-20, 2e-20, 2e-20, -1
-0.861755, 0.122775, 0.456965, 0.05, -0.00803087, -0.0958503, -0.107371, 0.144154, 1003.96, 6342.59, 10, 2e-20, 3e-20, 2e-20, 2e-20, -1
-0.842853, 0.185952, 0.510554, 0.05, 0.173776, 0.0348148, 0.0329174, 0.18026, 998.873, -1803.8, 10, 2e-20, 3e-20, 2e-20, 2e-20, -1
-0.844896, 0.129791, 0.504667, 0.05, -0.0450845, 0.00585919, 0.0381768, 0.0593667, 1002.92, 4668.51, 10, 2e-20, 3e-20, 2e-20, 2e-20, -1
-0.858743, 0.201321, 0.550246, 0.05, 0.137784, -0.0166196, -0.149645, 0.204093, 1005.29, 8466.15, 10, 2e-20, 3e-20, 2e-20, 2e-20, -1
-0.900641, 0.0217614, 0.562259, 0.05, 0.201992, 0.213842, -0.0899081, 0.307592, 1010.72, 17158.5, 10, 2e-20, 3e-20, 2e-20, 2e-20, -1
-0.938043, 0.234024, 0.747478, 0.05, -0.0602268, -0.0358488, -0.141249, 0.157682, 1009.91, 15861, 10, 2e-20, 3e-20, 2e-20, 2e-20, -1
-0.900386, 0.0407255, 0.694003, 0.05, -0.0340192, -0.101908, 0.0719513, 0.129304, 1005.26, 8410.28, 10, 2e-20, 3e-20, 2e-20, 2e-20, -1
-0.919511, 0.124455, 0.653223, 0.05, 0.0811776, 0.161223, -0.106247, 0.209454, 1006.43, 10290.4, 10, 2e-20, 3e-20, 2e-20, 2e-20, -1
-0.918196, 0.105244, 0.720795, 0.05, 0.239825, -0.128758, -0.181844, 0.327356, 1002.97, 4747.92, 10, 2e-20, 3e-20, 2e-20, 2e-20, -1
-0.890964, 0.0591427, 0.747588, 0.05, 0.0699496, -0.0338348, -0.248853, 0.260702, 1002.53, 4054.74, 10, 2e-20, 3e-20, 2e-20, 2e-20, -1
-0.866922, 0.124215, 0.753777, 0.05, -0.0239838, -0.135105, -0.326628, 0.35428, 1006.35, 10164.9, 10, 2e-20, 3e-20, 2e-20, 2e-20, -1
-0.875496, 0.0983348, 0.706293, 0.05, -0.0765661, 0.0343232, 0.105079, 0.13447, 1006.04, 9657.12, 10, 2e-20, 3e-20, 2e-20, 2e-20, -1
-0.811072, 0.173161, 0.894658, 0.05, 0.0709951, -0.168938, -0.201348, 0.272252, 999.47, -847.419, 10, 2e-20, 3e-20, 2e-20, 2e-20, -1
-0.809083, 0.21541, 0.924543, 0.05, 0.0628503, -0.0164705, -0.1517, 0.165028, 1008.74, 13989.5, 10, 2e-20, 3e-20, 2e-20, 2e-20, -1
-0.817108, 0.124268, 0.921403, 0.05, -0.0670585, -0.0828688, 0.0496737, 0.117608, 1005.04, 8070.51, 10, 2e-20, 3e-20, 2e-20, 2e-20, -1
-0.890015, 0.20567, 1.03976, 0.05, -0.061009, -0.147399, -0.0112234, 0.159921, 1007.82, 12505.9, 10, 2e-20, 3e-20, 2e-20, 2e-20, -1
-0.84535, 0.146168, 0.976359, 0.05, 0.0572967, -0.0117223, -0.226123, 0.233564, 999.217, -1253.3, 10, 2e-20, 3e-20, 2e-20, 2e-20, -1
-0.753579, 0.168155, 0.991112, 0.05, -0.125578, -0.25723, -0.126937, 0.31313, 1004.34, 6948.97, 10, 2e-20, 3e-20, 2e-20, 2e-20, -1
-0.780871, 0.0822493, 0.957065, 0.05, -0.0643934, -0.047945, 0.00357041, 0.0803616, 998.687, -2100.36, 10, 2e-20, 3e-20, 2e-20, 2e-20, -1
-0.812213, 0.162212, 1.06283, 0.05, -0.163174, -0.0482311, 0.0325118, 0.173231, 1005.18, 8283.27, 10, 2e-20, 3e-20, 2e-20, 2e-20, -1
-0.784127, 0.128706, 1.03805, 0.05, 0.22413, -0.0754509, -0.183123, 0.2991, 1000.08, 124.246, 10, 2e-20, 3e-20, 2e-20, 2e-20, -1
-0.666015, 0.198971, 0.97924, 0.05, 0.139088, -0.128746, -0.147459, 0.240136, 999.445, -888.539, 10, 2e-20, 3e-20, 2e-20, 2e-20, -1
-0.726786, 0.176104, 1.05515, 0.05, 0.128917, -0.162521, -0.41848, 0.467074, 1000.76, 1223.25, 10, 2e-20, 3e-20, 2e-20, 2e-20, -1
-0.679154, 0.1747, 1.09768, 0.05, 0.0323543, -0.0162046, -0.207885, 0.211011, 1005.3, 8485.85, 10, 2e-20, 3e-20, 2e-20, 2e-20, -1
-0.740717, 0.127444, 1.06653, 0.05, 0.0232551, -0.0902597, -0.228448, 0.246731, 1004.36, 6980.52, 10, 2e-20, 3e-20, 2e-20, 2e-20, -1
-0.732098, 0.155174, 1.13479, 0.05, 0.2595, 0.0367412, -0.0217691, 0.262991, 1001.74, 2782.64, 10, 2e-20, 3e-20, 2e-20, 2e-20, -1
-0.712442, 0.106119, 1.13484, 0.05, 0.122177, -0.0232057, -0.207842, 0.242207, 999.611, -622.82, 10, 2e-20, 3e-20, 2e-20, 2e-20, -1
-0.654502, 0.0965306, 1.16644, 0.05, 0.16484, -0.0693198, -0.0946847, 0.202343, 1003.45, 5523.84, 10, 2e-20, 3e-20, 2e-20, 2e-20, -1
-0.604563, 0.0835085, 1.20989, 0.05, 0.176274, -0.196546, -0.00210368, 0.264022, 1004.66, 7462.79, 10, 2e-20, 3e-20, 2e-20, 2e-20, -1
-0.484864, 0.116024, 1.23015, 0.05, 0.11982, -0.145243, -0.0190821, 0.189252, 998.62, -2207.56, 10, 2e-20, 3e-20, 2e-20, 2e-20, -1
-0.443902, 0.118608, 1.26527, 0.05, -0.0061634, -0.0446088, -0.151789, 0.158328, 1010.79, 17271.5, 10, 2e-20, 3e-20, 2e-20, 2e-20, -1
-0.42815, 0.144295, 1.28629, 0.05, 0.249925, 0.00677383, 0.122645, 0.278478, 1008.03, 12847.4, 10, 2e-20, 3e-20, 2e-20, 2e-20, -1
-0.256754, 0.190289, 1.39163, 0.05, -0.050404, -0.169091, 0.103884, 0.204754, 1003.95, 6313.96, 10, 2e-20, 3e-20, 2e-20, 2e-20, -1
-0.847216, 0.26319, 0.0536098, 0.05, -1.0074, 0.605495, 0.0333563, 1.17583, 1019.15, 30644.6, 10, 2e-20, 3e-20, 2e-20, 2e-20, -1
-0.900626, 0.330795, 0.0448906, 0.05, -0.0991808, -0.393565, 0.258631, 0.48127, 1005.36, 8583.64, 10, 2e-20, 3e-20, 2e-20, 2e-20, -1
-0.913052, 0.332925, 0.110805, 0.05, 0.156691, 0.0427072, -0.330914, 0.368619, 1012.62, 20191.8, 10, 2e-20, 3e-20, 2e-20, 2e-20, -1
-0.929449, 0.356024, 0.0720517, 0.05, -0.344537, -0.167326, -0.00489319, 0.38305, 999.282, -1148.79, 10, 2e-20, 3e-20, 2e-20, 2e-20, -1
-0.899844, 0.28365, 0.100742, 0.05, 0.0900385, 0.0515149, -0.514971, 0.525315, 1020.17, 32273.8, 10, 2e-20, 3e-20, 2e-20, 2e-20, -1
-0.869128, 0.279151, 0.139673, 0.05, -0.190241, 0.0537473, -0.220234, 0.295944, 1011.08, 17728.8, 10, 2e-20, 3e-20, 2e-20, 2e-20, -1
-0.87229, 0.225113, 0.177061, 0.05, -0.190898, 0.441913, -0.163801, 0.508488, 1017.27, 27634.7, 10, 2e-20, 3e-20, 2e-20, 2e-20, -1
-0.850423, 0.168018, 0.163581, 0.05, -0.011284, -0.0291527, -0.317927, 0.31946, 1010.51, 16813, 10, 2e-20, 3e-20, 2e-20, 2e-20, -1
-0.896809, 0.176753, 0.197928, 0.05, -0.270807, -0.272908, -0.0613678, 0.389334, 1007.11, 11382.5, 10, 2e-20, 3e-20, 2e-20, 2e-20, -1
-0.861791, 0.145816, 0.219322, 0.05, -0.0800968, -0.488054, 0.16017, 0.519872, 984.886, -24183, 10, 2e-20, 3e-20, 2e-20, 2e-20, -1
-0.893567, 0.210216, 0.304161, 0.05, -0.335586, -0.180894, -0.028858, 0.382327, 1001.07, 1711.77, 10, 2e-20, 3e-20, 2e-20, 2e-20, -1
-0.807122, 0.152831, 0.276912, 0.05, -0.0998067, -0.377853, -0.039973, 0.392852, 1003.79, 6064.35, 10, 2e-20, 3e-20, 2e-20, 2e-20, -1
-0.850412, 0.194373, 0.291876, 0.05, -0.368325, 0.170916, 0.045157, 0.408552, 1010.89, 17421, 10, 2e-20, 3e-20, 2e-20, 2e-20, -1
-0.82696, 0.151596, 0.327085, 0.05, -0.127917, -0.263875, -0.143911, 0.326654, 997.026, -4759.12, 10, 2e-20, 3e-20, 2e-20, 2e-20, -1
-0.836752, 0.200846, 0.348096, 0.05, 0.112115, 0.0530293, -0.0738977, 0.14437, 1007.16, 11455, 10, 2e-20, 3e-20, 2e-20, 2e-20, -1
-0.838155, 0.313746, 0.419143, 0.05, -0.220678, 0.365568, -0.341588, 0.546829, 1019.46, 31133, 10, 2e-20, 3e-20, 2e-20, 2e-20, -1
-0.885606, 0.237349, 0.457742, 0.05, 0.030651, -0.471762, -0.215951, 0.519744, 996.8, -5120.37, 10, 2e-20, 3e-20, 2e-20, 2e-20, -1
-0.855394, 0.269797, 0.42496, 0.05, -0.326691, 0.127719, -0.178114, 0.3934, 1019.08, 30533.6, 10, 2e-20, 3e-20, 2e-20, 2e-20, -1
-0.846527, 0.205126, 0.460669, 0.05, -0.350578, 0.187335, -0.217419, 0.453068, 1008.3, 13285.6, 10, 2e-20, 3e-20, 2e-20, 2e-20, -1
-0.876449, 0.299591, 0.55258, 0.05, 0.215658, 0.195843, -0.224695, 0.367901, 1015.51, 24821.1, 10, 2e-20, 3e-20, 2e-20, 2e-20, -1
-0.872709, 0.259456, 0.590546, 0.05, -0.195581, -0.0552888, 0.120314, 0.236187, 996.138, -6179.51, 10, 2e-20, 3e-20, 2e-20, 2e-20, -1
-0.85012, 0.238055, 0.50911, 0.05, 0.108856, -0.120912, -0.0799754, 0.181288, 1002.74, 4385.2, 10, 2e-20, 3e-20, 2e-20, 2e-20, -1
-0.847296, 0.242367, 0.631975, 0.05, 0.0390012, 0.0464936, -0.0905335, 0.108991, 1005.28, 8451.55, 10, 2e-20, 3e-20, 2e-20, 2e-20, -1
-0.877626, 0.171031, 0.620111, 0.05, -0.0177406, 0.0499073, -0.0270883, 0.0594915, 1003.49, 5585.06, 10, 2e-20, 3e-20, 2e-20, 2e-20, -1
-0.935649, 0.169111, 0.682518, 0.05, 0.0849323, -0.0658738, -0.0136692, 0.10835, 1006.18, 9892.99, 10, 2e-20, 3e-20, 2e-20, 2e-20, -1
-0.846605, 0.216348, 0.593772, 0.05, -0.118524, 0.00135754, 0.051366, 0.129183, 1001.77, 2835.98, 10, 2e-20, 3e-20, 2e-20, 2e-20, -1
-0.824757, 0.18909, 0.693649, 0.05, -0.00694463, 0.0862377, -0.0746969, 0.114301, 1005.83, 9331.04, 10, 2e-20, 3e-20, 2e-20, 2e-20, -1
-0.811722, 0.246255, 0.778292, 0.05, 0.139952, -0.189651, -0.151516, 0.280199, 1000.17, 270.093, 10, 2e-20, 3e-20, 2e-20, 2e-20, -1
-0.8194, 0.208225, 0.73897, 0.05, 0.144478, -0.0599771, -0.151386, 0.21769, 1001.03, 1647.35, 10, 2e-20, 3e-20, 2e-20, 2e-20, -1
-0.821503, 0.257417, 0.853533, 0.05, 0.0590466, -0.0523894, -0.225797, 0.239198, 1000.4, 636.403, 10, 2e-20, 3e-20, 2e-20, 2e-20, -1
-0.839095, 0.205096, 0.862144, 0.05, -0.100107, -0.152498, -0.255109, 0.31362, 1003.57, 5710.62, 10, 2e-20, 3e-20, 2e-20, 2e-20, -1
-0.88312, 0.338046, 0.932106, 0.05, 0.0824841, 0.0726198, -0.31432, 0.332978, 1008.66, 13857.7, 10, 2e-20, 3e-20, 2e-20, 2e-20, -1
-0.886913, 0.277989, 0.99356, 0.05, 0.123309, -0.153443, -0.194061, 0.276423, 1000.99, 1584.66, 10, 2e-20, 3e-20, 2e-20, 2e-20, -1
-0.854424, 0.285513, 0.948838, 0.05, 0.208541, -0.0911065, -0.0713138, 0.238486, 1000.51, 816.101, 10, 2e-20, 3e-20, 2e-20, 2e-20, -1
-0.875682, 0.25362, 1.02895, 0.05, -0.0593777, -0.128694, -0.0541049, 0.151708, 1011.07, 17710.9, 10, 2e-20, 3e-20, 2e-20, 2e-20, -1
-0.883793, 0.31, 1.03665, 0.05, -0.00718792, 0.0534636, -0.155776, 0.164852, 1002.87, 4593.74, 10, 2e-20, 3e-20, 2e-20, 2e-20, -1
-0.805418, 0.136613, 1.00173, 0.05, -0.0263206, -0.0740747, -0.378506, 0.386583, 1002.75, 4398.46, 10, 2e-20, 3e-20, 2e-20, 2e-20, -1
-0.842971, 0.294014, 0.995468, 0.05, 0.0798086, 0.0875743, -0.293241, 0.316273, 997.255, -4392.52, 10, 2e-20, 3e-20, 2e-20, 2e-20, -1
-0.823469, 0.241891, 1.0572, 0.05, 0.0908301, 0.0270087, -0.207635, 0.228236, 1000.75, 1198.3, 10, 2e-20, 3e-20, 2e-20, 2e-20, -1
-0.793019, 0.208898, 1.00939, 0.05, 0.054963, -0.414442, -0.202256, 0.464425, 998.131, -2990.59, 10, 2e-20, 3e-20, 2e-20, 2e-20, -1
-0.575844, 0.278359, 1.03458, 0.05, -0.0444312, -0.131751, -0.0459047, 0.146423, 1001.09, 1743.76, 10, 2e-20, 3e-20, 2e-20, 2e-20, -1
-0.749157, 0.205697, 1.12195, 0.05, 0.00758698, -0.153502, 0.136819, 0.205767, 994.784, -8345.75, 10, 2e-20, 3e-20, 2e-20, 2e-20, -1
-0.636441, 0.221006, 1.09045, 0.05, 0.129921, 0.135409, -0.204468, 0.277529, 1009.92, 15866.4, 10, 2e-20, 3e-20, 2e-20, 2e-20, -1
-0.642882, 0.198883, 1.13324, 0.05, 0.0880795, -0.182131, -0.303953, 0.365126, 1000.13, 200.453, 10, 2e-20, 3e-20, 2e-20, 2e-20, -1
-0.648158, 0.140611, 1.13784, 0.05, 0.116098, -0.149113, -0.132897, 0.23103, 1004.51, 7220.03, 10, 2e-20, 3e-20, 2e-20, 2e-20, -1
-0.6424, 0.139437, 1.19394, 0.05, 0.0864699, 0.0032033, -0.0668636, 0.109353, 1010.9, 17437.6, 10, 2e-20, 3e-20, 2e-20, 2e-20, -1
-0.597922, 0.164207, 1.15098, 0.05, 0.333135, -0.137768, -0.0775524, 0.368746, 998.937, -1700.85, 10, 2e-20, 3e-20, 2e-20, 2e-20, -1
-0.534084, 0.147187, 1.226, 0.05, 0.0253022, -0.11578, 0.0322077, 0.122811, 1006.57, 10510.6, 10, 2e-20, 3e-20, 2e-20, 2e-20, -1
-0.481579, 0.148985, 1.25836, 0.05, 0.181973, 0.0214812, -0.184338, 0.259916, 998.046, -3125.98, 10, 2e-20, 3e-20, 2e-20, 2e-20, -1
-0.510271, 0.172496, 1.31565, 0.05, 0.201789, -0.14891, 0.00423708, 0.25082, 999.552, -717.498, 10, 2e-20, 3e-20, 2e-20, 2e-20, -1
-0.561435, 0.159434, 1.3558, 0.05, 0.0156311, -0.000723161, -0.0213312, 0.0264551, 988.732, -18029.1, 10, 2e-20, 3e-20, 2e-20, 2e-20, -1
-0.794967, 0.403749, 0.0532264, 0.05, 0.237638, 0.461554, -1.2194, 1.32531, 1014.28, 22856, 10, 2e-20, 3e-20, 2e-20, 2e-20, -1
-0.848338, 0.50367, 0.0546608, 0.05, -0.232481, 0.249118, 0.410071, 0.533166, 985.668, -22931.3, 10, 2e-20, 3e-20, 2e-20, 2e-20, -1
-0.875976, 0.466478, 0.109245, 0.05, -0.430764, -0.11193, -0.0625821, 0.449447, 992.057, -12708.5, 10, 2e-20, 3e-20, 2e-20, 2e-20, -1
-0.819602, 0.457495, 0.125855, 0.05, -0.56173, -0.695266, 0.211109, 0.918424, 979.287, -33140.1, 10, 2e-20, 3e-20, 2e-20, 2e-20, -1
-0.837537, 0.435223, 0.0824939, 0.05, -0.112809, -0.45078, -0.98161, 1.08604, 1005.4, 8636.44, 10, 2e-20, 3e-20, 2e-20, 2e-20, -1
-0.881612, 0.325287, 0.0885469, 0.05, -0.576309, 0.255469, 0.0536905, 0.632676, 1016.79, 26868.4, 10, 2e-20, 3e-20, 2e-20, 2e-20, -1
-0.901769, 0.272159, 0.176695, 0.05, -0.220094, -0.28403, 0.198396, 0.410458, 993.91, -9743.5, 10, 2e-20, 3e-20, 2e-20, 2e-20, -1
-0.885197, 0.272723, 0.222625, 0.05, -0.133471, -0.154908, -0.0775565, 0.218691, 1011.87, 18994.5, 10, 2e-20, 3e-20, 2e-20, 2e-20, -1
-0.886693, 0.324267, 0.272938, 0.05, -0.121268, 0.304544, -0.193983, 0.380897, 1017.63, 28205.6, 10, 2e-20, 3e-20, 2e-20, 2e-20, -1
-0.894319, 0.260634, 0.29391, 0.05, -0.0958083, 0.0759365, -0.120319, 0.171529, 1012.13, 19407.3, 10, 2e-20, 3e-20, 2e-20, 2e-20, -1
-0.853125, 0.369546, 0.301471, 0.05, -0.408003, -0.0337621, -0.265549, 0.487978, 1006.75, 10793, 10, 2e-20, 3e-20, 2e-20, 2e-20, -1
-0.865432, 0.288094, 0.313824, 0.05, 0.0745405, 0.122192, 0.0193631, 0.144437, 1005.84, 9342.6, 10, 2e-20, 3e-20, 2e-20, 2e-20, -1
-0.84275, 0.344369, 0.365869, 0.05, -0.0757421, 0.0119862, -0.0170324, 0.0785534, 1001.42, 2268.92, 10, 2e-20, 3e-20, 2e-20, 2e-20, -1
-0.84464, 0.237366, 0.305387, 0.05, 0.0114843, -0.033762, 0.0116185, 0.0375067, 999.207, -1269.45, 10, 2e-20, 3e-20, 2e-20, 2e-20, -1
-0.839425, 0.30157, 0.362616, 0.05, 0.0317177, 0.045955, -0.0805058, 0.0979748, 999.646, -566.005, 10, 2e-20, 3e-20, 2e-20, 2e-20, -1
-0.813397, 0.283056, 0.317271, 0.05, -0.145695, -0.187134, 0.0577369, 0.244089, 1003.39, 5424.06, 10, 2e-20, 3e-20, 2e-20, 2e-20, -1
-0.844828, 0.386712, 0.526528, 0.05, -0.0400779, 0.071726, 0.0693642, 0.107528, 1001.67, 2666.97, 10, 2e-20, 3e-20, 2e-20, 2e-20, -1
-0.780364, 0.349881, 0.483593, 0.05, -0.0129433, 0.0689606, -0.0361059, 0.0789097, 998.447, -2485.42, 10, 2e-20, 3e-20, 2e-20, 2e-20, -1
-0.802994, 0.278254, 0.445494, 0.05, 0.272568, 0.0861353, 0.103465, 0.304003, 1010.1, 16165.4, 10, 2e-20, 3e-20, 2e-20, 2e-20, -1
-0.794721, 0.296391, 0.486726, 0.05, 0.0151472, 0.0237354, -0.0593842, 0.0657213, 998.248, -2802.89, 10, 2e-20, 3e-20, 2e-20, 2e-20, -1
-0.810729, 0.242854, 0.483388, 0.05, 0.0868965, -0.0162339, -0.117584, 0.147107, 1008.19, 13111.8, 10, 2e-20, 3e-20, 2e-20, 2e-20, -1
-0.838847, 0.294941, 0.517317, 0.05, -0.013485, 0.226013, -0.0841798, 0.241558, 1003.04, 4861.17, 10, 2e-20, 3e-20, 2e-20, 2e-20, -1
-0.843075, 0.261546, 0.548888, 0.05, -0.0829252, 0.134847, -0.325013, 0.361516, 1011.81, 18896.2, 10, 2e-20, 3e-20, 2e-20, 2e-20, -1
-0.799658, 0.297023, 0.707949, 0.05, -0.0169505, 0.113101, -0.193008, 0.224346, 997.922, -3325.24, 10, 2e-20, 3e-20, 2e-20, 2e-20, -1
-0.831511, 0.256956, 0.737909, 0.05, -0.0915661, -0.0930067, -0.22192, 0.257455, 1009.13, 14605.9, 10, 2e-20, 3e-20, 2e-20, 2e-20, -1
-0.834964, 0.195788, 0.643993, 0.05, -0.218525, 0.184812, -0.247185, 0.378165, 1010.68, 17084.8, 10, 2e-20, 3e-20, 2e-20, 2e-20, -1
-0.782839, 0.333318, 0.734953, 0.05, 0.0729824, -0.167124, -0.24776, 0.307639, 1009.65, 15445.6, 10, 2e-20, 3e-20, 2e-20, 2e-20, -1
-0.825452, 0.239036, 0.676331, 0.05, -0.066181, 0.0948517, -0.490822, 0.504265, 1006.11, 9772.26, 10, 2e-20, 3e-20, 2e-20, 2e-20, -1
-0.761147, 0.283126, 0.731856, 0.05, -0.0766319, -0.0396752, -0.0557611, 0.102742, 1007.04, 11259.5, 10, 2e-20, 3e-20, 2e-20, 2e-20, -1
-0.77499, 0.280791, 0.773517, 0.05, 0.0391378, 0.0338215, -0.318492, 0.322665, 1005.98, 9564.32, 10, 2e-20, 3e-20, 2e-20, 2e-20, -1
-0.8458, 0.169577, 0.772399, 0.05, -0.134431, -0.0906887, -0.117757, 0.200407, 1006.2, 9923.33, 10, 2e-20, 3e-20, 2e-20, 2e-20, -1
-0.779656, 0.255488, 0.817888, 0.05, -0.08448, -0.26414, -0.221772, 0.355091, 996.904, -4953.35, 10, 2e-20, 3e-20, 2e-20, 2e-20, -1
-0.92191, 0.321855, 0.993698, 0.05, -0.0159803, -0.109539, -0.164536, 0.198309, 997.702, -3677.24, 10, 2e-20, 3e-20, 2e-20, 2e-20, -1
-0.827591, 0.303046, 0.882102, 0.05, -0.0571494, -0.0230842, -0.289573, 0.296059, 1000.1, 159.841, 10, 2e-20, 3e-20, 2e-20, 2e-20, -1
-0.880193, 0.329245, 0.973159, 0.05, 0.0115498, -0.0258266, -0.17746, 0.179701, 1006.96, 11136.7, 10, 2e-20, 3e-20, 2e-20, 2e-20, -1
-0.812705, 0.185909, 0.981732, 0.05, 0.0140021, -0.0748801, -0.106543, 0.130975, 998.072, -3084.53, 10, 2e-20, 3e-20, 2e-20, 2e-20, -1
-0.834716, 0.252874, 0.964853, 0.05, -0.0824969, 0.0443112, -0.412694, 0.423185, 994.087, -9461.25, 10, 2e-20, 3e-20, 2e-20, 2e-20, -1
-0.833415, 0.24576, 1.01028, 0.05, -0.0653962, -0.12291, -0.370131, 0.39545, 997.077, -4676.49, 10, 2e-20, 3e-20, 2e-20, 2e-20, -1
-0.78117, 0.376913, 0.934049, 0.05, 0.0532467, 0.132162, -0.00839479, 0.142733, 997.013, -4778.79, 10, 2e-20, 3e-20, 2e-20, 2e-20, -1
-0.833914, 0.329391, 0.937119, 0.05, 0.0187231, -0.182876, -0.0743409, 0.198294, 1001.1, 1755.43, 10, 2e-20, 3e-20, 2e-20, 2e-20, -1
-0.650635, 0.383028, 0.949312, 0.05, -0.038632, 0.0118247, -0.144826, 0.150355, 1005.59, 8948.89, 10, 2e-20, 3e-20, 2e-20, 2e-20, -1
-0.657993, 0.237248, 1.14005, 0.05, 0.0586559, -0.0759881, -0.44983, 0.459959, 1002.32, 3714.1, 10, 2e-20, 3e-20, 2e-20, 2e-20, -1
-0.509827, 0.262502, 1.05935, 0.05, 0.176444, 0.0176152, -0.256314, 0.311672, 1005.61, 8976.67, 10, 2e-20, 3e-20, 2e-20, 2e-20, -1
-0.590239, 0.214454, 1.13101, 0.05, 0.26695, -0.127105, -0.316599, 0.433189, 1002.7, 4325.89, 10, 2e-20, 3e-20, 2e-20, 2e-20, -1
-0.577103, 0.214307, 1.10559, 0.05, 0.0134863, -0.0865977, -0.015261, 0.0889603, 1009.06, 14498.3, 10, 2e-20, 3e-20, 2e-20, 2e-20, -1
-0.645188, 0.186355, 1.0592, 0.05, -0.0812286, -0.275336, -0.0375545, 0.289514, 1006.62, 10594.9, 10, 2e-20, 3e-20, 2e-20, 2e-20, -1
-0.634015, 0.206865, 1.02337, 0.05, 0.124058, -0.0991572, -0.403094, 0.433252, 1002.89, 4626.64, 10, 2e-20, 3e-20, 2e-20, 2e-20, -1
-0.54834, 0.180073, 1.1439, 0.05, 0.166877, -0.324173, 0.020278, 0.365167, 1010.6, 16961.2, 10, 2e-20, 3e-20, 2e-20, 2e-20, -1
-0.494621, 0.170421, 1.19597, 0.05, 0.183513, -0.180723, -0.118231, 0.283401, 1003.06, 4899.23, 10, 2e-20, 3e-20, 2e-20, 2e-20, -1
-0.473622, 0.198545, 1.25839, 0.05, 0.160528, -0.277585, -0.214709, 0.385905, 1008.01, 12811.8, 10, 2e-20, 3e-20, 2e-20, 2e-20, -1
-0.489664, 0.232423, 1.3509, 0.05, -0.0925217, -0.161356, -0.0393217, 0.190111, 1005.1, 8153.83, 10, 2e-20, 3e-20, 2e-20, 2e-20, -1
-0.806605, 0.498628, 0.15444, 0.05, 0.317307, 0.736878, 0.463939, 0.926775, 1045.88, 73408.8, 10, 2e-20, 3e-20, 2e-20, 2e-20, -1
-0.796508, 0.498601, 0.0687189, 0.05, -0.816926, -0.426341, -0.140722, 0.932168, 1009.82, 15707.1, 10, 2e-20, 3e-20, 2e-20, 2e-20, -1
-0.807987, 0.450547, 0.176483, 0.05, 0.144774, -0.645913, 0.431988, 0.790428, 995.681, -6910.9, 10, 2e-20, 3e-20, 2e-20, 2e-20, -1
-0.900084, 0.498195, 0.225179, 0.05, 0.0601672, 0.274565, 0.339096, 0.440445, 1010.32, 16510.5, 10, 2e-20, 3e-20, 2e-20, 2e-20, -1
-0.762597, 0.440973, 0.158801, 0.05, -0.0371373, 0.210574, 0.504426, 0.547875, 992.513, -11979.5, 10, 2e-20, 3e-20, 2e-20, 2e-20, -1
-0.801512, 0.402544, 0.149846, 0.05, -0.47311, 0.158241, 0.316036, 0.590552, 1008.03, 12841.7, 10, 2e-20, 3e-20, 2e-20, 2e-20, -1
-0.84984, 0.358678, 0.103741, 0.05, -0.884645, -0.107035, 0.39811, 0.975984, 999.616, -613.708, 10, 2e-20, 3e-20, 2e-20, 2e-20, -1
-0.836564, 0.343127, 0.207604, 0.05, 0.0704515, 0.0432245, -0.121896, 0.147277, 1000.68, 1086.24, 10, 2e-20, 3e-20, 2e-20, 2e-20, -1
-0.787782, 0.373349, 0.226721, 0.05, -0.0599024, -0.0497088, 0.0970371, 0.1244, 992.029, -12754, 10, 2e-20, 3e-20, 2e-20, 2e-20, -1
-0.851705, 0.366122, 0.255235, 0.05, -0.143679, -0.223721, 0.0896212, 0.280583, 1000.16, 255.123, 10, 2e-20, 3e-20, 2e-20, 2e-20, -1
-0.822641, 0.411513, 0.367353, 0.05, -0.0882688, -0.275997, 0.0453067, 0.293289, 995.095, -7848.51, 10, 2e-20, 3e-20, 2e-20, 2e-20, -1
-0.806673, 0.385912, 0.323355, 0.05, -0.178539, 0.287682, -0.0666794, 0.345084, 1020.33, 32520.5, 10, 2e-20, 3e-20, 2e-20, 2e-20, -1
-0.764757, 0.353597, 0.346935, 0.05, 0.12275, 0.122539, 0.0778387, 0.190111, 998.593, -2250.96, 10, 2e-20, 3e-20, 2e-20, 2e-20, -1
-0.809722, 0.337571, 0.325197, 0.05, -0.052355, -0.139438, 0.0365212, 0.153355, 1010.04, 16059.1, 10, 2e-20, 3e-20, 2e-20, 2e-20, -1
-0.783209, 0.38796, 0.428204, 0.05, -0.150735, 0.00740736, -0.590748, 0.60972, 1004.12, 6594.76, 10, 2e-20, 3e-20, 2e-20, 2e-20, -1
-0.836305, 0.37052, 0.453216, 0.05, -0.0678213, 0.00614656, -0.187999, 0.199953, 1002.88, 4611.55, 10, 2e-20, 3e-20, 2e-20, 2e-20, -1
-0.796634, 0.330058, 0.434403, 0.05, -0.125355, 0.0632686, -0.204914, 0.248408, 1009.47, 15158.2, 10, 2e-20, 3e-20, 2e-20, 2e-20, -1
-0.749349, 0.349084, 0.442028, 0.05, 0.120911, -0.0713169, -0.181871, 0.229745, 1005.57, 8910.43, 10, 2e-20, 3e-20, 2e-20, 2e-20, -1
-0.766731, 0.376598, 0.525695, 0.05, 0.212074, 0.210489, -0.392813, 0.493541, 1016.14, 25827, 10, 2e-20, 3e-20, 2e-20, 2e-20, -1
-0.797466, 0.33017, 0.610746, 0.05, 0.150383, 0.206666, -0.1995, 0.324231, 1013.75, 22003.5, 10, 2e-20, 3e-20, 2e-20, 2e-20, -1
-0.775654, 0.369537, 0.569166, 0.05, -0.00759874, -0.0399188, -0.0039144, 0.0408237, 996.938, -4898.66, 10, 2e-20, 3e-20, 2e-20, 2e-20, -1
-0.78674, 0.302523, 0.65248, 0.05, -0.169976, -0.0594518, -0.0113893, 0.180433, 1007.88, 12604.4, 10, 2e-20, 3e-20, 2e-20, 2e-20, -1
-0.742265, 0.406909, 0.604167, 0.05, 0.0361453, 0.0630308, -0.280738, 0.289988, 1002.85, 4562.43, 10, 2e-20, 3e-20, 2e-20, 2e-20, -1
-0.734276, 0.3154, 0.619059, 0.05, 0.246391, 0.136711, -0.326258, 0.431095, 1010.14, 16217.9, 10, 2e-20, 3e-20, 2e-20, 2e-20, -1
-0.748906, 0.287197, 0.681054, 0.05, 0.131548, -0.0340383, -0.160631, 0.210394, 1008.21, 13139.5, 10, 2e-20, 3e-20, 2e-20, 2e-20, -1
-0.793913, 0.402349, 0.80477, 0.05, -0.194507, -0.0866214, -0.0706104, 0.224326, 1001.22, 1944.28, 10, 2e-20, 3e-20, 2e-20, 2e-20, -1
-0.753916, 0.388491, 0.684689, 0.05, -0.0478898, -0.0839618, 0.0524605, 0.109978, 995.822, -6684.8, 10, 2e-20, 3e-20, 2e-20, 2e-20, -1
-0.759171, 0.358837, 0.771803, 0.05, -0.0613345, -0.106469, -0.2717, 0.298192, 1001.3, 2087.83, 10, 2e-20, 3e-20, 2e-20, 2e-20, -1
-0.759837, 0.333229, 0.694248, 0.05, 0.00106405, 0.0284024, -0.171539, 0.173878, 994.433, -8906.86, 10, 2e-20, 3e-20, 2e-20, 2e-20, -1
-0.836331, 0.324002, 0.849351, 0.05, 0.0634162, -0.070521, -0.151154, 0.178444, 1003.58, 5733.29, 10, 2e-20, 3e-20, 2e-20, 2e-20, -1
-0.745984, 0.341371, 0.812026, 0.05, 0.04661, 0.0339205, 0.0637509, 0.0859493, 998.709, -2065.7, 10, 2e-20, 3e-20, 2e-20, 2e-20, -1
-0.811639, 0.37097, 0.906388, 0.05, -0.146594, -0.0294975, -0.0465663, 0.156615, 1006.47, 10352.9, 10, 2e-20, 3e-20, 2e-20, 2e-20, -1
-0.698151, 0.37578, 0.883641, 0.05, -0.123976, 0.0211569, -0.30173, 0.326893, 1008.47, 13545.9, 10, 2e-20, 3e-20, 2e-20, 2e-20, -1
-0.792868, 0.306021, 0.832099, 0.05, -0.00868531, 0.13499, -0.204418, 0.245122, 999.198, -1283.41, 10, 2e-20, 3e-20, 2e-20, 2e-20, -1
-0.674656, 0.431897, 0.927601, 0.05, 0.179334, 0.195708, 0.0154576, 0.265897, 994.398, -8962.82, 10, 2e-20, 3e-20, 2e-20, 2e-20, -1
-0.875402, 0.379081, 0.976204, 0.05, -0.0382885, -0.0831211, -0.0138519, 0.0925581, 1005.62, 8991.06, 10, 2e-20, 3e-20, 2e-20, 2e-20, -1
-0.830106, 0.397289, 1.00576, 0.05, 0.0274029, 0.202212, -0.146523, 0.251216, 1008.22, 13150.5, 10, 2e-20, 3e-20, 2e-20, 2e-20, -1
-0.699879, 0.366371, 0.938116, 0.05, 0.157155, 0.00796825, -0.110323, 0.192178, 998.694, -2089.56, 10, 2e-20, 3e-20, 2e-20, 2e-20, -1
-0.71912, 0.461463, 1.18299, 0.05, 0.303833, 0.128564, -0.0318177, 0.331445, 999.796, -326.589, 10, 2e-20, 3e-20, 2e-20, 2e-20, -1
-0.7399, 0.381811, 0.957096, 0.05, -0.0157239, -0.105422, -0.291414, 0.310295, 1007.38, 11810.7, 10, 2e-20, 3e-20, 2e-20, 2e-20, -1
-0.621045, 0.3788, 0.980084, 0.05, 0.0672502, -0.0247805, -0.477958, 0.483302, 1006.89, 11019.2, 10, 2e-20, 3e-20, 2e-20, 2e-20, -1
-0.537391, 0.311238, 1.06246, 0.05, 0.280825, -0.0391335, -0.168697, 0.329929, 994.95, -8080.22, 10, 2e-20, 3e-20, 2e-20, 2e-20, -1
-0.461139, 0.300661, 1.07607, 0.05, 0.126431, -0.127672, -0.284038, 0.336099, 1005.75, 9196.77, 10, 2e-20, 3e-20, 2e-20, 2e-20, -1
-0.498634, 0.318997, 1.04423, 0.05, -0.11887, -0.123996, -0.178427, 0.247672, 1007.08, 11320.8, 10, 2e-20, 3e-20, 2e-20, 2e-20, -1
-0.51638, 0.243867, 1.1381, 0.05, 0.0465765, -0.0125101, -0.0715454, 0.0862822, 1002.77, 4427.04, 10, 2e-20, 3e-20, 2e-20, 2e-20, -1
-0.555735, 0.253803, 1.07799, 0.05, 0.267637, 0.0315621, -0.0828158, 0.281929, 1007.44, 11903.5, 10, 2e-20, 3e-20, 2e-20, 2e-20, -1
-0.472392, 0.252699, 1.09258, 0.05, 0.0505641, -0.180442, -0.180551, 0.26022, 991.939, -12898.4, 10, 2e-20, 3e-20, 2e-20, 2e-20, -1
-0.530887, 0.21056, 1.10652, 0.05, 0.149493, -0.160227, -0.0109193, 0.219408, 1007.92, 12666.1, 10, 2e-20, 3e-20, 2e-20, 2e-20, -1
-0.485963, 0.206707, 1.09447, 0.05, -0.0273888, -0.45155, -0.168162, 0.482624, 994.362, -9020.67, 10, 2e-20, 3e-20, 2e-20, 2e-20, -1
-0.47043, 0.2171, 1.22006, 0.05, -0.117608, -0.298515, -0.0111772, 0.321042, 1002.67, 4265.67, 10, 2e-20, 3e-20, 2e-20, 2e-20, -1
-0.54999, 0.197323, 1.33218, 0.05, 0.0751029, -0.187168, -0.0061973, 0.201769, 1007.02, 11226.8, 10, 2e-20, 3e-20, 2e-20, 2e-20, -1
-0.774843, 0.502444, 0.118914, 0.05, 0.0659577, 0.270528, -0.262422, 0.382624, 996.131, -6191.08, 10, 2e-20, 3e-20, 2e-20, 2e-20, -1
-0.826296, 0.44554, 0.220543, 0.05, 0.0779836, 0.523552, -0.136734, 0.546704, 1023.97, 38351, 10, 2e-20, 3e-20, 2e-20, 2e-20, -1
-0.777939, 0.41465, 0.2623, 0.05, 0.239473, 0.0367696, 0.27646, 0.3676, 997.221, -4445.9, 10, 2e-20, 3e-20, 2e-20, 2e-20, -1
-0.762864, 0.472671, 0.310038, 0.05, -0.178481, 0.243923, 0.161144, 0.342522, 1006.73, 10771.9, 10, 2e-20, 3e-20, 2e-20, 2e-20, -1
-0.782972, 0.423134, 0.209407, 0.05, -0.198916, 0.19232, -0.234013, 0.362376, 1021.16, 33857.5, 10, 2e-20, 3e-20, 2e-20, 2e-20, -1
-0.740206, 0.398803, 0.234787, 0.05, -0.226451, -0.382171, 0.432184, 0.619772, 975.477, -39236.9, 10, 2e-20, 3e-20, 2e-20, 2e-20, -1
-0.847472, 0.381124, 0.165927, 0.05, -0.175058, 0.150708, -0.582555, 0.626681, 1020.95, 33512.3, 10, 2e-20, 3e-20, 2e-20, 2e-20, -1
-0.800743, 0.359597, 0.275986, 0.05, 0.174373, 0.327867, -0.655691, 0.753547, 1021.28, 34041.4, 10, 2e-20, 3e-20, 2e-20, 2e-20, -1
-0.759628, 0.381992, 0.299742, 0.05, 0.208522, -0.0404606, -0.401201, 0.453961, 1013.23, 21172.1, 10, 2e-20, 3e-20, 2e-20, 2e-20, -1
-0.752103, 0.436683, 0.480378, 0.05, -0.0321117, -0.11147, -0.0152349, 0.116999, 1003.79, 6068.36, 10, 2e-20, 3e-20, 2e-20, 2e-20, -1
-0.76622, 0.415351, 0.344503, 0.05, -0.243047, 0.186162, 0.190423, 0.36054, 1007.87, 12598.4, 10, 2e-20, 3e-20, 2e-20, 2e-20, -1
-0.76944, 0.448468, 0.527585, 0.05, -0.0654891, -0.267787, -0.136694, 0.307708, 1006.88, 11013.8, 10, 2e-20, 3e-20, 2e-20, 2e-20, -1
-0.717565, 0.360487, 0.312672, 0.05, -0.241004, 0.142949, -0.0967572, 0.296444, 1007.88, 12609.9, 10, 2e-20, 3e-20, 2e-20, 2e-20, -1
-0.746366, 0.406584, 0.39421, 0.05, -0.14985, 0.0361902, -0.283552, 0.322748, 1011.11, 17777.4, 10, 2e-20, 3e-20, 2e-20, 2e-20, -1
-0.815776, 0.387705, 0.495254, 0.05, 0.0691494, 0.04614, -0.154515, 0.175458, 1005.21, 8333.62, 10, 2e-20, 3e-20, 2e-20, 2e-20, -1
-0.813765, 0.444779, 0.671107, 0.05, 0.0729957, 0.350921, -0.540809, 0.648805, 1001.38, 2200.21, 10, 2e-20, 3e-20, 2e-20, 2e-20, -1
-0.743006, 0.387452, 0.478792, 0.05, 0.220646, 0.00824582, 0.256561, 0.338491, 1000.67, 1069.34, 10, 2e-20, 3e-20, 2e-20, 2e-20, -1
-0.839175, 0.461258, 0.72413, 0.05, -0.152769, -0.0464732, -0.264636, 0.30908, 995.572, -7085.32, 10, 2e-20, 3e-20, 2e-20, 2e-20, -1
-0.802108, 0.395593, 0.605343, 0.05, -0.0092762, -0.0135851, 0.00552299, 0.0173524, 1001.94, 3099.4, 10, 2e-20, 3e-20, 2e-20, 2e-20, -1
-0.770254, 0.453101, 0.621267, 0.05, 0.0634996, 0.362324, -0.0861007, 0.377789, 1003.64, 5823.8, 10, 2e-20, 3e-20, 2e-20, 2e-20, -1
-0.729388, 0.446505, 0.589939, 0.05, 0.0978826, 0.0377407, -0.0530201, 0.117544, 1004.46, 7129.58, 10, 2e-20, 3e-20, 2e-20, 2e-20, -1
-0.722622, 0.36833, 0.561277, 0.05, 0.0676553, -0.0411514, 0.0365155, 0.0872013, 992.73, -11631.7, 10, 2e-20, 3e-20, 2e-20, 2e-20, -1
-0.753875, 0.434092, 0.722938, 0.05, -0.0756616, 0.0254168, -0.424199, 0.431643, 1003.89, 6230.1, 10, 2e-20, 3e-20, 2e-20, 2e-20, -1
-0.74796, 0.324295, 0.577653, 0.05, 0.0663197, 0.166777, -0.101242, 0.206065, 1003.14, 5024.51, 10, 2e-20, 3e-20, 2e-20, 2e-20, -1
-0.760981, 0.407386, 0.764206, 0.05, -0.00932413, -0.182389, -0.355285, 0.399475, 1010.21, 16343.6, 10, 2e-20, 3e-20, 2e-20, 2e-20, -1
-0.71781, 0.487913, 0.970685, 0.05, -0.0902915, 0.0480652, -0.14233, 0.175273, 1003.55, 5678.44, 10, 2e-20, 3e-20, 2e-20, 2e-20, -1
-0.792988, 0.443184, 0.857529, 0.05, 0.12719, 0.193567, -0.311209, 0.387939, 998.391, -2575.03, 10, 2e-20, 3e-20, 2e-20, 2e-20, -1
-0.642904, 0.463203, 1.00035, 0.05, 0.00179092, 0.0557964, -0.265851, 0.271649, 1002.33, 3731.21, 10, 2e-20, 3e-20, 2e-20, 2e-20, -1
-0.789059, 0.330452, 0.785206, 0.05, -0.092327, -0.0376148, -0.167053, 0.19454, 993.034, -11145.8, 10, 2e-20, 3e-20, 2e-20, 2e-20, -1
-0.738048, 0.326056, 0.770855, 0.05, 0.0685824, -0.137673, -0.300005, 0.337135, 1005.72, 9150.7, 10, 2e-20, 3e-20, 2e-20, 2e-20, -1
-0.804072, 0.355532, 0.823085, 0.05, 0.120052, -0.107064, -0.253441, 0.300179, 998.423, -2522.74, 10, 2e-20, 3e-20, 2e-20, 2e-20, -1
-0.724006, 0.366775, 0.845285, 0.05, -0.0729587, -0.0332033, -0.225154, 0.238997, 1004.98, 7961.71, 10, 2e-20, 3e-20, 2e-20, 2e-20, -1
-0.565705, 0.449898, 1.06913, 0.05, 0.119956, 0.112263, 0.019231, 0.165415, 998.952, -1676.62, 10, 2e-20, 3e-20, 2e-20, 2e-20, -1
-0.636223, 0.420802, 0.899283, 0.05, 0.0294061, 0.13966, -0.0926137, 0.170138, 998.584, -2265.16, 10, 2e-20, 3e-20, 2e-20, 2e-20, -1
-0.736266, 0.387121, 0.90794, 0.05, 0.0510138, -0.159477, -0.120258, 0.206149, 992.419, -12130.2, 10, 2e-20, 3e-20, 2e-20, 2e-20, -1
-0.595954, 0.41919, 1.0636, 0.05, 0.0234713, -0.101703, -0.27467, 0.293834, 1005.44, 8699.17, 10, 2e-20, 3e-20, 2e-20, 2e-20, -1
-0.634276, 0.426136, 0.967685, 0.05, 0.054499, 0.0554579, -0.354296, 0.362728, 1006.81, 10889.1, 10, 2e-20, 3e-20, 2e-20, 2e-20, -1
-0.661134, 0.404327, 1.0792, 0.05, 0.106638, 0.162446, -0.561018, 0.593718, 1001.95, 3117.7, 10, 2e-20, 3e-20, 2e-20, 2e-20, -1
-0.608248, 0.343133, 1.26502, 0.05, 0.191841, -0.056025, -0.462973, 0.504268, 1000, 4.90898, 10, 2e-20, 3e-20, 2e-20, 2e-20, -1
-0.696473, 0.422582, 0.952966, 0.05, 0.0418802, 0.135322, -0.226513, 0.267159, 1002.78, 4442.25, 10, 2e-20, 3e-20, 2e-20, 2e-20, -1
-0.5977, 0.475061, 1.33441, 0.05, 0.307887, -0.00148571, -0.181179, 0.357243, 1008.48, 13571.6, 10, 2e-20, 3e-20, 2e-20, 2e-20, -1
-0.582681, 0.403228, 1.00207, 0.05, 0.0206118, -0.0989214, -0.144753, 0.176532, 996.416, -5734.07, 10, 2e-20, 3e-20, 2e-20, 2e-20, -1
-0.539545, 0.355901, 1.24066, 0.05, -0.219788, -0.199453, -0.22772, 0.374091, 985.206, -23670.9, 10, 2e-20, 3e-20, 2e-20, 2e-20, -1
-0.509119, 0.338905, 1.20352, 0.05, 0.222934, -0.064268, -0.379314, 0.444645, 995.889, -6577.18, 10, 2e-20, 3e-20, 2e-20, 2e-20, -1
-0.469399, 0.284554, 1.17232, 0.05, 0.227883, -0.193244, -0.164594, 0.341123, 1004.8, 7672.76, 10, 2e-20, 3e-20, 2e-20, 2e-20, -1
-0.469135, 0.283391, 1.1168, 0.05, 0.206495, -0.216064, -0.081788, 0.30986, 1004.7, 7524.61, 10, 2e-20, 3e-20, 2e-20, 2e-20, -1
-0.456903, 0.283747, 1.15572, 0.05, 0.40818, -0.0252502, -0.322649, 0.520914, 1005.99, 9581.08, 10, 2e-20, 3e-20, 2e-20, 2e-20, -1
-0.477185, 0.223492, 1.14093, 0.05, 0.16204, -0.242832, -0.214221, 0.362098, 999.786, -341.745, 10, 2e-20, 3e-20, 2e-20, 2e-20, -1
-0.380009, 0.282294, 1.20254, 0.05, -0.0288999, -0.251419, -0.25043, 0.356036, 1002.98, 4760.57, 10, 2e-20, 3e-20, 2e-20, 2e-20, -1
-0.412582, 0.26389, 1.17548, 0.05, 0.12617, 0.111665, -0.244064, 0.296573, 1000.02, 38.82, 10, 2e-20, 3e-20, 2e-20, 2e-20, -1
-0.457131, 0.252958, 1.25496, 0.05, 0.268296, -0.126013, -0.0549001, 0.301456, 1004.03, 6446.24, 10, 2e-20, 3e-20, 2e-20, 2e-20, -1
-0.852815, 0.494485, 0.189329, 0.05, -0.263106, -0.177378, 0.464875, 0.562847, 1018.98, 30362, 10, 2e-20, 3e-20, 2e-20, 2e-20, -1
-0.761204, 0.49115, 0.184277, 0.05, 0.238214, 0.00190791, -0.557657, 0.606408, 1048.74, 77988.7, 10, 2e-20, 3e-20, 2e-20, 2e-20, -1
-0.860535, 0.497755, 0.254215, 0.05, 0.0653645, 0.00271952, 0.105807, 0.124399, 1011.88, 19010, 10, 2e-20, 3e-20, 2e-20, 2e-20, -1
0.0834492, -0.298047, 4.04802, 0.05, -0.00621825, 0.000709564, -0.00102361, 0.00634176, 999.866, -213.996, 10, 2e-20, 3e-20, 2e-20, 2e-20, -1
-0.979471, 0.328283, 1.41854, 0.05, 0.96166, -1.10292, -0.973168, 1.75735, 1031.43, 50283.2, 10, 2e-20, 3e-20, 2e-20, 2e-20, -1
0.0168813, -0.0118781, 1.32515, 0.05, 0.0124248, -0.0231855, 0.0982156, 0.101677, 997.82, -3488.09, 10, 2e-20, 3e-20, 2e-20, 2e-20, -1
-0.753905, 0.445672, 0.43022, 0.05, -0.221846, 0.121856, -0.320215, 0.408169, 1007.84, 12551.6, 10, 2e-20, 3e-20, 2e-20, 2e-20, -1
-0.841722, 0.49676, 0.664614, 0.05, 0.278006, 0.133344, -0.255977, 0.40074, 1011.44, 18306.8, 10, 2e-20, 3e-20, 2e-20, 2e-20, -1
-0.855482, 0.496364, 0.882424, 0.05, 0.267403, 0.0436341, -0.0570313, 0.276877, 1011.26, 18022.7, 10, 2e-20, 3e-20, 2e-20, 2e-20, -1
-0.290229, -0.271934, 1.43671, 0.05, -0.00982821, 0.0872725, 0.230437, 0.246606, 1002.99, 4790.74, 10, 2e-20, 3e-20, 2e-20, 2e-20, -1
-0.853239, -0.473203, 1.47042, 0.05, -0.545423, -0.231807, -0.0157354, 0.592848, 992.521, -11966.9, 10, 2e-20, 3e-20, 2e-20, 2e-20, -1
-0.783128, 0.496617, 0.847511, 0.05, 0.00517217, 0.0671167, -0.0398996, 0.0782521, 1012.51, 20020.3, 10, 2e-20, 3e-20, 2e-20, 2e-20, -1
-0.867305, 0.407888, 1.33676, 0.05, 0.51972, -0.330095, -0.0486227, 0.617605, 1004.87, 7793.93, 10, 2e-20, 3e-20, 2e-20, 2e-20, -1
-0.820459, 0.502495, 0.723023, 0.05, 0.159631, -0.0717962, -0.0818065, 0.193207, 1007.59, 12141.9, 10, 2e-20, 3e-20, 2e-20, 2e-20, -1
-0.869655, 0.498119, 0.761175, 0.05, 0.0500197, 0.223139, -0.0590958, 0.236189, 1006.35, 10164.7, 10, 2e-20, 3e-20, 2e-20, 2e-20, -1
-0.32051, -0.123405, 1.41288, 0.05, 0.12732, 0.167192, 0.211972, 0.298488, 999.699, -481.865, 10, 2e-20, 3e-20, 2e-20, 2e-20, -1
-0.815886, 0.497701, 0.783731, 0.05, 0.0853573, 0.0763478, 0.0628282, 0.130622, 996.403, -5755.66, 10, 2e-20, 3e-20, 2e-20, 2e-20, -1
-0.869338, 0.497265, 0.994246, 0.05, -0.0308582, -0.0132146, 0.275385, 0.277424, 1002.09, 3341.92, 10, 2e-20, 3e-20, 2e-20, 2e-20, -1
-0.931693, 0.118695, 1.34614, 0.05, 0.20559, -0.368489, -0.275214, 0.50378, 1010.67, 17066.4, 10, 2e-20, 3e-20, 2e-20, 2e-20, -1
-0.781171, 0.453731, 0.779427, 0.05, -0.222653, 0.263283, -0.3456, 0.488192, 1000.68, 1085.35, 10, 2e-20, 3e-20, 2e-20, 2e-20, -1
-0.590095, -0.505004, 2.85928, 0.05, 0.0104089, 0.00272954, -0.766965, 0.76704, 1000, 3.62763, 10, 2e-20, 3e-20, 2e-20, 2e-20, -1
-0.869995, 0.496415, 1.04536, 0.05, -0.367769, -0.0482797, 0.190594, 0.417027, 1004.15, 6639.34, 10, 2e-20, 3e-20, 2e-20, 2e-20, -1
-0.737073, 0.498072, 1.08044, 0.05, -0.18832, -0.00832759, 0.0862012, 0.207279, 1003.09, 4950.77, 10, 2e-20, 3e-20, 2e-20, 2e-20, -1
-0.455929, 0.185687, 1.35735, 0.05, 0.192848, -0.174752, 0.0724864, 0.270154, 994.561, -8702.06, 10, 2e-20, 3e-20, 2e-20, 2e-20, -1
-0.755016, 0.473114, 1.05006, 0.05, 0.0616941, 0.179777, 0.276347, 0.335401, 995.401, -7358.8, 10, 2e-20, 3e-20, 2e-20, 2e-20, -1
-0.686597, 0.498415, 1.24401, 0.05, 0.329508, -0.128699, -0.143499, 0.381748, 1013.13, 21008.9, 10, 2e-20, 3e-20, 2e-20, 2e-20, -1
-0.677262, 0.496309, 1.12665, 0.05, 0.30087, 0.0513578, 0.293412, 0.423381, 1009.44, 15101.1, 10, 2e-20, 3e-20, 2e-20, 2e-20, -1
-0.644244, 0.460689, 1.20401, 0.05, 0.0570247, 0.270695, -0.134686, 0.307681, 1006.24, 9980.87, 10, 2e-20, 3e-20, 2e-20, 2e-20, -1
-0.691879, 0.448686, 1.22202, 0.05, 0.0486005, -0.0448079, -0.0262167, 0.071113, 1002.13, 3400.01, 10, 2e-20, 3e-20, 2e-20, 2e-20, -1
-0.632179, 0.445571, 1.10469, 0.05, 0.10549, 0.418788, -0.221031, 0.485146, 1009.39, 15016.3, 10, 2e-20, 3e-20, 2e-20, 2e-20, -1
-0.72747, 0.496483, 1.28239, 0.05, 0.463444, -0.0279251, 0.194568, 0.503405, 1011.7, 18713.1, 10, 2e-20, 3e-20, 2e-20, 2e-20, -1
-0.644346, 0.444616, 1.05381, 0.05, 0.132978, -0.26209, -0.290691, 0.413371, 994.432, -8908.47, 10, 2e-20, 3e-20, 2e-20, 2e-20, -1
-0.599261, 0.44937, 1.02706, 0.05, 0.142609, 0.0718409, 0.0980284, 0.187371, 1000.04, 57.1657, 10, 2e-20, 3e-20, 2e-20, 2e-20, -1
0.0296478, -0.0238623, 1.23203, 0.05, -0.0406955, 0.0491844, 0.294082, 0.300931, 1001.43, 2284.23, 10, 2e-20, 3e-20, 2e-20, 2e-20, -1
-0.537858, 0.404025, 1.0871, 0.05, 0.0921321, -0.0266923, -0.300742, 0.315668, 1006.43, 10290.2, 10, 2e-20, 3e-20, 2e-20, 2e-20, -1
-0.529802, 0.37878, 1.17818, 0.05, 0.140119, -0.130021, -0.224835, 0.295109, 1008.43, 13489.9, 10, 2e-20, 3e-20, 2e-20, 2e-20, -1
-0.677668, 0.327791, 1.00426, 0.05, 0.00231385, -0.169956, -0.436802, 0.468707, 995.902, -6557.12, 10, 2e-20, 3e-20, 2e-20, 2e-20, -1
-0.499476, 0.370718, 1.10189, 0.05, 0.170872, -0.0489489, -0.496766, 0.527607, 992.858, -11426.6, 10, 2e-20, 3e-20, 2e-20, 2e-20, -1
-0.462459, -0.510673, 1.39232, 0.05, 0.101029, 0.511051, 0.483116, 0.71048, 997.066, -4694.74, 10, 2e-20, 3e-20, 2e-20, 2e-20, -1
-0.815858, 0.460142, 1.35449, 0.05, 0.0758091, 0.110117, -0.415202, 0.436195, 998.388, -2579.43, 10, 2e-20, 3e-20, 2e-20, 2e-20, -1
-0.832005, -0.151244, 1.22324, 0.05, -0.14046, -0.0849689, 0.180965, 0.24433, 1002.22, 3558.89, 10, 2e-20, 3e-20, 2e-20, 2e-20, -1
-0.724468, 0.476163, 1.33061, 0.05, 0.0523128, 0.000664719, -0.364966, 0.368696, 997.572, -3884.49, 10, 2e-20, 3e-20, 2e-20, 2e-20, -1
-0.683772, 0.331208, 1.17859, 0.05, 0.398308, 0.0406651, -0.455582, 0.606513, 1008.81, 14089, 10, 2e-20, 3e-20, 2e-20, 2e-20, -1
-0.810322, -0.115464, 1.24481, 0.05, -0.0459477, -0.0799025, -0.000921865, 0.0921762, 1005.26, 8415.79, 10, 2e-20, 3e-20, 2e-20, 2e-20, -1
-0.663311, 0.320187, 1.32359, 0.05, 0.0506061, -0.246119, -0.229569, 0.340349, 1000.16, 263.275, 10, 2e-20, 3e-20, 2e-20, 2e-20, -1
-0.778523, 0.259607, 1.2198, 0.05, 0.0654559, -0.248773, 0.0714526, 0.266979, 1010.29, 16459.8, 10, 2e-20, 3e-20, 2e-20, 2e-20, -1
-0.738206, -0.173202, 1.37165, 0.05, 0.210737, -0.0405477, -0.137112, 0.254665, 1003, 4794.87, 10, 2e-20, 3e-20, 2e-20, 2e-20, -1
-0.74976, 0.257739, 1.32791, 0.05, 0.152925, -0.0384139, -0.195911, 0.251481, 998.706, -2070.81, 10, 2e-20, 3e-20, 2e-20, 2e-20, -1
-0.822939, 0.153932, 1.24592, 0.05, 0.269576, -0.242952, -0.0191438, 0.363406, 1001.92, 3074.42, 10, 2e-20, 3e-20, 2e-20, 2e-20, -1
-0.457362, 0.291988, 1.30045, 0.05, 0.132626, -0.257377, -0.191301, 0.347028, 1014.14, 22627.4, 10, 2e-20, 3e-20, 2e-20, 2e-20, -1
-0.623744, 0.356617, 1.36086, 0.05, 0.00950399, -0.189807, -0.280478, 0.3388, 995.651, -6958, 10, 2e-20, 3e-20, 2e-20, 2e-20, -1
-0.803054, -0.49671, 0.130608, 0.05, 0.368637, -0.067158, 0.134456, 0.398098, 1015.22, 24349.2, 10, 2e-20, 3e-20, 2e-20, 2e-20, -1
-0.754293, -0.493228, 0.17543, 0.05, 0.139347, -0.0263658, 0.0529723, 0.151389, 1014.53, 23253.2, 10, 2e-20, 3e-20, 2e-20, 2e-20, -1
-0.810732, -0.49551, 0.424444, 0.05, 0.151644, -0.0425074, 0.219654, 0.270279, 1005.92, 9464.54, 10, 2e-20, 3e-20, 2e-20, 2e-20, -1
-0.75294, -0.49533, 0.412304, 0.05, -0.0859187, -0.0433499, 0.0540128, 0.110357, 1009.17, 14672.5, 10, 2e-20, 3e-20, 2e-20, 2e-20, -1
-0.755324, -0.495948, 0.310379, 0.05, 0.100809, 0.0740707, 0.0114363, 0.125618, 1001.22, 1956.01, 10, 2e-20, 3e-20, 2e-20, 2e-20, -1
-0.707454, -0.496338, 0.457017, 0.05, -0.0371687, -0.0502076, 0.096507, 0.11496, 1001.95, 3114.06, 10, 2e-20, 3e-20, 2e-20, 2e-20, -1
-0.710318, -0.463544, 0.408409, 0.05, -0.0355014, 0.0218775, -0.113338, 0.120766, 1008.16, 13063.9, 10, 2e-20, 3e-20, 2e-20, 2e-20, -1
-0.579303, -0.49787, 0.468663, 0.05, -0.0700315, -0.124887, 0.107955, 0.179319, 1012.23, 19568.9, 10, 2e-20, 3e-20, 2e-20, 2e-20, -1
-0.769195, -0.501065, 0.567053, 0.05, 0.0603368, -0.139429, 0.152196, 0.215045, 1002.54, 4056.12, 10, 2e-20, 3e-20, 2e-20, 2e-20, -1
-0.87157, -0.493733, 0.693723, 0.05, -0.00141537, 0.0180158, 0.129536, 0.130791, 1006.33, 10123.6, 10, 2e-20, 3e-20, 2e-20, 2e-20, -1
-0.755286, -0.497253, 0.629403, 0.05, 0.0895079, -0.0866344, 0.118393, 0.171855, 1001.95, 3116.22, 10, 2e-20, 3e-20, 2e-20, 2e-20, -1
-0.65889, -0.498345, 0.518211, 0.05, 0.105396, -0.021434, -0.0273089, 0.110967, 1008.94, 14311.5, 10, 2e-20, 3e-20, 2e-20, 2e-20, -1
-0.811279, -0.496014, 0.671018, 0.05, -0.062021, -0.012021, 0.182406, 0.193036, 1005.07, 8107.19, 10, 2e-20, 3e-20, 2e-20, 2e-20, -1
-0.698545, -0.501538, 0.582979, 0.05, 0.0172552, -0.0480605, 0.214182, 0.220185, 1005.69, 9111.56, 10, 2e-20, 3e-20, 2e-20, 2e-20, -1
-0.685734, -0.493766, 0.707229, 0.05, 0.0121558, 0.00287083, 0.132339, 0.132927, 1005.77, 9226.35, 10, 2e-20, 3e-20, 2e-20, 2e-20, -1
-0.825465, -0.498676, 0.729758, 0.05, 0.102726, -0.0671493, 0.0751195, 0.143891, 1008.36, 13382.7, 10, 2e-20, 3e-20, 2e-20, 2e-20, -1
-0.822695, -0.496902, 0.870197, 0.05, -0.0726982, 0.0300667, 0.104436, 0.130751, 1002.39, 3831.19, 10, 2e-20, 3e-20, 2e-20, 2e-20, -1
-0.745, -0.457534, 0.794905, 0.05, -0.0495879, -0.0694504, 0.0707447, 0.110847, 1004.73, 7573.75, 10, 2e-20, 3e-20, 2e-20, 2e-20, -1
-0.783866, -0.499074, 0.765715, 0.05, -0.0299075, -0.0585395, 0.0682235, 0.0947406, 1004.48, 7170.95, 10, 2e-20, 3e-20, 2e-20, 2e-20, -1
-0.66738, -0.478563, 0.846136, 0.05, -0.0534064, 0.000566939, 0.050843, 0.0737399, 1003.2, 5122.66, 10, 2e-20, 3e-20, 2e-20, 2e-20, -1
-0.946464, -0.432662, 1.34761, 0.05, -0.155303, 0.0332669, 0.00776627, 0.159016, 1000.02, 30.0076, 10, 2e-20, 3e-20, 2e-20, 2e-20, -1
-0.72307, -0.496278, 0.931596, 0.05, -0.0177793, 0.217779, 0.176563, 0.280924, 1006.73, 10771.8, 10, 2e-20, 3e-20, 2e-20, 2e-20, -1
-0.717301, -0.500323, 1.11657, 0.05, -0.0155928, 0.0923774, 0.0454434, 0.104124, 1002.87, 4588.88, 10, 2e-20, 3e-20, 2e-20, 2e-20, -1
-0.785698, -0.505588, 1.22476, 0.05, -0.278112, -0.0431921, 0.171479, 0.329571, 1001.06, 1690.7, 10, 2e-20, 3e-20, 2e-20, 2e-20, -1
-0.73417, -0.471408, 0.972218, 0.05, -0.049963, 0.134187, 0.0285392, 0.146003, 993.476, -10439, 10, 2e-20, 3e-20, 2e-20, 2e-20, -1
-0.153328, -0.127237, 1.3974, 0.05, -0.136911, -0.0375287, 0.121879, 0.187103, 995.922, -6525.11, 10, 2e-20, 3e-20, 2e-20, 2e-20, -1
-0.640743, -0.470275, 1.21194, 0.05, 0.197894, -0.128275, 0.0770846, 0.24811, 1007.77, 12431.1, 10, 2e-20, 3e-20, 2e-20, 2e-20, -1
-0.712892, -0.503596, 1.17319, 0.05, -0.0452654, 0.0460409, 0.177693, 0.18906, 1006.66, 10658.1, 10, 2e-20, 3e-20, 2e-20, 2e-20, -1
-0.67431, -0.507798, 1.23132, 0.05, -0.346545, -0.240173, 0.203811, 0.468311, 1001.49, 2387.69, 10, 2e-20, 3e-20, 2e-20, 2e-20, -1
-0.663759, -0.468149, 1.10877, 0.05, -0.0905547, 0.00471943, 0.245863, 0.262051, 1009.3, 14883.7, 10, 2e-20, 3e-20, 2e-20, 2e-20, -1
-0.608736, -0.502088, 1.46994, 0.05, 0.0930887, 0.225534, 0.484623, 0.542577, 1006.72, 10748.6, 10, 2e-20, 3e-20, 2e-20, 2e-20, -1
-0.663936, -0.514803, 1.35811, 0.05, 0.109073, -0.15239, -0.106824, 0.215711, 996.916, -4933.9, 10, 2e-20, 3e-20, 2e-20, 2e-20, -1
-0.587433, -0.437233, 1.18646, 0.05, 0.0500695, 0.0912663, 0.0656169, 0.123053, 996.991, -4814.18, 10, 2e-20, 3e-20, 2e-20, 2e-20, -1
-0.649517, -0.394116, 1.33858, 0.05, 0.346622, -0.164435, 0.244399, 0.454881, 993.541, -10334.1, 10, 2e-20, 3e-20, 2e-20, 2e-20, -1
-0.629904, -0.480927, 1.43052, 0.05, 0.427832, -0.0390113, 0.331797, 0.542818, 1001.83, 2930.32, 10, 2e-20, 3e-20, 2e-20, 2e-20, -1
-0.629678, -0.340944, 1.24504, 0.05, 0.162778, -0.0401086, 0.0268888, 0.169789, 1002.14, 3430.87, 10, 2e-20, 3e-20, 2e-20, 2e-20, -1
-0.643089, -0.536456, 1.28897, 0.05, -0.190644, -0.175404, 0.197177, 0.325562, 999.401, -958.362, 10, 2e-20, 3e-20, 2e-20, 2e-20, -1
-0.448913, -0.312292, 1.30088, 0.05, 0.00901057, -0.134593, 0.186045, 0.229803, 995.653, -6954.76, 10, 2e-20, 3e-20, 2e-20, 2e-20, -1
-0.577399, -0.386376, 1.40332, 0.05, 0.17944, -0.178292, 0.334435, 0.419325, 995.665, -6935.65, 10, 2e-20, 3e-20, 2e-20, 2e-20, -1
-0.569759, -0.305783, 1.29851, 0.05, -0.00750684, -0.201893, -0.0716624, 0.214366, 1003.51, 5612.47, 10, 2e-20, 3e-20, 2e-20, 2e-20, -1
-0.541844, -0.305156, 1.13852, 0.05, 0.106802, -0.115281, 0.0574113, 0.16731, 1002.73, 4370.05, 10, 2e-20, 3e-20, 2e-20, 2e-20, -1
-0.416593, -0.260071, 1.2976, 0.05, 0.175316, -0.142563, 0.140357, 0.266008, 998.264, -2777.35, 10, 2e-20, 3e-20, 2e-20, 2e-20, -1
-0.479808, -0.219963, 1.3198, 0.05, 0.123337, -0.0321498, 0.188021, 0.227151, 1002.16, 3459.28, 10, 2e-20, 3e-20, 2e-20, 2e-20, -1
-0.865802, -0.181092, 1.29796, 0.05, 0.112821, 0.0793449, -0.0594507, 0.150195, 996.955, -4872.49, 10, 2e-20, 3e-20, 2e-20, 2e-20, -1
-0.434558, -0.209123, 1.35245, 0.05, 0.154514, 0.114695, -0.021587, 0.193638, 1005.24, 8382.29, 10, 2e-20, 3e-20, 2e-20, 2e-20, -1
-0.729606, -0.235426, 1.26115, 0.05, 0.164691, -0.247815, 0.166256, 0.340847, 996.294, -5929.87, 10, 2e-20, 3e-20, 2e-20, 2e-20, -1
-0.616102, -0.161962, 1.29151, 0.05, 0.302282, 0.00377956, -0.029398, 0.303732, 998.859, -1826.24, 10, 2e-20, 3e-20, 2e-20, 2e-20, -1
-0.466973, -0.192262, 1.37905, 0.05, 0.100115, 0.0814846, 0.0770004, 0.150306, 1003.93, 6280.75, 10, 2e-20, 3e-20, 2e-20, 2e-20, -1
-0.722691, -0.364768, 1.36008, 0.05, 0.0496568, 0.283168, -0.250244, 0.381145, 994.791, -8333.6, 10, 2e-20, 3e-20, 2e-20, 2e-20, -1
-0.538078, -0.226667, 1.33513, 0.05, 0.210592, 0.0939418, 0.0900846, 0.247567, 1004.21, 6728.82, 10, 2e-20, 3e-20, 2e-20, 2e-20, -1
-0.352504, 0.111614, 1.3948, 0.05, -0.0628915, 0.111192, 0.285673, 0.312935, 997.134, -4585.57, 10, 2e-20, 3e-20, 2e-20, 2e-20, -1
-0.759477, -0.448796, 0.04563, 0.05, 0.0304016, 0.0174252, 0.0584315, 0.0681332, 1013.95, 22318.6, 10, 2e-20, 3e-20, 2e-20, 2e-20, -1
-0.800288, -0.496669, 0.201059, 0.05, 0.290681, -0.126934, 0.04918, 0.320977, 1008.54, 13667.2, 10, 2e-20, 3e-20, 2e-20, 2e-20, -1
-0.773083, -0.467767, 0.0892341, 0.05, -0.078562, -0.0459252, 0.0323274, 0.0965721, 1006.48, 10366.6, 10, 2e-20, 3e-20, 2e-20, 2e-20, -1
-0.751599, -0.499105, 0.249256, 0.05, 0.0475244, -0.115397, 0.103913, 0.162398, 1002.87, 4585.71, 10, 2e-20, 3e-20, 2e-20, 2e-20, -1
-0.804221, -0.499233, 0.302637, 0.05, 0.0276053, -0.0731329, 0.0149139, 0.0795795, 999.934, -106.226, 10, 2e-20, 3e-20, 2e-20, 2e-20, -1
-0.773924, -0.42752, 0.203733, 0.05, -0.0369862, 0.0361143, 0.023729, 0.0568796, 1006.04, 9657.75, 10, 2e-20, 3e-20, 2e-20, 2e-20, -1
-0.761563, -0.454386, 0.290612, 0.05, 0.158419, -0.0851516, 0.0965375, 0.204125, 1003.24, 5184.98, 10, 2e-20, 3e-20, 2e-20, 2e-20, -1
-0.678864, -0.468292, 0.336336, 0.05, 0.0422207, -0.056302, 0.0106618, 0.0711771, 1004.42, 7066.92, 10, 2e-20, 3e-20, 2e-20, 2e-20, -1
-0.631241, -0.48164, 0.404151, 0.05, -0.104743, -0.0493318, 0.0374272, 0.121678, 1000.51, 809.336, 10, 2e-20, 3e-20, 2e-20, 2e-20, -1
-0.635329, -0.501847, 0.445995, 0.05, -0.143726, -0.0812223, 0.212852, 0.26937, 1003.59, 5743.72, 10, 2e-20, 3e-20, 2e-20, 2e-20, -1
-0.66814, -0.439986, 0.383053, 0.05, 0.0664037, 0.20521, 0.140516, 0.25742, 1011.48, 18363.4, 10, 2e-20, 3e-20, 2e-20, 2e-20, -1
-0.623161, -0.454776, 0.466178, 0.05, -0.0196717, -0.0488426, 0.103186, 0.115845, 1003.33, 5327.07, 10, 2e-20, 3e-20, 2e-20, 2e-20, -1
-0.621798, -0.442236, 0.505544, 0.05, 0.0132883, 0.00343696, 0.0589245, 0.060502, 995.297, -7525.04, 10, 2e-20, 3e-20, 2e-20, 2e-20, -1
-0.684456, -0.467415, 0.550307, 0.05, 0.134838, -0.0370936, 0.176159, 0.22492, 1002.06, 3294.18, 10, 2e-20, 3e-20, 2e-20, 2e-20, -1
-0.732847, -0.47318, 0.575137, 0.05, 0.0525678, -0.0173793, 0.149207, 0.159148, 1003.52, 5635.23, 10, 2e-20, 3e-20, 2e-20, 2e-20, -1
-0.671731, -0.448413, 0.505572, 0.05, 0.0569229, -0.119541, 0.0807411, 0.155079, 999.027, -1557.23, 10, 2e-20, 3e-20, 2e-20, 2e-20, -1
-0.722025, -0.448397, 0.59808, 0.05, 4.97802e-05, 0.049936, -0.0303243, 0.0584224, 1002.54, 4065.27, 10, 2e-20, 3e-20, 2e-20, 2e-20, -1
-0.688292, -0.452117, 0.626766, 0.05, 0.0537518, -0.149596, -0.0533513, 0.167674, 1003.25, 5202.72, 10, 2e-20, 3e-20, 2e-20, 2e-20, -1
-0.684744, -0.428877, 0.575717, 0.05, 0.126658, 0.0566857, -0.00902844, 0.139058, 1002.73, 4361.81, 10, 2e-20, 3e-20, 2e-20, 2e-20, -1
-0.70652, -0.423652, 0.70623, 0.05, -0.0596388, -0.0866314, 0.119457, 0.159159, 1002.25, 3596.84, 10, 2e-20, 3e-20, 2e-20, 2e-20, -1
-0.754195, -0.413799, 0.688748, 0.05, 0.071417, 0.0309125, 0.0933841, 0.121559, 1001.16, 1862.29, 10, 2e-20, 3e-20, 2e-20, 2e-20, -1
-0.722926, -0.377506, 0.707709, 0.05, -0.0370002, -0.0295148, 0.124615, 0.133301, 1005.94, 9503.9, 10, 2e-20, 3e-20, 2e-20, 2e-20, -1
-0.68789, -0.447683, 0.786846, 0.05, 0.0427976, -0.120605, 0.043009, 0.135007, 1004.36, 6973.52, 10, 2e-20, 3e-20, 2e-20, 2e-20, -1
-0.703766, -0.377836, 0.660127, 0.05, 0.0380761, 0.0259646, -0.0866698, 0.0981611, 1004.48, 7169.97, 10, 2e-20, 3e-20, 2e-20, 2e-20, -1
-0.687263, -0.394837, 0.748805, 0.05, -0.0832691, 0.0411905, 0.180009, 0.202568, 1005.04, 8058.76, 10, 2e-20, 3e-20, 2e-20, 2e-20, -1
-0.694496, -0.440178, 0.861835, 0.05, 0.103172, -0.0248529, -0.0306056, 0.110448, 1001.35, 2159.92, 10, 2e-20, 3e-20, 2e-20, 2e-20, -1
-0.720284, -0.432559, 0.82025, 0.05, 0.0316347, 0.0508768, -0.0120888, 0.0611175, 998.244, -2809.81, 10, 2e-20, 3e-20, 2e-20, 2e-20, -1
-0.697019, -0.417845, 0.902011, 0.05, 0.0217867, -0.174492, 0.117861, 0.211692, 1003.92, 6273.11, 10, 2e-20, 3e-20, 2e-20, 2e-20, -1
-0.669541, -0.346313, 0.827601, 0.05, -0.0302152, -0.0999289, -0.0396783, 0.111683, 995.656, -6950.79, 10, 2e-20, 3e-20, 2e-20, 2e-20, -1
-0.684847, -0.35288, 0.872275, 0.05, -0.00517794, -0.0090202, 0.115085, 0.115554, 1001.66, 2656.79, 10, 2e-20, 3e-20, 2e-20, 2e-20, -1
-0.639559, -0.434539, 1.08457, 0.05, 0.118558, 0.0107332, 0.165819, 0.204125, 994.518, -8770.86, 10, 2e-20, 3e-20, 2e-20, 2e-20, -1
-0.729516, -0.412971, 0.990147, 0.05, -0.0742902, 0.103766, 0.118493, 0.174147, 1004.22, 6759.43, 10, 2e-20, 3e-20, 2e-20, 2e-20, -1
-0.672024, -0.37486, 0.916248, 0.05, 0.0848751, 0.109254, -0.011704, 0.138843, 995.302, -7516.51, 10, 2e-20, 3e-20, 2e-20, 2e-20, -1
-0.646666, -0.395759, 0.948325, 0.05, 0.0573843, -0.037706, 0.0493032, 0.0845311, 996.946, -4885.98, 10, 2e-20, 3e-20, 2e-20, 2e-20, -1
-0.589141, -0.435323, 1.1114, 0.05, 0.129868, -0.0115992, 0.286161, 0.314465, 997.139, -4577.97, 10, 2e-20, 3e-20, 2e-20, 2e-20, -1
-0.58251, -0.403463, 1.1502, 0.05, 0.0901815, -0.0594529, 0.0858944, 0.138004, 1000.92, 1478.62, 10, 2e-20, 3e-20, 2e-20, 2e-20, -1
-0.547868, -0.415159, 1.15252, 0.05, -0.120767, 0.083839, 0.235336, 0.277483, 1002.44, 3909.15, 10, 2e-20, 3e-20, 2e-20, 2e-20, -1
-0.658102, -0.39807, 1.05682, 0.05, 0.161336, 0.0608272, 0.0626267, 0.183443, 993.047, -11124.8, 10, 2e-20, 3e-20, 2e-20, 2e-20, -1
-0.545942, -0.417531, 1.23442, 0.05, 0.102144, -0.160843, 0.209681, 0.28332, 998.409, -2545.23, 10, 2e-20, 3e-20, 2e-20, 2e-20, -1
-0.566761, -0.423587, 1.28832, 0.05, 0.158964, 0.055194, 0.477566, 0.506345, 997.106, -4630.89, 10, 2e-20, 3e-20, 2e-20, 2e-20, -1
-0.539734, -0.415643, 1.33231, 0.05, 0.0971195, 0.0388962, 0.357308, 0.372309, 996.789, -5138.05, 10, 2e-20, 3e-20, 2e-20, 2e-20, -1
-0.54337, -0.384378, 1.26204, 0.05, 0.15894, -0.132889, 0.334448, 0.393418, 999.776, -358.908, 10, 2e-20, 3e-20, 2e-20, 2e-20, -1
-0.51186, -0.266311, 1.13231, 0.05, 0.0853055, 0.00858405, -0.0639175, 0.10694, 997.855, -3432.75, 10, 2e-20, 3e-20, 2e-20, 2e-20, -1
-0.473936, -0.273706, 1.18455, 0.05, 0.374071, -0.0107092, 0.051664, 0.377774, 1000.12, 198.856, 10, 2e-20, 3e-20, 2e-20, 2e-20, -1
-0.461823, -0.301822, 1.26944, 0.05, 0.0743749, -0.0455714, 0.217602, 0.234434, 999.128, -1394.94, 10, 2e-20, 3e-20, 2e-20, 2e-20, -1
-0.448391, -0.26743, 1.2326, 0.05, 0.305035, -0.0784327, 0.098258, 0.329928, 1000.05, 84.4743, 10, 2e-20, 3e-20, 2e-20, 2e-20, -1
-0.419184, -0.180756, 1.40777, 0.05, 0.153632, 0.090605, 0.0133809, 0.178861, 1001.88, 3011.25, 10, 2e-20, 3e-20, 2e-20, 2e-20, -1
-0.421613, -0.208784, 1.25722, 0.05, 0.0908012, -0.0609751, 0.103836, 0.150813, 1004.23, 6774.8, 10, 2e-20, 3e-20, 2e-20, 2e-20, -1
-0.464482, -0.3958, 1.41021, 0.05, 0.0766621, -0.0859178, 0.520003, 0.532599, 994.817, -8292.19, 10, 2e-20, 3e-20, 2e-20, 2e-20, -1
-0.410932, -0.248375, 1.21315, 0.05, -0.0129545, -0.0679619, 0.109438, 0.129474, 999.115, -1415.36, 10, 2e-20, 3e-20, 2e-20, 2e-20, -1
-0.333965, -0.164983, 1.36563, 0.05, 0.091004, -0.0326904, -0.00319874, 0.0967503, 998.697, -2085.26, 10, 2e-20, 3e-20, 2e-20, 2e-20, -1
-0.764014, -0.366364, 0.0504076, 0.05, 0.0627649, -0.0700096, -0.222914, 0.241933, 1011.15, 17846.8, 10, 2e-20, 3e-20, 2e-20, 2e-20, -1
-0.767353, -0.420263, 0.0816433, 0.05, 0.189614, 0.0383706, 0.147809, 0.24346, 1004.47, 7155.65, 10, 2e-20, 3e-20, 2e-20, 2e-20, -1
-0.773568, -0.381517, 0.111937, 0.05, 0.15116, -0.275955, 0.190726, 0.367936, 1009.87, 15797.9, 10, 2e-20, 3e-20, 2e-20, 2e-20, -1
-0.815121, -0.456256, 0.172288, 0.05, -0.0121184, -0.0967882, 0.12029, 0.154869, 1015.08, 24120.1, 10, 2e-20, 3e-20, 2e-20, 2e-20, -1
-0.703219, -0.40214, 0.160573, 0.05, -0.115384, 0.0730736, -0.0167897, 0.137605, 1001.99, 3184.34, 10, 2e-20, 3e-20, 2e-20, 2e-20, -1
-0.749111, -0.386674, 0.165015, 0.05, -0.00868662, -0.0082284, -0.0334709, 0.0355453, 1012.13, 19403.9, 10, 2e-20, 3e-20, 2e-20, 2e-20, -1
-0.715936, -0.398987, 0.21378, 0.05, 0.0782688, 0.162937, 0.0899758, 0.201916, 1007.98, 12762.8, 10, 2e-20, 3e-20, 2e-20, 2e-20, -1
-0.789136, -0.417452, 0.250806, 0.05, -0.038789, 0.0583224, 0.00204461, 0.0700733, 1001.98, 3162.13, 10, 2e-20, 3e-20, 2e-20, 2e-20, -1
-0.727189, -0.44654, 0.325841, 0.05, 0.00825984, -0.0682546, 0.0389017, 0.0789953, 1002.87, 4599.8, 10, 2e-20, 3e-20, 2e-20, 2e-20, -1
-0.772208, -0.403398, 0.297895, 0.05, -0.141488, 0.131665, 0.016152, 0.193947, 1003.01, 4818.93, 10, 2e-20, 3e-20, 2e-20, 2e-20, -1
-0.69094, -0.42803, 0.333184, 0.05, 0.0809473, 0.0246167, 0.0169763, 0.086294, 1003.51, 5623.84, 10, 2e-20, 3e-20, 2e-20, 2e-20, -1
-0.752774, -0.41935, 0.339933, 0.05, -0.0174658, 0.104437, 0.102157, 0.147133, 1007.92, 12667, 10, 2e-20, 3e-20, 2e-20, 2e-20, -1
-0.721763, -0.419527, 0.428418, 0.05, 0.094083, 0.0491366, -0.0612455, 0.122544, 1000.24, 382.662, 10, 2e-20, 3e-20, 2e-20, 2e-20, -1
-0.750457, -0.364377, 0.339861, 0.05, -0.194526, 0.028615, -0.000977213, 0.196622, 1003.55, 5674.39, 10, 2e-20, 3e-20, 2e-20, 2e-20, -1
-0.669198, -0.438156, 0.437184, 0.05, 0.0728375, 0.0131138, -0.105647, 0.128991, 1001.65, 2642.84, 10, 2e-20, 3e-20, 2e-20, 2e-20, -1
-0.706443, -0.384465, 0.35687, 0.05, 0.0999396, 0.00645115, 0.0604397, 0.116972, 1001.92, 3064.69, 10, 2e-20, 3e-20, 2e-20, 2e-20, -1
-0.695101, -0.387311, 0.411918, 0.05, 0.0797649, -0.0672839, -0.00316341, 0.104401, 1005.2, 8325.04, 10, 2e-20, 3e-20, 2e-20, 2e-20, -1
-0.652659, -0.359757, 0.417086, 0.05, 0.0158619, -0.0435912, 0.117546, 0.126368, 1001.91, 3049.79, 10, 2e-20, 3e-20, 2e-20, 2e-20, -1
-0.694746, -0.32373, 0.404192, 0.05, 0.00369884, -0.0734669, 0.0187895, 0.0759217, 1002.28, 3645.9, 10, 2e-20, 3e-20, 2e-20, 2e-20, -1
-0.713471, -0.389569, 0.483635, 0.05, 0.181179, 0.138796, 0.0203567, 0.229139, 1003.95, 6316.52, 10, 2e-20, 3e-20, 2e-20, 2e-20, -1
-0.743049, -0.355258, 0.557113, 0.05, 0.0711486, -0.0739151, -0.105619, 0.147244, 998.913, -1739.98, 10, 2e-20, 3e-20, 2e-20, 2e-20, -1
-0.69126, -0.350839, 0.5727, 0.05, -0.12715, 0.0941235, -0.0362879, 0.162306, 1002.51, 4023.61, 10, 2e-20, 3e-20, 2e-20, 2e-20, -1
-0.778353, -0.365239, 0.607708, 0.05, 0.125295, -0.0802845, 0.02907, 0.151623, 1005.82, 9319.84, 10, 2e-20, 3e-20, 2e-20, 2e-20, -1
-0.743556, -0.346708, 0.658968, 0.05, 0.186255, -0.0124995, 0.0098103, 0.186931, 1005.46, 8734.15, 10, 2e-20, 3e-20, 2e-20, 2e-20, -1
-0.769151, -0.38636, 0.719472, 0.05, 0.118868, -0.108228, 0.0839786, 0.181371, 998.886, -1782.16, 10, 2e-20, 3e-20, 2e-20, 2e-20, -1
-0.742384, -0.29619, 0.691182, 0.05, 0.0636663, 0.0575184, 0.0833972, 0.119653, 1000.28, 450.333, 10, 2e-20, 3e-20, 2e-20, 2e-20, -1
-0.709509, -0.333563, 0.687678, 0.05, 0.0484264, 0.108283, 0.0393371, 0.124971, 999.49, -815.622, 10, 2e-20, 3e-20, 2e-20, 2e-20, -1
-0.73948, -0.332573, 0.723624, 0.05, 0.076924, 0.084372, -0.0213111, 0.116147, 1002.99, 4779.41, 10, 2e-20, 3e-20, 2e-20, 2e-20, -1
-0.770127, -0.415562, 0.811843, 0.05, -0.0348823, -0.0383455, 0.000523669, 0.0518404, 1005.63, 9015.19, 10, 2e-20, 3e-20, 2e-20, 2e-20, -1
-0.725572, -0.382804, 0.841348, 0.05, 0.0308629, -0.0125549, -0.0733025, 0.0805195, 996.561, -5503, 10, 2e-20, 3e-20, 2e-20, 2e-20, -1
-0.723123, -0.382988, 0.896188, 0.05, -0.0331969, 0.15147, 0.038503, 0.159774, 999.881, -190.79, 10, 2e-20, 3e-20, 2e-20, 2e-20, -1
-0.706413, -0.314938, 0.844243, 0.05, -0.0406764, 0.0503264, 0.144996, 0.15878, 1005.48, 8771.42, 10, 2e-20, 3e-20, 2e-20, 2e-20, -1
-0.71604, -0.384347, 0.940669, 0.05, 0.03083, 0.0145138, 0.0294297, 0.045025, 1002.76, 4415.96, 10, 2e-20, 3e-20, 2e-20, 2e-20, -1
-0.68515, -0.271825, 0.837326, 0.05, -0.0217244, -0.0783709, 0.0292129, 0.0864138, 1007.81, 12493.4, 10, 2e-20, 3e-20, 2e-20, 2e-20, -1
-0.69656, -0.418367, 0.971993, 0.05, 0.0842841, -0.214406, 0.0110623, 0.230643, 1002.78, 4449.54, 10, 2e-20, 3e-20, 2e-20, 2e-20, -1
-0.685631, -0.368107, 0.971508, 0.05, -0.00108606, 0.0502514, 0.165977, 0.17342, 1002.88, 4606.32, 10, 2e-20, 3e-20, 2e-20, 2e-20, -1
-0.657995, -0.312153, 0.960987, 0.05, 0.057995, -0.1199, -0.0124288, 0.133768, 998.202, -2877.5, 10, 2e-20, 3e-20, 2e-20, 2e-20, -1
-0.702776, -0.301003, 0.982465, 0.05, 0.0603694, -0.0496138, 0.176925, 0.193413, 1004.74, 7590.89, 10, 2e-20, 3e-20, 2e-20, 2e-20, -1
-0.682417, -0.358629, 1.06884, 0.05, -0.131628, -0.21953, 0.127554, 0.285988, 997.267, -4372.65, 10, 2e-20, 3e-20, 2e-20, 2e-20, -1
-0.633508, -0.417237, 1.12842, 0.05, 0.0693094, -0.089454, 0.254902, 0.278892, 999.476, -837.893, 10, 2e-20, 3e-20, 2e-20, 2e-20, -1
-0.667243, -0.383266, 1.12389, 0.05, 0.185835, -0.161696, 0.030804, 0.248252, 1001.5, 2394.29, 10, 2e-20, 3e-20, 2e-20, 2e-20, -1
-0.627467, -0.387685, 1.16948, 0.05, 0.015078, 0.0123194, -0.00134729, 0.0195174, 1009.93, 15884.3, 10, 2e-20, 3e-20, 2e-20, 2e-20, -1
-0.606902, -0.370911, 1.11926, 0.05, -0.166799, -0.146729, 0.127462, 0.256121, 1007.63, 12210, 10, 2e-20, 3e-20, 2e-20, 2e-20, -1
-0.58018, -0.337361, 1.15988, 0.05, 0.000753049, -0.132343, 0.110664, 0.172516, 1000.62, 996.205, 10, 2e-20, 3e-20, 2e-20, 2e-20, -1
-0.492168, -0.305586, 1.17172, 0.05, 0.100651, -0.152718, 0.115101, 0.216105, 1005.89, 9423.8, 10, 2e-20, 3e-20, 2e-20, 2e-20, -1
-0.525221, -0.281652, 1.17822, 0.05, -0.0358491, -0.00856146, 0.128055, 0.133254, 1004.86, 7781.91, 10, 2e-20, 3e-20, 2e-20, 2e-20, -1
-0.502752, -0.31978, 1.24224, 0.05, 0.0942208, 0.106716, 0.228372, 0.269109, 1003.32, 5312.38, 10, 2e-20, 3e-20, 2e-20, 2e-20, -1
-0.4279, -0.184461, 1.30879, 0.05, 0.104147, 0.00571577, 0.136884, 0.172095, 1001.24, 1976.32, 10, 2e-20, 3e-20, 2e-20, 2e-20, -1
-0.456748, -0.21541, 1.22342, 0.05, 0.30131, -0.00328445, 0.0872434, 0.313704, 991.822, -13085.1, 10, 2e-20, 3e-20, 2e-20, 2e-20, -1
-0.391467, -0.137549, 1.33464, 0.05, 0.121572, 0.0708275, 0.217152, 0.258749, 999.57, -687.675, 10, 2e-20, 3e-20, 2e-20, 2e-20, -1
-0.342511, -0.0482612, 1.39037, 0.05, 0.0312085, 0.194849, 0.318368, 0.374564, 1005.5, 8794.67, 10, 2e-20, 3e-20, 2e-20, 2e-20, -1
-0.830032, -0.361968, 0.052869, 0.05, -0.0768103, 0.000684578, -0.0802718, 0.111103, 1013.52, 21625.4, 10, 2e-20, 3e-20, 2e-20, 2e-20, -1
-0.834195, -0.363364, 0.116101, 0.05, 0.0473015, 0.0202934, 0.105844, 0.117695, 1013.58, 21733.1, 10, 2e-20, 3e-20, 2e-20, 2e-20, -1
-0.746318, -0.340119, 0.091521, 0.05, 0.187858, 0.182215, -0.13871, 0.296199, 1004.81, 7701.63, 10, 2e-20, 3e-20, 2e-20, 2e-20, -1
-0.768612, -0.292768, 0.102715, 0.05, 0.0363003, 0.149046, 0.240377, 0.285155, 1009.79, 15658.1, 10, 2e-20, 3e-20, 2e-20, 2e-20, -1
-0.776878, -0.344659, 0.132286, 0.05, -0.205027, 0.182136, 0.232604, 0.359603, 997.934, -3305.22, 10, 2e-20, 3e-20, 2e-20, 2e-20, -1
-0.748279, -0.30049, 0.143148, 0.05, -0.154774, 0.0395193, -0.0112435, 0.160135, 1006.58, 10530.8, 10, 2e-20, 3e-20, 2e-20, 2e-20, -1
-0.762607, -0.337896, 0.177233, 0.05, 0.0506376, 0.0234795, -0.11273, 0.125791, 1006.99, 11190, 10, 2e-20, 3e-20, 2e-20, 2e-20, -1
-0.71626, -0.337151, 0.213594, 0.05, 0.124868, 0.0146625, 0.00390837, 0.125786, 1001.83, 2932.35, 10, 2e-20, 3e-20, 2e-20, 2e-20, -1
-0.734711, -0.409279, 0.266439, 0.05, 0.0469741, 0.0866831, -0.0815021, 0.127918, 1010.03, 16049.3, 10, 2e-20, 3e-20, 2e-20, 2e-20, -1
-0.673117, -0.367107, 0.239137, 0.05, -0.196777, -0.0838934, -0.123638, 0.247074, 1006.52, 10434.9, 10, 2e-20, 3e-20, 2e-20, 2e-20, -1
-0.717009, -0.38669, 0.303423, 0.05, 0.0479963, 0.0737823, -0.0107925, 0.0886789, 1007.62, 12195.3, 10, 2e-20, 3e-20, 2e-20, 2e-20, -1
-0.690422, -0.322837, 0.260109, 0.05, 0.0647794, 0.111322, -0.00186699, 0.128812, 1008.39, 13422.9, 10, 2e-20, 3e-20, 2e-20, 2e-20, -1
-0.666502, -0.382386, 0.317846, 0.05, 0.121867, -0.0356366, 0.147841, 0.194881, 996.921, -4926.45, 10, 2e-20, 3e-20, 2e-20, 2e-20, -1
-0.734062, -0.295369, 0.25106, 0.05, 0.121771, 0.0478996, 0.127761, 0.182881, 998.584, -2264.93, 10, 2e-20, 3e-20, 2e-20, 2e-20, -1
-0.727314, -0.282131, 0.300161, 0.05, -0.0394234, -0.0648365, -0.0435977, 0.0875143, 1004.04, 6457.66, 10, 2e-20, 3e-20, 2e-20, 2e-20, -1
-0.738694, -0.296399, 0.382667, 0.05, -0.147151, 0.0648236, 0.099352, 0.189014, 1004.14, 6622.15, 10, 2e-20, 3e-20, 2e-20, 2e-20, -1
-0.72816, -0.354304, 0.381748, 0.05, -0.0931984, 0.0206782, 0.0144165, 0.0965472, 1008.93, 14293.9, 10, 2e-20, 3e-20, 2e-20, 2e-20, -1
-0.714358, -0.313877, 0.340528, 0.05, -0.134007, -0.0286216, 0.0137951, 0.137722, 1005.78, 9252.28, 10, 2e-20, 3e-20, 2e-20, 2e-20, -1
-0.790279, -0.269826, 0.475557, 0.05, -0.0126433, -0.0637798, -0.00177824, 0.0650452, 1005.32, 8507.56, 10, 2e-20, 3e-20, 2e-20, 2e-20, -1
-0.724754, -0.324267, 0.456084, 0.05, -0.139969, -0.0202076, 0.0164702, 0.142376, 1003.02, 4832.3, 10, 2e-20, 3e-20, 2e-20, 2e-20, -1
-0.732884, -0.343806, 0.505214, 0.05, 0.131423, 0.168444, 0.0108117, 0.213921, 1007.02, 11231.3, 10, 2e-20, 3e-20, 2e-20, 2e-20, -1
-0.752356, -0.309088, 0.540305, 0.05, 0.09527, 0.0475124, -0.152549, 0.186024, 1002.9, 4635.11, 10, 2e-20, 3e-20, 2e-20, 2e-20, -1
-0.763247, -0.305313, 0.584266, 0.05, 0.0609189, 0.132968, -0.00800119, 0.146477, 1001.28, 2045.57, 10, 2e-20, 3e-20, 2e-20, 2e-20, -1
-0.680112, -0.30428, 0.593782, 0.05, -0.026574, 0.148428, -0.0477636, 0.158172, 1006.56, 10498.2, 10, 2e-20, 3e-20, 2e-20, 2e-20, -1
-0.760201, -0.216183, 0.621483, 0.05, 0.0636488, -0.147849, -0.0412434, 0.166167, 1005.13, 8200.97, 10, 2e-20, 3e-20, 2e-20, 2e-20, -1
-0.685361, -0.260717, 0.634724, 0.05, 0.118314, 0.13729, 0.000477943, 0.181237, 1008.63, 13814.8, 10, 2e-20, 3e-20, 2e-20, 2e-20, -1
-0.719395, -0.223431, 0.64848, 0.05, -0.000863511, 0.129619, -0.0881043, 0.15673, 1003.7, 5926.43, 10, 2e-20, 3e-20, 2e-20, 2e-20, -1
-0.698667, -0.286481, 0.675542, 0.05, 0.0539567, -0.0708146, 0.147762, 0.17251, 997.7, -3679.23, 10, 2e-20, 3e-20, 2e-20, 2e-20, -1
-0.707533, -0.269578, 0.722462, 0.05, -0.0562241, 0.0210414, -0.0454901, 0.0753209, 998.094, -3050.1, 10, 2e-20, 3e-20, 2e-20, 2e-20, -1
-0.731921, -0.36183, 0.764319, 0.05, 0.0901539, -0.11669, 0.0780568, 0.166845, 998.276, -2758.17, 10, 2e-20, 3e-20, 2e-20, 2e-20, -1
-0.731241, -0.340873, 0.812259, 0.05, -0.0596228, 0.036281, 0.122686, 0.141149, 1001.66, 2660.52, 10, 2e-20, 3e-20, 2e-20, 2e-20, -1
-0.683564, -0.258249, 0.771297, 0.05, 0.0779764, 0.0105775, 0.175212, 0.192072, 1007.56, 12093.6, 10, 2e-20, 3e-20, 2e-20, 2e-20, -1
-0.709706, -0.214923, 0.779055, 0.05, -0.0548807, -0.0330694, 0.088445, 0.109215, 1002.85, 4558.08, 10, 2e-20, 3e-20, 2e-20, 2e-20, -1
-0.714587, -0.319897, 0.896391, 0.05, -0.0150802, -0.0519682, 0.0882464, 0.103516, 1006.58, 10534.1, 10, 2e-20, 3e-20, 2e-20, 2e-20, -1
-0.70342, -0.333334, 0.945296, 0.05, 0.0732883, -0.0966658, -0.0353962, 0.126366, 1002.68, 4286.15, 10, 2e-20, 3e-20, 2e-20, 2e-20, -1
-0.733409, -0.348511, 0.986779, 0.05, 0.0148371, -0.0862542, 0.191132, 0.210217, 998.954, -1673.04, 10, 2e-20, 3e-20, 2e-20, 2e-20, -1
-0.637383, -0.275107, 0.924277, 0.05, -0.105578, -0.123112, 0.0556629, 0.171469, 998.073, -3082.92, 10, 2e-20, 3e-20, 2e-20, 2e-20, -1
-0.66447, -0.224336, 0.915996, 0.05, 0.0784051, -0.00820494, 0.114681, 0.139163, 1004.77, 7627.55, 10, 2e-20, 3e-20, 2e-20, 2e-20, -1
-0.654765, -0.295716, 1.00722, 0.05, -0.088576, -0.0424014, 0.115719, 0.151771, 1004.77, 7626.73, 10, 2e-20, 3e-20, 2e-20, 2e-20, -1
-0.649656, -0.318594, 1.05949, 0.05, 0.122957, 0.0438018, -0.039847, 0.136473, 998.611, -2222.43, 10, 2e-20, 3e-20, 2e-20, 2e-20, -1
-0.669826, -0.278727, 1.08784, 0.05, 0.0690786, 0.0229784, -0.0679877, 0.0996102, 998.236, -2822.34, 10, 2e-20, 3e-20, 2e-20, 2e-20, -1
-0.636631, -0.367459, 1.09091, 0.05, 0.169926, -0.190967, -0.0426457, 0.259156, 999.789, -338.277, 10, 2e-20, 3e-20, 2e-20, 2e-20, -1
-0.631087, -0.236002, 1.0965, 0.05, 0.125679, -0.140257, -0.0257441, 0.190079, 996.793, -5131.72, 10, 2e-20, 3e-20, 2e-20, 2e-20, -1
-0.604917, -0.319714, 1.08687, 0.05, 0.00541625, -0.0816678, 0.0388313, 0.0905916, 1002.49, 3982.4, 10, 2e-20, 3e-20, 2e-20, 2e-20, -1
-0.582857, -0.283004, 1.11735, 0.05, 0.0236629, -0.0439444, 0.0791707, 0.0935898, 1005.26, 8413.32, 10, 2e-20, 3e-20, 2e-20, 2e-20, -1
-0.552929, -0.233382, 1.14696, 0.05, 0.0163655, -0.05818, 0.224413, 0.232409, 995.941, -6494.66, 10, 2e-20, 3e-20, 2e-20, 2e-20, -1
-0.549375, -0.250139, 1.09357, 0.05, 0.164558, -0.066595, 0.0439237, 0.182876, 1001.84, 2938.55, 10, 2e-20, 3e-20, 2e-20, 2e-20, -1
-0.478035, -0.185846, 1.18088, 0.05, 0.11605, 0.00197109, 0.0125741, 0.116746, 998.718, -2051.05, 10, 2e-20, 3e-20, 2e-20, 2e-20, -1
-0.398756, -0.111822, 1.29328, 0.05, 0.208472, 0.00108357, 0.188852, 0.281295, 998.821, -1886.08, 10, 2e-20, 3e-20, 2e-20, 2e-20, -1
-0.363792, -0.0497589, 1.31473, 0.05, -0.133556, 0.0224178, 0.272487, 0.304284, 1001.5, 2397.23, 10, 2e-20, 3e-20, 2e-20, 2e-20, -1
-0.40506, 0.181656, 1.3646, 0.05, -0.057789, -0.120132, 0.2277, 0.263853, 1003.32, 5318, 10, 2e-20, 3e-20, 2e-20, 2e-20, -1
-0.761784, -0.255753, 0.0541928, 0.05, -0.0287758, 0.139683, 0.142546, 0.201641, 1011.12, 17791.8, 10, 2e-20, 3e-20, 2e-20, 2e-20, -1
-0.828339, -0.313102, 0.0462152, 0.05, 0.0823102, -0.0956238, -0.0620898, 0.14062, 1011.06, 17688.6, 10, 2e-20, 3e-20, 2e-20, 2e-20, -1
-0.801644, -0.339213, 0.0867471, 0.05, -0.240514, 0.124981, 0.0931408, 0.286605, 1008.83, 14121.2, 10, 2e-20, 3e-20, 2e-20, 2e-20, -1
-0.776595, -0.238107, 0.10261, 0.05, 0.253684, -0.0625013, -0.0376212, 0.263965, 1006.72, 10757.7, 10, 2e-20, 3e-20, 2e-20, 2e-20, -1
-0.811497, -0.283273, 0.0856107, 0.05, 0.112793, 0.00103605, 0.101392, 0.15167, 1007.98, 12773.3, 10, 2e-20, 3e-20, 2e-20, 2e-20, -1
-0.789337, -0.263445, 0.132244, 0.05, 0.214414, -0.0835569, -0.0926228, 0.24806, 1006.81, 10903, 10, 2e-20, 3e-20, 2e-20, 2e-20, -1
-0.792065, -0.296331, 0.185383, 0.05, 0.107792, 0.0226946, 0.0328447, 0.114948, 1005.5, 8802.23, 10, 2e-20, 3e-20, 2e-20, 2e-20, -1
-0.818415, -0.176738, 0.205806, 0.05, -0.117263, -0.122836, 0.0362216, 0.173642, 1009.39, 15028.2, 10, 2e-20, 3e-20, 2e-20, 2e-20, -1
-0.743742, -0.265619, 0.173804, 0.05, -0.0601383, -0.0434694, -0.0625061, 0.0970217, 1006.31, 10098.5, 10, 2e-20, 3e-20, 2e-20, 2e-20, -1
-0.731351, -0.202992, 0.21226, 0.05, 0.315564, 0.0048087, -0.106546, 0.3331, 997.109, -4624.82, 10, 2e-20, 3e-20, 2e-20, 2e-20, -1
-0.713438, -0.287878, 0.206146, 0.05, 0.0808635, -0.0174402, -0.160677, 0.180721, 998.081, -3070.15, 10, 2e-20, 3e-20, 2e-20, 2e-20, -1
-0.702868, -0.243695, 0.210912, 0.05, -0.0426644, 0.035134, 0.00136906, 0.0552858, 1011.07, 17704.4, 10, 2e-20, 3e-20, 2e-20, 2e-20, -1
-0.786103, -0.238011, 0.259957, 0.05, -0.168132, -0.0964558, -0.0816016, 0.210312, 1010.49, 16778.1, 10, 2e-20, 3e-20, 2e-20, 2e-20, -1
-0.73694, -0.241483, 0.254599, 0.05, 0.058338, 0.0672471, 0.0258968, 0.0927154, 1005.62, 8990.48, 10, 2e-20, 3e-20, 2e-20, 2e-20, -1
-0.76107, -0.242558, 0.31182, 0.05, 0.0616037, 0.0668277, 0.0146631, 0.092065, 1013.16, 21048.4, 10, 2e-20, 3e-20, 2e-20, 2e-20, -1
-0.710774, -0.237946, 0.31646, 0.05, 0.0173776, 0.116724, -0.115127, 0.164865, 1005.21, 8334.38, 10, 2e-20, 3e-20, 2e-20, 2e-20, -1
-0.747591, -0.252835, 0.361829, 0.05, 0.0243478, -0.0840917, 0.118488, 0.147322, 1003.47, 5551.8, 10, 2e-20, 3e-20, 2e-20, 2e-20, -1
-0.708294, -0.274271, 0.425297, 0.05, -0.0699596, 0.113069, 0.00129015, 0.132968, 1009.83, 15728.8, 10, 2e-20, 3e-20, 2e-20, 2e-20, -1
-0.749499, -0.215903, 0.408635, 0.05, -0.0910327, -0.124566, -0.0311606, 0.1574, 1009.14, 14629.2, 10, 2e-20, 3e-20, 2e-20, 2e-20, -1
-0.730298, -0.238066, 0.451718, 0.05, 0.0304772, -0.0347643, 0.0133292, 0.0481153, 1006.02, 9631.51, 10, 2e-20, 3e-20, 2e-20, 2e-20, -1
-0.767897, -0.265496, 0.526864, 0.05, -0.0546997, -0.0340005, -0.102867, 0.121366, 1003.46, 5540.4, 10, 2e-20, 3e-20, 2e-20, 2e-20, -1
-0.719649, -0.276281, 0.571104, 0.05, -0.0208476, 0.0475982, 0.0459396, 0.0693589, 997.797, -3525, 10, 2e-20, 3e-20, 2e-20, 2e-20, -1
-0.721883, -0.251873, 0.517411, 0.05, -0.0476709, -0.0828578, -0.0671008, 0.116792, 1010.54, 16856.2, 10, 2e-20, 3e-20, 2e-20, 2e-20, -1
-0.71759, -0.236025, 0.606629, 0.05, -0.0538362, 0.0158523, -0.00546427, 0.0563869, 999.273, -1162.63, 10, 2e-20, 3e-20, 2e-20, 2e-20, -1
-0.672819, -0.141622, 0.534332, 0.05, -0.0866488, 0.116016, 0.0329455, 0.148503, 1006.1, 9752.34, 10, 2e-20, 3e-20, 2e-20, 2e-20, -1
-0.739046, -0.227716, 0.555601, 0.05, 0.0507296, 0.0956094, 0.0516583, 0.11993, 1002.92, 4666.77, 10, 2e-20, 3e-20, 2e-20, 2e-20, -1
-0.797024, -0.190537, 0.629918, 0.05, -0.145808, 0.126677, 0.110214, 0.222383, 1004.93, 7884.24, 10, 2e-20, 3e-20, 2e-20, 2e-20, -1
-0.747839, -0.244815, 0.694805, 0.05, -0.0400878, -0.0813429, 0.0454139, 0.101421, 996.316, -5893.9, 10, 2e-20, 3e-20, 2e-20, 2e-20, -1
-0.758533, -0.197898, 0.66753, 0.05, 0.0155299, -0.0252453, -0.0266146, 0.0398351, 1003.45, 5517.63, 10, 2e-20, 3e-20, 2e-20, 2e-20, -1
-0.748655, -0.276883, 0.75385, 0.05, -0.0609605, 0.077093, 0.0769569, 0.124827, 1002.39, 3816.24, 10, 2e-20, 3e-20, 2e-20, 2e-20, -1
-0.766857, -0.173082, 0.712189, 0.05, -0.0357531, -0.159839, -0.0175399, 0.164725, 1004.47, 7151.04, 10, 2e-20, 3e-20, 2e-20, 2e-20, -1
-0.763276, -0.231544, 0.777011, 0.05, 0.045442, -0.0073765, -0.131793, 0.139603, 1003.92, 6264.21, 10, 2e-20, 3e-20, 2e-20, 2e-20, -1
-0.724604, -0.243119, 0.811801, 0.05, 0.0547383, -0.0851857, 0.0179966, 0.102843, 998.705, -2071.6, 10, 2e-20, 3e-20, 2e-20, 2e-20, -1
-0.761014, -0.192162, 0.89245, 0.05, -0.0938387, -0.0398694, -0.12938, 0.164725, 1000.38, 605.233, 10, 2e-20, 3e-20, 2e-20, 2e-20, -1
-0.760643, -0.26888, 0.837475, 0.05, 0.0168965, -0.121333, 0.0118853, 0.123079, 993.026, -11158.8, 10, 2e-20, 3e-20, 2e-20, 2e-20, -1
-0.721837, -0.272685, 0.869301, 0.05, 0.0656841, -0.154485, 0.0329975, 0.171082, 1000.65, 1033.35, 10, 2e-20, 3e-20, 2e-20, 2e-20, -1
-0.723745, -0.233183, 0.911586, 0.05, -0.0729316, -0.0627655, 0.14481, 0.173863, 1001.16, 1860.38, 10, 2e-20, 3e-20, 2e-20, 2e-20, -1
-0.680287, -0.26377, 0.952955, 0.05, -0.0179866, -0.006513, -0.107397, 0.109087, 1003.1, 4953.44, 10, 2e-20, 3e-20, 2e-20, 2e-20, -1
-0.756866, -0.205181, 1.03704, 0.05, -0.0159334, -0.00567325, -0.0336392, 0.0376518, 1001.94, 3102.84, 10, 2e-20, 3e-20, 2e-20, 2e-20, -1
-0.65507, -0.243986, 1.00404, 0.05, 0.0238054, -0.15277, 0.11181, 0.190806, 999.855, -231.632, 10, 2e-20, 3e-20, 2e-20, 2e-20, -1
-0.623049, -0.218495, 1.04665, 0.05, 0.0126293, -0.181373, 0.0425679, 0.186729, 998.686, -2101.7, 10, 2e-20, 3e-20, 2e-20, 2e-20, -1
-0.705185, -0.227159, 1.10296, 0.05, -0.0690104, -0.0660307, 0.122941, 0.155683, 1005.1, 8166.69, 10, 2e-20, 3e-20, 2e-20, 2e-20, -1
-0.556671, -0.126467, 1.14231, 0.05, 0.0162872, -0.147237, -0.00958722, 0.148445, 1005.17, 8264.97, 10, 2e-20, 3e-20, 2e-20, 2e-20, -1
-0.634679, -0.291698, 1.12177, 0.05, 0.143972, -0.0949084, 0.124022, 0.212408, 1000.42, 673.789, 10, 2e-20, 3e-20, 2e-20, 2e-20, -1
-0.59202, -0.209317, 1.15113, 0.05, 0.173963, -0.182665, 0.11391, 0.276776, 996.042, -6333.48, 10, 2e-20, 3e-20, 2e-20, 2e-20, -1
-0.542117, -0.174559, 1.16343, 0.05, 0.116174, -0.082347, 0.149938, 0.206782, 996.387, -5780.55, 10, 2e-20, 3e-20, 2e-20, 2e-20, -1
-0.470089, -0.130509, 1.1897, 0.05, 0.0449788, 0.0126748, 0.216437, 0.221424, 999.82, -287.93, 10, 2e-20, 3e-20, 2e-20, 2e-20, -1
-0.431688, -0.104263, 1.23015, 0.05, 0.141096, -0.073176, 0.218203, 0.269954, 999.97, -47.5421, 10, 2e-20, 3e-20, 2e-20, 2e-20, -1
-0.424436, -0.0563216, 1.30931, 0.05, 0.19644, -0.00141483, 0.0620339, 0.206007, 1001.19, 1897.31, 10, 2e-20, 3e-20, 2e-20, 2e-20, -1
-0.384645, -0.0226664, 1.28405, 0.05, -0.00878042, 0.116223, 0.134504, 0.177978, 1003.06, 4889.42, 10, 2e-20, 3e-20, 2e-20, 2e-20, -1
-0.273947, -0.161803, 1.35397, 0.05, -0.0615921, -0.0735756, 0.0866532, 0.129289, 998.259, -2786.18, 10, 2e-20, 3e-20, 2e-20, 2e-20, -1
-0.698904, -0.152192, 0.0528715, 0.05, -0.0681531, -0.0512648, 0.0836504, 0.119458, 1014.69, 23498.5, 10, 2e-20, 3e-20, 2e-20, 2e-20, -1
-0.746614, -0.208747, 0.0739619, 0.05, -0.0415707, 0.032414, 0.0358676, 0.0637595, 1005.5, 8793.05, 10, 2e-20, 3e-20, 2e-20, 2e-20, -1
-0.885435, -0.203198, 0.0992127, 0.05, -0.0704612, 0.154525, 0.0630614, 0.181161, 1009.48, 15172.3, 10, 2e-20, 3e-20, 2e-20, 2e-20, -1
-0.805926, -0.14664, 0.0696866, 0.05, -0.077507, -0.234593, -0.0658361, 0.255687, 1002.03, 3241.54, 10, 2e-20, 3e-20, 2e-20, 2e-20, -1
-0.815593, -0.19093, 0.0817085, 0.05, -0.0383341, 0.309279, -0.0524845, 0.316034, 1009.95, 15920.2, 10, 2e-20, 3e-20, 2e-20, 2e-20, -1
-0.744958, -0.219014, 0.148491, 0.05, -0.048521, -0.123342, 0.00580999, 0.13267, 1001.31, 2089.55, 10, 2e-20, 3e-20, 2e-20, 2e-20, -1
-0.785237, -0.235269, 0.176388, 0.05, 0.00558554, 0.0141206, 0.0333405, 0.0366358, 1011.69, 18708.6, 10, 2e-20, 3e-20, 2e-20, 2e-20, -1
-0.779251, -0.119912, 0.153647, 0.05, -0.118683, 0.0362558, 0.0504302, 0.133953, 1008.64, 13826, 10, 2e-20, 3e-20, 2e-20, 2e-20, -1
-0.767833, -0.146679, 0.195609, 0.05, -0.0716486, 0.011155, -0.132718, 0.151235, 1004.57, 7316.82, 10, 2e-20, 3e-20, 2e-20, 2e-20, -1
-0.761765, -0.160163, 0.246419, 0.05, -0.108989, 0.157499, 0.161095, 0.250272, 1009.68, 15494.2, 10, 2e-20, 3e-20, 2e-20, 2e-20, -1
-0.797989, -0.190432, 0.261284, 0.05, -0.150637, -0.0184638, 0.0777143, 0.170505, 1011.32, 18114.4, 10, 2e-20, 3e-20, 2e-20, 2e-20, -1
-0.79984, -0.15376, 0.304149, 0.05, 0.125174, 0.0117178, -0.15599, 0.200346, 1009.49, 15179, 10, 2e-20, 3e-20, 2e-20, 2e-20, -1
-0.782533, -0.19108, 0.317097, 0.05, 0.102342, 0.0789604, 0.033543, 0.133543, 1000.93, 1486.61, 10, 2e-20, 3e-20, 2e-20, 2e-20, -1
-0.748122, -0.14907, 0.302494, 0.05, -0.0331955, -0.159027, 0.0988977, 0.19019, 997.897, -3364.22, 10, 2e-20, 3e-20, 2e-20, 2e-20, -1
-0.763948, -0.169158, 0.365874, 0.05, -0.0370254, 0.0573726, -0.0453242, 0.0819559, 1009.11, 14582.7, 10, 2e-20, 3e-20, 2e-20, 2e-20, -1
-0.758175, -0.11889, 0.326769, 0.05, -0.110437, 0.0110252, 0.0280566, 0.114478, 1006.02, 9629.51, 10, 2e-20, 3e-20, 2e-20, 2e-20, -1
-0.729766, -0.144515, 0.361259, 0.05, -0.0564472, -0.0628893, 0.0532023, 0.0998592, 1007.93, 12682.9, 10, 2e-20, 3e-20, 2e-20, 2e-20, -1
-0.783866, -0.0796503, 0.432052, 0.05, -0.0682027, 0.0842987, 0.0311588, 0.112822, 1001.86, 2972.85, 10, 2e-20, 3e-20, 2e-20, 2e-20, -1
-0.743861, -0.15201, 0.412194, 0.05, -0.0871853, 0.139527, -0.113088, 0.199645, 1012.01, 19217.4, 10, 2e-20, 3e-20, 2e-20, 2e-20, -1
-0.768161, -0.120328, 0.442307, 0.05, 0.0629756, 0.0205032, -0.0119351, 0.0672961, 1002.26, 3608.09, 10, 2e-20, 3e-20, 2e-20, 2e-20, -1
-0.742804, -0.150484, 0.477094, 0.05, -0.0139032, 0.0353152, 0.0348683, 0.051539, 1006.35, 10166.8, 10, 2e-20, 3e-20, 2e-20, 2e-20, -1
-0.770568, -0.229628, 0.489765, 0.05, 0.0277293, 0.0217949, -0.0595513, 0.0692119, 1009.14, 14621.4, 10, 2e-20, 3e-20, 2e-20, 2e-20, -1
-0.732659, -0.0976366, 0.484607, 0.05, 0.0109759, 0.0734705, -0.0400961, 0.0844162, 1008.22, 13155.4, 10, 2e-20, 3e-20, 2e-20, 2e-20, -1
-0.727416, -0.207161, 0.492266, 0.05, -0.0905033, 0.00373863, 0.100709, 0.135451, 1003.63, 5814.45, 10, 2e-20, 3e-20, 2e-20, 2e-20, -1
-0.723083, -0.168097, 0.525246, 0.05, -0.0873956, -0.052094, 0.125204, 0.161332, 1004.01, 6411.88, 10, 2e-20, 3e-20, 2e-20, 2e-20, -1
-0.727971, -0.183203, 0.572216, 0.05, 0.0411898, 0.0348833, -0.265246, 0.270683, 1010.48, 16770.5, 10, 2e-20, 3e-20, 2e-20, 2e-20, -1
-0.701831, -0.185513, 0.614888, 0.05, 0.103131, -0.240351, 0.110335, 0.283863, 990.848, -14642.6, 10, 2e-20, 3e-20, 2e-20, 2e-20, -1
-0.716448, -0.11199, 0.592258, 0.05, 0.000480899, -0.127163, -0.138019, 0.187669, 1004.25, 6803.17, 10, 2e-20, 3e-20, 2e-20, 2e-20, -1
-0.752024, -0.166892, 0.619634, 0.05, -0.0874106, 0.0755507, -0.0185163, 0.11701, 1001.9, 3033.9, 10, 2e-20, 3e-20, 2e-20, 2e-20, -1
-0.75753, -0.123351, 0.622019, 0.05, -0.103713, 0.11761, -0.0194242, 0.158006, 1002.7, 4327.77, 10, 2e-20, 3e-20, 2e-20, 2e-20, -1
-0.779837, -0.127869, 0.73678, 0.05, 0.0302423, 0.0280348, 0.0153501, 0.0440019, 1004.56, 7299.2, 10, 2e-20, 3e-20, 2e-20, 2e-20, -1
-0.782298, -0.0493452, 0.725381, 0.05, -0.127208, -0.213057, 0.145239, 0.287522, 997.964, -3257.37, 10, 2e-20, 3e-20, 2e-20, 2e-20, -1
-0.775479, -0.17916, 0.76351, 0.05, -0.00681784, -0.131978, -0.0959335, 0.163303, 997.181, -4509.96, 10, 2e-20, 3e-20, 2e-20, 2e-20, -1
-0.786761, -0.119067, 0.839574, 0.05, 0.0447356, -0.176152, 0.0229022, 0.183181, 999.821, -286.106, 10, 2e-20, 3e-20, 2e-20, 2e-20, -1
-0.770391, -0.145475, 0.876625, 0.05, 0.0390601, -0.267343, -0.00567696, 0.270241, 1002.06, 3292.27, 10, 2e-20, 3e-20, 2e-20, 2e-20, -1
-0.784187, -0.100705, 0.962253, 0.05, 0.0232927, -0.232262, -0.233513, 0.330177, 993.223, -10843.5, 10, 2e-20, 3e-20, 2e-20, 2e-20, -1
-0.750402, -0.134381, 0.993162, 0.05, 0.13345, -0.107728, -0.136088, 0.218939, 995.556, -7110.4, 10, 2e-20, 3e-20, 2e-20, 2e-20, -1
-0.770335, -0.122956, 0.919683, 0.05, -0.0897645, 0.0170243, -0.0163767, 0.0928207, 1005.71, 9130.76, 10, 2e-20, 3e-20, 2e-20, 2e-20, -1
-0.685453, -0.223508, 0.967906, 0.05, -0.000920155, 0.0200214, -0.129963, 0.1315, 1000.95, 1524.18, 10, 2e-20, 3e-20, 2e-20, 2e-20, -1
-0.721254, -0.169905, 1.02838, 0.05, 0.0889979, -0.065567, -0.122751, 0.165189, 999.882, -189.363, 10, 2e-20, 3e-20, 2e-20, 2e-20, -1
-0.716612, -0.173569, 1.10757, 0.05, 0.0659316, -0.0290591, -0.196913, 0.209681, 1005.05, 8083.24, 10, 2e-20, 3e-20, 2e-20, 2e-20, -1
-0.707494, -0.0824493, 1.08208, 0.05, 0.0903884, 0.0377473, -0.0780079, 0.12522, 1007.58, 12128.6, 10, 2e-20, 3e-20, 2e-20, 2e-20, -1
-0.656735, -0.0674523, 1.07541, 0.05, -0.0152272, -0.0189581, 0.0274708, 0.0366868, 1007.48, 11974.4, 10, 2e-20, 3e-20, 2e-20, 2e-20, -1
-0.616242, -0.178514, 1.09934, 0.05, -0.254478, -7.69165e-05, -0.0239989, 0.255607, 1005.49, 8789.52, 10, 2e-20, 3e-20, 2e-20, 2e-20, -1
-0.615607, -0.0946082, 1.0607, 0.05, 0.0626031, -0.193542, 0.0168677, 0.204113, 1007.26, 11608.5, 10, 2e-20, 3e-20, 2e-20, 2e-20, -1
-0.568526, -0.0969057, 1.09827, 0.05, 0.00175647, 0.0747255, 0.129646, 0.14965, 1009.82, 15713.5, 10, 2e-20, 3e-20, 2e-20, 2e-20, -1
-0.575635, -0.119287, 1.06629, 0.05, 0.0157021, -0.0480923, 0.0288385, 0.0582331, 1006.6, 10566, 10, 2e-20, 3e-20, 2e-20, 2e-20, -1
-0.517679, -0.10379, 1.12834, 0.05, 0.21494, 0.117971, -0.0124728, 0.245503, 1002.21, 3534.62, 10, 2e-20, 3e-20, 2e-20, 2e-20, -1
-0.455091, -0.0570948, 1.20977, 0.05, 0.188823, -0.0635656, 0.0953951, 0.220895, 996.711, -5262.49, 10, 2e-20, 3e-20, 2e-20, 2e-20, -1
-0.413256, -0.0274792, 1.23479, 0.05, -0.0273481, -0.0178085, 0.179573, 0.182515, 1004.66, 7461.12, 10, 2e-20, 3e-20, 2e-20, 2e-20, -1
-0.16811, -0.131876, 1.3242, 0.05, 0.0262822, 0.0582609, 0.0550657, 0.0843642, 1003.04, 4870.88, 10, 2e-20, 3e-20, 2e-20, 2e-20, -1
-0.82849, -0.0553818, 0.0474335, 0.05, 0.0354367, -0.100828, 0.183954, 0.212747, 1010.42, 16674.1, 10, 2e-20, 3e-20, 2e-20, 2e-20, -1
-0.83008, -0.114882, 0.0486445, 0.05, -0.0534407, 0.0156991, -0.103511, 0.117546, 1016.66, 26660.8, 10, 2e-20, 3e-20, 2e-20, 2e-20, -1
-0.866681, -0.114242, 0.0891626, 0.05, -0.278803, 0.0621524, -0.186273, 0.341015, 1006.11, 9768.54, 10, 2e-20, 3e-20, 2e-20, 2e-20, -1
-0.916127, -0.00347605, 0.0955071, 0.05, 0.0863172, 0.42252, 0.215889, 0.482268, 1007.13, 11401, 10, 2e-20, 3e-20, 2e-20, 2e-20, -1
-0.87044, -0.0891192, 0.160224, 0.05, 0.123926, 0.228127, 0.0880298, 0.274133, 1014.95, 23918.8, 10, 2e-20, 3e-20, 2e-20, 2e-20, -1
-0.768404, -0.133119, 0.102809, 0.05, 0.033335, 0.0512212, 0.0298192, 0.0680001, 1011.98, 19173.7, 10, 2e-20, 3e-20, 2e-20, 2e-20, -1
-0.848902, -0.123897, 0.135057, 0.05, 0.0739247, -0.0558128, -0.160275, 0.185116, 1001.04, 1663.95, 10, 2e-20, 3e-20, 2e-20, 2e-20, -1
-0.817564, -0.0763789, 0.153367, 0.05, 0.0193529, 0.179293, 0.0702884, 0.193548, 1010.97, 17558.1, 10, 2e-20, 3e-20, 2e-20, 2e-20, -1
-0.820779, -0.0284349, 0.134916, 0.05, -0.466238, -0.0882346, 0.248721, 0.535748, 1000.75, 1198.99, 10, 2e-20, 3e-20, 2e-20, 2e-20, -1
-0.812547, -0.130596, 0.225768, 0.05, -0.0352227, 0.0290904, 0.100913, 0.110772, 1007.11, 11369.9, 10, 2e-20, 3e-20, 2e-20, 2e-20, -1
-0.789223, -0.0911777, 0.196576, 0.05, -0.244544, 0.0162675, 0.0133699, 0.245449, 1001.56, 2494.86, 10, 2e-20, 3e-20, 2e-20, 2e-20, -1
-0.808485, -0.0798934, 0.23886, 0.05, -0.0433881, 0.162431, -0.134113, 0.215064, 1008.26, 13209.3, 10, 2e-20, 3e-20, 2e-20, 2e-20, -1
-0.807742, -0.0713835, 0.288691, 0.05, 0.0336642, 0.0798002, 0.0588921, 0.104736, 1007.51, 12010.7, 10, 2e-20, 3e-20, 2e-20, 2e-20, -1
-0.785055, -0.0757174, 0.334622, 0.05, -0.262076, -0.15808, 0.154609, 0.342895, 1007.76, 12408.7, 10, 2e-20, 3e-20, 2e-20, 2e-20, -1
-0.739637, -0.050316, 0.34429, 0.05, 0.0166161, -0.0526018, -0.150709, 0.160488, 1012.19, 19509.1, 10, 2e-20, 3e-20, 2e-20, 2e-20, -1
-0.764874, -0.0192948, 0.372492, 0.05, -0.20039, 0.0322874, 0.00891171, 0.20317, 1005.57, 8914.45, 10, 2e-20, 3e-20, 2e-20, 2e-20, -1
-0.792031, -0.0256468, 0.441578, 0.05, -0.0632478, 0.0707203, -0.360999, 0.373259, 1009.14, 14618.6, 10, 2e-20, 3e-20, 2e-20, 2e-20, -1
-0.830815, 0.0155008, 0.481435, 0.05, -0.003338, 0.174268, -0.241964, 0.298206, 1004.57, 7311.88, 10, 2e-20, 3e-20, 2e-20, 2e-20, -1
-0.759103, -0.0593592, 0.472807, 0.05, -0.0231764, -0.251622, -0.0153829, 0.253155, 999.058, -1506.66, 10, 2e-20, 3e-20, 2e-20, 2e-20, -1
-0.793808, 0.0258658, 0.448391, 0.05, -0.0249664, -0.016392, -0.0817884, 0.087071, 1007.41, 11861.7, 10, 2e-20, 3e-20, 2e-20, 2e-20, -1
-0.792341, -0.0141224, 0.493884, 0.05, -0.0059767, -0.0841903, 0.0837596, 0.118909, 999.486, -821.95, 10, 2e-20, 3e-20, 2e-20, 2e-20, -1
-0.780327, -0.0406946, 0.537337, 0.05, -0.0701566, -0.0999616, 0.0658774, 0.138759, 1004.64, 7423.96, 10, 2e-20, 3e-20, 2e-20, 2e-20, -1
-0.757578, 0.0212092, 0.508525, 0.05, 0.0450565, 0.111064, -0.0903605, 0.150101, 1005.77, 9234.41, 10, 2e-20, 3e-20, 2e-20, 2e-20, -1
-0.752928, -0.0841291, 0.526031, 0.05, 0.00903634, 0.157721, -0.155866, 0.221927, 1003.57, 5716.68, 10, 2e-20, 3e-20, 2e-20, 2e-20, -1
-0.760485, -0.0397681, 0.597084, 0.05, 0.0285824, 0.165917, 0.21284, 0.271379, 1005.21, 8329.89, 10, 2e-20, 3e-20, 2e-20, 2e-20, -1
-0.719924, -0.118559, 0.542766, 0.05, 0.132781, -0.0983634, 0.0844816, 0.185589, 1000.99, 1579.88, 10, 2e-20, 3e-20, 2e-20, 2e-20, -1
-0.768855, -0.0172967, 0.640897, 0.05, 0.114223, -0.0804762, -0.0872223, 0.164715, 1002.76, 4418.75, 10, 2e-20, 3e-20, 2e-20, 2e-20, -1
-0.761647, -0.0902209, 0.57425, 0.05, 0.143115, -0.0246617, 0.0776826, 0.164696, 1009.52, 15239.9, 10, 2e-20, 3e-20, 2e-20, 2e-20, -1
-0.729402, -0.0765899, 0.630669, 0.05, -0.0997776, -0.0532141, -0.0706884, 0.133357, 1005.97, 9552.36, 10, 2e-20, 3e-20, 2e-20, 2e-20, -1
-0.775001, -0.0991013, 0.696696, 0.05, -0.00482935, -0.0170811, 0.0359236, 0.0400698, 999.849, -241.136, 10, 2e-20, 3e-20, 2e-20, 2e-20, -1
-0.74179, -0.0215012, 0.706392, 0.05, 0.0306925, 0.134715, -0.0807895, 0.160054, 1003.97, 6344.82, 10, 2e-20, 3e-20, 2e-20, 2e-20, -1
-0.759925, 0.043294, 0.822348, 0.05, -0.0277341, -0.0126543, -0.0576203, 0.0651875, 1003.84, 6142.15, 10, 2e-20, 3e-20, 2e-20, 2e-20, -1
-0.778228, 0.0307591, 0.865516, 0.05, -0.0313195, -0.0353479, -0.0497175, 0.0685727, 1004.71, 7531.24, 10, 2e-20, 3e-20, 2e-20, 2e-20, -1
-0.822385, 0.101108, 0.967739, 0.05, -0.0472104, -0.170079, -0.0869015, 0.196743, 1008.86, 14168.7, 10, 2e-20, 3e-20, 2e-20, 2e-20, -1
-0.750951, -0.0422743, 0.807879, 0.05, -0.122269, -0.040292, -0.0189745, 0.130128, 1009.14, 14629.5, 10, 2e-20, 3e-20, 2e-20, 2e-20, -1
-0.779577, -0.0435853, 0.914219, 0.05, 0.14383, -0.179843, 0.0177536, 0.230967, 999.299, -1121.7, 10, 2e-20, 3e-20, 2e-20, 2e-20, -1
-0.728077, -0.0987995, 0.967689, 0.05, -0.0880136, -0.360685, -0.0603312, 0.376138, 993.045, -11127.4, 10, 2e-20, 3e-20, 2e-20, 2e-20, -1
-0.696548, -0.136584, 0.999147, 0.05, -0.0808006, -0.192204, -0.190948, 0.282723, 1002.66, 4258.32, 10, 2e-20, 3e-20, 2e-20, 2e-20, -1
-0.753359, -0.0322392, 0.991329, 0.05, -0.0478784, 0.0581283, -0.0436357, 0.0870363, 1004.25, 6807.36, 10, 2e-20, 3e-20, 2e-20, 2e-20, -1
-0.690448, -0.0857654, 1.01258, 0.05, 0.0969987, 0.0360256, -0.0807333, 0.131242, 1002.13, 3404.14, 10, 2e-20, 3e-20, 2e-20, 2e-20, -1
-0.749938, -0.0240831, 1.03527, 0.05, 0.150236, -0.149495, -0.0370992, 0.215165, 1001.79, 2859.94, 10, 2e-20, 3e-20, 2e-20, 2e-20, -1
-0.714483, -0.137839, 1.06746, 0.05, 0.0938671, -0.232661, 0.114479, 0.275767, 1001.42, 2266.11, 10, 2e-20, 3e-20, 2e-20, 2e-20, -1
-0.703044, -0.00654688, 1.01534, 0.05, -0.0163535, -0.210416, 0.0603166, 0.2195, 1003.72, 5954.86, 10, 2e-20, 3e-20, 2e-20, 2e-20, -1
-0.677414, -0.0414173, 1.02819, 0.05, 0.0437701, -0.0940812, -0.0251494, 0.106769, 1003.26, 5210.89, 10, 2e-20, 3e-20, 2e-20, 2e-20, -1
-0.586579, 0.00384224, 1.07952, 0.05, 0.319584, -0.0804723, -0.210132, 0.390851, 1002.57, 4105.07, 10, 2e-20, 3e-20, 2e-20, 2e-20, -1
-0.62217, -0.0464715, 1.04936, 0.05, 0.167851, -0.00325488, -0.0249761, 0.169731, 997.742, -3612.33, 10, 2e-20, 3e-20, 2e-20, 2e-20, -1
-0.570336, -0.0474329, 1.0677, 0.05, 0.0917291, -0.0333026, -0.0321866, 0.102758, 1003.82, 6106.57, 10, 2e-20, 3e-20, 2e-20, 2e-20, -1
-0.532528, -0.0539461, 1.12803, 0.05, -0.0183269, 0.00290405, 0.206889, 0.20772, 1005.95, 9522.71, 10, 2e-20, 3e-20, 2e-20, 2e-20, -1
-0.48408, -0.00205722, 1.19007, 0.05, -0.033667, 0.171454, 0.00475944, 0.174793, 1009.76, 15609.7, 10, 2e-20, 3e-20, 2e-20, 2e-20, -1
-0.463227, -0.0182552, 1.24307, 0.05, 0.0943999, -0.0132305, 0.188857, 0.21155, 1001.36, 2172.93, 10, 2e-20, 3e-20, 2e-20, 2e-20, -1
-0.464807, 0.146685, 1.31702, 0.05, 0.0784859, -0.0622739, 0.0505051, 0.1122, 1004.08, 6532.22, 10, 2e-20, 3e-20, 2e-20, 2e-20, -1
-0.782839, -0.0202818, 0.0499259, 0.05, 0.00758667, 0.302838, -0.041851, 0.305811, 1014.04, 22461.1, 10, 2e-20, 3e-20, 2e-20, 2e-20, -1
-0.812425, 0.063641, 0.0484166, 0.05, -0.0848025, -0.272981, -0.0217924, 0.286679, 1008.85, 14166.5, 10, 2e-20, 3e-20, 2e-20, 2e-20, -1
-0.845462, 0.0584234, 0.0859008, 0.05, 0.163043, 0.0278945, -0.0905164, 0.188559, 1006.72, 10758.4, 10, 2e-20, 3e-20, 2e-20, 2e-20, -1
-0.833825, -0.0128409, 0.091048, 0.05, -0.144066, 0.0116251, 0.199795, 0.246593, 1007.89, 12630.3, 10, 2e-20, 3e-20, 2e-20, 2e-20, -1
-0.87567, 0.0312793, 0.152229, 0.05, 0.114956, 0.159297, -0.0222725, 0.197703, 1014.73, 23572.7, 10, 2e-20, 3e-20, 2e-20, 2e-20, -1
-0.838476, 0.0239693, 0.125172, 0.05, -0.183153, -0.153732, 0.163408, 0.289622, 1002.48, 3964.24, 10, 2e-20, 3e-20, 2e-20, 2e-20, -1
-0.84545, -0.0680463, 0.112683, 0.05, -0.0494936, 0.293214, 0.161588, 0.33843, 1016.42, 26274.2, 10, 2e-20, 3e-20, 2e-20, 2e-20, -1
-0.873197, -0.0144237, 0.120916, 0.05, 0.00117503, 0.0189057, -0.0996419, 0.101426, 1004.11, 6568.91, 10, 2e-20, 3e-20, 2e-20, 2e-20, -1
-0.831094, 0.00870757, 0.17039, 0.05, -0.142976, 0.202622, -0.22161, 0.332579, 1001.57, 2507.57, 10, 2e-20, 3e-20, 2e-20, 2e-20, -1
-0.850029, 0.000696493, 0.213491, 0.05, 0.148492, 0.177817, 0.0879315, 0.247792, 1004.61, 7378.58, 10, 2e-20, 3e-20, 2e-20, 2e-20, -1
-0.807, -0.0372495, 0.203392, 0.05, -0.165141, 0.0290067, 0.0284365, 0.170063, 1007.7, 12314.6, 10, 2e-20, 3e-20, 2e-20, 2e-20, -1
-0.822549, -0.0342962, 0.255318, 0.05, -0.180141, 0.122022, -0.121938, 0.249417, 1002.03, 3244.28, 10, 2e-20, 3e-20, 2e-20, 2e-20, -1
-0.8716, 0.0103497, 0.408098, 0.05, 0.0193882, -0.151335, -0.179118, 0.23529, 1003.96, 6343.07, 10, 2e-20, 3e-20, 2e-20, 2e-20, -1
-0.7957, -0.0425503, 0.397371, 0.05, -0.0808179, 0.0305963, -0.014524, 0.0876276, 1003.83, 6128.77, 10, 2e-20, 3e-20, 2e-20, 2e-20, -1
-0.780641, 0.0994914, 0.332259, 0.05, -0.179178, 0.0225542, 0.0571668, 0.189424, 1007.49, 11987.1, 10, 2e-20, 3e-20, 2e-20, 2e-20, -1
-0.807539, -0.00178222, 0.360674, 0.05, 0.0683832, 0.103296, -0.104008, 0.161753, 1010.9, 17446.2, 10, 2e-20, 3e-20, 2e-20, 2e-20, -1
-0.791678, 0.0295573, 0.394717, 0.05, -0.114107, -0.095102, -0.129036, 0.196761, 999.015, -1575.55, 10, 2e-20, 3e-20, 2e-20, 2e-20, -1
-0.825139, 0.105308, 0.421713, 0.05, -0.0661948, -0.0580705, -0.196293, 0.215139, 1001.81, 2894.67, 10, 2e-20, 3e-20, 2e-20, 2e-20, -1
-0.834528, 0.072492, 0.458303, 0.05, 0.0813881, 0.0828004, -0.277507, 0.300816, 1005.64, 9019.47, 10, 2e-20, 3e-20, 2e-20, 2e-20, -1
-0.809359, 0.109677, 0.484818, 0.05, 0.0121211, -0.0931143, -0.153229, 0.179712, 997.789, -3538.03, 10, 2e-20, 3e-20, 2e-20, 2e-20, -1
-0.792268, 0.0617571, 0.483542, 0.05, 0.246815, 0.0562021, -0.207231, 0.327141, 1006.62, 10594.1, 10, 2e-20, 3e-20, 2e-20, 2e-20, -1
-0.75151, 0.0509678, 0.462265, 0.05, -0.105095, -0.0188919, 0.129081, 0.167522, 1005.07, 8116.61, 10, 2e-20, 3e-20, 2e-20, 2e-20, -1
-0.871211, 0.0959461, 0.586512, 0.05, -0.162412, -0.0505609, 0.110176, 0.202664, 1000.17, 274.081, 10, 2e-20, 3e-20, 2e-20, 2e-20, -1
-0.805644, 0.0166744, 0.530718, 0.05, -0.0943229, -0.0831548, 0.252849, 0.28239, 1006.2, 9919.82, 10, 2e-20, 3e-20, 2e-20, 2e-20, -1
-0.789442, -0.00157716, 0.58452, 0.05, -0.101779, -0.272459, -0.181309, 0.342733, 998.509, -2385.75, 10, 2e-20, 3e-20, 2e-20, 2e-20, -1
-0.833174, 0.0425852, 0.603151, 0.05, -0.238672, 0.148942, -0.145965, 0.316945, 1006.75, 10803.6, 10, 2e-20, 3e-20, 2e-20, 2e-20, -1
-0.778147, 0.0200453, 0.670724, 0.05, -0.0150824, -0.0478632, -0.000841637, 0.0501904, 1000.82, 1309.69, 10, 2e-20, 3e-20, 2e-20, 2e-20, -1
-0.815651, 0.0467362, 0.658513, 0.05, 0.247707, 0.0798888, 0.143613, 0.297263, 997.593, -3851.48, 10, 2e-20, 3e-20, 2e-20, 2e-20, -1
-0.785874, 0.00255059, 0.81498, 0.05, -0.0998178, -0.0737823, -0.10272, 0.161117, 1006.41, 10260.7, 10, 2e-20, 3e-20, 2e-20, 2e-20, -1
-0.812512, 0.0799597, 0.725248, 0.05, 0.0276747, 0.0189022, -0.1518, 0.155456, 1004.42, 7070.49, 10, 2e-20, 3e-20, 2e-20, 2e-20, -1
-0.817649, 0.065057, 0.825792, 0.05, 0.0625651, -0.242055, -0.153991, 0.293629, 1002.29, 3661.65, 10, 2e-20, 3e-20, 2e-20, 2e-20, -1
-0.8677, 0.0669359, 0.805299, 0.05, -0.0137644, -0.24784, -0.138808, 0.284398, 1002.77, 4427.39, 10, 2e-20, 3e-20, 2e-20, 2e-20, -1
-0.765682, 0.100656, 0.902493, 0.05, 0.0859377, -0.132256, -0.214285, 0.266074, 1001.79, 2867.99, 10, 2e-20, 3e-20, 2e-20, 2e-20, -1
-0.858111, 0.102827, 1.0097, 0.05, 0.277888, -0.281364, -0.252072, 0.468964, 998.528, -2354.81, 10, 2e-20, 3e-20, 2e-20, 2e-20, -1
-0.818752, 0.0363317, 0.944398, 0.05, -0.0396404, 0.139445, -0.111334, 0.182789, 1000.84, 1336.76, 10, 2e-20, 3e-20, 2e-20, 2e-20, -1
-0.748062, 0.0445807, 0.956936, 0.05, 0.0872211, -0.141066, -0.0301191, 0.168565, 1001.84, 2943.09, 10, 2e-20, 3e-20, 2e-20, 2e-20, -1
-0.78122, 0.00258696, 0.963503, 0.05, 0.2115, -0.170297, 0.0203377, 0.272299, 998.65, -2159.51, 10, 2e-20, 3e-20, 2e-20, 2e-20, -1
-0.767478, 0.0505624, 1.00606, 0.05, 0.0288351, -0.114069, -0.219456, 0.249006, 1006.43, 10289.1, 10, 2e-20, 3e-20, 2e-20, 2e-20, -1
-0.796241, -0.00207679, 1.0225, 0.05, -0.0197228, -0.287517, -0.259072, 0.387522, 999.223, -1243.16, 10, 2e-20, 3e-20, 2e-20, 2e-20, -1
-0.78456, 0.120081, 1.08483, 0.05, -0.00744792, -0.208342, -0.215721, 0.299996, 1002.86, 4574.3, 10, 2e-20, 3e-20, 2e-20, 2e-20, -1
-0.772218, -0.0202904, 1.07614, 0.05, 0.0733099, -0.348568, -0.173202, 0.396071, 1000.14, 222.194, 10, 2e-20, 3e-20, 2e-20, 2e-20, -1
-0.771459, 0.0275491, 1.04323, 0.05, 0.19977, 0.00887178, -0.117037, 0.231699, 1001.29, 2070, 10, 2e-20, 3e-20, 2e-20, 2e-20, -1
-0.724652, 0.0160294, 1.06153, 0.05, 0.0360424, -0.0489988, -0.33113, 0.33667, 1001.7, 2713.96, 10, 2e-20, 3e-20, 2e-20, 2e-20, -1
-0.67143, 0.0229512, 1.06095, 0.05, 0.238569, -0.236536, -0.00974261, 0.336095, 1005.77, 9228.38, 10, 2e-20, 3e-20, 2e-20, 2e-20, -1
-0.610603, 0.0540066, 1.10123, 0.05, -0.131143, -0.010006, -0.0402925, 0.137557, 1013.2, 21119, 10, 2e-20, 3e-20, 2e-20, 2e-20, -1
-0.571656, 0.0424192, 1.14127, 0.05, 0.229055, 0.069999, 0.173087, 0.295508, 1005.39, 8619.3, 10, 2e-20, 3e-20, 2e-20, 2e-20, -1
-0.523094, 0.0561123, 1.17828, 0.05, 0.249295, -0.107451, 0.0756856, 0.281819, 996.72, -5247.48, 10, 2e-20, 3e-20, 2e-20, 2e-20, -1
-0.522213, -0.00100324, 1.15864, 0.05, 0.0660498, 0.00573547, 0.0789409, 0.103088, 1006.76, 10819.1, 10, 2e-20, 3e-20, 2e-20, 2e-20, -1
-0.486209, 0.0527609, 1.20316, 0.05, 0.0452705, -0.019509, 0.0789274, 0.0930567, 1001.55, 2473.58, 10, 2e-20, 3e-20, 2e-20, 2e-20, -1
-0.384909, 0.0593969, 1.28461, 0.05, -0.022665, 0.0722576, 0.120374, 0.142214, 1008.86, 14176.2, 10, 2e-20, 3e-20, 2e-20, 2e-20, -1
-0.474072, 0.090682, 1.31498, 0.05, 0.169906, -0.164032, 0.160422, 0.2855, 1007.11, 11368.9, 10, 2e-20, 3e-20, 2e-20, 2e-20, -1
-0.790916, 0.117271, 0.054766, 0.05, -0.0374901, 0.121429, -0.242461, 0.273748, 1026.47, 42351, 10, 2e-20, 3e-20, 2e-20, 2e-20, -1
-0.821001, 0.174538, 0.0411135, 0.05, 0.0564602, -0.0446261, -0.133145, 0.15135, 1021.39, 34226.9, 10, 2e-20, 3e-20, 2e-20, 2e-20, -1
-0.881784, 0.235667, 0.0957007, 0.05, -0.276768, 0.519447, -0.0247311, 0.589099, 1018.74, 29984.3, 10, 2e-20, 3e-20, 2e-20, 2e-20, -1
-0.847934, 0.109177, 0.103944, 0.05, -0.00656242, 0.265904, 0.160646, 0.310733, 1013.55, 21681.1, 10, 2e-20, 3e-20, 2e-20, 2e-20, -1
-0.855358, 0.0764284, 0.139446, 0.05, -0.0813861, 0.0271392, 0.0916422, 0.125533, 1015.77, 25232.1, 10, 2e-20, 3e-20, 2e-20, 2e-20, -1
-0.833754, 0.153002, 0.11496, 0.05, -0.243969, -0.275799, -0.0520398, 0.371879, 995.604, -7032.85, 10, 2e-20, 3e-20, 2e-20, 2e-20, -1
-0.80744, 0.13517, 0.151034, 0.05, -0.210164, -0.115387, -0.0901462, 0.256144, 1010.97, 17553.4, 10, 2e-20, 3e-20, 2e-20, 2e-20, -1
-0.809245, 0.194277, 0.147859, 0.05, -0.358612, 0.343829, 0.303215, 0.582031, 997.773, -3563.4, 10, 2e-20, 3e-20, 2e-20, 2e-20, -1
-0.797, 0.0578174, 0.200679, 0.05, -0.0960295, -0.265024, 0.0690636, 0.290222, 1001.67, 2676.07, 10, 2e-20, 3e-20, 2e-20, 2e-20, -1
-0.80131, 0.010292, 0.235347, 0.05, -0.096085, 0.178973, 0.0378021, 0.206622, 1006.84, 10936.7, 10, 2e-20, 3e-20, 2e-20, 2e-20, -1
-0.798038, 0.111487, 0.223983, 0.05, -0.299828, 0.213391, 0.00568201, 0.368056, 1010.82, 17307.1, 10, 2e-20, 3e-20, 2e-20, 2e-20, -1
-0.814791, 0.0387194, 0.277548, 0.05, -0.115942, -0.0332447, -0.207915, 0.240367, 1003.42, 5470.76, 10, 2e-20, 3e-20, 2e-20, 2e-20, -1
-0.801427, 0.205737, 0.274431, 0.05, 0.0406258, 0.35973, 0.0685902, 0.368458, 1013.11, 20978.5, 10, 2e-20, 3e-20, 2e-20, 2e-20, -1
-0.835146, 0.034133, 0.324856, 0.05, -0.194026, -0.0773918, -0.0613402, 0.217711, 1008, 12804.7, 10, 2e-20, 3e-20, 2e-20, 2e-20, -1
-0.793518, 0.188326, 0.323098, 0.05, -0.278363, 0.104981, 0.259773, 0.394954, 1010.7, 17125.5, 10, 2e-20, 3e-20, 2e-20, 2e-20, -1
-0.81551, 0.132306, 0.375022, 0.05, -0.122116, -0.29509, -0.0293598, 0.320706, 1004.89, 7831.46, 10, 2e-20, 3e-20, 2e-20, 2e-20, -1
-0.801608, 0.0813778, 0.379142, 0.05, -0.0510293, 0.136566, -0.190323, 0.239744, 1001.34, 2142.13, 10, 2e-20, 3e-20, 2e-20, 2e-20, -1
-0.826823, 0.189305, 0.398944, 0.05, -0.0835783, 0.0525182, -0.0878962, 0.132171, 1004.98, 7968.63, 10, 2e-20, 3e-20, 2e-20, 2e-20, -1
-0.881697, 0.175995, 0.403009, 0.05, -0.271789, 0.191452, -0.139218, 0.360424, 1004.56, 7303.32, 10, 2e-20, 3e-20, 2e-20, 2e-20, -1
-0.78057, 0.113626, 0.442701, 0.05, 0.100792, 0.20304, -0.112063, 0.252868, 993.599, -10241.4, 10, 2e-20, 3e-20, 2e-20, 2e-20, -1
-0.852513, 0.0948852, 0.540148, 0.05, -0.0356284, 0.267943, -0.169749, 0.319183, 1013.96, 22334.5, 10, 2e-20, 3e-20, 2e-20, 2e-20, -1
-0.886462, 0.056665, 0.614031, 0.05, 0.0889287, 0.0693556, -0.177004, 0.209878, 1003.98, 6371.77, 10, 2e-20, 3e-20, 2e-20, 2e-20, -1
-0.888794, 0.139748, 0.60378, 0.05, -0.0952514, -0.0990586, -0.0422862, 0.143783, 1002.02, 3236.76, 10, 2e-20, 3e-20, 2e-20, 2e-20, -1
-0.868957, 0.120323, 0.651934, 0.05, -0.123982, 0.00852877, -0.132064, 0.181343, 1006.31, 10099.6, 10, 2e-20, 3e-20, 2e-20, 2e-20, -1
-0.89156, 0.0755781, 0.662614, 0.05, -0.136037, 0.0050623, 0.056529, 0.147402, 1002.46, 3935.44, 10, 2e-20, 3e-20, 2e-20, 2e-20, -1
-0.848563, 0.0871022, 0.626503, 0.05, -0.0273108, -0.0334848, -0.186245, 0.191192, 1007.76, 12410.8, 10, 2e-20, 3e-20, 2e-20, 2e-20, -1
-0.851307, 0.157992, 0.672137, 0.05, -0.302132, -0.0665162, -0.171548, 0.353747, 1004.61, 7376.26, 10, 2e-20, 3e-20, 2e-20, 2e-20, -1
-0.834938, 0.0828401, 0.678463, 0.05, 0.0230016, 0.0138774, 0.0307262, 0.0408137, 1001.38, 2201.18, 10, 2e-20, 3e-20, 2e-20, 2e-20, -1
-0.796242, 0.0879079, 0.62837, 0.05, -0.0931545, -0.085702, -0.196407, 0.233663, 1016.49, 26382, 10, 2e-20, 3e-20, 2e-20, 2e-20, -1
-0.795536, 0.119857, 0.671477, 0.05, 0.170437, -0.204258, -0.145661, 0.303294, 990.433, -15307, 10, 2e-20, 3e-20, 2e-20, 2e-20, -1
-0.80864, 0.105786, 0.759926, 0.05, 0.0536655, 0.0807396, -0.369389, 0.381899, 1007.39, 11825.8, 10, 2e-20, 3e-20, 2e-20, 2e-20, -1
-0.789516, 0.0994562, 0.807482, 0.05, 0.0926148, -0.047639, -0.0182671, 0.105739, 995.095, -7847.39, 10, 2e-20, 3e-20, 2e-20, 2e-20, -1
-0.78825, 0.176145, 0.852367, 0.05, -0.0468156, -0.187632, -0.165498, 0.254533, 1004.11, 6582.66, 10, 2e-20, 3e-20, 2e-20, 2e-20, -1
-0.757916, 0.148196, 0.888041, 0.05, 0.0881086, 0.0853073, -0.130926, 0.179393, 1014.65, 23447.5, 10, 2e-20, 3e-20, 2e-20, 2e-20, -1
-0.763872, 0.13851, 0.934414, 0.05, 0.143446, 0.0700881, -0.0891751, 0.18287, 1001.86, 2968.16, 10, 2e-20, 3e-20, 2e-20, 2e-20, -1
-0.711807, 0.20038, 0.859057, 0.05, 0.0928288, 0.0831792, -0.181768, 0.220398, 1006.08, 9723.5, 10, 2e-20, 3e-20, 2e-20, 2e-20, -1
-0.785742, 0.160149, 0.949323, 0.05, 0.03142, -0.0360108, -0.117534, 0.126879, 996.562, -5500.33, 10, 2e-20, 3e-20, 2e-20, 2e-20, -1
-0.75745, 0.119535, 0.983751, 0.05, 0.0600045, -0.102825, -0.243187, 0.270764, 1003.02, 4831.71, 10, 2e-20, 3e-20, 2e-20, 2e-20, -1
-0.739685, 0.0165271, 1.0018, 0.05, 0.0367551, -0.134773, -0.0590358, 0.151657, 997.785, -3544.78, 10, 2e-20, 3e-20, 2e-20, 2e-20, -1
-0.725511, 0.0831077, 0.998536, 0.05, 0.0934446, -0.12355, -0.335366, 0.369414, 1000.83, 1328.79, 10, 2e-20, 3e-20, 2e-20, 2e-20, -1
-0.688316, 0.104918, 1.06457, 0.05, 0.0834759, -0.0669435, -0.288655, 0.30785, 1005.59, 8946.63, 10, 2e-20, 3e-20, 2e-20, 2e-20, -1
-0.75486, 0.0883285, 1.03265, 0.05, 0.0290961, -0.166071, -0.0534877, 0.176882, 1001.76, 2814.29, 10, 2e-20, 3e-20, 2e-20, 2e-20, -1
-0.692086, 0.112567, 1.10098, 0.05, -0.000613794, -0.0446674, 0.227596, 0.231939, 1009.31, 14901.3, 10, 2e-20, 3e-20, 2e-20, 2e-20, -1
-0.717373, 0.0671356, 1.05792, 0.05, -0.294501, -0.187156, -0.000569079, 0.348939, 1003.81, 6094.72, 10, 2e-20, 3e-20, 2e-20, 2e-20, -1
-0.641631, 0.0884976, 1.12276, 0.05, 0.291315, -0.0730208, -0.108303, 0.319258, 998.53, -2352.6, 10, 2e-20, 3e-20, 2e-20, 2e-20, -1
-0.569945, 0.0823763, 1.17405, 0.05, 0.190848, -0.10893, -0.00583427, 0.219825, 1000.47, 758.08, 10, 2e-20, 3e-20, 2e-20, 2e-20, -1
-0.544975, 0.0974686, 1.13867, 0.05, -0.0108362, -0.0297133, 0.144445, 0.147867, 1005.33, 8528.01, 10, 2e-20, 3e-20, 2e-20, 2e-20, -1
-0.446675, 0.0897713, 1.20992, 0.05, -0.107352, -0.0398981, 0.0881235, 0.144506, 1003.71, 5939.49, 10, 2e-20, 3e-20, 2e-20, 2e-20, -1
-0.406383, 0.109843, 1.24109, 0.05, 0.204016, -0.0339492, 0.0204538, 0.207831, 1000.35, 563.575, 10, 2e-20, 3e-20, 2e-20, 2e-20, -1
-0.376409, 0.147917, 1.28404, 0.05, -0.0323245, -0.105843, 0.29641, 0.316396, 1000.99, 1584.79, 10, 2e-20, 3e-20, 2e-20, 2e-20, -1
-0.38666, 0.157082, 1.33203, 0.05, 0.0151469, 0.0155103, -0.110746, 0.112848, 996.432, -5709.4, 10, 2e-20, 3e-20, 2e-20, 2e-20, -1
-0.800473, 0.242378, 0.057747, 0.05, 0.166058, 0.257499, 0.0987643, 0.321924, 1026.5, 42399.8, 10, 2e-20, 3e-20, 2e-20, 2e-20, -1
-0.798094, 0.350446, 0.0551455, 0.05, 0.797157, 0.0840844, 0.539548, 0.966251, 1027.67, 44270.3, 10, 2e-20, 3e-20, 2e-20, 2e-20, -1
-0.84733, 0.357647, 0.0543238, 0.05, -0.779378, 0.0543407, 0.196866, 0.805692, 997.798, -3523.7, 10, 2e-20, 3e-20, 2e-20, 2e-20, -1
-0.775125, 0.278061, 0.0490476, 0.05, -0.517535, 0.199462, 0.0993343, 0.563467, 1011.34, 18151.3, 10, 2e-20, 3e-20, 2e-20, 2e-20, -1
-0.838902, 0.292671, 0.100189, 0.05, 0.0507637, 0.467767, 0.0288566, 0.471398, 1036.11, 57782.4, 10, 2e-20, 3e-20, 2e-20, 2e-20, -1
-0.831534, 0.24208, 0.157562, 0.05, -0.376615, -0.504617, 0.175944, 0.653783, 994.963, -8059.35, 10, 2e-20, 3e-20, 2e-20, 2e-20, -1
-0.841246, 0.240692, 0.211541, 0.05, -0.17395, 0.102748, 0.106376, 0.228323, 1000.47, 744.896, 10, 2e-20, 3e-20, 2e-20, 2e-20, -1
-0.882083, 0.204679, 0.232835, 0.05, -0.117819, 0.282381, 0.135218, 0.334521, 1006.64, 10616.4, 10, 2e-20, 3e-20, 2e-20, 2e-20, -1
-0.813713, 0.151284, 0.19456, 0.05, -0.0211537, 0.0452775, 0.239843, 0.244994, 1018.97, 30350.9, 10, 2e-20, 3e-20, 2e-20, 2e-20, -1
-0.837759, 0.194158, 0.20323, 0.05, 0.429963, 0.283646, -0.213093, 0.557433, 1008.11, 12976.9, 10, 2e-20, 3e-20, 2e-20, 2e-20, -1
-0.790255, 0.170352, 0.230396, 0.05, -0.0292813, -0.0938098, -0.139777, 0.170867, 1002.11, 3376.64, 10, 2e-20, 3e-20, 2e-20, 2e-20, -1
-0.815104, 0.2632, 0.266017, 0.05, 0.132937, -0.0794913, -0.108567, 0.189151, 1006.07, 9718.17, 10, 2e-20, 3e-20, 2e-20, 2e-20, -1
-0.840463, 0.179933, 0.252773, 0.05, -0.373853, -0.205444, -0.0583883, 0.430561, 1000.27, 431.907, 10, 2e-20, 3e-20, 2e-20, 2e-20, -1
-0.789749, 0.241424, 0.311416, 0.05, -0.336752, 0.0341836, -0.280657, 0.439703, 1009.72, 15548.1, 10, 2e-20, 3e-20, 2e-20, 2e-20, -1
-0.837106, 0.255414, 0.354533, 0.05, -0.0409272, 0.344542, -0.161931, 0.382891, 1008.91, 14261.1, 10, 2e-20, 3e-20, 2e-20, 2e-20, -1
-0.790101, 0.277444, 0.361972, 0.05, -0.451542, 0.25397, 0.137103, 0.535899, 997.133, -4586.82, 10, 2e-20, 3e-20, 2e-20, 2e-20, -1
-0.794379, 0.227352, 0.365656, 0.05, -0.35559, -0.169246, 0.0185137, 0.394247, 995.798, -6723.17, 10, 2e-20, 3e-20, 2e-20, 2e-20, -1
-0.851965, 0.225808, 0.401138, 0.05, -0.0821976, -0.258833, -0.258953, 0.375243, 1006.15, 9840.1, 10, 2e-20, 3e-20, 2e-20, 2e-20, -1
-0.81347, 0.22675, 0.436562, 0.05, -0.105412, -0.125713, -0.020854, 0.16538, 994.688, -8498.58, 10, 2e-20, 3e-20, 2e-20, 2e-20, -1
-0.814161, 0.161929, 0.465222, 0.05, -0.0342865, -0.0163216, -0.131359, 0.136737, 1009.62, 15395.1, 10, 2e-20, 3e-20, 2e-20, 2e-20, -1
-0.805249, 0.176142, 0.539885, 0.05, -0.198718, 0.0706846, 0.0272986, 0.212675, 1006.4, 10240.2, 10, 2e-20, 3e-20, 2e-20, 2e-20, -1
-0.800874, 0.264304, 0.531657, 0.05, -0.0877465, 0.143356, -0.281025, 0.327453, 1007.9, 12641.8, 10, 2e-20, 3e-20, 2e-20, 2e-20, -1
-0.810028, 0.222311, 0.560672, 0.05, -0.148459, -0.321711, -0.302667, 0.465988, 1000.44, 706.289, 10, 2e-20, 3e-20, 2e-20, 2e-20, -1
-0.813502, 0.259888, 0.592426, 0.05, 0.0533712, 0.026619, 0.0610111, 0.0853195, 1004.69, 7503.86, 10, 2e-20, 3e-20, 2e-20, 2e-20, -1
-0.797501, 0.208257, 0.610803, 0.05, -0.0185977, -0.00321867, -0.0589561, 0.0619036, 1012.77, 20433.6, 10, 2e-20, 3e-20, 2e-20, 2e-20, -1
-0.771023, 0.189579, 0.575944, 0.05, -0.196209, -0.023472, -0.0610879, 0.206835, 1001.91, 3048.45, 10, 2e-20, 3e-20, 2e-20, 2e-20, -1
-0.859361, 0.219417, 0.716553, 0.05, -0.0661524, -0.115927, 0.0509806, 0.142878, 1003.27, 5232.23, 10, 2e-20, 3e-20, 2e-20, 2e-20, -1
-0.820574, 0.113498, 0.589344, 0.05, 0.00203553, -0.084644, -0.018819, 0.0867347, 999.544, -728.882, 10, 2e-20, 3e-20, 2e-20, 2e-20, -1
-0.826986, 0.135347, 0.63071, 0.05, -0.172168, -0.0958172, -0.20071, 0.28126, 1006.7, 10727.2, 10, 2e-20, 3e-20, 2e-20, 2e-20, -1
-0.823072, 0.133511, 0.798033, 0.05, -0.0395724, -0.118202, 0.0321772, 0.128737, 997.008, -4786.91, 10, 2e-20, 3e-20, 2e-20, 2e-20, -1
-0.755869, 0.147705, 0.753482, 0.05, -0.104559, 0.00253903, -0.344322, 0.359857, 1011.46, 18339.9, 10, 2e-20, 3e-20, 2e-20, 2e-20, -1
-0.909482, 0.282025, 0.94948, 0.05, -0.153762, -0.0702046, -0.196393, 0.259117, 1001.46, 2342.57, 10, 2e-20, 3e-20, 2e-20, 2e-20, -1
-0.82546, 0.178923, 0.817573, 0.05, -0.150279, 0.0388906, -0.052474, 0.163859, 1015.73, 25163.7, 10, 2e-20, 3e-20, 2e-20, 2e-20, -1
-0.830185, 0.260043, 0.910019, 0.05, 0.0736665, -0.0934371, -0.0554641, 0.131276, 1003.47, 5546.84, 10, 2e-20, 3e-20, 2e-20, 2e-20, -1
-0.84228, 0.217666, 0.962965, 0.05, -0.0628451, -0.0806567, -0.183852, 0.210373, 1000.47, 747.468, 10, 2e-20, 3e-20, 2e-20, 2e-20, -1
-0.758815, 0.196359, 0.904029, 0.05, 0.049212, -0.0448377, -0.154987, 0.168681, 996.288, -5938.45, 10, 2e-20, 3e-20, 2e-20, 2e-20, -1
-0.766248, 0.210504, 0.955711, 0.05, 0.0241715, -0.209795, -0.43885, 0.487019, 1001.3, 2079.57, 10, 2e-20, 3e-20, 2e-20, 2e-20, -1
-0.687507, 0.13854, 0.963824, 0.05, 0.116789, -0.132133, -0.153876, 0.234044, 1002.81, 4492.65, 10, 2e-20, 3e-20, 2e-20, 2e-20, -1
-0.79391, 0.298472, 0.960242, 0.05, -0.151402, 0.0509798, -0.302719, 0.342287, 1003.1, 4962.75, 10, 2e-20, 3e-20, 2e-20, 2e-20, -1
-0.775771, 0.174132, 1.03188, 0.05, 0.220427, 0.0251762, -0.303611, 0.376034, 1002.07, 3308.89, 10, 2e-20, 3e-20, 2e-20, 2e-20, -1
-0.625484, 0.317902, 0.930657, 0.05, 0.0763897, 0.102797, -0.112225, 0.170285, 997.145, -4567.65, 10, 2e-20, 3e-20, 2e-20, 2e-20, -1
-0.724941, 0.134828, 1.0246, 0.05, -0.0857586, -0.0226166, -0.222458, 0.239486, 1006.34, 10143.9, 10, 2e-20, 3e-20, 2e-20, 2e-20, -1
-0.726894, 0.244514, 0.932364, 0.05, -0.0311483, -0.0524014, -0.282055, 0.288567, 998.889, -1777.24, 10, 2e-20, 3e-20, 2e-20, 2e-20, -1
-0.649905, 0.134186, 1.08824, 0.05, 0.384016, -0.0164694, -0.133989, 0.407054, 1005.08, 8121.03, 10, 2e-20, 3e-20, 2e-20, 2e-20, -1
-0.594516, 0.113302, 1.12593, 0.05, 0.0762389, -0.129508, -0.0163506, 0.151169, 1003.81, 6095.05, 10, 2e-20, 3e-20, 2e-20, 2e-20, -1
-0.602982, 0.120964, 1.17878, 0.05, 0.381057, -0.101056, -0.125056, 0.413589, 996.478, -5634.81, 10, 2e-20, 3e-20, 2e-20, 2e-20, -1
-0.552684, 0.13978, 1.18277, 0.05, 0.172069, -0.041811, -0.171837, 0.246747, 1011.88, 19013.1, 10, 2e-20, 3e-20, 2e-20, 2e-20, -1
-0.495801, 0.108056, 1.18859, 0.05, 0.156411, 0.0373599, 0.0415632, 0.166096, 999.053, -1514.65, 10, 2e-20, 3e-20, 2e-20, 2e-20, -1
-0.381708, 0.177183, 1.2563, 0.05, 0.045419, -0.315311, 0.00683797, 0.318638, 1003.23, 5166.82, 10, 2e-20, 3e-20, 2e-20, 2e-20, -1
-0.424922, 0.182211, 1.28716, 0.05, 0.167334, -0.232431, 0.100335, 0.303467, 1002.61, 4175.49, 10, 2e-20, 3e-20, 2e-20, 2e-20, -1
-0.585799, 0.032149, 1.34146, 0.05, 0.0847371, -0.00321099, -0.00727875, 0.0851097, 998.8, -1920.16, 10, 2e-20, 3e-20, 2e-20, 2e-20, -1
-0.716948, 0.391321, 0.0407886, 0.05, 0.76886, -1.53736, -0.836396, 1.91159, 1062.94, 100700, 10, 2e-20, 3e-20, 2e-20, 2e-20, -1
-0.818672, 0.459512, 0.0605608, 0.05, -0.148541, -0.215974, 0.189683, 0.323557, 993.589, -10257.5, 10, 2e-20, 3e-20, 2e-20, 2e-20, -1
-0.756324, 0.428567, 0.0689992, 0.05, -0.943925, 0.255811, -0.484924, 1.0916, 1038.85, 62157.7, 10, 2e-20, 3e-20, 2e-20, 2e-20, -1
-0.810594, 0.390615, 0.102285, 0.05, 0.0446797, 0.2957, 0.140332, 0.330345, 1006.47, 10356.4, 10, 2e-20, 3e-20, 2e-20, 2e-20, -1
-0.791487, 0.306679, 0.160317, 0.05, -0.062567, 0.0110909, -0.162872, 0.174829, 1011.46, 18330.9, 10, 2e-20, 3e-20, 2e-20, 2e-20, -1
-0.834477, 0.309308, 0.0529189, 0.05, 0.581112, -0.304307, -0.2337, 0.696354, 1008.44, 13510.5, 10, 2e-20, 3e-20, 2e-20, 2e-20, -1
-0.846147, 0.321324, 0.148935, 0.05, -0.345117, 0.354225, -0.141127, 0.514293, 1003.85, 6166.07, 10, 2e-20, 3e-20, 2e-20, 2e-20, -1
-0.834629, 0.289167, 0.182986, 0.05, -0.154643, 0.119465, -0.230086, 0.301871, 1001.45, 2326.05, 10, 2e-20, 3e-20, 2e-20, 2e-20, -1
-0.855383, 0.296905, 0.248063, 0.05, -0.456199, 0.0072148, -0.122604, 0.472441, 998.992, -1613.53, 10, 2e-20, 3e-20, 2e-20, 2e-20, -1
-0.861707, 0.243321, 0.25804, 0.05, 0.000812505, 0.0807633, -0.406985, 0.414922, 1016.29, 26069, 10, 2e-20, 3e-20, 2e-20, 2e-20, -1
-0.813441, 0.323713, 0.239881, 0.05, -0.264028, 0.328874, 0.0729217, 0.428003, 1006.43, 10291.6, 10, 2e-20, 3e-20, 2e-20, 2e-20, -1
-0.839914, 0.319638, 0.287528, 0.05, -0.556432, 0.11953, -0.461486, 0.732717, 1026.14, 41821.1, 10, 2e-20, 3e-20, 2e-20, 2e-20, -1
-0.787831, 0.30676, 0.277879, 0.05, 0.199271, -0.0658858, -0.19304, 0.285157, 1002.69, 4301.3, 10, 2e-20, 3e-20, 2e-20, 2e-20, -1
-0.744596, 0.275295, 0.293294, 0.05, -0.088475, -0.0135647, -0.101093, 0.135025, 1013.35, 21362.5, 10, 2e-20, 3e-20, 2e-20, 2e-20, -1
-0.765959, 0.310195, 0.32878, 0.05, 0.0349915, 0.0380503, -0.255771, 0.260943, 1016.98, 27160.6, 10, 2e-20, 3e-20, 2e-20, 2e-20, -1
-0.800872, 0.324335, 0.380673, 0.05, -0.0934697, 0.0575571, 0.0452229, 0.11872, 1006.46, 10332.1, 10, 2e-20, 3e-20, 2e-20, 2e-20, -1
-0.814057, 0.265505, 0.398413, 0.05, 0.149019, 0.166767, -0.535495, 0.580321, 1009.74, 15586.4, 10, 2e-20, 3e-20, 2e-20, 2e-20, -1
-0.756142, 0.293432, 0.449676, 0.05, -0.0766538, -0.157221, -0.108885, 0.206034, 994.485, -8824.18, 10, 2e-20, 3e-20, 2e-20, 2e-20, -1
-0.762579, 0.238736, 0.459263, 0.05, -0.0214198, 0.0815029, 0.0148045, 0.0855611, 1007.63, 12201.8, 10, 2e-20, 3e-20, 2e-20, 2e-20, -1
-0.708825, 0.265558, 0.440517, 0.05, -0.00621659, 0.00361832, -0.405493, 0.405557, 1005.44, 8696.31, 10, 2e-20, 3e-20, 2e-20, 2e-20, -1
-0.791927, 0.198962, 0.496943, 0.05, -0.058978, 0.10576, -0.068422, 0.139087, 1005.48, 8765.62, 10, 2e-20, 3e-20, 2e-20, 2e-20, -1
-0.715959, 0.266228, 0.480095, 0.05, -0.162543, 0.0395068, 0.107048, 0.198596, 987.363, -20218.8, 10, 2e-20, 3e-20, 2e-20, 2e-20, -1
-0.768492, 0.311308, 0.53544, 0.05, -0.0593531, -0.125581, -0.26404, 0.298347, 1010.92, 17474.2, 10, 2e-20, 3e-20, 2e-20, 2e-20, -1
-0.76808, 0.28388, 0.596665, 0.05, 0.0423482, -0.084586, -0.223853, 0.243019, 1003.26, 5216.39, 10, 2e-20, 3e-20, 2e-20, 2e-20, -1
-0.749056, 0.234807, 0.597223, 0.05, -0.0310023, 0.128479, -0.174163, 0.218634, 1004.46, 7140.6, 10, 2e-20, 3e-20, 2e-20, 2e-20, -1
-0.712074, 0.27412, 0.563471, 0.05, -0.0245235, -0.0204058, -0.221415, 0.223701, 1003.63, 5805.22, 10, 2e-20, 3e-20, 2e-20, 2e-20, -1
-0.788672, 0.251413, 0.638347, 0.05, -0.180125, -0.0290944, 0.00985803, 0.182726, 998.98, -1632.79, 10, 2e-20, 3e-20, 2e-20, 2e-20, -1
-0.787969, 0.248712, 0.704345, 0.05, 0.115139, -0.141501, -0.196866, 0.268395, 999.139, -1377.51, 10, 2e-20, 3e-20, 2e-20, 2e-20, -1
-0.832153, 0.128579, 0.708854, 0.05, -0.245114, -0.183758, 0.231077, 0.383725, 997.461, -4061.74, 10, 2e-20, 3e-20, 2e-20, 2e-20, -1
-0.804834, 0.155132, 0.738315, 0.05, 0.192921, -0.0731525, -0.175559, 0.270907, 1002.86, 4583.57, 10, 2e-20, 3e-20, 2e-20, 2e-20, -1
-0.795985, 0.175576, 0.772732, 0.05, 0.289845, -0.0324636, -0.331765, 0.441737, 1007.78, 12446.5, 10, 2e-20, 3e-20, 2e-20, 2e-20, -1
-0.775093, 0.204269, 0.800828, 0.05, 0.139002, 0.00191903, -0.327566, 0.355844, 1011.48, 18369.6, 10, 2e-20, 3e-20, 2e-20, 2e-20, -1
-0.859948, 0.214004, 0.913006, 0.05, -0.131652, -0.181205, -0.00913507, 0.224167, 1007.79, 12464.3, 10, 2e-20, 3e-20, 2e-20, 2e-20, -1
-0.795254, 0.224345, 0.880378, 0.05, 0.139083, 0.0259151, -0.214431, 0.256898, 998.053, -3115.97, 10, 2e-20, 3e-20, 2e-20, 2e-20, -1
-0.784708, 0.25845, 0.933903, 0.05, 0.0614328, 0.168326, -0.207679, 0.274295, 998.373, -2602.65, 10, 2e-20, 3e-20, 2e-20, 2e-20, -1
-0.721016, 0.185879, 0.953786, 0.05, -0.0881726, -0.00839306, -0.393564, 0.403408, 998.325, -2680.14, 10, 2e-20, 3e-20, 2e-20, 2e-20, -1
-0.792067, 0.314554, 0.911153, 0.05, 0.0346704, -0.0835953, 0.114557, 0.145992, 997.975, -3240.8, 10, 2e-20, 3e-20, 2e-20, 2e-20, -1
-0.737707, 0.303453, 0.862485, 0.05, 0.0604718, 0.0241893, -0.44384, 0.448593, 1007.67, 12269.2, 10, 2e-20, 3e-20, 2e-20, 2e-20, -1
-0.754908, 0.332923, 0.930906, 0.05, -0.0768282, -0.00789739, -0.0658265, 0.101479, 998.031, -3149.82, 10, 2e-20, 3e-20, 2e-20, 2e-20, -1
-0.705574, 0.280749, 0.893813, 0.05, 0.114279, -0.251794, -0.417467, 0.500738, 1000.78, 1251.08, 10, 2e-20, 3e-20, 2e-20, 2e-20, -1
-0.656532, 0.286159, 0.894879, 0.05, 0.183727, -0.109492, -0.38061, 0.436587, 997.43, -4111.97, 10, 2e-20, 3e-20, 2e-20, 2e-20, -1
-0.598639, 0.312129, 0.979674, 0.05, 0.118832, -0.133288, -0.364524, 0.405912, 1011.37, 18198.2, 10, 2e-20, 3e-20, 2e-20, 2e-20, -1
-0.675277, 0.212222, 0.937862, 0.05, 0.0187056, -0.222864, -0.156268, 0.272833, 1004.72, 7558, 10, 2e-20, 3e-20, 2e-20, 2e-20, -1
-0.701718, 0.164928, 0.995268, 0.05, 0.0866535, -0.0832108, 0.0641851, 0.136208, 1002.58, 4120.89, 10, 2e-20, 3e-20, 2e-20, 2e-20, -1
-0.616268, 0.218111, 0.974785, 0.05, 0.193979, -0.241279, -0.279675, 0.417206, 1007.02, 11225.2, 10, 2e-20, 3e-20, 2e-20, 2e-20, -1
-0.607198, 0.165365, 1.10313, 0.05, 0.206126, -0.258734, -0.0877525, 0.342245, 1002.69, 4310.38, 10, 2e-20, 3e-20, 2e-20, 2e-20, -1
-0.595355, 0.197402, 1.06592, 0.05, 0.162603, 0.0142128, -0.0971769, 0.189961, 998.067, -3093.23, 10, 2e-20, 3e-20, 2e-20, 2e-20, -1
-0.552823, 0.149169, 1.11141, 0.05, 0.0791887, -0.107843, 0.161382, 0.209631, 1001.89, 3022.66, 10, 2e-20, 3e-20, 2e-20, 2e-20, -1
-0.437092, 0.171169, 1.2299, 0.05, -0.045382, -0.281895, 0.0656636, 0.292978, 1001, 1598.31, 10, 2e-20, 3e-20, 2e-20, 2e-20, -1
-0.401101, 0.221446, 1.26574, 0.05, 0.102495, 0.0619708, 0.03029, 0.123544, 1000.53, 850.224, 10, 2e-20, 3e-20, 2e-20, 2e-20, -1
-0.455815, 0.22643, 1.28763, 0.05, 0.0377809, -0.125719, -0.259631, 0.290931, 999.497, -804.245, 10, 2e-20, 3e-20, 2e-20, 2e-20, -1
-0.739922, 0.498136, 0.0532548, 0.05, -0.384027, -0.552485, -0.253352, 0.71896, 995.611, -7021.99, 10, 2e-20, 3e-20, 2e-20, 2e-20, -1
-0.78573, 0.456497, 0.251136, 0.05, 0.0779004, 0.305759, -0.367422, 0.48431, 992.134, -12585.3, 10, 2e-20, 3e-20, 2e-20, 2e-20, -1
-0.741233, 0.46051, 0.120177, 0.05, -0.443133, 0.139375, 0.828406, 0.949763, 985.345, -23448.6, 10, 2e-20, 3e-20, 2e-20, 2e-20, -1
-0.760112, 0.401545, 0.113962, 0.05, 0.666738, -1.45788, -0.253393, 1.62301, 991.251, -13998.4, 10, 2e-20, 3e-20, 2e-20, 2e-20, -1
-0.801592, 0.353754, 0.166889, 0.05, -0.19711, -0.0615921, 0.498355, 0.539448, 1007.07, 11311.1, 10, 2e-20, 3e-20, 2e-20, 2e-20, -1
-0.763811, 0.35037, 0.142315, 0.05, 0.18555, 0.0340382, -1.34173, 1.35493, 1025.23, 40373.4, 10, 2e-20, 3e-20, 2e-20, 2e-20, -1
-0.728743, 0.364829, 0.174067, 0.05, 0.347445, -0.405661, -0.0262216, 0.534758, 1016.22, 25953, 10, 2e-20, 3e-20, 2e-20, 2e-20, -1
-0.777613, 0.330742, 0.20691, 0.05, -0.013721, 0.157722, -0.144134, 0.2141, 1004.09, 6540.48, 10, 2e-20, 3e-20, 2e-20, 2e-20, -1
-0.698252, 0.449141, 0.216606, 0.05, -0.0878533, 0.369426, -0.211367, 0.434592, 999.669, -530.268, 10, 2e-20, 3e-20, 2e-20, 2e-20, -1
-0.743821, 0.345914, 0.224314, 0.05, -0.0578683, -0.0936008, -0.0780593, 0.134919, 1007.17, 11471.9, 10, 2e-20, 3e-20, 2e-20, 2e-20, -1
-0.696697, 0.393652, 0.215005, 0.05, 0.0189868, -0.0803068, 0.0267182, 0.0867384, 1011.4, 18232.7, 10, 2e-20, 3e-20, 2e-20, 2e-20, -1
-0.746802, 0.335478, 0.272877, 0.05, -0.160618, 0.127511, -0.0400339, 0.20895, 1023.5, 37604.1, 10, 2e-20, 3e-20, 2e-20, 2e-20, -1
-0.707425, 0.310718, 0.29995, 0.05, -0.159359, -0.0425827, 0.13282, 0.211777, 1010.41, 16654.2, 10, 2e-20, 3e-20, 2e-20, 2e-20, -1
-0.785203, 0.378668, 0.380636, 0.05, 0.0242911, -0.00423496, 0.0398128, 0.04683, 1013.28, 21248.9, 10, 2e-20, 3e-20, 2e-20, 2e-20, -1
-0.729272, 0.354679, 0.399349, 0.05, -0.140687, 0.0807217, -0.274408, 0.318761, 1005.18, 8283.62, 10, 2e-20, 3e-20, 2e-20, 2e-20, -1
-0.683064, 0.353963, 0.427366, 0.05, -0.0931126, -0.0663795, -0.0708566, 0.134525, 1013.06, 20897.6, 10, 2e-20, 3e-20, 2e-20, 2e-20, -1
-0.763894, 0.318085, 0.396033, 0.05, 0.0674099, 0.158035, -0.223491, 0.2819, 1009.5, 15204.9, 10, 2e-20, 3e-20, 2e-20, 2e-20, -1
-0.699297, 0.366481, 0.469907, 0.05, -0.162772, 0.351025, 0.179218, 0.426418, 1016.21, 25942.7, 10, 2e-20, 3e-20, 2e-20, 2e-20, -1
-0.714108, 0.302215, 0.404192, 0.05, -0.315879, -0.0102593, -0.0398204, 0.318545, 997.674, -3720.9, 10, 2e-20, 3e-20, 2e-20, 2e-20, -1
-0.713304, 0.317229, 0.452398, 0.05, 0.0206201, 0.00807718, -0.162608, 0.164109, 1018.55, 29679.3, 10, 2e-20, 3e-20, 2e-20, 2e-20, -1
-0.739822, 0.322457, 0.498348, 0.05, -0.164237, 0.230134, -0.30455, 0.415555, 1006.29, 10064.6, 10, 2e-20, 3e-20, 2e-20, 2e-20, -1
-0.688329, 0.318596, 0.498692, 0.05, 0.0490193, -0.015039, -0.224477, 0.230259, 1008, 12799.8, 10, 2e-20, 3e-20, 2e-20, 2e-20, -1
-0.693681, 0.312475, 0.588673, 0.05, -0.0182687, 0.154804, -0.138074, 0.208237, 999.512, -780.132, 10, 2e-20, 3e-20, 2e-20, 2e-20, -1
-0.720996, 0.390616, 0.643576, 0.05, -0.0526748, 0.0558755, -0.399416, 0.406731, 1011.18, 17895.4, 10, 2e-20, 3e-20, 2e-20, 2e-20, -1
-0.64933, 0.2911, 0.625349, 0.05, -0.00415034, 0.120083, -0.127795, 0.175411, 1001.78, 2849.7, 10, 2e-20, 3e-20, 2e-20, 2e-20, -1
-0.735835, 0.339427, 0.659231, 0.05, -0.0346529, 0.122385, -0.177948, 0.218734, 997.925, -3320.58, 10, 2e-20, 3e-20, 2e-20, 2e-20, -1
-0.70994, 0.389129, 0.761713, 0.05, 0.0917831, -0.162526, -0.414764, 0.454828, 1003.44, 5508.2, 10, 2e-20, 3e-20, 2e-20, 2e-20, -1
-0.740487, 0.266634, 0.639016, 0.05, -0.0211352, -0.139763, -0.152769, 0.208132, 1010.65, 17045.3, 10, 2e-20, 3e-20, 2e-20, 2e-20, -1
-0.745524, 0.372193, 0.726991, 0.05, 0.0540217, -0.11161, -0.252105, 0.280948, 1002.82, 4518.98, 10, 2e-20, 3e-20, 2e-20, 2e-20, -1
-0.825372, 0.225135, 0.821844, 0.05, 0.0133413, -0.142237, -0.153819, 0.209928, 1003.41, 5462.7, 10, 2e-20, 3e-20, 2e-20, 2e-20, -1
-0.699278, 0.31906, 0.812311, 0.05, -0.0546861, -0.0355638, -0.0821609, 0.104908, 1000.68, 1083.71, 10, 2e-20, 3e-20, 2e-20, 2e-20, -1
-0.775595, 0.336552, 0.859065, 0.05, 0.0083145, -0.0691551, -0.418557, 0.424313, 1007.34, 11750.8, 10, 2e-20, 3e-20, 2e-20, 2e-20, -1
-0.66422, 0.389938, 0.854907, 0.05, 0.121158, -0.0424384, -0.357212, 0.379579, 1003.66, 5855.34, 10, 2e-20, 3e-20, 2e-20, 2e-20, -1
-0.700049, 0.322529, 0.860268, 0.05, -0.0532697, 0.00352236, -0.440082, 0.443308, 1005.23, 8370.49, 10, 2e-20, 3e-20, 2e-20, 2e-20, -1
-0.658135, 0.3534, 0.817175, 0.05, 9.09366e-06, 0.0239045, -0.127683, 0.129901, 1001.93, 3082.07, 10, 2e-20, 3e-20, 2e-20, 2e-20, -1
-0.757704, 0.288237, 0.826127, 0.05, 0.103257, 0.034271, -0.22416, 0.249167, 1001.25, 1993.74, 10, 2e-20, 3e-20, 2e-20, 2e-20, -1
-0.786462, 0.279912, 0.877299, 0.05, -0.0138286, -0.138409, -0.223916, 0.263603, 1009.55, 15277.5, 10, 2e-20, 3e-20, 2e-20, 2e-20, -1
-0.637112, 0.376794, 0.909387, 0.05, 0.151392, -0.208186, -0.0177888, 0.258026, 995.897, -6565.47, 10, 2e-20, 3e-20, 2e-20, 2e-20, -1
-0.588307, 0.392289, 0.947985, 0.05, -0.0264114, -0.142155, -0.255499, 0.293573, 1006.77, 10837.3, 10, 2e-20, 3e-20, 2e-20, 2e-20, -1
-0.674042, 0.342518, 0.905238, 0.05, -0.024474, -0.110143, 0.0487226, 0.1229, 999.967, -53.0643, 10, 2e-20, 3e-20, 2e-20, 2e-20, -1
-0.562579, 0.352644, 0.980975, 0.05, -0.0323027, 0.106501, -0.503608, 0.515759, 1002.81, 4495.4, 10, 2e-20, 3e-20, 2e-20, 2e-20, -1
-0.572718, 0.358552, 1.06224, 0.05, 0.11873, 0.159438, -0.268195, 0.333835, 1011.83, 18934.4, 10, 2e-20, 3e-20, 2e-20, 2e-20, -1
-0.527805, 0.367957, 1.05279, 0.05, -0.0393993, -0.035435, -0.132489, 0.142693, 1005.17, 8264.38, 10, 2e-20, 3e-20, 2e-20, 2e-20, -1
-0.533579, 0.287874, 1.00832, 0.05, 0.210015, -0.153395, -0.263606, 0.370303, 1000.97, 1544.39, 10, 2e-20, 3e-20, 2e-20, 2e-20, -1
-0.474282, 0.273623, 1.03757, 0.05, 0.074626, -0.225947, -0.129923, 0.271111, 1004.51, 7219.37, 10, 2e-20, 3e-20, 2e-20, 2e-20, -1
-0.537445, 0.239231, 1.02165, 0.05, 0.075186, -0.0712021, -0.0854263, 0.13424, 1006.98, 11163.3, 10, 2e-20, 3e-20, 2e-20, 2e-20, -1
-0.43, 0.24647, 1.13965, 0.05, 0.223638, 0.138407, 0.0688445, 0.271864, 1003.03, 4854.68, 10, 2e-20, 3e-20, 2e-20, 2e-20, -1
-0.446464, 0.219813, 1.07495, 0.05, 0.107394, -0.0956116, -0.125129, 0.190611, 1009.44, 15104, 10, 2e-20, 3e-20, 2e-20, 2e-20, -1
-0.463872, 0.185116, 1.16184, 0.05, -0.0518529, -0.406524, -0.0483577, 0.412661, 1000.75, 1192.93, 10, 2e-20, 3e-20, 2e-20, 2e-20, -1
-0.423217, 0.216299, 1.20623, 0.05, 0.0885149, -0.194614, 0.117756, 0.244081, 1007.25, 11595.7, 10, 2e-20, 3e-20, 2e-20, 2e-20, -1
-0.344174, 0.214397, 1.30535, 0.05, -0.0598089, -0.215195, 0.184019, 0.289394, 1001.86, 2981.02, 10, 2e-20, 3e-20, 2e-20, 2e-20, -1
-0.749616, 0.43975, 0.0430433, 0.05, -1.58759, -0.00410052, 0.319013, 1.61933, 998.935, -1703.68, 10, 2e-20, 3e-20, 2e-20, 2e-20, -1
-0.731362, 0.424738, 0.193877, 0.05, 0.119901, 0.798799, -0.535306, 0.969025, 1014.24, 22787.5, 10, 2e-20, 3e-20, 2e-20, 2e-20, -1
-0.800102, 0.496606, 0.350545, 0.05, -0.00558072, 0.0168451, -0.308589, 0.309099, 1013.04, 20862.5, 10, 2e-20, 3e-20, 2e-20, 2e-20, -1
-0.727265, 0.500059, 0.298058, 0.05, -0.0183652, 0.0554812, 0.198715, 0.20713, 1012.55, 20077.9, 10, 2e-20, 3e-20, 2e-20, 2e-20, -1
-0.742795, 0.428558, 0.282075, 0.05, -0.158506, 0.0408032, -0.0403996, 0.168586, 1006.55, 10479.6, 10, 2e-20, 3e-20, 2e-20, 2e-20, -1
-0.747155, 0.500447, 0.347809, 0.05, 0.0432568, -0.474081, 0.057122, 0.479465, 982.533, -27947.7, 10, 2e-20, 3e-20, 2e-20, 2e-20, -1
-0.727501, 0.403395, 0.144618, 0.05, 0.38314, -0.354003, -0.45752, 0.693858, 1015.14, 24227.8, 10, 2e-20, 3e-20, 2e-20, 2e-20, -1
-0.71498, 0.376987, 0.260104, 0.05, 0.227537, -0.541331, -0.045211, 0.588945, 1006.14, 9816.91, 10, 2e-20, 3e-20, 2e-20, 2e-20, -1
-0.696914, 0.436969, 0.278234, 0.05, -0.422434, -0.00519585, 0.164619, 0.453406, 997.785, -3544.26, 10, 2e-20, 3e-20, 2e-20, 2e-20, -1
-0.73865, 0.456165, 0.368385, 0.05, -0.242735, 0.146246, -0.0756446, 0.293309, 999.706, -470.854, 10, 2e-20, 3e-20, 2e-20, 2e-20, -1
-0.718235, 0.456837, 0.321583, 0.05, -0.209575, 0.230847, 0.0686571, 0.319259, 1013, 20801, 10, 2e-20, 3e-20, 2e-20, 2e-20, -1
-0.721077, 0.423614, 0.331213, 0.05, -0.0562166, 0.092944, -0.375288, 0.390692, 1008.89, 14228.3, 10, 2e-20, 3e-20, 2e-20, 2e-20, -1
-0.723289, 0.384968, 0.357014, 0.05, -0.0559704, -0.518403, 0.253789, 0.579899, 1002.37, 3791.13, 10, 2e-20, 3e-20, 2e-20, 2e-20, -1
-0.713165, 0.436929, 0.404675, 0.05, -0.123638, 0.213769, -0.265788, 0.362804, 1003.23, 5161.45, 10, 2e-20, 3e-20, 2e-20, 2e-20, -1
-0.721739, 0.394569, 0.435925, 0.05, 0.110976, -0.159534, 0.0175362, 0.195126, 999.849, -241.104, 10, 2e-20, 3e-20, 2e-20, 2e-20, -1
-0.658222, 0.39604, 0.467192, 0.05, -0.193502, -0.00453419, -0.169345, 0.257179, 1013.33, 21335.5, 10, 2e-20, 3e-20, 2e-20, 2e-20, -1
-0.737216, 0.417005, 0.544828, 0.05, -0.0678081, 0.0300022, -0.167521, 0.183198, 1004.36, 6980.82, 10, 2e-20, 3e-20, 2e-20, 2e-20, -1
-0.715932, 0.377082, 0.514052, 0.05, -0.200896, 0.117983, -0.488618, 0.54132, 1008.42, 13477.5, 10, 2e-20, 3e-20, 2e-20, 2e-20, -1
-0.68943, 0.407416, 0.586438, 0.05, 0.0194563, 0.0755842, 0.0817649, 0.113035, 996.499, -5602.08, 10, 2e-20, 3e-20, 2e-20, 2e-20, -1
-0.683415, 0.402106, 0.516004, 0.05, -0.23424, -0.139398, -0.501402, 0.570705, 1004.37, 6998.59, 10, 2e-20, 3e-20, 2e-20, 2e-20, -1
-0.671214, 0.399502, 0.636668, 0.05, -0.0470798, 0.0841027, -0.321528, 0.335664, 999.788, -339.92, 10, 2e-20, 3e-20, 2e-20, 2e-20, -1
-0.705189, 0.364621, 0.603131, 0.05, 0.0854391, -0.221108, -0.18655, 0.301645, 1000.33, 520.74, 10, 2e-20, 3e-20, 2e-20, 2e-20, -1
-0.710391, 0.429319, 0.738363, 0.05, 0.118475, -0.00818306, -0.344833, 0.36471, 997.728, -3635.67, 10, 2e-20, 3e-20, 2e-20, 2e-20, -1
-0.711595, 0.450874, 0.819916, 0.05, -0.258174, -0.204511, 0.132158, 0.354886, 1001.48, 2374.32, 10, 2e-20, 3e-20, 2e-20, 2e-20, -1
-0.673953, 0.503545, 0.994359, 0.05, 0.0402731, -0.034719, -0.203284, 0.210123, 1006.03, 9655.23, 10, 2e-20, 3e-20, 2e-20, 2e-20, -1
-0.740024, 0.434258, 0.856231, 0.05, 0.215768, -0.0579022, -0.40152, 0.459486, 1005.93, 9487.93, 10, 2e-20, 3e-20, 2e-20, 2e-20, -1
-0.732956, 0.403205, 0.807313, 0.05, 0.0276194, -0.0209436, 0.236814, 0.239338, 998.904, -1753.65, 10, 2e-20, 3e-20, 2e-20, 2e-20, -1
-0.694243, 0.414142, 0.844987, 0.05, -0.148523, -0.00689586, -0.0768021, 0.167347, 1002.63, 4202.53, 10, 2e-20, 3e-20, 2e-20, 2e-20, -1
-0.570327, 0.433748, 0.936458, 0.05, -0.0382527, -0.23216, -0.0894442, 0.251718, 1000.33, 527.597, 10, 2e-20, 3e-20, 2e-20, 2e-20, -1
-0.697794, 0.383641, 0.805724, 0.05, -0.0163216, -0.161727, -0.029747, 0.165248, 999.219, -1249.93, 10, 2e-20, 3e-20, 2e-20, 2e-20, -1
-0.538345, 0.457686, 0.978526, 0.05, 0.0214433, -0.12232, -0.154052, 0.197873, 1006, 9603.28, 10, 2e-20, 3e-20, 2e-20, 2e-20, -1
-0.678133, 0.429351, 0.880014, 0.05, -0.0378818, -0.0348514, -0.373432, 0.376963, 1008.1, 12968, 10, 2e-20, 3e-20, 2e-20, 2e-20, -1
-0.58684, 0.451523, 0.984123, 0.05, -0.0896094, 0.1427, -0.300827, 0.344805, 1002.09, 3350.03, 10, 2e-20, 3e-20, 2e-20, 2e-20, -1
-0.499614, 0.386459, 0.859624, 0.05, 0.0425188, -0.0298049, -0.258792, 0.26395, 995.805, -6711.51, 10, 2e-20, 3e-20, 2e-20, 2e-20, -1
-0.545963, 0.39961, 0.892079, 0.05, 0.0240473, -0.0898942, -0.194197, 0.215341, 1001.91, 3053.8, 10, 2e-20, 3e-20, 2e-20, 2e-20, -1
-0.617585, 0.371319, 0.85693, 0.05, 0.300225, 0.184955, -0.433448, 0.558767, 1003.23, 5174.97, 10, 2e-20, 3e-20, 2e-20, 2e-20, -1
-0.634263, 0.418952, 1.0245, 0.05, -0.0593574, -0.194983, -0.0514203, 0.210204, 1000.3, 476.977, 10, 2e-20, 3e-20, 2e-20, 2e-20, -1
-0.528118, 0.407085, 0.940383, 0.05, 0.126646, 0.115851, -0.079734, 0.189257, 1011.87, 18987, 10, 2e-20, 3e-20, 2e-20, 2e-20, -1
-0.561743, 0.409752, 1.03722, 0.05, 0.097301, -0.17152, -0.131579, 0.237065, 1003.28, 5249.74, 10, 2e-20, 3e-20, 2e-20, 2e-20, -1
-0.544844, 0.40993, 0.98569, 0.05, 0.0687495, 0.0617001, -0.196731, 0.21734, 1002.73, 4364.07, 10, 2e-20, 3e-20, 2e-20, 2e-20, -1
-0.676112, 0.509884, 1.35472, 0.05, -0.053861, -0.228362, -0.237514, 0.333861, 997.122, -4604.82, 10, 2e-20, 3e-20, 2e-20, 2e-20, -1
-0.53437, 0.385347, 1.00722, 0.05, -0.0908858, 0.0713318, -0.0156927, 0.116596, 998.399, -2562.07, 10, 2e-20, 3e-20, 2e-20, 2e-20, -1
-0.46446, 0.356481, 1.08001, 0.05, 0.105656, 0.0276073, -0.175497, 0.206699, 999.593, -651.417, 10, 2e-20, 3e-20, 2e-20, 2e-20, -1
-0.489243, 0.328594, 1.10025, 0.05, 0.0804505, 0.124161, -0.169909, 0.225294, 1016.6, 26553.2, 10, 2e-20, 3e-20, 2e-20, 2e-20, -1
-0.422036, 0.320575, 1.13062, 0.05, 0.0583448, -0.0694687, -0.0548148, 0.105994, 999.977, -36.6309, 10, 2e-20, 3e-20, 2e-20, 2e-20, -1
-0.405649, 0.356128, 1.21735, 0.05, 0.173348, 0.0693493, -0.0877179, 0.206285, 1001.18, 1882.92, 10, 2e-20, 3e-20, 2e-20, 2e-20, -1
-0.422072, 0.313605, 1.18332, 0.05, 0.113204, -0.272559, -0.308705, 0.427086, 1004.72, 7549.17, 10, 2e-20, 3e-20, 2e-20, 2e-20, -1
-0.411734, 0.32938, 1.18762, 0.05, 0.105836, -0.117513, -0.304087, 0.342753, 996.227, -6037.08, 10, 2e-20, 3e-20, 2e-20, 2e-20, -1
-0.41391, 0.287051, 1.2323, 0.05, 0.128757, -0.239403, -0.0345227, 0.274014, 994.366, -9013.83, 10, 2e-20, 3e-20, 2e-20, 2e-20, -1
-0.387031, 0.247065, 1.23232, 0.05, 0.241791, 0.235241, -0.0595802, 0.342565, 1004.65, 7438.25, 10, 2e-20, 3e-20, 2e-20, 2e-20, -1
-0.315228, 0.237104, 1.25526, 0.05, 0.240008, -0.0945615, -0.0960567, 0.275268, 994.552, -8716.82, 10, 2e-20, 3e-20, 2e-20, 2e-20, -1
-0.71894, 0.500308, 0.101864, 0.05, 0.423932, 0.833281, 1.1046, 1.44714, 1001.78, 2841.01, 10, 2e-20, 3e-20, 2e-20, 2e-20, -1
-0.690054, 0.48375, 0.0551393, 0.05, 1.29857, 1.24411, -1.04868, 2.08178, 1037.11, 59378.4, 10, 2e-20, 3e-20, 2e-20, 2e-20, -1
-0.802362, 0.498204, 0.288818, 0.05, -0.351752, 0.0938591, 0.227411, 0.429249, 1003.71, 5936.95, 10, 2e-20, 3e-20, 2e-20, 2e-20, -1
-0.851546, 0.492741, 0.313839, 0.05, 0.0713938, -0.107744, -0.220007, 0.255164, 1014.14, 22622.2, 10, 2e-20, 3e-20, 2e-20, 2e-20, -1
-0.805686, 0.496226, 0.410689, 0.05, -0.137896, -0.191908, 0.0161171, 0.236862, 1020.3, 32480.2, 10, 2e-20, 3e-20, 2e-20, 2e-20, -1
-0.750848, 0.496159, 0.399694, 0.05, 0.21366, -0.427574, -0.439935, 0.649625, 1009.85, 15763.4, 10, 2e-20, 3e-20, 2e-20, 2e-20, -1
-0.701845, 0.493096, 0.393682, 0.05, -0.0939757, -0.0525758, -0.309141, 0.327358, 1015.6, 24961.4, 10, 2e-20, 3e-20, 2e-20, 2e-20, -1
-0.83042, 0.492392, 0.834143, 0.05, 0.0891347, -0.108947, -0.425742, 0.44841, 1008.64, 13823.3, 10, 2e-20, 3e-20, 2e-20, 2e-20, -1
-0.884282, 0.495952, 0.818587, 0.05, 0.0269916, -0.146345, -0.0212585, 0.150324, 1007.03, 11241.2, 10, 2e-20, 3e-20, 2e-20, 2e-20, -1
-0.80157, 0.491536, 0.904377, 0.05, 0.38989, 0.016386, 0.144772, 0.416223, 1020.64, 33020.2, 10, 2e-20, 3e-20, 2e-20, 2e-20, -1
-0.724697, 0.496471, 0.635375, 0.05, -0.28385, -0.165913, -0.0784155, 0.338005, 1011.13, 17815.8, 10, 2e-20, 3e-20, 2e-20, 2e-20, -1
-0.667567, 0.473429, 0.581593, 0.05, -0.280033, -0.201407, -0.207455, 0.402519, 1004.94, 7910.72, 10, 2e-20, 3e-20, 2e-20, 2e-20, -1
-0.778115, 0.493077, 0.964544, 0.05, 0.225417, 0.0311248, -0.217859, 0.315031, 1005.12, 8199.35, 10, 2e-20, 3e-20, 2e-20, 2e-20, -1
-0.77364, 0.494756, 0.602207, 0.05, -0.224957, 0.142312, 0.135287, 0.298599, 1001.99, 3183.72, 10, 2e-20, 3e-20, 2e-20, 2e-20, -1
-0.793012, 0.471522, 0.714277, 0.05, 0.0437625, -0.253861, -0.119259, 0.283872, 1010.37, 16592.5, 10, 2e-20, 3e-20, 2e-20, 2e-20, -1
-0.84083, 0.489956, 1.13991, 0.05, -0.101552, 0.120913, 0.399441, 0.429518, 1003.2, 5123.81, 10, 2e-20, 3e-20, 2e-20, 2e-20, -1
-0.723317, 0.45231, 0.694407, 0.05, -0.152601, -0.00667962, -0.230046, 0.276139, 991.737, -13221.5, 10, 2e-20, 3e-20, 2e-20, 2e-20, -1
-0.499072, -0.461922, 1.45429, 0.05, 0.311146, -0.453998, 0.930782, 1.08133, 997.734, -3625.63, 10, 2e-20, 3e-20, 2e-20, 2e-20, -1
-0.731505, 0.496628, 0.865872, 0.05, -0.0287415, 0.0399242, 0.0604489, 0.0779364, 1003.48, 5569.34, 10, 2e-20, 3e-20, 2e-20, 2e-20, -1
-0.761509, 0.455014, 0.821063, 0.05, 0.159325, -0.089862, 0.133987, 0.226742, 1006.33, 10131.9, 10, 2e-20, 3e-20, 2e-20, 2e-20, -1
-0.663832, 0.496531, 1.18766, 0.05, 0.0462419, 0.166286, -0.0353764, 0.176184, 1010.88, 17405, 10, 2e-20, 3e-20, 2e-20, 2e-20, -1
-0.778282, 0.487962, 1.10983, 0.05, 0.403938, -0.184376, 0.206324, 0.489622, 1001.09, 1742.4, 10, 2e-20, 3e-20, 2e-20, 2e-20, -1
-0.696101, 0.49654, 0.93734, 0.05, -0.0672392, -0.0805149, -0.0738298, 0.128275, 1000.25, 399.133, 10, 2e-20, 3e-20, 2e-20, 2e-20, -1
-0.564667, -0.460817, 1.37379, 0.05, 0.314658, -0.133623, 0.476414, 0.586374, 993.229, -10833.3, 10, 2e-20, 3e-20, 2e-20, 2e-20, -1
-0.609953, 0.442164, 0.939411, 0.05, -0.152253, -0.0564219, -0.0708306, 0.177148, 1000.06, 92.7568, 10, 2e-20, 3e-20, 2e-20, 2e-20, -1
-0.529963, -0.45106, 1.34207, 0.05, 0.11058, 0.21637, 0.448929, 0.510472, 993.256, -10790.3, 10, 2e-20, 3e-20, 2e-20, 2e-20, -1
-0.642614, 0.491389, 1.28298, 0.05, -0.0629764, 0.127575, -0.336656, 0.365484, 994.92, -8128.23, 10, 2e-20, 3e-20, 2e-20, 2e-20, -1
-0.582843, 0.494876, 1.29358, 0.05, 0.218364, 0.151168, -0.0456314, 0.269475, 998.471, -2446.91, 10, 2e-20, 3e-20, 2e-20, 2e-20, -1
-0.232662, -0.496875, 1.41563, 0.05, 0.146205, -0.0367405, 0.565535, 0.585282, 1008.42, 13464.3, 10, 2e-20, 3e-20, 2e-20, 2e-20, -1
-0.69783, 0.377289, 1.07769, 0.05, -0.213505, -0.0234854, -0.579968, 0.618465, 1009.02, 14438.2, 10, 2e-20, 3e-20, 2e-20, 2e-20, -1
-0.492214, 0.429819, 1.38288, 0.05, 0.296921, -0.401743, 0.0715536, 0.504658, 1001.34, 2146.29, 10, 2e-20, 3e-20, 2e-20, 2e-20, -1
-0.642939, -0.162727, 1.37245, 0.05, 0.155732, 0.0365128, -0.103421, 0.190477, 998.521, -2366.41, 10, 2e-20, 3e-20, 2e-20, 2e-20, -1
-0.520115, 0.444361, 1.18709, 0.05, 0.140787, 0.302127, -0.302829, 0.45034, 991.816, -13093.6, 10, 2e-20, 3e-20, 2e-20, 2e-20, -1
-0.449334, -0.226479, 1.41511, 0.05, 0.143012, -0.0115599, -0.0143127, 0.14419, 999.746, -407.086, 10, 2e-20, 3e-20, 2e-20, 2e-20, -1
-0.511332, 0.385154, 1.22568, 0.05, 0.400025, 0.104146, -0.321662, 0.523768, 1001.31, 2090.05, 10, 2e-20, 3e-20, 2e-20, 2e-20, -1
-0.545284, 0.447835, 1.13519, 0.05, 0.130197, 0.124437, -0.109338, 0.210691, 993.955, -9672.21, 10, 2e-20, 3e-20, 2e-20, 2e-20, -1
-0.92673, 0.520883, 1.64024, 0.05, 0.000116736, 0.00456861, -0.268025, 0.268064, 999.999, -2.33249, 10, 2e-20, 3e-20, 2e-20, 2e-20, -1
-0.562781, 0.438396, 1.20632, 0.05, -0.088975, 0.287129, -0.332843, 0.44849, 1004.97, 7951.35, 10, 2e-20, 3e-20, 2e-20, 2e-20, -1
-0.857617, -0.241124, 1.40937, 0.05, 0.159741, 0.237261, -0.330249, 0.436891, 999.055, -1511.81, 10, 2e-20, 3e-20, 2e-20, 2e-20, -1
-0.44753, 0.350445, 1.2417, 0.05, 0.169426, 0.213628, -0.135064, 0.304277, 1008.07, 12919.3, 10, 2e-20, 3e-20, 2e-20, 2e-20, -1
-0.681879, 0.438814, 1.34736, 0.05, 0.140179, -0.171488, -0.128053, 0.255843, 1002.67, 4265.61, 10, 2e-20, 3e-20, 2e-20, 2e-20, -1
-0.748478, -0.153694, 1.30432, 0.05, 0.160693, 0.0106756, -0.0698924, 0.17556, 1003.41, 5453.58, 10, 2e-20, 3e-20, 2e-20, 2e-20, -1
-0.677336, 0.514506, 1.35569, 0.05, -0.0749368, -0.162954, -0.258709, 0.314801, 1000.47, 747.329, 10, 2e-20, 3e-20, 2e-20, 2e-20, -1
-0.964415, 0.255252, 1.27731, 0.05, 0.358625, 0.529255, 0.892912, 1.09819, 980.976, -30437.7, 10, 2e-20, 3e-20, 2e-20, 2e-20, -1
-0.491143, 0.329743, 1.25881, 0.05, 0.188811, -0.00166151, -0.229044, 0.296839, 997.261, -4381.81, 10, 2e-20, 3e-20, 2e-20, 2e-20, -1
-0.712842, 0.284337, 1.2648, 0.05, 0.0327128, -0.119529, 0.0120724, 0.124511, 993.907, -9748.12, 10, 2e-20, 3e-20, 2e-20, 2e-20, -1
-0.939497, 0.137403, 1.30297, 0.05, 0.438817, 0.101205, 0.0862399, 0.45852, 1002.07, 3318.58, 10, 2e-20, 3e-20, 2e-20, 2e-20, -1
-0.609614, 0.328539, 1.19729, 0.05, 0.345954, -0.0818825, -0.444168, 0.568923, 1001.05, 1680.91, 10, 2e-20, 3e-20, 2e-20, 2e-20, -1
-0.716405, 0.190629, 1.31008, 0.05, 0.362475, -0.403468, -0.414192, 0.682443, 989.195, -17287.4, 10, 2e-20, 3e-20, 2e-20, 2e-20, -1
-0.459608, 0.300125, 1.23997, 0.05, 0.0862502, -0.139766, 0.00551587, 0.164329, 995.746, -6805.88, 10, 2e-20, 3e-20, 2e-20, 2e-20, -1
-0.464995, 0.336435, 1.31368, 0.05, 0.288518, -0.108344, -0.346751, 0.463915, 995.685, -6904.46, 10, 2e-20, 3e-20, 2e-20, 2e-20, -1
-0.711804, -0.496236, 0.0568441, 0.05, -0.0721955, -0.117982, -0.242705, 0.279352, 1002.8, 4483.78, 10, 2e-20, 3e-20, 2e-20, 2e-20, -1
-0.696943, -0.495052, 0.155379, 0.05, -0.0495417, -0.0384381, 0.343335, 0.349014, 1016.09, 25751.6, 10, 2e-20, 3e-20, 2e-20, 2e-20, -1
-0.703682, -0.494461, 0.216953, 0.05, -0.0552195, -0.0850923, 0.0449504, 0.110952, 1021.07, 33716.7, 10, 2e-20, 3e-20, 2e-20, 2e-20, -1
-0.792212, -0.492237, 0.362764, 0.05, 0.0551153, -0.0556497, 0.168689, 0.185986, 1013.64, 21824.2, 10, 2e-20, 3e-20, 2e-20, 2e-20, -1
-0.65128, -0.49983, 0.338909, 0.05, 0.105309, -0.123569, 0.114446, 0.198639, 1008.44, 13509, 10, 2e-20, 3e-20, 2e-20, 2e-20, -1
-0.720646, -0.49569, 0.35416, 0.05, -0.0855034, -0.00317977, -0.0466563, 0.0974564, 1006.23, 9972.66, 10, 2e-20, 3e-20, 2e-20, 2e-20, -1
-0.591326, -0.482997, 0.268513, 0.05, 0.0675249, -0.0950073, 0.106475, 0.15787, 1008.28, 13244.5, 10, 2e-20, 3e-20, 2e-20, 2e-20, -1
-0.594539, -0.496251, 0.313654, 0.05, 0.199083, -0.0308703, 0.0928343, 0.221823, 1007.8, 12485, 10, 2e-20, 3e-20, 2e-20, 2e-20, -1
-0.677991, -0.497945, 0.397188, 0.05, 0.0433371, -0.0824907, 0.0582775, 0.109905, 1004.36, 6979.62, 10, 2e-20, 3e-20, 2e-20, 2e-20, -1
-0.599393, -0.491722, 0.524546, 0.05, -0.0315475, 0.0206741, -0.00395256, 0.0379247, 1009.51, 15209.3, 10, 2e-20, 3e-20, 2e-20, 2e-20, -1
-0.632196, -0.49494, 0.576523, 0.05, -0.0509488, 0.0310033, 0.144719, 0.156527, 1009, 14407, 10, 2e-20, 3e-20, 2e-20, 2e-20, -1
-0.616592, -0.497108, 0.65083, 0.05, 0.166747, -0.0944315, 0.125807, 0.229236, 1002.06, 3298.84, 10, 2e-20, 3e-20, 2e-20, 2e-20, -1
-0.706049, -0.497453, 0.652129, 0.05, -0.100999, -0.121047, 0.0123629, 0.158133, 1004.69, 7503.64, 10, 2e-20, 3e-20, 2e-20, 2e-20, -1
-0.665095, -0.498412, 0.625603, 0.05, 0.0506941, -0.134462, 0.164224, 0.218219, 1002.83, 4520.62, 10, 2e-20, 3e-20, 2e-20, 2e-20, -1
-0.652308, -0.495753, 0.761125, 0.05, -0.0942009, -0.0621833, 0.125964, 0.169138, 1008.31, 13291.1, 10, 2e-20, 3e-20, 2e-20, 2e-20, -1
-0.757816, -0.495211, 0.697709, 0.05, -0.00212266, -0.0406215, 0.15434, 0.15961, 1004.03, 6440.97, 10, 2e-20, 3e-20, 2e-20, 2e-20, -1
-0.724436, -0.457591, 0.682549, 0.05, -0.0250787, -0.0462338, 0.161323, 0.169681, 1001.82, 2916.2, 10, 2e-20, 3e-20, 2e-20, 2e-20, -1
-0.719429, -0.495571, 0.758021, 0.05, -0.0788363, -0.0136199, 0.144422, 0.165101, 1006.01, 9609.84, 10, 2e-20, 3e-20, 2e-20, 2e-20, -1
-0.71927, -0.496611, 0.818558, 0.05, 0.0391845, -0.0808824, 0.108691, 0.141036, 1004.52, 7225.25, 10, 2e-20, 3e-20, 2e-20, 2e-20, -1
-0.666059, -0.497238, 0.937245, 0.05, -0.114992, 0.124459, 0.0386555, 0.173802, 1003.51, 5614.8, 10, 2e-20, 3e-20, 2e-20, 2e-20, -1
-0.776624, -0.494353, 1.1497, 0.05, -0.203543, -0.0380038, 0.479845, 0.522614, 1007.05, 11278, 10, 2e-20, 3e-20, 2e-20, 2e-20, -1
-0.614575, -0.448595, 0.811251, 0.05, 0.0705023, 0.069471, 0.112053, 0.149508, 998.44, -2496.49, 10, 2e-20, 3e-20, 2e-20, 2e-20, -1
-0.704728, -0.493474, 1.06057, 0.05, -0.123459, 0.1727, 0.317665, 0.382071, 1002.66, 4262.42, 10, 2e-20, 3e-20, 2e-20, 2e-20, -1
-0.680436, -0.447601, 0.949753, 0.05, 0.0346687, 0.00557475, 0.0633377, 0.07242, 1005.67, 9073.26, 10, 2e-20, 3e-20, 2e-20, 2e-20, -1
-0.668379, -0.449515, 1.00488, 0.05, 0.190109, 0.0363566, 0.108421, 0.221852, 999.333, -1066.98, 10, 2e-20, 3e-20, 2e-20, 2e-20, -1
-0.577341, -0.500471, 1.30806, 0.05, -0.193775, -0.131806, 0.475599, 0.530204, 1009.39, 15024.5, 10, 2e-20, 3e-20, 2e-20, 2e-20, -1
-0.628123, -0.436883, 0.964761, 0.05, 0.13569, 0.0699482, 0.10969, 0.18798, 1005.75, 9196.22, 10, 2e-20, 3e-20, 2e-20, 2e-20, -1
-0.647228, -0.49884, 1.17554, 0.05, -0.052784, -0.202698, 0.240175, 0.31868, 1005.71, 9142.68, 10, 2e-20, 3e-20, 2e-20, 2e-20, -1
-0.311276, 0.118836, 1.36916, 0.05, 0.0102632, 0.0171879, 0.236059, 0.236906, 1004.82, 7710.5, 10, 2e-20, 3e-20, 2e-20, 2e-20, -1
-0.547017, -0.462212, 1.14502, 0.05, -0.0411223, 0.0841588, 0.400563, 0.411369, 1008.03, 12846.1, 10, 2e-20, 3e-20, 2e-20, 2e-20, -1
-0.509774, -0.452279, 1.4036, 0.05, 0.221152, -0.493426, 0.450586, 0.703851, 1006.69, 10711.2, 10, 2e-20, 3e-20, 2e-20, 2e-20, -1
-0.532516, -0.478523, 1.44857, 0.05, 0.123985, -0.124178, 0.632949, 0.656823, 991.485, -13624.5, 10, 2e-20, 3e-20, 2e-20, 2e-20, -1
-0.592744, -0.494066, 1.09281, 0.05, -0.00920165, 0.0807645, 0.26796, 0.280018, 1005.17, 8273.89, 10, 2e-20, 3e-20, 2e-20, 2e-20, -1
-0.341435, 0.0184366, 1.38502, 0.05, 0.0428942, 0.0776743, 0.184791, 0.20499, 1005.36, 8581.21, 10, 2e-20, 3e-20, 2e-20, 2e-20, -1
-0.535479, -0.494372, 1.36998, 0.05, 0.0735611, 0.0451312, 0.544397, 0.551195, 1012.13, 19404.4, 10, 2e-20, 3e-20, 2e-20, 2e-20, -1
-0.573534, -0.503538, 1.43014, 0.05, 0.168285, 0.168729, 0.494732, 0.549135, 996.142, -6173.19, 10, 2e-20, 3e-20, 2e-20, 2e-20, -1
-0.503673, -0.376873, 1.31997, 0.05, 0.0267575, -0.074154, 0.352412, 0.361122, 999.844, -250.046, 10, 2e-20, 3e-20, 2e-20, 2e-20, -1
-0.580915, -0.424383, 1.35441, 0.05, 0.214072, 0.118159, 0.21469, 0.325392, 1004.4, 7044.33, 10, 2e-20, 3e-20, 2e-20, 2e-20, -1
-0.549925, -0.437702, 1.46775, 0.05, 0.00207531, -0.149005, 0.618299, 0.636003, 1002.51, 4018.5, 10, 2e-20, 3e-20, 2e-20, 2e-20, -1
-0.536641, -0.301094, 1.38213, 0.05, 0.356766, -0.146023, 0.0932426, 0.396609, 1003.95, 6322.03, 10, 2e-20, 3e-20, 2e-20, 2e-20, -1
-0.516227, -0.349787, 1.16412, 0.05, 0.0191943, -0.0663859, 0.140688, 0.156744, 1005.95, 9527.85, 10, 2e-20, 3e-20, 2e-20, 2e-20, -1
-0.772813, -0.262776, 1.2377, 0.05, -0.0844231, -0.234453, 0.215328, 0.329335, 1006.99, 11185, 10, 2e-20, 3e-20, 2e-20, 2e-20, -1
-0.613187, -0.429306, 1.38785, 0.05, -0.0371996, -0.0832289, 0.229832, 0.247252, 995.887, -6580.85, 10, 2e-20, 3e-20, 2e-20, 2e-20, -1
-0.306921, -0.171594, 1.42039, 0.05, 0.135281, 0.0935552, 0.18491, 0.247478, 993.474, -10441.8, 10, 2e-20, 3e-20, 2e-20, 2e-20, -1
-0.671701, -0.209276, 1.33724, 0.05, 0.0567206, 0.0501525, 0.0247977, 0.0796707, 1002.77, 4431.24, 10, 2e-20, 3e-20, 2e-20, 2e-20, -1
-0.117806, -0.225391, 1.46114, 0.05, -0.0224491, -0.138973, 0.0589219, 0.152608, 1001.3, 2075.27, 10, 2e-20, 3e-20, 2e-20, 2e-20, -1
-0.487805, -0.313139, 1.44402, 0.05, -0.0625417, -0.210372, 0.130064, 0.255116, 1001.22, 1949.73, 10, 2e-20, 3e-20, 2e-20, 2e-20, -1
-0.424642, -0.306408, 1.22388, 0.05, 0.017601, -0.145672, 0.182249, 0.233976, 1006.37, 10187.5, 10, 2e-20, 3e-20, 2e-20, 2e-20, -1
-0.486623, -0.0842248, 1.38739, 0.05, 0.16584, 0.177114, 0.00066565, 0.242637, 1002.82, 4519.76, 10, 2e-20, 3e-20, 2e-20, 2e-20, -1
-0.399557, -0.173809, 1.35577, 0.05, 0.245464, 0.0854073, 0.184945, 0.318986, 1003.18, 5084.46, 10, 2e-20, 3e-20, 2e-20, 2e-20, -1
-0.272877, -0.225646, 1.41923, 0.05, 0.0386126, -0.0486923, 0.300872, 0.307223, 1001.79, 2863.71, 10, 2e-20, 3e-20, 2e-20, 2e-20, -1
-0.746595, -0.499575, 0.112389, 0.05, -0.0918755, -0.211924, 0.0761405, 0.243209, 1004.5, 7200.47, 10, 2e-20, 3e-20, 2e-20, 2e-20, -1
-0.720742, -0.476551, 0.104706, 0.05, 0.0541025, -0.248405, 0.0142517, 0.254628, 1007.91, 12655.3, 10, 2e-20, 3e-20, 2e-20, 2e-20, -1
-0.691136, -0.443913, 0.145216, 0.05, 0.0763521, 0.10166, 0.150183, 0.196772, 1009.46, 15142.8, 10, 2e-20, 3e-20, 2e-20, 2e-20, -1
-0.760821, -0.440208, 0.158249, 0.05, 0.164658, 0.0378096, -0.050746, 0.1764, 1003.58, 5732.13, 10, 2e-20, 3e-20, 2e-20, 2e-20, -1
-0.810455, -0.501503, 0.251439, 0.05, 0.00826602, 0.0174415, -0.0682747, 0.0709505, 1000.38, 603.659, 10, 2e-20, 3e-20, 2e-20, 2e-20, -1
-0.769938, -0.466875, 0.238106, 0.05, 0.00103442, -0.0350627, -0.0228572, 0.0418678, 1006.76, 10823.2, 10, 2e-20, 3e-20, 2e-20, 2e-20, -1
-0.734367, -0.445561, 0.237346, 0.05, 0.0746427, 0.0253429, 0.0697647, 0.105266, 1001.33, 2127.03, 10, 2e-20, 3e-20, 2e-20, 2e-20, -1
-0.70343, -0.440895, 0.27788, 0.05, 0.0776709, 0.0183458, 0.0974302, 0.125944, 1000.59, 951.751, 10, 2e-20, 3e-20, 2e-20, 2e-20, -1
-0.6289, -0.46261, 0.35636, 0.05, 0.0987543, 0.11087, 0.0796318, 0.168481, 1000.88, 1404.2, 10, 2e-20, 3e-20, 2e-20, 2e-20, -1
-0.593599, -0.475241, 0.419211, 0.05, 0.0547185, -0.0189458, 0.0928086, 0.109391, 1001.78, 2848.52, 10, 2e-20, 3e-20, 2e-20, 2e-20, -1
-0.584737, -0.440686, 0.444659, 0.05, 0.111777, 0.0608479, -0.0341121, 0.131758, 1001, 1601.66, 10, 2e-20, 3e-20, 2e-20, 2e-20, -1
-0.584019, -0.421485, 0.487314, 0.05, 0.0199815, 0.0183326, 0.0165716, 0.0317799, 1003.83, 6123.7, 10, 2e-20, 3e-20, 2e-20, 2e-20, -1
-0.624745, -0.432308, 0.404298, 0.05, 0.000792379, 0.0327956, 0.0579439, 0.0665859, 1003.83, 6123.77, 10, 2e-20, 3e-20, 2e-20, 2e-20, -1
-0.607322, -0.44046, 0.558513, 0.05, -0.134006, -0.000111857, -0.0741936, 0.153174, 1007.15, 11438.1, 10, 2e-20, 3e-20, 2e-20, 2e-20, -1
-0.65154, -0.45023, 0.598139, 0.05, 0.0110492, 0.0626977, -0.00963407, 0.0643887, 1008.04, 12859.1, 10, 2e-20, 3e-20, 2e-20, 2e-20, -1
-0.621159, -0.380782, 0.467208, 0.05, -0.0140334, 0.162109, -0.114089, 0.198727, 1006.45, 10316.3, 10, 2e-20, 3e-20, 2e-20, 2e-20, -1
-0.664714, -0.403856, 0.483284, 0.05, -0.0735619, 0.207559, 0.000126618, 0.220209, 1009.38, 15013.4, 10, 2e-20, 3e-20, 2e-20, 2e-20, -1
-0.602218, -0.447376, 0.636363, 0.05, 0.0222487, -0.0605135, 0.0949545, 0.114775, 1005.72, 9155.89, 10, 2e-20, 3e-20, 2e-20, 2e-20, -1
-0.651331, -0.432225, 0.548483, 0.05, 0.0610162, -0.00614656, 0.0181467, 0.0639536, 1004.12, 6595.88, 10, 2e-20, 3e-20, 2e-20, 2e-20, -1
-0.660189, -0.441593, 0.703296, 0.05, 0.0713711, 0.111569, 0.109798, 0.172038, 1001.04, 1660.1, 10, 2e-20, 3e-20, 2e-20, 2e-20, -1
-0.672992, -0.42236, 0.661745, 0.05, 0.148466, 0.047724, 0.0743781, 0.172777, 1003.12, 4985.74, 10, 2e-20, 3e-20, 2e-20, 2e-20, -1
-0.673632, -0.452143, 0.756261, 0.05, -0.0095859, 0.0355249, -0.0688105, 0.0780308, 1004.09, 6546.87, 10, 2e-20, 3e-20, 2e-20, 2e-20, -1
-0.665214, -0.432837, 0.827363, 0.05, 0.0421465, 0.0579051, 0.154747, 0.170517, 1003.81, 6102.22, 10, 2e-20, 3e-20, 2e-20, 2e-20, -1
-0.643793, -0.4278, 0.732035, 0.05, -0.0239767, -0.129385, 0.0141325, 0.132344, 999.806, -311.022, 10, 2e-20, 3e-20, 2e-20, 2e-20, -1
-0.650169, -0.37425, 0.65705, 0.05, 0.0621668, -0.0639011, -0.000327657, 0.0891526, 1007.05, 11284.9, 10, 2e-20, 3e-20, 2e-20, 2e-20, -1
-0.676264, -0.451792, 0.901147, 0.05, 0.0795145, -0.0512534, 0.110615, 0.145551, 1003.61, 5782.23, 10, 2e-20, 3e-20, 2e-20, 2e-20, -1
-0.669514, -0.386496, 0.700054, 0.05, 0.0254955, 0.0010862, -0.0517184, 0.0576714, 1001.95, 3122.26, 10, 2e-20, 3e-20, 2e-20, 2e-20, -1
-0.629256, -0.456861, 0.919347, 0.05, 0.103585, 0.137004, 0.133397, 0.217473, 996.515, -5576.58, 10, 2e-20, 3e-20, 2e-20, 2e-20, -1
-0.700151, -0.386641, 0.800586, 0.05, 0.148002, -0.00568069, 0.0373307, 0.152743, 1002.75, 4399.16, 10, 2e-20, 3e-20, 2e-20, 2e-20, -1
-0.634134, -0.378355, 0.809, 0.05, -0.0589557, -0.00867586, 0.195265, 0.204155, 1008.97, 14360, 10, 2e-20, 3e-20, 2e-20, 2e-20, -1
-0.591929, -0.423764, 1.08095, 0.05, 0.0341133, 0.0299491, 0.234644, 0.238994, 1002.03, 3242.7, 10, 2e-20, 3e-20, 2e-20, 2e-20, -1
-0.623453, -0.407113, 1.00663, 0.05, -0.0138892, 0.0349308, 0.0770613, 0.085741, 999.64, -575.361, 10, 2e-20, 3e-20, 2e-20, 2e-20, -1
-0.622489, -0.325163, 0.829732, 0.05, 0.00957835, 0.0601388, 0.0799388, 0.100492, 1001.57, 2509.46, 10, 2e-20, 3e-20, 2e-20, 2e-20, -1
-0.618573, -0.362747, 0.923231, 0.05, -0.0449672, 0.0420466, -0.0867315, 0.106359, 998.793, -1930.55, 10, 2e-20, 3e-20, 2e-20, 2e-20, -1
-0.633827, -0.354301, 0.976854, 0.05, -0.128871, -0.0124749, 0.102623, 0.165212, 1001.55, 2479.23, 10, 2e-20, 3e-20, 2e-20, 2e-20, -1
-0.542131, -0.425069, 1.19923, 0.05, 0.0668863, -0.0632121, 0.128489, 0.158047, 998.226, -2837.69, 10, 2e-20, 3e-20, 2e-20, 2e-20, -1
-0.553655, -0.35965, 1.01798, 0.05, -0.0168152, 0.0758339, 0.0152505, 0.0791587, 1001.14, 1820.18, 10, 2e-20, 3e-20, 2e-20, 2e-20, -1
-0.586293, -0.383104, 1.03926, 0.05, -0.0178974, 0.0225168, 0.295975, 0.29737, 1003.58, 5724.44, 10, 2e-20, 3e-20, 2e-20, 2e-20, -1
-0.510016, -0.398999, 1.20674, 0.05, 0.0375463, -0.0536733, 0.251564, 0.259952, 999.475, -839.51, 10, 2e-20, 3e-20, 2e-20, 2e-20, -1
-0.569648, -0.387003, 1.10019, 0.05, 0.0372237, -0.0996895, 0.0700726, 0.127412, 1005.4, 8635.71, 10, 2e-20, 3e-20, 2e-20, 2e-20, -1
-0.563333, -0.348713, 1.11737, 0.05, 0.116073, 0.0839288, 0.134716, 0.196635, 996.748, -5203.37, 10, 2e-20, 3e-20, 2e-20, 2e-20, -1
-0.51683, -0.325222, 1.105, 0.05, 0.0228436, -0.0332091, 0.107337, 0.114655, 1000.31, 493.964, 10, 2e-20, 3e-20, 2e-20, 2e-20, -1
-0.471606, -0.33191, 1.11373, 0.05, -0.127108, 0.027086, 0.0951332, 0.16106, 1002.31, 3694.77, 10, 2e-20, 3e-20, 2e-20, 2e-20, -1
-0.473734, -0.28375, 1.12388, 0.05, 0.10314, 0.168508, -0.0692717, 0.209359, 991.705, -13272, 10, 2e-20, 3e-20, 2e-20, 2e-20, -1
-0.466262, -0.286941, 1.33644, 0.05, 0.0585354, -0.153048, 0.219043, 0.27355, 999.763, -378.899, 10, 2e-20, 3e-20, 2e-20, 2e-20, -1
-0.471494, -0.320079, 1.21315, 0.05, 0.0110978, 0.00126196, 0.0596243, 0.0606615, 1003.89, 6220.91, 10, 2e-20, 3e-20, 2e-20, 2e-20, -1
-0.375402, -0.249213, 1.24412, 0.05, 0.160798, -0.0446057, 0.200773, 0.261066, 998.01, -3184.79, 10, 2e-20, 3e-20, 2e-20, 2e-20, -1
-0.420583, -0.266827, 1.252, 0.05, 0.0264089, 0.0350748, 0.146764, 0.153191, 1004.26, 6823.26, 10, 2e-20, 3e-20, 2e-20, 2e-20, -1
-0.367637, -0.23606, 1.29137, 0.05, 0.17926, -0.0849127, 0.0488037, 0.20427, 998.324, -2680.87, 10, 2e-20, 3e-20, 2e-20, 2e-20, -1
-0.330755, -0.168349, 1.3293, 0.05, 0.0228658, -0.0678016, 0.344325, 0.351681, 1002.89, 4622.08, 10, 2e-20, 3e-20, 2e-20, 2e-20, -1
-0.270781, -0.145528, 1.39674, 0.05, -0.0531857, 0.0139638, 0.306571, 0.311463, 1002.55, 4077.24, 10, 2e-20, 3e-20, 2e-20, 2e-20, -1
-0.69477, -0.362221, 0.050728, 0.05, 0.0142566, 0.0191032, -0.0701068, 0.0740483, 1014.21, 22740.4, 10, 2e-20, 3e-20, 2e-20, 2e-20, -1
-0.766276, -0.499966, 0.0523346, 0.05, -0.0357313, -0.242784, 0.0407699, 0.248763, 1006.72, 10745.6, 10, 2e-20, 3e-20, 2e-20, 2e-20, -1
-0.741117, -0.438149, 0.12373, 0.05, -0.00963113, 0.303462, 0.00751525, 0.303708, 1013.06, 20899.2, 10, 2e-20, 3e-20, 2e-20, 2e-20, -1
-0.695032, -0.434769, 0.0940346, 0.05, 0.00297084, 0.338881, -0.0946852, 0.351872, 1007.26, 11623.6, 10, 2e-20, 3e-20, 2e-20, 2e-20, -1
-0.663737, -0.453253, 0.179102, 0.05, 0.198871, 0.047859, 0.094538, 0.225338, 1010.78, 17252.2, 10, 2e-20, 3e-20, 2e-20, 2e-20, -1
-0.657278, -0.372619, 0.146216, 0.05, 0.100792, 0.237382, 0.0170591, 0.258458, 1006.25, 10003, 10, 2e-20, 3e-20, 2e-20, 2e-20, -1
-0.681771, -0.36296, 0.18615, 0.05, 0.103223, 0.0880045, 0.0358507, 0.140303, 1014.06, 22499.8, 10, 2e-20, 3e-20, 2e-20, 2e-20, -1
-0.668707, -0.417398, 0.214571, 0.05, 0.0598576, 0.106285, -0.0549973, 0.133806, 1005.22, 8351.82, 10, 2e-20, 3e-20, 2e-20, 2e-20, -1
-0.65289, -0.44113, 0.300789, 0.05, 0.0505854, 0.173693, -0.0790506, 0.197426, 1012.31, 19689.5, 10, 2e-20, 3e-20, 2e-20, 2e-20, -1
-0.67349, -0.401662, 0.268219, 0.05, 0.0726259, -0.248378, -0.0518779, 0.263927, 1009.45, 15113.5, 10, 2e-20, 3e-20, 2e-20, 2e-20, -1
-0.581038, -0.44318, 0.349403, 0.05, 0.227202, -0.0349051, 0.0629323, 0.238326, 1005.65, 9046.51, 10, 2e-20, 3e-20, 2e-20, 2e-20, -1
-0.629047, -0.414292, 0.336493, 0.05, 0.0964057, 0.108781, -0.0665787, 0.159875, 1009.52, 15231.1, 10, 2e-20, 3e-20, 2e-20, 2e-20, -1
-0.651022, -0.390873, 0.375677, 0.05, -0.0258569, 0.0250331, 0.0790307, 0.0868394, 1003.68, 5880.74, 10, 2e-20, 3e-20, 2e-20, 2e-20, -1
-0.676948, -0.333585, 0.308917, 0.05, 0.0383368, 0.155037, 0.0490611, 0.167073, 1010.05, 16082.8, 10, 2e-20, 3e-20, 2e-20, 2e-20, -1
-0.646317, -0.413468, 0.443302, 0.05, 0.138353, 0.0449874, -0.175261, 0.227776, 1005.76, 9210.31, 10, 2e-20, 3e-20, 2e-20, 2e-20, -1
-0.63488, -0.338874, 0.330159, 0.05, 0.0154997, 0.020458, 0.123432, 0.126073, 1006.69, 10710.6, 10, 2e-20, 3e-20, 2e-20, 2e-20, -1
-0.615228, -0.350465, 0.381443, 0.05, 0.0111666, -0.0627857, 0.0309199, 0.0708716, 1004.37, 7000, 10, 2e-20, 3e-20, 2e-20, 2e-20, -1
-0.629009, -0.333542, 0.458, 0.05, 0.0105597, -0.0739192, 0.0790775, 0.10876, 1001.05, 1687.63, 10, 2e-20, 3e-20, 2e-20, 2e-20, -1
-0.682927, -0.359984, 0.459509, 0.05, 0.0449682, -0.0212992, 0.0964053, 0.108489, 998.806, -1909.85, 10, 2e-20, 3e-20, 2e-20, 2e-20, -1
-0.683728, -0.358406, 0.520786, 0.05, -0.0475542, 0.037785, -0.209414, 0.218044, 1008.67, 13867.9, 10, 2e-20, 3e-20, 2e-20, 2e-20, -1
-0.654195, -0.469315, 0.661495, 0.05, 0.0284643, -0.18998, 0.122189, 0.227668, 999.848, -242.557, 10, 2e-20, 3e-20, 2e-20, 2e-20, -1
-0.627033, -0.365738, 0.616955, 0.05, 0.0794768, -0.259273, 0.2008, 0.337431, 998.833, -1866.75, 10, 2e-20, 3e-20, 2e-20, 2e-20, -1
-0.679328, -0.385215, 0.611992, 0.05, 0.0834795, -0.0416724, 0.205897, 0.226051, 1002.73, 4375, 10, 2e-20, 3e-20, 2e-20, 2e-20, -1
-0.730082, -0.337729, 0.608467, 0.05, 0.0706472, -0.0556297, 0.0210679, 0.0923555, 1005.13, 8215.1, 10, 2e-20, 3e-20, 2e-20, 2e-20, -1
-0.72266, -0.291276, 0.628343, 0.05, 0.0346178, 0.073247, -0.0387185, 0.0897922, 1002.96, 4735.86, 10, 2e-20, 3e-20, 2e-20, 2e-20, -1
-0.685433, -0.332981, 0.638628, 0.05, 0.0536714, -0.0726475, 0.176385, 0.198167, 998.259, -2785.95, 10, 2e-20, 3e-20, 2e-20, 2e-20, -1
-0.673382, -0.395193, 0.850837, 0.05, 0.104498, -0.0491903, -0.0704507, 0.135288, 1005.63, 9009.77, 10, 2e-20, 3e-20, 2e-20, 2e-20, -1
-0.684453, -0.348072, 0.727861, 0.05, -0.0662359, -0.0291487, 0.106386, 0.128665, 1002.39, 3822.2, 10, 2e-20, 3e-20, 2e-20, 2e-20, -1
-0.659534, -0.310114, 0.737483, 0.05, 0.0856884, -0.0490808, 0.0889792, 0.132924, 1002.29, 3668.94, 10, 2e-20, 3e-20, 2e-20, 2e-20, -1
-0.707834, -0.307989, 0.758532, 0.05, 0.00324032, -0.00594505, 0.160917, 0.16106, 1005.77, 9228.89, 10, 2e-20, 3e-20, 2e-20, 2e-20, -1
-0.595175, -0.350163, 0.788443, 0.05, 0.0204584, 0.0621918, -0.0259778, 0.0704359, 999.001, -1599.13, 10, 2e-20, 3e-20, 2e-20, 2e-20, -1
-0.681343, -0.308157, 0.802732, 0.05, 0.0191344, -0.0309381, 0.0650998, 0.074574, 1003.04, 4864.23, 10, 2e-20, 3e-20, 2e-20, 2e-20, -1
-0.645413, -0.27102, 0.804288, 0.05, -0.0821901, 0.00648715, 0.0937272, 0.124828, 1008.32, 13318, 10, 2e-20, 3e-20, 2e-20, 2e-20, -1
-0.658121, -0.3255, 0.912317, 0.05, -0.0621438, -0.0417373, 0.0871227, 0.114866, 1000.49, 788.473, 10, 2e-20, 3e-20, 2e-20, 2e-20, -1
-0.651698, -0.296816, 0.864652, 0.05, 0.037842, -0.0079869, 0.0738101, 0.0833291, 1001.8, 2878.09, 10, 2e-20, 3e-20, 2e-20, 2e-20, -1
-0.611284, -0.327194, 0.887519, 0.05, -0.0179204, -0.139837, 0.137535, 0.196955, 1000.69, 1100.06, 10, 2e-20, 3e-20, 2e-20, 2e-20, -1
-0.589839, -0.282899, 0.915893, 0.05, -0.0311962, -0.263524, 0.0803742, 0.277269, 1000.19, 308.704, 10, 2e-20, 3e-20, 2e-20, 2e-20, -1
-0.61648, -0.279531, 0.970003, 0.05, 0.0479619, -0.146606, 0.0532349, 0.163179, 1002.07, 3308.95, 10, 2e-20, 3e-20, 2e-20, 2e-20, -1
-0.657647, -0.349639, 1.01479, 0.05, 0.00879452, -0.155754, -0.015219, 0.156742, 1000.7, 1123.4, 10, 2e-20, 3e-20, 2e-20, 2e-20, -1
-0.59403, -0.320918, 0.996672, 0.05, 0.0770666, -0.0732695, -0.00555506, 0.106483, 998.578, -2274.82, 10, 2e-20, 3e-20, 2e-20, 2e-20, -1
-0.608936, -0.276536, 1.02448, 0.05, -0.0689055, 0.0360857, 0.0982576, 0.125318, 1010.77, 17239.9, 10, 2e-20, 3e-20, 2e-20, 2e-20, -1
-0.618016, -0.374546, 1.05177, 0.05, 0.0368654, -0.0784759, 0.132222, 0.158115, 1004.97, 7948.54, 10, 2e-20, 3e-20, 2e-20, 2e-20, -1
-0.607187, -0.331957, 1.02937, 0.05, 0.0600267, -0.187499, 0.0487167, 0.202811, 995.88, -6591.41, 10, 2e-20, 3e-20, 2e-20, 2e-20, -1
-0.555621, -0.370478, 1.19, 0.05, 0.122316, -0.156838, 0.0298985, 0.20113, 997.361, -4222.4, 10, 2e-20, 3e-20, 2e-20, 2e-20, -1
-0.544525, -0.296189, 1.08384, 0.05, 0.205312, -0.157534, 0.11309, 0.282417, 1004.02, 6427.16, 10, 2e-20, 3e-20, 2e-20, 2e-20, -1
-0.476979, -0.229274, 1.15169, 0.05, 0.198128, -0.0763561, 0.097273, 0.233553, 1000.56, 894.107, 10, 2e-20, 3e-20, 2e-20, 2e-20, -1
-0.369695, -0.155106, 1.27066, 0.05, 0.158823, 0.159828, 0.0883504, 0.242024, 998.174, -2921.61, 10, 2e-20, 3e-20, 2e-20, 2e-20, -1
-0.43088, -0.168475, 1.21169, 0.05, 0.240811, -0.0708436, 0.154611, 0.29481, 1001.83, 2923.76, 10, 2e-20, 3e-20, 2e-20, 2e-20, -1
-0.360031, -0.108415, 1.31261, 0.05, -0.105946, 0.0757017, 0.171126, 0.215034, 1002.01, 3217.36, 10, 2e-20, 3e-20, 2e-20, 2e-20, -1
-0.275594, -0.114577, 1.36601, 0.05, -0.0368366, -0.0357608, -0.00509994, 0.0515924, 999.22, -1247.56, 10, 2e-20, 3e-20, 2e-20, 2e-20, -1
-0.255973, -0.208854, 1.38602, 0.05, -0.0270038, -0.0449926, 0.098774, 0.111847, 1001.95, 3120.52, 10, 2e-20, 3e-20, 2e-20, 2e-20, -1
-0.661762, -0.306045, 0.050466, 0.05, 0.05811, -0.125713, 0.0530425, 0.148304, 1009.99, 15976.1, 10, 2e-20, 3e-20, 2e-20, 2e-20, -1
-0.725936, -0.394886, 0.101618, 0.05, -0.0848731, -0.314161, -0.033465, 0.32714, 1007.85, 12552.8, 10, 2e-20, 3e-20, 2e-20, 2e-20, -1
-0.717924, -0.360887, 0.13407, 0.05, 0.018752, -0.131413, 0.000240877, 0.132744, 1009.49, 15188.3, 10, 2e-20, 3e-20, 2e-20, 2e-20, -1
-0.718, -0.300938, 0.104244, 0.05, -0.0609778, 0.0553881, 0.057393, 0.1004, 1001.57, 2506.22, 10, 2e-20, 3e-20, 2e-20, 2e-20, -1
-0.717633, -0.323344, 0.169426, 0.05, -0.0244845, 0.0976866, 0.0342637, 0.106377, 1004.65, 7440.03, 10, 2e-20, 3e-20, 2e-20, 2e-20, -1
-0.688079, -0.280909, 0.140344, 0.05, 0.018739, 0.0426325, -0.0744024, 0.0877747, 1002.12, 3397.42, 10, 2e-20, 3e-20, 2e-20, 2e-20, -1
-0.670557, -0.310174, 0.186754, 0.05, -0.082923, 0.0203839, 0.0854572, 0.120808, 1006.41, 10260.8, 10, 2e-20, 3e-20, 2e-20, 2e-20, -1
-0.646164, -0.329234, 0.22892, 0.05, 0.00323272, 0.167637, -0.116425, 0.204126, 1010.04, 16063.9, 10, 2e-20, 3e-20, 2e-20, 2e-20, -1
-0.615639, -0.392557, 0.272307, 0.05, 0.0663015, -0.0834018, 0.0909376, 0.140076, 1007.2, 11524.9, 10, 2e-20, 3e-20, 2e-20, 2e-20, -1
-0.600985, -0.34539, 0.260041, 0.05, 0.0827813, 0.051904, 0.0127339, 0.0985338, 1000.39, 616.373, 10, 2e-20, 3e-20, 2e-20, 2e-20, -1
-0.646862, -0.355775, 0.276017, 0.05, 0.0275249, -0.0425146, 0.0180454, 0.0537657, 1001.84, 2939.82, 10, 2e-20, 3e-20, 2e-20, 2e-20, -1
-0.605081, -0.296905, 0.245315, 0.05, -0.0481491, -0.0774811, 0.047321, 0.102766, 1003.26, 5218.5, 10, 2e-20, 3e-20, 2e-20, 2e-20, -1
-0.609455, -0.374021, 0.302348, 0.05, -0.00389008, 0.00417139, 0.000570731, 0.00573227, 1005.22, 8344.96, 10, 2e-20, 3e-20, 2e-20, 2e-20, -1
-0.650864, -0.295853, 0.28474, 0.05, 0.109366, 0.08662, 0.00498914, 0.139602, 1006.12, 9790.72, 10, 2e-20, 3e-20, 2e-20, 2e-20, -1
-0.678661, -0.278949, 0.322066, 0.05, 0.32094, -0.00189983, -0.163864, 0.360357, 1003.41, 5461.23, 10, 2e-20, 3e-20, 2e-20, 2e-20, -1
-0.619456, -0.283387, 0.349343, 0.05, -0.0879339, 0.110832, 0.0221395, 0.1432, 1003.76, 6018.27, 10, 2e-20, 3e-20, 2e-20, 2e-20, -1
-0.676927, -0.347088, 0.357464, 0.05, 0.185783, -0.0656881, 0.025713, 0.198724, 998.185, -2904.34, 10, 2e-20, 3e-20, 2e-20, 2e-20, -1
-0.657195, -0.308508, 0.367774, 0.05, 0.0799941, -0.0357629, 0.00509718, 0.0877726, 1005.22, 8345.17, 10, 2e-20, 3e-20, 2e-20, 2e-20, -1
-0.674949, -0.304943, 0.448523, 0.05, 0.0896433, -0.123264, 0.120575, 0.194341, 993.369, -10609.8, 10, 2e-20, 3e-20, 2e-20, 2e-20, -1
-0.678724, -0.319899, 0.497246, 0.05, 0.0581775, -0.119865, 0.0033577, 0.13328, 998.754, -1993.75, 10, 2e-20, 3e-20, 2e-20, 2e-20, -1
-0.693145, -0.400168, 0.53105, 0.05, -0.0729374, 0.0640653, -0.0636284, 0.116072, 1004.61, 7376.98, 10, 2e-20, 3e-20, 2e-20, 2e-20, -1
-0.655383, -0.384531, 0.558034, 0.05, 0.0501975, -0.235431, -0.084941, 0.25527, 1001.47, 2347.46, 10, 2e-20, 3e-20, 2e-20, 2e-20, -1
-0.642248, -0.337534, 0.572558, 0.05, 0.184879, 0.179108, -0.167797, 0.307272, 1000.43, 692.974, 10, 2e-20, 3e-20, 2e-20, 2e-20, -1
-0.639632, -0.321901, 0.625373, 0.05, -0.0787636, 0.0589575, 0.193929, 0.217458, 1000.68, 1091.81, 10, 2e-20, 3e-20, 2e-20, 2e-20, -1
-0.621149, -0.293678, 0.584064, 0.05, -0.00797193, 0.136302, -0.100764, 0.169692, 999.06, -1503.31, 10, 2e-20, 3e-20, 2e-20, 2e-20, -1
-0.635365, -0.264953, 0.61673, 0.05, 0.0267788, 0.0744198, 0.0773695, 0.110641, 1002.57, 4111.98, 10, 2e-20, 3e-20, 2e-20, 2e-20, -1
-0.660265, -0.322073, 0.684467, 0.05, 0.000195649, 0.0189375, -0.0468096, 0.0504956, 1002.73, 4369.18, 10, 2e-20, 3e-20, 2e-20, 2e-20, -1
-0.683337, -0.237426, 0.679455, 0.05, 0.0793371, 0.0354845, -0.0611236, 0.106253, 1006.66, 10652.6, 10, 2e-20, 3e-20, 2e-20, 2e-20, -1
-0.71701, -0.208218, 0.699469, 0.05, -0.0416459, 0.205487, -0.1744, 0.272717, 1005.94, 9510.43, 10, 2e-20, 3e-20, 2e-20, 2e-20, -1
-0.74026, -0.22783, 0.737007, 0.05, -0.180512, -0.00101125, 0.159017, 0.240566, 998.739, -2017.69, 10, 2e-20, 3e-20, 2e-20, 2e-20, -1
-0.669381, -0.34722, 0.77745, 0.05, -0.070433, -0.0618847, 0.191456, 0.21318, 1002.12, 3389.33, 10, 2e-20, 3e-20, 2e-20, 2e-20, -1
-0.661252, -0.268907, 0.719802, 0.05, 0.085862, 0.0668018, -0.0788052, 0.134332, 1003.5, 5602.1, 10, 2e-20, 3e-20, 2e-20, 2e-20, -1
-0.627981, -0.310351, 0.779701, 0.05, -0.013678, -0.102066, 0.0671572, 0.122942, 999.67, -527.476, 10, 2e-20, 3e-20, 2e-20, 2e-20, -1
-0.771828, -0.189397, 0.806438, 0.05, -0.00679526, 0.0221164, -0.039664, 0.0459189, 1004.14, 6617.35, 10, 2e-20, 3e-20, 2e-20, 2e-20, -1
-0.646586, -0.216475, 0.786375, 0.05, 0.0410098, -0.0986969, -0.00621738, 0.107059, 1003.05, 4880.52, 10, 2e-20, 3e-20, 2e-20, 2e-20, -1
-0.682949, -0.274699, 0.903243, 0.05, -0.0559295, -0.0170382, 0.10635, 0.121362, 1002.6, 4162.42, 10, 2e-20, 3e-20, 2e-20, 2e-20, -1
-0.630578, -0.251421, 0.881526, 0.05, -0.082652, -0.0089893, -0.00193644, 0.083162, 1003.06, 4903.24, 10, 2e-20, 3e-20, 2e-20, 2e-20, -1
-0.671401, -0.181307, 0.944581, 0.05, 0.0837372, -0.185693, 0.0576864, 0.211711, 1005.55, 8883.57, 10, 2e-20, 3e-20, 2e-20, 2e-20, -1
-0.602735, -0.235463, 0.9337, 0.05, -0.0436189, 0.0322102, 0.197657, 0.204959, 1001.31, 2100.68, 10, 2e-20, 3e-20, 2e-20, 2e-20, -1
-0.572884, -0.183644, 0.934593, 0.05, -0.0539195, 0.0277831, 0.167485, 0.17813, 1003.5, 5600.08, 10, 2e-20, 3e-20, 2e-20, 2e-20, -1
-0.599579, -0.236636, 0.997348, 0.05, 0.111007, -0.116819, -0.0690256, 0.17531, 998.651, -2158.17, 10, 2e-20, 3e-20, 2e-20, 2e-20, -1
-0.562152, -0.222414, 0.971446, 0.05, -0.0369036, -0.0290205, 0.146631, 0.153964, 1006.43, 10287.2, 10, 2e-20, 3e-20, 2e-20, 2e-20, -1
-0.564405, -0.269143, 1.00425, 0.05, 0.0268749, 0.0592285, -0.116537, 0.133459, 995.965, -6456.77, 10, 2e-20, 3e-20, 2e-20, 2e-20, -1
-0.568122, -0.339061, 1.06308, 0.05, 0.0410429, -0.194904, 0.0587772, 0.20767, 995.81, -6703.74, 10, 2e-20, 3e-20, 2e-20, 2e-20, -1
-0.572825, -0.290806, 1.04316, 0.05, -0.0838517, -0.0964937, 0.0825358, 0.152165, 1003.97, 6351.1, 10, 2e-20, 3e-20, 2e-20, 2e-20, -1
-0.526944, -0.260461, 1.04239, 0.05, 0.18733, 0.0288654, 0.0845858, 0.207558, 996.544, -5529.65, 10, 2e-20, 3e-20, 2e-20, 2e-20, -1
-0.522786, -0.175219, 1.13061, 0.05, 0.153422, 0.0444078, 0.12983, 0.205831, 1002.48, 3963.86, 10, 2e-20, 3e-20, 2e-20, 2e-20, -1
-0.38911, -0.0917071, 1.22854, 0.05, 0.0375006, -0.180115, 0.0949187, 0.20702, 996.385, -5784.06, 10, 2e-20, 3e-20, 2e-20, 2e-20, -1
-0.328108, -0.0674603, 1.3043, 0.05, 0.039689, -0.0108287, 0.234442, 0.238024, 1004.89, 7825.15, 10, 2e-20, 3e-20, 2e-20, 2e-20, -1
-0.311921, -0.0545011, 1.33971, 0.05, 0.00980081, 0.119273, 0.247856, 0.275235, 1000.13, 201.266, 10, 2e-20, 3e-20, 2e-20, 2e-20, -1
-0.290314, -0.193989, 1.34431, 0.05, -0.000380083, 0.0385637, 0.238787, 0.241881, 1003.45, 5526.86, 10, 2e-20, 3e-20, 2e-20, 2e-20, -1
-0.710259, -0.273849, 0.0541441, 0.05, 0.0700532, -0.100979, 0.00475687, 0.122991, 1016.9, 27044.8, 10, 2e-20, 3e-20, 2e-20, 2e-20, -1
-0.773828, -0.307279, 0.0510175, 0.05, 0.0755211, 0.154471, -0.0375877, 0.176004, 1012.92, 20675.7, 10, 2e-20, 3e-20, 2e-20, 2e-20, -1
-0.721884, -0.325104, 0.0539627, 0.05, 0.0220035, -0.0689964, 0.0330671, 0.0796121, 1004.72, 7555.28, 10, 2e-20, 3e-20, 2e-20, 2e-20, -1
-0.727956, -0.2508, 0.107285, 0.05, -0.10979, 0.00267894, 0.059524, 0.124917, 1007.5, 11995, 10, 2e-20, 3e-20, 2e-20, 2e-20, -1
-0.679895, -0.252443, 0.0973334, 0.05, 0.113633, -0.0468627, 0.126079, 0.176081, 1008.32, 13315.9, 10, 2e-20, 3e-20, 2e-20, 2e-20, -1
-0.786892, -0.18342, 0.166564, 0.05, -0.0322432, 0.0855524, -0.047241, 0.10291, 1009.41, 15053.4, 10, 2e-20, 3e-20, 2e-20, 2e-20, -1
-0.704716, -0.239941, 0.155887, 0.05, -0.0346716, -0.0212639, 0.021338, 0.0459303, 1005.19, 8299.86, 10, 2e-20, 3e-20, 2e-20, 2e-20, -1
-0.713413, -0.129469, 0.177626, 0.05, -0.0109077, -0.134247, -0.0903043, 0.16216, 1007.69, 12305.9, 10, 2e-20, 3e-20, 2e-20, 2e-20, -1
-0.664648, -0.259314, 0.181805, 0.05, 0.0787287, -0.0268035, -0.00314388, 0.0832257, 1009.08, 14529.5, 10, 2e-20, 3e-20, 2e-20, 2e-20, -1
-0.717516, -0.187899, 0.186175, 0.05, -0.0328236, -0.044272, 0.134702, 0.14554, 1001.22, 1946.81, 10, 2e-20, 3e-20, 2e-20, 2e-20, -1
-0.615675, -0.280886, 0.201088, 0.05, 0.0435743, -0.0452419, 0.0126527, 0.0640752, 1001.25, 2005.9, 10, 2e-20, 3e-20, 2e-20, 2e-20, -1
-0.653541, -0.232941, 0.223888, 0.05, 0.0124941, -0.0174713, -0.0825441, 0.0852929, 1002.5, 4005.44, 10, 2e-20, 3e-20, 2e-20, 2e-20, -1
-0.660728, -0.28208, 0.231559, 0.05, -0.0243959, -0.143326, 0.0708555, 0.161735, 1007.36, 11782.9, 10, 2e-20, 3e-20, 2e-20, 2e-20, -1
-0.693366, -0.213726, 0.2574, 0.05, -0.152538, -0.0625811, -0.00727298, 0.165037, 1011.02, 17638.5, 10, 2e-20, 3e-20, 2e-20, 2e-20, -1
-0.692512, -0.266457, 0.263934, 0.05, 0.102872, -0.0253972, 0.0919989, 0.140326, 1005.34, 8548.37, 10, 2e-20, 3e-20, 2e-20, 2e-20, -1
-0.663671, -0.234658, 0.291863, 0.05, -0.0624096, -0.198664, 0.0587861, 0.216375, 1002.58, 4135.15, 10, 2e-20, 3e-20, 2e-20, 2e-20, -1
-0.699167, -0.26924, 0.372036, 0.05, 0.0149905, 0.0798705, 0.13759, 0.159797, 1005.17, 8279.38, 10, 2e-20, 3e-20, 2e-20, 2e-20, -1
-0.713064, -0.218861, 0.370707, 0.05, -0.0709584, -0.124843, -0.0583126, 0.154988, 1005.5, 8795.81, 10, 2e-20, 3e-20, 2e-20, 2e-20, -1
-0.657907, -0.274031, 0.407627, 0.05, 0.04026, 0.197411, -0.104242, 0.226844, 1012.8, 20472.6, 10, 2e-20, 3e-20, 2e-20, 2e-20, -1
-0.685516, -0.23082, 0.412828, 0.05, 0.073915, -0.181371, 0.163959, 0.255425, 999.245, -1207.43, 10, 2e-20, 3e-20, 2e-20, 2e-20, -1
-0.63738, -0.290173, 0.485226, 0.05, 0.0241909, -0.00332616, 0.0813624, 0.0849477, 1002.65, 4246.97, 10, 2e-20, 3e-20, 2e-20, 2e-20, -1
-0.703751, -0.314455, 0.540529, 0.05, -0.0270226, 0.1221, -0.133116, 0.182644, 1003.26, 5212.75, 10, 2e-20, 3e-20, 2e-20, 2e-20, -1
-0.672014, -0.255513, 0.58058, 0.05, 0.0377667, 0.0181654, 0.0355712, 0.0549693, 1001.76, 2814.25, 10, 2e-20, 3e-20, 2e-20, 2e-20, -1
-0.633844, -0.260058, 0.55441, 0.05, -0.0797495, -0.0715246, -0.115561, 0.157575, 1006.11, 9770.58, 10, 2e-20, 3e-20, 2e-20, 2e-20, -1
-0.697689, -0.130132, 0.495375, 0.05, -0.030388, -0.0190826, 0.0259295, 0.044271, 1004.21, 6731.38, 10, 2e-20, 3e-20, 2e-20, 2e-20, -1
-0.680946, -0.185256, 0.509984, 0.05, -0.15172, 0.0319029, -0.0748674, 0.172168, 1004.92, 7869.11, 10, 2e-20, 3e-20, 2e-20, 2e-20, -1
-0.688951, -0.215492, 0.558112, 0.05, -0.0371237, 0.0105171, 0.0810948, 0.0898062, 997.521, -3966.08, 10, 2e-20, 3e-20, 2e-20, 2e-20, -1
-0.660467, -0.215118, 0.615227, 0.05, -0.00931834, -0.0516152, 0.0744631, 0.0910809, 998.336, -2661.62, 10, 2e-20, 3e-20, 2e-20, 2e-20, -1
-0.649349, -0.197112, 0.663292, 0.05, -0.144537, 0.0134038, -0.0933663, 0.172592, 1002.96, 4741.15, 10, 2e-20, 3e-20, 2e-20, 2e-20, -1
-0.701078, -0.175338, 0.663244, 0.05, 0.053339, -0.145232, -0.0399743, 0.159798, 1000.27, 425.292, 10, 2e-20, 3e-20, 2e-20, 2e-20, -1
-0.748956, -0.144682, 0.670362, 0.05, 0.00170145, -0.0743687, -0.0483256, 0.0887072, 1007.44, 11897.5, 10, 2e-20, 3e-20, 2e-20, 2e-20, -1
-0.721862, -0.178275, 0.742913, 0.05, 0.00128234, -0.0457649, 0.116959, 0.1256, 1009.31, 14891.8, 10, 2e-20, 3e-20, 2e-20, 2e-20, -1
-0.746626, -0.219675, 0.856523, 0.05, -0.103312, 0.111373, 0.173125, 0.230325, 1008.09, 12937.7, 10, 2e-20, 3e-20, 2e-20, 2e-20, -1
-0.73994, -0.118294, 0.808769, 0.05, 0.0162423, -0.152365, -0.0441904, 0.159473, 1004.77, 7637.77, 10, 2e-20, 3e-20, 2e-20, 2e-20, -1
-0.689136, -0.229734, 0.86681, 0.05, 0.0595873, -0.0292944, 0.0792338, 0.103377, 1002.2, 3512.06, 10, 2e-20, 3e-20, 2e-20, 2e-20, -1
-0.747066, -0.167258, 0.84042, 0.05, 0.0150962, -0.0954091, 0.210989, 0.23205, 1003.99, 6389.39, 10, 2e-20, 3e-20, 2e-20, 2e-20, -1
-0.735184, -0.112148, 0.856929, 0.05, 0.0154702, -0.197177, 0.0589779, 0.206389, 1002.72, 4349.36, 10, 2e-20, 3e-20, 2e-20, 2e-20, -1
-0.711391, -0.153362, 0.878691, 0.05, -0.0504469, -0.0665021, -0.0798388, 0.115506, 1003.96, 6330.02, 10, 2e-20, 3e-20, 2e-20, 2e-20, -1
-0.707921, -0.182232, 0.97959, 0.05, 0.104293, -0.00997775, 0.0162629, 0.106024, 1002.81, 4499.94, 10, 2e-20, 3e-20, 2e-20, 2e-20, -1
-0.667266, -0.177909, 1.02503, 0.05, -0.0366142, 0.02463, 0.0174493, 0.0474522, 997.444, -4090.36, 10, 2e-20, 3e-20, 2e-20, 2e-20, -1
-0.646933, -0.152679, 0.984663, 0.05, 0.057594, -0.168697, -0.0063618, 0.178371, 1010.22, 16359.6, 10, 2e-20, 3e-20, 2e-20, 2e-20, -1
-0.638519, -0.22818, 0.96162, 0.05, -0.0250947, 0.0267878, -0.0559859, 0.0669459, 1002.47, 3952.95, 10, 2e-20, 3e-20, 2e-20, 2e-20, -1
-0.578338, -0.212123, 1.10345, 0.05, 0.203519, -0.087765, 0.123118, 0.253537, 1000, -0.394861, 10, 2e-20, 3e-20, 2e-20, 2e-20, -1
-0.607836, -0.266348, 1.07178, 0.05, -0.0748203, -0.0437154, 0.0357161, 0.093727, 1003.78, 6041.09, 10, 2e-20, 3e-20, 2e-20, 2e-20, -1
-0.573332, -0.233163, 1.053, 0.05, -0.0456225, -0.126624, 0.00567719, 0.134712, 1001.06, 1696.71, 10, 2e-20, 3e-20, 2e-20, 2e-20, -1
-0.563634, -0.154698, 1.10013, 0.05, 0.178198, -0.082544, -0.00680589, 0.196505, 1009.48, 15171.4, 10, 2e-20, 3e-20, 2e-20, 2e-20, -1
-0.489012, -0.141883, 1.14184, 0.05, 0.129166, -0.0309174, 0.0267705, 0.135486, 997.913, -3339.81, 10, 2e-20, 3e-20, 2e-20, 2e-20, -1
-0.459215, -0.0842235, 1.1513, 0.05, 0.0842648, 0.0807108, -0.106245, 0.157806, 1004.34, 6951.91, 10, 2e-20, 3e-20, 2e-20, 2e-20, -1
-0.399491, -0.0698143, 1.26835, 0.05, -0.086572, -0.0522467, 0.186879, 0.212481, 1009.17, 14666.5, 10, 2e-20, 3e-20, 2e-20, 2e-20, -1
-0.314776, 0.0673133, 1.36767, 0.05, -0.0553957, -0.129741, 0.309848, 0.340452, 1001.58, 2523.42, 10, 2e-20, 3e-20, 2e-20, 2e-20, -1
-0.396629, 0.206815, 1.32888, 0.05, 0.170458, -0.215207, -0.0985633, 0.291693, 999.109, -1425.14, 10, 2e-20, 3e-20, 2e-20, 2e-20, -1
-0.649377, -0.123509, 0.0540729, 0.05, 0.48368, 0.137786, -0.115738, 0.516069, 1018.37, 29399.3, 10, 2e-20, 3e-20, 2e-20, 2e-20, -1
-0.72713, -0.20424, 0.0451595, 0.05, -0.278764, 0.071764, 0.075139, 0.297498, 1010.48, 16761.3, 10, 2e-20, 3e-20, 2e-20, 2e-20, -1
-0.723705, -0.1607, 0.10034, 0.05, 0.0668535, -0.0389642, -0.014791, 0.0787806, 1009.52, 15224.4, 10, 2e-20, 3e-20, 2e-20, 2e-20, -1
-0.742554, -0.0955243, 0.0849679, 0.05, -0.270748, -0.0148008, 0.257439, 0.373896, 1007.59, 12151.8, 10, 2e-20, 3e-20, 2e-20, 2e-20, -1
-0.69192, -0.116313, 0.0980433, 0.05, 0.00966643, 0.00726379, -0.136274, 0.13681, 1008.18, 13095.1, 10, 2e-20, 3e-20, 2e-20, 2e-20, -1
-0.767192, -0.187392, 0.110304, 0.05, -0.108548, -0.0337421, -0.0588544, 0.128004, 1009.86, 15781.4, 10, 2e-20, 3e-20, 2e-20, 2e-20, -1
-0.738571, -0.163514, 0.149953, 0.05, -0.157272, 0.0876411, 0.143455, 0.230206, 1001.37, 2187.21, 10, 2e-20, 3e-20, 2e-20, 2e-20, -1
-0.712899, -0.0677314, 0.112867, 0.05, -0.0585584, 0.124978, 0.0224216, 0.139826, 1001.51, 2422.14, 10, 2e-20, 3e-20, 2e-20, 2e-20, -1
-0.742676, -0.0841239, 0.173969, 0.05, -0.0690949, 0.299258, -0.248855, 0.395295, 1011.08, 17725.7, 10, 2e-20, 3e-20, 2e-20, 2e-20, -1
-0.722465, -0.134034, 0.22314, 0.05, -0.0011601, -0.156976, 0.0221783, 0.158539, 1005.73, 9164, 10, 2e-20, 3e-20, 2e-20, 2e-20, -1
-0.742393, -0.201906, 0.283038, 0.05, 0.00427347, 0.092507, 0.0778871, 0.121005, 1005.36, 8574.45, 10, 2e-20, 3e-20, 2e-20, 2e-20, -1
-0.78553, -0.118632, 0.272651, 0.05, -0.157712, -0.122062, -0.0516326, 0.206005, 1010.36, 16582, 10, 2e-20, 3e-20, 2e-20, 2e-20, -1
-0.754337, -0.0882973, 0.285472, 0.05, 0.124491, 0.123591, -0.00136084, 0.175427, 1006.01, 9616.29, 10, 2e-20, 3e-20, 2e-20, 2e-20, -1
-0.711087, -0.165698, 0.264149, 0.05, 0.0514462, -0.0835671, 0.0449641, 0.107944, 1011.73, 18765.4, 10, 2e-20, 3e-20, 2e-20, 2e-20, -1
-0.730914, -0.190009, 0.333049, 0.05, -0.11808, 0.151228, -0.08966, 0.211782, 1006.41, 10262, 10, 2e-20, 3e-20, 2e-20, 2e-20, -1
-0.72396, -0.0971456, 0.360259, 0.05, 0.079357, 0.0145994, -0.0376962, 0.08906, 1011.29, 18063.7, 10, 2e-20, 3e-20, 2e-20, 2e-20, -1
-0.707663, -0.181328, 0.400154, 0.05, 0.0021914, 0.213384, -0.0598356, 0.221626, 1004.65, 7439.42, 10, 2e-20, 3e-20, 2e-20, 2e-20, -1
-0.725917, -0.103037, 0.406158, 0.05, 0.0827219, -0.0806931, 0.0115361, 0.116135, 1000.47, 755.941, 10, 2e-20, 3e-20, 2e-20, 2e-20, -1
-0.720278, -0.180063, 0.447161, 0.05, 0.147361, -0.0076058, 0.0340716, 0.15144, 1001.07, 1715.39, 10, 2e-20, 3e-20, 2e-20, 2e-20, -1
-0.699664, -0.276609, 0.480885, 0.05, -0.0703911, 0.00341526, -0.00129646, 0.0704859, 1004.18, 6694.79, 10, 2e-20, 3e-20, 2e-20, 2e-20, -1
-0.6817, -0.203044, 0.455668, 0.05, 0.0925173, -0.116301, 0.0318465, 0.151985, 994.739, -8418.06, 10, 2e-20, 3e-20, 2e-20, 2e-20, -1
-0.743638, -0.292063, 0.488673, 0.05, -0.0473296, -0.10824, -0.0619106, 0.133375, 1005.67, 9072.57, 10, 2e-20, 3e-20, 2e-20, 2e-20, -1
-0.709548, -0.12317, 0.448861, 0.05, 0.0592869, -0.0368128, -0.114614, 0.134188, 1006.13, 9810.35, 10, 2e-20, 3e-20, 2e-20, 2e-20, -1
-0.678214, -0.234118, 0.504009, 0.05, 0.0852845, -0.000765459, -0.134341, 0.159128, 1007.67, 12275.8, 10, 2e-20, 3e-20, 2e-20, 2e-20, -1
-0.695461, -0.0729695, 0.52162, 0.05, -0.147261, -0.0614338, -0.0580643, 0.169798, 1006.76, 10809.2, 10, 2e-20, 3e-20, 2e-20, 2e-20, -1
-0.666033, -0.093642, 0.559997, 0.05, 0.0487139, -0.22491, -0.0144909, 0.23058, 1000.55, 878.628, 10, 2e-20, 3e-20, 2e-20, 2e-20, -1
-0.693085, -0.144663, 0.579662, 0.05, -0.229991, 0.151009, -0.14108, 0.309197, 1006.42, 10278.6, 10, 2e-20, 3e-20, 2e-20, 2e-20, -1
-0.724714, -0.0633724, 0.570917, 0.05, 0.0262724, -0.018701, -0.0442784, 0.0547772, 1008.15, 13042.4, 10, 2e-20, 3e-20, 2e-20, 2e-20, -1
-0.705266, -0.13445, 0.632692, 0.05, -0.00306775, 0.0367054, 0.0031445, 0.0369674, 1008.04, 12861.4, 10, 2e-20, 3e-20, 2e-20, 2e-20, -1
-0.725359, -0.103452, 0.677198, 0.05, 0.030979, 0.0708636, 0.0287176, 0.0824988, 1008.23, 13161.8, 10, 2e-20, 3e-20, 2e-20, 2e-20, -1
-0.6802, -0.0961161, 0.656207, 0.05, -0.0230041, -0.0448214, 0.0151019, 0.0525948, 1006.78, 10853.2, 10, 2e-20, 3e-20, 2e-20, 2e-20, -1
-0.739029, -0.0878846, 0.726385, 0.05, 0.062858, -0.102484, 0.0118754, 0.12081, 999.62, -607.722, 10, 2e-20, 3e-20, 2e-20, 2e-20, -1
-0.779672, -0.0901845, 0.759949, 0.05, 0.0194017, 0.0862184, -0.130906, 0.157945, 1001.72, 2746.15, 10, 2e-20, 3e-20, 2e-20, 2e-20, -1
-0.723895, -0.00342661, 0.816059, 0.05, 0.096964, -0.142357, -0.0919153, 0.195233, 994.146, -9365.61, 10, 2e-20, 3e-20, 2e-20, 2e-20, -1
-0.774047, -0.0848967, 0.881711, 0.05, 0.0406961, -0.117118, -0.00229552, 0.124008, 995.051, -7917.62, 10, 2e-20, 3e-20, 2e-20, 2e-20, -1
-0.766809, 0.00900255, 0.912437, 0.05, 0.130006, -0.113041, -0.0966254, 0.197526, 1006.66, 10657.6, 10, 2e-20, 3e-20, 2e-20, 2e-20, -1
-0.750734, -0.0724562, 0.925936, 0.05, -0.0129244, -0.227076, 0.0588632, 0.234937, 1005.72, 9155.25, 10, 2e-20, 3e-20, 2e-20, 2e-20, -1
-0.718727, -0.110318, 0.907875, 0.05, 0.109148, -0.120469, 0.0290986, 0.165144, 1010.3, 16474, 10, 2e-20, 3e-20, 2e-20, 2e-20, -1
-0.701634, -0.137814, 0.946756, 0.05, 0.0441713, -0.0827868, 0.0780197, 0.122032, 1002.16, 3450.96, 10, 2e-20, 3e-20, 2e-20, 2e-20, -1
-0.666275, -0.0971305, 0.962559, 0.05, 0.026341, 0.0400646, -0.105263, 0.115669, 1006.56, 10503.6, 10, 2e-20, 3e-20, 2e-20, 2e-20, -1
-0.685761, -0.177472, 1.06949, 0.05, 0.075006, 0.036076, -0.0643566, 0.10521, 1000.79, 1264.26, 10, 2e-20, 3e-20, 2e-20, 2e-20, -1
-0.65372, -0.19522, 1.10996, 0.05, 0.0895579, -0.0101037, -0.0206752, 0.0924671, 1010.29, 16458.3, 10, 2e-20, 3e-20, 2e-20, 2e-20, -1
-0.638782, -0.149266, 1.06061, 0.05, -0.00324815, -0.194942, 0.0978785, 0.218159, 997.201, -4477.83, 10, 2e-20, 3e-20, 2e-20, 2e-20, -1
-0.594601, -0.177249, 1.05977, 0.05, -0.0108419, 0.0465655, -0.0360857, 0.0599005, 997.541, -3933.7, 10, 2e-20, 3e-20, 2e-20, 2e-20, -1
-0.653643, -0.119343, 1.01639, 0.05, 0.148169, -0.201734, 0.0416428, 0.253741, 1007.3, 11672.6, 10, 2e-20, 3e-20, 2e-20, 2e-20, -1
-0.600392, -0.13422, 1.02777, 0.05, 0.00242657, -0.0467505, -0.0575685, 0.0741999, 1000.56, 895.99, 10, 2e-20, 3e-20, 2e-20, 2e-20, -1
-0.525764, -0.125077, 1.07779, 0.05, 0.205806, -0.150903, 0.00615186, 0.255275, 992.126, -12598.2, 10, 2e-20, 3e-20, 2e-20, 2e-20, -1
-0.521289, -0.0688295, 1.08449, 0.05, 0.0155905, 0.0171507, 0.106976, 0.109458, 1003.64, 5824.16, 10, 2e-20, 3e-20, 2e-20, 2e-20, -1
-0.480984, -0.0422162, 1.1635, 0.05, 0.0885512, -0.147614, -0.253091, 0.306082, 995.828, -6674.72, 10, 2e-20, 3e-20, 2e-20, 2e-20, -1
-0.33744, -0.00720614, 1.2716, 0.05, 0.00409725, -0.0511276, 0.205588, 0.21189, 995.192, -7693, 10, 2e-20, 3e-20, 2e-20, 2e-20, -1
-0.338642, -0.088631, 1.36197, 0.05, 0.0373151, -0.024801, 0.156763, 0.16304, 997.778, -3554.81, 10, 2e-20, 3e-20, 2e-20, 2e-20, -1
-0.742672, -0.0610143, 0.0491023, 0.05, -0.0902077, 0.115594, 0.167919, 0.222926, 1014.19, 22698.6, 10, 2e-20, 3e-20, 2e-20, 2e-20, -1
-0.747531, -0.138857, 0.0521282, 0.05, -0.116493, 0.0250566, -0.135854, 0.180706, 1008.46, 13541.8, 10, 2e-20, 3e-20, 2e-20, 2e-20, -1
-0.781232, -0.0999611, 0.0488437, 0.05, -0.0730354, -0.0435522, 0.138747, 0.162732, 1006.5, 10392.7, 10, 2e-20, 3e-20, 2e-20, 2e-20, -1
-0.867201, -0.0514173, 0.0777502, 0.05, -0.265643, -0.00237487, 0.0916928, 0.281032, 1005.26, 8422.12, 10, 2e-20, 3e-20, 2e-20, 2e-20, -1
-0.812963, -0.104018, 0.0997395, 0.05, -0.0325197, 0.128757, 0.0153943, 0.133689, 1006.31, 10098.9, 10, 2e-20, 3e-20, 2e-20, 2e-20, -1
-0.728616, -0.113902, 0.130014, 0.05, -0.198744, -0.0360354, -0.0661586, 0.212543, 1008.51, 13615.2, 10, 2e-20, 3e-20, 2e-20, 2e-20, -1
-0.769034, -0.0797698, 0.122957, 0.05, -0.0460329, 0.134785, 0.0370887, 0.147179, 1008.44, 13512, 10, 2e-20, 3e-20, 2e-20, 2e-20, -1
-0.779001, -0.043991, 0.155267, 0.05, 0.118757, -2.78745e-05, 0.0377418, 0.12461, 1002.05, 3282.13, 10, 2e-20, 3e-20, 2e-20, 2e-20, -1
-0.777392, -0.00403669, 0.186401, 0.05, 0.0245721, 0.103939, -0.252784, 0.27442, 1015.52, 24838.3, 10, 2e-20, 3e-20, 2e-20, 2e-20, -1
-0.759724, -0.100906, 0.234041, 0.05, -0.256629, 0.0978474, 0.0153627, 0.275079, 1008.87, 14199.3, 10, 2e-20, 3e-20, 2e-20, 2e-20, -1
-0.759656, -0.055717, 0.2151, 0.05, -0.0597797, 0.0285606, 0.052063, 0.0842608, 1003.18, 5089.19, 10, 2e-20, 3e-20, 2e-20, 2e-20, -1
-0.770978, -0.0357923, 0.265693, 0.05, -0.138574, -0.0288185, -0.032704, 0.145268, 1003.47, 5558.7, 10, 2e-20, 3e-20, 2e-20, 2e-20, -1
-0.712839, -0.112979, 0.293021, 0.05, 0.0162532, -0.0165091, 0.0270533, 0.0356174, 1009.16, 14661.2, 10, 2e-20, 3e-20, 2e-20, 2e-20, -1
-0.700362, -0.0704807, 0.324302, 0.05, -0.0690064, -0.0785724, 0.00263066, 0.104606, 1010.96, 17535.2, 10, 2e-20, 3e-20, 2e-20, 2e-20, -1
-0.69468, -0.157353, 0.314726, 0.05, -0.15042, -0.0209965, -0.0321337, 0.15524, 1009.31, 14900.6, 10, 2e-20, 3e-20, 2e-20, 2e-20, -1
-0.739403, 0.0106698, 0.328191, 0.05, -0.114822, -0.098276, -0.0975733, 0.179897, 1003, 4805.26, 10, 2e-20, 3e-20, 2e-20, 2e-20, -1
-0.742952, -0.0426721, 0.415044, 0.05, 0.00578362, -0.0525826, -0.0311687, 0.0613992, 1010.49, 16787.9, 10, 2e-20, 3e-20, 2e-20, 2e-20, -1
-0.741472, 0.0347128, 0.373058, 0.05, -0.106978, -0.144426, -0.285128, 0.337048, 1004.31, 6895.64, 10, 2e-20, 3e-20, 2e-20, 2e-20, -1
-0.747362, -0.00757962, 0.465248, 0.05, 0.154771, 0.185499, -0.195464, 0.310757, 1008.43, 13495.4, 10, 2e-20, 3e-20, 2e-20, 2e-20, -1
-0.716477, -0.0689105, 0.445368, 0.05, 0.0566594, 0.00643452, -0.0276412, 0.0633698, 1007.82, 12518.5, 10, 2e-20, 3e-20, 2e-20, 2e-20, -1
-0.707622, 0.00083918, 0.438222, 0.05, 0.00762441, 0.0413259, 0.00858885, 0.042892, 1005.19, 8307.42, 10, 2e-20, 3e-20, 2e-20, 2e-20, -1
-0.73707, -0.0344613, 0.512985, 0.05, 0.138027, -0.015784, 0.0623633, 0.152282, 1006.36, 10182.5, 10, 2e-20, 3e-20, 2e-20, 2e-20, -1
-0.710582, 0.041873, 0.483228, 0.05, -0.00556194, 0.168085, -0.179666, 0.246096, 1007.35, 11764.7, 10, 2e-20, 3e-20, 2e-20, 2e-20, -1
-0.745499, -0.0111704, 0.557124, 0.05, 0.0028298, -0.179453, -0.120955, 0.216429, 1002.6, 4161.28, 10, 2e-20, 3e-20, 2e-20, 2e-20, -1
-0.764907, 0.0350697, 0.562222, 0.05, -0.0764461, 0.107823, -0.124133, 0.181326, 1004.43, 7081.47, 10, 2e-20, 3e-20, 2e-20, 2e-20, -1
-0.697842, -0.0317122, 0.55946, 0.05, -0.0480441, 0.176264, -0.107602, 0.212027, 1004.79, 7667.88, 10, 2e-20, 3e-20, 2e-20, 2e-20, -1
-0.7191, -0.0253453, 0.623099, 0.05, -0.262855, -0.0214412, -0.0844497, 0.276919, 1005.97, 9546.08, 10, 2e-20, 3e-20, 2e-20, 2e-20, -1
-0.717809, 0.00627332, 0.664205, 0.05, -0.145742, -0.228777, -0.0072894, 0.271354, 1005.19, 8305.28, 10, 2e-20, 3e-20, 2e-20, 2e-20, -1
-0.758734, -0.0618064, 0.672932, 0.05, -0.0142332, -0.100158, -0.306111, 0.322394, 1000.89, 1429.07, 10, 2e-20, 3e-20, 2e-20, 2e-20, -1
-0.759522, 0.00610989, 0.771734, 0.05, 0.0475583, -0.143972, 0.0260444, 0.153844, 998.264, -2776.85, 10, 2e-20, 3e-20, 2e-20, 2e-20, -1
-0.734748, 0.0289233, 0.708717, 0.05, 0.0454116, 0.0199118, -0.0196082, 0.0533214, 1001.3, 2087.02, 10, 2e-20, 3e-20, 2e-20, 2e-20, -1
-0.711976, 0.0444201, 0.812388, 0.05, -0.0393101, -0.096797, -0.219256, 0.242875, 1000.21, 339.872, 10, 2e-20, 3e-20, 2e-20, 2e-20, -1
-0.708981, -0.00497716, 0.758503, 0.05, 0.0663216, 0.180373, -0.00422539, 0.192226, 1008.25, 13193, 10, 2e-20, 3e-20, 2e-20, 2e-20, -1
-0.729734, 0.0549267, 0.860716, 0.05, -0.0513395, 0.0136131, -0.137802, 0.147684, 997.941, -3294.38, 10, 2e-20, 3e-20, 2e-20, 2e-20, -1
-0.748799, -0.0629709, 0.853343, 0.05, 0.0301524, -0.0706064, 0.00483339, 0.0769272, 994.468, -8850.98, 10, 2e-20, 3e-20, 2e-20, 2e-20, -1
-0.79136, 0.0563906, 0.914607, 0.05, 0.0619529, -0.109663, -0.26953, 0.297507, 1002, 3201.24, 10, 2e-20, 3e-20, 2e-20, 2e-20, -1
-0.740035, -0.0223755, 0.946728, 0.05, -0.0370395, -0.0476986, -0.251879, 0.259017, 1003.55, 5685.6, 10, 2e-20, 3e-20, 2e-20, 2e-20, -1
-0.6444, -0.134705, 0.938512, 0.05, -0.0104958, -0.0963854, -0.00474397, 0.0970712, 998.742, -2013.33, 10, 2e-20, 3e-20, 2e-20, 2e-20, -1
-0.69768, -0.0174635, 0.961441, 0.05, 0.122523, -0.056448, -0.125545, 0.184282, 999.401, -958.661, 10, 2e-20, 3e-20, 2e-20, 2e-20, -1
-0.711504, -0.0570858, 0.978703, 0.05, 0.191441, -0.368673, -0.0212447, 0.415957, 1000.2, 327.756, 10, 2e-20, 3e-20, 2e-20, 2e-20, -1
-0.665989, -0.011117, 0.989917, 0.05, 0.0320274, -0.28312, 0.0831478, 0.29681, 1006.76, 10820, 10, 2e-20, 3e-20, 2e-20, 2e-20, -1
-0.675555, -0.103257, 1.04553, 0.05, 0.093847, -0.11121, 0.0324427, 0.149088, 1003.61, 5781.21, 10, 2e-20, 3e-20, 2e-20, 2e-20, -1
-0.655749, -0.0500525, 0.961959, 0.05, 0.0733113, -0.252756, -0.10787, 0.284423, 1002.29, 3667.27, 10, 2e-20, 3e-20, 2e-20, 2e-20, -1
-0.641546, -0.065341, 1.00586, 0.05, 0.0680822, -0.0635887, -0.155447, 0.181225, 1004.98, 7966.59, 10, 2e-20, 3e-20, 2e-20, 2e-20, -1
-0.611229, -0.0178926, 0.998007, 0.05, 0.243764, -0.223479, 0.171103, 0.372344, 998.638, -2179.94, 10, 2e-20, 3e-20, 2e-20, 2e-20, -1
-0.589093, -0.0765604, 1.02207, 0.05, 0.212388, -0.0183542, -0.105891, 0.23803, 1005.52, 8835.28, 10, 2e-20, 3e-20, 2e-20, 2e-20, -1
-0.528909, -0.0348685, 1.0445, 0.05, -0.0255295, -0.0186232, 0.0248034, 0.0401719, 1005.54, 8859.66, 10, 2e-20, 3e-20, 2e-20, 2e-20, -1
-0.500799, -0.0226072, 1.11156, 0.05, 0.0261337, -0.141555, 0.187495, 0.236379, 1004.06, 6493.82, 10, 2e-20, 3e-20, 2e-20, 2e-20, -1
-0.434555, -0.00184875, 1.18585, 0.05, 0.236192, -0.0686339, -0.155974, 0.291248, 996.842, -5052.9, 10, 2e-20, 3e-20, 2e-20, 2e-20, -1
-0.359596, 0.0269467, 1.25389, 0.05, -0.0995493, 0.0734897, 0.174285, 0.213743, 1005.56, 8890.14, 10, 2e-20, 3e-20, 2e-20, 2e-20, -1
-0.316129, 0.173659, 1.36822, 0.05, 0.152388, -0.170976, 0.343771, 0.413078, 1001.86, 2971.33, 10, 2e-20, 3e-20, 2e-20, 2e-20, -1
-0.753667, 0.0333044, 0.0504495, 0.05, -0.329953, -0.048832, -0.134206, 0.359534, 1016.73, 26774.5, 10, 2e-20, 3e-20, 2e-20, 2e-20, -1
-0.745789, 0.0876792, 0.0489807, 0.05, 0.453646, 0.146392, 0.604036, 0.76947, 1009.11, 14582, 10, 2e-20, 3e-20, 2e-20, 2e-20, -1
-0.810146, 0.0647783, 0.111829, 0.05, 0.0659742, 0.176906, -0.147642, 0.23968, 1014.34, 22947.8, 10, 2e-20, 3e-20, 2e-20, 2e-20, -1
-0.801642, 0.0252353, 0.0684476, 0.05, -0.153873, 0.21307, 0.0601568, 0.269619, 1006.05, 9683.29, 10, 2e-20, 3e-20, 2e-20, 2e-20, -1
-0.763095, 0.029349, 0.10816, 0.05, -0.0556252, 0.163669, 0.0449152, 0.178603, 1012.4, 19838.2, 10, 2e-20, 3e-20, 2e-20, 2e-20, -1
-0.799444, 0.0839204, 0.154103, 0.05, 0.242408, 0.0494912, -0.0708492, 0.257353, 1016.13, 25804.7, 10, 2e-20, 3e-20, 2e-20, 2e-20, -1
-0.786441, -0.00645624, 0.110898, 0.05, -0.0616395, 0.238875, -0.159838, 0.293954, 1014.49, 23184.7, 10, 2e-20, 3e-20, 2e-20, 2e-20, -1
-0.794258, 0.0312242, 0.150677, 0.05, -0.0601352, 0.0155724, 0.320224, 0.326193, 1015.16, 24250.1, 10, 2e-20, 3e-20, 2e-20, 2e-20, -1
-0.755391, 0.0653313, 0.163926, 0.05, 0.00114433, 0.235441, 0.142561, 0.27524, 1008.44, 13506.2, 10, 2e-20, 3e-20, 2e-20, 2e-20, -1
-0.749486, 0.0907542, 0.208162, 0.05, 0.113946, -0.139582, -0.387633, 0.427465, 1014.92, 23877.5, 10, 2e-20, 3e-20, 2e-20, 2e-20, -1
-0.752993, 0.0291084, 0.213323, 0.05, -0.208648, 0.28334, 0.0152588, 0.352205, 1015.31, 24488.9, 10, 2e-20, 3e-20, 2e-20, 2e-20, -1
-0.727325, -0.0447653, 0.289137, 0.05, -0.0228338, 0.147682, -0.0832512, 0.171062, 1004.98, 7973.22, 10, 2e-20, 3e-20, 2e-20, 2e-20, -1
-0.760405, 0.0144713, 0.26484, 0.05, -0.0823106, 0.330426, -0.182922, 0.386545, 1006.83, 10925.8, 10, 2e-20, 3e-20, 2e-20, 2e-20, -1
-0.777124, -0.0280328, 0.314891, 0.05, 0.0524974, 0.135724, -0.0273325, 0.148068, 1009.18, 14689.7, 10, 2e-20, 3e-20, 2e-20, 2e-20, -1
-0.773337, 0.070458, 0.295409, 0.05, -0.0108387, -0.0413457, -0.433096, 0.4352, 1009.4, 15033.7, 10, 2e-20, 3e-20, 2e-20, 2e-20, -1
-0.786119, 0.0125234, 0.30775, 0.05, -0.0234273, 0.107262, 0.123358, 0.16514, 1003.48, 5575.3, 10, 2e-20, 3e-20, 2e-20, 2e-20, -1
-0.781747, 0.0499872, 0.343933, 0.05, -0.111272, -0.159467, 0.0833796, 0.211573, 1000.69, 1105.9, 10, 2e-20, 3e-20, 2e-20, 2e-20, -1
-0.776248, 0.0728436, 0.420944, 0.05, -0.166272, 0.172701, -0.103006, 0.260925, 1010.87, 17394.7, 10, 2e-20, 3e-20, 2e-20, 2e-20, -1
-0.750155, 0.00832025, 0.41767, 0.05, -0.0609209, 0.0086599, 0.118643, 0.13365, 1002.26, 3608.53, 10, 2e-20, 3e-20, 2e-20, 2e-20, -1
-0.701077, 0.066477, 0.372538, 0.05, 0.0376219, 0.079245, 0.0277746, 0.0920142, 1005.26, 8414.26, 10, 2e-20, 3e-20, 2e-20, 2e-20, -1
-0.721538, 0.0515626, 0.417478, 0.05, 0.118586, -0.0896309, 0.0478698, 0.156166, 999.61, -623.816, 10, 2e-20, 3e-20, 2e-20, 2e-20, -1
-0.707387, 0.091341, 0.496894, 0.05, -0.109286, 0.123407, -0.269782, 0.316157, 1003.7, 5927.88, 10, 2e-20, 3e-20, 2e-20, 2e-20, -1
-0.73872, 0.108284, 0.530186, 0.05, 0.0254587, -0.314175, -0.370551, 0.486479, 1002.47, 3944.47, 10, 2e-20, 3e-20, 2e-20, 2e-20, -1
-0.777358, 0.0689734, 0.524549, 0.05, 0.0767487, 0.165233, -0.115314, 0.215615, 1009.23, 14769.2, 10, 2e-20, 3e-20, 2e-20, 2e-20, -1
-0.745922, 0.0217572, 0.621157, 0.05, -0.0487681, -0.357632, 0.00437915, 0.360968, 994.728, -8434.82, 10, 2e-20, 3e-20, 2e-20, 2e-20, -1
-0.692418, 0.0857183, 0.54898, 0.05, -0.0305591, -0.067465, 0.0100266, 0.074739, 1009.26, 14820.4, 10, 2e-20, 3e-20, 2e-20, 2e-20, -1
-0.722924, 0.0637444, 0.581569, 0.05, -0.00109019, 0.166097, -0.0414047, 0.171184, 1005.12, 8185.91, 10, 2e-20, 3e-20, 2e-20, 2e-20, -1
-0.787198, 0.0426641, 0.611185, 0.05, 0.0362881, 0.0896174, 0.0658082, 0.116957, 1004.92, 7869.8, 10, 2e-20, 3e-20, 2e-20, 2e-20, -1
-0.78648, 0.0554691, 0.786164, 0.05, -0.0799261, -0.113131, 0.0988629, 0.170178, 1004.54, 7271.5, 10, 2e-20, 3e-20, 2e-20, 2e-20, -1
-0.772181, 0.113556, 0.726143, 0.05, 0.0497755, -0.0733233, -0.00311029, 0.0886768, 1000.03, 47.9655, 10, 2e-20, 3e-20, 2e-20, 2e-20, -1
-0.780985, 0.0798812, 0.858533, 0.05, 0.0478371, -0.177003, -0.208436, 0.277604, 1004.97, 7945.19, 10, 2e-20, 3e-20, 2e-20, 2e-20, -1
-0.736464, 0.0975466, 0.822125, 0.05, -0.0299023, -0.0576949, -0.143906, 0.157898, 1006.77, 10824.8, 10, 2e-20, 3e-20, 2e-20, 2e-20, -1
-0.723719, 0.102983, 0.8722, 0.05, 0.188364, 0.0347901, -0.32859, 0.380346, 1010.87, 17386.6, 10, 2e-20, 3e-20, 2e-20, 2e-20, -1
-0.703305, 0.150201, 0.8786, 0.05, 0.0673795, -0.239583, -0.186746, 0.311149, 1005.63, 9004.64, 10, 2e-20, 3e-20, 2e-20, 2e-20, -1
-0.694795, 0.111173, 0.917411, 0.05, 0.0171343, 0.0538744, -0.213306, 0.22067, 995.965, -6456.38, 10, 2e-20, 3e-20, 2e-20, 2e-20, -1
-0.729661, 0.109272, 0.949535, 0.05, 0.030901, -0.200734, 0.0361038, 0.206282, 1003.24, 5179.2, 10, 2e-20, 3e-20, 2e-20, 2e-20, -1
-0.71509, 0.0730203, 0.929369, 0.05, 0.043508, -0.229194, 0.0621036, 0.241412, 999.617, -613.401, 10, 2e-20, 3e-20, 2e-20, 2e-20, -1
-0.687241, 0.088815, 0.970653, 0.05, -0.0423609, -0.291465, -0.0957035, 0.309686, 999.659, -545.464, 10, 2e-20, 3e-20, 2e-20, 2e-20, -1
-0.698422, 0.0348255, 0.970737, 0.05, 0.0180419, 0.0684933, -0.12481, 0.143507, 1014.45, 23116.7, 10, 2e-20, 3e-20, 2e-20, 2e-20, -1
-0.694702, 0.0517475, 1.0195, 0.05, 0.00841205, -0.108837, -0.180107, 0.210606, 994.601, -8638.62, 10, 2e-20, 3e-20, 2e-20, 2e-20, -1
-0.655565, 0.0696306, 1.0761, 0.05, 0.443924, -0.293299, 0.0589409, 0.535319, 1001.88, 3012.85, 10, 2e-20, 3e-20, 2e-20, 2e-20, -1
-0.653445, 0.0280246, 1.01333, 0.05, 0.0754349, -0.0969178, 0.138711, 0.185268, 999.885, -183.288, 10, 2e-20, 3e-20, 2e-20, 2e-20, -1
-0.623489, 0.0939896, 1.06573, 0.05, 0.0537683, -0.0827416, -0.0526638, 0.111851, 1005.67, 9065.08, 10, 2e-20, 3e-20, 2e-20, 2e-20, -1
-0.632999, -0.00318507, 1.04223, 0.05, 0.0570085, -0.0553983, 0.0471937, 0.0924456, 1002.31, 3688.5, 10, 2e-20, 3e-20, 2e-20, 2e-20, -1
-0.608607, 0.0382688, 1.0515, 0.05, -0.0467201, -0.216486, -0.0471627, 0.226436, 1003.34, 5342.03, 10, 2e-20, 3e-20, 2e-20, 2e-20, -1
-0.544903, 0.00399457, 1.1096, 0.05, 0.239881, -0.0356868, -0.0521283, 0.24806, 997.086, -4662.15, 10, 2e-20, 3e-20, 2e-20, 2e-20, -1
-0.513281, 0.0419776, 1.13224, 0.05, 0.0415739, -0.0509005, -0.0135723, 0.0671078, 1003.67, 5864.95, 10, 2e-20, 3e-20, 2e-20, 2e-20, -1
-0.460617, 0.0398128, 1.16734, 0.05, 0.0306872, -0.0764384, 0.175025, 0.193438, 997.038, -4738.68, 10, 2e-20, 3e-20, 2e-20, 2e-20, -1
-0.406656, 0.0460247, 1.20795, 0.05, 0.069636, 0.0257483, 0.0195937, 0.0767858, 996.509, -5585.46, 10, 2e-20, 3e-20, 2e-20, 2e-20, -1
-0.391387, 0.1041, 1.29626, 0.05, 0.0484823, -0.0291787, 0.24692, 0.25332, 992.531, -11949.9, 10, 2e-20, 3e-20, 2e-20, 2e-20, -1
-0.280032, 0.153274, 1.3267, 0.05, 0.0789397, -0.132426, 0.119014, 0.194762, 1000.2, 327.408, 10, 2e-20, 3e-20, 2e-20, 2e-20, -1
-0.774786, 0.165719, 0.0510343, 0.05, -0.463619, 0.123532, -0.275775, 0.553403, 1012.91, 20654.6, 10, 2e-20, 3e-20, 2e-20, 2e-20, -1
-0.806792, 0.18819, 0.080971, 0.05, -0.251225, -0.0013047, -0.194155, 0.317509, 1003.87, 6189.15, 10, 2e-20, 3e-20, 2e-20, 2e-20, -1
-0.779916, 0.166364, 0.109875, 0.05, -0.314917, 0.173393, 0.0413636, 0.361869, 1011.82, 18919.4, 10, 2e-20, 3e-20, 2e-20, 2e-20, -1
-0.797301, 0.119984, 0.106279, 0.05, -0.489002, -0.165928, 0.266397, 0.581052, 992.351, -12238.7, 10, 2e-20, 3e-20, 2e-20, 2e-20, -1
-0.736755, 0.0785469, 0.116514, 0.05, -0.0704669, 0.152942, 0.0337885, 0.171751, 1010.51, 16818.4, 10, 2e-20, 3e-20, 2e-20, 2e-20, -1
-0.754687, 0.229742, 0.148008, 0.05, -0.0106826, -0.0292986, 0.132796, 0.136409, 1010.33, 16532.5, 10, 2e-20, 3e-20, 2e-20, 2e-20, -1
-0.787156, 0.210732, 0.191667, 0.05, -0.382863, -0.044655, 0.122298, 0.404395, 999.209, -1265.89, 10, 2e-20, 3e-20, 2e-20, 2e-20, -1
-0.764575, 0.17367, 0.161418, 0.05, -9.34725e-05, 0.427366, 0.159863, 0.456287, 1003.13, 5013.77, 10, 2e-20, 3e-20, 2e-20, 2e-20, -1
-0.718722, 0.135711, 0.150176, 0.05, -0.180179, -0.0910719, 0.328741, 0.385784, 1002, 3194.63, 10, 2e-20, 3e-20, 2e-20, 2e-20, -1
-0.700291, 0.094588, 0.173951, 0.05, -0.240112, -0.0162404, 0.362547, 0.435153, 1002.87, 4596.38, 10, 2e-20, 3e-20, 2e-20, 2e-20, -1
-0.714504, 0.127673, 0.209901, 0.05, -0.127536, -0.217669, -0.365031, 0.443726, 1010.64, 17023.5, 10, 2e-20, 3e-20, 2e-20, 2e-20, -1
-0.716956, 0.063758, 0.23632, 0.05, -0.376129, -0.0564623, 0.0126877, 0.380555, 1012.46, 19941.9, 10, 2e-20, 3e-20, 2e-20, 2e-20, -1
-0.765065, 0.0666128, 0.248941, 0.05, -0.0194182, -0.174168, -0.132883, 0.219931, 990.995, -14408.4, 10, 2e-20, 3e-20, 2e-20, 2e-20, -1
-0.762731, 0.147737, 0.307089, 0.05, 0.142082, -0.149964, -0.223901, 0.304644, 1013.83, 22126.5, 10, 2e-20, 3e-20, 2e-20, 2e-20, -1
-0.77082, 0.141558, 0.355136, 0.05, -0.0734765, -0.160196, 0.0568115, 0.185173, 1003.89, 6226.1, 10, 2e-20, 3e-20, 2e-20, 2e-20, -1
-0.777727, 0.212275, 0.41308, 0.05, 0.272656, 0.145325, -0.171747, 0.353494, 1006.28, 10044.8, 10, 2e-20, 3e-20, 2e-20, 2e-20, -1
-0.724043, 0.110646, 0.362729, 0.05, 0.0361336, 0.159214, -0.0347925, 0.166929, 1005.73, 9161.41, 10, 2e-20, 3e-20, 2e-20, 2e-20, -1
-0.794303, 0.15371, 0.419401, 0.05, 0.140205, -0.268204, -0.184512, 0.35445, 1003.35, 5355.61, 10, 2e-20, 3e-20, 2e-20, 2e-20, -1
-0.753724, 0.0881199, 0.380748, 0.05, -0.207502, 0.295069, -0.138467, 0.386388, 1008.15, 13035.8, 10, 2e-20, 3e-20, 2e-20, 2e-20, -1
-0.736417, 0.144224, 0.460084, 0.05, -0.064598, -0.172153, -0.1473, 0.235599, 1003.8, 6080.31, 10, 2e-20, 3e-20, 2e-20, 2e-20, -1
-0.72883, 0.0939456, 0.443204, 0.05, -0.0989438, 0.184399, 0.165795, 0.266985, 1013.16, 21063.4, 10, 2e-20, 3e-20, 2e-20, 2e-20, -1
-0.758246, 0.103513, 0.489111, 0.05, 0.0285137, -0.258942, -0.237295, 0.352382, 999.431, -910.151, 10, 2e-20, 3e-20, 2e-20, 2e-20, -1
-0.848832, 0.143729, 0.558906, 0.05, 0.0743961, 0.137156, -0.284341, 0.32434, 1013.54, 21669.4, 10, 2e-20, 3e-20, 2e-20, 2e-20, -1
-0.827032, 0.167381, 0.593503, 0.05, 0.0722455, 0.00596002, -0.166187, 0.18131, 1006.56, 10500.3, 10, 2e-20, 3e-20, 2e-20, 2e-20, -1
-0.811004, 0.0713406, 0.564016, 0.05, 0.214134, 0.00513248, -0.0561136, 0.221424, 1004.75, 7606.75, 10, 2e-20, 3e-20, 2e-20, 2e-20, -1
-0.776516, 0.143196, 0.5604, 0.05, -0.299893, 0.106514, 0.124318, 0.341666, 1001.13, 1800.75, 10, 2e-20, 3e-20, 2e-20, 2e-20, -1
-0.782196, 0.0918334, 0.568284, 0.05, 0.0694669, -0.0804572, 0.0421475, 0.114348, 999.828, -274.976, 10, 2e-20, 3e-20, 2e-20, 2e-20, -1
-0.730994, 0.114823, 0.574179, 0.05, -0.0813862, -0.236885, 0.155295, 0.294711, 996.468, -5650.61, 10, 2e-20, 3e-20, 2e-20, 2e-20, -1
-0.780518, 0.0652281, 0.689635, 0.05, 0.0251632, -0.161913, -0.0076929, 0.164038, 999.491, -813.675, 10, 2e-20, 3e-20, 2e-20, 2e-20, -1
-0.749111, 0.09952, 0.654319, 0.05, 0.00105844, -0.0131094, 0.0122244, 0.0179558, 1009.1, 14563, 10, 2e-20, 3e-20, 2e-20, 2e-20, -1
-0.716644, 0.122914, 0.75611, 0.05, -7.70603e-05, -0.196826, -0.199979, 0.280592, 1005.67, 9066.6, 10, 2e-20, 3e-20, 2e-20, 2e-20, -1
-0.695308, 0.0844081, 0.784178, 0.05, -0.0481184, -0.0754234, -0.247274, 0.262961, 999.745, -408.677, 10, 2e-20, 3e-20, 2e-20, 2e-20, -1
-0.714607, 0.191422, 0.807507, 0.05, 0.105929, 0.116112, -0.324734, 0.36077, 999.573, -682.972, 10, 2e-20, 3e-20, 2e-20, 2e-20, -1
-0.713317, 0.164521, 0.778904, 0.05, -0.0155648, 0.0799439, -0.177994, 0.195743, 1007.09, 11341.9, 10, 2e-20, 3e-20, 2e-20, 2e-20, -1
-0.742158, 0.16602, 0.843927, 0.05, -0.00679, -0.346968, -0.191539, 0.396384, 995.479, -7234.03, 10, 2e-20, 3e-20, 2e-20, 2e-20, -1
-0.713476, 0.157725, 0.919367, 0.05, -0.0595595, -0.125516, -0.362834, 0.388523, 1007.54, 12063.5, 10, 2e-20, 3e-20, 2e-20, 2e-20, -1
-0.659005, 0.154725, 0.913313, 0.05, 0.0337071, 0.00401463, -0.144459, 0.148394, 1003.4, 5443.41, 10, 2e-20, 3e-20, 2e-20, 2e-20, -1
-0.612152, 0.188742, 0.892285, 0.05, 0.215754, -0.0254201, -0.0625902, 0.226083, 1004.38, 7008.94, 10, 2e-20, 3e-20, 2e-20, 2e-20, -1
-0.651165, 0.0674793, 0.960292, 0.05, -0.137832, -0.0664738, -0.0561545, 0.163002, 1005.44, 8697.13, 10, 2e-20, 3e-20, 2e-20, 2e-20, -1
-0.643179, 0.16477, 0.955231, 0.05, 0.185925, 0.00381935, -0.0930284, 0.207935, 1004.41, 7061.3, 10, 2e-20, 3e-20, 2e-20, 2e-20, -1
-0.637928, 0.108895, 0.976416, 0.05, 0.0289454, -0.246109, -0.0552704, 0.253895, 1009.91, 15857.3, 10, 2e-20, 3e-20, 2e-20, 2e-20, -1
-0.676955, 0.154398, 1.04826, 0.05, 9.75571e-05, 0.100983, -0.19099, 0.216043, 1002.72, 4352.97, 10, 2e-20, 3e-20, 2e-20, 2e-20, -1
-0.610884, 0.139378, 1.05828, 0.05, 0.0173145, -0.295455, -0.131075, 0.323688, 1000.52, 828.496, 10, 2e-20, 3e-20, 2e-20, 2e-20, -1
-0.566321, 0.054791, 1.09641, 0.05, 0.451502, -0.143134, -0.0498049, 0.476258, 1000.52, 839.602, 10, 2e-20, 3e-20, 2e-20, 2e-20, -1
-0.569502, 0.105501, 1.08674, 0.05, -0.101989, -0.119137, 0.132824, 0.205518, 1013.79, 22069.8, 10, 2e-20, 3e-20, 2e-20, 2e-20, -1
-0.525406, 0.0793577, 1.09354, 0.05, 0.323325, -0.57839, -0.183596, 0.687591, 989.154, -17354.1, 10, 2e-20, 3e-20, 2e-20, 2e-20, -1
-0.498914, 0.0931557, 1.14359, 0.05, -0.0799392, -0.0572102, 0.00235702, 0.0983303, 1002.7, 4323.95, 10, 2e-20, 3e-20, 2e-20, 2e-20, -1
-0.452543, 0.0825751, 1.15663, 0.05, -0.00353093, -0.158272, 0.141556, 0.212369, 1004.45, 7124.54, 10, 2e-20, 3e-20, 2e-20, 2e-20, -1
-0.399182, 0.0958707, 1.19809, 0.05, 0.12506, 0.0872018, 0.0950158, 0.179644, 992.759, -11585, 10, 2e-20, 3e-20, 2e-20, 2e-20, -1
-0.350063, 0.113384, 1.26697, 0.05, -0.123817, -0.143813, 0.127285, 0.228504, 1006.27, 10038.6, 10, 2e-20, 3e-20, 2e-20, 2e-20, -1
-0.274814, 0.228765, 1.36605, 0.05, -0.0949577, -0.192383, -0.00334763, 0.214568, 997.053, -4715.78, 10, 2e-20, 3e-20, 2e-20, 2e-20, -1
-0.746138, 0.218491, 0.0469817, 0.05, 0.741454, 0.252036, -0.129245, 0.793713, 1021.24, 33988.9, 10, 2e-20, 3e-20, 2e-20, 2e-20, -1
-0.743597, 0.322526, 0.0551394, 0.05, 0.857483, 0.548126, 0.457552, 1.11583, 1008.86, 14173.9, 10, 2e-20, 3e-20, 2e-20, 2e-20, -1
-0.809067, 0.348273, 0.113389, 0.05, 0.881467, 0.105154, -0.409955, 0.977806, 997.522, -3965.24, 10, 2e-20, 3e-20, 2e-20, 2e-20, -1
-0.71422, 0.291348, 0.0438596, 0.05, 0.545513, 0.251644, 0.589535, 0.841701, 1030.02, 48028, 10, 2e-20, 3e-20, 2e-20, 2e-20, -1
-0.83315, 0.236539, 0.106227, 0.05, -0.376315, -0.273275, 0.501929, 0.68427, 997.687, -3701.37, 10, 2e-20, 3e-20, 2e-20, 2e-20, -1
-0.795927, 0.260314, 0.126155, 0.05, 0.0471008, 0.451296, -0.335346, 0.56422, 1011.48, 18361.2, 10, 2e-20, 3e-20, 2e-20, 2e-20, -1
-0.781718, 0.262564, 0.17144, 0.05, 0.0507116, 0.292617, 0.214655, 0.366433, 1000.26, 411.436, 10, 2e-20, 3e-20, 2e-20, 2e-20, -1
-0.741393, 0.172752, 0.213003, 0.05, 0.087231, -0.173213, -0.119526, 0.227813, 1009.52, 15229, 10, 2e-20, 3e-20, 2e-20, 2e-20, -1
-0.761486, 0.11586, 0.146272, 0.05, -0.175434, -0.426118, 0.260501, 0.529352, 992.958, -11267.5, 10, 2e-20, 3e-20, 2e-20, 2e-20, -1
-0.765115, 0.128897, 0.191645, 0.05, 0.200613, -0.237079, -0.128027, 0.335921, 1004.71, 7543.73, 10, 2e-20, 3e-20, 2e-20, 2e-20, -1
-0.741381, 0.20311, 0.246058, 0.05, 0.0473101, 0.184851, 0.00653012, 0.190921, 1010.91, 17456.5, 10, 2e-20, 3e-20, 2e-20, 2e-20, -1
-0.752673, 0.156033, 0.257466, 0.05, -0.269182, -0.138664, 0.0663635, 0.309985, 999.973, -42.4382, 10, 2e-20, 3e-20, 2e-20, 2e-20, -1
-0.763667, 0.243075, 0.262556, 0.05, -0.146393, 0.0900983, 0.0397382, 0.176431, 995.17, -7727.99, 10, 2e-20, 3e-20, 2e-20, 2e-20, -1
-0.772734, 0.118325, 0.267266, 0.05, 0.032751, 0.155996, -0.109654, 0.193472, 1010.32, 16510.3, 10, 2e-20, 3e-20, 2e-20, 2e-20, -1
-0.752693, 0.197695, 0.293864, 0.05, -0.0474639, 0.137274, -0.0961852, 0.174208, 1020.29, 32460.7, 10, 2e-20, 3e-20, 2e-20, 2e-20, -1
-0.750444, 0.197902, 0.352095, 0.05, -0.111834, -0.0677264, 0.0909948, 0.159292, 1005.77, 9224.66, 10, 2e-20, 3e-20, 2e-20, 2e-20, -1
-0.75067, 0.247189, 0.339503, 0.05, 0.178431, -0.0854155, -0.36246, 0.412929, 1010.65, 17032.5, 10, 2e-20, 3e-20, 2e-20, 2e-20, -1
-0.760913, 0.264911, 0.409207, 0.05, 0.30334, -0.0660929, -0.103252, 0.327176, 1008.61, 13777.8, 10, 2e-20, 3e-20, 2e-20, 2e-20, -1
-0.764299, 0.188703, 0.460076, 0.05, 0.172529, 0.191288, -0.129465, 0.288302, 1007.01, 11209.4, 10, 2e-20, 3e-20, 2e-20, 2e-20, -1
-0.764669, 0.153773, 0.501951, 0.05, 0.0162279, -0.0347994, -0.260541, 0.263355, 1011.47, 18346.9, 10, 2e-20, 3e-20, 2e-20, 2e-20, -1
-0.803567, 0.126552, 0.525316, 0.05, -0.284944, -0.00833343, -0.0735345, 0.294397, 1011.49, 18378.7, 10, 2e-20, 3e-20, 2e-20, 2e-20, -1
-0.761447, 0.265092, 0.501001, 0.05, -0.0360479, 0.137163, -0.257153, 0.293667, 999.964, -58.0131, 10, 2e-20, 3e-20, 2e-20, 2e-20, -1
-0.770725, 0.218509, 0.527793, 0.05, 0.0275201, 0.0486937, -0.159322, 0.168854, 1008.27, 13239.3, 10, 2e-20, 3e-20, 2e-20, 2e-20, -1
-0.757286, 0.259023, 0.554442, 0.05, 0.227449, 0.124507, -0.154103, 0.301634, 1008.45, 13520.3, 10, 2e-20, 3e-20, 2e-20, 2e-20, -1
-0.703275, 0.157387, 0.577492, 0.05, 0.0409881, 0.0588153, 0.0610484, 0.0941604, 1005.41, 8663.56, 10, 2e-20, 3e-20, 2e-20, 2e-20, -1
-0.739363, 0.212359, 0.641876, 0.05, -0.0341079, 0.0482547, -0.0599723, 0.0841935, 1008.57, 13705.3, 10, 2e-20, 3e-20, 2e-20, 2e-20, -1
-0.788719, 0.165733, 0.645864, 0.05, 0.101226, 0.00326767, -0.33276, 0.347831, 1006.44, 10298.4, 10, 2e-20, 3e-20, 2e-20, 2e-20, -1
-0.782657, 0.20746, 0.665844, 0.05, 0.0577932, 0.0152744, -0.221831, 0.229744, 1004.18, 6681.46, 10, 2e-20, 3e-20, 2e-20, 2e-20, -1
-0.779086, 0.132513, 0.608052, 0.05, -0.00662721, -0.0310123, -0.0198159, 0.0373945, 1004.84, 7746.76, 10, 2e-20, 3e-20, 2e-20, 2e-20, -1
-0.778947, 0.160114, 0.695622, 0.05, 0.212241, 0.112839, 0.031591, 0.242439, 1001.63, 2603.2, 10, 2e-20, 3e-20, 2e-20, 2e-20, -1
-0.739656, 0.129239, 0.688437, 0.05, 0.0960386, -0.0859726, -0.0439622, 0.136189, 1004, 6399.79, 10, 2e-20, 3e-20, 2e-20, 2e-20, -1
-0.76306, 0.147202, 0.802654, 0.05, 0.0274223, -0.206587, -0.218423, 0.301892, 999.444, -889.193, 10, 2e-20, 3e-20, 2e-20, 2e-20, -1
-0.785245, 0.127999, 0.850433, 0.05, 0.0454318, -0.051037, -0.224774, 0.23493, 1001.04, 1671.97, 10, 2e-20, 3e-20, 2e-20, 2e-20, -1
-0.758154, 0.219797, 0.844108, 0.05, -0.0567363, 0.0135836, -0.205222, 0.213353, 1013.95, 22317.8, 10, 2e-20, 3e-20, 2e-20, 2e-20, -1
-0.73992, 0.249319, 0.869205, 0.05, 0.107214, 0.11107, -0.210799, 0.261281, 1007.2, 11513.4, 10, 2e-20, 3e-20, 2e-20, 2e-20, -1
-0.658629, 0.186168, 0.872819, 0.05, 0.0818658, -0.277803, -0.268092, 0.394651, 1004.21, 6730.05, 10, 2e-20, 3e-20, 2e-20, 2e-20, -1
-0.705801, 0.211124, 0.903313, 0.05, -0.17569, -0.0318877, 0.0109258, 0.178894, 1000.14, 220.989, 10, 2e-20, 3e-20, 2e-20, 2e-20, -1
-0.641423, 0.157745, 1.01103, 0.05, 0.00994781, -0.183831, -0.137394, 0.229717, 1004.88, 7813.13, 10, 2e-20, 3e-20, 2e-20, 2e-20, -1
-0.750815, 0.26459, 0.902811, 0.05, -0.0707946, -0.0788867, 0.0471128, 0.115994, 997.569, -3890.01, 10, 2e-20, 3e-20, 2e-20, 2e-20, -1
-0.677098, 0.115451, 1.01533, 0.05, 0.157933, -0.0381153, -0.263953, 0.309946, 1004.77, 7639.59, 10, 2e-20, 3e-20, 2e-20, 2e-20, -1
-0.606437, 0.304944, 0.895568, 0.05, -0.0100512, -0.163772, -0.0666329, 0.177094, 997.813, -3499.97, 10, 2e-20, 3e-20, 2e-20, 2e-20, -1
-0.643083, 0.21566, 0.910795, 0.05, 0.320932, -0.195387, -0.147183, 0.40353, 996.784, -5146.27, 10, 2e-20, 3e-20, 2e-20, 2e-20, -1
-0.623022, 0.252597, 0.932793, 0.05, 0.363709, -0.157348, -0.436307, 0.589412, 995.956, -6470.74, 10, 2e-20, 3e-20, 2e-20, 2e-20, -1
-0.59021, 0.169616, 1.01555, 0.05, 0.113076, -0.0775032, -0.0536993, 0.147229, 1003.03, 4840.12, 10, 2e-20, 3e-20, 2e-20, 2e-20, -1
-0.558654, 0.156645, 1.06477, 0.05, -0.0624852, -0.0748025, -0.126653, 0.159815, 1012.58, 20132.8, 10, 2e-20, 3e-20, 2e-20, 2e-20, -1
-0.515137, 0.142286, 1.15405, 0.05, 0.192539, 0.0189206, -0.0958767, 0.21592, 1005.05, 8077.59, 10, 2e-20, 3e-20, 2e-20, 2e-20, -1
-0.450484, 0.139502, 1.1943, 0.05, 0.100771, -0.0126619, 0.176633, 0.203751, 1004.63, 7405.36, 10, 2e-20, 3e-20, 2e-20, 2e-20, -1
-0.397184, 0.153986, 1.21453, 0.05, -0.150154, -0.178164, 0.0399963, 0.236407, 998.755, -1991.65, 10, 2e-20, 3e-20, 2e-20, 2e-20, -1
-0.328184, 0.168205, 1.27547, 0.05, 0.19502, 0.0525336, -0.0560259, 0.209598, 997.23, -4432.7, 10, 2e-20, 3e-20, 2e-20, 2e-20, -1
-0.355999, 0.185147, 1.35585, 0.05, -0.178358, -0.0711786, 0.107549, 0.220102, 1003.11, 4976.93, 10, 2e-20, 3e-20, 2e-20, 2e-20, -1
-0.346634, 0.282965, 1.38677, 0.05, -0.0636901, -0.0438762, 0.179969, 0.195884, 1005.61, 8968.71, 10, 2e-20, 3e-20, 2e-20, 2e-20, -1
-0.700401, 0.30627, 0.100729, 0.05, -1.05844, 0.658297, 0.253798, 1.27203, 1023.31, 37300, 10, 2e-20, 3e-20, 2e-20, 2e-20, -1
-0.690205, 0.427616, 0.0948914, 0.05, 0.14718, -0.0692112, 0.892064, 0.906769, 1019.21, 30731.1, 10, 2e-20, 3e-20, 2e-20, 2e-20, -1
-0.784281, 0.447785, 0.104405, 0.05, -0.0914369, 0.607481, -1.10953, 1.26824, 1028.52, 45634.5, 10, 2e-20, 3e-20, 2e-20, 2e-20, -1
-0.717209, 0.373293, 0.0767333, 0.05, 0.0358308, -1.43124, -0.375278, 1.48006, 1007.82, 12508.3, 10, 2e-20, 3e-20, 2e-20, 2e-20, -1
-0.751835, 0.355653, 0.0735902, 0.05, -0.803039, 0.287574, 1.1747, 1.45172, 973.175, -42920.3, 10, 2e-20, 3e-20, 2e-20, 2e-20, -1
-0.802671, 0.302046, 0.100625, 0.05, 0.434451, -0.240403, -0.393323, 0.633438, 1019.73, 31575.4, 10, 2e-20, 3e-20, 2e-20, 2e-20, -1
-0.739661, 0.301411, 0.14642, 0.05, -0.230695, 0.124974, -0.570769, 0.628185, 1031.84, 50939.4, 10, 2e-20, 3e-20, 2e-20, 2e-20, -1
-0.799132, 0.281111, 0.215979, 0.05, -0.0516467, -0.239481, 0.136008, 0.280208, 1007.85, 12564.4, 10, 2e-20, 3e-20, 2e-20, 2e-20, -1
-0.741573, 0.303146, 0.196397, 0.05, -0.0436343, -0.127107, -0.177047, 0.222274, 1011.59, 18536.3, 10, 2e-20, 3e-20, 2e-20, 2e-20, -1
-0.800173, 0.225199, 0.233401, 0.05, 0.0701598, 0.185696, -0.529655, 0.565633, 1030.34, 48549.4, 10, 2e-20, 3e-20, 2e-20, 2e-20, -1
-0.756844, 0.29466, 0.244219, 0.05, 0.00280004, 0.149029, 0.123815, 0.193772, 1020.6, 32954.9, 10, 2e-20, 3e-20, 2e-20, 2e-20, -1
-0.711932, 0.263867, 0.252657, 0.05, -0.110991, -0.172837, 0.180042, 0.273142, 997.691, -3694.14, 10, 2e-20, 3e-20, 2e-20, 2e-20, -1
-0.673014, 0.265157, 0.277523, 0.05, -0.0758608, -0.068837, 0.166069, 0.195121, 1001.23, 1960.39, 10, 2e-20, 3e-20, 2e-20, 2e-20, -1
-0.711743, 0.227498, 0.275793, 0.05, 0.129779, -0.0648008, -0.0779518, 0.164676, 1002.64, 4220.27, 10, 2e-20, 3e-20, 2e-20, 2e-20, -1
-0.722753, 0.331292, 0.351675, 0.05, 0.0997851, 0.073073, -0.200708, 0.235755, 1005.69, 9102.21, 10, 2e-20, 3e-20, 2e-20, 2e-20, -1
-0.632067, 0.295895, 0.283359, 0.05, 0.0487844, -0.090093, 0.0328684, 0.107596, 998.216, -2854.08, 10, 2e-20, 3e-20, 2e-20, 2e-20, -1
-0.736211, 0.2862, 0.36036, 0.05, 0.187158, 0.302536, 0.125184, 0.37713, 999.542, -733.225, 10, 2e-20, 3e-20, 2e-20, 2e-20, -1
-0.729398, 0.229356, 0.396999, 0.05, -0.0342863, 0.0314854, 0.338466, 0.341652, 1001.32, 2113.16, 10, 2e-20, 3e-20, 2e-20, 2e-20, -1
-0.717493, 0.217997, 0.453713, 0.05, -0.146599, -0.000952373, -0.39282, 0.419285, 1010.8, 17286.1, 10, 2e-20, 3e-20, 2e-20, 2e-20, -1
-0.668553, 0.306417, 0.442948, 0.05, 0.0268997, -0.0315953, -0.00563639, 0.0418764, 1014.74, 23590.7, 10, 2e-20, 3e-20, 2e-20, 2e-20, -1
-0.658163, 0.212554, 0.442343, 0.05, -0.0468334, 0.208746, -0.043954, 0.218404, 1007.06, 11298.5, 10, 2e-20, 3e-20, 2e-20, 2e-20, -1
-0.65742, 0.256919, 0.459145, 0.05, -0.158556, -0.136272, -0.265896, 0.338247, 1009.42, 15071, 10, 2e-20, 3e-20, 2e-20, 2e-20, -1
-0.732389, 0.205104, 0.503325, 0.05, 0.0488502, 0.102435, -0.137172, 0.178032, 1006.7, 10716.1, 10, 2e-20, 3e-20, 2e-20, 2e-20, -1
-0.675254, 0.172849, 0.535888, 0.05, -0.0413859, 0.108876, -0.29658, 0.318632, 1004.56, 7290.37, 10, 2e-20, 3e-20, 2e-20, 2e-20, -1
-0.733931, 0.162886, 0.539335, 0.05, 0.195908, 0.167707, -0.235829, 0.349459, 1016.07, 25715.4, 10, 2e-20, 3e-20, 2e-20, 2e-20, -1
-0.681362, 0.209963, 0.583831, 0.05, -0.078206, -0.0749076, -0.265259, 0.286513, 1003.55, 5676.33, 10, 2e-20, 3e-20, 2e-20, 2e-20, -1
-0.683894, 0.226133, 0.535856, 0.05, -0.0318703, 0.13035, -0.108957, 0.172854, 1005.65, 9037.7, 10, 2e-20, 3e-20, 2e-20, 2e-20, -1
-0.742004, 0.235982, 0.686876, 0.05, -0.0443706, -0.168825, -0.0415176, 0.179428, 1002.55, 4075.09, 10, 2e-20, 3e-20, 2e-20, 2e-20, -1
-0.769673, 0.228675, 0.755351, 0.05, 0.158858, -0.162833, -0.252009, 0.339498, 1003.46, 5541.56, 10, 2e-20, 3e-20, 2e-20, 2e-20, -1
-0.698848, 0.233477, 0.673327, 0.05, 0.0812783, 0.171938, 0.0276279, 0.192177, 1004.03, 6447.48, 10, 2e-20, 3e-20, 2e-20, 2e-20, -1
-0.686227, 0.344641, 0.767564, 0.05, 0.0138038, -0.105487, -0.306337, 0.324285, 1003.49, 5581.49, 10, 2e-20, 3e-20, 2e-20, 2e-20, -1
-0.773184, 0.198019, 0.718626, 0.05, 0.0333267, -0.0216629, 0.0300483, 0.0498281, 1002.56, 4089.54, 10, 2e-20, 3e-20, 2e-20, 2e-20, -1
-0.726397, 0.220209, 0.794615, 0.05, 0.119299, -0.0496689, -0.27642, 0.305135, 1007.7, 12317.2, 10, 2e-20, 3e-20, 2e-20, 2e-20, -1
-0.692761, 0.255118, 0.785407, 0.05, 0.0741375, -0.331202, -0.133375, 0.364665, 1002.32, 3708.76, 10, 2e-20, 3e-20, 2e-20, 2e-20, -1
-0.703787, 0.261163, 0.835019, 0.05, 0.140924, -0.046616, -0.202097, 0.250751, 997.82, -3487.98, 10, 2e-20, 3e-20, 2e-20, 2e-20, -1
-0.674116, 0.241922, 0.873307, 0.05, 0.00696511, 0.102611, -0.374237, 0.388112, 1010.31, 16492.7, 10, 2e-20, 3e-20, 2e-20, 2e-20, -1
-0.746927, 0.338236, 0.89227, 0.05, 0.0275677, 0.0198359, -0.45768, 0.458938, 993.675, -10120.3, 10, 2e-20, 3e-20, 2e-20, 2e-20, -1
-0.605928, 0.298708, 0.854978, 0.05, 0.0114934, -0.0880494, -0.393876, 0.403761, 1000.97, 1554.99, 10, 2e-20, 3e-20, 2e-20, 2e-20, -1
-0.643993, 0.336799, 0.86783, 0.05, 0.202842, -0.120392, -0.371319, 0.439906, 1010.07, 16118.8, 10, 2e-20, 3e-20, 2e-20, 2e-20, -1
-0.582964, 0.346148, 0.867695, 0.05, -0.0661969, 0.069016, -0.298826, 0.313755, 1001.94, 3105.87, 10, 2e-20, 3e-20, 2e-20, 2e-20, -1
-0.559887, 0.364494, 0.91227, 0.05, -0.0710607, -0.133368, -0.0135426, 0.151724, 1000.39, 620.814, 10, 2e-20, 3e-20, 2e-20, 2e-20, -1
-0.591227, 0.343529, 0.937339, 0.05, -0.128887, -0.00487809, -0.210279, 0.246684, 1004.32, 6904.38, 10, 2e-20, 3e-20, 2e-20, 2e-20, -1
-0.540527, 0.314702, 0.96318, 0.05, 0.0741229, -0.276869, -0.372397, 0.469925, 1002.16, 3453.28, 10, 2e-20, 3e-20, 2e-20, 2e-20, -1
-0.590964, 0.260176, 0.987588, 0.05, 0.0748626, -0.116348, -0.153502, 0.20665, 1001.27, 2029.07, 10, 2e-20, 3e-20, 2e-20, 2e-20, -1
-0.54355, 0.247855, 0.972811, 0.05, 0.0608482, 0.0917077, -0.267778, 0.289513, 1003.75, 6006.29, 10, 2e-20, 3e-20, 2e-20, 2e-20, -1
-0.583059, 0.219365, 1.02884, 0.05, -0.0438214, -0.120077, -0.211194, 0.246863, 993.549, -10321, 10, 2e-20, 3e-20, 2e-20, 2e-20, -1
-0.541704, 0.204961, 1.06093, 0.05, 0.120255, -0.189536, -0.0868345, 0.240677, 1008.14, 13019.6, 10, 2e-20, 3e-20, 2e-20, 2e-20, -1
-0.50187, 0.164894, 1.1127, 0.05, 0.332506, -0.148067, 0.225626, 0.428242, 996.225, -6039.53, 10, 2e-20, 3e-20, 2e-20, 2e-20, -1
-0.409556, 0.193091, 1.17979, 0.05, 0.0862584, -0.309163, -0.0595498, 0.326448, 1003.55, 5686.59, 10, 2e-20, 3e-20, 2e-20, 2e-20, -1
-0.340969, 0.206251, 1.25439, 0.05, 0.252876, -0.204438, 0.034062, 0.326958, 998.649, -2162.11, 10, 2e-20, 3e-20, 2e-20, 2e-20, -1
-0.372712, 0.269109, 1.3397, 0.05, 0.208899, -0.316378, -0.0647778, 0.384617, 1001.98, 3160.9, 10, 2e-20, 3e-20, 2e-20, 2e-20, -1
-0.583907, 0.340962, 0.0641999, 0.05, -0.770441, -0.832449, -0.407417, 1.20521, 991.733, -13227.8, 10, 2e-20, 3e-20, 2e-20, 2e-20, -1
-0.722231, 0.463765, 0.0770234, 0.05, -0.381538, 0.139759, -0.883596, 0.972546, 1018.4, 29441.7, 10, 2e-20, 3e-20, 2e-20, 2e-20, -1
-0.695381, 0.442084, 0.154491, 0.05, -0.0328164, -0.329568, 0.491598, 0.592757, 1011.4, 18247.1, 10, 2e-20, 3e-20, 2e-20, 2e-20, -1
-0.637127, 0.390144, 0.0449758, 0.05, 0.862276, -2.26086, 1.54893, 2.87301, 1053.26, 85215.5, 10, 2e-20, 3e-20, 2e-20, 2e-20, -1
-0.644616, 0.401279, 0.0772484, 0.05, 0.564944, 0.122652, -0.252641, 0.630898, 990.473, -15243.7, 10, 2e-20, 3e-20, 2e-20, 2e-20, -1
-0.701096, 0.352547, 0.108717, 0.05, -0.206424, -0.472043, 0.0768589, 0.520906, 1010.7, 17125.8, 10, 2e-20, 3e-20, 2e-20, 2e-20, -1
-0.666888, 0.370859, 0.113084, 0.05, -0.0390679, -1.10486, -0.29264, 1.14363, 1012.11, 19379.8, 10, 2e-20, 3e-20, 2e-20, 2e-20, -1
-0.708336, 0.344185, 0.147602, 0.05, -0.364478, 0.0961347, 0.385709, 0.539313, 1012.05, 19276.6, 10, 2e-20, 3e-20, 2e-20, 2e-20, -1
-0.682288, 0.39646, 0.157598, 0.05, -0.673205, 0.605069, -0.248104, 0.938546, 1008.09, 12940.7, 10, 2e-20, 3e-20, 2e-20, 2e-20, -1
-0.698508, 0.332585, 0.198948, 0.05, 0.0359569, 0.0574228, -0.00553371, 0.0679772, 1022.01, 35217.7, 10, 2e-20, 3e-20, 2e-20, 2e-20, -1
-0.667979, 0.383823, 0.264041, 0.05, -0.0436495, -0.0589776, 0.162808, 0.178578, 1005.88, 9415.78, 10, 2e-20, 3e-20, 2e-20, 2e-20, -1
-0.702244, 0.317981, 0.239386, 0.05, -0.32408, 0.216688, -0.126681, 0.409914, 1024.8, 39675.3, 10, 2e-20, 3e-20, 2e-20, 2e-20, -1
-0.67282, 0.331086, 0.269376, 0.05, 0.135173, 0.424047, 0.103339, 0.45691, 1015.96, 25533.6, 10, 2e-20, 3e-20, 2e-20, 2e-20, -1
-0.667486, 0.343895, 0.321028, 0.05, 0.115575, -0.155183, 0.0611035, 0.202912, 996.1, -6240.11, 10, 2e-20, 3e-20, 2e-20, 2e-20, -1
-0.641825, 0.438304, 0.462711, 0.05, -0.308811, -0.27227, -0.189025, 0.453019, 1010.23, 16369.9, 10, 2e-20, 3e-20, 2e-20, 2e-20, -1
-0.60688, 0.37654, 0.455302, 0.05, -0.296945, -0.171465, -0.0873403, 0.353843, 1011.33, 18129, 10, 2e-20, 3e-20, 2e-20, 2e-20, -1
-0.683884, 0.300591, 0.350686, 0.05, -0.0523328, 0.0925916, -0.124409, 0.163675, 1003.86, 6180.52, 10, 2e-20, 3e-20, 2e-20, 2e-20, -1
-0.619726, 0.444519, 0.520339, 0.05, -0.0117746, -0.155715, 0.0763793, 0.173838, 1002.52, 4034.51, 10, 2e-20, 3e-20, 2e-20, 2e-20, -1
-0.664656, 0.306029, 0.383429, 0.05, -0.13372, 0.263989, -0.321884, 0.437242, 1011.98, 19175.7, 10, 2e-20, 3e-20, 2e-20, 2e-20, -1
-0.609671, 0.389162, 0.502356, 0.05, -0.00815564, -0.201302, -0.182191, 0.271629, 1014.41, 23062.9, 10, 2e-20, 3e-20, 2e-20, 2e-20, -1
-0.653103, 0.361808, 0.496375, 0.05, -0.0885527, 0.0729053, -0.535011, 0.547169, 1016.87, 26988, 10, 2e-20, 3e-20, 2e-20, 2e-20, -1
-0.680269, 0.357809, 0.54926, 0.05, -0.0384263, 0.0392409, 0.204309, 0.211562, 997.789, -3538.28, 10, 2e-20, 3e-20, 2e-20, 2e-20, -1
-0.715533, 0.32172, 0.540565, 0.05, 0.0396242, 0.026993, 0.0376084, 0.0609351, 1005.96, 9541.24, 10, 2e-20, 3e-20, 2e-20, 2e-20, -1
-0.707813, 0.401826, 0.687401, 0.05, -0.0602213, 0.167321, -0.0444564, 0.183301, 1006.11, 9777.52, 10, 2e-20, 3e-20, 2e-20, 2e-20, -1
-0.717683, 0.257619, 0.525685, 0.05, -0.0946363, -0.0660279, -0.0187235, 0.116903, 1003.95, 6320.38, 10, 2e-20, 3e-20, 2e-20, 2e-20, -1
-0.661039, 0.26391, 0.573627, 0.05, -0.103775, 0.163187, -0.243482, 0.310938, 1007.5, 12003.5, 10, 2e-20, 3e-20, 2e-20, 2e-20, -1
-0.699385, 0.251136, 0.610015, 0.05, -0.176467, 0.1814, -0.231108, 0.342721, 1010.2, 16320.7, 10, 2e-20, 3e-20, 2e-20, 2e-20, -1
-0.69758, 0.28671, 0.643826, 0.05, 0.13933, 0.0258148, -0.0979018, 0.172233, 1018.89, 30228.3, 10, 2e-20, 3e-20, 2e-20, 2e-20, -1
-0.694503, 0.362714, 0.718579, 0.05, -0.0247454, -0.0881511, -0.0614228, 0.110253, 1000.14, 218.958, 10, 2e-20, 3e-20, 2e-20, 2e-20, -1
-0.710158, 0.260143, 0.713395, 0.05, 0.100827, -0.0808158, -0.24891, 0.280453, 993.59, -10256, 10, 2e-20, 3e-20, 2e-20, 2e-20, -1
-0.724379, 0.318149, 0.728285, 0.05, 0.0249036, 0.139318, -0.313848, 0.344282, 1007.26, 11613.8, 10, 2e-20, 3e-20, 2e-20, 2e-20, -1
-0.584796, 0.417328, 0.8539, 0.05, -0.0961853, -0.0077297, -0.199495, 0.221607, 1011.03, 17643.8, 10, 2e-20, 3e-20, 2e-20, 2e-20, -1
-0.694395, 0.294236, 0.763003, 0.05, 0.0745232, 0.110914, -0.363505, 0.387287, 1010.4, 16632.8, 10, 2e-20, 3e-20, 2e-20, 2e-20, -1
-0.729421, 0.275432, 0.791475, 0.05, 0.0780373, -0.208782, -0.165855, 0.277827, 1002.52, 4029.88, 10, 2e-20, 3e-20, 2e-20, 2e-20, -1
-0.647291, 0.297165, 0.797688, 0.05, 0.0765259, -0.117408, -0.202622, 0.246366, 1000.13, 211.148, 10, 2e-20, 3e-20, 2e-20, 2e-20, -1
-0.660192, 0.300972, 0.844139, 0.05, -0.110906, -0.229453, -0.174422, 0.308823, 1007.78, 12443.4, 10, 2e-20, 3e-20, 2e-20, 2e-20, -1
-0.494702, 0.385245, 0.900944, 0.05, 0.0767434, -0.0868103, -0.0886928, 0.145918, 993.574, -10282.2, 10, 2e-20, 3e-20, 2e-20, 2e-20, -1
-0.565942, 0.308312, 0.837362, 0.05, -0.0987027, -0.0148587, -0.513108, 0.522727, 1003.84, 6150.59, 10, 2e-20, 3e-20, 2e-20, 2e-20, -1
-0.59818, 0.389537, 0.894084, 0.05, 0.195734, -0.172232, -0.162097, 0.307003, 996.769, -5169.57, 10, 2e-20, 3e-20, 2e-20, 2e-20, -1
-0.522472, 0.363537, 0.953716, 0.05, 0.0976192, -0.0594593, -0.342885, 0.361435, 1003.84, 6151.62, 10, 2e-20, 3e-20, 2e-20, 2e-20, -1
-0.490043, 0.414253, 1.10771, 0.05, -0.169163, 0.117507, -0.103964, 0.230722, 995.866, -6614.64, 10, 2e-20, 3e-20, 2e-20, 2e-20, -1
-0.480263, 0.358643, 0.98778, 0.05, -0.00711539, -0.00683509, -0.214892, 0.215118, 1009.76, 15613.7, 10, 2e-20, 3e-20, 2e-20, 2e-20, -1
-0.502835, 0.408912, 1.14612, 0.05, 0.0626678, 0.102789, 0.0912363, 0.151052, 994.452, -8876.47, 10, 2e-20, 3e-20, 2e-20, 2e-20, -1
-0.514913, 0.334446, 1.00615, 0.05, 0.150989, -0.0310228, -0.0702108, 0.16938, 1001.17, 1877.24, 10, 2e-20, 3e-20, 2e-20, 2e-20, -1
-0.451424, 0.327877, 1.03394, 0.05, 0.0900287, -0.0537128, -0.17913, 0.207552, 1002.33, 3732.39, 10, 2e-20, 3e-20, 2e-20, 2e-20, -1
-0.419225, 0.319281, 1.08265, 0.05, 0.136304, 0.0484755, -0.080141, 0.165382, 1005.99, 9576.78, 10, 2e-20, 3e-20, 2e-20, 2e-20, -1
-0.389826, 0.283815, 1.12108, 0.05, -0.0446627, -0.00640516, -0.141343, 0.14837, 1004.04, 6466.97, 10, 2e-20, 3e-20, 2e-20, 2e-20, -1
-0.492201, 0.221583, 1.04484, 0.05, 0.161588, -0.0385087, -0.163637, 0.233175, 1011.8, 18872.8, 10, 2e-20, 3e-20, 2e-20, 2e-20, -1
-0.398761, 0.23892, 1.12553, 0.05, -0.0489856, -0.0639403, 0.0860761, 0.117886, 1002.34, 3737.03, 10, 2e-20, 3e-20, 2e-20, 2e-20, -1
-0.363127, 0.226023, 1.20858, 0.05, 0.0843522, -0.0554816, -0.08254, 0.130408, 998.257, -2788.85, 10, 2e-20, 3e-20, 2e-20, 2e-20, -1
-0.41932, 0.268101, 1.27976, 0.05, 0.0837733, -0.109746, -0.123004, 0.184911, 1003.49, 5588.02, 10, 2e-20, 3e-20, 2e-20, 2e-20, -1
-0.685721, 0.423723, 0.045861, 0.05, 0.0278473, 0.986758, 0.6795, 1.19841, 1040.89, 65421.7, 10, 2e-20, 3e-20, 2e-20, 2e-20, -1
-0.743913, 0.454984, 0.22158, 0.05, -0.255033, 0.210392, 0.385123, 0.507569, 1012.35, 19762.6, 10, 2e-20, 3e-20, 2e-20, 2e-20, -1
-0.749746, 0.496609, 0.249953, 0.05, 0.174509, -0.0303551, -0.305085, 0.352777, 1015.87, 25386.4, 10, 2e-20, 3e-20, 2e-20, 2e-20, -1
-0.673086, 0.499807, 0.27764, 0.05, 0.427269, 0.0614941, -1.15778, 1.23563, 1023.07, 36919, 10, 2e-20, 3e-20, 2e-20, 2e-20, -1
-0.673098, 0.491796, 0.202685, 0.05, -0.414822, 0.384942, -0.259716, 0.622664, 1035.59, 56944.4, 10, 2e-20, 3e-20, 2e-20, 2e-20, -1
-0.710128, 0.461844, 0.261891, 0.05, -0.367214, 0.172284, 0.162954, 0.437129, 993.412, -10540.9, 10, 2e-20, 3e-20, 2e-20, 2e-20, -1
-0.648661, 0.434137, 0.180601, 0.05, -0.270704, -0.581311, -0.26956, 0.695605, 1010.05, 16073.6, 10, 2e-20, 3e-20, 2e-20, 2e-20, -1
-0.635716, 0.47978, 0.252395, 0.05, -0.0456125, -0.442961, 0.474886, 0.651008, 990.013, -15979, 10, 2e-20, 3e-20, 2e-20, 2e-20, -1
-0.686783, 0.500228, 0.345093, 0.05, -0.536794, -0.0856372, 0.32944, 0.635619, 997.355, -4232.03, 10, 2e-20, 3e-20, 2e-20, 2e-20, -1
-0.68617, 0.44604, 0.373126, 0.05, 0.125166, 0.210596, -0.00485001, 0.245032, 993.862, -9820.37, 10, 2e-20, 3e-20, 2e-20, 2e-20, -1
-0.688642, 0.398339, 0.301501, 0.05, -0.111933, -0.109074, -0.31256, 0.349456, 1011.05, 17684.5, 10, 2e-20, 3e-20, 2e-20, 2e-20, -1
-0.691682, 0.393706, 0.391395, 0.05, -0.0452254, -0.0743586, -0.190939, 0.209839, 1002.9, 4643.13, 10, 2e-20, 3e-20, 2e-20, 2e-20, -1
-0.681706, 0.351359, 0.376525, 0.05, -0.097658, 0.201307, -0.0275534, 0.225434, 1002.26, 3614.75, 10, 2e-20, 3e-20, 2e-20, 2e-20, -1
-0.703987, 0.433913, 0.463723, 0.05, 0.054317, -0.0500125, 0.0536991, 0.0912972, 999.718, -451.389, 10, 2e-20, 3e-20, 2e-20, 2e-20, -1
-0.71766, 0.439556, 0.508785, 0.05, -0.123725, 0.0634479, -0.15549, 0.208592, 1005.11, 8173.18, 10, 2e-20, 3e-20, 2e-20, 2e-20, -1
-0.666246, 0.442904, 0.503782, 0.05, -0.180322, 0.0526728, -0.198193, 0.273077, 1008.11, 12982, 10, 2e-20, 3e-20, 2e-20, 2e-20, -1
-0.716236, 0.441314, 0.636202, 0.05, -0.0285745, 0.0631675, -0.295809, 0.303825, 1011.27, 18039, 10, 2e-20, 3e-20, 2e-20, 2e-20, -1
-0.678941, 0.448689, 0.669598, 0.05, -0.193242, 0.168556, -0.26657, 0.369883, 1009.37, 14989.6, 10, 2e-20, 3e-20, 2e-20, 2e-20, -1
-0.640448, 0.436462, 0.69395, 0.05, -0.0291107, -0.0519382, -0.119369, 0.133394, 999.974, -42.0297, 10, 2e-20, 3e-20, 2e-20, 2e-20, -1
-0.659999, 0.429978, 0.54657, 0.05, 0.21539, 0.238891, 0.0870438, 0.333224, 1003.88, 6210.64, 10, 2e-20, 3e-20, 2e-20, 2e-20, -1
-0.673599, 0.422262, 0.747032, 0.05, -0.189049, -0.0272838, -0.420309, 0.461675, 1005.73, 9169.24, 10, 2e-20, 3e-20, 2e-20, 2e-20, -1
-0.64914, 0.389822, 0.600009, 0.05, 0.0922534, 0.0626685, -0.362898, 0.379649, 1009.75, 15606.7, 10, 2e-20, 3e-20, 2e-20, 2e-20, -1
-0.673003, 0.417054, 0.707348, 0.05, -0.0479186, -0.049431, 0.0648546, 0.0945819, 1003.4, 5444.29, 10, 2e-20, 3e-20, 2e-20, 2e-20, -1
-0.679164, 0.342619, 0.623444, 0.05, -0.116761, -0.1143, -0.275367, 0.320195, 1010.65, 17043.3, 10, 2e-20, 3e-20, 2e-20, 2e-20, -1
-0.707449, 0.45801, 0.887979, 0.05, -0.0167577, 0.278514, -0.211241, 0.349963, 995.352, -7436.68, 10, 2e-20, 3e-20, 2e-20, 2e-20, -1
-0.684402, 0.364165, 0.668437, 0.05, 0.0999266, -0.280301, -0.215439, 0.36738, 992.978, -11234.4, 10, 2e-20, 3e-20, 2e-20, 2e-20, -1
-0.648288, 0.378674, 0.72932, 0.05, -0.0426102, -0.109053, -0.268929, 0.29331, 1005.57, 8913.74, 10, 2e-20, 3e-20, 2e-20, 2e-20, -1
-0.644608, 0.448216, 0.856635, 0.05, -0.043784, 0.157261, -0.301093, 0.342498, 1014.74, 23579, 10, 2e-20, 3e-20, 2e-20, 2e-20, -1
-0.541394, 0.456027, 0.923019, 0.05, 0.215775, 0.0102064, -0.178825, 0.280431, 1000.47, 759.29, 10, 2e-20, 3e-20, 2e-20, 2e-20, -1
-0.640922, 0.40962, 0.825024, 0.05, 0.290093, -0.13481, 0.0180477, 0.320395, 994.192, -9292.75, 10, 2e-20, 3e-20, 2e-20, 2e-20, -1
-0.519622, 0.468029, 1.11088, 0.05, 0.158456, -0.0628908, 0.0833039, 0.189745, 1004.32, 6909.43, 10, 2e-20, 3e-20, 2e-20, 2e-20, -1
-0.499738, 0.449022, 0.954921, 0.05, -0.164113, -0.322854, -0.272598, 0.453296, 997.074, -4681.02, 10, 2e-20, 3e-20, 2e-20, 2e-20, -1
-0.489291, 0.453532, 1.14062, 0.05, -0.267344, 0.127096, -0.0370963, 0.298333, 1005.95, 9521.31, 10, 2e-20, 3e-20, 2e-20, 2e-20, -1
-0.555931, 0.363618, 0.838536, 0.05, -0.172133, -0.0508195, -0.205231, 0.272639, 1010.55, 16876.3, 10, 2e-20, 3e-20, 2e-20, 2e-20, -1
-0.50999, 0.427648, 1.22504, 0.05, 0.383323, 0.292873, -0.0123598, 0.48256, 994.443, -8891.16, 10, 2e-20, 3e-20, 2e-20, 2e-20, -1
-0.544101, 0.452111, 1.02706, 0.05, -0.0557063, 0.0724287, -0.0774115, 0.119757, 995.948, -6482.73, 10, 2e-20, 3e-20, 2e-20, 2e-20, -1
-0.58347, 0.438403, 1.14342, 0.05, 0.0534337, 0.0431969, -0.0271122, 0.0738662, 998.312, -2700.11, 10, 2e-20, 3e-20, 2e-20, 2e-20, -1
-0.492985, 0.403992, 1.00642, 0.05, 0.0154981, -0.0558459, -0.283768, 0.289626, 997.887, -3380.87, 10, 2e-20, 3e-20, 2e-20, 2e-20, -1
-0.516035, 0.429721, 1.06102, 0.05, -0.134405, 0.0714293, -0.128833, 0.199411, 1001.23, 1967.26, 10, 2e-20, 3e-20, 2e-20, 2e-20, -1
-0.479848, 0.428402, 1.05765, 0.05, 0.266493, 0.0308827, -0.208332, 0.339669, 1004.38, 7007.04, 10, 2e-20, 3e-20, 2e-20, 2e-20, -1
-0.472807, 0.392648, 1.17445, 0.05, 0.0069835, -0.00672801, 0.164237, 0.164523, 1010.13, 16204.5, 10, 2e-20, 3e-20, 2e-20, 2e-20, -1
-0.618086, 0.432551, 1.26034, 0.05, -0.0941772, 0.123904, -0.361634, 0.393702, 1006.38, 10207.3, 10, 2e-20, 3e-20, 2e-20, 2e-20, -1
-0.445443, 0.402996, 1.09548, 0.05, 0.299364, -0.0028507, -0.354295, 0.463845, 1005.79, 9256.25, 10, 2e-20, 3e-20, 2e-20, 2e-20, -1
-0.409361, 0.365287, 1.10633, 0.05, 0.25092, -0.118999, -0.113193, 0.29989, 995.821, -6685.83, 10, 2e-20, 3e-20, 2e-20, 2e-20, -1
-0.366974, 0.334581, 1.11359, 0.05, 0.0803605, -0.108607, -0.255459, 0.288986, 1002.77, 4432.03, 10, 2e-20, 3e-20, 2e-20, 2e-20, -1
-0.497264, 0.418439, 1.34976, 0.05, 0.220089, -0.390815, -0.608605, 0.756027, 1003.01, 4821.72, 10, 2e-20, 3e-20, 2e-20, 2e-20, -1
-0.454279, 0.380727, 1.2775, 0.05, 0.224302, 0.320837, -0.0433297, 0.393859, 1004.24, 6781.99, 10, 2e-20, 3e-20, 2e-20, 2e-20, -1
-0.567682, 0.420989, 1.34037, 0.05, 0.137016, 0.0592265, -0.0461526, 0.156241, 1000.18, 285.854, 10, 2e-20, 3e-20, 2e-20, 2e-20, -1
-0.402302, 0.336483, 1.27099, 0.05, 0.107815, 0.163289, -0.233459, 0.304615, 1002.33, 3735.27, 10, 2e-20, 3e-20, 2e-20, 2e-20, -1
-0.362233, 0.261433, 1.16938, 0.05, -0.206996, -0.258299, -0.0799638, 0.340529, 1004.41, 7050.36, 10, 2e-20, 3e-20, 2e-20, 2e-20, -1
-0.421514, 0.321476, 1.29666, 0.05, -0.022975, 0.102435, -0.153968, 0.186351, 997.145, -4567.53, 10, 2e-20, 3e-20, 2e-20, 2e-20, -1
-0.68059, 0.451312, 0.119767, 0.05, 0.812599, -0.0560279, 1.08956, 1.36036, 991.401, -13758.5, 10, 2e-20, 3e-20, 2e-20, 2e-20, -1
-0.646676, 0.485112, 0.0525575, 0.05, -0.878996, -0.382899, -0.311302, 1.00804, 1034.61, 55377.2, 10, 2e-20, 3e-20, 2e-20, 2e-20, -1
-0.711087, 0.490579, 0.15868, 0.05, -0.274221, -0.209972, -0.0114786, 0.345568, 1034.82, 55707, 10, 2e-20, 3e-20, 2e-20, 2e-20, -1
-0.817733, 0.496599, 0.537001, 0.05, -0.106156, 0.112763, -0.0354418, 0.158874, 1011.36, 18172.2, 10, 2e-20, 3e-20, 2e-20, 2e-20, -1
-0.574098, -0.499149, 2.02463, 0.05, 0.00561083, 0.00655615, -1.21314, 1.21317, 1000.17, 272.456, 10, 2e-20, 3e-20, 2e-20, 2e-20, -1
-0.787881, 0.494099, 0.657217, 0.05, 0.0143691, 0.074098, -0.155399, 0.17276, 1008.07, 12905.5, 10, 2e-20, 3e-20, 2e-20, 2e-20, -1
-0.642815, 0.456954, 0.399364, 0.05, -0.373315, -0.0368802, -0.0471818, 0.378088, 1006.81, 10898.1, 10, 2e-20, 3e-20, 2e-20, 2e-20, -1
-0.709583, 0.49651, 0.577083, 0.05, 0.174158, -0.170913, -0.231751, 0.336527, 1006.53, 10440.4, 10, 2e-20, 3e-20, 2e-20, 2e-20, -1
-0.697036, 0.488866, 0.67911, 0.05, -0.155077, 0.053986, 0.0289182, 0.166732, 995.462, -7260.26, 10, 2e-20, 3e-20, 2e-20, 2e-20, -1
-0.74377, 0.495388, 0.914717, 0.05, 0.065331, 0.0426606, 0.0287264, 0.083146, 1004.58, 7334.57, 10, 2e-20, 3e-20, 2e-20, 2e-20, -1
-0.266592, -0.434808, 1.45934, 0.05, -0.0225472, -0.217773, 0.414325, 0.468613, 1002.68, 4282.92, 10, 2e-20, 3e-20, 2e-20, 2e-20, -1
-0.81651, 0.495697, 1.0789, 0.05, -0.121787, -0.0274306, 0.268835, 0.296407, 1005.44, 8697.49, 10, 2e-20, 3e-20, 2e-20, 2e-20, -1
-0.171502, -0.497596, 2.33224, 0.05, 0.00418432, 0.00286285, -1.25034, 1.25035, 999.947, -84.1597, 10, 2e-20, 3e-20, 2e-20, 2e-20, -1
-0.70336, 0.444896, 0.558099, 0.05, -0.0507371, 0.400737, -0.0736364, 0.410593, 1009.63, 15409.4, 10, 2e-20, 3e-20, 2e-20, 2e-20, -1
-0.808271, 0.491545, 1.01823, 0.05, -0.143357, -0.0249756, 0.00449628, 0.145585, 1003.16, 5050.76, 10, 2e-20, 3e-20, 2e-20, 2e-20, -1
-0.655854, 0.39628, 1.34681, 0.05, 0.232949, -0.0958792, -0.426341, 0.495202, 994.111, -9422.45, 10, 2e-20, 3e-20, 2e-20, 2e-20, -1
-0.69366, 0.49685, 0.794927, 0.05, -0.0275555, 0.0462472, 0.03219, 0.0627241, 1012.26, 19623.2, 10, 2e-20, 3e-20, 2e-20, 2e-20, -1
-0.678486, 0.495739, 1.06769, 0.05, -0.0146016, 0.0500687, 0.049977, 0.0722343, 1005.07, 8106.71, 10, 2e-20, 3e-20, 2e-20, 2e-20, -1
-0.743712, 0.498687, 0.813627, 0.05, -0.224314, 0.0640827, 0.183879, 0.297043, 1009.49, 15186.9, 10, 2e-20, 3e-20, 2e-20, 2e-20, -1
-0.629587, 0.493122, 1.14915, 0.05, 0.0242682, -0.0627053, -0.0756171, 0.101187, 1001.13, 1805.17, 10, 2e-20, 3e-20, 2e-20, 2e-20, -1
-0.652868, 0.46868, 0.949749, 0.05, -0.00578942, -0.220534, 0.102458, 0.243241, 999.48, -831.241, 10, 2e-20, 3e-20, 2e-20, 2e-20, -1
-0.593981, 0.479404, 1.11159, 0.05, -0.037374, 0.0323125, 0.256888, 0.261595, 1003.04, 4856.55, 10, 2e-20, 3e-20, 2e-20, 2e-20, -1
-0.555641, 0.45044, 0.879281, 0.05, -0.0391863, 0.0028585, -0.170507, 0.174976, 994.377, -8996.55, 10, 2e-20, 3e-20, 2e-20, 2e-20, -1
-0.537522, 0.464401, 1.27496, 0.05, -0.145532, 0.28644, -0.274353, 0.422489, 994.744, -8408.84, 10, 2e-20, 3e-20, 2e-20, 2e-20, -1
-0.741292, 0.499902, 1.01611, 0.05, 0.0749564, 0.11578, -0.102417, 0.171793, 995.685, -6903.46, 10, 2e-20, 3e-20, 2e-20, 2e-20, -1
-0.49811, 0.501867, 1.14694, 0.05, -0.370838, -0.168976, 0.0607685, 0.412028, 1002.01, 3208.23, 10, 2e-20, 3e-20, 2e-20, 2e-20, -1
-0.573358, 0.487546, 0.954261, 0.05, -0.139825, 0.0228828, 0.0687657, 0.157491, 1008.44, 13503.2, 10, 2e-20, 3e-20, 2e-20, 2e-20, -1
-0.610515, 0.447983, 1.23572, 0.05, -0.0381789, 0.0938877, -0.229134, 0.250549, 999.115, -1415.84, 10, 2e-20, 3e-20, 2e-20, 2e-20, -1
-0.576013, 0.492273, 1.2517, 0.05, -0.00296356, 0.259583, -0.0995732, 0.278041, 990.204, -15673.1, 10, 2e-20, 3e-20, 2e-20, 2e-20, -1
-0.473479, 0.450854, 1.23856, 0.05, 0.10004, -0.171203, -0.261588, 0.328248, 993.665, -10136.2, 10, 2e-20, 3e-20, 2e-20, 2e-20, -1
-0.430895, 0.446625, 1.24592, 0.05, 0.0614573, 0.149614, -0.177925, 0.240456, 995.536, -7143.06, 10, 2e-20, 3e-20, 2e-20, 2e-20, -1
-0.663381, 0.413198, 1.26812, 0.05, -0.092465, -0.0246353, -0.35333, 0.366059, 1005.69, 9098.11, 10, 2e-20, 3e-20, 2e-20, 2e-20, -1
-0.484797, 0.497452, 1.24039, 0.05, 0.306383, 0.309855, 0.281419, 0.518727, 996.824, -5081.15, 10, 2e-20, 3e-20, 2e-20, 2e-20, -1
-0.556193, 0.470569, 1.36854, 0.05, 0.0642995, 0.199364, -0.175219, 0.273097, 1001.62, 2585.46, 10, 2e-20, 3e-20, 2e-20, 2e-20, -1
-0.465643, 0.42693, 1.29156, 0.05, -0.145608, -0.577718, -0.340545, 0.686244, 990.95, -14479.6, 10, 2e-20, 3e-20, 2e-20, 2e-20, -1
-0.556017, 0.496331, 1.34104, 0.05, -0.265139, -0.379185, -0.342266, 0.575522, 994.175, -9319.66, 10, 2e-20, 3e-20, 2e-20, 2e-20, -1
-0.669231, 0.345514, 1.27627, 0.05, 0.00176095, -0.063104, -0.450006, 0.454413, 1007.79, 12471.4, 10, 2e-20, 3e-20, 2e-20, 2e-20, -1
-0.585761, 0.37858, 1.23684, 0.05, 0.0577058, -0.110477, -0.279738, 0.306249, 994.157, -9348.17, 10, 2e-20, 3e-20, 2e-20, 2e-20, -1
-0.717438, -0.164722, 1.2616, 0.05, 0.0415879, 0.0288962, -0.0843232, 0.0983613, 1004.62, 7391.27, 10, 2e-20, 3e-20, 2e-20, 2e-20, -1
-0.896762, 0.195943, 1.35177, 0.05, 0.999574, -0.705433, 0.572895, 1.35092, 1000.97, 1559.98, 10, 2e-20, 3e-20, 2e-20, 2e-20, -1
-0.666716, 0.450001, 1.32592, 0.05, -0.0297176, -0.069059, -0.276664, 0.286697, 1000.54, 856.555, 10, 2e-20, 3e-20, 2e-20, 2e-20, -1
-0.744382, 0.122948, 1.32456, 0.05, 0.130148, -0.27096, -0.4997, 0.583145, 1007.88, 12606.8, 10, 2e-20, 3e-20, 2e-20, 2e-20, -1
-0.371327, 0.311479, 1.16031, 0.05, 0.232626, 0.0525252, -0.355572, 0.428141, 1011.59, 18549.7, 10, 2e-20, 3e-20, 2e-20, 2e-20, -1
-0.852664, 0.194669, 1.22092, 0.05, 0.493307, -0.115718, 0.004284, 0.506716, 1000.61, 968.522, 10, 2e-20, 3e-20, 2e-20, 2e-20, -1
-0.456615, 0.326849, 1.19953, 0.05, -0.148442, 0.189899, -0.35723, 0.430941, 1000.53, 845.839, 10, 2e-20, 3e-20, 2e-20, 2e-20, -1
-0.735521, 0.167367, 1.27841, 0.05, 0.358164, -0.1404, -0.247819, 0.457611, 991.462, -13660.1, 10, 2e-20, 3e-20, 2e-20, 2e-20, -1
-0.780722, 0.193855, 1.33627, 0.05, 0.23779, -0.122164, -0.455643, 0.528279, 999.172, -1324.5, 10, 2e-20, 3e-20, 2e-20, 2e-20, -1
-0.810849, 0.212454, 1.27937, 0.05, 0.144342, -0.340927, -0.373161, 0.525657, 998.605, -2232.55, 10, 2e-20, 3e-20, 2e-20, 2e-20, -1
-0.966587, 0.184444, 1.29476, 0.05, -0.178277, -0.192236, -0.203062, 0.33162, 1009.47, 15147.2, 10, 2e-20, 3e-20, 2e-20, 2e-20, -1
-0.403546, 0.315555, 1.35951, 0.05, 0.286329, 0.21881, 0.0813023, 0.369421, 1008.18, 13090.3, 10, 2e-20, 3e-20, 2e-20, 2e-20, -1
-0.501467, 0.364438, 1.32266, 0.05, 0.311296, 0.143881, -0.426944, 0.54762, 996.969, -4848.84, 10, 2e-20, 3e-20, 2e-20, 2e-20, -1
-0.659488, -0.495781, 0.0494664, 0.05, -0.0146224, 0.0699254, -0.0468246, 0.0854162, 1013.29, 21266.1, 10, 2e-20, 3e-20, 2e-20, 2e-20, -1
-0.599841, -0.491367, 0.0640152, 0.05, -0.0792718, 0.141052, 0.195371, 0.253672, 1021.21, 33928.8, 10, 2e-20, 3e-20, 2e-20, 2e-20, -1
-0.644581, -0.494802, 0.275793, 0.05, -0.00508494, 0.0202381, 0.0582159, 0.0618428, 1019.37, 30998.9, 10, 2e-20, 3e-20, 2e-20, 2e-20, -1
-0.700229, -0.494589, 0.284259, 0.05, -0.0520046, 0.155243, 0.14381, 0.217914, 1014.84, 23746, 10, 2e-20, 3e-20, 2e-20, 2e-20, -1
-0.674907, -0.459733, 0.235886, 0.05, 0.0682688, -0.0382387, 0.147042, 0.166566, 1012.93, 20680.8, 10, 2e-20, 3e-20, 2e-20, 2e-20, -1
-0.541543, -0.493317, 0.347752, 0.05, 0.0729921, 0.0965631, -0.0411722, 0.127857, 1008.55, 13673.9, 10, 2e-20, 3e-20, 2e-20, 2e-20, -1
-0.594897, -0.499588, 0.374048, 0.05, 0.24071, -0.0908682, -0.0323741, 0.259319, 1010.57, 16915.9, 10, 2e-20, 3e-20, 2e-20, 2e-20, -1
-0.542982, -0.496955, 0.413667, 0.05, 6.064e-05, 0.0311956, -0.0616955, 0.069134, 1008.01, 12814.4, 10, 2e-20, 3e-20, 2e-20, 2e-20, -1
-0.535426, -0.47016, 0.46213, 0.05, -0.0604508, 0.0234179, 0.084986, 0.106889, 993.35, -10639.5, 10, 2e-20, 3e-20, 2e-20, 2e-20, -1
-0.536047, -0.495761, 0.506872, 0.05, 0.122662, 0.00467236, -0.0130566, 0.123443, 1003.61, 5772.3, 10, 2e-20, 3e-20, 2e-20, 2e-20, -1
-0.5845, -0.491773, 0.608922, 0.05, 0.142993, -0.0732551, 0.248263, 0.295716, 1012.62, 20195.8, 10, 2e-20, 3e-20, 2e-20, 2e-20, -1
-0.561198, -0.496832, 0.692035, 0.05, 0.187433, -0.0475344, -0.00834771, 0.193547, 998.849, -1841.77, 10, 2e-20, 3e-20, 2e-20, 2e-20, -1
-0.625853, -0.496539, 0.711256, 0.05, 0.053845, -0.0559808, 0.0240982, 0.0813257, 1007.11, 11380, 10, 2e-20, 3e-20, 2e-20, 2e-20, -1
-0.545736, -0.492738, 0.644017, 0.05, -0.0756095, -0.028642, 0.359799, 0.368772, 1005.59, 8943, 10, 2e-20, 3e-20, 2e-20, 2e-20, -1
-0.663203, -0.496521, 0.808227, 0.05, -0.130702, -0.0353997, 0.132006, 0.189108, 1004.99, 7979.98, 10, 2e-20, 3e-20, 2e-20, 2e-20, -1
-0.543054, -0.49457, 0.814878, 0.05, -0.203145, 0.0650173, 0.196685, 0.290138, 1000.55, 887.493, 10, 2e-20, 3e-20, 2e-20, 2e-20, -1
-0.639601, -0.499982, 0.878659, 0.05, 0.138374, 0.0307837, 0.175246, 0.225403, 1004.33, 6921.41, 10, 2e-20, 3e-20, 2e-20, 2e-20, -1
-0.600522, -0.497993, 0.922175, 0.05, 0.11943, 0.111392, -0.000607859, 0.163316, 999.794, -330.099, 10, 2e-20, 3e-20, 2e-20, 2e-20, -1
-0.58709, -0.497955, 0.858488, 0.05, 0.196068, -0.0226, 0.302897, 0.361525, 1004.63, 7405.55, 10, 2e-20, 3e-20, 2e-20, 2e-20, -1
-0.609849, -0.465166, 0.751536, 0.05, -0.114896, 0.115939, 0.136118, 0.212535, 1009.55, 15281.3, 10, 2e-20, 3e-20, 2e-20, 2e-20, -1
-0.632616, -0.479571, 0.973318, 0.05, 0.121513, -0.0372963, 0.171854, 0.213752, 1006.73, 10774.8, 10, 2e-20, 3e-20, 2e-20, 2e-20, -1
-0.572314, -0.458444, 0.890573, 0.05, -0.0369068, -0.11484, 0.212636, 0.244467, 1003.11, 4978.65, 10, 2e-20, 3e-20, 2e-20, 2e-20, -1
-0.626807, -0.475448, 1.03876, 0.05, 0.162699, 0.108159, 0.110148, 0.224281, 1003.67, 5877.49, 10, 2e-20, 3e-20, 2e-20, 2e-20, -1
-0.577267, -0.503216, 1.02896, 0.05, -0.0283705, -0.0216883, 0.110594, 0.116216, 1005.15, 8242.88, 10, 2e-20, 3e-20, 2e-20, 2e-20, -1
-0.638857, -0.502563, 1.00295, 0.05, 0.104957, 0.120815, 0.0891126, 0.183176, 1002.56, 4103.02, 10, 2e-20, 3e-20, 2e-20, 2e-20, -1
-0.594223, -0.503418, 1.36245, 0.05, -0.150807, -0.122879, 0.149957, 0.245619, 1007.98, 12772.3, 10, 2e-20, 3e-20, 2e-20, 2e-20, -1
-0.610533, -0.439516, 1.04508, 0.05, -0.0146301, 0.0273226, 0.0754502, 0.0815677, 1001.48, 2364.67, 10, 2e-20, 3e-20, 2e-20, 2e-20, -1
-0.637988, -0.366734, 0.865696, 0.05, -0.00492485, -0.0518464, 0.135615, 0.145271, 1003.44, 5506.21, 10, 2e-20, 3e-20, 2e-20, 2e-20, -1
-0.210392, -0.146211, 1.35917, 0.05, 0.0339389, 0.0587557, 0.115883, 0.134287, 1004.26, 6819.39, 10, 2e-20, 3e-20, 2e-20, 2e-20, -1
-0.610814, -0.472859, 1.14186, 0.05, 0.00489899, -0.179995, 0.245215, 0.304225, 998.738, -2018.67, 10, 2e-20, 3e-20, 2e-20, 2e-20, -1
-0.514902, -0.44865, 1.27223, 0.05, -0.0114936, 0.237, 0.100925, 0.25785, 1001.3, 2077.21, 10, 2e-20, 3e-20, 2e-20, 2e-20, -1
-0.523835, -0.494324, 1.21359, 0.05, 0.0395207, -0.0853039, -0.0362548, 0.100762, 998.572, -2285.57, 10, 2e-20, 3e-20, 2e-20, 2e-20, -1
-0.564799, -0.47042, 1.21155, 0.05, 0.0802729, -0.0148958, 0.228189, 0.242355, 1003.61, 5780.48, 10, 2e-20, 3e-20, 2e-20, 2e-20, -1
-0.454396, -0.406113, 1.34921, 0.05, 0.368657, 0.0325243, 0.525528, 0.642764, 996.552, -5517.54, 10, 2e-20, 3e-20, 2e-20, 2e-20, -1
-0.523919, -0.449431, 1.12344, 0.05, 0.0465495, 0.0210103, 0.0246272, 0.0566991, 1001.02, 1631.81, 10, 2e-20, 3e-20, 2e-20, 2e-20, -1
-0.502542, -0.405467, 1.2884, 0.05, -0.121109, 0.0575533, 0.218654, 0.256495, 1000.15, 239.162, 10, 2e-20, 3e-20, 2e-20, 2e-20, -1
-0.493216, -0.395501, 1.44772, 0.05, 0.0751119, -0.280979, 0.355041, 0.458961, 997.618, -3810.83, 10, 2e-20, 3e-20, 2e-20, 2e-20, -1
-0.552822, -0.33614, 1.32573, 0.05, 0.315407, -0.0355006, 0.243926, 0.400302, 997.454, -4073.1, 10, 2e-20, 3e-20, 2e-20, 2e-20, -1
-0.497059, -0.298279, 1.37263, 0.05, 0.16908, -0.0750267, 0.136394, 0.229827, 999.958, -67.5545, 10, 2e-20, 3e-20, 2e-20, 2e-20, -1
-0.449391, -0.251237, 1.39881, 0.05, 0.153008, -0.0951682, 0.197165, 0.2671, 996.164, -6137.53, 10, 2e-20, 3e-20, 2e-20, 2e-20, -1
-0.541978, -0.430514, 1.42173, 0.05, 0.148928, -0.256014, 0.433922, 0.525367, 1005.18, 8280.26, 10, 2e-20, 3e-20, 2e-20, 2e-20, -1
-0.724045, -0.372048, 1.22116, 0.05, 0.0263812, -0.109918, 0.150312, 0.188074, 1007.26, 11618.7, 10, 2e-20, 3e-20, 2e-20, 2e-20, -1
-0.503113, -0.501566, 1.37445, 0.05, -0.00980419, 0.300051, 0.193762, 0.35731, 993.345, -10647.6, 10, 2e-20, 3e-20, 2e-20, 2e-20, -1
-0.428474, -0.439983, 1.37845, 0.05, 0.0732609, 0.0689686, 0.0862387, 0.132518, 1002.54, 4069.64, 10, 2e-20, 3e-20, 2e-20, 2e-20, -1
-0.665918, -0.20341, 1.22135, 0.05, 0.0967719, -0.17426, 0.0194323, 0.200272, 998.538, -2339.91, 10, 2e-20, 3e-20, 2e-20, 2e-20, -1
-0.384221, -0.269494, 1.29784, 0.05, 0.130433, 0.0112574, 0.117689, 0.17604, 1002.93, 4690.59, 10, 2e-20, 3e-20, 2e-20, 2e-20, -1
-0.602543, -0.446026, 1.39577, 0.05, 0.243887, -0.169826, 0.356517, 0.46414, 1005.4, 8636.36, 10, 2e-20, 3e-20, 2e-20, 2e-20, -1
-0.406022, -0.356467, 1.36292, 0.05, 0.152209, 0.00965694, 0.385563, 0.414632, 1002.17, 3471.3, 10, 2e-20, 3e-20, 2e-20, 2e-20, -1
-0.382454, -0.288897, 1.22529, 0.05, 0.137577, -0.0258113, 0.216949, 0.258186, 999.347, -1044.12, 10, 2e-20, 3e-20, 2e-20, 2e-20, -1
-0.45105, -0.430068, 1.3788, 0.05, 0.136125, -0.0727121, 0.327218, 0.361785, 1003.55, 5679.26, 10, 2e-20, 3e-20, 2e-20, 2e-20, -1
-0.139572, -0.310102, 1.46931, 0.05, -0.097078, -0.290531, 0.0365349, 0.308492, 1005.51, 8808.97, 10, 2e-20, 3e-20, 2e-20, 2e-20, -1
-0.646972, -0.451856, 0.0573303, 0.05, -0.115978, -0.126281, 0.0729884, 0.186347, 1010.69, 17109.2, 10, 2e-20, 3e-20, 2e-20, 2e-20, -1
-0.666576, -0.497345, 0.101928, 0.05, 0.16182, 0.167712, -0.129923, 0.266821, 1014.82, 23708.5, 10, 2e-20, 3e-20, 2e-20, 2e-20, -1
-0.642064, -0.498859, 0.16698, 0.05, 0.0722063, 0.115891, 0.248471, 0.283518, 1002.55, 4072.93, 10, 2e-20, 3e-20, 2e-20, 2e-20, -1
-0.721714, -0.445465, 0.190825, 0.05, -0.0198767, -0.0481089, -0.0136795, 0.0538208, 1008.09, 12938.8, 10, 2e-20, 3e-20, 2e-20, 2e-20, -1
-0.618881, -0.456105, 0.21447, 0.05, 0.0252598, 0.00608025, -0.0238133, 0.0352434, 1004.41, 7057.51, 10, 2e-20, 3e-20, 2e-20, 2e-20, -1
-0.632211, -0.437009, 0.261037, 0.05, -0.0201348, 0.153603, 0.187275, 0.243045, 1003.58, 5728.83, 10, 2e-20, 3e-20, 2e-20, 2e-20, -1
-0.634177, -0.412678, 0.175069, 0.05, 0.0272801, 0.01737, 0.121401, 0.125635, 1006.55, 10477.2, 10, 2e-20, 3e-20, 2e-20, 2e-20, -1
-0.543808, -0.44677, 0.266982, 0.05, 0.228006, -0.177653, -0.191304, 0.346619, 1008.03, 12848, 10, 2e-20, 3e-20, 2e-20, 2e-20, -1
-0.541691, -0.450523, 0.38346, 0.05, -0.0562569, -0.0327201, 0.0946889, 0.114897, 1004.22, 6745.43, 10, 2e-20, 3e-20, 2e-20, 2e-20, -1
-0.536543, -0.437338, 0.423269, 0.05, -0.0881344, 0.00318395, 0.0426222, 0.0979513, 1000.46, 732.046, 10, 2e-20, 3e-20, 2e-20, 2e-20, -1
-0.58303, -0.428173, 0.393596, 0.05, -0.0712447, -0.138856, 0.0467556, 0.16292, 1000.21, 337.785, 10, 2e-20, 3e-20, 2e-20, 2e-20, -1
-0.579315, -0.390678, 0.455396, 0.05, 0.00256464, 0.000183869, 0.0435232, 0.0435991, 1002.65, 4238.23, 10, 2e-20, 3e-20, 2e-20, 2e-20, -1
-0.607147, -0.390063, 0.415118, 0.05, -0.161941, -0.0233332, 0.00487206, 0.163686, 1003.34, 5347.18, 10, 2e-20, 3e-20, 2e-20, 2e-20, -1
-0.576649, -0.407941, 0.534952, 0.05, -0.0186354, -0.0588779, -0.0326441, 0.0698535, 1002.07, 3307.99, 10, 2e-20, 3e-20, 2e-20, 2e-20, -1
-0.590083, -0.43787, 0.586262, 0.05, 0.116576, -0.0317498, 0.0341926, 0.125567, 1003.43, 5494.47, 10, 2e-20, 3e-20, 2e-20, 2e-20, -1
-0.627744, -0.396949, 0.516984, 0.05, -0.0294837, -0.163588, 0.00539983, 0.166311, 999.838, -259.559, 10, 2e-20, 3e-20, 2e-20, 2e-20, -1
-0.553044, -0.438781, 0.615512, 0.05, 0.0587085, -0.0632035, -0.0578895, 0.103887, 998.567, -2292.2, 10, 2e-20, 3e-20, 2e-20, 2e-20, -1
-0.542176, -0.433762, 0.571186, 0.05, 0.0707003, 0.0585629, 0.00643714, 0.0920303, 1003.96, 6339.46, 10, 2e-20, 3e-20, 2e-20, 2e-20, -1
-0.636718, -0.419027, 0.612514, 0.05, -0.0352761, -0.0446038, 0.122016, 0.134618, 1003.55, 5674.43, 10, 2e-20, 3e-20, 2e-20, 2e-20, -1
-0.55915, -0.389179, 0.586613, 0.05, -0.132042, -0.0601946, 0.0599072, 0.156995, 1007.22, 11552.3, 10, 2e-20, 3e-20, 2e-20, 2e-20, -1
-0.589128, -0.400782, 0.627454, 0.05, -0.0467838, 0.052477, 0.0794855, 0.106116, 1004.24, 6784.42, 10, 2e-20, 3e-20, 2e-20, 2e-20, -1
-0.623931, -0.420256, 0.667353, 0.05, -0.0171801, 0.0471891, 0.0636774, 0.0810973, 1005.98, 9571.67, 10, 2e-20, 3e-20, 2e-20, 2e-20, -1
-0.528044, -0.437145, 0.903715, 0.05, -0.0460418, -0.0455427, 0.0867309, 0.108242, 1000.41, 654.023, 10, 2e-20, 3e-20, 2e-20, 2e-20, -1
-0.574515, -0.416741, 0.687723, 0.05, 0.0402464, 0.00859619, 0.000821411, 0.0411624, 1002.55, 4075.2, 10, 2e-20, 3e-20, 2e-20, 2e-20, -1
-0.608267, -0.407801, 0.716916, 0.05, 0.013938, -0.0927141, 0.0649709, 0.114068, 1003.29, 5264.71, 10, 2e-20, 3e-20, 2e-20, 2e-20, -1
-0.579574, -0.452054, 0.943928, 0.05, -0.0407047, 0.0874384, 0.0840986, 0.127965, 1002.64, 4218.96, 10, 2e-20, 3e-20, 2e-20, 2e-20, -1
-0.530404, -0.443363, 0.948846, 0.05, 0.0715087, 0.0113362, 0.20131, 0.213934, 1003.67, 5868.08, 10, 2e-20, 3e-20, 2e-20, 2e-20, -1
-0.621543, -0.453679, 0.867436, 0.05, 0.173832, 0.0192654, 0.0947903, 0.198932, 1001.68, 2683.22, 10, 2e-20, 3e-20, 2e-20, 2e-20, -1
-0.619114, -0.412654, 0.84939, 0.05, -0.0355496, 0.0336699, 0.0603187, 0.0776903, 1003.72, 5956.02, 10, 2e-20, 3e-20, 2e-20, 2e-20, -1
-0.549192, -0.449171, 0.993266, 0.05, 0.111376, 0.208049, 0.277516, 0.364286, 998.128, -2995, 10, 2e-20, 3e-20, 2e-20, 2e-20, -1
-0.565257, -0.409501, 1.01464, 0.05, 0.314176, -0.15787, 0.146208, 0.380797, 1000.79, 1266, 10, 2e-20, 3e-20, 2e-20, 2e-20, -1
-0.640284, -0.412273, 0.896739, 0.05, 0.0409678, -0.00410564, 0.1385, 0.144491, 1000.38, 605.683, 10, 2e-20, 3e-20, 2e-20, 2e-20, -1
-0.593481, -0.412452, 0.92312, 0.05, -0.0261093, -0.0111316, 0.0304396, 0.0416194, 999.825, -279.843, 10, 2e-20, 3e-20, 2e-20, 2e-20, -1
-0.511338, -0.379802, 1.03185, 0.05, -0.026833, -0.133337, 0.0952774, 0.166061, 1004.82, 7710.15, 10, 2e-20, 3e-20, 2e-20, 2e-20, -1
-0.556391, -0.40351, 0.952337, 0.05, 0.0289143, -0.0241246, 0.236345, 0.239327, 1000.82, 1318.07, 10, 2e-20, 3e-20, 2e-20, 2e-20, -1
-0.48812, -0.37989, 1.07003, 0.05, 0.127758, 0.0431068, 0.208786, 0.24854, 998.96, -1663.89, 10, 2e-20, 3e-20, 2e-20, 2e-20, -1
-0.489311, -0.385235, 1.11079, 0.05, 0.0943759, 0.0105789, 0.131972, 0.16259, 997.407, -4149.11, 10, 2e-20, 3e-20, 2e-20, 2e-20, -1
-0.530179, -0.365937, 1.07497, 0.05, -0.00585957, 0.0738387, 0.130851, 0.150361, 1003.2, 5117, 10, 2e-20, 3e-20, 2e-20, 2e-20, -1
-0.495893, -0.401518, 1.14958, 0.05, 0.0352059, -0.0241542, 0.24661, 0.250279, 1002.15, 3445.58, 10, 2e-20, 3e-20, 2e-20, 2e-20, -1
-0.522971, -0.384649, 1.1299, 0.05, -0.0265867, -0.00349945, 0.151168, 0.153528, 998.465, -2456.41, 10, 2e-20, 3e-20, 2e-20, 2e-20, -1
-0.451958, -0.39791, 1.14223, 0.05, 0.123647, 0.0639763, 0.137816, 0.195895, 998.474, -2441.12, 10, 2e-20, 3e-20, 2e-20, 2e-20, -1
-0.493569, -0.3266, 1.05853, 0.05, 0.0421662, 0.00120896, 0.190912, 0.195517, 1007.11, 11374.6, 10, 2e-20, 3e-20, 2e-20, 2e-20, -1
-0.474424, -0.37757, 1.18967, 0.05, -0.00666175, 0.0468419, 0.0681876, 0.0829945, 996.936, -4901.96, 10, 2e-20, 3e-20, 2e-20, 2e-20, -1
-0.439027, -0.250889, 1.12538, 0.05, -0.127122, 0.000820615, 0.0251414, 0.129587, 1002.83, 4528.59, 10, 2e-20, 3e-20, 2e-20, 2e-20, -1
-0.464072, -0.335856, 1.15584, 0.05, 0.142398, -0.183818, 0.210878, 0.313904, 997.869, -3409.36, 10, 2e-20, 3e-20, 2e-20, 2e-20, -1
-0.44198, -0.248036, 1.1753, 0.05, -0.0293043, -0.0151898, 0.229745, 0.232104, 1002.08, 3331.53, 10, 2e-20, 3e-20, 2e-20, 2e-20, -1
-0.347591, -0.265876, 1.19784, 0.05, 0.10352, -0.124613, 0.0264883, 0.164154, 997.956, -3269.93, 10, 2e-20, 3e-20, 2e-20, 2e-20, -1
-0.406127, -0.279624, 1.16324, 0.05, 0.120618, -0.150897, 0.169732, 0.257153, 1001.94, 3100.57, 10, 2e-20, 3e-20, 2e-20, 2e-20, -1
-0.368789, -0.228131, 1.20322, 0.05, -0.00920585, -0.0562618, 0.0951964, 0.110962, 1003.4, 5440.08, 10, 2e-20, 3e-20, 2e-20, 2e-20, -1
-0.372148, -0.200634, 1.24137, 0.05, 0.0381228, -0.176308, 0.182547, 0.256635, 1000.41, 650.664, 10, 2e-20, 3e-20, 2e-20, 2e-20, -1
-0.273343, -0.195262, 1.26143, 0.05, -0.0378683, -0.146445, 0.144265, 0.209027, 996.84, -5055.76, 10, 2e-20, 3e-20, 2e-20, 2e-20, -1
-0.657253, -0.40344, 0.0516425, 0.05, -0.0106303, 0.16806, -0.0763785, 0.184908, 1006.82, 10919.5, 10, 2e-20, 3e-20, 2e-20, 2e-20, -1
-0.701381, -0.446669, 0.0500538, 0.05, 0.0994186, 0.185664, -0.0183177, 0.211402, 1011.16, 17863.4, 10, 2e-20, 3e-20, 2e-20, 2e-20, -1
-0.651827, -0.452597, 0.110076, 0.05, 0.146796, -0.0310705, -0.0148631, 0.150782, 1008.31, 13297.4, 10, 2e-20, 3e-20, 2e-20, 2e-20, -1
-0.618488, -0.500024, 0.12479, 0.05, 0.0320245, 0.210376, -0.106653, 0.23803, 1006.37, 10195.3, 10, 2e-20, 3e-20, 2e-20, 2e-20, -1
-0.645588, -0.416396, 0.12503, 0.05, -0.0808189, -0.1228, -0.00849319, 0.147253, 994.398, -8963.1, 10, 2e-20, 3e-20, 2e-20, 2e-20, -1
-0.602597, -0.365201, 0.14876, 0.05, 0.0800206, 0.0312307, 0.00416759, 0.0860001, 1008.41, 13456.7, 10, 2e-20, 3e-20, 2e-20, 2e-20, -1
-0.625378, -0.326512, 0.166478, 0.05, 0.106431, -0.0661371, 0.0532748, 0.136161, 1008.63, 13800.6, 10, 2e-20, 3e-20, 2e-20, 2e-20, -1
-0.629476, -0.370406, 0.203432, 0.05, 0.153294, -0.0581014, 0.0384291, 0.168379, 1009.16, 14649.1, 10, 2e-20, 3e-20, 2e-20, 2e-20, -1
-0.600573, -0.44734, 0.303465, 0.05, -0.136748, -0.0295609, 0.0572172, 0.151154, 1002.5, 4000.41, 10, 2e-20, 3e-20, 2e-20, 2e-20, -1
-0.567621, -0.409353, 0.293893, 0.05, -0.0593922, 0.0442291, 0.128196, 0.148046, 1005.01, 8018.18, 10, 2e-20, 3e-20, 2e-20, 2e-20, -1
-0.550418, -0.352909, 0.27273, 0.05, 0.0302536, 0.031309, 0.123127, 0.130598, 1007.19, 11503.7, 10, 2e-20, 3e-20, 2e-20, 2e-20, -1
-0.553795, -0.370625, 0.322209, 0.05, -0.0233848, 0.228172, 0.104545, 0.252069, 1005.5, 8794.02, 10, 2e-20, 3e-20, 2e-20, 2e-20, -1
-0.594135, -0.38808, 0.353914, 0.05, -0.0398438, 0.0972574, -0.0280641, 0.108785, 1006.74, 10781.5, 10, 2e-20, 3e-20, 2e-20, 2e-20, -1
-0.595855, -0.33393, 0.337187, 0.05, 0.182597, 0.015215, -0.144797, 0.233537, 1001.36, 2176.46, 10, 2e-20, 3e-20, 2e-20, 2e-20, -1
-0.567508, -0.345953, 0.473679, 0.05, 0.0018392, -0.00204931, -0.132225, 0.132254, 1001.46, 2342.8, 10, 2e-20, 3e-20, 2e-20, 2e-20, -1
-0.573674, -0.354172, 0.420953, 0.05, -0.0391207, 0.0386071, 0.0545583, 0.0774438, 1002.64, 4224.86, 10, 2e-20, 3e-20, 2e-20, 2e-20, -1
-0.540212, -0.378446, 0.495955, 0.05, 9.61401e-05, 0.0234661, -0.0436282, 0.0495388, 1002.45, 3915.67, 10, 2e-20, 3e-20, 2e-20, 2e-20, -1
-0.588981, -0.363901, 0.520521, 0.05, 0.069254, 0.032467, 0.106997, 0.131524, 1005.01, 8010.88, 10, 2e-20, 3e-20, 2e-20, 2e-20, -1
-0.588218, -0.30502, 0.453165, 0.05, -0.0522992, -0.0320839, 0.0133853, 0.0627993, 1006.79, 10869.1, 10, 2e-20, 3e-20, 2e-20, 2e-20, -1
-0.545462, -0.339056, 0.542028, 0.05, -0.0712872, 0.0937924, -0.0372953, 0.123571, 1000.77, 1238.73, 10, 2e-20, 3e-20, 2e-20, 2e-20, -1
-0.609772, -0.381913, 0.572676, 0.05, 0.0973312, -0.00298694, 0.00335197, 0.0974347, 1002.62, 4192.21, 10, 2e-20, 3e-20, 2e-20, 2e-20, -1
-0.586702, -0.335846, 0.569328, 0.05, 0.131305, -0.0347478, -0.00193575, 0.135838, 1013.32, 21311.2, 10, 2e-20, 3e-20, 2e-20, 2e-20, -1
-0.565599, -0.350945, 0.61658, 0.05, -0.0860436, -0.0295716, 0.101665, 0.136432, 1006.69, 10703.7, 10, 2e-20, 3e-20, 2e-20, 2e-20, -1
-0.594503, -0.310299, 0.629816, 0.05, 0.184619, -0.0472755, 0.0328176, 0.193381, 1001.22, 1949.49, 10, 2e-20, 3e-20, 2e-20, 2e-20, -1
-0.60287, -0.361549, 0.659853, 0.05, 0.0132286, -0.0863063, 0.0159038, 0.0887508, 1009.66, 15454.2, 10, 2e-20, 3e-20, 2e-20, 2e-20, -1
-0.597772, -0.420946, 0.766715, 0.05, 0.0772064, -0.0314799, 0.0876033, 0.120939, 1000.23, 364.278, 10, 2e-20, 3e-20, 2e-20, 2e-20, -1
-0.649351, -0.417406, 0.7868, 0.05, 0.0795217, 0.0355696, 0.196455, 0.214903, 1004.61, 7378.36, 10, 2e-20, 3e-20, 2e-20, 2e-20, -1
-0.63418, -0.377393, 0.756049, 0.05, 0.0477976, 0.118184, 0.170043, 0.212525, 1002.57, 4107.73, 10, 2e-20, 3e-20, 2e-20, 2e-20, -1
-0.574598, -0.381905, 0.764456, 0.05, -0.044293, -0.0166085, 0.0695035, 0.0840741, 1008.34, 13346.1, 10, 2e-20, 3e-20, 2e-20, 2e-20, -1
-0.554213, -0.339892, 0.725202, 0.05, -0.032751, -0.0540406, 0.183623, 0.194192, 1003.47, 5553.79, 10, 2e-20, 3e-20, 2e-20, 2e-20, -1
-0.58917, -0.377956, 0.83274, 0.05, -0.0567635, -0.122374, 0.111052, 0.174728, 1002.05, 3276.18, 10, 2e-20, 3e-20, 2e-20, 2e-20, -1
-0.57274, -0.414801, 0.873983, 0.05, -0.00673827, -0.0785862, 0.111354, 0.136459, 999.901, -158.773, 10, 2e-20, 3e-20, 2e-20, 2e-20, -1
-0.54427, -0.37302, 0.810274, 0.05, 0.021054, -0.112748, 0.0920151, 0.147045, 1000.94, 1501.49, 10, 2e-20, 3e-20, 2e-20, 2e-20, -1
-0.571175, -0.331651, 0.83851, 0.05, 0.0133527, 0.035147, 0.100023, 0.106856, 997.8, -3520.35, 10, 2e-20, 3e-20, 2e-20, 2e-20, -1
-0.590626, -0.373855, 0.885009, 0.05, -0.00418558, -0.068383, 0.0584149, 0.0900336, 1001.07, 1711.27, 10, 2e-20, 3e-20, 2e-20, 2e-20, -1
-0.564904, -0.316324, 0.894139, 0.05, -0.0665861, -0.030425, 0.174898, 0.189601, 1002.33, 3723.22, 10, 2e-20, 3e-20, 2e-20, 2e-20, -1
-0.587155, -0.363444, 0.966894, 0.05, 0.131972, -0.00250678, 0.170547, 0.21566, 1001.86, 2970.14, 10, 2e-20, 3e-20, 2e-20, 2e-20, -1
-0.559579, -0.358544, 0.927225, 0.05, 0.0553215, 0.0496512, 0.0581203, 0.0943593, 1000.6, 965.166, 10, 2e-20, 3e-20, 2e-20, 2e-20, -1
-0.601044, -0.320809, 0.940788, 0.05, -0.0199228, 0.0310397, 0.0254446, 0.0448085, 1004.95, 7921.76, 10, 2e-20, 3e-20, 2e-20, 2e-20, -1
-0.546442, -0.324931, 0.98135, 0.05, -0.0627342, -0.0346696, -0.0292357, 0.0774099, 996.211, -6062.02, 10, 2e-20, 3e-20, 2e-20, 2e-20, -1
-0.560769, -0.279659, 0.962418, 0.05, -0.0108109, -0.17102, 0.146013, 0.225133, 996.258, -5987.02, 10, 2e-20, 3e-20, 2e-20, 2e-20, -1
-0.51397, -0.252187, 0.9899, 0.05, -0.0702412, 0.00540733, 0.0689587, 0.0985818, 1000.26, 413.239, 10, 2e-20, 3e-20, 2e-20, 2e-20, -1
-0.527731, -0.310876, 1.02873, 0.05, 0.000152706, -0.0425405, 0.0548703, 0.0694296, 997.213, -4459.52, 10, 2e-20, 3e-20, 2e-20, 2e-20, -1
-0.495813, -0.267916, 1.07763, 0.05, 0.179796, -0.0222319, 0.0568622, 0.189879, 1000.52, 839.423, 10, 2e-20, 3e-20, 2e-20, 2e-20, -1
-0.513861, -0.216863, 1.11108, 0.05, 0.0148433, 6.3352e-05, 0.181345, 0.181952, 1001.65, 2635.09, 10, 2e-20, 3e-20, 2e-20, 2e-20, -1
-0.399588, -0.156531, 1.20919, 0.05, 0.113766, 0.0483117, 0.106409, 0.163094, 998.903, -1755.37, 10, 2e-20, 3e-20, 2e-20, 2e-20, -1
-0.433648, -0.137743, 1.17439, 0.05, 0.190233, -0.0556138, 0.150908, 0.249108, 1002.41, 3850.76, 10, 2e-20, 3e-20, 2e-20, 2e-20, -1
-0.360439, -0.119099, 1.24982, 0.05, -0.0576964, -0.0869736, 0.0597622, 0.12027, 1006.03, 9650.34, 10, 2e-20, 3e-20, 2e-20, 2e-20, -1
-0.349829, -0.115916, 1.36989, 0.05, 0.140086, -0.0700496, 0.124227, 0.199909, 1001.2, 1926.14, 10, 2e-20, 3e-20, 2e-20, 2e-20, -1
-0.315955, -0.13561, 1.31441, 0.05, 0.0860931, -0.000232376, 0.187906, 0.20669, 1003, 4794.4, 10, 2e-20, 3e-20, 2e-20, 2e-20, -1
-0.326388, -0.0309806, 1.39912, 0.05, 0.104952, 0.151582, 0.229003, 0.293997, 1005.64, 9027.48, 10, 2e-20, 3e-20, 2e-20, 2e-20, -1
-0.631333, -0.350789, 0.0462992, 0.05, 0.118979, -0.0380656, -0.00903695, 0.125246, 1002.81, 4490.73, 10, 2e-20, 3e-20, 2e-20, 2e-20, -1
-0.723945, -0.404874, 0.051713, 0.05, 0.0364683, 0.0783697, 0.188154, 0.20706, 1014.08, 22526.3, 10, 2e-20, 3e-20, 2e-20, 2e-20, -1
-0.678388, -0.384024, 0.0993705, 0.05, -0.100497, 0.151424, -0.116339, 0.215786, 1008.43, 13490.1, 10, 2e-20, 3e-20, 2e-20, 2e-20, -1
-0.677589, -0.325435, 0.138536, 0.05, 0.115297, -0.0360601, -0.134671, 0.180915, 1004.65, 7440.96, 10, 2e-20, 3e-20, 2e-20, 2e-20, -1
-0.63575, -0.34452, 0.109764, 0.05, -0.0327808, 0.128367, -0.0976577, 0.16459, 1006.65, 10646.7, 10, 2e-20, 3e-20, 2e-20, 2e-20, -1
-0.651985, -0.296458, 0.102961, 0.05, 0.0187998, -0.130471, 0.0252036, 0.134206, 1007.3, 11676.2, 10, 2e-20, 3e-20, 2e-20, 2e-20, -1
-0.626825, -0.279169, 0.150777, 0.05, 0.0347593, 0.100873, -0.0397549, 0.11386, 1004.97, 7946.47, 10, 2e-20, 3e-20, 2e-20, 2e-20, -1
-0.595225, -0.3315, 0.207595, 0.05, 0.191788, 0.0552953, 0.0594332, 0.20826, 1004.79, 7658.17, 10, 2e-20, 3e-20, 2e-20, 2e-20, -1
-0.60914, -0.4058, 0.226791, 0.05, -0.0186344, 0.0155577, 0.0669199, 0.0711867, 1001.78, 2840.59, 10, 2e-20, 3e-20, 2e-20, 2e-20, -1
-0.575217, -0.375041, 0.233049, 0.05, -0.0874985, 0.164946, -0.112562, 0.218022, 1008.44, 13509.9, 10, 2e-20, 3e-20, 2e-20, 2e-20, -1
-0.565585, -0.284503, 0.212175, 0.05, -0.0242082, -0.296901, -0.00194327, 0.297892, 1008.36, 13374.5, 10, 2e-20, 3e-20, 2e-20, 2e-20, -1
-0.583887, -0.241183, 0.220247, 0.05, -0.174831, 0.0341613, 0.132061, 0.22175, 1014.48, 23173.7, 10, 2e-20, 3e-20, 2e-20, 2e-20, -1
-0.606633, -0.311283, 0.294569, 0.05, -0.0652622, -0.0464477, 0.0471012, 0.092925, 1011.13, 17810.6, 10, 2e-20, 3e-20, 2e-20, 2e-20, -1
-0.555458, -0.305424, 0.260603, 0.05, -0.0172997, -0.127511, -0.106208, 0.166848, 1003.21, 5139.68, 10, 2e-20, 3e-20, 2e-20, 2e-20, -1
-0.568585, -0.276925, 0.299626, 0.05, -0.0861281, -0.047331, 0.15378, 0.182501, 1011.69, 18702.3, 10, 2e-20, 3e-20, 2e-20, 2e-20, -1
-0.570627, -0.281877, 0.355488, 0.05, 0.204034, 0.0320924, -0.00488079, 0.2066, 1012.94, 20711.2, 10, 2e-20, 3e-20, 2e-20, 2e-20, -1
-0.578575, -0.313233, 0.396882, 0.05, 0.0259404, -0.0192675, 0.0719555, 0.078878, 1006.41, 10248.6, 10, 2e-20, 3e-20, 2e-20, 2e-20, -1
-0.595614, -0.266342, 0.400426, 0.05, 0.0851537, 0.0943581, -0.00539639, 0.127215, 1008.18, 13084.2, 10, 2e-20, 3e-20, 2e-20, 2e-20, -1
-0.626461, -0.309292, 0.410655, 0.05, 0.0703009, -0.0446012, 0.0187815, 0.0853477, 1002.09, 3346.93, 10, 2e-20, 3e-20, 2e-20, 2e-20, -1
-0.633729, -0.308756, 0.534475, 0.05, -0.127871, 0.195077, 0.00285055, 0.233268, 1008.98, 14369.1, 10, 2e-20, 3e-20, 2e-20, 2e-20, -1
-0.637396, -0.351495, 0.509069, 0.05, -0.0453998, 0.127164, -0.154394, 0.205107, 1008.03, 12843.5, 10, 2e-20, 3e-20, 2e-20, 2e-20, -1
-0.674707, -0.276641, 0.532985, 0.05, 0.208645, -0.0658959, 0.044539, 0.223291, 1000.81, 1300.87, 10, 2e-20, 3e-20, 2e-20, 2e-20, -1
-0.588876, -0.277561, 0.546537, 0.05, -0.00395986, 0.0305755, 0.0427721, 0.0527257, 1003.21, 5131.7, 10, 2e-20, 3e-20, 2e-20, 2e-20, -1
-0.558274, -0.248514, 0.567183, 0.05, 0.0462415, -0.0870619, -0.0394877, 0.106195, 1000.17, 277.96, 10, 2e-20, 3e-20, 2e-20, 2e-20, -1
-0.580649, -0.258491, 0.615185, 0.05, 0.0367476, 0.0292688, 0.135301, 0.143225, 999.806, -310.397, 10, 2e-20, 3e-20, 2e-20, 2e-20, -1
-0.612064, -0.31219, 0.684894, 0.05, -0.0175699, -0.0314399, 0.0706051, 0.0792607, 1007.5, 12005.2, 10, 2e-20, 3e-20, 2e-20, 2e-20, -1
-0.628592, -0.361168, 0.70445, 0.05, 0.0970699, 0.0546677, -0.0590717, 0.126098, 1005.01, 8009.38, 10, 2e-20, 3e-20, 2e-20, 2e-20, -1
-0.644364, -0.279315, 0.662208, 0.05, 0.00915604, 0.0314225, 0.0782303, 0.0848009, 1002.45, 3916.63, 10, 2e-20, 3e-20, 2e-20, 2e-20, -1
-0.598269, -0.262724, 0.665236, 0.05, 0.0351682, 0.085091, -0.052959, 0.106216, 1006.84, 10951.7, 10, 2e-20, 3e-20, 2e-20, 2e-20, -1
-0.588788, -0.232339, 0.705361, 0.05, 0.0631928, -0.166754, -0.0928262, 0.201039, 1002.23, 3562.32, 10, 2e-20, 3e-20, 2e-20, 2e-20, -1
-0.605393, -0.339038, 0.739632, 0.05, 0.0658594, 0.0442014, 0.0869237, 0.117673, 1000.64, 1020.74, 10, 2e-20, 3e-20, 2e-20, 2e-20, -1
-0.620494, -0.282382, 0.737972, 0.05, -0.0229482, 0.00477669, 0.0348948, 0.0420367, 1001.18, 1894.79, 10, 2e-20, 3e-20, 2e-20, 2e-20, -1
-0.576433, -0.30381, 0.769499, 0.05, 0.0933487, -0.252882, 0.0431304, 0.27299, 1005.07, 8118.01, 10, 2e-20, 3e-20, 2e-20, 2e-20, -1
-0.626215, -0.236749, 0.747321, 0.05, -0.0566313, -0.0201167, 0.0880807, 0.10663, 999.938, -98.8927, 10, 2e-20, 3e-20, 2e-20, 2e-20, -1
-0.600379, -0.266153, 0.791697, 0.05, -0.0882832, 0.0681607, 0.173656, 0.206388, 1005.17, 8267.51, 10, 2e-20, 3e-20, 2e-20, 2e-20, -1
-0.604395, -0.282329, 0.850792, 0.05, 0.0525331, -0.0349084, 0.128324, 0.142987, 1009.08, 14535.9, 10, 2e-20, 3e-20, 2e-20, 2e-20, -1
-0.563152, -0.269458, 0.876171, 0.05, 0.0205677, -0.0541309, -0.0160675, 0.0600945, 1001.63, 2613.91, 10, 2e-20, 3e-20, 2e-20, 2e-20, -1
-0.534469, -0.314418, 0.935064, 0.05, -0.0480913, -0.0816558, 0.168971, 0.193731, 1001.81, 2894.53, 10, 2e-20, 3e-20, 2e-20, 2e-20, -1
-0.567543, -0.166998, 0.889753, 0.05, -0.0296499, -0.011725, 0.109221, 0.11378, 1001.1, 1753.52, 10, 2e-20, 3e-20, 2e-20, 2e-20, -1
-0.512755, -0.267604, 0.939424, 0.05, -0.0699426, -0.0360212, 0.0294295, 0.0839976, 998.586, -2262.89, 10, 2e-20, 3e-20, 2e-20, 2e-20, -1
-0.530399, -0.192978, 0.918442, 0.05, -0.00370212, -0.107284, 0.0135571, 0.108201, 1002.07, 3313.31, 10, 2e-20, 3e-20, 2e-20, 2e-20, -1
-0.4764, -0.236344, 0.956592, 0.05, 0.0283372, 0.0133317, 0.0369109, 0.0484061, 1003.55, 5682.7, 10, 2e-20, 3e-20, 2e-20, 2e-20, -1
-0.512898, -0.209775, 0.961466, 0.05, 0.0563185, -0.0234868, 0.123356, 0.137623, 1001.16, 1861.35, 10, 2e-20, 3e-20, 2e-20, 2e-20, -1
-0.481363, -0.271447, 1.02984, 0.05, 0.00775492, 0.0352296, 0.202998, 0.206178, 1006.37, 10184.9, 10, 2e-20, 3e-20, 2e-20, 2e-20, -1
-0.44302, -0.253942, 1.0466, 0.05, -0.00679882, -0.0328759, 0.16453, 0.16792, 999.147, -1365.25, 10, 2e-20, 3e-20, 2e-20, 2e-20, -1
-0.463844, -0.209918, 1.10489, 0.05, -0.0175483, -0.0656727, 0.218369, 0.228705, 1003.07, 4906.12, 10, 2e-20, 3e-20, 2e-20, 2e-20, -1
-0.450063, -0.182884, 1.14249, 0.05, 0.0661862, -0.0389824, 0.167827, 0.18457, 1001.83, 2921.09, 10, 2e-20, 3e-20, 2e-20, 2e-20, -1
-0.36325, -0.117624, 1.20097, 0.05, 0.0255918, -0.158701, 0.224714, 0.276292, 998.62, -2207.85, 10, 2e-20, 3e-20, 2e-20, 2e-20, -1
-0.317229, -0.110979, 1.26908, 0.05, 0.131211, -0.0980438, 0.183383, 0.245883, 1000.55, 872.464, 10, 2e-20, 3e-20, 2e-20, 2e-20, -1
-0.287538, -0.103228, 1.33173, 0.05, 0.0564841, -0.0714957, 0.0933525, 0.130448, 997.652, -3756.94, 10, 2e-20, 3e-20, 2e-20, 2e-20, -1
-0.0709435, -0.0988897, 1.34543, 0.05, -0.00445567, 0.0592528, 0.158455, 0.16923, 1000.88, 1407.66, 10, 2e-20, 3e-20, 2e-20, 2e-20, -1
-0.59214, -0.282571, 0.0489836, 0.05, -0.00046639, -0.0237441, -0.150865, 0.152723, 1016.73, 26767.5, 10, 2e-20, 3e-20, 2e-20, 2e-20, -1
-0.609621, -0.325334, 0.070491, 0.05, -0.210885, -0.143299, 0.0388679, 0.257911, 1001.39, 2217.27, 10, 2e-20, 3e-20, 2e-20, 2e-20, -1
-0.686258, -0.335635, 0.0913786, 0.05, 0.134575, 0.205221, 0.0524907, 0.250961, 1011.89, 19028.4, 10, 2e-20, 3e-20, 2e-20, 2e-20, -1
-0.671716, -0.230675, 0.0473571, 0.05, 0.292252, -0.185996, -0.0923262, 0.358511, 1008.16, 13063.5, 10, 2e-20, 3e-20, 2e-20, 2e-20, -1
-0.639512, -0.267048, 0.0611365, 0.05, 0.00241761, 0.253798, 0.0309009, 0.255684, 1002.3, 3674.31, 10, 2e-20, 3e-20, 2e-20, 2e-20, -1
-0.649893, -0.229863, 0.135645, 0.05, 0.116082, 0.0147623, 0.018288, 0.118438, 1003.45, 5515.7, 10, 2e-20, 3e-20, 2e-20, 2e-20, -1
-0.665428, -0.206494, 0.180365, 0.05, 0.0260047, -0.190114, 0.0371181, 0.195441, 1015.5, 24792.8, 10, 2e-20, 3e-20, 2e-20, 2e-20, -1
-0.674093, -0.161088, 0.163617, 0.05, 0.0462063, 0.0576766, 0.0930888, 0.118858, 1009.76, 15623, 10, 2e-20, 3e-20, 2e-20, 2e-20, -1
-0.576404, -0.269061, 0.159643, 0.05, -0.0828952, -0.0452877, -0.126918, 0.158211, 1006.51, 10414.2, 10, 2e-20, 3e-20, 2e-20, 2e-20, -1
-0.628164, -0.163566, 0.188261, 0.05, 0.0876379, -0.00106088, -0.0962772, 0.130195, 996.876, -4998.69, 10, 2e-20, 3e-20, 2e-20, 2e-20, -1
-0.610776, -0.238544, 0.176645, 0.05, -0.0831562, 0.0359164, -0.0331137, 0.0964441, 1005.84, 9336.05, 10, 2e-20, 3e-20, 2e-20, 2e-20, -1
-0.614324, -0.203873, 0.211326, 0.05, 0.110098, -0.159427, 0.0252305, 0.195384, 1002.96, 4737.45, 10, 2e-20, 3e-20, 2e-20, 2e-20, -1
-0.639803, -0.202141, 0.252225, 0.05, 0.108202, 0.0869508, -0.128373, 0.18907, 1005.06, 8090.07, 10, 2e-20, 3e-20, 2e-20, 2e-20, -1
-0.638986, -0.153958, 0.236442, 0.05, -0.252018, 0.132843, 0.0683886, 0.29298, 1012.21, 19535.6, 10, 2e-20, 3e-20, 2e-20, 2e-20, -1
-0.618755, -0.252545, 0.256496, 0.05, 0.120323, -0.0610288, 0.078494, 0.156088, 1008.69, 13906.5, 10, 2e-20, 3e-20, 2e-20, 2e-20, -1
-0.62015, -0.257974, 0.305042, 0.05, -0.0975527, -0.196562, 0.0402582, 0.2231, 1009.6, 15354.9, 10, 2e-20, 3e-20, 2e-20, 2e-20, -1
-0.657961, -0.248234, 0.360853, 0.05, 0.174488, 0.0372612, 0.0489508, 0.185015, 1006.2, 9924.56, 10, 2e-20, 3e-20, 2e-20, 2e-20, -1
-0.643221, -0.171955, 0.332352, 0.05, 0.160273, 0.0205641, 0.261929, 0.307762, 999.517, -772.706, 10, 2e-20, 3e-20, 2e-20, 2e-20, -1
-0.627161, -0.228418, 0.402595, 0.05, 0.14776, -0.125615, -0.184608, 0.267754, 1001.74, 2782.1, 10, 2e-20, 3e-20, 2e-20, 2e-20, -1
-0.619279, -0.260685, 0.444005, 0.05, 0.0554004, -0.050098, 0.0312022, 0.0809481, 1002.44, 3901.09, 10, 2e-20, 3e-20, 2e-20, 2e-20, -1
-0.660859, -0.197582, 0.3777, 0.05, 0.170433, 0.0038479, -0.189999, 0.255268, 1008.82, 14119.5, 10, 2e-20, 3e-20, 2e-20, 2e-20, -1
-0.628958, -0.247406, 0.499755, 0.05, 0.034268, 0.0048274, 0.0539852, 0.0641249, 1000.76, 1219.49, 10, 2e-20, 3e-20, 2e-20, 2e-20, -1
-0.636217, -0.194877, 0.486831, 0.05, 0.0475704, -0.0271036, 0.050899, 0.0747547, 999.723, -443.842, 10, 2e-20, 3e-20, 2e-20, 2e-20, -1
-0.638547, -0.213444, 0.538541, 0.05, 0.171113, -0.050435, -0.0365687, 0.1821, 1002.76, 4423.7, 10, 2e-20, 3e-20, 2e-20, 2e-20, -1
-0.622961, -0.167093, 0.52406, 0.05, 0.0644532, -0.0669515, -0.0373466, 0.100157, 997.499, -4002.32, 10, 2e-20, 3e-20, 2e-20, 2e-20, -1
-0.611434, -0.22594, 0.582082, 0.05, -0.074482, -0.00538336, -0.0792611, 0.108898, 1002.08, 3331.57, 10, 2e-20, 3e-20, 2e-20, 2e-20, -1
-0.611758, -0.217378, 0.637288, 0.05, 0.0126955, -0.100753, 0.0470978, 0.11194, 1004.19, 6705.95, 10, 2e-20, 3e-20, 2e-20, 2e-20, -1
-0.615465, -0.161814, 0.646358, 0.05, -0.0281156, -0.0892222, -0.0828835, 0.124983, 998.609, -2225.35, 10, 2e-20, 3e-20, 2e-20, 2e-20, -1
-0.634014, -0.236946, 0.690584, 0.05, -0.0488596, -0.161069, -0.0321392, 0.171358, 1001.72, 2759.24, 10, 2e-20, 3e-20, 2e-20, 2e-20, -1
-0.672587, -0.174038, 0.710122, 0.05, -0.011305, -0.053033, -0.134621, 0.145132, 1007.47, 11958.5, 10, 2e-20, 3e-20, 2e-20, 2e-20, -1
-0.676657, -0.219612, 0.734772, 0.05, 0.053623, -0.0323829, 0.106881, 0.123885, 1002.72, 4349.13, 10, 2e-20, 3e-20, 2e-20, 2e-20, -1
-0.712106, -0.139212, 0.710547, 0.05, -0.0436649, -0.0485606, -0.0546772, 0.0851725, 1008.12, 12996.5, 10, 2e-20, 3e-20, 2e-20, 2e-20, -1
-0.679261, -0.173357, 0.776923, 0.05, -0.123304, -0.090045, 0.091495, 0.177998, 1000.68, 1082.44, 10, 2e-20, 3e-20, 2e-20, 2e-20, -1
-0.736118, -0.165208, 0.792209, 0.05, 0.0893204, -0.0704915, -0.0259674, 0.116711, 1001.3, 2076.07, 10, 2e-20, 3e-20, 2e-20, 2e-20, -1
-0.662934, -0.231804, 0.829239, 0.05, -0.00944809, -0.0611473, 0.0246041, 0.0665854, 1003.43, 5486.7, 10, 2e-20, 3e-20, 2e-20, 2e-20, -1
-0.708535, -0.196917, 0.829671, 0.05, 0.0181122, -0.0383819, -0.0542456, 0.0688753, 999.985, -23.7042, 10, 2e-20, 3e-20, 2e-20, 2e-20, -1
-0.654001, -0.184882, 0.826418, 0.05, -0.0924204, -0.120126, 0.108048, 0.186134, 1003.95, 6325.53, 10, 2e-20, 3e-20, 2e-20, 2e-20, -1
-0.555146, -0.24182, 0.92293, 0.05, 0.122819, -0.0880246, 0.103689, 0.18326, 1005.54, 8868.36, 10, 2e-20, 3e-20, 2e-20, 2e-20, -1
-0.595641, -0.214879, 0.89024, 0.05, -0.00210233, 0.00111922, -0.023883, 0.0240014, 999.729, -432.977, 10, 2e-20, 3e-20, 2e-20, 2e-20, -1
-0.621826, -0.179537, 0.911904, 0.05, -0.0310731, -0.05727, 0.0592912, 0.0880956, 1003.14, 5023.43, 10, 2e-20, 3e-20, 2e-20, 2e-20, -1
-0.613779, -0.183074, 0.961236, 0.05, 0.128315, -0.109013, -0.0179747, 0.169327, 1003.34, 5349.65, 10, 2e-20, 3e-20, 2e-20, 2e-20, -1
-0.53681, -0.172865, 0.985445, 0.05, -0.00462444, -0.0635045, -0.0381659, 0.0742351, 1000.09, 142.105, 10, 2e-20, 3e-20, 2e-20, 2e-20, -1
-0.580239, -0.189893, 1.0156, 0.05, 0.0395694, -0.116303, -0.116626, 0.169393, 999.965, -55.5913, 10, 2e-20, 3e-20, 2e-20, 2e-20, -1
-0.535494, -0.214208, 1.02368, 0.05, -0.00403229, -0.0960455, 0.044209, 0.105808, 994.754, -8393.93, 10, 2e-20, 3e-20, 2e-20, 2e-20, -1
-0.499229, -0.211015, 1.06515, 0.05, -0.100889, -0.0595639, 0.134191, 0.17814, 1003.75, 6005.43, 10, 2e-20, 3e-20, 2e-20, 2e-20, -1
-0.487306, -0.154237, 1.09359, 0.05, -0.11762, 0.134515, 0.0325137, 0.18162, 1004.78, 7646.14, 10, 2e-20, 3e-20, 2e-20, 2e-20, -1
-0.439392, -0.127535, 1.12572, 0.05, -0.0182175, 0.094208, 0.098929, 0.137819, 1011.07, 17705.3, 10, 2e-20, 3e-20, 2e-20, 2e-20, -1
-0.416222, -0.0938492, 1.17677, 0.05, 0.05513, 0.0420516, 0.17908, 0.192034, 1002.07, 3309.5, 10, 2e-20, 3e-20, 2e-20, 2e-20, -1
-0.343099, -0.0628783, 1.25885, 0.05, 0.111144, -0.0300428, 0.13642, 0.17851, 1001.14, 1817.81, 10, 2e-20, 3e-20, 2e-20, 2e-20, -1
-0.293854, -0.0313032, 1.28053, 0.05, -0.0137949, 0.0704807, 0.092351, 0.116989, 1004.2, 6726.76, 10, 2e-20, 3e-20, 2e-20, 2e-20, -1
-0.259827, -0.156763, 1.2325, 0.05, -0.0602496, 0.00423607, 0.164599, 0.17533, 1004.49, 7179.93, 10, 2e-20, 3e-20, 2e-20, 2e-20, -1
-0.60894, -0.165971, 0.0525151, 0.05, 0.0424548, 0.20319, -0.0559688, 0.214991, 1016.22, 25948.7, 10, 2e-20, 3e-20, 2e-20, 2e-20, -1
-0.662115, -0.180644, 0.0493926, 0.05, 0.0879392, -0.0174506, -0.0140753, 0.0907521, 1012.51, 20017.8, 10, 2e-20, 3e-20, 2e-20, 2e-20, -1
-0.696896, -0.206349, 0.0845134, 0.05, -0.186457, -0.0541616, 0.0161433, 0.194834, 1009.59, 15344.7, 10, 2e-20, 3e-20, 2e-20, 2e-20, -1
-0.658658, -0.0756126, 0.0865643, 0.05, 0.0404391, 0.0039771, -0.237449, 0.240901, 1015.53, 24854.3, 10, 2e-20, 3e-20, 2e-20, 2e-20, -1
-0.670226, -0.162008, 0.107754, 0.05, 0.110245, -0.0130435, -0.0341276, 0.116141, 1001.9, 3044.24, 10, 2e-20, 3e-20, 2e-20, 2e-20, -1
-0.643853, -0.205012, 0.0945657, 0.05, 0.215032, -0.0446009, 0.149151, 0.265469, 1000.22, 355.697, 10, 2e-20, 3e-20, 2e-20, 2e-20, -1
-0.698516, -0.195343, 0.132209, 0.05, -0.0198801, -0.147603, -0.0795044, 0.168827, 1014.97, 23945.9, 10, 2e-20, 3e-20, 2e-20, 2e-20, -1
-0.67916, -0.0337183, 0.116359, 0.05, -0.221321, -0.0576984, -0.00398397, 0.228753, 1013.43, 21484.5, 10, 2e-20, 3e-20, 2e-20, 2e-20, -1
-0.693663, -0.0696056, 0.16015, 0.05, -0.123157, 0.0356213, 0.032213, 0.13219, 1013.94, 22309.4, 10, 2e-20, 3e-20, 2e-20, 2e-20, -1
-0.663496, -0.123937, 0.199788, 0.05, -0.0680211, -0.0780586, 0.0995963, 0.143664, 1004.63, 7401.92, 10, 2e-20, 3e-20, 2e-20, 2e-20, -1
-0.68336, -0.17625, 0.218466, 0.05, -0.018366, 0.0302955, 0.0101481, 0.0368526, 1011.4, 18240.1, 10, 2e-20, 3e-20, 2e-20, 2e-20, -1
-0.67901, -0.123465, 0.254689, 0.05, 0.107772, -0.239872, 0.0345013, 0.265224, 1000.6, 959.026, 10, 2e-20, 3e-20, 2e-20, 2e-20, -1
-0.659347, -0.171475, 0.282427, 0.05, -0.0434533, 0.243642, -0.137112, 0.28293, 1012.58, 20130.2, 10, 2e-20, 3e-20, 2e-20, 2e-20, -1
-0.641201, -0.123056, 0.293761, 0.05, -0.0354478, -0.0659847, 0.0699428, 0.102482, 1008.74, 13982.4, 10, 2e-20, 3e-20, 2e-20, 2e-20, -1
-0.614527, -0.202731, 0.298158, 0.05, 0.156156, -0.0832402, -0.0201249, 0.178097, 1003.97, 6352.46, 10, 2e-20, 3e-20, 2e-20, 2e-20, -1
-0.683372, -0.115623, 0.330802, 0.05, 0.0343758, 0.0850179, -0.0616923, 0.110524, 1009.67, 15464.3, 10, 2e-20, 3e-20, 2e-20, 2e-20, -1
-0.681182, -0.203714, 0.324904, 0.05, 0.0390157, -0.098083, 0.108676, 0.151502, 1004.03, 6444.59, 10, 2e-20, 3e-20, 2e-20, 2e-20, -1
-0.675806, -0.103754, 0.378246, 0.05, -0.0368789, 0.00472491, 0.0312263, 0.0485536, 1001.56, 2493.91, 10, 2e-20, 3e-20, 2e-20, 2e-20, -1
-0.682246, -0.151542, 0.364868, 0.05, 0.0762291, 0.0117539, 0.101906, 0.127804, 997.538, -3939.61, 10, 2e-20, 3e-20, 2e-20, 2e-20, -1
-0.674856, -0.145551, 0.415064, 0.05, 0.0680389, 0.0519781, -0.0217045, 0.0883295, 1006.83, 10930.2, 10, 2e-20, 3e-20, 2e-20, 2e-20, -1
-0.623251, -0.142125, 0.432268, 0.05, 0.00565945, -0.0956916, 0.0389899, 0.103485, 1005.32, 8518.65, 10, 2e-20, 3e-20, 2e-20, 2e-20, -1
-0.662606, -0.249619, 0.455505, 0.05, -0.0501294, 0.122421, -0.0578181, 0.14437, 1003.98, 6362.25, 10, 2e-20, 3e-20, 2e-20, 2e-20, -1
-0.666823, -0.156355, 0.465201, 0.05, 0.00429488, 0.00492333, -0.151447, 0.151588, 1011.51, 18414.6, 10, 2e-20, 3e-20, 2e-20, 2e-20, -1
-0.673958, -0.0780021, 0.473847, 0.05, -0.0548055, 0.0408451, 0.00353737, 0.0684432, 999.2, -1279.82, 10, 2e-20, 3e-20, 2e-20, 2e-20, -1
-0.65066, -0.115263, 0.492263, 0.05, 0.186996, -0.0173916, 0.075457, 0.202395, 1003.5, 5603.41, 10, 2e-20, 3e-20, 2e-20, 2e-20, -1
-0.656446, -0.176232, 0.56755, 0.05, 0.0439617, -0.101635, -0.0539692, 0.123187, 1002.27, 3625.9, 10, 2e-20, 3e-20, 2e-20, 2e-20, -1
-0.654777, -0.156823, 0.608848, 0.05, 0.0346439, 0.00155733, -0.0299848, 0.0458444, 1002.92, 4669.94, 10, 2e-20, 3e-20, 2e-20, 2e-20, -1
-0.635672, -0.0718241, 0.636921, 0.05, 0.0440104, -0.0800168, -0.0388502, 0.0992418, 999.838, -258.661, 10, 2e-20, 3e-20, 2e-20, 2e-20, -1
-0.660313, -0.142029, 0.659565, 0.05, -0.125036, -0.161299, 0.00152416, 0.204093, 1002.35, 3758.45, 10, 2e-20, 3e-20, 2e-20, 2e-20, -1
-0.636304, -0.0744259, 0.68913, 0.05, -0.113712, -0.0392173, -0.0374111, 0.125969, 996.114, -6217.69, 10, 2e-20, 3e-20, 2e-20, 2e-20, -1
-0.663673, -0.117952, 0.700244, 0.05, 0.0096059, 0.00832201, -0.0918957, 0.0927704, 1006.81, 10888.4, 10, 2e-20, 3e-20, 2e-20, 2e-20, -1
-0.691068, -0.0746797, 0.70039, 0.05, -0.0415312, -0.140548, -0.042607, 0.152623, 1001.51, 2416.47, 10, 2e-20, 3e-20, 2e-20, 2e-20, -1
-0.740076, -0.130611, 0.756376, 0.05, 0.0801252, 0.0567791, -0.0210602, 0.100436, 1000.33, 520.049, 10, 2e-20, 3e-20, 2e-20, 2e-20, -1
-0.740662, -0.0447549, 0.754753, 0.05, -0.151731, -0.220362, -0.0381213, 0.27025, 999.148, -1363.34, 10, 2e-20, 3e-20, 2e-20, 2e-20, -1
-0.721209, -0.0773886, 0.785353, 0.05, -0.00395005, -0.162534, -0.157424, 0.226307, 1007.28, 11649.9, 10, 2e-20, 3e-20, 2e-20, 2e-20, -1
-0.689343, -0.0985193, 0.827287, 0.05, 0.0557696, -0.0974255, -0.0534773, 0.124345, 1005.4, 8642.79, 10, 2e-20, 3e-20, 2e-20, 2e-20, -1
-0.694992, -0.128121, 0.784145, 0.05, -0.0574263, -0.067048, -0.0200039, 0.0905173, 998.986, -1623.09, 10, 2e-20, 3e-20, 2e-20, 2e-20, -1
-0.691394, -0.150462, 0.834322, 0.05, -0.069863, -0.129848, -0.0165165, 0.148372, 1000.54, 871.691, 10, 2e-20, 3e-20, 2e-20, 2e-20, -1
-0.701927, -0.191432, 0.897194, 0.05, 0.0320838, -0.0586039, 0.0941248, 0.115426, 1002.92, 4678.59, 10, 2e-20, 3e-20, 2e-20, 2e-20, -1
-0.64871, -0.198981, 0.87379, 0.05, 0.00489838, -0.0533584, 0.100593, 0.113974, 1000.39, 623.545, 10, 2e-20, 3e-20, 2e-20, 2e-20, -1
-0.596829, -0.113358, 0.948889, 0.05, 0.141875, -0.159496, 0.119636, 0.244704, 990.061, -15902.2, 10, 2e-20, 3e-20, 2e-20, 2e-20, -1
-0.630343, -0.194119, 1.00361, 0.05, 0.0203031, 0.00101435, -0.0548658, 0.0585106, 1003.6, 5759.06, 10, 2e-20, 3e-20, 2e-20, 2e-20, -1
-0.616466, -0.105982, 0.990516, 0.05, 0.139736, 0.0182641, 0.02633, 0.143363, 996.804, -5113.33, 10, 2e-20, 3e-20, 2e-20, 2e-20, -1
-0.541043, -0.182661, 1.07119, 0.05, 0.216995, 0.0754959, 0.0136162, 0.230157, 998.666, -2134.03, 10, 2e-20, 3e-20, 2e-20, 2e-20, -1
-0.554095, -0.141995, 1.02777, 0.05, 0.0696546, -0.155533, 0.0906511, 0.193028, 995.868, -6611.74, 10, 2e-20, 3e-20, 2e-20, 2e-20, -1
-0.514502, -0.160339, 1.03882, 0.05, 0.0852737, 0.0196099, 0.165408, 0.187126, 1000.8, 1283.02, 10, 2e-20, 3e-20, 2e-20, 2e-20, -1
-0.481751, -0.0978401, 1.09985, 0.05, 0.150075, -0.0446343, 0.0801276, 0.175884, 997.498, -4003.61, 10, 2e-20, 3e-20, 2e-20, 2e-20, -1
-0.418827, -0.0498591, 1.18594, 0.05, 0.0298283, 0.116643, -0.0454978, 0.128706, 1005.92, 9469.26, 10, 2e-20, 3e-20, 2e-20, 2e-20, -1
-0.366997, -0.0379616, 1.22748, 0.05, -0.032747, -0.0541156, 0.202833, 0.212467, 998.821, -1886.72, 10, 2e-20, 3e-20, 2e-20, 2e-20, -1
-0.283877, 0.0310301, 1.34666, 0.05, -0.0352541, 0.0071439, 0.191716, 0.195061, 1001.17, 1876.99, 10, 2e-20, 3e-20, 2e-20, 2e-20, -1
-0.274745, 0.0309613, 1.39687, 0.05, -0.0716918, -0.0807282, 0.183289, 0.212724, 998.49, -2416.28, 10, 2e-20, 3e-20, 2e-20, 2e-20, -1
-0.667631, 0.00477188, 0.0511937, 0.05, 0.537207, 0.140234, -0.0357591, 0.556359, 1022.56, 36101.1, 10, 2e-20, 3e-20, 2e-20, 2e-20, -1
-0.696906, -0.092792, 0.0504326, 0.05, 0.102301, 0.335061, 0.0323895, 0.351824, 1020.73, 33160.5, 10, 2e-20, 3e-20, 2e-20, 2e-20, -1
-0.725146, -0.0123367, 0.0511562, 0.05, -0.32162, -0.238457, 0.120168, 0.418021, 1006.1, 9766.46, 10, 2e-20, 3e-20, 2e-20, 2e-20, -1
-0.715376, 0.0333255, 0.0792718, 0.05, -0.161456, 0.120324, -0.0464544, 0.206649, 1004.36, 6978.69, 10, 2e-20, 3e-20, 2e-20, 2e-20, -1
-0.700583, -0.0407762, 0.0674648, 0.05, -0.00230583, -0.0286256, -0.064508, 0.0706118, 1002.48, 3972.22, 10, 2e-20, 3e-20, 2e-20, 2e-20, -1
-0.681923, -0.121682, 0.143518, 0.05, 0.110354, 0.153037, 0.0785485, 0.204372, 1005.87, 9389.32, 10, 2e-20, 3e-20, 2e-20, 2e-20, -1
-0.755004, -0.0365279, 0.10094, 0.05, 0.128552, -0.0207718, -0.00156851, 0.130229, 1003.6, 5767.92, 10, 2e-20, 3e-20, 2e-20, 2e-20, -1
-0.698413, -0.089371, 0.210284, 0.05, 0.163537, 0.0351895, -0.0473188, 0.173844, 1010.63, 17003.3, 10, 2e-20, 3e-20, 2e-20, 2e-20, -1
-0.731772, -0.0301698, 0.156544, 0.05, -0.288455, 0.142211, 0.0375316, 0.323788, 996.168, -6131.47, 10, 2e-20, 3e-20, 2e-20, 2e-20, -1
-0.720619, -0.0820699, 0.248948, 0.05, -0.129314, 0.16832, 0.141462, 0.255079, 1005.8, 9283.12, 10, 2e-20, 3e-20, 2e-20, 2e-20, -1
-0.742936, -0.0191433, 0.228356, 0.05, 0.193375, 0.113212, -0.0298249, 0.226054, 1013.91, 22249.3, 10, 2e-20, 3e-20, 2e-20, 2e-20, -1
-0.667487, -0.0800916, 0.276544, 0.05, -0.0640932, -0.146113, 0.0945518, 0.185464, 1007.19, 11500.8, 10, 2e-20, 3e-20, 2e-20, 2e-20, -1
-0.641053, -0.0945277, 0.233224, 0.05, 0.168663, -0.179479, -0.0808256, 0.259216, 1009.51, 15215.9, 10, 2e-20, 3e-20, 2e-20, 2e-20, -1
-0.701699, -0.00698191, 0.318466, 0.05, -0.388868, 0.143067, -0.0107288, 0.41449, 1019.42, 31074.9, 10, 2e-20, 3e-20, 2e-20, 2e-20, -1
-0.648179, -0.0755035, 0.323582, 0.05, 0.132153, -0.0360782, 0.150798, 0.20373, 1004.04, 6456.86, 10, 2e-20, 3e-20, 2e-20, 2e-20, -1
-0.657822, 0.00320657, 0.320769, 0.05, -0.0724663, 0.000965325, 0.141318, 0.158818, 1001.98, 3167.41, 10, 2e-20, 3e-20, 2e-20, 2e-20, -1
-0.716067, -0.0134012, 0.373728, 0.05, -0.00856519, 0.0315808, -0.111735, 0.116428, 1008.49, 13589.8, 10, 2e-20, 3e-20, 2e-20, 2e-20, -1
-0.669708, -0.0375541, 0.353576, 0.05, 0.00880282, -0.0674555, 0.101207, 0.121945, 1008.35, 13364.9, 10, 2e-20, 3e-20, 2e-20, 2e-20, -1
-0.698387, -0.0587388, 0.392991, 0.05, 0.0869059, -0.0719472, 0.0531171, 0.124701, 1004.31, 6892.71, 10, 2e-20, 3e-20, 2e-20, 2e-20, -1
-0.668167, -0.099565, 0.427196, 0.05, -0.146536, -0.142513, -0.109505, 0.231893, 998.935, -1704.38, 10, 2e-20, 3e-20, 2e-20, 2e-20, -1
-0.675928, 0.0364973, 0.431513, 0.05, -0.0615699, -0.0185768, -0.0584292, 0.0868903, 1009.42, 15066.4, 10, 2e-20, 3e-20, 2e-20, 2e-20, -1
-0.700264, -0.0351468, 0.476647, 0.05, 0.0236713, 0.0688966, -0.0244321, 0.0768375, 1010.5, 16798.5, 10, 2e-20, 3e-20, 2e-20, 2e-20, -1
-0.673713, 0.00339994, 0.476029, 0.05, -0.0654034, -0.23346, -0.0267931, 0.243924, 1008.4, 13441, 10, 2e-20, 3e-20, 2e-20, 2e-20, -1
-0.640243, -0.0356394, 0.479817, 0.05, 0.0184419, 0.0912117, -0.124148, 0.155153, 998.89, -1775.85, 10, 2e-20, 3e-20, 2e-20, 2e-20, -1
-0.70494, 0.00252119, 0.517247, 0.05, 0.107833, -0.20965, -0.0304115, 0.23771, 1000.44, 704.799, 10, 2e-20, 3e-20, 2e-20, 2e-20, -1
-0.646527, -0.0557016, 0.515883, 0.05, 0.116464, -0.0693156, -0.137921, 0.193366, 1011.17, 17872.2, 10, 2e-20, 3e-20, 2e-20, 2e-20, -1
-0.652718, -0.111092, 0.609734, 0.05, 0.0448526, -0.0850878, -0.0844575, 0.128003, 1007.04, 11262.6, 10, 2e-20, 3e-20, 2e-20, 2e-20, -1
-0.710444, 0.0142444, 0.582074, 0.05, 0.183488, -0.0994491, -0.0604766, 0.217291, 999.148, -1363.33, 10, 2e-20, 3e-20, 2e-20, 2e-20, -1
-0.683355, -0.0687232, 0.602756, 0.05, -0.11991, -0.154277, -0.0539409, 0.202705, 999.751, -398.9, 10, 2e-20, 3e-20, 2e-20, 2e-20, -1
-0.688615, 0.0103052, 0.717327, 0.05, -0.0550904, 0.10006, 0.0623198, 0.130118, 1001.07, 1709.32, 10, 2e-20, 3e-20, 2e-20, 2e-20, -1
-0.6729, -0.0406684, 0.645902, 0.05, -0.0266773, 0.0771265, -0.0327146, 0.0879228, 1000.96, 1534.09, 10, 2e-20, 3e-20, 2e-20, 2e-20, -1
-0.712634, -0.038723, 0.677539, 0.05, -0.043191, -0.174962, -0.124517, 0.219047, 998.903, -1755.55, 10, 2e-20, 3e-20, 2e-20, 2e-20, -1
-0.695262, -0.0408223, 0.735064, 0.05, 0.00766868, -0.134097, -0.113113, 0.1756, 1005.96, 9535.89, 10, 2e-20, 3e-20, 2e-20, 2e-20, -1
-0.677005, 0.00751136, 0.838112, 0.05, 0.0154042, -0.13903, -0.111347, 0.178787, 1007.23, 11574, 10, 2e-20, 3e-20, 2e-20, 2e-20, -1
-0.701936, -0.0473751, 0.831803, 0.05, 0.00408739, -0.00807857, -0.0544354, 0.0551832, 1000.1, 158.175, 10, 2e-20, 3e-20, 2e-20, 2e-20, -1
-0.702832, -0.0798882, 0.872034, 0.05, -0.0632161, -0.115477, 0.0623768, 0.145678, 1001.97, 3146.06, 10, 2e-20, 3e-20, 2e-20, 2e-20, -1
-0.726553, -0.0318514, 0.886605, 0.05, -0.0715351, -0.261293, -0.00478654, 0.270951, 1004.31, 6899.73, 10, 2e-20, 3e-20, 2e-20, 2e-20, -1
-0.658091, -0.1133, 0.867732, 0.05, -0.0158952, -0.203076, 0.0358484, 0.206827, 998.961, -1663.07, 10, 2e-20, 3e-20, 2e-20, 2e-20, -1
-0.665978, -0.0984151, 0.913775, 0.05, -0.117043, -0.147663, 0.0602545, 0.197823, 1001.49, 2380.65, 10, 2e-20, 3e-20, 2e-20, 2e-20, -1
-0.668082, -0.153786, 0.894887, 0.05, 0.039942, -0.0221976, -0.0535776, 0.0704177, 998.714, -2057.66, 10, 2e-20, 3e-20, 2e-20, 2e-20, -1
-0.701161, -0.0611542, 0.923828, 0.05, 0.0891073, -0.231687, -0.0550123, 0.254255, 1003.45, 5526.23, 10, 2e-20, 3e-20, 2e-20, 2e-20, -1
-0.591341, -0.0636597, 0.970274, 0.05, 0.0221402, -0.14316, 0.170078, 0.223409, 1003.25, 5202.03, 10, 2e-20, 3e-20, 2e-20, 2e-20, -1
-0.628741, -0.0651125, 0.936451, 0.05, -0.17884, -0.0632828, 0.277227, 0.335921, 1005.76, 9211.07, 10, 2e-20, 3e-20, 2e-20, 2e-20, -1
-0.559297, -0.0426006, 1.00037, 0.05, 0.0275277, -0.221333, 0.131744, 0.259041, 1005.6, 8956.39, 10, 2e-20, 3e-20, 2e-20, 2e-20, -1
-0.57358, -0.00645585, 1.03494, 0.05, 0.190809, -0.0516177, 0.0130478, 0.198098, 1000.59, 951.06, 10, 2e-20, 3e-20, 2e-20, 2e-20, -1
-0.54125, -0.0881236, 1.03784, 0.05, -0.00979853, 0.0351339, -0.000240272, 0.0364755, 1000.6, 967.816, 10, 2e-20, 3e-20, 2e-20, 2e-20, -1
-0.476203, -0.0523758, 1.07413, 0.05, 0.177714, -0.073636, 0.0819845, 0.209108, 1007.71, 12342.9, 10, 2e-20, 3e-20, 2e-20, 2e-20, -1
-0.455267, -0.0362333, 1.12835, 0.05, 0.188498, -0.0839324, 0.173021, 0.269281, 993.165, -10935.7, 10, 2e-20, 3e-20, 2e-20, 2e-20, -1
-0.382258, 0.00667364, 1.20912, 0.05, -0.0193063, -0.156486, 0.200034, 0.254704, 999.564, -697.892, 10, 2e-20, 3e-20, 2e-20, 2e-20, -1
-0.283534, 0.0149814, 1.30382, 0.05, -0.000731987, -0.0426397, 0.0970063, 0.105966, 1001.67, 2679.9, 10, 2e-20, 3e-20, 2e-20, 2e-20, -1
-0.309559, 0.180372, 1.38603, 0.05, 0.177386, -0.109561, 0.243401, 0.32049, 999.053, -1515.99, 10, 2e-20, 3e-20, 2e-20, 2e-20, -1
-0.692432, 0.0571265, 0.0483393, 0.05, -0.245883, 0.116692, 0.385522, 0.471914, 1021.6, 34558.2, 10, 2e-20, 3e-20, 2e-20, 2e-20, -1
-0.722191, 0.149607, 0.0496414, 0.05, 0.0367211, -0.0593051, 0.167837, 0.181755, 1009.73, 15566.3, 10, 2e-20, 3e-20, 2e-20, 2e-20, -1
-0.770969, 0.0761486, 0.0890891, 0.05, -0.155567, -0.0987623, -0.183034, 0.259724, 998.868, -1811.08, 10, 2e-20, 3e-20, 2e-20, 2e-20, -1
-0.796793, -0.0614694, 0.0826665, 0.05, -0.022247, -0.0666014, -0.0250537, 0.0745544, 1011.64, 18621.6, 10, 2e-20, 3e-20, 2e-20, 2e-20, -1
-0.743839, 0.0180759, 0.151997, 0.05, -0.130616, 0.0010007, 0.028073, 0.133603, 994.349, -9041.04, 10, 2e-20, 3e-20, 2e-20, 2e-20, -1
-0.703862, 0.0477471, 0.124513, 0.05, 0.0158584, -0.158391, 0.298606, 0.338385, 1010.09, 16148.9, 10, 2e-20, 3e-20, 2e-20, 2e-20, -1
-0.722689, -0.00660211, 0.10862, 0.05, -0.113652, 0.0885004, 0.150539, 0.208353, 1002.77, 4439.84, 10, 2e-20, 3e-20, 2e-20, 2e-20, -1
-0.66705, 0.0435094, 0.161647, 0.05, -0.463592, 0.0811542, 0.0641276, 0.474991, 1003.91, 6253.52, 10, 2e-20, 3e-20, 2e-20, 2e-20, -1
-0.698052, -0.00187249, 0.161954, 0.05, 0.0618772, 0.195943, -0.121869, 0.238903, 1012.38, 19809.1, 10, 2e-20, 3e-20, 2e-20, 2e-20, -1
-0.716313, 0.046007, 0.182358, 0.05, -0.0863626, 0.368318, -0.305744, 0.486411, 1006.83, 10927.2, 10, 2e-20, 3e-20, 2e-20, 2e-20, -1
-0.703206, 0.0101432, 0.215295, 0.05, -0.0290498, -0.10255, 0.0556543, 0.12024, 989.007, -17589.5, 10, 2e-20, 3e-20, 2e-20, 2e-20, -1
-0.712061, -0.00134769, 0.268813, 0.05, -0.0572129, -0.10634, -0.138093, 0.183442, 1009.94, 15898.9, 10, 2e-20, 3e-20, 2e-20, 2e-20, -1
-0.681093, 0.038763, 0.271634, 0.05, -0.187133, 0.147719, -0.0752264, 0.249998, 1010.94, 17511.7, 10, 2e-20, 3e-20, 2e-20, 2e-20, -1
-0.731087, 0.040962, 0.284929, 0.05, -0.118826, 0.0134762, -0.183949, 0.219405, 1002.05, 3283.79, 10, 2e-20, 3e-20, 2e-20, 2e-20, -1
-0.732604, 0.109521, 0.310964, 0.05, 0.320181, 0.146769, 0.0535766, 0.356269, 1010.3, 16481.5, 10, 2e-20, 3e-20, 2e-20, 2e-20, -1
-0.678445, 0.0509493, 0.320673, 0.05, -0.145141, 0.15009, -0.141853, 0.252419, 1000.63, 1011.61, 10, 2e-20, 3e-20, 2e-20, 2e-20, -1
-0.683762, 0.0246372, 0.36838, 0.05, 0.101911, -0.0292238, -0.027636, 0.109561, 1007.42, 11869, 10, 2e-20, 3e-20, 2e-20, 2e-20, -1
-0.672189, 0.107566, 0.360771, 0.05, -0.194562, 0.172738, -0.0192232, 0.260887, 1008.04, 12859.8, 10, 2e-20, 3e-20, 2e-20, 2e-20, -1
-0.675148, -0.00874262, 0.406243, 0.05, 0.119117, -0.130948, 0.0473496, 0.183244, 1002.62, 4193.31, 10, 2e-20, 3e-20, 2e-20, 2e-20, -1
-0.648188, 0.0582918, 0.373026, 0.05, -0.0924792, -0.145402, 0.243443, 0.298259, 1002.3, 3681.99, 10, 2e-20, 3e-20, 2e-20, 2e-20, -1
-0.684694, 0.0895789, 0.414028, 0.05, 0.0106593, -0.0362264, -0.137449, 0.142542, 1013.71, 21929.1, 10, 2e-20, 3e-20, 2e-20, 2e-20, -1
-0.670879, 0.071362, 0.471469, 0.05, -0.195687, 0.17385, -0.0815421, 0.274165, 1010.24, 16376.8, 10, 2e-20, 3e-20, 2e-20, 2e-20, -1
-0.673546, 0.124901, 0.52095, 0.05, -0.164695, 0.168462, -0.292494, 0.375575, 1007.61, 12177.5, 10, 2e-20, 3e-20, 2e-20, 2e-20, -1
-0.72453, 0.0489644, 0.534488, 0.05, 0.00336542, 0.0685232, -0.0649364, 0.0944642, 1003.62, 5790.07, 10, 2e-20, 3e-20, 2e-20, 2e-20, -1
-0.659436, -0.0145358, 0.532029, 0.05, -0.122325, 0.204642, -0.0999953, 0.258536, 1008.92, 14278.5, 10, 2e-20, 3e-20, 2e-20, 2e-20, -1
-0.641961, -0.0468967, 0.576563, 0.05, 0.147277, 0.0329094, -0.000165054, 0.150909, 1005.41, 8649.54, 10, 2e-20, 3e-20, 2e-20, 2e-20, -1
-0.698258, 0.0789442, 0.654593, 0.05, 0.129616, 0.0183563, -0.0960474, 0.162365, 993.94, -9696.04, 10, 2e-20, 3e-20, 2e-20, 2e-20, -1
-0.739886, 0.053253, 0.663408, 0.05, -0.224783, -0.00735596, 0.191133, 0.29515, 1008.82, 14113, 10, 2e-20, 3e-20, 2e-20, 2e-20, -1
-0.675333, 0.0302577, 0.673627, 0.05, 0.233376, -0.0512924, 0.0236032, 0.240109, 1004.9, 7845.34, 10, 2e-20, 3e-20, 2e-20, 2e-20, -1
-0.749203, 0.0925106, 0.773728, 0.05, 0.0430449, 0.0954662, -0.165031, 0.195453, 1008.46, 13528.5, 10, 2e-20, 3e-20, 2e-20, 2e-20, -1
-0.76991, 0.0558918, 0.740511, 0.05, 0.168007, 0.00577968, -0.355423, 0.393173, 1011.64, 18619.5, 10, 2e-20, 3e-20, 2e-20, 2e-20, -1
-0.684858, 0.0754036, 0.84711, 0.05, -0.000549407, -0.00773345, -0.131993, 0.13222, 1006.01, 9608.27, 10, 2e-20, 3e-20, 2e-20, 2e-20, -1
-0.711298, 0.137821, 0.830843, 0.05, 0.148404, -0.114444, -0.0828983, 0.204923, 991.126, -14199.2, 10, 2e-20, 3e-20, 2e-20, 2e-20, -1
-0.658767, 0.173112, 0.790601, 0.05, 0.0908752, 0.0728251, -0.116089, 0.164434, 1010.41, 16657.6, 10, 2e-20, 3e-20, 2e-20, 2e-20, -1
-0.736643, 0.0489865, 0.905448, 0.05, -0.0392369, -0.207561, -0.071297, 0.222945, 1004.73, 7562.85, 10, 2e-20, 3e-20, 2e-20, 2e-20, -1
-0.614178, 0.161493, 0.825984, 0.05, 0.177117, -0.0297456, -0.21793, 0.282398, 997.586, -3862.7, 10, 2e-20, 3e-20, 2e-20, 2e-20, -1
-0.770729, -0.0154709, 0.861848, 0.05, -0.0673555, -0.245772, -0.0562528, 0.260969, 1008.44, 13511.7, 10, 2e-20, 3e-20, 2e-20, 2e-20, -1
-0.66982, 0.0749338, 0.900047, 0.05, 0.1847, -0.230096, -0.163275, 0.337219, 996.789, -5137.77, 10, 2e-20, 3e-20, 2e-20, 2e-20, -1
-0.710958, 0.00275491, 0.920214, 0.05, 0.0293344, -0.0980899, 0.0327852, 0.107504, 1006.55, 10478.1, 10, 2e-20, 3e-20, 2e-20, 2e-20, -1
-0.670411, 0.0308157, 0.930086, 0.05, 0.0344231, -0.127504, -0.0768354, 0.152794, 1003.92, 6272, 10, 2e-20, 3e-20, 2e-20, 2e-20, -1
-0.653989, -0.018897, 0.922247, 0.05, 0.0197915, -0.177495, 0.0685989, 0.191317, 995.237, -7620.97, 10, 2e-20, 3e-20, 2e-20, 2e-20, -1
-0.648177, 0.0771503, 1.0254, 0.05, 0.141184, -0.100393, 0.0209218, 0.174498, 1003.69, 5904.98, 10, 2e-20, 3e-20, 2e-20, 2e-20, -1
-0.63003, 0.0190511, 0.963866, 0.05, -0.0246905, -0.00748189, -0.0555906, 0.0612855, 1012.2, 19527.5, 10, 2e-20, 3e-20, 2e-20, 2e-20, -1
-0.561582, 0.037227, 1.01944, 0.05, 0.0526268, -0.308014, 0.166896, 0.354254, 1003.7, 5914.23, 10, 2e-20, 3e-20, 2e-20, 2e-20, -1
-0.537129, 0.0270166, 1.06622, 0.05, 0.152802, 0.0799542, 0.0123825, 0.1729, 1008.01, 12821.7, 10, 2e-20, 3e-20, 2e-20, 2e-20, -1
-0.501085, 0.000498775, 1.06579, 0.05, -0.192901, 0.188266, 0.0945773, 0.285656, 1009.67, 15468.4, 10, 2e-20, 3e-20, 2e-20, 2e-20, -1
-0.472938, 0.0179309, 1.12866, 0.05, 0.00927434, 0.04777, 0.137191, 0.145565, 1001.4, 2245.7, 10, 2e-20, 3e-20, 2e-20, 2e-20, -1
-0.417974, 0.0368019, 1.15014, 0.05, 0.0319145, -0.273142, -0.0063161, 0.275073, 993.815, -9896.63, 10, 2e-20, 3e-20, 2e-20, 2e-20, -1
-0.368156, 0.0743628, 1.24041, 0.05, 0.0282496, -0.130134, 0.144773, 0.196703, 1000.81, 1302.83, 10, 2e-20, 3e-20, 2e-20, 2e-20, -1
-0.323925, 0.046506, 1.31669, 0.05, -0.0809704, -0.0950089, 0.180867, 0.219763, 999.099, -1441.77, 10, 2e-20, 3e-20, 2e-20, 2e-20, -1
-0.24432, 0.116571, 1.39522, 0.05, -0.0126566, -0.0180659, 0.108854, 0.111066, 993.374, -10602.1, 10, 2e-20, 3e-20, 2e-20, 2e-20, -1
-0.683624, 0.189075, 0.0463725, 0.05, -0.810717, -0.151331, 0.308865, 0.880659, 1015.5, 24800.3, 10, 2e-20, 3e-20, 2e-20, 2e-20, -1
-0.739089, 0.182903, 0.0848216, 0.05, 0.477107, 0.515818, 0.067367, 0.705859, 1011.7, 18721.7, 10, 2e-20, 3e-20, 2e-20, 2e-20, -1
-0.72902, 0.186004, 0.121757, 0.05, 0.441088, 0.513718, 0.0139524, 0.677244, 1025.6, 40962.8, 10, 2e-20, 3e-20, 2e-20, 2e-20, -1
-0.743725, 0.130102, 0.101381, 0.05, 0.281751, -0.454607, -0.380673, 0.656478, 1010.08, 16135.8, 10, 2e-20, 3e-20, 2e-20, 2e-20, -1
-0.69349, 0.150817, 0.0915807, 0.05, -0.0516823, 0.152852, -0.186062, 0.24628, 1005.34, 8546.15, 10, 2e-20, 3e-20, 2e-20, 2e-20, -1
-0.697362, 0.224204, 0.155923, 0.05, 0.00221793, 0.459898, -0.364906, 0.587084, 1010.82, 17308.1, 10, 2e-20, 3e-20, 2e-20, 2e-20, -1
-0.643651, 0.140722, 0.119066, 0.05, 0.236434, -0.362531, -0.0187709, 0.433222, 1007.3, 11674.1, 10, 2e-20, 3e-20, 2e-20, 2e-20, -1
-0.686535, 0.0978547, 0.125945, 0.05, 0.212132, -0.0309607, -0.239476, 0.321415, 1016.05, 25675, 10, 2e-20, 3e-20, 2e-20, 2e-20, -1
-0.649605, 0.0959069, 0.160836, 0.05, 0.0507718, 0.499056, -0.0782481, 0.507698, 1023.67, 37877.5, 10, 2e-20, 3e-20, 2e-20, 2e-20, -1
-0.66003, 0.113759, 0.204481, 0.05, 0.0611919, 0.0526875, -0.548363, 0.554277, 1009.43, 15094.7, 10, 2e-20, 3e-20, 2e-20, 2e-20, -1
-0.672944, 0.158992, 0.209747, 0.05, 0.0310167, -0.113116, -0.676015, 0.686115, 1022.79, 36466.7, 10, 2e-20, 3e-20, 2e-20, 2e-20, -1
-0.675965, 0.0593837, 0.21149, 0.05, -0.111871, 0.15604, -0.256266, 0.320213, 1005.12, 8186.48, 10, 2e-20, 3e-20, 2e-20, 2e-20, -1
-0.672534, 0.0884152, 0.245313, 0.05, -0.0332276, 0.124829, 0.155231, 0.201948, 999.078, -1475.95, 10, 2e-20, 3e-20, 2e-20, 2e-20, -1
-0.726587, 0.109285, 0.257128, 0.05, -0.0589853, 0.110781, -0.0598497, 0.139046, 1006.75, 10798, 10, 2e-20, 3e-20, 2e-20, 2e-20, -1
-0.711684, 0.154425, 0.334814, 0.05, 0.103567, -0.121386, -0.0224698, 0.161139, 999.778, -355.575, 10, 2e-20, 3e-20, 2e-20, 2e-20, -1
-0.727562, 0.0671319, 0.328524, 0.05, -0.0101508, 0.0660258, -0.193504, 0.20471, 1009.81, 15696.8, 10, 2e-20, 3e-20, 2e-20, 2e-20, -1
-0.720315, 0.169354, 0.377798, 0.05, 0.0426719, -0.0123729, -0.0718692, 0.0844935, 1001.6, 2559.95, 10, 2e-20, 3e-20, 2e-20, 2e-20, -1
-0.780707, 0.180045, 0.381328, 0.05, -0.173165, 0.211537, -0.0713836, 0.282541, 1006.5, 10398.1, 10, 2e-20, 3e-20, 2e-20, 2e-20, -1
-0.749766, 0.128697, 0.403584, 0.05, -0.0828181, -0.107571, 0.0838734, 0.159578, 998.362, -2620.01, 10, 2e-20, 3e-20, 2e-20, 2e-20, -1
-0.701037, 0.135448, 0.411163, 0.05, -0.184435, -0.0565586, -0.193402, 0.273165, 1009.23, 14771.5, 10, 2e-20, 3e-20, 2e-20, 2e-20, -1
-0.687725, 0.173516, 0.453958, 0.05, 0.0654804, 0.0901788, 0.0125659, 0.112151, 1007.71, 12338.6, 10, 2e-20, 3e-20, 2e-20, 2e-20, -1
-0.682263, 0.122438, 0.457694, 0.05, -0.0723174, -0.105312, 0.186996, 0.226468, 999.74, -416.753, 10, 2e-20, 3e-20, 2e-20, 2e-20, -1
-0.669868, 0.122828, 0.574312, 0.05, 0.0107363, -0.1095, 0.0852626, 0.139195, 1015.15, 24246.1, 10, 2e-20, 3e-20, 2e-20, 2e-20, -1
-0.651128, 0.069749, 0.515706, 0.05, 0.0412209, -0.00836028, -0.139423, 0.145629, 999.909, -145.651, 10, 2e-20, 3e-20, 2e-20, 2e-20, -1
-0.6764, 0.0319424, 0.541854, 0.05, 0.0363209, -0.236419, 0.0321343, 0.241341, 1006.94, 11107.3, 10, 2e-20, 3e-20, 2e-20, 2e-20, -1
-0.67906, 0.0813392, 0.604694, 0.05, -0.0844629, -0.0645785, -0.217232, 0.241855, 1011.01, 17610.3, 10, 2e-20, 3e-20, 2e-20, 2e-20, -1
-0.747919, 0.0787712, 0.610905, 0.05, -0.0210597, 0.0709876, -0.313606, 0.322229, 1010.93, 17494.3, 10, 2e-20, 3e-20, 2e-20, 2e-20, -1
-0.686054, 0.111901, 0.685057, 0.05, 0.0142312, -0.092162, 0.00282856, 0.0932971, 1001.06, 1703.18, 10, 2e-20, 3e-20, 2e-20, 2e-20, -1
-0.729705, 0.0837582, 0.717125, 0.05, -0.0861218, -0.0573886, -0.0681343, 0.123906, 997.678, -3715.57, 10, 2e-20, 3e-20, 2e-20, 2e-20, -1
-0.686468, 0.0636653, 0.70891, 0.05, 0.0166442, -0.0528432, 0.219565, 0.226447, 999.241, -1214.99, 10, 2e-20, 3e-20, 2e-20, 2e-20, -1
-0.68728, 0.159598, 0.663063, 0.05, 0.115724, 0.0477547, -0.271797, 0.299242, 1006.69, 10703.6, 10, 2e-20, 3e-20, 2e-20, 2e-20, -1
-0.624643, 0.117345, 0.743874, 0.05, -0.0853717, -0.110532, -0.06943, 0.155969, 996.408, -5746.71, 10, 2e-20, 3e-20, 2e-20, 2e-20, -1
-0.708161, 0.144142, 0.720397, 0.05, 0.00542158, -0.0721739, -0.0685543, 0.0996903, 1001.92, 3078.93, 10, 2e-20, 3e-20, 2e-20, 2e-20, -1
-0.672185, 0.0960941, 0.741971, 0.05, 0.15457, -0.00171758, -0.0152916, 0.155334, 1002.12, 3389.32, 10, 2e-20, 3e-20, 2e-20, 2e-20, -1
-0.619968, 0.211008, 0.846629, 0.05, 0.0768925, 0.00115211, -0.288722, 0.298788, 1008.91, 14257.4, 10, 2e-20, 3e-20, 2e-20, 2e-20, -1
-0.592325, 0.148875, 0.91942, 0.05, -0.137229, -0.0434171, -0.130527, 0.194304, 1011.36, 18168.8, 10, 2e-20, 3e-20, 2e-20, 2e-20, -1
-0.664287, 0.15877, 0.839065, 0.05, -0.102379, -0.285343, -0.18299, 0.354101, 1000.03, 54.2861, 10, 2e-20, 3e-20, 2e-20, 2e-20, -1
-0.622799, 0.138525, 0.873524, 0.05, -0.0177475, -0.119418, -0.181537, 0.218017, 997.452, -4076.46, 10, 2e-20, 3e-20, 2e-20, 2e-20, -1
-0.688024, 0.0267503, 0.881838, 0.05, 0.213865, -0.0693709, -0.00412789, 0.224872, 1000.36, 581.537, 10, 2e-20, 3e-20, 2e-20, 2e-20, -1
-0.635977, 0.111355, 0.927198, 0.05, 0.094973, -0.0529202, -0.175649, 0.206575, 992.49, -12016.3, 10, 2e-20, 3e-20, 2e-20, 2e-20, -1
-0.613101, 0.0538959, 0.998544, 0.05, 0.164048, -0.0824611, -0.028836, 0.185858, 1005.86, 9378.03, 10, 2e-20, 3e-20, 2e-20, 2e-20, -1
-0.576409, 0.065995, 0.969589, 0.05, 0.0704431, -0.153686, -0.136194, 0.217096, 1002.16, 3460.64, 10, 2e-20, 3e-20, 2e-20, 2e-20, -1
-0.529701, 0.0688046, 0.997327, 0.05, -0.0828926, 0.189618, -0.0399733, 0.21077, 1008.09, 12949.1, 10, 2e-20, 3e-20, 2e-20, 2e-20, -1
-0.577055, 0.0765522, 1.04348, 0.05, 0.109661, -0.201909, -0.0331599, 0.232148, 998.461, -2463.1, 10, 2e-20, 3e-20, 2e-20, 2e-20, -1
-0.52301, 0.0778363, 1.04932, 0.05, 0.143717, -0.358839, 0.269044, 0.470962, 1003.45, 5518.83, 10, 2e-20, 3e-20, 2e-20, 2e-20, -1
-0.484447, 0.0530249, 1.08828, 0.05, -0.17031, 0.0200604, -0.0294339, 0.173995, 1003.84, 6137.7, 10, 2e-20, 3e-20, 2e-20, 2e-20, -1
-0.453862, 0.0673217, 1.08791, 0.05, -0.0690434, -0.178346, -0.0896857, 0.211229, 1004.76, 7609.35, 10, 2e-20, 3e-20, 2e-20, 2e-20, -1
-0.418271, 0.0880868, 1.13933, 0.05, 0.14099, -0.0578169, 0.00709505, 0.15255, 1002.99, 4782.99, 10, 2e-20, 3e-20, 2e-20, 2e-20, -1
-0.341593, 0.112709, 1.225, 0.05, -0.116212, -0.229601, -0.0842011, 0.270761, 1001.68, 2684.38, 10, 2e-20, 3e-20, 2e-20, 2e-20, -1
-0.326385, 0.093392, 1.31129, 0.05, -0.0263559, -0.00846049, 0.206669, 0.208515, 997.022, -4764.13, 10, 2e-20, 3e-20, 2e-20, 2e-20, -1
-0.164503, 0.0755634, 1.36717, 0.05, -0.00699186, -0.0314255, -0.083483, 0.0894755, 996.543, -5531.32, 10, 2e-20, 3e-20, 2e-20, 2e-20, -1
-0.631554, 0.221904, 0.0456348, 0.05, 0.666783, 1.93107, -1.02114, 2.28394, 1039.69, 63507.7, 10, 2e-20, 3e-20, 2e-20, 2e-20, -1
-0.666931, 0.27204, 0.0477604, 0.05, 1.76047, 0.429746, 0.0816275, 1.814, 1010.69, 17097.2, 10, 2e-20, 3e-20, 2e-20, 2e-20, -1
-0.762632, 0.312646, 0.109037, 0.05, -0.531889, 0.882161, 0.0533483, 1.03148, 1015.62, 24995.2, 10, 2e-20, 3e-20, 2e-20, 2e-20, -1
-0.752507, 0.263998, 0.0831039, 0.05, 0.231824, 0.482315, 0.113787, 0.547099, 1017.75, 28405.2, 10, 2e-20, 3e-20, 2e-20, 2e-20, -1
-0.777777, 0.221118, 0.105429, 0.05, 0.0526491, 0.0213691, -0.0186839, 0.0598136, 1003.65, 5842.73, 10, 2e-20, 3e-20, 2e-20, 2e-20, -1
-0.733362, 0.223849, 0.191317, 0.05, 0.104447, 0.00716648, 0.227947, 0.250839, 1013.86, 22179.2, 10, 2e-20, 3e-20, 2e-20, 2e-20, -1
-0.752424, 0.253203, 0.213748, 0.05, -0.128867, -0.121562, -0.351782, 0.393872, 1009.67, 15464.9, 10, 2e-20, 3e-20, 2e-20, 2e-20, -1
-0.678074, 0.163072, 0.140597, 0.05, 0.139404, -0.0758497, -0.155636, 0.222282, 1012.72, 20345.5, 10, 2e-20, 3e-20, 2e-20, 2e-20, -1
-0.66408, 0.198137, 0.174145, 0.05, -0.0650108, -0.0346742, -0.228621, 0.240201, 1004.02, 6431.41, 10, 2e-20, 3e-20, 2e-20, 2e-20, -1
-0.711293, 0.174864, 0.174204, 0.05, -0.126221, 0.265456, 0.0581199, 0.299628, 997.971, -3246.62, 10, 2e-20, 3e-20, 2e-20, 2e-20, -1
-0.697404, 0.20739, 0.214812, 0.05, -0.204653, 0.0529403, 0.167546, 0.269735, 1008.39, 13416.7, 10, 2e-20, 3e-20, 2e-20, 2e-20, -1
-0.709754, 0.169155, 0.288274, 0.05, -0.0592591, 0.13916, -0.149912, 0.212958, 1002.63, 4214.49, 10, 2e-20, 3e-20, 2e-20, 2e-20, -1
-0.676096, 0.20197, 0.252356, 0.05, -0.181473, 0.0228494, -0.0151715, 0.183534, 1010.84, 17340.8, 10, 2e-20, 3e-20, 2e-20, 2e-20, -1
-0.664582, 0.216613, 0.303082, 0.05, -0.222545, -0.372622, -0.0889944, 0.443051, 1003.11, 4977.33, 10, 2e-20, 3e-20, 2e-20, 2e-20, -1
-0.65125, 0.166315, 0.285823, 0.05, 0.278965, 0.151059, 0.299677, 0.436402, 1017.06, 27289.2, 10, 2e-20, 3e-20, 2e-20, 2e-20, -1
-0.701152, 0.261714, 0.314726, 0.05, 0.0268318, 0.116361, -0.266269, 0.29182, 999.315, -1096.32, 10, 2e-20, 3e-20, 2e-20, 2e-20, -1
-0.710678, 0.211271, 0.325874, 0.05, 0.0881549, 0.0577236, -0.211786, 0.236552, 1012.34, 19740.4, 10, 2e-20, 3e-20, 2e-20, 2e-20, -1
-0.696877, 0.252783, 0.361874, 0.05, -0.068206, 0.209729, -0.268276, 0.34729, 1000.86, 1375.22, 10, 2e-20, 3e-20, 2e-20, 2e-20, -1
-0.738378, 0.177203, 0.423146, 0.05, -0.0934408, 0.00806746, -0.0825212, 0.124924, 1015.16, 24253.9, 10, 2e-20, 3e-20, 2e-20, 2e-20, -1
-0.649621, 0.150821, 0.427397, 0.05, 0.118222, -0.0675066, -0.219856, 0.258593, 1000.07, 116.567, 10, 2e-20, 3e-20, 2e-20, 2e-20, -1
-0.705211, 0.15534, 0.498572, 0.05, 0.116856, 0.0716543, -0.0866189, 0.162149, 1008.36, 13380.9, 10, 2e-20, 3e-20, 2e-20, 2e-20, -1
-0.683098, 0.209514, 0.490133, 0.05, 0.040314, -0.0968741, 0.0697235, 0.125981, 998.285, -2743.49, 10, 2e-20, 3e-20, 2e-20, 2e-20, -1
-0.632669, 0.224326, 0.50675, 0.05, 0.0664431, -0.187788, -0.148612, 0.248525, 1002.61, 4181.7, 10, 2e-20, 3e-20, 2e-20, 2e-20, -1
-0.645194, 0.168701, 0.580783, 0.05, 0.0756835, -0.0750001, 0.0427171, 0.114794, 1004.08, 6535.6, 10, 2e-20, 3e-20, 2e-20, 2e-20, -1
-0.725166, 0.210695, 0.555006, 0.05, 0.125981, 0.273365, -0.164866, 0.343192, 1005.94, 9496.77, 10, 2e-20, 3e-20, 2e-20, 2e-20, -1
-0.726588, 0.128429, 0.618775, 0.05, -0.0312831, -0.00227349, 0.0190896, 0.0367181, 1007.37, 11785, 10, 2e-20, 3e-20, 2e-20, 2e-20, -1
-0.75822, 0.166833, 0.61701, 0.05, -0.0121317, -0.0776936, 0.00221224, 0.0786662, 1004.01, 6414.55, 10, 2e-20, 3e-20, 2e-20, 2e-20, -1
-0.596158, 0.221759, 0.539512, 0.05, 0.0634797, -0.105213, -0.411232, 0.429199, 1003.33, 5324.55, 10, 2e-20, 3e-20, 2e-20, 2e-20, -1
-0.725253, 0.159745, 0.648837, 0.05, -0.0786353, -0.0902391, -0.232266, 0.261293, 1004.25, 6807.97, 10, 2e-20, 3e-20, 2e-20, 2e-20, -1
-0.721716, 0.189143, 0.604993, 0.05, -0.0695494, -0.121985, -0.109989, 0.178368, 998.59, -2256.73, 10, 2e-20, 3e-20, 2e-20, 2e-20, -1
-0.732286, 0.183622, 0.691093, 0.05, -0.0801298, 0.03387, -0.0492202, 0.0999529, 1011.49, 18378.5, 10, 2e-20, 3e-20, 2e-20, 2e-20, -1
-0.730335, 0.194436, 0.74225, 0.05, -0.144914, 0.165114, -0.0949868, 0.239343, 1009.01, 14423.7, 10, 2e-20, 3e-20, 2e-20, 2e-20, -1
-0.680956, 0.21185, 0.743597, 0.05, 0.00269596, -0.00500608, -0.113992, 0.114134, 1002.13, 3405.27, 10, 2e-20, 3e-20, 2e-20, 2e-20, -1
-0.655081, 0.226376, 0.787848, 0.05, -0.0249565, 0.0132276, -0.230955, 0.232676, 1001.36, 2173.94, 10, 2e-20, 3e-20, 2e-20, 2e-20, -1
-0.66918, 0.148668, 0.753044, 0.05, 0.0607808, -0.188384, -0.324556, 0.380157, 1005.05, 8078.8, 10, 2e-20, 3e-20, 2e-20, 2e-20, -1
-0.675605, 0.2084, 0.824578, 0.05, -0.042121, 0.0283076, -0.44296, 0.445857, 1008.86, 14182.9, 10, 2e-20, 3e-20, 2e-20, 2e-20, -1
-0.614262, 0.252016, 0.8794, 0.05, 0.0473745, -0.0303579, -0.109258, 0.122895, 1006.27, 10037.5, 10, 2e-20, 3e-20, 2e-20, 2e-20, -1
-0.576563, 0.110021, 0.970749, 0.05, 0.24178, -0.367213, -0.0707456, 0.445318, 995.424, -7321.95, 10, 2e-20, 3e-20, 2e-20, 2e-20, -1
-0.601461, 0.192354, 0.940666, 0.05, -0.0383488, -0.082132, -0.285518, 0.299561, 1007.32, 11709.9, 10, 2e-20, 3e-20, 2e-20, 2e-20, -1
-0.612944, 0.111431, 1.01228, 0.05, -0.0372333, -0.0555536, 0.139372, 0.154587, 1007.89, 12624.3, 10, 2e-20, 3e-20, 2e-20, 2e-20, -1
-0.539437, 0.170807, 0.926902, 0.05, 0.171216, -0.096174, -0.17448, 0.262693, 1003.26, 5213.55, 10, 2e-20, 3e-20, 2e-20, 2e-20, -1
-0.607722, 0.145599, 0.977547, 0.05, -0.066256, 0.0764961, -0.114452, 0.152777, 1003.4, 5437.72, 10, 2e-20, 3e-20, 2e-20, 2e-20, -1
-0.52379, 0.120088, 1.01177, 0.05, 0.0324202, -0.0923882, -0.0342784, 0.103738, 1004.54, 7260.07, 10, 2e-20, 3e-20, 2e-20, 2e-20, -1
-0.565799, 0.117836, 1.02923, 0.05, 0.216916, 0.0749675, -0.0958881, 0.248731, 1004.42, 7070.08, 10, 2e-20, 3e-20, 2e-20, 2e-20, -1
-0.516253, 0.12701, 1.08351, 0.05, 0.18615, -0.115169, 0.0750971, 0.23142, 998.412, -2541.34, 10, 2e-20, 3e-20, 2e-20, 2e-20, -1
-0.471528, 0.104194, 1.10425, 0.05, -0.00813232, -0.0284819, -0.00909088, 0.0309838, 1004.4, 7040.06, 10, 2e-20, 3e-20, 2e-20, 2e-20, -1
-0.466462, 0.139558, 1.13855, 0.05, -0.0995554, 0.151188, 0.0187287, 0.181989, 1000.16, 262.416, 10, 2e-20, 3e-20, 2e-20, 2e-20, -1
-0.423183, 0.13652, 1.16534, 0.05, -0.0556091, -0.016067, 0.0976234, 0.113494, 1004.9, 7834.63, 10, 2e-20, 3e-20, 2e-20, 2e-20, -1
-0.299773, 0.123836, 1.26509, 0.05, 0.187293, 0.0203817, -0.0801287, 0.204731, 997.93, -3312.48, 10, 2e-20, 3e-20, 2e-20, 2e-20, -1
-0.298669, 0.188648, 1.3126, 0.05, 0.14235, -0.0917338, 0.0875906, 0.190659, 996.841, -5053.95, 10, 2e-20, 3e-20, 2e-20, 2e-20, -1
-0.235815, 0.195507, 1.3774, 0.05, 0.0299623, -0.17905, 0.123318, 0.219463, 1005.89, 9421.31, 10, 2e-20, 3e-20, 2e-20, 2e-20, -1
-0.654948, 0.342261, 0.0450068, 0.05, -1.20763, 1.97563, 0.525773, 2.37443, 1027.52, 44029.6, 10, 2e-20, 3e-20, 2e-20, 2e-20, -1
-0.519806, 0.332861, 0.0754487, 0.05, -0.408414, -0.0126504, 0.282368, 0.496683, 1014.3, 22877.4, 10, 2e-20, 3e-20, 2e-20, 2e-20, -1
-0.630323, 0.340575, 0.100574, 0.05, 1.14981, -0.120822, -0.0374146, 1.15675, 1028.6, 45759.9, 10, 2e-20, 3e-20, 2e-20, 2e-20, -1
-0.591726, 0.307696, 0.0503104, 0.05, -0.125206, -0.501374, -0.296154, 0.595617, 1018.69, 29908.3, 10, 2e-20, 3e-20, 2e-20, 2e-20, -1
-0.682696, 0.268845, 0.0962493, 0.05, 0.505973, -0.585028, -0.250035, 0.812886, 1010.94, 17504.2, 10, 2e-20, 3e-20, 2e-20, 2e-20, -1
-0.727613, 0.252967, 0.122073, 0.05, -0.357364, -0.12238, -0.015012, 0.378036, 1009.69, 15507.6, 10, 2e-20, 3e-20, 2e-20, 2e-20, -1
-0.656873, 0.255055, 0.126656, 0.05, -0.406664, -0.281474, 0.601465, 0.778693, 1023.45, 37527.6, 10, 2e-20, 3e-20, 2e-20, 2e-20, -1
-0.697226, 0.279485, 0.166927, 0.05, -0.0329219, -0.319375, 0.357415, 0.480448, 985.56, -23103.8, 10, 2e-20, 3e-20, 2e-20, 2e-20, -1
-0.698263, 0.265506, 0.20901, 0.05, 0.0744544, 0.00898041, -0.516475, 0.521891, 1006.49, 10389.2, 10, 2e-20, 3e-20, 2e-20, 2e-20, -1
-0.691251, 0.147291, 0.255301, 0.05, -0.30934, -0.0136322, 0.145912, 0.342297, 1001.63, 2611.44, 10, 2e-20, 3e-20, 2e-20, 2e-20, -1
-0.654565, 0.282098, 0.235621, 0.05, -0.259006, 0.1852, 0.0899475, 0.330868, 1002.36, 3774.04, 10, 2e-20, 3e-20, 2e-20, 2e-20, -1
-0.633673, 0.247909, 0.270826, 0.05, 0.103591, 0.202976, -0.101862, 0.249612, 1011.33, 18128.3, 10, 2e-20, 3e-20, 2e-20, 2e-20, -1
-0.617105, 0.374606, 0.333126, 0.05, -0.0612898, -0.167736, -0.347073, 0.390322, 1000.72, 1159.87, 10, 2e-20, 3e-20, 2e-20, 2e-20, -1
-0.582219, 0.336252, 0.321505, 0.05, -0.310467, 0.00344057, -0.0846363, 0.321815, 999.85, -240.018, 10, 2e-20, 3e-20, 2e-20, 2e-20, -1
-0.601178, 0.388982, 0.361232, 0.05, -0.165494, 0.150577, 0.0842465, 0.23908, 1000.4, 643.711, 10, 2e-20, 3e-20, 2e-20, 2e-20, -1
-0.650676, 0.274087, 0.324166, 0.05, -0.27275, 0.0969762, 0.143349, 0.323026, 1000.86, 1380.87, 10, 2e-20, 3e-20, 2e-20, 2e-20, -1
-0.652084, 0.246488, 0.380227, 0.05, 0.307097, -0.0579774, -0.0664389, 0.319506, 1006.01, 9609.19, 10, 2e-20, 3e-20, 2e-20, 2e-20, -1
-0.688581, 0.19781, 0.408853, 0.05, -0.163911, 0.189828, 0.110548, 0.274084, 1003.42, 5467.24, 10, 2e-20, 3e-20, 2e-20, 2e-20, -1
-0.681004, 0.256784, 0.41426, 0.05, -0.26208, -0.122749, 0.223039, 0.365376, 995.349, -7441.85, 10, 2e-20, 3e-20, 2e-20, 2e-20, -1
-0.630365, 0.292063, 0.403099, 0.05, 0.126892, -0.0956103, -0.236629, 0.28502, 1007.29, 11671.8, 10, 2e-20, 3e-20, 2e-20, 2e-20, -1
-0.624596, 0.238298, 0.422823, 0.05, -0.0971037, 0.226438, -0.0259201, 0.24774, 1001.35, 2153.12, 10, 2e-20, 3e-20, 2e-20, 2e-20, -1
-0.61133, 0.293555, 0.441624, 0.05, 0.0426585, 0.166724, 0.0214649, 0.173429, 1005.86, 9384, 10, 2e-20, 3e-20, 2e-20, 2e-20, -1
-0.668607, 0.265287, 0.502, 0.05, -0.123297, 0.0073778, 0.032689, 0.12777, 1008.16, 13056.3, 10, 2e-20, 3e-20, 2e-20, 2e-20, -1
-0.589569, 0.288879, 0.519987, 0.05, 0.0483193, 0.298089, 0.0846151, 0.313611, 1002.23, 3573.91, 10, 2e-20, 3e-20, 2e-20, 2e-20, -1
-0.612595, 0.268592, 0.486697, 0.05, 0.0427503, -0.0177082, -0.229231, 0.233855, 1005.94, 9510.08, 10, 2e-20, 3e-20, 2e-20, 2e-20, -1
-0.612185, 0.306063, 0.551491, 0.05, 0.0209204, -0.124999, -0.179424, 0.219672, 1000.41, 649.023, 10, 2e-20, 3e-20, 2e-20, 2e-20, -1
-0.629336, 0.262297, 0.539609, 0.05, -0.0345522, 0.190981, 0.0364229, 0.19747, 1007.58, 12123.3, 10, 2e-20, 3e-20, 2e-20, 2e-20, -1
-0.58435, 0.263976, 0.564151, 0.05, -0.219001, 0.299218, -0.288185, 0.46962, 1012.69, 20311.1, 10, 2e-20, 3e-20, 2e-20, 2e-20, -1
-0.642833, 0.241877, 0.620255, 0.05, 0.120841, 0.0594212, 0.00231036, 0.134681, 1001.47, 2355.48, 10, 2e-20, 3e-20, 2e-20, 2e-20, -1
-0.679817, 0.209523, 0.64065, 0.05, 0.155285, -0.100567, 0.054435, 0.192847, 1001.99, 3180.52, 10, 2e-20, 3e-20, 2e-20, 2e-20, -1
-0.70296, 0.32072, 0.684755, 0.05, 0.142219, 0.0328629, -0.194362, 0.24307, 1004.17, 6672.29, 10, 2e-20, 3e-20, 2e-20, 2e-20, -1
-0.724918, 0.248534, 0.750123, 0.05, -0.144213, -0.298311, -0.108715, 0.348721, 1001.69, 2705.54, 10, 2e-20, 3e-20, 2e-20, 2e-20, -1
-0.668432, 0.277611, 0.68438, 0.05, -0.0806557, 0.100341, -0.309244, 0.334971, 1003.66, 5857, 10, 2e-20, 3e-20, 2e-20, 2e-20, -1
-0.673998, 0.296233, 0.72207, 0.05, 0.00967, 0.129359, -0.123596, 0.179174, 1006.93, 11084.3, 10, 2e-20, 3e-20, 2e-20, 2e-20, -1
-0.650631, 0.26955, 0.758891, 0.05, -0.0130949, -0.159843, -0.287102, 0.32886, 1002.3, 3674.94, 10, 2e-20, 3e-20, 2e-20, 2e-20, -1
-0.644349, 0.254918, 0.831883, 0.05, -0.0851742, -0.057252, -0.200868, 0.225567, 1009.5, 15202, 10, 2e-20, 3e-20, 2e-20, 2e-20, -1
-0.603739, 0.240661, 0.799308, 0.05, -0.00196384, -0.0200751, -0.366197, 0.366752, 1006.29, 10056.2, 10, 2e-20, 3e-20, 2e-20, 2e-20, -1
-0.552633, 0.223146, 0.898317, 0.05, -0.00468046, -0.0403159, -0.242501, 0.245874, 999.542, -733.004, 10, 2e-20, 3e-20, 2e-20, 2e-20, -1
-0.528619, 0.345782, 0.877986, 0.05, 0.114126, -0.101113, -0.135798, 0.20418, 998.103, -3035.17, 10, 2e-20, 3e-20, 2e-20, 2e-20, -1
-0.581931, 0.253497, 0.853933, 0.05, -0.0324949, 0.0023883, -0.115423, 0.119933, 1011.07, 17712.1, 10, 2e-20, 3e-20, 2e-20, 2e-20, -1
-0.568543, 0.315661, 0.900179, 0.05, 0.00547789, -0.0445292, 0.0339835, 0.0562826, 997.136, -4581.71, 10, 2e-20, 3e-20, 2e-20, 2e-20, -1
-0.58071, 0.247704, 0.919235, 0.05, 0.00902763, -0.0897283, -0.26258, 0.277635, 1002.34, 3736.32, 10, 2e-20, 3e-20, 2e-20, 2e-20, -1
-0.555602, 0.205762, 0.944001, 0.05, -0.109742, -0.02479, -0.191637, 0.222221, 1002.33, 3720.5, 10, 2e-20, 3e-20, 2e-20, 2e-20, -1
-0.564756, 0.158669, 0.971007, 0.05, 0.100404, -0.0763743, 0.0591113, 0.139313, 1006.35, 10159.8, 10, 2e-20, 3e-20, 2e-20, 2e-20, -1
-0.565653, 0.20608, 0.989023, 0.05, -0.0186402, -0.210519, -0.0184705, 0.212148, 999.879, -193.395, 10, 2e-20, 3e-20, 2e-20, 2e-20, -1
-0.537309, 0.167899, 1.02156, 0.05, 0.0695133, -0.196563, -0.209065, 0.295258, 1006.02, 9633.28, 10, 2e-20, 3e-20, 2e-20, 2e-20, -1
-0.500376, 0.172501, 1.05477, 0.05, 0.130447, -0.0974947, -0.0401755, 0.167737, 1007.7, 12316.3, 10, 2e-20, 3e-20, 2e-20, 2e-20, -1
-0.36946, 0.210484, 1.16216, 0.05, 0.0834535, -0.0438194, -0.212824, 0.232763, 1002.66, 4250.72, 10, 2e-20, 3e-20, 2e-20, 2e-20, -1
-0.360737, 0.160139, 1.21319, 0.05, -0.0219507, -0.120494, -0.0721123, 0.14213, 1003.55, 5683.32, 10, 2e-20, 3e-20, 2e-20, 2e-20, -1
-0.292925, 0.173199, 1.26568, 0.05, 0.00639894, -0.071505, -0.136914, 0.154594, 995.578, -7074.51, 10, 2e-20, 3e-20, 2e-20, 2e-20, -1
-0.295933, 0.249804, 1.31201, 0.05, 0.0904619, -0.0377636, -0.0182873, 0.099719, 1006.08, 9731.86, 10, 2e-20, 3e-20, 2e-20, 2e-20, -1
-0.574076, 0.370037, 0.0386667, 0.05, -0.229388, 0.364319, 0.375157, 0.571042, 1009.28, 14845.8, 10, 2e-20, 3e-20, 2e-20, 2e-20, -1
-0.634994, 0.454215, 0.139097, 0.05, 0.803211, -0.282794, -0.511693, 0.993453, 1036.74, 58787.3, 10, 2e-20, 3e-20, 2e-20, 2e-20, -1
-0.594462, 0.391832, 0.0766204, 0.05, 0.835197, 0.139546, 0.0193936, 0.846997, 1033.08, 52934.5, 10, 2e-20, 3e-20, 2e-20, 2e-20, -1
-0.571747, 0.310384, 0.100726, 0.05, -0.174621, -1.0325, 0.383721, 1.11526, 998.309, -2705.7, 10, 2e-20, 3e-20, 2e-20, 2e-20, -1
-0.626634, 0.390512, 0.109903, 0.05, 0.870465, -0.0648413, -0.0128209, 0.872971, 1019.17, 30672, 10, 2e-20, 3e-20, 2e-20, 2e-20, -1
-0.652678, 0.305891, 0.146359, 0.05, 0.0820252, -0.0289158, -0.208095, 0.225538, 1010.15, 16243.5, 10, 2e-20, 3e-20, 2e-20, 2e-20, -1
-0.641153, 0.383029, 0.153829, 0.05, -0.194281, 0.375704, 1.08288, 1.16255, 996.07, -6288.46, 10, 2e-20, 3e-20, 2e-20, 2e-20, -1
-0.659561, 0.332044, 0.15772, 0.05, -0.494886, -0.572879, -0.00276986, 0.757041, 1018.8, 30085.7, 10, 2e-20, 3e-20, 2e-20, 2e-20, -1
-0.664663, 0.373332, 0.197595, 0.05, 0.299216, 0.115771, 0.760419, 0.825331, 999.855, -231.845, 10, 2e-20, 3e-20, 2e-20, 2e-20, -1
-0.657159, 0.319858, 0.211515, 0.05, 0.094796, -0.140972, -0.373924, 0.410705, 1013.15, 21033, 10, 2e-20, 3e-20, 2e-20, 2e-20, -1
-0.64785, 0.44379, 0.285962, 0.05, 0.0619097, 0.565874, -0.0548913, 0.571891, 1009.34, 14940.1, 10, 2e-20, 3e-20, 2e-20, 2e-20, -1
-0.632285, 0.364153, 0.233653, 0.05, 0.0525931, 0.237895, -0.941666, 0.972674, 1039.17, 62678.3, 10, 2e-20, 3e-20, 2e-20, 2e-20, -1
-0.620217, 0.348828, 0.285711, 0.05, 0.112833, -0.00477395, 0.607372, 0.617782, 1002.69, 4300.08, 10, 2e-20, 3e-20, 2e-20, 2e-20, -1
-0.645786, 0.384751, 0.417956, 0.05, -0.0800329, 0.0640365, -0.123244, 0.160296, 998.154, -2952.82, 10, 2e-20, 3e-20, 2e-20, 2e-20, -1
-0.603739, 0.398503, 0.413306, 0.05, -0.260987, 0.00449931, -0.0831152, 0.273939, 1009.5, 15202.4, 10, 2e-20, 3e-20, 2e-20, 2e-20, -1
-0.602473, 0.435234, 0.486006, 0.05, 0.00976848, 0.0884209, 0.0608615, 0.107786, 1004.53, 7254.29, 10, 2e-20, 3e-20, 2e-20, 2e-20, -1
-0.5997, 0.323993, 0.36377, 0.05, -0.00204764, -0.124372, -0.124871, 0.176254, 992.513, -11978.4, 10, 2e-20, 3e-20, 2e-20, 2e-20, -1
-0.636583, 0.349559, 0.377354, 0.05, -0.231581, -0.056025, -0.154576, 0.284011, 1012.23, 19561.4, 10, 2e-20, 3e-20, 2e-20, 2e-20, -1
-0.629112, 0.316569, 0.330852, 0.05, 0.0186062, 0.323174, -0.102918, 0.339676, 1000.25, 406.132, 10, 2e-20, 3e-20, 2e-20, 2e-20, -1
-0.637451, 0.341321, 0.434711, 0.05, 0.000841834, 0.0289461, 0.152039, 0.154773, 1015.94, 25497.3, 10, 2e-20, 3e-20, 2e-20, 2e-20, -1
-0.584373, 0.327691, 0.466751, 0.05, -0.212611, 0.0529393, -0.00817005, 0.219255, 1007.81, 12499.1, 10, 2e-20, 3e-20, 2e-20, 2e-20, -1
-0.637323, 0.315633, 0.486068, 0.05, 0.0757682, 0.243167, -0.236584, 0.347624, 1011.72, 18756.2, 10, 2e-20, 3e-20, 2e-20, 2e-20, -1
-0.665099, 0.300764, 0.538908, 0.05, 0.0736177, 0.0140883, -0.00976078, 0.0755865, 1000.06, 96.9543, 10, 2e-20, 3e-20, 2e-20, 2e-20, -1
-0.647401, 0.329058, 0.584813, 0.05, -0.139449, -0.155648, -0.198797, 0.288432, 1004.13, 6600.45, 10, 2e-20, 3e-20, 2e-20, 2e-20, -1
-0.622217, 0.354207, 0.620808, 0.05, 0.0507734, -0.0320027, -0.163981, 0.174619, 1003.77, 6034.42, 10, 2e-20, 3e-20, 2e-20, 2e-20, -1
-0.614683, 0.277395, 0.597151, 0.05, -0.0598567, 0.291515, -0.233026, 0.377975, 1009.19, 14696.9, 10, 2e-20, 3e-20, 2e-20, 2e-20, -1
-0.595305, 0.306657, 0.638441, 0.05, 0.0198982, 0.071112, -0.0943022, 0.119774, 1002.8, 4477.82, 10, 2e-20, 3e-20, 2e-20, 2e-20, -1
-0.642339, 0.242313, 0.668273, 0.05, 0.122901, -0.203418, 0.0246594, 0.238939, 1003.71, 5930.27, 10, 2e-20, 3e-20, 2e-20, 2e-20, -1
-0.603967, 0.448309, 0.89623, 0.05, 0.0581465, 0.0601376, -0.222878, 0.238059, 999.412, -940.226, 10, 2e-20, 3e-20, 2e-20, 2e-20, -1
-0.622705, 0.29234, 0.675097, 0.05, 0.233128, 0.0896196, -0.306205, 0.395148, 1008.58, 13727.2, 10, 2e-20, 3e-20, 2e-20, 2e-20, -1
-0.656765, 0.395283, 0.778976, 0.05, -0.011706, -0.0922803, -0.107058, 0.141824, 1002.16, 3457.54, 10, 2e-20, 3e-20, 2e-20, 2e-20, -1
-0.644478, 0.335144, 0.699931, 0.05, -0.0678948, 0.0796449, -0.167224, 0.197274, 999.57, -688.108, 10, 2e-20, 3e-20, 2e-20, 2e-20, -1
-0.625631, 0.348675, 0.772926, 0.05, -0.0745652, -0.0861185, -0.183667, 0.216125, 1001.29, 2069.82, 10, 2e-20, 3e-20, 2e-20, 2e-20, -1
-0.60991, 0.337367, 0.818701, 0.05, 0.13468, -0.050297, -0.0468389, 0.151203, 1001.33, 2128.71, 10, 2e-20, 3e-20, 2e-20, 2e-20, -1
-0.447877, 0.467762, 1.16398, 0.05, 0.0604562, -0.133296, 0.329264, 0.36033, 994.457, -8869.58, 10, 2e-20, 3e-20, 2e-20, 2e-20, -1
-0.572763, 0.341207, 0.785881, 0.05, -0.0493395, -0.180763, -0.028436, 0.189521, 1002.86, 4577.97, 10, 2e-20, 3e-20, 2e-20, 2e-20, -1
-0.506955, 0.348592, 0.828602, 0.05, -0.0235377, -0.0151819, -0.400356, 0.401335, 1000.33, 528.904, 10, 2e-20, 3e-20, 2e-20, 2e-20, -1
-0.59772, 0.287361, 0.80632, 0.05, 0.213826, -0.0704457, -0.157723, 0.274883, 998.472, -2444.48, 10, 2e-20, 3e-20, 2e-20, 2e-20, -1
-0.491487, 0.317855, 0.870762, 0.05, 0.00210346, -0.0933976, 0.0264647, 0.0970975, 998.587, -2260.04, 10, 2e-20, 3e-20, 2e-20, 2e-20, -1
-0.50876, 0.326466, 0.923331, 0.05, 0.115831, -0.136636, -0.222112, 0.285342, 1000.2, 326.146, 10, 2e-20, 3e-20, 2e-20, 2e-20, -1
-0.57994, 0.28371, 0.949623, 0.05, 0.158359, 0.00582915, -0.316573, 0.354019, 1011.42, 18276.4, 10, 2e-20, 3e-20, 2e-20, 2e-20, -1
-0.534069, 0.280027, 0.927523, 0.05, 0.0858368, 0.100666, 0.0427023, 0.139015, 1008.35, 13353.5, 10, 2e-20, 3e-20, 2e-20, 2e-20, -1
-0.481157, 0.298536, 0.997663, 0.05, -0.0932531, -0.212839, -0.144633, 0.273707, 1001.39, 2226.02, 10, 2e-20, 3e-20, 2e-20, 2e-20, -1
-0.502171, 0.276615, 0.971807, 0.05, -0.149774, -0.0740545, -0.0266219, 0.16919, 1004.31, 6890.06, 10, 2e-20, 3e-20, 2e-20, 2e-20, -1
-0.481479, 0.254416, 1.00692, 0.05, -0.0365248, -0.106079, -0.0838344, 0.140054, 1003.17, 5067.31, 10, 2e-20, 3e-20, 2e-20, 2e-20, -1
-0.329407, 0.311903, 1.1294, 0.05, 0.221712, -0.0736488, -0.257735, 0.347862, 994.352, -9036.69, 10, 2e-20, 3e-20, 2e-20, 2e-20, -1
-0.457898, 0.214736, 1.02334, 0.05, 0.0177693, -0.0970268, -0.0899796, 0.133515, 1001.95, 3115.04, 10, 2e-20, 3e-20, 2e-20, 2e-20, -1
-0.424391, 0.263822, 1.08465, 0.05, 0.074518, -0.179626, -0.147816, 0.244271, 999.083, -1467.33, 10, 2e-20, 3e-20, 2e-20, 2e-20, -1
-0.430757, 0.196184, 1.13633, 0.05, -0.0721688, -0.184643, -0.0378345, 0.201824, 1010.59, 16947, 10, 2e-20, 3e-20, 2e-20, 2e-20, -1
-0.32778, 0.195153, 1.20795, 0.05, 0.181642, -0.257438, 0.0130094, 0.315337, 1002.43, 3884.29, 10, 2e-20, 3e-20, 2e-20, 2e-20, -1
-0.379929, 0.28363, 1.27739, 0.05, 0.218234, -0.284282, -0.248602, 0.436171, 994.187, -9301.3, 10, 2e-20, 3e-20, 2e-20, 2e-20, -1
-0.587286, 0.440614, 0.0467062, 0.05, -0.925822, -0.566471, 0.118362, 1.09181, 1014.97, 23948.6, 10, 2e-20, 3e-20, 2e-20, 2e-20, -1
-0.650199, 0.496064, 0.170208, 0.05, 0.020571, 0.276092, 0.291741, 0.402198, 1014.82, 23712, 10, 2e-20, 3e-20, 2e-20, 2e-20, -1
-0.621106, 0.498635, 0.354715, 0.05, -0.0799459, 0.20146, 0.109568, 0.242864, 1013.07, 20914.2, 10, 2e-20, 3e-20, 2e-20, 2e-20, -1
-0.647802, 0.497889, 0.402708, 0.05, -0.340875, -0.201819, 0.206094, 0.446544, 1005.49, 8781.21, 10, 2e-20, 3e-20, 2e-20, 2e-20, -1
-0.623307, 0.501762, 0.219774, 0.05, 0.0256924, -0.233462, 0.0184696, 0.235596, 996.908, -4946.52, 10, 2e-20, 3e-20, 2e-20, 2e-20, -1
-0.702819, 0.496783, 0.216931, 0.05, -0.114099, 0.303197, 0.208731, 0.385377, 1006.91, 11063.8, 10, 2e-20, 3e-20, 2e-20, 2e-20, -1
-0.605891, 0.424641, 0.138474, 0.05, -0.0886455, 0.873508, -0.581599, 1.05315, 1018.13, 29004.3, 10, 2e-20, 3e-20, 2e-20, 2e-20, -1
-0.662307, 0.426211, 0.234417, 0.05, 0.0287548, -0.321887, -0.108941, 0.341037, 996.744, -5209.38, 10, 2e-20, 3e-20, 2e-20, 2e-20, -1
-0.673446, 0.442133, 0.329402, 0.05, 0.142164, -0.21851, -0.126716, 0.289852, 1010.75, 17196.2, 10, 2e-20, 3e-20, 2e-20, 2e-20, -1
-0.673662, 0.427738, 0.427227, 0.05, -0.0890869, -0.175807, -0.0815289, 0.213287, 991.202, -14076.6, 10, 2e-20, 3e-20, 2e-20, 2e-20, -1
-0.639415, 0.395154, 0.304134, 0.05, 0.0948946, -0.217625, -0.400655, 0.465715, 997.995, -3208.69, 10, 2e-20, 3e-20, 2e-20, 2e-20, -1
-0.673135, 0.39125, 0.345236, 0.05, 0.0985977, -0.0909174, 0.340612, 0.366065, 1002.69, 4307.54, 10, 2e-20, 3e-20, 2e-20, 2e-20, -1
-0.640735, 0.409008, 0.377731, 0.05, -0.317652, 0.134669, -0.220167, 0.409282, 1005.36, 8572.38, 10, 2e-20, 3e-20, 2e-20, 2e-20, -1
-0.59659, 0.479772, 0.542362, 0.05, -0.0257033, -0.0893576, -0.149095, 0.175712, 994.464, -8858.14, 10, 2e-20, 3e-20, 2e-20, 2e-20, -1
-0.576534, 0.444069, 0.550346, 0.05, -0.15765, -0.350434, -0.110762, 0.399907, 994.943, -8090.74, 10, 2e-20, 3e-20, 2e-20, 2e-20, -1
-0.662528, 0.447516, 0.624481, 0.05, -0.160493, -0.108235, -0.320933, 0.374794, 1012.48, 19962.5, 10, 2e-20, 3e-20, 2e-20, 2e-20, -1
-0.626999, 0.440414, 0.581469, 0.05, -0.0553774, -0.0761153, -0.0364899, 0.100954, 997.551, -3917.97, 10, 2e-20, 3e-20, 2e-20, 2e-20, -1
-0.618069, 0.439203, 0.643926, 0.05, -0.0493469, 0.0528801, -0.229902, 0.241011, 1003.05, 4886.47, 10, 2e-20, 3e-20, 2e-20, 2e-20, -1
-0.607843, 0.463038, 0.704347, 0.05, 0.0693011, -0.0565563, -0.0943769, 0.130032, 1004.2, 6714.21, 10, 2e-20, 3e-20, 2e-20, 2e-20, -1
-0.652928, 0.389848, 0.551495, 0.05, 0.0549151, -0.0948928, 0.0825547, 0.137243, 1006.22, 9945.94, 10, 2e-20, 3e-20, 2e-20, 2e-20, -1
-0.603342, 0.39912, 0.633014, 0.05, 0.0773618, 0.0348748, -0.490562, 0.497848, 1013.35, 21357.8, 10, 2e-20, 3e-20, 2e-20, 2e-20, -1
-0.626557, 0.427786, 0.734923, 0.05, 0.00562116, -0.05488, -0.339599, 0.34405, 1008.09, 12945.6, 10, 2e-20, 3e-20, 2e-20, 2e-20, -1
-0.631642, 0.348136, 0.546998, 0.05, -0.0172897, 0.0373741, -0.0480306, 0.0632669, 1002.26, 3617.48, 10, 2e-20, 3e-20, 2e-20, 2e-20, -1
-0.638308, 0.386924, 0.668636, 0.05, -0.0217862, -0.126832, 0.0274653, 0.131587, 1000.91, 1451.61, 10, 2e-20, 3e-20, 2e-20, 2e-20, -1
-0.584656, 0.417368, 0.732204, 0.05, 0.01381, -0.0720182, -0.313723, 0.322179, 1007.94, 12702.2, 10, 2e-20, 3e-20, 2e-20, 2e-20, -1
-0.607724, 0.48183, 0.858874, 0.05, -0.0348446, 0.175597, -0.399523, 0.437798, 1013.64, 21817.4, 10, 2e-20, 3e-20, 2e-20, 2e-20, -1
-0.616551, 0.438747, 0.81722, 0.05, 0.0508297, -0.0695385, 0.172534, 0.19284, 996.556, -5510.83, 10, 2e-20, 3e-20, 2e-20, 2e-20, -1
-0.512304, 0.438998, 0.8833, 0.05, 0.156848, -0.0262141, -0.115144, 0.196332, 1001.44, 2309.19, 10, 2e-20, 3e-20, 2e-20, 2e-20, -1
-0.485545, 0.445482, 0.914109, 0.05, -0.0123474, -0.253778, -0.117846, 0.280078, 1003.41, 5451.2, 10, 2e-20, 3e-20, 2e-20, 2e-20, -1
-0.452511, 0.448589, 1.11443, 0.05, 0.294891, -0.0112459, 0.0619024, 0.301528, 995.62, -7007.65, 10, 2e-20, 3e-20, 2e-20, 2e-20, -1
-0.485429, 0.469926, 1.06997, 0.05, 0.104532, 0.0372406, 0.106007, 0.153464, 997.26, -4384.27, 10, 2e-20, 3e-20, 2e-20, 2e-20, -1
-0.500189, 0.444657, 1.00688, 0.05, -0.175526, -0.0560588, -0.226015, 0.291608, 997.143, -4571.98, 10, 2e-20, 3e-20, 2e-20, 2e-20, -1
-0.591222, 0.388964, 0.812444, 0.05, -0.0323122, -0.0610053, 0.185567, 0.197992, 1005.69, 9105.29, 10, 2e-20, 3e-20, 2e-20, 2e-20, -1
-0.380161, 0.446661, 1.22742, 0.05, -0.00516742, 0.208408, -0.0324398, 0.21098, 995.478, -7235.98, 10, 2e-20, 3e-20, 2e-20, 2e-20, -1
-0.469873, 0.445159, 1.19177, 0.05, 0.210171, -0.17388, 0.0941825, 0.288577, 1002.55, 4084.86, 10, 2e-20, 3e-20, 2e-20, 2e-20, -1
-0.423489, 0.428452, 1.17368, 0.05, 0.110513, -0.0569938, -0.149654, 0.194571, 998.071, -3086.14, 10, 2e-20, 3e-20, 2e-20, 2e-20, -1
-0.457814, 0.38664, 0.905519, 0.05, -0.196641, -0.0482653, -0.120009, 0.23537, 999.103, -1435.82, 10, 2e-20, 3e-20, 2e-20, 2e-20, -1
-0.480604, 0.392426, 0.944685, 0.05, -0.14842, 0.00386306, -0.225766, 0.270211, 1008.06, 12899.2, 10, 2e-20, 3e-20, 2e-20, 2e-20, -1
-0.404325, 0.400242, 1.06749, 0.05, -0.040674, 0.223668, -0.0172369, 0.227989, 1007.73, 12362.5, 10, 2e-20, 3e-20, 2e-20, 2e-20, -1
-0.440975, 0.410827, 1.04653, 0.05, 0.127136, 0.004389, 0.214229, 0.249152, 998.902, -1756.63, 10, 2e-20, 3e-20, 2e-20, 2e-20, -1
-0.436509, 0.368536, 1.01665, 0.05, 0.038491, -0.0480445, -0.236458, 0.24434, 991.183, -14106.9, 10, 2e-20, 3e-20, 2e-20, 2e-20, -1
-0.48025, 0.375224, 1.04518, 0.05, -0.0720271, -0.108534, -0.0357603, 0.135079, 996.347, -5844.15, 10, 2e-20, 3e-20, 2e-20, 2e-20, -1
-0.41605, 0.364236, 1.06413, 0.05, 0.0655421, -0.0476285, -0.200979, 0.216696, 1004.25, 6793.39, 10, 2e-20, 3e-20, 2e-20, 2e-20, -1
-0.332754, 0.431858, 1.35265, 0.05, 0.0113267, 0.332481, -0.380515, 0.505434, 987.909, -19345.9, 10, 2e-20, 3e-20, 2e-20, 2e-20, -1
-0.364537, 0.316594, 1.0797, 0.05, 0.0146466, 0.0620861, -0.0202693, 0.0669332, 1000.35, 553.907, 10, 2e-20, 3e-20, 2e-20, 2e-20, -1
-0.46053, 0.372885, 1.32677, 0.05, 0.115184, -0.0361488, -0.544564, 0.557785, 993.322, -10684.3, 10, 2e-20, 3e-20, 2e-20, 2e-20, -1
-0.337873, 0.342199, 1.17523, 0.05, 0.203331, 0.0230832, -0.311749, 0.372913, 995.955, -6472.64, 10, 2e-20, 3e-20, 2e-20, 2e-20, -1
-0.592905, 0.409957, 1.31535, 0.05, -0.185386, -0.198668, -0.21057, 0.343769, 1001.74, 2777.38, 10, 2e-20, 3e-20, 2e-20, 2e-20, -1
-0.376341, 0.321913, 1.23602, 0.05, 0.254522, 0.0594655, -0.293702, 0.393164, 998.125, -2999.24, 10, 2e-20, 3e-20, 2e-20, 2e-20, -1
-0.315495, 0.245394, 1.21311, 0.05, 0.167985, -0.0582863, -0.170453, 0.246314, 995.034, -7946.12, 10, 2e-20, 3e-20, 2e-20, 2e-20, -1
-0.333642, 0.290248, 1.23701, 0.05, -0.0384337, -0.059862, -0.143909, 0.160532, 1004.82, 7712.83, 10, 2e-20, 3e-20, 2e-20, 2e-20, -1
-0.625214, 0.448864, 0.0812191, 0.05, -0.0371404, 0.170918, -0.0569296, 0.183938, 999.75, -399.56, 10, 2e-20, 3e-20, 2e-20, 2e-20, -1
-0.601069, 0.491596, 0.0502375, 0.05, -0.185303, 0.195772, -0.149106, 0.308052, 1009.55, 15277.1, 10, 2e-20, 3e-20, 2e-20, 2e-20, -1
-0.660991, 0.495539, 0.106345, 0.05, -0.0288882, 1.05742, -0.731061, 1.28586, 1021.96, 35134.2, 10, 2e-20, 3e-20, 2e-20, 2e-20, -1
-0.761472, 0.492492, 0.453462, 0.05, -0.130588, -0.17725, 0.0599477, 0.228177, 1002.58, 4127.5, 10, 2e-20, 3e-20, 2e-20, 2e-20, -1
-0.700359, 0.489741, 0.452333, 0.05, -0.0230898, 0.147631, -0.21877, 0.264931, 1020.57, 32911.1, 10, 2e-20, 3e-20, 2e-20, 2e-20, -1
-0.645571, 0.491696, 0.460396, 0.05, -0.377968, 0.15918, -0.230962, 0.470682, 1015.18, 24283.3, 10, 2e-20, 3e-20, 2e-20, 2e-20, -1
-0.584523, 0.473083, 0.267814, 0.05, -0.902017, 0.0626157, 0.18221, 0.922364, 1002.59, 4140.08, 10, 2e-20, 3e-20, 2e-20, 2e-20, -1
-0.649734, 0.492202, 0.511762, 0.05, -0.508132, 0.0416253, 0.147857, 0.530841, 1002.26, 3612.64, 10, 2e-20, 3e-20, 2e-20, 2e-20, -1
-0.760869, 0.494127, 0.506713, 0.05, -0.0122736, 0.0370711, -0.3822, 0.38419, 1010.28, 16448.4, 10, 2e-20, 3e-20, 2e-20, 2e-20, -1
-0.703476, 0.493984, 0.51545, 0.05, 0.231409, -0.00872833, 0.0614869, 0.239598, 1008.96, 14334.8, 10, 2e-20, 3e-20, 2e-20, 2e-20, -1
-0.751289, 0.496871, 0.696178, 0.05, -0.164619, -0.100754, -0.314479, 0.368982, 1004.3, 6876.14, 10, 2e-20, 3e-20, 2e-20, 2e-20, -1
-0.592266, 0.447978, 0.38055, 0.05, -0.272366, -0.213902, 0.180616, 0.390588, 989.676, -16518, 10, 2e-20, 3e-20, 2e-20, 2e-20, -1
-0.759608, 0.494338, 0.759165, 0.05, -0.210911, 0.127414, -0.163089, 0.295492, 1009.9, 15832.1, 10, 2e-20, 3e-20, 2e-20, 2e-20, -1
-0.670311, 0.469236, 0.743505, 0.05, -0.0747589, -0.109207, -0.541204, 0.557151, 1003.22, 5148.43, 10, 2e-20, 3e-20, 2e-20, 2e-20, -1
-0.619826, 0.494094, 1.0896, 0.05, 0.15523, 0.0163034, 0.507639, 0.531092, 1000.43, 695.846, 10, 2e-20, 3e-20, 2e-20, 2e-20, -1
-0.616396, 0.501326, 0.968548, 0.05, 0.0845957, -0.101574, -0.0984383, 0.164814, 1009.73, 15560.4, 10, 2e-20, 3e-20, 2e-20, 2e-20, -1
-0.704482, 0.497171, 0.736939, 0.05, 0.119282, -0.0909737, -0.177501, 0.232403, 997.146, -4565.95, 10, 2e-20, 3e-20, 2e-20, 2e-20, -1
-0.722427, 0.447918, 0.770794, 0.05, -0.00514614, -0.00537401, -0.368745, 0.36882, 1007.8, 12475.1, 10, 2e-20, 3e-20, 2e-20, 2e-20, -1
-0.618921, 0.496481, 1.03831, 0.05, 0.143324, 0.0509015, 0.134317, 0.202913, 1004.37, 6988.66, 10, 2e-20, 3e-20, 2e-20, 2e-20, -1
-0.527643, 0.498526, 0.909947, 0.05, -0.0355001, -0.0659045, -0.180989, 0.195859, 1004.21, 6728.28, 10, 2e-20, 3e-20, 2e-20, 2e-20, -1
-0.370548, -0.51009, 1.98661, 0.05, 0.0209001, -0.0405995, -0.835605, 0.836852, 1000.09, 136.137, 10, 2e-20, 3e-20, 2e-20, 2e-20, -1
-0.848537, -0.239808, 1.32396, 0.05, 0.0484337, -0.0470221, -0.18197, 0.194088, 997.87, -3408.23, 10, 2e-20, 3e-20, 2e-20, 2e-20, -1
-0.674902, 0.443805, 0.803374, 0.05, 0.0292883, -0.00314331, 0.0463556, 0.0549229, 995.69, -6895.4, 10, 2e-20, 3e-20, 2e-20, 2e-20, -1
-0.495131, 0.45874, 1.35506, 0.05, 0.195904, -0.131135, -0.463907, 0.52037, 993.609, -10225.3, 10, 2e-20, 3e-20, 2e-20, 2e-20, -1
-0.559455, 0.499098, 1.14026, 0.05, 0.0882956, -0.0980283, 0.181429, 0.224326, 991.771, -13165.9, 10, 2e-20, 3e-20, 2e-20, 2e-20, -1
-0.434716, 0.49291, 1.30944, 0.05, 0.613429, 0.731204, 0.638777, 1.14847, 1041.44, 66298.1, 10, 2e-20, 3e-20, 2e-20, 2e-20, -1
-0.527993, 0.493514, 1.18841, 0.05, 0.120256, 0.0744539, 0.0433347, 0.147928, 998.887, -1781.46, 10, 2e-20, 3e-20, 2e-20, 2e-20, -1
-0.52915, 0.497487, 1.23932, 0.05, -0.203143, 0.243068, -0.0527725, 0.321145, 993.499, -10401.5, 10, 2e-20, 3e-20, 2e-20, 2e-20, -1
-0.255996, -0.398985, 1.47064, 0.05, -0.0885589, -0.251484, 0.358558, 0.446823, 997.534, -3946.16, 10, 2e-20, 3e-20, 2e-20, 2e-20, -1
-0.507095, 0.497721, 1.32694, 0.05, 0.380739, 0.34319, 0.108611, 0.523964, 992.473, -12043.5, 10, 2e-20, 3e-20, 2e-20, 2e-20, -1
-0.887601, 0.29723, 1.38459, 0.05, 0.378895, -0.225408, -0.75663, 0.875705, 979.91, -32144.6, 10, 2e-20, 3e-20, 2e-20, 2e-20, -1
-0.564454, 0.430508, 1.28261, 0.05, 0.0670183, 0.0709879, -0.34522, 0.358758, 1006.92, 11074.2, 10, 2e-20, 3e-20, 2e-20, 2e-20, -1
-0.40262, 0.437601, 1.40388, 0.05, 0.331629, -0.566027, -0.694446, 0.955311, 1018.75, 29998.1, 10, 2e-20, 3e-20, 2e-20, 2e-20, -1
-0.185227, 0.303118, 1.41445, 0.05, 0.159009, -0.109018, 0.00158629, 0.192798, 998.006, -3190.98, 10, 2e-20, 3e-20, 2e-20, 2e-20, -1
-0.324964, 0.423873, 1.20815, 0.05, 0.0536607, 0.371095, -0.121019, 0.394, 1000.21, 340.062, 10, 2e-20, 3e-20, 2e-20, 2e-20, -1
-0.638721, 0.37362, 1.30943, 0.05, 0.00565399, -0.0574216, -0.221052, 0.228458, 1000.89, 1423.89, 10, 2e-20, 3e-20, 2e-20, 2e-20, -1
-0.434126, 0.441278, 1.31337, 0.05, -0.192375, 0.197976, 0.0228448, 0.276992, 993.915, -9736.59, 10, 2e-20, 3e-20, 2e-20, 2e-20, -1
-0.39336, 0.430645, 1.39725, 0.05, -0.125327, -0.607856, -0.100988, 0.628803, 1005.25, 8402.06, 10, 2e-20, 3e-20, 2e-20, 2e-20, -1
-0.638672, 0.443298, 1.34277, 0.05, -0.0661848, -0.192958, -0.325191, 0.383878, 997.993, -3210.42, 10, 2e-20, 3e-20, 2e-20, 2e-20, -1
-0.558018, 0.421801, 1.24304, 0.05, 0.0514568, -0.0941374, -0.10843, 0.152535, 999.253, -1195.69, 10, 2e-20, 3e-20, 2e-20, 2e-20, -1
-0.440709, 0.385119, 1.14141, 0.05, 0.176874, 0.0579255, 0.0201656, 0.187207, 999.441, -894.761, 10, 2e-20, 3e-20, 2e-20, 2e-20, -1
-0.678692, -0.0217512, 1.34028, 0.05, 0.251002, 6.25426e-05, -0.0667029, 0.259714, 998.851, -1838.57, 10, 2e-20, 3e-20, 2e-20, 2e-20, -1
-0.786018, 0.174937, 1.2717, 0.05, -0.117705, -0.0930434, -0.371275, 0.400446, 1004.26, 6822.7, 10, 2e-20, 3e-20, 2e-20, 2e-20, -1
-0.444079, 0.389606, 1.38529, 0.05, 0.209903, -0.405353, -0.532597, 0.701449, 997.814, -3497.43, 10, 2e-20, 3e-20, 2e-20, 2e-20, -1
-0.802227, 0.152682, 1.33208, 0.05, 0.286526, -0.154795, 0.133181, 0.351846, 994.617, -8613.27, 10, 2e-20, 3e-20, 2e-20, 2e-20, -1
-0.88947, 0.432047, 1.35486, 0.05, 0.280115, 0.112137, -0.116948, 0.323598, 981.07, -30288.3, 10, 2e-20, 3e-20, 2e-20, 2e-20, -1
-0.803771, 0.0392871, 1.32886, 0.05, 0.140949, -0.0748374, -0.297214, 0.337347, 1002.82, 4506.59, 10, 2e-20, 3e-20, 2e-20, 2e-20, -1
-0.673874, 0.374147, 1.22772, 0.05, 0.0596049, -0.0846446, -0.0899696, 0.137157, 993.496, -10405.9, 10, 2e-20, 3e-20, 2e-20, 2e-20, -1
-0.707545, 0.242336, 1.24324, 0.05, 0.0198907, -0.273287, -0.00788524, 0.274124, 998.928, -1715.39, 10, 2e-20, 3e-20, 2e-20, 2e-20, -1
-0.77839, 0.397749, 1.3314, 0.05, 0.0560009, -0.112932, -0.326724, 0.350198, 995.29, -7536.76, 10, 2e-20, 3e-20, 2e-20, 2e-20, -1
-0.33995, 0.326822, 1.28413, 0.05, 0.125373, -0.00632906, -0.0674867, 0.142523, 996.669, -5329.62, 10, 2e-20, 3e-20, 2e-20, 2e-20, -1
-0.545023, -0.497911, 0.106127, 0.05, -0.164308, -0.0948209, 0.178845, 0.260717, 1011.72, 18751.4, 10, 2e-20, 3e-20, 2e-20, 2e-20, -1
-0.492924, -0.49238, 0.0613708, 0.05, 0.173599, 0.0473919, 0.0967105, 0.204293, 1016.92, 27065.1, 10, 2e-20, 3e-20, 2e-20, 2e-20, -1
-0.52894, -0.495216, 0.288001, 0.05, 0.135297, 0.0280195, 0.0147409, 0.138952, 1010.98, 17563.7, 10, 2e-20, 3e-20, 2e-20, 2e-20, -1
-0.52352, -0.493675, 0.21887, 0.05, 0.008826, 0.146612, 0.155364, 0.213802, 1006.11, 9770.65, 10, 2e-20, 3e-20, 2e-20, 2e-20, -1
-0.581568, -0.496094, 0.23206, 0.05, 0.154737, 0.0106905, 0.146176, 0.213132, 1006.49, 10387.3, 10, 2e-20, 3e-20, 2e-20, 2e-20, -1
-0.473287, -0.497932, 0.32273, 0.05, -0.0696003, -0.14706, 0.00667905, 0.162836, 1005.35, 8566.23, 10, 2e-20, 3e-20, 2e-20, 2e-20, -1
-0.4921, -0.498897, 0.376012, 0.05, 0.0674043, -0.0816022, 0.0307848, 0.110227, 1011.13, 17802.1, 10, 2e-20, 3e-20, 2e-20, 2e-20, -1
-0.49262, -0.4988, 0.445962, 0.05, -0.11387, -0.0149914, 0.0550992, 0.127385, 1012.61, 20177.4, 10, 2e-20, 3e-20, 2e-20, 2e-20, -1
-0.472358, -0.446071, 0.508433, 0.05, 0.0635538, -0.0839633, 0.0458455, 0.114851, 996.189, -6098.29, 10, 2e-20, 3e-20, 2e-20, 2e-20, -1
-0.4826, -0.496839, 0.502396, 0.05, 0.0870238, 0.0265314, 0.07691, 0.119131, 1003.16, 5050.01, 10, 2e-20, 3e-20, 2e-20, 2e-20, -1
-0.551634, -0.49345, 0.566764, 0.05, -0.0586048, 0.0952604, -0.0586439, 0.126286, 1008.44, 13504.1, 10, 2e-20, 3e-20, 2e-20, 2e-20, -1
-0.492413, -0.492594, 0.557558, 0.05, 0.0803528, 0.00380033, -0.214467, 0.229057, 1004.82, 7715.69, 10, 2e-20, 3e-20, 2e-20, 2e-20, -1
-0.60618, -0.494575, 0.806165, 0.05, -0.128354, 0.0173944, 0.175349, 0.218001, 1010.35, 16562.8, 10, 2e-20, 3e-20, 2e-20, 2e-20, -1
-0.490845, -0.495746, 0.677559, 0.05, -0.0915369, 0.0204298, 0.0398653, 0.10191, 1001.05, 1676.94, 10, 2e-20, 3e-20, 2e-20, 2e-20, -1
-0.521512, -0.493716, 0.727869, 0.05, -0.0438188, 0.100721, -0.156917, 0.19154, 998.985, -1624.68, 10, 2e-20, 3e-20, 2e-20, 2e-20, -1
-0.502543, -0.494993, 0.854488, 0.05, -0.0791462, -0.0828263, 0.285324, 0.307464, 1003.13, 5006.23, 10, 2e-20, 3e-20, 2e-20, 2e-20, -1
-0.595747, -0.45953, 0.693243, 0.05, 0.050002, -0.132496, 0.105804, 0.176777, 1001.77, 2826.01, 10, 2e-20, 3e-20, 2e-20, 2e-20, -1
-0.544288, -0.496915, 0.900369, 0.05, -0.0589401, 0.0025756, 0.136592, 0.148788, 994.441, -8895.08, 10, 2e-20, 3e-20, 2e-20, 2e-20, -1
-0.580234, -0.499364, 0.970504, 0.05, 0.0588656, -0.0635697, 0.0577642, 0.10413, 1003.22, 5154.74, 10, 2e-20, 3e-20, 2e-20, 2e-20, -1
-0.553229, -0.455451, 0.837572, 0.05, -0.117278, 0.0229724, 0.18504, 0.220277, 1004.01, 6414.89, 10, 2e-20, 3e-20, 2e-20, 2e-20, -1
-0.480405, -0.493052, 1.25569, 0.05, 0.120506, 0.114691, 0.191318, 0.253532, 1003.25, 5198.31, 10, 2e-20, 3e-20, 2e-20, 2e-20, -1
-0.527171, -0.494258, 0.959984, 0.05, 0.0765635, -0.0564831, 0.187407, 0.210176, 1003.72, 5946.85, 10, 2e-20, 3e-20, 2e-20, 2e-20, -1
-0.513869, -0.497313, 1.01167, 0.05, 0.117677, 0.105829, 0.313727, 0.351386, 1009.33, 14928, 10, 2e-20, 3e-20, 2e-20, 2e-20, -1
-0.549335, -0.498526, 1.13085, 0.05, 0.018068, -0.239737, 0.216906, 0.323803, 1001.27, 2032.43, 10, 2e-20, 3e-20, 2e-20, 2e-20, -1
-0.550188, -0.448641, 1.06294, 0.05, 0.161574, -0.144351, 0.392376, 0.448221, 1000.45, 714.155, 10, 2e-20, 3e-20, 2e-20, 2e-20, -1
-0.676402, -0.44703, 1.05341, 0.05, -0.0430372, -0.0636058, 0.15893, 0.176513, 1002.54, 4061.59, 10, 2e-20, 3e-20, 2e-20, 2e-20, -1
-0.545325, -0.496694, 1.2597, 0.05, -0.0260642, 0.0488402, 0.211962, 0.219072, 999.318, -1091.17, 10, 2e-20, 3e-20, 2e-20, 2e-20, -1
-0.558508, -0.48013, 1.04919, 0.05, 0.128947, -0.192143, 0.109876, 0.256162, 1000.91, 1455.2, 10, 2e-20, 3e-20, 2e-20, 2e-20, -1
-0.37887, -0.196615, 1.40182, 0.05, 0.0398144, 0.083422, -0.125082, 0.155531, 996.697, -5284.45, 10, 2e-20, 3e-20, 2e-20, 2e-20, -1
-0.586832, -0.454919, 1.00248, 0.05, 0.0857353, -0.147092, 0.160179, 0.23376, 998.142, -2973.39, 10, 2e-20, 3e-20, 2e-20, 2e-20, -1
-0.500114, -0.411698, 1.37155, 0.05, 0.0274966, -0.213117, 0.680423, 0.713548, 1001.26, 2021.03, 10, 2e-20, 3e-20, 2e-20, 2e-20, -1
-0.411478, -0.484031, 1.34182, 0.05, 0.152119, -0.19422, 0.308355, 0.394898, 996.057, -6309.13, 10, 2e-20, 3e-20, 2e-20, 2e-20, -1
-0.440378, -0.376034, 0.977966, 0.05, 0.117197, 0.117525, 0.0879482, 0.187835, 1002.03, 3241.42, 10, 2e-20, 3e-20, 2e-20, 2e-20, -1
-0.420133, -0.279536, 1.44456, 0.05, 0.0969704, -0.0878124, -0.029675, 0.134145, 1001.64, 2621.22, 10, 2e-20, 3e-20, 2e-20, 2e-20, -1
-0.431527, -0.340105, 0.928357, 0.05, -0.0333239, -0.0793703, 0.0386321, 0.0943534, 1005.56, 8900.11, 10, 2e-20, 3e-20, 2e-20, 2e-20, -1
-0.447507, -0.399238, 1.0765, 0.05, -0.0250092, 0.000485466, 0.0628801, 0.0676727, 1001.27, 2031.48, 10, 2e-20, 3e-20, 2e-20, 2e-20, -1
-0.464955, -0.384136, 1.28269, 0.05, -0.0676837, 0.0633448, 0.343865, 0.356141, 1000.8, 1285.65, 10, 2e-20, 3e-20, 2e-20, 2e-20, -1
-0.420392, -0.451239, 1.34004, 0.05, 0.109427, 0.0202072, 0.403983, 0.419029, 997.638, -3779.85, 10, 2e-20, 3e-20, 2e-20, 2e-20, -1
-0.468191, -0.349352, 1.32943, 0.05, 0.0218463, 0.0375871, 0.313121, 0.316124, 1004.17, 6670.27, 10, 2e-20, 3e-20, 2e-20, 2e-20, -1
-0.56001, -0.418488, 1.45765, 0.05, 0.364382, -0.395994, 0.640991, 0.836932, 997.61, -3823.27, 10, 2e-20, 3e-20, 2e-20, 2e-20, -1
-0.452669, -0.490861, 1.35226, 0.05, -0.102675, 0.249404, 0.581848, 0.64132, 1007.21, 11537.2, 10, 2e-20, 3e-20, 2e-20, 2e-20, -1
-0.385405, -0.0918076, 1.42118, 0.05, -0.00893029, 0.250816, 0.346686, 0.427996, 1002.38, 3815.79, 10, 2e-20, 3e-20, 2e-20, 2e-20, -1
-0.548674, -0.344632, 1.41052, 0.05, 0.155265, -0.0650711, 0.291957, 0.337016, 1015.66, 25059.2, 10, 2e-20, 3e-20, 2e-20, 2e-20, -1
-0.310295, -0.202809, 1.39369, 0.05, 0.199538, 0.0494395, 0.0259269, 0.207201, 1006.69, 10711.6, 10, 2e-20, 3e-20, 2e-20, 2e-20, -1
-0.525924, -0.369458, 1.36714, 0.05, 0.017368, -0.0289158, 0.267517, 0.269636, 996.799, -5121.45, 10, 2e-20, 3e-20, 2e-20, 2e-20, -1
-0.437316, -0.253872, 1.35806, 0.05, 0.201503, -0.130969, 0.173943, 0.296669, 1001.44, 2298.32, 10, 2e-20, 3e-20, 2e-20, 2e-20, -1
-0.50885, -0.501096, 1.37731, 0.05, 0.119517, 0.203387, 0.147433, 0.278185, 991.355, -13831.7, 10, 2e-20, 3e-20, 2e-20, 2e-20, -1
-0.239333, -0.350093, 1.46395, 0.05, 0.11127, -0.114504, 0.0423631, 0.165187, 1003.62, 5784.01, 10, 2e-20, 3e-20, 2e-20, 2e-20, -1
-0.345265, -0.266481, 1.26392, 0.05, 0.0938016, 0.131553, 0.116968, 0.199465, 1003.06, 4889.59, 10, 2e-20, 3e-20, 2e-20, 2e-20, -1
-0.35103, -0.18007, 1.41276, 0.05, 0.133672, 0.0405006, 0.315215, 0.344774, 1000.04, 57.535, 10, 2e-20, 3e-20, 2e-20, 2e-20, -1
-0.394647, -0.50425, 1.42809, 0.05, 0.12561, -0.142985, 0.240198, 0.30646, 996.659, -5345.08, 10, 2e-20, 3e-20, 2e-20, 2e-20, -1
-0.546842, -0.45319, 0.0512205, 0.05, -0.0702033, 0.174309, 0.0454983, 0.193345, 1006.31, 10102.6, 10, 2e-20, 3e-20, 2e-20, 2e-20, -1
-0.571188, -0.497129, 0.171141, 0.05, 0.277177, 0.0139689, 0.0127827, 0.277823, 1014.41, 23048.7, 10, 2e-20, 3e-20, 2e-20, 2e-20, -1
-0.586161, -0.469517, 0.123208, 0.05, -0.0230904, -0.0655349, -0.0663585, 0.0960804, 1008.36, 13376.6, 10, 2e-20, 3e-20, 2e-20, 2e-20, -1
-0.640454, -0.49853, 0.216438, 0.05, -0.0287433, -0.0193999, 0.121349, 0.126207, 1006.84, 10949.1, 10, 2e-20, 3e-20, 2e-20, 2e-20, -1
-0.57259, -0.4501, 0.192215, 0.05, 0.0919007, 0.165548, 0.268692, 0.328705, 1003.91, 6254.04, 10, 2e-20, 3e-20, 2e-20, 2e-20, -1
-0.617075, -0.459467, 0.16072, 0.05, -0.071362, 0.0147138, 0.0402487, 0.0832405, 1013.43, 21481.9, 10, 2e-20, 3e-20, 2e-20, 2e-20, -1
-0.583746, -0.438197, 0.243868, 0.05, -0.0115411, 0.0951632, -0.0921588, 0.132975, 1003.2, 5113.68, 10, 2e-20, 3e-20, 2e-20, 2e-20, -1
-0.4667, -0.480372, 0.406217, 0.05, 0.177657, 0.0996105, -0.265083, 0.334295, 997.123, -4602.94, 10, 2e-20, 3e-20, 2e-20, 2e-20, -1
-0.486969, -0.448004, 0.448842, 0.05, 0.012999, 0.0408468, 0.0770082, 0.0881346, 1006.91, 11058.2, 10, 2e-20, 3e-20, 2e-20, 2e-20, -1
-0.542802, -0.388119, 0.428317, 0.05, 0.146842, 0.192003, 0.0752754, 0.253169, 998.814, -1898.36, 10, 2e-20, 3e-20, 2e-20, 2e-20, -1
-0.511328, -0.415489, 0.402912, 0.05, 0.112746, 0.155211, 0.0553693, 0.199669, 1005.33, 8529.29, 10, 2e-20, 3e-20, 2e-20, 2e-20, -1
-0.547006, -0.421792, 0.464519, 0.05, -0.00724812, 0.019101, -0.0928533, 0.0950743, 1004.13, 6609.32, 10, 2e-20, 3e-20, 2e-20, 2e-20, -1
-0.47668, -0.396146, 0.406157, 0.05, -0.100176, 0.0588951, 0.0548484, 0.1285, 998.766, -1974.18, 10, 2e-20, 3e-20, 2e-20, 2e-20, -1
-0.524439, -0.441233, 0.49817, 0.05, -0.0344284, -0.0444398, 0.0535404, 0.0776323, 1004.87, 7798.11, 10, 2e-20, 3e-20, 2e-20, 2e-20, -1
-0.559449, -0.44863, 0.521927, 0.05, 0.0597739, -0.0426102, 0.0857448, 0.112875, 1001.8, 2887.59, 10, 2e-20, 3e-20, 2e-20, 2e-20, -1
-0.513392, -0.445211, 0.550444, 0.05, -0.086161, 0.169634, -0.00120725, 0.190266, 1002.96, 4743.55, 10, 2e-20, 3e-20, 2e-20, 2e-20, -1
-0.500652, -0.409558, 0.511203, 0.05, 0.0445746, -0.128409, 0.0471789, 0.143881, 1006.22, 9954.64, 10, 2e-20, 3e-20, 2e-20, 2e-20, -1
-0.552936, -0.437703, 0.653934, 0.05, -0.0124689, -0.194542, 0.0338921, 0.197865, 1001.54, 2469.78, 10, 2e-20, 3e-20, 2e-20, 2e-20, -1
-0.534091, -0.389295, 0.542715, 0.05, -0.0537758, 0.0104255, -0.0467302, 0.0720017, 1003.69, 5909.66, 10, 2e-20, 3e-20, 2e-20, 2e-20, -1
-0.518181, -0.391101, 0.625296, 0.05, 0.0434992, -0.00500108, 0.119712, 0.127468, 1004.21, 6735.79, 10, 2e-20, 3e-20, 2e-20, 2e-20, -1
-0.552357, -0.383262, 0.661243, 0.05, 0.0111865, 0.140654, 0.0515652, 0.150225, 999.293, -1131.44, 10, 2e-20, 3e-20, 2e-20, 2e-20, -1
-0.541191, -0.45077, 0.708195, 0.05, 0.0785398, -0.206108, 0.0692599, 0.231183, 998.674, -2121.16, 10, 2e-20, 3e-20, 2e-20, 2e-20, -1
-0.504597, -0.446502, 0.862817, 0.05, 0.0212279, 0.0249673, 0.153067, 0.156535, 999.328, -1074.56, 10, 2e-20, 3e-20, 2e-20, 2e-20, -1
-0.521988, -0.424118, 0.794182, 0.05, 0.0563268, 0.117243, 0.149861, 0.198437, 1004.95, 7921.68, 10, 2e-20, 3e-20, 2e-20, 2e-20, -1
-0.480721, -0.407222, 0.758299, 0.05, -0.0303309, -0.141129, -0.0685341, 0.159794, 998.401, -2557.9, 10, 2e-20, 3e-20, 2e-20, 2e-20, -1
-0.473382, -0.444872, 0.907973, 0.05, -0.061331, 0.115165, 0.200304, 0.239052, 999.43, -911.865, 10, 2e-20, 3e-20, 2e-20, 2e-20, -1
-0.497348, -0.390276, 0.81608, 0.05, 0.0288559, -0.176881, 0.112619, 0.211666, 998.219, -2848.91, 10, 2e-20, 3e-20, 2e-20, 2e-20, -1
-0.523005, -0.378812, 0.716313, 0.05, 0.137191, -0.0369035, -0.0970351, 0.172043, 1004.38, 7007.32, 10, 2e-20, 3e-20, 2e-20, 2e-20, -1
-0.570893, -0.419973, 0.811027, 0.05, -0.0331989, -0.0137194, -0.144884, 0.149271, 999.706, -470.337, 10, 2e-20, 3e-20, 2e-20, 2e-20, -1
-0.499935, -0.439849, 0.94567, 0.05, 0.0648986, -0.0169824, 0.172925, 0.185482, 999.559, -705.416, 10, 2e-20, 3e-20, 2e-20, 2e-20, -1
-0.536124, -0.415172, 1.07257, 0.05, 0.0178732, -0.0428288, 0.287846, 0.291563, 997.787, -3541.55, 10, 2e-20, 3e-20, 2e-20, 2e-20, -1
-0.59562, -0.403539, 0.982308, 0.05, 0.0444642, -0.103639, -0.0266063, 0.115871, 998.027, -3156.05, 10, 2e-20, 3e-20, 2e-20, 2e-20, -1
-0.541002, -0.351573, 0.870498, 0.05, 0.0410421, -0.0843691, 0.0624419, 0.112701, 1003.52, 5635.58, 10, 2e-20, 3e-20, 2e-20, 2e-20, -1
-0.483798, -0.435931, 1.11251, 0.05, 0.157653, -0.0898929, 0.0956336, 0.205137, 1001.88, 3015.99, 10, 2e-20, 3e-20, 2e-20, 2e-20, -1
-0.504361, -0.359112, 0.929824, 0.05, -0.0957129, 0.0838836, 0.00333349, 0.127313, 1004.66, 7459.46, 10, 2e-20, 3e-20, 2e-20, 2e-20, -1
-0.526938, -0.36994, 0.977206, 0.05, -0.140287, 0.0137116, 0.0651961, 0.155303, 1002.6, 4153.45, 10, 2e-20, 3e-20, 2e-20, 2e-20, -1
-0.485488, -0.308699, 0.916692, 0.05, -0.101149, -0.106319, 0.00761114, 0.146945, 1000.3, 487.606, 10, 2e-20, 3e-20, 2e-20, 2e-20, -1
-0.491088, -0.346339, 1.00896, 0.05, 0.196895, -0.0314697, 0.0420783, 0.203785, 1001.72, 2756.67, 10, 2e-20, 3e-20, 2e-20, 2e-20, -1
-0.44888, -0.350796, 1.03854, 0.05, -0.0220263, 0.0714484, 0.0347545, 0.0824494, 1002.61, 4175.52, 10, 2e-20, 3e-20, 2e-20, 2e-20, -1
-0.443587, -0.324995, 1.0262, 0.05, -0.0926992, -0.172026, 0.00391491, 0.195452, 998.727, -2036.34, 10, 2e-20, 3e-20, 2e-20, 2e-20, -1
-0.463797, -0.397676, 1.20391, 0.05, 0.053194, -0.0128863, 0.17388, 0.182291, 999.777, -356.929, 10, 2e-20, 3e-20, 2e-20, 2e-20, -1
-0.444875, -0.354626, 1.09888, 0.05, 0.124932, -0.117863, -0.0345254, 0.175191, 1007.29, 11660.8, 10, 2e-20, 3e-20, 2e-20, 2e-20, -1
-0.438668, -0.35541, 1.18181, 0.05, 0.0975408, -0.0342386, 0.121603, 0.159605, 995.529, -7152.96, 10, 2e-20, 3e-20, 2e-20, 2e-20, -1
-0.44479, -0.258988, 1.09052, 0.05, 0.00303607, -0.0468153, 0.127812, 0.13615, 1003.5, 5607.97, 10, 2e-20, 3e-20, 2e-20, 2e-20, -1
-0.414193, -0.30789, 1.10512, 0.05, 0.133079, 0.016556, 0.208726, 0.248094, 1000.89, 1427.63, 10, 2e-20, 3e-20, 2e-20, 2e-20, -1
-0.418893, -0.209852, 1.18895, 0.05, 0.0356359, 0.0923724, 0.0892439, 0.133293, 1003.33, 5333.74, 10, 2e-20, 3e-20, 2e-20, 2e-20, -1
-0.434391, -0.303786, 1.16982, 0.05, 0.0272504, 0.00585971, 0.17048, 0.172744, 1001.64, 2617.22, 10, 2e-20, 3e-20, 2e-20, 2e-20, -1
-0.421026, -0.303414, 1.13354, 0.05, 0.137442, -0.0332712, 0.0591884, 0.153298, 998.513, -2379.18, 10, 2e-20, 3e-20, 2e-20, 2e-20, -1
-0.361192, -0.18187, 1.22393, 0.05, 0.0477307, 0.0848464, 0.0417097, 0.10591, 1002.7, 4319.29, 10, 2e-20, 3e-20, 2e-20, 2e-20, -1
-0.324343, -0.210804, 1.27142, 0.05, 0.0904471, -0.109598, 0.106349, 0.17749, 1001.28, 2054.96, 10, 2e-20, 3e-20, 2e-20, 2e-20, -1
-0.193846, -0.234518, 1.41795, 0.05, -0.0765342, -0.0658034, -0.0226263, 0.103439, 1002.43, 3894.37, 10, 2e-20, 3e-20, 2e-20, 2e-20, -1
-0.598492, -0.428507, 0.0499791, 0.05, -0.0103793, -0.0157659, 0.00473251, 0.01946, 1011.24, 17977, 10, 2e-20, 3e-20, 2e-20, 2e-20, -1
-0.5389, -0.49662, 0.0477505, 0.05, -0.148892, -0.0352597, 0.00222731, 0.153026, 1005.17, 8274.62, 10, 2e-20, 3e-20, 2e-20, 2e-20, -1
-0.580995, -0.392763, 0.11112, 0.05, 0.0733107, 0.0515542, 0.074023, 0.11624, 1006.64, 10617.9, 10, 2e-20, 3e-20, 2e-20, 2e-20, -1
-0.608734, -0.436865, 0.103526, 0.05, -0.0271481, -0.151782, -0.132265, 0.203147, 1000.82, 1312.9, 10, 2e-20, 3e-20, 2e-20, 2e-20, -1
-0.55441, -0.432202, 0.141572, 0.05, 0.00582805, -0.04448, 0.128829, 0.136416, 1009.67, 15475.8, 10, 2e-20, 3e-20, 2e-20, 2e-20, -1
-0.588596, -0.406386, 0.165522, 0.05, 0.0236403, 0.107526, 0.100674, 0.149184, 1008.04, 12865.5, 10, 2e-20, 3e-20, 2e-20, 2e-20, -1
-0.568805, -0.318431, 0.158077, 0.05, -0.0185883, -0.139568, 0.0871268, 0.165578, 1001.64, 2620.71, 10, 2e-20, 3e-20, 2e-20, 2e-20, -1
-0.552876, -0.367252, 0.177065, 0.05, 0.0316201, 0.148388, -0.117514, 0.191907, 1006.52, 10429.7, 10, 2e-20, 3e-20, 2e-20, 2e-20, -1
-0.530155, -0.435466, 0.218174, 0.05, -0.0136197, -0.141636, 0.0878823, 0.167241, 999.326, -1079.13, 10, 2e-20, 3e-20, 2e-20, 2e-20, -1
-0.540168, -0.444846, 0.326729, 0.05, 0.00734349, -0.190475, 0.211835, 0.284971, 1001.75, 2798.18, 10, 2e-20, 3e-20, 2e-20, 2e-20, -1
-0.518276, -0.40499, 0.344101, 0.05, -0.0416894, 0.0116957, 0.122961, 0.130362, 1003.02, 4831.58, 10, 2e-20, 3e-20, 2e-20, 2e-20, -1
-0.486576, -0.37389, 0.330419, 0.05, 0.0058403, 0.122608, -0.0491461, 0.13222, 1002.98, 4775.04, 10, 2e-20, 3e-20, 2e-20, 2e-20, -1
-0.550455, -0.321434, 0.316479, 0.05, -0.0905188, -0.0508964, 0.058775, 0.119326, 1005.86, 9383.71, 10, 2e-20, 3e-20, 2e-20, 2e-20, -1
-0.557014, -0.391693, 0.381689, 0.05, 0.0504985, 0.0552795, -0.108751, 0.132033, 1006.42, 10272.7, 10, 2e-20, 3e-20, 2e-20, 2e-20, -1
-0.460426, -0.43758, 0.5538, 0.05, 0.0105287, -0.00725219, -0.118625, 0.119312, 1000.89, 1424.72, 10, 2e-20, 3e-20, 2e-20, 2e-20, -1
-0.518733, -0.367589, 0.392295, 0.05, 0.0823307, -0.137524, 0.257491, 0.303303, 1005.51, 8810.75, 10, 2e-20, 3e-20, 2e-20, 2e-20, -1
-0.500255, -0.399122, 0.457393, 0.05, -0.0411888, 0.085162, -0.0979865, 0.1362, 1011.02, 17625.5, 10, 2e-20, 3e-20, 2e-20, 2e-20, -1
-0.506866, -0.349227, 0.440599, 0.05, 0.0361025, -0.0693348, -0.00538094, 0.078356, 993.862, -9820.26, 10, 2e-20, 3e-20, 2e-20, 2e-20, -1
-0.538852, -0.311299, 0.434594, 0.05, -0.131506, -0.063761, 0.102978, 0.178784, 998.593, -2250.91, 10, 2e-20, 3e-20, 2e-20, 2e-20, -1
-0.48697, -0.364021, 0.491297, 0.05, -0.157745, 0.273283, -0.016102, 0.315953, 1003.54, 5658.14, 10, 2e-20, 3e-20, 2e-20, 2e-20, -1
-0.516146, -0.362825, 0.581614, 0.05, -0.0218898, 0.111916, -0.123582, 0.168157, 1005.03, 8052.31, 10, 2e-20, 3e-20, 2e-20, 2e-20, -1
-0.520454, -0.321895, 0.607084, 0.05, 0.0729703, 0.159541, 0.00657374, 0.175559, 1008.77, 14039.6, 10, 2e-20, 3e-20, 2e-20, 2e-20, -1
-0.56173, -0.297223, 0.586643, 0.05, 0.126824, -0.0680836, -0.178992, 0.22969, 1003.95, 6312.21, 10, 2e-20, 3e-20, 2e-20, 2e-20, -1
-0.505396, -0.394912, 0.674991, 0.05, -0.0313521, 0.119406, 0.127444, 0.177434, 1011.7, 18721.6, 10, 2e-20, 3e-20, 2e-20, 2e-20, -1
-0.564003, -0.330138, 0.671997, 0.05, -0.0268831, -0.111975, -0.0741332, 0.136956, 997.393, -4171.25, 10, 2e-20, 3e-20, 2e-20, 2e-20, -1
-0.557292, -0.418842, 0.737906, 0.05, -0.0373193, -0.138627, 0.122116, 0.188474, 1004.59, 7338.11, 10, 2e-20, 3e-20, 2e-20, 2e-20, -1
-0.574032, -0.370788, 0.708491, 0.05, -0.0153669, -0.01665, 0.0142975, 0.0267915, 1000.59, 941.224, 10, 2e-20, 3e-20, 2e-20, 2e-20, -1
-0.517229, -0.344956, 0.65414, 0.05, -0.0272117, -0.16991, 0.189078, 0.255657, 1002.68, 4291.66, 10, 2e-20, 3e-20, 2e-20, 2e-20, -1
-0.52415, -0.384389, 0.763882, 0.05, 0.077017, -0.109516, 0.0348608, 0.13835, 1004.4, 7038.02, 10, 2e-20, 3e-20, 2e-20, 2e-20, -1
-0.525525, -0.314543, 0.689607, 0.05, 0.0282789, -0.0545349, 0.0049573, 0.0616306, 1004.37, 6989, 10, 2e-20, 3e-20, 2e-20, 2e-20, -1
-0.521629, -0.418907, 1.00092, 0.05, -0.0353775, -0.172646, 0.119088, 0.212697, 1001.81, 2896.92, 10, 2e-20, 3e-20, 2e-20, 2e-20, -1
-0.544774, -0.33428, 0.777991, 0.05, -0.0517884, 0.0808922, 0.0156232, 0.0973122, 1005.97, 9556.05, 10, 2e-20, 3e-20, 2e-20, 2e-20, -1
-0.529693, -0.401758, 0.853961, 0.05, 0.13753, -0.056056, -0.0327293, 0.152079, 1006.24, 9977.19, 10, 2e-20, 3e-20, 2e-20, 2e-20, -1
-0.518085, -0.311668, 0.82753, 0.05, -0.0623506, 0.0231681, 0.050602, 0.0835758, 1006.13, 9814.36, 10, 2e-20, 3e-20, 2e-20, 2e-20, -1
-0.566955, -0.290637, 0.820401, 0.05, 0.0367804, -0.0487942, 0.0682313, 0.0915925, 1004.24, 6778.57, 10, 2e-20, 3e-20, 2e-20, 2e-20, -1
-0.520648, -0.265354, 0.850791, 0.05, -0.0456773, -0.0675515, 0.0905344, 0.121845, 996.899, -4960.8, 10, 2e-20, 3e-20, 2e-20, 2e-20, -1
-0.519795, -0.309996, 0.883655, 0.05, 0.0105617, -0.0987562, 0.105948, 0.145222, 996.22, -6047.9, 10, 2e-20, 3e-20, 2e-20, 2e-20, -1
-0.513063, -0.249083, 0.899397, 0.05, 0.114949, 0.00937166, 0.0659852, 0.132872, 1002.46, 3937.18, 10, 2e-20, 3e-20, 2e-20, 2e-20, -1
-0.463856, -0.252378, 0.914386, 0.05, 0.0117175, -0.0183284, 0.0373091, 0.0431879, 1000.42, 668.774, 10, 2e-20, 3e-20, 2e-20, 2e-20, -1
-0.472725, -0.333286, 0.96511, 0.05, -0.00786504, -0.113323, 0.0415678, 0.120963, 1006.86, 10983.1, 10, 2e-20, 3e-20, 2e-20, 2e-20, -1
-0.456606, -0.285236, 0.951362, 0.05, 0.107358, -0.0413403, -0.00937425, 0.115424, 1003.55, 5676.73, 10, 2e-20, 3e-20, 2e-20, 2e-20, -1
-0.497126, -0.297024, 0.986814, 0.05, -0.127764, -0.0327754, 0.096145, 0.163223, 1002.94, 4705.99, 10, 2e-20, 3e-20, 2e-20, 2e-20, -1
-0.449446, -0.303821, 1.06483, 0.05, -0.031214, 0.0168837, 0.0770816, 0.0848584, 999.513, -779.135, 10, 2e-20, 3e-20, 2e-20, 2e-20, -1
-0.388321, -0.29683, 1.00295, 0.05, 0.0106132, -0.0527861, 0.0617229, 0.0819068, 1000.67, 1077.16, 10, 2e-20, 3e-20, 2e-20, 2e-20, -1
-0.401182, -0.17794, 1.15582, 0.05, 0.116575, -0.119528, 0.157782, 0.229721, 997.993, -3210.52, 10, 2e-20, 3e-20, 2e-20, 2e-20, -1
-0.353328, -0.165039, 1.18178, 0.05, -0.100263, 0.0355904, 0.102039, 0.147415, 1002.89, 4618.72, 10, 2e-20, 3e-20, 2e-20, 2e-20, -1
-0.313949, -0.128313, 1.22102, 0.05, -0.0933013, -0.0343022, 0.136594, 0.168937, 1006.29, 10061.6, 10, 2e-20, 3e-20, 2e-20, 2e-20, -1
-0.228048, -0.103897, 1.29616, 0.05, -0.0269191, -0.134017, 0.0169964, 0.137746, 1004.64, 7426.75, 10, 2e-20, 3e-20, 2e-20, 2e-20, -1
-0.323464, -0.162757, 1.2598, 0.05, 0.132227, -0.127093, 0.12823, 0.223784, 999.24, -1216.57, 10, 2e-20, 3e-20, 2e-20, 2e-20, -1
-0.202593, -0.148862, 1.30244, 0.05, 0.058286, -0.119947, 0.0247126, 0.135629, 999.284, -1145.94, 10, 2e-20, 3e-20, 2e-20, 2e-20, -1
-0.134514, -0.236999, 1.35082, 0.05, -0.00794384, -0.220828, 0.158027, 0.271663, 998.377, -2597.5, 10, 2e-20, 3e-20, 2e-20, 2e-20, -1
-0.556815, -0.334405, 0.0532314, 0.05, 0.101918, 0.27052, -0.158912, 0.329881, 1009.29, 14868.1, 10, 2e-20, 3e-20, 2e-20, 2e-20, -1
-0.622863, -0.385373, 0.0846373, 0.05, -0.0744034, 0.292789, -0.132783, 0.329988, 1009.13, 14613.7, 10, 2e-20, 3e-20, 2e-20, 2e-20, -1
-0.576522, -0.353878, 0.100803, 0.05, -0.093964, 0.154666, 0.156029, 0.238947, 1004.96, 7931.98, 10, 2e-20, 3e-20, 2e-20, 2e-20, -1
-0.623353, -0.25521, 0.103061, 0.05, -0.0208873, 0.203043, 0.0111722, 0.20442, 1007.47, 11948, 10, 2e-20, 3e-20, 2e-20, 2e-20, -1
-0.536941, -0.354156, 0.130668, 0.05, 0.0617973, -0.0268038, 0.202048, 0.212981, 1003.8, 6075.73, 10, 2e-20, 3e-20, 2e-20, 2e-20, -1
-0.587645, -0.236392, 0.135167, 0.05, -0.0573687, 0.00473027, -0.0359149, 0.0678485, 1002.64, 4221.31, 10, 2e-20, 3e-20, 2e-20, 2e-20, -1
-0.542572, -0.23054, 0.160398, 0.05, 0.0985636, 0.1356, -0.208699, 0.267689, 1011.93, 19084, 10, 2e-20, 3e-20, 2e-20, 2e-20, -1
-0.542733, -0.331259, 0.212389, 0.05, -0.134412, 0.113136, -0.120055, 0.21279, 1009.19, 14700.8, 10, 2e-20, 3e-20, 2e-20, 2e-20, -1
-0.554262, -0.406146, 0.210831, 0.05, 0.024595, -0.0641015, -0.0624962, 0.0928423, 1006.3, 10073.2, 10, 2e-20, 3e-20, 2e-20, 2e-20, -1
-0.528521, -0.392211, 0.25167, 0.05, 0.126484, -0.0763711, 0.0246121, 0.149789, 1012.41, 19859, 10, 2e-20, 3e-20, 2e-20, 2e-20, -1
-0.505177, -0.339054, 0.25046, 0.05, -0.104791, -0.0334591, -0.0505848, 0.121077, 1001.63, 2614.43, 10, 2e-20, 3e-20, 2e-20, 2e-20, -1
-0.536362, -0.236083, 0.211182, 0.05, -0.027744, 0.0833148, 0.00193436, 0.0878341, 1007.05, 11273.2, 10, 2e-20, 3e-20, 2e-20, 2e-20, -1
-0.497941, -0.289937, 0.265465, 0.05, -0.0643777, -0.028494, -0.164695, 0.179111, 1010.62, 16999.4, 10, 2e-20, 3e-20, 2e-20, 2e-20, -1
-0.535052, -0.264381, 0.254411, 0.05, 0.00479841, 0.0621856, -0.0023585, 0.0624151, 1003.01, 4814.32, 10, 2e-20, 3e-20, 2e-20, 2e-20, -1
-0.495317, -0.331354, 0.302133, 0.05, -0.135757, -0.104615, 0.105831, 0.201431, 1004.76, 7621.97, 10, 2e-20, 3e-20, 2e-20, 2e-20, -1
-0.509677, -0.331146, 0.354869, 0.05, -0.110651, -0.0497687, -0.157697, 0.19897, 1013.62, 21790.1, 10, 2e-20, 3e-20, 2e-20, 2e-20, -1
-0.553612, -0.341095, 0.369995, 0.05, 0.0117053, -0.0398095, -0.0114723, 0.0430514, 1001.85, 2957, 10, 2e-20, 3e-20, 2e-20, 2e-20, -1
-0.531059, -0.293403, 0.386655, 0.05, -0.124222, 0.344883, -0.190427, 0.413084, 1010.09, 16136.1, 10, 2e-20, 3e-20, 2e-20, 2e-20, -1
-0.561545, -0.260343, 0.445748, 0.05, 0.0244738, 0.00517208, 0.123763, 0.126266, 1009.29, 14864.3, 10, 2e-20, 3e-20, 2e-20, 2e-20, -1
-0.588315, -0.315595, 0.509139, 0.05, -0.0812228, -0.0432549, -0.00893781, 0.0924555, 1003.33, 5327.69, 10, 2e-20, 3e-20, 2e-20, 2e-20, -1
-0.541561, -0.291025, 0.521606, 0.05, 0.106367, -0.023767, 0.0847842, 0.138084, 1005.14, 8224.88, 10, 2e-20, 3e-20, 2e-20, 2e-20, -1
-0.588028, -0.227753, 0.522232, 0.05, -0.0263676, 0.07261, -0.0857333, 0.115402, 1004.7, 7519.9, 10, 2e-20, 3e-20, 2e-20, 2e-20, -1
-0.512638, -0.286731, 0.563793, 0.05, -0.0021707, -0.11476, 0.0978098, 0.150803, 1002.15, 3437.58, 10, 2e-20, 3e-20, 2e-20, 2e-20, -1
-0.512308, -0.270903, 0.613071, 0.05, 0.0430347, -0.0291037, -0.0986128, 0.111461, 1010.72, 17157, 10, 2e-20, 3e-20, 2e-20, 2e-20, -1
-0.512367, -0.23405, 0.57299, 0.05, -0.00439892, 0.0453622, 0.0842049, 0.0957473, 1001.21, 1928.51, 10, 2e-20, 3e-20, 2e-20, 2e-20, -1
-0.550429, -0.285797, 0.648665, 0.05, 0.0177215, 0.0818269, 0.0609594, 0.103565, 1011.11, 17781.3, 10, 2e-20, 3e-20, 2e-20, 2e-20, -1
-0.562559, -0.209246, 0.597484, 0.05, 0.0291984, 0.116288, -0.0141866, 0.120734, 1003.37, 5389.55, 10, 2e-20, 3e-20, 2e-20, 2e-20, -1
-0.570443, -0.220393, 0.65298, 0.05, -0.0101318, -0.145966, -0.0167178, 0.147269, 1000.27, 427.684, 10, 2e-20, 3e-20, 2e-20, 2e-20, -1
-0.547394, -0.254751, 0.694677, 0.05, 0.0490218, 0.0546394, -0.0475932, 0.0874855, 1005.16, 8250.66, 10, 2e-20, 3e-20, 2e-20, 2e-20, -1
-0.529339, -0.209526, 0.683479, 0.05, 0.0273746, -0.242861, -0.0391476, 0.247514, 1000.33, 533.404, 10, 2e-20, 3e-20, 2e-20, 2e-20, -1
-0.580409, -0.291715, 0.7108, 0.05, -0.0376734, 0.00454479, 0.0435221, 0.0577418, 1007.77, 12429.6, 10, 2e-20, 3e-20, 2e-20, 2e-20, -1
-0.563741, -0.205073, 0.73843, 0.05, 0.0755568, -0.0587295, 0.14514, 0.173849, 1007.5, 12001.6, 10, 2e-20, 3e-20, 2e-20, 2e-20, -1
-0.533994, -0.29422, 0.735917, 0.05, 0.117497, 0.0338751, 0.256997, 0.284606, 1003.24, 5179.33, 10, 2e-20, 3e-20, 2e-20, 2e-20, -1
-0.570035, -0.253458, 0.749472, 0.05, 0.0339628, -0.0260454, 0.00798981, 0.0435393, 1004.75, 7601.14, 10, 2e-20, 3e-20, 2e-20, 2e-20, -1
-0.560513, -0.240958, 0.819948, 0.05, -0.0426416, -0.0066523, 0.0909297, 0.100652, 1002.99, 4777.34, 10, 2e-20, 3e-20, 2e-20, 2e-20, -1
-0.609233, -0.231451, 0.838628, 0.05, -0.0377337, -0.118903, -0.0642892, 0.140339, 1000.75, 1198.4, 10, 2e-20, 3e-20, 2e-20, 2e-20, -1
-0.550943, -0.216758, 0.868251, 0.05, 0.156184, -0.0519748, -0.00430244, 0.164661, 1000.54, 867.812, 10, 2e-20, 3e-20, 2e-20, 2e-20, -1
-0.544518, -0.16067, 0.851758, 0.05, -0.00835877, -0.107069, 0.0339239, 0.112625, 998.088, -3059.45, 10, 2e-20, 3e-20, 2e-20, 2e-20, -1
-0.519669, -0.144862, 0.893883, 0.05, -0.0232689, -0.178339, 0.113052, 0.212432, 1002.46, 3942.35, 10, 2e-20, 3e-20, 2e-20, 2e-20, -1
-0.502155, -0.196782, 0.878508, 0.05, -0.0859139, -0.0485189, 0.11956, 0.155016, 1004.7, 7525.53, 10, 2e-20, 3e-20, 2e-20, 2e-20, -1
-0.468554, -0.156116, 0.898796, 0.05, -0.0106619, -0.0743978, 0.212754, 0.225639, 1001.76, 2818.02, 10, 2e-20, 3e-20, 2e-20, 2e-20, -1
-0.431741, -0.213371, 0.942528, 0.05, -0.0347766, -0.0902891, 0.063179, 0.115556, 1000.29, 462.106, 10, 2e-20, 3e-20, 2e-20, 2e-20, -1
-0.479652, -0.200012, 0.925398, 0.05, 0.00914798, -0.0503474, 0.0856184, 0.0997449, 994.433, -8906.91, 10, 2e-20, 3e-20, 2e-20, 2e-20, -1
-0.443595, -0.288042, 1.00235, 0.05, 0.0741623, -0.116057, 0.107381, 0.174642, 998.316, -2695.03, 10, 2e-20, 3e-20, 2e-20, 2e-20, -1
-0.449947, -0.214438, 1.05781, 0.05, 0.136684, -0.146407, 0.0241916, 0.201749, 994.781, -8350.64, 10, 2e-20, 3e-20, 2e-20, 2e-20, -1
-0.395935, -0.228128, 1.05302, 0.05, 0.0355787, 0.0304424, 0.129923, 0.138104, 1002.4, 3838.44, 10, 2e-20, 3e-20, 2e-20, 2e-20, -1
-0.439452, -0.165695, 1.09153, 0.05, 0.0238428, 0.0798159, 0.140954, 0.163729, 1000.24, 384.424, 10, 2e-20, 3e-20, 2e-20, 2e-20, -1
-0.385811, -0.127871, 1.149, 0.05, 0.105574, -0.00670778, 0.177316, 0.206475, 996.502, -5597.53, 10, 2e-20, 3e-20, 2e-20, 2e-20, -1
-0.270033, -0.104873, 1.23558, 0.05, -0.00366216, -0.199565, 0.201079, 0.283323, 1004.47, 7152.89, 10, 2e-20, 3e-20, 2e-20, 2e-20, -1
-0.174659, -0.1114, 1.35179, 0.05, -0.0420947, -0.0485999, -0.04274, 0.0772051, 1000.87, 1398.06, 10, 2e-20, 3e-20, 2e-20, 2e-20, -1
-0.109447, -0.175307, 1.43291, 0.05, -0.183217, -0.0115136, 0.0859103, 0.202686, 1007.84, 12540.9, 10, 2e-20, 3e-20, 2e-20, 2e-20, -1
-0.527125, -0.282395, 0.0506983, 0.05, -0.0787934, -0.197421, -0.0536658, 0.219234, 1002.55, 4085.37, 10, 2e-20, 3e-20, 2e-20, 2e-20, -1
-0.559795, -0.307412, 0.102948, 0.05, -0.0113295, -0.040282, 0.216541, 0.220547, 1004.97, 7944.43, 10, 2e-20, 3e-20, 2e-20, 2e-20, -1
-0.605555, -0.305814, 0.11783, 0.05, 0.0580559, -0.128324, -0.0438275, 0.147508, 1008.77, 14027.1, 10, 2e-20, 3e-20, 2e-20, 2e-20, -1
-0.574752, -0.262354, 0.0956995, 0.05, 0.0118408, 0.0187027, 0.0996864, 0.102115, 1008.47, 13555.1, 10, 2e-20, 3e-20, 2e-20, 2e-20, -1
-0.534758, -0.256147, 0.127694, 0.05, 0.0895211, 0.117525, 0.083608, 0.169754, 1007.07, 11317.1, 10, 2e-20, 3e-20, 2e-20, 2e-20, -1
-0.626907, -0.189253, 0.146766, 0.05, 0.0348177, -0.192163, -0.0790323, 0.210677, 1006.93, 11084.8, 10, 2e-20, 3e-20, 2e-20, 2e-20, -1
-0.583212, -0.196455, 0.173954, 0.05, 0.0656936, 0.0518008, -0.0254139, 0.0874348, 1008.25, 13204.4, 10, 2e-20, 3e-20, 2e-20, 2e-20, -1
-0.58656, -0.133323, 0.174763, 0.05, 0.0107048, -0.20091, -0.108048, 0.228372, 1008.41, 13463, 10, 2e-20, 3e-20, 2e-20, 2e-20, -1
-0.54101, -0.186129, 0.181779, 0.05, -0.0736359, -0.0726005, -0.148478, 0.180938, 1002.96, 4734.18, 10, 2e-20, 3e-20, 2e-20, 2e-20, -1
-0.547597, -0.143849, 0.154591, 0.05, -0.00831806, -0.0326468, -0.185365, 0.188401, 1009.43, 15092.1, 10, 2e-20, 3e-20, 2e-20, 2e-20, -1
-0.505447, -0.296405, 0.216082, 0.05, -0.134309, -0.119094, 0.0367104, 0.183221, 1004.51, 7211.35, 10, 2e-20, 3e-20, 2e-20, 2e-20, -1
-0.593167, -0.154221, 0.221237, 0.05, -0.00280096, 0.164851, 0.10272, 0.194255, 1008.25, 13203.7, 10, 2e-20, 3e-20, 2e-20, 2e-20, -1
-0.560397, -0.192476, 0.230363, 0.05, -0.148841, -0.121277, 0.0435245, 0.196866, 1011.42, 18277.8, 10, 2e-20, 3e-20, 2e-20, 2e-20, -1
-0.57413, -0.235252, 0.269979, 0.05, -0.0160568, 0.0888091, -0.0813433, 0.121497, 1008.67, 13867.8, 10, 2e-20, 3e-20, 2e-20, 2e-20, -1
-0.511751, -0.289062, 0.314461, 0.05, -0.130555, -0.0109752, 0.23991, 0.273353, 1010.18, 16295.6, 10, 2e-20, 3e-20, 2e-20, 2e-20, -1
-0.57785, -0.231634, 0.328364, 0.05, -0.0211597, -0.190104, 0.0525151, 0.198356, 1007.36, 11769.8, 10, 2e-20, 3e-20, 2e-20, 2e-20, -1
-0.526089, -0.259309, 0.351084, 0.05, -0.140474, -0.0317539, 0.0489939, 0.152124, 998.529, -2354.05, 10, 2e-20, 3e-20, 2e-20, 2e-20, -1
-0.592608, -0.18139, 0.35379, 0.05, -0.0145739, 0.0488231, -0.019378, 0.0545124, 1007.35, 11768, 10, 2e-20, 3e-20, 2e-20, 2e-20, -1
-0.583384, -0.225073, 0.376913, 0.05, -0.06779, 0.0388548, 0.209655, 0.223742, 1002.94, 4700.58, 10, 2e-20, 3e-20, 2e-20, 2e-20, -1
-0.594083, -0.189004, 0.413224, 0.05, 0.0499993, -0.100528, -0.0273121, 0.11555, 1003.96, 6336.05, 10, 2e-20, 3e-20, 2e-20, 2e-20, -1
-0.580219, -0.268117, 0.493418, 0.05, 0.124987, 0.28718, -0.158403, 0.350979, 998.121, -3005.68, 10, 2e-20, 3e-20, 2e-20, 2e-20, -1
-0.602942, -0.214203, 0.458637, 0.05, 0.0959641, 0.00585321, 0.0559096, 0.111217, 1001.71, 2741.65, 10, 2e-20, 3e-20, 2e-20, 2e-20, -1
-0.573984, -0.186287, 0.493371, 0.05, -0.156074, -0.0450962, 0.00540514, 0.162549, 1007.75, 12404.6, 10, 2e-20, 3e-20, 2e-20, 2e-20, -1
-0.579814, -0.189028, 0.549503, 0.05, -0.131643, -0.0907021, -0.0540557, 0.168757, 1005.5, 8807.6, 10, 2e-20, 3e-20, 2e-20, 2e-20, -1
-0.587424, -0.147408, 0.553226, 0.05, -0.121361, -0.118524, -0.0525997, 0.177604, 1005.39, 8620.86, 10, 2e-20, 3e-20, 2e-20, 2e-20, -1
-0.612369, -0.178655, 0.592799, 0.05, 0.00283136, -0.0196574, -0.0546141, 0.0581131, 1007.65, 12236, 10, 2e-20, 3e-20, 2e-20, 2e-20, -1
-0.630779, -0.123921, 0.542487, 0.05, 0.0471381, 0.160062, -0.129362, 0.211131, 1009.21, 14738.3, 10, 2e-20, 3e-20, 2e-20, 2e-20, -1
-0.608569, -0.124682, 0.591318, 0.05, -0.223753, 0.118984, -0.0546726, 0.259252, 1005.4, 8637.46, 10, 2e-20, 3e-20, 2e-20, 2e-20, -1
-0.572299, -0.166054, 0.625207, 0.05, 0.0547849, -0.052275, -0.090402, 0.117926, 1005.74, 9184.61, 10, 2e-20, 3e-20, 2e-20, 2e-20, -1
-0.578792, -0.181069, 0.684971, 0.05, -0.0457162, 0.0365863, -0.125759, 0.138722, 1006.87, 10999.1, 10, 2e-20, 3e-20, 2e-20, 2e-20, -1
-0.619627, -0.192674, 0.712329, 0.05, -0.142996, 0.0664705, 0.074978, 0.174608, 1007.63, 12203.3, 10, 2e-20, 3e-20, 2e-20, 2e-20, -1
-0.620923, -0.144233, 0.704399, 0.05, 0.109259, 0.0292194, 0.0363529, 0.118798, 1000.7, 1123.74, 10, 2e-20, 3e-20, 2e-20, 2e-20, -1
-0.636679, -0.179846, 0.752299, 0.05, -0.00927407, -0.151909, 0.00122675, 0.152197, 1003.39, 5427.99, 10, 2e-20, 3e-20, 2e-20, 2e-20, -1
-0.592144, -0.170444, 0.751104, 0.05, -0.0441901, -0.00818782, 0.0100229, 0.0460463, 998.863, -1819.76, 10, 2e-20, 3e-20, 2e-20, 2e-20, -1
-0.594614, -0.217697, 0.786211, 0.05, -0.0466231, 0.0358852, 0.078201, 0.0978614, 1007.43, 11885.7, 10, 2e-20, 3e-20, 2e-20, 2e-20, -1
-0.614998, -0.176047, 0.799253, 0.05, 0.0868162, -0.196369, 0.033307, 0.217272, 1003.57, 5709.03, 10, 2e-20, 3e-20, 2e-20, 2e-20, -1
-0.645612, -0.132781, 0.813672, 0.05, -0.0453272, 0.0436421, 0.0867019, 0.107128, 1007.41, 11854.2, 10, 2e-20, 3e-20, 2e-20, 2e-20, -1
-0.626878, -0.156757, 0.858589, 0.05, -0.0209714, 0.00401483, 0.104099, 0.106266, 1013.69, 21896.2, 10, 2e-20, 3e-20, 2e-20, 2e-20, -1
-0.605994, -0.104424, 0.856377, 0.05, 0.0161972, -0.227479, -0.0819435, 0.24233, 1001.1, 1759.83, 10, 2e-20, 3e-20, 2e-20, 2e-20, -1
-0.603246, -0.129853, 0.901501, 0.05, 0.0464333, -0.148039, -0.108602, 0.189383, 1002.24, 3582.24, 10, 2e-20, 3e-20, 2e-20, 2e-20, -1
-0.549339, -0.140411, 0.94254, 0.05, -0.0214175, -0.0981846, 0.0180255, 0.102097, 1000.76, 1217.61, 10, 2e-20, 3e-20, 2e-20, 2e-20, -1
-0.497881, -0.145457, 0.943556, 0.05, 0.0754667, -0.0258533, 0.184332, 0.200853, 993.263, -10779.7, 10, 2e-20, 3e-20, 2e-20, 2e-20, -1
-0.485093, -0.167869, 0.986342, 0.05, 0.0776993, -0.00662125, 0.0011034, 0.0779887, 995.975, -6439.33, 10, 2e-20, 3e-20, 2e-20, 2e-20, -1
-0.448595, -0.232668, 0.997776, 0.05, 0.0474109, -0.0930793, 0.0647694, 0.122909, 1003.22, 5146.8, 10, 2e-20, 3e-20, 2e-20, 2e-20, -1
-0.485177, -0.209505, 1.01474, 0.05, -0.0225369, -0.051186, -0.0439929, 0.0711568, 999.51, -783.793, 10, 2e-20, 3e-20, 2e-20, 2e-20, -1
-0.420812, -0.124984, 1.07404, 0.05, 0.136896, 0.0419079, 0.0447308, 0.149992, 1001.29, 2065.82, 10, 2e-20, 3e-20, 2e-20, 2e-20, -1
-0.391399, -0.0825135, 1.13248, 0.05, -0.036634, -0.154377, 0.0883952, 0.181626, 1003.7, 5918.14, 10, 2e-20, 3e-20, 2e-20, 2e-20, -1
-0.327306, -0.0789163, 1.19481, 0.05, 0.0748484, -0.145538, 0.214349, 0.269683, 995.073, -7883.5, 10, 2e-20, 3e-20, 2e-20, 2e-20, -1
-0.30338, -0.0688914, 1.23174, 0.05, -0.0716379, 0.0235247, 0.0815454, 0.111063, 998.642, -2172.37, 10, 2e-20, 3e-20, 2e-20, 2e-20, -1
-0.243219, -0.0318452, 1.321, 0.05, 0.000555456, -0.0522621, 0.0634849, 0.0822313, 1001.93, 3082.06, 10, 2e-20, 3e-20, 2e-20, 2e-20, -1
-0.113814, -0.118951, 1.31393, 0.05, 0.00861307, -0.076763, 0.0134113, 0.0784003, 999.163, -1338.41, 10, 2e-20, 3e-20, 2e-20, 2e-20, -1
-0.556604, -0.1697, 0.0517238, 0.05, 0.130178, 0.171602, 0.204772, 0.297196, 1015.47, 24744.9, 10, 2e-20, 3e-20, 2e-20, 2e-20, -1
-0.614824, -0.223681, 0.047903, 0.05, -0.00320494, -0.0681692, 0.108034, 0.127783, 1017.81, 28492.1, 10, 2e-20, 3e-20, 2e-20, 2e-20, -1
-0.589411, -0.21426, 0.0881013, 0.05, -0.0480418, -0.197184, -0.111427, 0.231529, 1001.87, 2991.23, 10, 2e-20, 3e-20, 2e-20, 2e-20, -1
-0.637611, -0.112905, 0.104809, 0.05, 0.0171477, 0.16271, 0.0388424, 0.168158, 1007.44, 11901.8, 10, 2e-20, 3e-20, 2e-20, 2e-20, -1
-0.617804, -0.158764, 0.102661, 0.05, -0.202799, 0.0496405, 0.0264106, 0.21045, 1005.07, 8116.47, 10, 2e-20, 3e-20, 2e-20, 2e-20, -1
-0.578253, -0.18269, 0.124372, 0.05, -0.0389366, -0.0276371, 0.118635, 0.127883, 1006.84, 10939.4, 10, 2e-20, 3e-20, 2e-20, 2e-20, -1
-0.630252, -0.130635, 0.152958, 0.05, 0.0834195, 0.00451383, -0.145811, 0.168048, 1010.1, 16160, 10, 2e-20, 3e-20, 2e-20, 2e-20, -1
-0.64862, -0.0178222, 0.152488, 0.05, -0.0289532, 0.0112712, 0.174205, 0.176954, 1013.52, 21632.6, 10, 2e-20, 3e-20, 2e-20, 2e-20, -1
-0.647292, -0.0777111, 0.14782, 0.05, 0.051695, -0.117292, -0.147927, 0.195735, 1002.55, 4074.49, 10, 2e-20, 3e-20, 2e-20, 2e-20, -1
-0.655998, -0.0543855, 0.197404, 0.05, -0.108509, -0.147618, -0.0555579, 0.191447, 1006.02, 9627.35, 10, 2e-20, 3e-20, 2e-20, 2e-20, -1
-0.616918, -0.094933, 0.189693, 0.05, -0.0528221, -0.147894, 0.0659954, 0.170347, 1010.48, 16767.9, 10, 2e-20, 3e-20, 2e-20, 2e-20, -1
-0.584058, -0.103534, 0.22928, 0.05, -0.246603, -0.381072, 0.308483, 0.548808, 995.221, -7646.95, 10, 2e-20, 3e-20, 2e-20, 2e-20, -1
-0.552798, -0.1509, 0.277718, 0.05, 0.102651, 0.0911299, -0.279303, 0.311211, 1006.64, 10630.7, 10, 2e-20, 3e-20, 2e-20, 2e-20, -1
-0.590403, -0.185467, 0.268142, 0.05, -0.143609, -0.0559782, -0.136283, 0.205743, 1009.4, 15040.9, 10, 2e-20, 3e-20, 2e-20, 2e-20, -1
-0.628744, -0.22342, 0.342937, 0.05, -0.0639052, -0.0734487, 0.135198, 0.166605, 998.491, -2414.87, 10, 2e-20, 3e-20, 2e-20, 2e-20, -1
-0.5991, -0.088732, 0.338231, 0.05, -0.213599, 0.0551399, 0.114032, 0.248331, 1005.24, 8388.15, 10, 2e-20, 3e-20, 2e-20, 2e-20, -1
-0.601454, -0.150622, 0.315302, 0.05, -0.0125206, -0.146856, 0.223552, 0.267766, 1002.55, 4076.32, 10, 2e-20, 3e-20, 2e-20, 2e-20, -1
-0.635335, -0.119479, 0.347984, 0.05, 0.0239825, -0.0535913, -0.0471687, 0.0753132, 1008.17, 13074.6, 10, 2e-20, 3e-20, 2e-20, 2e-20, -1
-0.627615, -0.15825, 0.384102, 0.05, -0.147626, -0.0567172, -0.0979855, 0.186042, 999.214, -1257.08, 10, 2e-20, 3e-20, 2e-20, 2e-20, -1
-0.64193, -0.190779, 0.429848, 0.05, -0.0283096, 0.133751, 0.0548482, 0.147306, 1007.88, 12600.6, 10, 2e-20, 3e-20, 2e-20, 2e-20, -1
-0.61246, -0.111108, 0.388267, 0.05, 0.000851148, 0.112674, -0.0824786, 0.139638, 1009.21, 14734.3, 10, 2e-20, 3e-20, 2e-20, 2e-20, -1
-0.613368, -0.149966, 0.478088, 0.05, 0.120178, 0.0676787, -0.036686, 0.14272, 1002.75, 4406.84, 10, 2e-20, 3e-20, 2e-20, 2e-20, -1
-0.622115, -0.0912719, 0.442839, 0.05, 0.126274, -0.133309, 0.0649983, 0.194785, 1001.4, 2242.5, 10, 2e-20, 3e-20, 2e-20, 2e-20, -1
-0.572483, -0.136222, 0.50398, 0.05, -0.102357, 0.0440244, -0.229841, 0.255425, 1002.64, 4231.14, 10, 2e-20, 3e-20, 2e-20, 2e-20, -1
-0.609958, -0.0899429, 0.499205, 0.05, -0.0242061, -0.0905299, 0.100244, 0.137224, 1000.59, 951.443, 10, 2e-20, 3e-20, 2e-20, 2e-20, -1
-0.60588, -0.0264297, 0.544475, 0.05, 0.0291654, 0.077342, -0.0577032, 0.100807, 1005.22, 8349.14, 10, 2e-20, 3e-20, 2e-20, 2e-20, -1
-0.615668, -0.0758532, 0.553497, 0.05, 0.132227, -0.199009, -0.0199638, 0.239765, 1001.63, 2612.92, 10, 2e-20, 3e-20, 2e-20, 2e-20, -1
-0.600568, -0.0759147, 0.601302, 0.05, -0.0864192, -0.0149888, -0.147132, 0.171291, 1004.4, 7034.26, 10, 2e-20, 3e-20, 2e-20, 2e-20, -1
-0.621439, -0.112861, 0.658439, 0.05, -0.123735, -0.0236155, 0.0191291, 0.127413, 1002.72, 4353.24, 10, 2e-20, 3e-20, 2e-20, 2e-20, -1
-0.606186, -0.0354728, 0.624549, 0.05, -0.0615926, -0.0741346, -0.208677, 0.22986, 1010.85, 17352.6, 10, 2e-20, 3e-20, 2e-20, 2e-20, -1
-0.619615, -0.100129, 0.729077, 0.05, -0.0281002, -0.185548, -0.160626, 0.247019, 1004.85, 7767.25, 10, 2e-20, 3e-20, 2e-20, 2e-20, -1
-0.658803, -0.0228758, 0.693604, 0.05, 0.073555, -0.00665419, 0.000275161, 0.0738559, 997.425, -4120.77, 10, 2e-20, 3e-20, 2e-20, 2e-20, -1
-0.691155, -0.0984372, 0.744457, 0.05, -0.132568, 0.00398, 0.000172306, 0.132628, 1001.43, 2290.17, 10, 2e-20, 3e-20, 2e-20, 2e-20, -1
-0.648981, -0.0591225, 0.738674, 0.05, -0.0905091, -0.0968399, -0.0934174, 0.162162, 1003.22, 5153.67, 10, 2e-20, 3e-20, 2e-20, 2e-20, -1
-0.659277, -0.135451, 0.748268, 0.05, -0.0619372, -0.0616827, 0.0765018, 0.116162, 997.292, -4332.38, 10, 2e-20, 3e-20, 2e-20, 2e-20, -1
-0.676101, -0.0624837, 0.786106, 0.05, 0.0819351, -0.081629, -0.0195655, 0.117301, 999.278, -1155.95, 10, 2e-20, 3e-20, 2e-20, 2e-20, -1
-0.641654, -0.0943873, 0.779304, 0.05, -0.188839, 0.0225562, 0.0713994, 0.203142, 1008.61, 13771.3, 10, 2e-20, 3e-20, 2e-20, 2e-20, -1
-0.645026, -0.0351409, 0.84251, 0.05, -0.0886923, -0.0146819, -0.235535, 0.252109, 1011.53, 18445.5, 10, 2e-20, 3e-20, 2e-20, 2e-20, -1
-0.643118, -0.0779159, 0.827382, 0.05, 0.02882, -0.127915, -0.18101, 0.223511, 1000.38, 610.529, 10, 2e-20, 3e-20, 2e-20, 2e-20, -1
-0.632884, -0.0700285, 0.887315, 0.05, -7.68106e-05, -0.169096, 0.0842202, 0.188909, 1006.13, 9810.32, 10, 2e-20, 3e-20, 2e-20, 2e-20, -1
-0.582762, -0.0768098, 0.916188, 0.05, 0.249452, -0.0902071, 0.00646317, 0.26534, 1000.61, 974.204, 10, 2e-20, 3e-20, 2e-20, 2e-20, -1
-0.583363, -0.151402, 0.982716, 0.05, 0.00319682, -0.111383, -0.104181, 0.152546, 1001.9, 3037.38, 10, 2e-20, 3e-20, 2e-20, 2e-20, -1
-0.550182, -0.101691, 0.984567, 0.05, -0.0676193, -0.0136937, 0.0550122, 0.0882396, 1005.05, 8072.09, 10, 2e-20, 3e-20, 2e-20, 2e-20, -1
-0.469421, -0.163395, 1.04565, 0.05, -0.125507, 0.101819, 0.0818185, 0.181145, 1003.43, 5492.34, 10, 2e-20, 3e-20, 2e-20, 2e-20, -1
-0.513465, -0.128672, 1.003, 0.05, 0.0947735, -0.0269278, 0.0606688, 0.115706, 1007.02, 11225.6, 10, 2e-20, 3e-20, 2e-20, 2e-20, -1
-0.486699, -0.117581, 1.04926, 0.05, 0.00732064, -0.0833844, 0.138267, 0.16163, 999.598, -642.986, 10, 2e-20, 3e-20, 2e-20, 2e-20, -1
-0.437451, -0.0862206, 1.10093, 0.05, -0.118783, 0.00103294, 0.242332, 0.26988, 1002.74, 4386.33, 10, 2e-20, 3e-20, 2e-20, 2e-20, -1
-0.373934, -0.0607092, 1.1773, 0.05, -0.038825, -0.137308, 0.161501, 0.215507, 1003.86, 6169.16, 10, 2e-20, 3e-20, 2e-20, 2e-20, -1
-0.300076, -0.0165117, 1.23135, 0.05, -0.0534914, -0.051296, 0.166741, 0.182469, 1000.53, 855.793, 10, 2e-20, 3e-20, 2e-20, 2e-20, -1
-0.239293, 0.00696256, 1.34643, 0.05, -0.142437, -0.0726986, 0.175529, 0.237453, 999.404, -953.761, 10, 2e-20, 3e-20, 2e-20, 2e-20, -1
-0.273074, -0.0580908, 1.41251, 0.05, -0.058207, -0.0173722, 0.255297, 0.262424, 1000.83, 1325.38, 10, 2e-20, 3e-20, 2e-20, 2e-20, -1
-0.602722, -0.00547232, 0.0509028, 0.05, -0.10398, -0.158764, -0.117709, 0.223324, 1032.83, 52533.2, 10, 2e-20, 3e-20, 2e-20, 2e-20, -1
-0.604649, -0.094645, 0.0538001, 0.05, 0.0615842, 0.00533722, 0.0281244, 0.0679123, 1010.79, 17259.4, 10, 2e-20, 3e-20, 2e-20, 2e-20, -1
-0.6504, -0.0512652, 0.0482188, 0.05, 0.120402, -0.274332, 0.0776411, 0.309488, 1017.18, 27494.7, 10, 2e-20, 3e-20, 2e-20, 2e-20, -1
-0.63423, 0.0250412, 0.0780681, 0.05, 0.0972995, 0.200227, 0.190466, 0.292977, 1006.76, 10817.3, 10, 2e-20, 3e-20, 2e-20, 2e-20, -1
-0.672345, 0.0154351, 0.107002, 0.05, -0.149305, 0.1119, 0.0996964, 0.211549, 1010.73, 17173.3, 10, 2e-20, 3e-20, 2e-20, 2e-20, -1
-0.606206, -0.0719159, 0.112896, 0.05, 0.0915929, -0.08892, 0.0352041, 0.132421, 1013.42, 21476.9, 10, 2e-20, 3e-20, 2e-20, 2e-20, -1
-0.59874, 0.0265912, 0.113457, 0.05, 0.00487643, -0.0512579, 0.267989, 0.272891, 994.269, -9170.1, 10, 2e-20, 3e-20, 2e-20, 2e-20, -1
-0.709806, -0.038891, 0.200504, 0.05, -0.117163, 0.227435, -0.0485406, 0.260404, 1001.8, 2877.6, 10, 2e-20, 3e-20, 2e-20, 2e-20, -1
-0.655625, -0.00278853, 0.199115, 0.05, -0.231712, 0.302278, -0.111247, 0.396784, 1005.9, 9438.56, 10, 2e-20, 3e-20, 2e-20, 2e-20, -1
-0.689213, -0.0492045, 0.245089, 0.05, -0.249805, 0.295982, -0.0500363, 0.390527, 1013.1, 20964.6, 10, 2e-20, 3e-20, 2e-20, 2e-20, -1
-0.633767, -0.046585, 0.245483, 0.05, -0.208361, 0.0609818, 0.210599, 0.302465, 1004.45, 7123.71, 10, 2e-20, 3e-20, 2e-20, 2e-20, -1
-0.608705, -0.0813787, 0.272846, 0.05, 0.157986, -0.0881953, 0.0165878, 0.181695, 1011.2, 17916.3, 10, 2e-20, 3e-20, 2e-20, 2e-20, -1
-0.601527, -0.130686, 0.265903, 0.05, 0.0866817, 0.113242, -0.206899, 0.251286, 1013.37, 21391.1, 10, 2e-20, 3e-20, 2e-20, 2e-20, -1
-0.610793, -0.0512268, 0.300647, 0.05, 0.01837, -0.121702, 0.062599, 0.138085, 1003.39, 5418.44, 10, 2e-20, 3e-20, 2e-20, 2e-20, -1
-0.572197, -0.10848, 0.31304, 0.05, -0.0651331, 0.0461178, -0.0396961, 0.0891345, 1005.59, 8945.57, 10, 2e-20, 3e-20, 2e-20, 2e-20, -1
-0.604322, -0.00273375, 0.324008, 0.05, -0.0377521, -0.0348008, 0.0373905, 0.0635166, 1008.72, 13945.4, 10, 2e-20, 3e-20, 2e-20, 2e-20, -1
-0.618709, -0.0410275, 0.3525, 0.05, -0.0922434, -0.0352757, 0.0194316, 0.100652, 1009.2, 14724.9, 10, 2e-20, 3e-20, 2e-20, 2e-20, -1
-0.635624, 0.00482013, 0.366909, 0.05, -0.0986791, -0.0953215, 0.166664, 0.215872, 1005.43, 8683.13, 10, 2e-20, 3e-20, 2e-20, 2e-20, -1
-0.644458, -0.0690864, 0.388266, 0.05, -0.0698057, 0.144687, -0.0987073, 0.188548, 1013.75, 21999.1, 10, 2e-20, 3e-20, 2e-20, 2e-20, -1
-0.621463, -0.0248356, 0.411574, 0.05, -0.164886, 0.130189, -0.124691, 0.244304, 1016.96, 27128.7, 10, 2e-20, 3e-20, 2e-20, 2e-20, -1
-0.664414, -0.0458059, 0.437984, 0.05, -0.0107459, 0.134733, -0.0677251, 0.151179, 1007.69, 12306.7, 10, 2e-20, 3e-20, 2e-20, 2e-20, -1
-0.596185, -0.0553115, 0.452277, 0.05, -0.0827051, 0.0208811, 0.114653, 0.142904, 1009.04, 14460.5, 10, 2e-20, 3e-20, 2e-20, 2e-20, -1
-0.599922, 0.0373552, 0.44361, 0.05, 0.00461016, 0.0703336, 0.0575437, 0.0909909, 1003.9, 6245.23, 10, 2e-20, 3e-20, 2e-20, 2e-20, -1
-0.570609, -0.100178, 0.467795, 0.05, -0.079254, -0.125141, 0.0541435, 0.157712, 1005.97, 9556.4, 10, 2e-20, 3e-20, 2e-20, 2e-20, -1
-0.618083, -0.00649354, 0.456725, 0.05, -0.0803503, -0.194169, 0.0793918, 0.224635, 997.648, -3763.79, 10, 2e-20, 3e-20, 2e-20, 2e-20, -1
-0.588552, -0.0389202, 0.498571, 0.05, -0.11172, -0.0891204, -0.0729314, 0.160446, 1003.1, 4959.96, 10, 2e-20, 3e-20, 2e-20, 2e-20, -1
-0.621051, -0.000260981, 0.587994, 0.05, -0.108481, -0.0272994, -0.0669432, 0.130364, 998.963, -1659.11, 10, 2e-20, 3e-20, 2e-20, 2e-20, -1
-0.670344, -0.013799, 0.600813, 0.05, -0.0571788, 0.133893, -0.0598833, 0.157425, 1009.1, 14558.3, 10, 2e-20, 3e-20, 2e-20, 2e-20, -1
-0.692636, 0.0367853, 0.627824, 0.05, 0.170074, -0.042092, -0.246229, 0.302201, 1001.98, 3166.28, 10, 2e-20, 3e-20, 2e-20, 2e-20, -1
-0.640855, 0.0792521, 0.684826, 0.05, 0.0224417, -0.163139, -0.0349677, 0.168347, 1000.3, 485.769, 10, 2e-20, 3e-20, 2e-20, 2e-20, -1
-0.647407, 0.00111715, 0.645884, 0.05, 0.0259659, 0.0742714, -0.103246, 0.129808, 1010.91, 17463.1, 10, 2e-20, 3e-20, 2e-20, 2e-20, -1
-0.641947, 0.029134, 0.714079, 0.05, -0.0527125, -0.0184609, -0.0567651, 0.0796347, 1000.36, 580.844, 10, 2e-20, 3e-20, 2e-20, 2e-20, -1
-0.614995, -0.0136293, 0.721151, 0.05, -0.160374, 0.0867068, -0.153688, 0.238449, 1003.07, 4919.78, 10, 2e-20, 3e-20, 2e-20, 2e-20, -1
-0.668613, 0.0386156, 0.762464, 0.05, -0.0792161, -0.00539588, -0.201864, 0.216918, 1007.29, 11664.4, 10, 2e-20, 3e-20, 2e-20, 2e-20, -1
-0.641388, -0.012855, 0.755791, 0.05, -0.100483, 0.0943827, -0.0991732, 0.169824, 1001.62, 2598.5, 10, 2e-20, 3e-20, 2e-20, 2e-20, -1
-0.64171, 0.0913027, 0.828942, 0.05, -0.0496026, -0.00743034, -0.0626749, 0.0802731, 1002.53, 4040.83, 10, 2e-20, 3e-20, 2e-20, 2e-20, -1
-0.676362, -0.0161513, 0.792288, 0.05, -0.0543395, -0.0595211, 0.0619885, 0.101677, 997.166, -4534.15, 10, 2e-20, 3e-20, 2e-20, 2e-20, -1
-0.674458, -0.0377707, 0.880294, 0.05, -0.120853, -0.0552505, -0.0136926, 0.133587, 1008.97, 14354.5, 10, 2e-20, 3e-20, 2e-20, 2e-20, -1
-0.614583, 0.014296, 0.916911, 0.05, -0.136597, -0.221458, -0.148976, 0.299827, 1000.05, 74.9525, 10, 2e-20, 3e-20, 2e-20, 2e-20, -1
-0.597473, -0.0239842, 0.947558, 0.05, 0.138332, -0.246593, -0.066462, 0.29045, 1000.24, 378.893, 10, 2e-20, 3e-20, 2e-20, 2e-20, -1
-0.570516, 0.00866698, 0.980515, 0.05, 0.204911, -0.057671, 0.0032986, 0.212898, 1006.4, 10236.1, 10, 2e-20, 3e-20, 2e-20, 2e-20, -1
-0.538235, -0.0582376, 0.963058, 0.05, 0.0395655, -0.00197191, 0.0654022, 0.0764641, 1005.04, 8066.84, 10, 2e-20, 3e-20, 2e-20, 2e-20, -1
-0.509216, 0.0337523, 1.0232, 0.05, 0.019564, -0.0324709, 0.487045, 0.488518, 1008.29, 13263.2, 10, 2e-20, 3e-20, 2e-20, 2e-20, -1
-0.526931, -0.00536083, 0.997661, 0.05, -0.0129781, -0.285774, -0.0323969, 0.287897, 1004.32, 6913.37, 10, 2e-20, 3e-20, 2e-20, 2e-20, -1
-0.460534, 0.0282427, 1.04685, 0.05, -0.0255444, -0.0840766, 0.111248, 0.141765, 995.584, -7065.65, 10, 2e-20, 3e-20, 2e-20, 2e-20, -1
-0.485203, -0.0336609, 1.02809, 0.05, 0.193429, -0.092081, 0.0631997, 0.223356, 993.481, -10431, 10, 2e-20, 3e-20, 2e-20, 2e-20, -1
-0.448001, -0.0170484, 1.07334, 0.05, 0.0608266, -0.146691, 0.0354894, 0.162719, 1004.55, 7277.8, 10, 2e-20, 3e-20, 2e-20, 2e-20, -1
-0.415849, -0.0399071, 1.11099, 0.05, -0.213828, 0.0803942, 0.250691, 0.339163, 1003.18, 5080.8, 10, 2e-20, 3e-20, 2e-20, 2e-20, -1
-0.335608, 0.00603195, 1.21469, 0.05, 0.19742, -0.0578645, 0.11689, 0.236614, 996.85, -5040.23, 10, 2e-20, 3e-20, 2e-20, 2e-20, -1
-0.268182, 0.0711099, 1.3584, 0.05, 0.104488, -0.0547657, -0.0260982, 0.120823, 1000.15, 241.979, 10, 2e-20, 3e-20, 2e-20, 2e-20, -1
-0.226248, 0.0544179, 1.39008, 0.05, -0.0425619, -0.0453405, 0.00551104, 0.0624311, 1002.23, 3567.46, 10, 2e-20, 3e-20, 2e-20, 2e-20, -1
-0.624349, 0.0736468, 0.0455874, 0.05, 0.293833, 0.46934, -0.169113, 0.578979, 1018.25, 29207.8, 10, 2e-20, 3e-20, 2e-20, 2e-20, -1
-0.674808, 0.11937, 0.0489799, 0.05, 0.321628, 0.633099, 0.371321, 0.801335, 998.781, -1950.48, 10, 2e-20, 3e-20, 2e-20, 2e-20, -1
-0.709714, 0.0987273, 0.0804052, 0.05, -0.438463, 0.00810217, 0.237575, 0.498756, 1014.65, 23434.4, 10, 2e-20, 3e-20, 2e-20, 2e-20, -1
-0.664081, 0.084291, 0.0807908, 0.05, -0.00193009, -0.00848227, 0.638618, 0.638677, 1006.72, 10759.5, 10, 2e-20, 3e-20, 2e-20, 2e-20, -1
-0.578377, 0.0732096, 0.104822, 0.05, -0.519546, 0.930235, 0.459375, 1.1603, 1013.13, 21007, 10, 2e-20, 3e-20, 2e-20, 2e-20, -1
-0.62619, 0.0905727, 0.114486, 0.05, 0.116719, 0.224997, 0.294132, 0.388279, 999.49, -816.375, 10, 2e-20, 3e-20, 2e-20, 2e-20, -1
-0.650631, 0.0463949, 0.121519, 0.05, 0.0802424, 0.513578, -0.198289, 0.556345, 1017.81, 28492, 10, 2e-20, 3e-20, 2e-20, 2e-20, -1
-0.612816, 0.0594606, 0.150227, 0.05, -0.128419, 0.298787, -0.569185, 0.655543, 1007.91, 12656.8, 10, 2e-20, 3e-20, 2e-20, 2e-20, -1
-0.610516, 0.0128803, 0.162264, 0.05, -0.102839, -0.0927666, -0.0203157, 0.139979, 1005.87, 9391.22, 10, 2e-20, 3e-20, 2e-20, 2e-20, -1
-0.630567, 0.0503317, 0.198601, 0.05, 0.0446251, 0.136431, -0.0514036, 0.15247, 1003.02, 4837.01, 10, 2e-20, 3e-20, 2e-20, 2e-20, -1
-0.662483, -0.00274405, 0.242532, 0.05, -0.199861, -0.00539334, -0.0895854, 0.219087, 995.473, -7243.95, 10, 2e-20, 3e-20, 2e-20, 2e-20, -1
-0.668038, -0.0326525, 0.287664, 0.05, -0.0694684, 0.101612, -0.0984628, 0.157626, 1004.56, 7290.45, 10, 2e-20, 3e-20, 2e-20, 2e-20, -1
-0.625914, -0.000477742, 0.277801, 0.05, 0.0518661, 0.0453418, -0.183863, 0.196346, 1002.63, 4200.74, 10, 2e-20, 3e-20, 2e-20, 2e-20, -1
-0.592876, 0.10188, 0.31725, 0.05, 0.0411536, 0.282271, -0.201772, 0.349403, 1008.66, 13859, 10, 2e-20, 3e-20, 2e-20, 2e-20, -1
-0.630236, 0.0458888, 0.309193, 0.05, 0.0369418, 0.0057223, -0.211144, 0.214428, 1007.37, 11795.5, 10, 2e-20, 3e-20, 2e-20, 2e-20, -1
-0.639878, 0.0840752, 0.330739, 0.05, -0.126609, 0.312594, -0.297886, 0.449978, 1014.03, 22455.4, 10, 2e-20, 3e-20, 2e-20, 2e-20, -1
-0.598503, 0.046862, 0.353905, 0.05, 0.128187, -0.0502523, 0.0841287, 0.161353, 1012.86, 20576.2, 10, 2e-20, 3e-20, 2e-20, 2e-20, -1
-0.597327, 0.0700366, 0.397485, 0.05, -0.165335, 0.188767, 0.165307, 0.300491, 1008.17, 13076.9, 10, 2e-20, 3e-20, 2e-20, 2e-20, -1
-0.570882, 0.0225205, 0.406539, 0.05, 0.0824449, -0.0742727, -0.144624, 0.18229, 1008.6, 13763.9, 10, 2e-20, 3e-20, 2e-20, 2e-20, -1
-0.6417, 0.0702793, 0.426539, 0.05, 0.116995, 0.0494202, -0.136097, 0.186152, 1004.53, 7242.58, 10, 2e-20, 3e-20, 2e-20, 2e-20, -1
-0.643477, 0.126904, 0.475822, 0.05, -0.121092, -0.102225, -0.0315464, 0.161581, 1003.56, 5695.73, 10, 2e-20, 3e-20, 2e-20, 2e-20, -1
-0.631155, 0.0240274, 0.412386, 0.05, -0.0844059, -0.0577974, -0.213127, 0.236407, 1002.48, 3961.3, 10, 2e-20, 3e-20, 2e-20, 2e-20, -1
-0.621812, 0.118678, 0.50464, 0.05, -0.0344116, -0.0664824, -0.00528692, 0.0750468, 1007.56, 12091.3, 10, 2e-20, 3e-20, 2e-20, 2e-20, -1
-0.613857, 0.0761095, 0.474651, 0.05, 0.184508, 0.00398021, 0.0566366, 0.193046, 1005.86, 9380.4, 10, 2e-20, 3e-20, 2e-20, 2e-20, -1
-0.639854, 0.0290426, 0.483974, 0.05, 0.0927874, -0.1538, 0.0397174, 0.183961, 1002.56, 4090.18, 10, 2e-20, 3e-20, 2e-20, 2e-20, -1
-0.619108, 0.0202291, 0.532148, 0.05, 0.107824, 0.0754933, -0.0387271, 0.137204, 1005.8, 9272.43, 10, 2e-20, 3e-20, 2e-20, 2e-20, -1
-0.65367, 0.0341165, 0.594248, 0.05, -0.118455, -0.0705117, -0.0610457, 0.150765, 1004.38, 7007.18, 10, 2e-20, 3e-20, 2e-20, 2e-20, -1
-0.633326, 0.0499518, 0.647239, 0.05, -0.130346, -0.0470172, 0.104655, 0.173647, 996.041, -6333.75, 10, 2e-20, 3e-20, 2e-20, 2e-20, -1
-0.629677, 0.100058, 0.638226, 0.05, -0.133329, -0.0256208, -0.140145, 0.195125, 1004.23, 6765.68, 10, 2e-20, 3e-20, 2e-20, 2e-20, -1
-0.580199, 0.107714, 0.627899, 0.05, 0.0286063, 0.0834451, -0.271444, 0.285418, 1009.71, 15531.5, 10, 2e-20, 3e-20, 2e-20, 2e-20, -1
-0.625705, 0.0717851, 0.733985, 0.05, -0.136131, 0.0530816, -0.069917, 0.161981, 1006.16, 9851.1, 10, 2e-20, 3e-20, 2e-20, 2e-20, -1
-0.721014, 0.0444335, 0.761624, 0.05, 0.12225, -0.0598683, -0.23895, 0.275003, 1007.04, 11269.8, 10, 2e-20, 3e-20, 2e-20, 2e-20, -1
-0.67957, 0.122728, 0.802919, 0.05, -0.00256425, -0.103921, -0.0214387, 0.10614, 1007.76, 12420.2, 10, 2e-20, 3e-20, 2e-20, 2e-20, -1
-0.662071, 0.0482407, 0.819724, 0.05, -0.048803, -0.0907576, -0.0257596, 0.106218, 999.635, -583.582, 10, 2e-20, 3e-20, 2e-20, 2e-20, -1
-0.661769, 0.1148, 0.867253, 0.05, -0.123862, 0.0465033, -0.301046, 0.328835, 1005.91, 9449.12, 10, 2e-20, 3e-20, 2e-20, 2e-20, -1
-0.570416, 0.146496, 0.872093, 0.05, 0.0992279, 0.0268947, -0.259109, 0.27876, 1003.42, 5473.45, 10, 2e-20, 3e-20, 2e-20, 2e-20, -1
-0.725085, 0.00465692, 0.864459, 0.05, -0.0188312, -0.175107, -0.0304344, 0.178727, 998.468, -2450.47, 10, 2e-20, 3e-20, 2e-20, 2e-20, -1
-0.637588, 0.00346721, 0.87024, 0.05, -0.113435, 0.019328, -0.00553689, 0.115203, 1006.91, 11058.8, 10, 2e-20, 3e-20, 2e-20, 2e-20, -1
-0.597788, -0.0276963, 0.893169, 0.05, 0.160002, -0.108264, 0.058649, 0.201895, 1002.24, 3591.7, 10, 2e-20, 3e-20, 2e-20, 2e-20, -1
-0.616224, 0.0594867, 0.925511, 0.05, 0.154773, 0.087257, 0.00808631, 0.177859, 1006.79, 10871.2, 10, 2e-20, 3e-20, 2e-20, 2e-20, -1
-0.567046, 0.02752, 0.939145, 0.05, 0.117132, -0.0823242, 0.239034, 0.27863, 1004.2, 6726.6, 10, 2e-20, 3e-20, 2e-20, 2e-20, -1
-0.512371, 0.0917952, 0.896543, 0.05, 0.106736, -0.117437, -0.108351, 0.192156, 1000.17, 277.076, 10, 2e-20, 3e-20, 2e-20, 2e-20, -1
-0.523034, 0.0641673, 0.945303, 0.05, -0.0359002, -0.061706, 0.072038, 0.10142, 997.743, -3610.63, 10, 2e-20, 3e-20, 2e-20, 2e-20, -1
-0.477461, 0.0761378, 1.02982, 0.05, -0.0722571, -0.0815437, 0.153547, 0.188274, 1005.5, 8794.45, 10, 2e-20, 3e-20, 2e-20, 2e-20, -1
-0.406389, 0.0648358, 1.09281, 0.05, 0.0297744, -0.197824, -0.042587, 0.204535, 997.982, -3228.51, 10, 2e-20, 3e-20, 2e-20, 2e-20, -1
-0.439881, 0.0199742, 1.10492, 0.05, 0.131428, -0.0152374, 0.131128, 0.18628, 994.07, -9487.4, 10, 2e-20, 3e-20, 2e-20, 2e-20, -1
-0.409297, -0.0138277, 1.15337, 0.05, -0.207265, -0.0352426, 0.0396427, 0.213945, 1002.62, 4195.23, 10, 2e-20, 3e-20, 2e-20, 2e-20, -1
-0.334586, 0.0611771, 1.21125, 0.05, -0.0702002, 0.0143193, 0.271845, 0.281128, 999.404, -952.899, 10, 2e-20, 3e-20, 2e-20, 2e-20, -1
-0.323149, 0.0593444, 1.2781, 0.05, -0.00497515, -0.0340793, 0.0175607, 0.0386591, 1005.37, 8590.52, 10, 2e-20, 3e-20, 2e-20, 2e-20, -1
-0.258867, 0.130172, 1.32988, 0.05, -0.0151664, -0.171996, 0.298824, 0.345121, 1006.97, 11145.8, 10, 2e-20, 3e-20, 2e-20, 2e-20, -1
-0.271801, 0.0970124, 1.39278, 0.05, -0.0370077, -0.0386227, 0.150494, 0.159717, 999.962, -60.1436, 10, 2e-20, 3e-20, 2e-20, 2e-20, -1
-0.612477, 0.145753, 0.0508833, 0.05, 0.264597, 0.444971, -0.116988, 0.530751, 1010.21, 16343.2, 10, 2e-20, 3e-20, 2e-20, 2e-20, -1
-0.646689, 0.158835, 0.0786343, 0.05, 0.0749338, 0.337329, -0.318948, 0.470249, 1001.2, 1913.53, 10, 2e-20, 3e-20, 2e-20, 2e-20, -1
-0.696839, 0.208164, 0.105085, 0.05, -0.0536739, 0.0463532, -0.0219403, 0.0742354, 1013.36, 21377.1, 10, 2e-20, 3e-20, 2e-20, 2e-20, -1
-0.610574, 0.106694, 0.0811662, 0.05, 0.199673, -0.0428364, 0.471158, 0.513511, 1001.55, 2482.21, 10, 2e-20, 3e-20, 2e-20, 2e-20, -1
-0.600732, 0.166643, 0.0790842, 0.05, 0.158844, 0.656213, 0.178139, 0.69827, 997.438, -4099.98, 10, 2e-20, 3e-20, 2e-20, 2e-20, -1
-0.652555, 0.197655, 0.115858, 0.05, -0.395935, -0.392474, 0.186683, 0.587921, 1012.23, 19563.4, 10, 2e-20, 3e-20, 2e-20, 2e-20, -1
-0.616756, 0.212526, 0.109323, 0.05, -0.590549, -0.66244, 0.136024, 0.897818, 993.482, -10429.1, 10, 2e-20, 3e-20, 2e-20, 2e-20, -1
-0.60085, 0.13071, 0.15181, 0.05, -0.505271, -0.233432, 0.668476, 0.869856, 990.645, -14967.6, 10, 2e-20, 3e-20, 2e-20, 2e-20, -1
-0.568899, 0.0910556, 0.157594, 0.05, -0.0856247, -0.0862354, 0.326425, 0.348312, 1025.2, 40323.7, 10, 2e-20, 3e-20, 2e-20, 2e-20, -1
-0.607762, 0.100296, 0.195175, 0.05, -0.421562, 0.129872, 0.0885328, 0.44991, 1002.68, 4282.18, 10, 2e-20, 3e-20, 2e-20, 2e-20, -1
-0.620993, 0.105569, 0.244276, 0.05, -0.254722, -0.33594, -0.0956161, 0.432297, 1009.41, 15052.6, 10, 2e-20, 3e-20, 2e-20, 2e-20, -1
-0.604598, 0.00255417, 0.234239, 0.05, 0.00612354, 0.287419, 0.0259274, 0.288651, 1005.08, 8120.54, 10, 2e-20, 3e-20, 2e-20, 2e-20, -1
-0.636298, 0.0453911, 0.251175, 0.05, 0.0664845, -0.00944624, 0.0218235, 0.0706094, 998.455, -2472.13, 10, 2e-20, 3e-20, 2e-20, 2e-20, -1
-0.693265, 0.0887806, 0.293265, 0.05, 0.135093, 0.170597, -0.0385366, 0.220994, 1003.98, 6365.32, 10, 2e-20, 3e-20, 2e-20, 2e-20, -1
-0.673998, 0.130607, 0.315655, 0.05, -0.116351, -0.0881802, 0.0207293, 0.147455, 1001.42, 2270.42, 10, 2e-20, 3e-20, 2e-20, 2e-20, -1
-0.67975, 0.206155, 0.359624, 0.05, 0.208935, -0.283819, -0.186038, 0.398519, 1005.2, 8312.29, 10, 2e-20, 3e-20, 2e-20, 2e-20, -1
-0.600472, 0.107393, 0.359602, 0.05, 0.0941911, -0.0288974, -0.0697488, 0.120714, 1005.36, 8570.31, 10, 2e-20, 3e-20, 2e-20, 2e-20, -1
-0.666728, 0.15696, 0.376946, 0.05, 0.0865918, -0.0775182, -0.342722, 0.361891, 1012.1, 19353.2, 10, 2e-20, 3e-20, 2e-20, 2e-20, -1
-0.634279, 0.110772, 0.392947, 0.05, -0.0199426, 0.148815, 0.246456, 0.28859, 1001.54, 2460.47, 10, 2e-20, 3e-20, 2e-20, 2e-20, -1
-0.562905, 0.156457, 0.377866, 0.05, -0.0433372, 0.161091, -0.0218271, 0.16824, 1007.63, 12212.9, 10, 2e-20, 3e-20, 2e-20, 2e-20, -1
-0.61057, 0.111636, 0.43663, 0.05, -0.212828, -0.0701795, -0.351104, 0.416527, 1005.03, 8043.33, 10, 2e-20, 3e-20, 2e-20, 2e-20, -1
-0.63863, 0.179135, 0.485196, 0.05, -0.204556, 0.184454, 0.0143128, 0.275811, 1016.77, 26827.5, 10, 2e-20, 3e-20, 2e-20, 2e-20, -1
-0.624876, 0.165005, 0.533355, 0.05, -0.00302224, -0.00782844, -0.0492886, 0.0499978, 1003.39, 5418.96, 10, 2e-20, 3e-20, 2e-20, 2e-20, -1
-0.590757, 0.0607213, 0.525484, 0.05, -0.225811, -0.164177, -0.0629966, 0.286205, 1006.37, 10196.8, 10, 2e-20, 3e-20, 2e-20, 2e-20, -1
-0.589451, 0.0125503, 0.493066, 0.05, -0.214533, 0.0608671, -0.0249031, 0.224386, 1010.98, 17563.7, 10, 2e-20, 3e-20, 2e-20, 2e-20, -1
-0.627112, 0.10224, 0.548939, 0.05, 0.180233, 0.059807, 0.057272, 0.198345, 996.179, -6112.84, 10, 2e-20, 3e-20, 2e-20, 2e-20, -1
-0.647094, 0.0591443, 0.565709, 0.05, -0.00790874, -0.108054, 0.0159827, 0.109516, 1003.56, 5696.38, 10, 2e-20, 3e-20, 2e-20, 2e-20, -1
-0.616376, 0.0726509, 0.603076, 0.05, -0.0399781, 0.0285713, -0.148526, 0.156443, 1017.8, 28477.2, 10, 2e-20, 3e-20, 2e-20, 2e-20, -1
-0.616779, 0.123087, 0.584702, 0.05, 0.0313144, 0.104265, -0.010765, 0.109397, 1008.8, 14082, 10, 2e-20, 3e-20, 2e-20, 2e-20, -1
-0.636411, 0.131717, 0.668843, 0.05, -0.0576601, 0.183779, -0.190482, 0.270892, 1005.71, 9136.05, 10, 2e-20, 3e-20, 2e-20, 2e-20, -1
-0.684415, 0.189359, 0.701544, 0.05, 0.176905, 0.106085, -0.139433, 0.24898, 1002.32, 3710.59, 10, 2e-20, 3e-20, 2e-20, 2e-20, -1
-0.602146, 0.107542, 0.700437, 0.05, -0.0430015, -0.0618933, 0.073015, 0.104934, 997.883, -3387.73, 10, 2e-20, 3e-20, 2e-20, 2e-20, -1
-0.655896, 0.142242, 0.710505, 0.05, 0.0161501, -0.00547101, -0.0156055, 0.0231147, 999.457, -869.025, 10, 2e-20, 3e-20, 2e-20, 2e-20, -1
-0.602324, 0.159436, 0.711064, 0.05, 0.0734652, -0.00697951, -0.101694, 0.125648, 1005.81, 9290.43, 10, 2e-20, 3e-20, 2e-20, 2e-20, -1
-0.589162, 0.156979, 0.760145, 0.05, -0.0751095, -0.125371, 0.0268907, 0.148602, 1006.22, 9954.61, 10, 2e-20, 3e-20, 2e-20, 2e-20, -1
-0.581245, 0.195116, 0.822759, 0.05, -0.113924, -0.24375, -0.293541, 0.398195, 1000.08, 135.031, 10, 2e-20, 3e-20, 2e-20, 2e-20, -1
-0.639708, 0.046837, 0.877258, 0.05, -0.0246186, -0.186662, -0.16121, 0.247866, 1002.3, 3681.34, 10, 2e-20, 3e-20, 2e-20, 2e-20, -1
-0.559443, 0.104614, 0.860739, 0.05, 0.00731629, 0.0210377, -0.128231, 0.130151, 1005.64, 9016.62, 10, 2e-20, 3e-20, 2e-20, 2e-20, -1
-0.608491, 0.083292, 0.873211, 0.05, -0.105218, -0.107509, -0.0345426, 0.154345, 1009.02, 14434, 10, 2e-20, 3e-20, 2e-20, 2e-20, -1
-0.547782, 0.118767, 0.919097, 0.05, -0.00435638, -0.14567, 0.0611108, 0.158029, 1005.34, 8542.21, 10, 2e-20, 3e-20, 2e-20, 2e-20, -1
-0.593754, 0.0987387, 0.917998, 0.05, -0.00160734, -0.183653, 0.0756862, 0.198644, 999.932, -108.372, 10, 2e-20, 3e-20, 2e-20, 2e-20, -1
-0.522222, 0.115165, 0.961899, 0.05, 0.00633581, -0.0687335, 0.124578, 0.142422, 1005.81, 9289.68, 10, 2e-20, 3e-20, 2e-20, 2e-20, -1
-0.478047, 0.0832097, 0.975202, 0.05, -0.0238761, -0.184308, 0.00320971, 0.185876, 999.182, -1308.24, 10, 2e-20, 3e-20, 2e-20, 2e-20, -1
-0.475694, 0.127035, 0.994848, 0.05, -0.124108, -0.189766, 0.00216845, 0.226757, 1003.44, 5500.95, 10, 2e-20, 3e-20, 2e-20, 2e-20, -1
-0.443155, 0.112567, 1.03456, 0.05, 0.204443, -0.0714615, -0.0595619, 0.224614, 1000.34, 540.115, 10, 2e-20, 3e-20, 2e-20, 2e-20, -1
-0.432551, 0.118362, 1.08489, 0.05, 0.124835, 0.0505421, 0.0580588, 0.14666, 1000.24, 391.379, 10, 2e-20, 3e-20, 2e-20, 2e-20, -1
-0.366124, 0.115659, 1.17547, 0.05, 0.0969836, -0.0490303, 0.00435464, 0.10876, 997.385, -4184.4, 10, 2e-20, 3e-20, 2e-20, 2e-20, -1
-0.372353, 0.0563489, 1.1734, 0.05, 0.0506081, 0.089532, 0.0819622, 0.13151, 994.905, -8151.4, 10, 2e-20, 3e-20, 2e-20, 2e-20, -1
-0.296034, 0.0768011, 1.24037, 0.05, 0.185712, -0.100408, 0.0700969, 0.22245, 999.867, -212.632, 10, 2e-20, 3e-20, 2e-20, 2e-20, -1
-0.279394, 0.0810023, 1.31687, 0.05, 0.0873056, -0.151776, 0.194832, 0.261949, 995.455, -7272.22, 10, 2e-20, 3e-20, 2e-20, 2e-20, -1
-0.322421, 0.248465, 1.3436, 0.05, 0.100937, -0.145873, -0.178835, 0.251891, 1001.36, 2175.67, 10, 2e-20, 3e-20, 2e-20, 2e-20, -1
-0.558143, 0.205263, 0.0445282, 0.05, 0.276547, -0.0628169, -0.57579, 0.641839, 1005.3, 8475.06, 10, 2e-20, 3e-20, 2e-20, 2e-20, -1
-0.665768, 0.331234, 0.0707943, 0.05, -1.54925, 0.221753, 0.572395, 1.66643, 1044.34, 70941.1, 10, 2e-20, 3e-20, 2e-20, 2e-20, -1
-0.575639, 0.257099, 0.0660244, 0.05, -0.506774, -0.77994, 0.946133, 1.32676, 1020.76, 33211.2, 10, 2e-20, 3e-20, 2e-20, 2e-20, -1
-0.713921, 0.234491, 0.0655732, 0.05, 0.447714, 0.186461, -0.597901, 0.769871, 995.988, -6419.52, 10, 2e-20, 3e-20, 2e-20, 2e-20, -1
-0.666747, 0.236577, 0.0760896, 0.05, 0.0571216, 0.905751, -0.310075, 0.959059, 1013.26, 21215, 10, 2e-20, 3e-20, 2e-20, 2e-20, -1
-0.548076, 0.256486, 0.108941, 0.05, 0.170857, 0.154409, 1.2539, 1.27488, 1005.79, 9269.83, 10, 2e-20, 3e-20, 2e-20, 2e-20, -1
-0.647582, 0.243327, 0.170094, 0.05, -0.137605, 0.0964418, -0.125932, 0.209988, 1026.36, 42178.7, 10, 2e-20, 3e-20, 2e-20, 2e-20, -1
-0.641443, 0.152464, 0.171074, 0.05, 0.270095, -0.255664, 0.630891, 0.732352, 1003.41, 5458.57, 10, 2e-20, 3e-20, 2e-20, 2e-20, -1
-0.625896, 0.186691, 0.211164, 0.05, 0.337922, -0.741033, 0.0131859, 0.814552, 1007.48, 11967.9, 10, 2e-20, 3e-20, 2e-20, 2e-20, -1
-0.589004, 0.161916, 0.189161, 0.05, -0.59909, -0.334851, 0.484981, 0.840381, 1005.05, 8077.87, 10, 2e-20, 3e-20, 2e-20, 2e-20, -1
-0.566043, 0.214198, 0.198068, 0.05, -0.139202, 0.0561649, 0.211207, 0.259114, 1003.26, 5217.49, 10, 2e-20, 3e-20, 2e-20, 2e-20, -1
-0.64465, 0.108726, 0.282732, 0.05, -0.277885, -0.122175, 0.163533, 0.344804, 1009.95, 15916.3, 10, 2e-20, 3e-20, 2e-20, 2e-20, -1
-0.589593, 0.143672, 0.231308, 0.05, 0.0592437, 0.352787, -0.440618, 0.56755, 1024.84, 39739.5, 10, 2e-20, 3e-20, 2e-20, 2e-20, -1
-0.598055, 0.172695, 0.281598, 0.05, -0.0957089, 0.0340212, 0.118677, 0.156211, 996.861, -5022.52, 10, 2e-20, 3e-20, 2e-20, 2e-20, -1
-0.600806, 0.22109, 0.304462, 0.05, -0.0574457, -0.107297, 0.0820765, 0.146796, 998.49, -2415.52, 10, 2e-20, 3e-20, 2e-20, 2e-20, -1
-0.649126, 0.173484, 0.332089, 0.05, 0.136777, -0.0958973, -0.147356, 0.222751, 1006.93, 11093.8, 10, 2e-20, 3e-20, 2e-20, 2e-20, -1
-0.628091, 0.22632, 0.340597, 0.05, 0.162428, -0.0566772, 0.275872, 0.325116, 992.059, -12705.4, 10, 2e-20, 3e-20, 2e-20, 2e-20, -1
-0.633035, 0.194939, 0.390681, 0.05, -0.202958, -0.0336371, -0.378792, 0.431053, 1012.79, 20465.1, 10, 2e-20, 3e-20, 2e-20, 2e-20, -1
-0.59345, 0.191651, 0.344669, 0.05, -0.0470364, -0.0899419, -0.212623, 0.235607, 1005.73, 9173.67, 10, 2e-20, 3e-20, 2e-20, 2e-20, -1
-0.600211, 0.154226, 0.40311, 0.05, -0.0947772, -0.21498, -0.0353114, 0.237584, 1001.2, 1914.23, 10, 2e-20, 3e-20, 2e-20, 2e-20, -1
-0.597251, 0.151956, 0.469691, 0.05, 0.0298012, 0.227466, -0.170319, 0.285723, 1017.67, 28269.6, 10, 2e-20, 3e-20, 2e-20, 2e-20, -1
-0.610251, 0.185452, 0.437796, 0.05, -0.102213, -0.0419068, -0.0500473, 0.121278, 1005.95, 9514.63, 10, 2e-20, 3e-20, 2e-20, 2e-20, -1
-0.55967, 0.2299, 0.429459, 0.05, -0.0103608, -0.133141, -0.0782442, 0.154777, 1004.5, 7195.24, 10, 2e-20, 3e-20, 2e-20, 2e-20, -1
-0.606745, 0.226213, 0.462348, 0.05, 0.0867945, 0.0761467, 0.144765, 0.185171, 1003.85, 6158.42, 10, 2e-20, 3e-20, 2e-20, 2e-20, -1
-0.579877, 0.226492, 0.497545, 0.05, -0.151335, -0.0753996, -0.130484, 0.213573, 1001.12, 1794.43, 10, 2e-20, 3e-20, 2e-20, 2e-20, -1
-0.586207, 0.112949, 0.540993, 0.05, -0.188563, -0.0152438, 0.0911575, 0.209996, 1008.8, 14073, 10, 2e-20, 3e-20, 2e-20, 2e-20, -1
-0.676334, 0.122224, 0.62991, 0.05, 0.067245, 0.0828024, -0.175525, 0.205395, 1007.88, 12612.7, 10, 2e-20, 3e-20, 2e-20, 2e-20, -1
-0.641051, 0.215739, 0.557406, 0.05, -0.164175, 0.00374099, -0.372095, 0.406721, 1002, 3197.82, 10, 2e-20, 3e-20, 2e-20, 2e-20, -1
-0.621539, 0.151998, 0.621594, 0.05, -0.138036, 0.142486, -0.0608659, 0.207511, 1000.78, 1249.51, 10, 2e-20, 3e-20, 2e-20, 2e-20, -1
-0.66832, 0.170531, 0.617585, 0.05, 0.12769, -0.15223, 0.161944, 0.256329, 1002.2, 3514.02, 10, 2e-20, 3e-20, 2e-20, 2e-20, -1
-0.618063, 0.196229, 0.637407, 0.05, -0.0837621, -0.25632, 0.13826, 0.303038, 1000.81, 1299.48, 10, 2e-20, 3e-20, 2e-20, 2e-20, -1
-0.639482, 0.185355, 0.678863, 0.05, 0.028885, 0.0582878, -0.395798, 0.401108, 1015.58, 24925.3, 10, 2e-20, 3e-20, 2e-20, 2e-20, -1
-0.578507, 0.203465, 0.678287, 0.05, -0.0773011, 0.0733012, -0.313011, 0.330642, 1009.83, 15723.2, 10, 2e-20, 3e-20, 2e-20, 2e-20, -1
-0.631489, 0.182923, 0.741875, 0.05, -0.0191762, 0.0941035, -0.150207, 0.178284, 998.5, -2400.55, 10, 2e-20, 3e-20, 2e-20, 2e-20, -1
-0.614231, 0.192848, 0.788822, 0.05, 0.145454, 0.067248, -0.119211, 0.199726, 1000.99, 1581.62, 10, 2e-20, 3e-20, 2e-20, 2e-20, -1
-0.615735, 0.233004, 0.750622, 0.05, -0.03778, 0.015613, -0.00271275, 0.0409689, 995.493, -7210.83, 10, 2e-20, 3e-20, 2e-20, 2e-20, -1
-0.552253, 0.238421, 0.81705, 0.05, -0.0435487, 0.141298, -0.339989, 0.370748, 1010.16, 16249.9, 10, 2e-20, 3e-20, 2e-20, 2e-20, -1
-0.515221, 0.129519, 0.851934, 0.05, -0.105859, 0.0316255, -0.249732, 0.273079, 1001.02, 1628.5, 10, 2e-20, 3e-20, 2e-20, 2e-20, -1
-0.507153, 0.202863, 0.896535, 0.05, 0.144416, 0.000370044, -0.13333, 0.196553, 1004.33, 6933.74, 10, 2e-20, 3e-20, 2e-20, 2e-20, -1
-0.517177, 0.14739, 0.898996, 0.05, 0.107042, -0.0181672, -0.145448, 0.181503, 1000.78, 1241.86, 10, 2e-20, 3e-20, 2e-20, 2e-20, -1
-0.500806, 0.257254, 0.898714, 0.05, -0.0128852, -0.0618937, -0.314448, 0.32074, 1000.8, 1285.7, 10, 2e-20, 3e-20, 2e-20, 2e-20, -1
-0.518197, 0.163035, 0.974344, 0.05, 0.0315815, -0.222795, -0.0273541, 0.226679, 1000.96, 1543.96, 10, 2e-20, 3e-20, 2e-20, 2e-20, -1
-0.486943, 0.16811, 0.942358, 0.05, -0.0161938, -0.0247773, -0.0980572, 0.102427, 999.913, -138.848, 10, 2e-20, 3e-20, 2e-20, 2e-20, -1
-0.488661, 0.1243, 1.05043, 0.05, 0.0229912, -0.143213, -0.115746, 0.185569, 999.007, -1589.06, 10, 2e-20, 3e-20, 2e-20, 2e-20, -1
-0.449215, 0.168701, 1.0951, 0.05, -0.21573, -0.346333, 0.0959633, 0.41916, 1002.9, 4642.24, 10, 2e-20, 3e-20, 2e-20, 2e-20, -1
-0.410697, 0.14569, 1.12111, 0.05, -0.129382, -0.134535, 0.0559214, 0.19485, 999.876, -197.873, 10, 2e-20, 3e-20, 2e-20, 2e-20, -1
-0.376742, 0.16513, 1.15557, 0.05, 0.0598526, -0.235798, 0.037855, 0.246203, 1000.36, 583.57, 10, 2e-20, 3e-20, 2e-20, 2e-20, -1
-0.312745, 0.123347, 1.19552, 0.05, -0.0518625, -0.147991, -0.0267256, 0.159077, 1002.2, 3518.06, 10, 2e-20, 3e-20, 2e-20, 2e-20, -1
-0.259975, 0.114445, 1.28137, 0.05, 0.120937, -0.178093, 0.0415788, 0.219252, 1003.13, 5015.03, 10, 2e-20, 3e-20, 2e-20, 2e-20, -1
-0.220783, 0.197554, 1.33806, 0.05, 0.147804, -0.133351, -0.0930515, 0.219743, 997.886, -3381.87, 10, 2e-20, 3e-20, 2e-20, 2e-20, -1
-0.206057, 0.152413, 1.38349, 0.05, -0.0626987, -0.0860121, 0.00838913, 0.106769, 1003.51, 5612.98, 10, 2e-20, 3e-20, 2e-20, 2e-20, -1
-0.467013, 0.32551, 0.0483673, 0.05, -0.440141, -0.819463, 0.116147, 0.937408, 1004.08, 6534.89, 10, 2e-20, 3e-20, 2e-20, 2e-20, -1
-0.52305, 0.354524, 0.0546135, 0.05, 0.246022, 0.409791, 0.204144, 0.519741, 1030.04, 48056, 10, 2e-20, 3e-20, 2e-20, 2e-20, -1
-0.535283, 0.370356, 0.11672, 0.05, -0.232312, -0.118986, 0.384911, 0.465062, 1004.53, 7253.8, 10, 2e-20, 3e-20, 2e-20, 2e-20, -1
-0.608716, 0.287007, 0.0974297, 0.05, -1.59711, -0.0901877, -1.15803, 1.97482, 1005.22, 8359.51, 10, 2e-20, 3e-20, 2e-20, 2e-20, -1
-0.529982, 0.214085, 0.0795417, 0.05, 1.26505, -0.671708, -0.75473, 1.619, 1016.88, 27005.2, 10, 2e-20, 3e-20, 2e-20, 2e-20, -1
-0.529987, 0.29796, 0.108141, 0.05, -0.654905, 0.739686, 0.828078, 1.28909, 1007.88, 12609.7, 10, 2e-20, 3e-20, 2e-20, 2e-20, -1
-0.616608, 0.263311, 0.116701, 0.05, 0.110144, 0.747929, -1.07648, 1.31543, 1021.33, 34121.3, 10, 2e-20, 3e-20, 2e-20, 2e-20, -1
-0.652781, 0.234441, 0.217814, 0.05, -0.0292864, -0.106831, 0.320969, 0.339547, 1015.95, 25520.2, 10, 2e-20, 3e-20, 2e-20, 2e-20, -1
-0.599869, 0.240386, 0.226409, 0.05, -0.039922, 0.478603, -0.165222, 0.507891, 1014.69, 23504.7, 10, 2e-20, 3e-20, 2e-20, 2e-20, -1
-0.635602, 0.151207, 0.24372, 0.05, 0.0957486, 0.529844, -0.254432, 0.595515, 1029.19, 46711.6, 10, 2e-20, 3e-20, 2e-20, 2e-20, -1
-0.61256, 0.320364, 0.240514, 0.05, -0.2163, 0.36302, 0.268864, 0.500856, 1007.43, 11880.2, 10, 2e-20, 3e-20, 2e-20, 2e-20, -1
-0.625172, 0.203347, 0.264111, 0.05, -0.295009, -0.0687836, -0.249287, 0.392308, 1000.11, 168.557, 10, 2e-20, 3e-20, 2e-20, 2e-20, -1
-0.582233, 0.310584, 0.281965, 0.05, -0.0111959, 0.42451, -0.295296, 0.517237, 1020.9, 33446.8, 10, 2e-20, 3e-20, 2e-20, 2e-20, -1
-0.584584, 0.26075, 0.268632, 0.05, -0.252094, 0.0933488, -0.356985, 0.446882, 1003.82, 6118, 10, 2e-20, 3e-20, 2e-20, 2e-20, -1
-0.559705, 0.294661, 0.332825, 0.05, -0.248357, -0.00300537, 0.305935, 0.394064, 996.347, -5844.7, 10, 2e-20, 3e-20, 2e-20, 2e-20, -1
-0.596597, 0.270911, 0.314788, 0.05, 0.0333514, 0.306294, 0.0319083, 0.309753, 1017.77, 28436.3, 10, 2e-20, 3e-20, 2e-20, 2e-20, -1
-0.563303, 0.24553, 0.353893, 0.05, -0.0358859, 0.0532472, 0.144724, 0.158329, 999.771, -366.095, 10, 2e-20, 3e-20, 2e-20, 2e-20, -1
-0.608616, 0.270869, 0.361005, 0.05, 0.0570064, -0.0090634, 0.0408959, 0.0707414, 1008.23, 13163.1, 10, 2e-20, 3e-20, 2e-20, 2e-20, -1
-0.5895, 0.214436, 0.390645, 0.05, 0.0617079, 0.213002, -0.226275, 0.316825, 1006.47, 10345.3, 10, 2e-20, 3e-20, 2e-20, 2e-20, -1
-0.567491, 0.302338, 0.392426, 0.05, -0.116965, -0.203949, -0.360357, 0.430272, 1007.37, 11787, 10, 2e-20, 3e-20, 2e-20, 2e-20, -1
-0.541532, 0.276023, 0.418104, 0.05, -0.102237, -0.0535474, -0.335809, 0.355088, 1001.45, 2326.98, 10, 2e-20, 3e-20, 2e-20, 2e-20, -1
-0.549007, 0.327542, 0.425765, 0.05, -0.107382, 0.0459931, -0.139999, 0.182335, 994.553, -8715.4, 10, 2e-20, 3e-20, 2e-20, 2e-20, -1
-0.584853, 0.264596, 0.410365, 0.05, -0.151713, 0.318035, -0.0996963, 0.3662, 998.008, -3187.29, 10, 2e-20, 3e-20, 2e-20, 2e-20, -1
-0.568457, 0.273062, 0.459383, 0.05, -0.391298, 0.04565, -0.0672938, 0.399658, 1001.21, 1941.66, 10, 2e-20, 3e-20, 2e-20, 2e-20, -1
-0.550313, 0.271033, 0.496476, 0.05, -0.0977513, -0.181911, -0.0320183, 0.208979, 999.452, -876.794, 10, 2e-20, 3e-20, 2e-20, 2e-20, -1
-0.587946, 0.324106, 0.593517, 0.05, -0.102735, -0.188434, -0.0252342, 0.216099, 995.641, -6974, 10, 2e-20, 3e-20, 2e-20, 2e-20, -1
-0.5449, 0.29442, 0.544567, 0.05, -0.00515158, 0.259533, -0.101869, 0.278856, 999.773, -363.047, 10, 2e-20, 3e-20, 2e-20, 2e-20, -1
-0.57499, 0.17129, 0.517392, 0.05, -0.176264, 0.244982, 0.0288266, 0.303177, 1008.18, 13083.1, 10, 2e-20, 3e-20, 2e-20, 2e-20, -1
-0.611161, 0.215202, 0.594692, 0.05, 0.0118092, -0.0766374, 0.0797463, 0.11123, 1007.52, 12031, 10, 2e-20, 3e-20, 2e-20, 2e-20, -1
-0.596614, 0.250281, 0.65408, 0.05, -0.0310102, -0.064213, 0.00478001, 0.0714688, 996.195, -6088.04, 10, 2e-20, 3e-20, 2e-20, 2e-20, -1
-0.578852, 0.273969, 0.694778, 0.05, 0.0921303, -0.0479846, -0.255593, 0.275896, 1004.05, 6472.84, 10, 2e-20, 3e-20, 2e-20, 2e-20, -1
-0.655096, 0.238588, 0.710989, 0.05, -0.0392853, -0.145788, -0.171648, 0.228606, 1002.18, 3492.19, 10, 2e-20, 3e-20, 2e-20, 2e-20, -1
-0.618515, 0.277274, 0.723129, 0.05, 0.0278541, -0.114767, -0.0864412, 0.146354, 999.694, -489.139, 10, 2e-20, 3e-20, 2e-20, 2e-20, -1
-0.609451, 0.217675, 0.706854, 0.05, -0.144582, 0.12841, -0.302712, 0.359204, 1014.83, 23726, 10, 2e-20, 3e-20, 2e-20, 2e-20, -1
-0.596483, 0.30543, 0.755963, 0.05, -0.0230223, -0.139203, 0.00826068, 0.141336, 1001.87, 2997.14, 10, 2e-20, 3e-20, 2e-20, 2e-20, -1
-0.568247, 0.268469, 0.774962, 0.05, -0.157337, -0.0551776, 0.130558, 0.211766, 1007.08, 11335.4, 10, 2e-20, 3e-20, 2e-20, 2e-20, -1
-0.463999, 0.279623, 0.891294, 0.05, -0.0344577, -0.069865, -0.203154, 0.217578, 998.712, -2060.4, 10, 2e-20, 3e-20, 2e-20, 2e-20, -1
-0.573038, 0.194956, 0.874184, 0.05, -0.0184856, -0.0745266, -0.190348, 0.205252, 997.673, -3723.43, 10, 2e-20, 3e-20, 2e-20, 2e-20, -1
-0.522006, 0.296426, 0.838273, 0.05, -0.0658074, -0.207821, -0.450121, 0.500129, 1006.49, 10390.1, 10, 2e-20, 3e-20, 2e-20, 2e-20, -1
-0.530079, 0.24374, 0.859549, 0.05, 0.170242, -0.0901369, -0.0972873, 0.215805, 1004.44, 7098.54, 10, 2e-20, 3e-20, 2e-20, 2e-20, -1
-0.543757, 0.284229, 0.87985, 0.05, 0.0844059, -0.201458, -0.0979397, 0.239378, 995.643, -6970.94, 10, 2e-20, 3e-20, 2e-20, 2e-20, -1
-0.510528, 0.22606, 0.945319, 0.05, 0.0683568, -0.0336243, -0.136384, 0.156217, 1006.22, 9957.31, 10, 2e-20, 3e-20, 2e-20, 2e-20, -1
-0.440618, 0.250016, 0.994003, 0.05, 0.146244, -0.0663745, -0.0325476, 0.163866, 996.005, -6391.82, 10, 2e-20, 3e-20, 2e-20, 2e-20, -1
-0.472303, 0.171211, 0.999434, 0.05, -0.0673125, -0.107773, -0.0230432, 0.12914, 995.842, -6653.47, 10, 2e-20, 3e-20, 2e-20, 2e-20, -1
-0.415369, 0.195346, 1.04982, 0.05, 0.133458, -0.130282, -0.163489, 0.248018, 1010.23, 16363.6, 10, 2e-20, 3e-20, 2e-20, 2e-20, -1
-0.510411, 0.206621, 0.997508, 0.05, 0.0747151, -0.137685, -0.0997394, 0.185708, 992.592, -11852.3, 10, 2e-20, 3e-20, 2e-20, 2e-20, -1
-0.400278, 0.195907, 1.09834, 0.05, 0.14316, -0.129157, -0.0524492, 0.199818, 1004.77, 7632.44, 10, 2e-20, 3e-20, 2e-20, 2e-20, -1
-0.320698, 0.208426, 1.15336, 0.05, 0.0821278, -0.037602, -0.0135076, 0.0913309, 1007.17, 11464.3, 10, 2e-20, 3e-20, 2e-20, 2e-20, -1
-0.309605, 0.165329, 1.21765, 0.05, 0.153915, 0.0300137, 0.236102, 0.283434, 1001.67, 2672.89, 10, 2e-20, 3e-20, 2e-20, 2e-20, -1
-0.254545, 0.203698, 1.31466, 0.05, 0.0419276, -0.101454, -0.0870016, 0.140072, 1000.29, 457.417, 10, 2e-20, 3e-20, 2e-20, 2e-20, -1
-0.259725, 0.272457, 1.39157, 0.05, 0.0499067, -0.034273, 0.0916093, 0.109807, 996.596, -5445.87, 10, 2e-20, 3e-20, 2e-20, 2e-20, -1
-0.508275, 0.439637, 0.0561633, 0.05, 0.126619, -0.803207, 0.194113, 0.835975, 1019.1, 30557.7, 10, 2e-20, 3e-20, 2e-20, 2e-20, -1
-0.538677, 0.406572, 0.0822406, 0.05, -0.0452469, -0.337699, -0.127353, 0.36374, 1018.24, 29186.9, 10, 2e-20, 3e-20, 2e-20, 2e-20, -1
-0.523665, 0.431256, 0.1723, 0.05, -0.19187, 0.0678006, -0.380673, 0.431651, 1014.9, 23840.5, 10, 2e-20, 3e-20, 2e-20, 2e-20, -1
-0.513621, 0.410115, 0.121688, 0.05, -0.222277, 0.208444, -0.180831, 0.354339, 1007.26, 11610.7, 10, 2e-20, 3e-20, 2e-20, 2e-20, -1
-0.57196, 0.376213, 0.119531, 0.05, 0.537327, -0.0149636, 0.543924, 0.76472, 1013.65, 21846.1, 10, 2e-20, 3e-20, 2e-20, 2e-20, -1
-0.607374, 0.333291, 0.139453, 0.05, -0.0622053, -0.296348, -0.654169, 0.720853, 1009.45, 15119.7, 10, 2e-20, 3e-20, 2e-20, 2e-20, -1
-0.621889, 0.400404, 0.20141, 0.05, -0.257995, -0.396925, -0.419587, 0.632586, 985.442, -23293.1, 10, 2e-20, 3e-20, 2e-20, 2e-20, -1
-0.61287, 0.348472, 0.186427, 0.05, -0.580369, -0.035307, 0.63898, 0.863927, 990.568, -15090.9, 10, 2e-20, 3e-20, 2e-20, 2e-20, -1
-0.555965, 0.406727, 0.196494, 0.05, -0.322423, -0.189486, 0.0689783, 0.380289, 1011.73, 18773.8, 10, 2e-20, 3e-20, 2e-20, 2e-20, -1
-0.622902, 0.285631, 0.205953, 0.05, 0.153743, -0.396326, -0.0168258, 0.425434, 1013.84, 22136.5, 10, 2e-20, 3e-20, 2e-20, 2e-20, -1
-0.556465, 0.417778, 0.257357, 0.05, 0.0662507, 0.0967793, 0.0600692, 0.131771, 988.358, -18627.6, 10, 2e-20, 3e-20, 2e-20, 2e-20, -1
-0.59099, 0.381645, 0.240177, 0.05, -0.424384, 0.00735548, -0.0430369, 0.426624, 1003.18, 5086.58, 10, 2e-20, 3e-20, 2e-20, 2e-20, -1
-0.577933, 0.379783, 0.293057, 0.05, -0.281825, -0.305304, -0.50048, 0.650474, 1012.95, 20712.1, 10, 2e-20, 3e-20, 2e-20, 2e-20, -1
-0.559944, 0.380143, 0.338834, 0.05, -0.136621, -0.109719, 0.242017, 0.298791, 997.377, -4196.48, 10, 2e-20, 3e-20, 2e-20, 2e-20, -1
-0.556457, 0.42771, 0.411178, 0.05, -0.116614, -0.0336811, -0.0504108, 0.131433, 998.002, -3197.16, 10, 2e-20, 3e-20, 2e-20, 2e-20, -1
-0.561848, 0.374238, 0.396143, 0.05, -0.0743457, -0.0373111, -0.123156, 0.148617, 1011.96, 19135.9, 10, 2e-20, 3e-20, 2e-20, 2e-20, -1
-0.547098, 0.33466, 0.359522, 0.05, -0.0906333, -0.312474, 0.00203625, 0.325359, 1011.21, 17935.5, 10, 2e-20, 3e-20, 2e-20, 2e-20, -1
-0.594173, 0.341126, 0.412589, 0.05, -0.195474, 0.0245027, -2.52613e-05, 0.197004, 1008.16, 13062.9, 10, 2e-20, 3e-20, 2e-20, 2e-20, -1
-0.509324, 0.332061, 0.387162, 0.05, -0.184142, -0.00349179, -0.294693, 0.347512, 1018.15, 29041.7, 10, 2e-20, 3e-20, 2e-20, 2e-20, -1
-0.527823, 0.383521, 0.433103, 0.05, 0.147054, 0.0325761, 0.105793, 0.18406, 1001.54, 2463.05, 10, 2e-20, 3e-20, 2e-20, 2e-20, -1
-0.549941, 0.365856, 0.471408, 0.05, -0.162274, -0.0830756, -0.0532245, 0.189914, 1003.33, 5332.67, 10, 2e-20, 3e-20, 2e-20, 2e-20, -1
-0.564233, 0.388884, 0.531747, 0.05, -0.0355053, 0.135714, -0.0380429, 0.145348, 1007.71, 12337.9, 10, 2e-20, 3e-20, 2e-20, 2e-20, -1
-0.594824, 0.340067, 0.514381, 0.05, 0.0736301, -0.162499, -0.189086, 0.259963, 1005.86, 9372.59, 10, 2e-20, 3e-20, 2e-20, 2e-20, -1
-0.548094, 0.33304, 0.510535, 0.05, -0.0107201, 0.00954337, 0.201647, 0.202157, 994.729, -8433.19, 10, 2e-20, 3e-20, 2e-20, 2e-20, -1
-0.571414, 0.350932, 0.561473, 0.05, 0.0948054, 0.162185, -0.354497, 0.401198, 1009.85, 15763.3, 10, 2e-20, 3e-20, 2e-20, 2e-20, -1
-0.596946, 0.351963, 0.663374, 0.05, 0.0932236, -0.184699, 0.0072118, 0.207018, 1000.33, 534.549, 10, 2e-20, 3e-20, 2e-20, 2e-20, -1
-0.537521, 0.317444, 0.585615, 0.05, 0.1968, -0.0324746, -0.0552785, 0.206979, 1001.63, 2613.06, 10, 2e-20, 3e-20, 2e-20, 2e-20, -1
-0.54836, 0.23845, 0.538407, 0.05, 0.0500099, -0.0817321, -0.297231, 0.312294, 1006.03, 9644.96, 10, 2e-20, 3e-20, 2e-20, 2e-20, -1
-0.565353, 0.272288, 0.608297, 0.05, -0.0337678, 0.177082, 0.066629, 0.192192, 999.635, -583.424, 10, 2e-20, 3e-20, 2e-20, 2e-20, -1
-0.609279, 0.395493, 0.767527, 0.05, 0.116325, -0.204619, -0.111375, 0.260394, 1000.29, 464.547, 10, 2e-20, 3e-20, 2e-20, 2e-20, -1
-0.588018, 0.322001, 0.70951, 0.05, -0.0233726, 0.0690047, -0.327571, 0.335575, 1005.49, 8785.38, 10, 2e-20, 3e-20, 2e-20, 2e-20, -1
-0.532743, 0.414686, 0.843436, 0.05, -0.000602455, 0.0398424, -0.364546, 0.366717, 1007.96, 12730.4, 10, 2e-20, 3e-20, 2e-20, 2e-20, -1
-0.644405, 0.324854, 0.744847, 0.05, -0.169929, -0.0200917, -0.346914, 0.386819, 1005.89, 9426.66, 10, 2e-20, 3e-20, 2e-20, 2e-20, -1
-0.533101, 0.380364, 0.810134, 0.05, 0.11991, 0.0772187, -0.195918, 0.242332, 996.37, -5807.52, 10, 2e-20, 3e-20, 2e-20, 2e-20, -1
-0.576363, 0.355978, 0.740751, 0.05, -0.150713, 0.0892972, -0.302453, 0.349523, 1006.7, 10724.9, 10, 2e-20, 3e-20, 2e-20, 2e-20, -1
-0.460102, 0.382017, 0.855123, 0.05, 0.0499364, -0.00746279, -0.397235, 0.400431, 1002.26, 3613.77, 10, 2e-20, 3e-20, 2e-20, 2e-20, -1
-0.531723, 0.346814, 0.761999, 0.05, -0.0366452, -0.0179845, -0.0595121, 0.0721665, 991.941, -12895.2, 10, 2e-20, 3e-20, 2e-20, 2e-20, -1
-0.421854, 0.350567, 0.89054, 0.05, 0.0803161, 0.0152591, -0.0881626, 0.120234, 995.203, -7675.71, 10, 2e-20, 3e-20, 2e-20, 2e-20, -1
-0.462548, 0.331406, 0.91008, 0.05, -0.185772, -0.0703325, -0.130277, 0.23755, 1008.35, 13354.4, 10, 2e-20, 3e-20, 2e-20, 2e-20, -1
-0.469136, 0.271948, 0.939435, 0.05, -0.00128205, 0.032725, -0.251189, 0.253315, 1001.31, 2093.78, 10, 2e-20, 3e-20, 2e-20, 2e-20, -1
-0.469021, 0.322317, 0.962642, 0.05, -0.152775, -0.00281775, -0.387083, 0.416151, 1001.96, 3138.19, 10, 2e-20, 3e-20, 2e-20, 2e-20, -1
-0.467325, 0.223105, 0.974224, 0.05, -0.022308, -0.154604, -0.101624, 0.186353, 998.655, -2152.11, 10, 2e-20, 3e-20, 2e-20, 2e-20, -1
-0.360056, 0.401037, 1.1732, 0.05, 0.0840762, 0.242518, -0.271684, 0.373759, 1007.65, 12238.1, 10, 2e-20, 3e-20, 2e-20, 2e-20, -1
-0.392468, 0.274818, 1.0009, 0.05, -0.110686, 0.0254187, -0.118582, 0.164192, 1000.14, 230.314, 10, 2e-20, 3e-20, 2e-20, 2e-20, -1
-0.391296, 0.281105, 1.06689, 0.05, -0.134283, -0.0891319, -0.137809, 0.212056, 1011.98, 19161.2, 10, 2e-20, 3e-20, 2e-20, 2e-20, -1
-0.34278, 0.271715, 1.10464, 0.05, 0.351782, 0.191605, -0.104329, 0.413941, 1006.78, 10842.3, 10, 2e-20, 3e-20, 2e-20, 2e-20, -1
-0.418531, 0.2471, 1.04281, 0.05, -0.0301161, -0.0128918, -0.0504806, 0.0601786, 1001.17, 1868.65, 10, 2e-20, 3e-20, 2e-20, 2e-20, -1
-0.428915, 0.294657, 1.01872, 0.05, 0.130113, -0.135545, -0.0724082, 0.201358, 995.611, -7021.81, 10, 2e-20, 3e-20, 2e-20, 2e-20, -1
-0.360686, 0.231212, 1.10741, 0.05, 0.127558, -0.263096, -0.0850225, 0.304499, 994.26, -9183.73, 10, 2e-20, 3e-20, 2e-20, 2e-20, -1
-0.270269, 0.209708, 1.26034, 0.05, 0.105738, -0.231095, -0.00720127, 0.254239, 998.403, -2554.7, 10, 2e-20, 3e-20, 2e-20, 2e-20, -1
-0.251984, 0.24714, 1.33848, 0.05, 0.118756, -0.0686227, -0.238563, 0.27518, 998.74, -2016.47, 10, 2e-20, 3e-20, 2e-20, 2e-20, -1
-0.496479, 0.496688, 0.0538099, 0.05, -0.167001, -0.211193, -0.144289, 0.305469, 1001.85, 2953.05, 10, 2e-20, 3e-20, 2e-20, 2e-20, -1
-0.564282, 0.44548, 0.14131, 0.05, 0.414812, -0.340778, -0.341429, 0.636217, 1022.35, 35764.2, 10, 2e-20, 3e-20, 2e-20, 2e-20, -1
-0.609784, 0.494599, 0.296496, 0.05, -0.120754, -0.39617, -1.058, 1.13618, 1033.01, 52812.4, 10, 2e-20, 3e-20, 2e-20, 2e-20, -1
-0.626148, 0.455334, 0.210091, 0.05, -0.0797161, -0.0414856, -0.107073, 0.139786, 1025.8, 41282.8, 10, 2e-20, 3e-20, 2e-20, 2e-20, -1
-0.538893, 0.474939, 0.185454, 0.05, -0.233666, 0.520309, -0.156986, 0.591579, 1004.97, 7959.54, 10, 2e-20, 3e-20, 2e-20, 2e-20, -1
-0.595332, 0.44432, 0.177108, 0.05, -0.0457124, 0.543543, 0.251632, 0.600706, 997.887, -3380.52, 10, 2e-20, 3e-20, 2e-20, 2e-20, -1
-0.521377, 0.441998, 0.224656, 0.05, -0.000174575, -0.0190707, 0.758624, 0.758864, 1007.86, 12578.7, 10, 2e-20, 3e-20, 2e-20, 2e-20, -1
-0.575726, 0.446851, 0.220423, 0.05, -0.137059, -0.349973, 0.0543142, 0.379759, 997.949, -3281.6, 10, 2e-20, 3e-20, 2e-20, 2e-20, -1
-0.612914, 0.423257, 0.24845, 0.05, -0.0728263, 0.0364567, -0.0498049, 0.0954635, 997.843, -3451.29, 10, 2e-20, 3e-20, 2e-20, 2e-20, -1
-0.531808, 0.462748, 0.409524, 0.05, 0.0821746, 0.374371, -0.117943, 0.40102, 1013.44, 21507.6, 10, 2e-20, 3e-20, 2e-20, 2e-20, -1
-0.552132, 0.42175, 0.361961, 0.05, -0.0195763, -0.117319, -0.0687667, 0.13739, 1006.23, 9974.07, 10, 2e-20, 3e-20, 2e-20, 2e-20, -1
-0.601762, 0.425766, 0.29785, 0.05, -0.227981, 0.202634, 0.110678, 0.324478, 1012.88, 20602.2, 10, 2e-20, 3e-20, 2e-20, 2e-20, -1
-0.628445, 0.436158, 0.341617, 0.05, -0.623547, -0.412528, -0.053396, 0.749561, 994.138, -9379.12, 10, 2e-20, 3e-20, 2e-20, 2e-20, -1
-0.603279, 0.448084, 0.433374, 0.05, -0.101489, 0.11051, -0.0260632, 0.152288, 1003.95, 6312.48, 10, 2e-20, 3e-20, 2e-20, 2e-20, -1
-0.565906, 0.46058, 0.466419, 0.05, 0.0128133, 0.0356585, 0.154927, 0.159493, 1006.86, 10979.9, 10, 2e-20, 3e-20, 2e-20, 2e-20, -1
-0.541222, 0.463235, 0.518111, 0.05, 0.0238801, 0.190325, -0.444081, 0.483737, 1003.98, 6371.32, 10, 2e-20, 3e-20, 2e-20, 2e-20, -1
-0.525323, 0.435625, 0.460495, 0.05, 0.135004, -0.101424, -0.0077502, 0.169035, 1005.83, 9327.79, 10, 2e-20, 3e-20, 2e-20, 2e-20, -1
-0.550837, 0.420846, 0.577111, 0.05, -0.262885, -0.200613, 0.0242077, 0.331573, 999.441, -894.406, 10, 2e-20, 3e-20, 2e-20, 2e-20, -1
-0.572931, 0.406219, 0.454123, 0.05, -0.18449, -0.087872, -0.0642885, 0.214222, 1000.95, 1514.9, 10, 2e-20, 3e-20, 2e-20, 2e-20, -1
-0.612713, 0.401702, 0.550627, 0.05, 0.113398, -0.0513392, 0.156463, 0.199939, 996.618, -5411.12, 10, 2e-20, 3e-20, 2e-20, 2e-20, -1
-0.582087, 0.468597, 0.741731, 0.05, -0.158807, -0.3099, -0.345597, 0.490607, 1004.9, 7842.67, 10, 2e-20, 3e-20, 2e-20, 2e-20, -1
-0.611775, 0.492807, 0.843682, 0.05, -0.0110249, 0.294642, -0.0319336, 0.296572, 1005.43, 8693.25, 10, 2e-20, 3e-20, 2e-20, 2e-20, -1
-0.602667, 0.38513, 0.588901, 0.05, -0.085845, 0.276162, -0.304825, 0.420183, 1000.11, 180.387, 10, 2e-20, 3e-20, 2e-20, 2e-20, -1
-0.5908, 0.447487, 0.785062, 0.05, 0.177213, -0.111983, -0.104073, 0.234042, 995.343, -7450.41, 10, 2e-20, 3e-20, 2e-20, 2e-20, -1
-0.594209, 0.41293, 0.682907, 0.05, -0.0338486, -0.0965354, 0.092024, 0.137598, 993.019, -11170.2, 10, 2e-20, 3e-20, 2e-20, 2e-20, -1
-0.548686, 0.448888, 0.75919, 0.05, -0.124235, -0.189525, -0.148386, 0.270874, 1006.18, 9880.09, 10, 2e-20, 3e-20, 2e-20, 2e-20, -1
-0.649348, 0.326633, 0.658445, 0.05, -0.120189, -0.0114614, -0.116437, 0.167733, 1001.77, 2831.57, 10, 2e-20, 3e-20, 2e-20, 2e-20, -1
-0.611373, 0.372478, 0.712688, 0.05, 0.0465326, -0.0475722, -0.109907, 0.128483, 999.496, -806.155, 10, 2e-20, 3e-20, 2e-20, 2e-20, -1
-0.562814, 0.451647, 0.822744, 0.05, 0.0116576, -0.11648, -0.015835, 0.118128, 1008.52, 13628.2, 10, 2e-20, 3e-20, 2e-20, 2e-20, -1
-0.486576, 0.440014, 0.7708, 0.05, 0.00248718, -0.161902, 0.16286, 0.229656, 991.82, -13088.1, 10, 2e-20, 3e-20, 2e-20, 2e-20, -1
-0.461126, 0.464999, 0.953217, 0.05, 0.0252603, -0.355398, -0.192761, 0.405096, 1003.74, 5986.69, 10, 2e-20, 3e-20, 2e-20, 2e-20, -1
-0.489029, 0.428049, 0.827104, 0.05, -9.89236e-05, -0.16299, -0.383555, 0.41675, 1007.84, 12546.9, 10, 2e-20, 3e-20, 2e-20, 2e-20, -1
-0.427149, 0.445422, 1.07454, 0.05, 0.206141, -0.112788, -0.133274, 0.270143, 1000.51, 812.777, 10, 2e-20, 3e-20, 2e-20, 2e-20, -1
-0.458214, 0.420445, 0.974203, 0.05, -0.0122354, -0.0752297, -0.310797, 0.320007, 1003.03, 4855.95, 10, 2e-20, 3e-20, 2e-20, 2e-20, -1
-0.381838, 0.433728, 1.12734, 0.05, 0.1673, 0.203559, -0.146477, 0.301465, 1000.62, 998.405, 10, 2e-20, 3e-20, 2e-20, 2e-20, -1
-0.414949, 0.407025, 1.00115, 0.05, -0.0807744, 0.093869, -0.231132, 0.262217, 1006.17, 9878.95, 10, 2e-20, 3e-20, 2e-20, 2e-20, -1
-0.353093, 0.253833, 1.00447, 0.05, 0.157461, -0.29374, -0.0270799, 0.33438, 993.799, -9922.08, 10, 2e-20, 3e-20, 2e-20, 2e-20, -1
-0.426109, 0.29727, 0.96841, 0.05, 0.183333, -0.174042, -0.13392, 0.28607, 1002.53, 4050.54, 10, 2e-20, 3e-20, 2e-20, 2e-20, -1
-0.395065, 0.328712, 1.04112, 0.05, 0.0971454, -0.083779, -0.164289, 0.208439, 1006.56, 10494.3, 10, 2e-20, 3e-20, 2e-20, 2e-20, -1
-0.445172, 0.366339, 0.962253, 0.05, -0.0880931, -0.0381123, -0.138135, 0.168209, 1003.91, 6260.99, 10, 2e-20, 3e-20, 2e-20, 2e-20, -1
-0.382952, 0.403515, 1.19938, 0.05, 0.127221, 0.278459, 0.0143752, 0.306482, 996.438, -5698.88, 10, 2e-20, 3e-20, 2e-20, 2e-20, -1
-0.388956, 0.361359, 1.15316, 0.05, 0.208099, -0.038725, -0.362508, 0.419782, 990.1, -15839.5, 10, 2e-20, 3e-20, 2e-20, 2e-20, -1
-0.397829, 0.511636, 1.32598, 0.05, -0.635468, -1.11019, 1.02381, 1.63845, 977.37, -36208.4, 10, 2e-20, 3e-20, 2e-20, 2e-20, -1
-0.535872, 0.411771, 1.27486, 0.05, 0.207962, -0.155266, -0.256646, 0.364997, 1008.44, 13510.3, 10, 2e-20, 3e-20, 2e-20, 2e-20, -1
-0.407405, 0.379586, 1.18798, 0.05, 0.0272168, 0.130003, -0.110492, 0.172772, 1003.74, 5990.86, 10, 2e-20, 3e-20, 2e-20, 2e-20, -1
-0.36206, 0.381999, 1.08727, 0.05, 0.376078, 0.136564, -0.247474, 0.470455, 996.671, -5326.17, 10, 2e-20, 3e-20, 2e-20, 2e-20, -1
-0.553978, 0.373501, 1.28831, 0.05, 0.151714, -0.131507, -0.478401, 0.518824, 992.446, -12085.8, 10, 2e-20, 3e-20, 2e-20, 2e-20, -1
-0.319592, 0.356231, 1.11562, 0.05, 0.0274233, 0.406045, -0.0809514, 0.414943, 1006.91, 11060.5, 10, 2e-20, 3e-20, 2e-20, 2e-20, -1
-0.358864, 0.389056, 1.12464, 0.05, 0.218445, -0.012925, -0.239234, 0.32422, 1000.13, 210.611, 10, 2e-20, 3e-20, 2e-20, 2e-20, -1
-0.32618, 0.303495, 1.19437, 0.05, 0.109219, 0.139879, -0.0917252, 0.199771, 997.991, -3214.85, 10, 2e-20, 3e-20, 2e-20, 2e-20, -1
-0.348067, 0.263549, 1.27645, 0.05, 0.0703708, -0.136019, 0.0380025, 0.157789, 1003.58, 5720.43, 10, 2e-20, 3e-20, 2e-20, 2e-20, -1
-0.576186, 0.439506, 0.0961462, 0.05, -0.453296, -0.0206862, 0.105059, 0.465771, 1010.85, 17362.8, 10, 2e-20, 3e-20, 2e-20, 2e-20, -1
-0.539619, 0.480405, 0.0548059, 0.05, -0.073688, 0.726588, -0.679333, 0.997424, 1014.48, 23174.9, 10, 2e-20, 3e-20, 2e-20, 2e-20, -1
-0.604719, 0.484533, 0.102262, 0.05, 0.106913, -0.744938, -0.315644, 0.816085, 1013.11, 20968.9, 10, 2e-20, 3e-20, 2e-20, 2e-20, -1
-0.576415, 0.496258, 0.390905, 0.05, 0.24178, 0.197611, 0.210433, 0.376549, 1007.42, 11873.9, 10, 2e-20, 3e-20, 2e-20, 2e-20, -1
-0.875087, -0.220925, 1.27563, 0.05, -0.132938, -0.125758, 0.0616272, 0.193094, 1006.37, 10188.6, 10, 2e-20, 3e-20, 2e-20, 2e-20, -1
-0.651835, 0.479159, 0.323143, 0.05, -0.106728, 0.0386228, -0.362887, 0.380223, 1010.93, 17483, 10, 2e-20, 3e-20, 2e-20, 2e-20, -1
-0.583479, 0.451245, 0.330122, 0.05, -0.117546, 0.267582, -0.446383, 0.53355, 1005.3, 8480.08, 10, 2e-20, 3e-20, 2e-20, 2e-20, -1
-0.517893, 0.494323, 0.375322, 0.05, -0.231699, 0.020923, 0.110301, 0.257465, 998.448, -2482.88, 10, 2e-20, 3e-20, 2e-20, 2e-20, -1
-0.640093, 0.500234, 0.556628, 0.05, -0.435451, -0.147444, 0.0386595, 0.461358, 1015.53, 24840.8, 10, 2e-20, 3e-20, 2e-20, 2e-20, -1
0.974072, -0.384051, 1.4086, 0.05, -0.181279, 0.0400547, -0.308048, 0.359666, 1005.36, 8576.4, 10, 2e-20, 3e-20, 2e-20, 2e-20, -1
-0.664732, 0.498018, 0.630108, 0.05, -0.211068, -0.165972, -0.309104, 0.409441, 1006.48, 10368.1, 10, 2e-20, 3e-20, 2e-20, 2e-20, -1
-0.560951, 0.500672, 0.550701, 0.05, 0.232912, 0.118923, -0.159092, 0.306106, 1003.85, 6154.47, 10, 2e-20, 3e-20, 2e-20, 2e-20, -1
-0.630579, 0.500838, 0.746379, 0.05, -0.11136, -0.0482383, -0.395936, 0.414118, 1003.38, 5414.58, 10, 2e-20, 3e-20, 2e-20, 2e-20, -1
-0.55114, 0.495985, 0.663425, 0.05, -0.0395011, -0.125193, -0.126841, 0.182544, 1019.45, 31116.8, 10, 2e-20, 3e-20, 2e-20, 2e-20, -1
-0.576447, 0.502081, 0.712411, 0.05, -0.122874, -0.241235, 0.00243587, 0.270737, 1005.07, 8119.3, 10, 2e-20, 3e-20, 2e-20, 2e-20, -1
-0.636597, 0.458237, 0.774355, 0.05, 0.0534193, 0.0866935, -0.164897, 0.193805, 1003.39, 5423.55, 10, 2e-20, 3e-20, 2e-20, 2e-20, -1
-0.653996, 0.4962, 0.693221, 0.05, -0.14416, -0.0135874, 0.0786899, 0.164799, 1000.08, 134.775, 10, 2e-20, 3e-20, 2e-20, 2e-20, -1
-0.511379, 0.472232, 0.848805, 0.05, 0.00735634, 0.0670965, -0.0962874, 0.11759, 998.365, -2616.46, 10, 2e-20, 3e-20, 2e-20, 2e-20, -1
-0.586736, 0.439237, 0.604021, 0.05, -0.034805, -0.217187, -0.191361, 0.291549, 1005.15, 8237.68, 10, 2e-20, 3e-20, 2e-20, 2e-20, -1
-0.571458, 0.498244, 1.01415, 0.05, -0.101134, 0.0370539, -0.150186, 0.184816, 1002.73, 4365.51, 10, 2e-20, 3e-20, 2e-20, 2e-20, -1
-0.556403, 0.500845, 0.856357, 0.05, 0.119854, 0.00826428, 0.0729526, 0.140554, 1006.55, 10486.6, 10, 2e-20, 3e-20, 2e-20, 2e-20, -1
-0.552992, 0.498141, 1.07461, 0.05, -0.0505305, -0.168149, 0.110126, 0.207256, 994.815, -8295.44, 10, 2e-20, 3e-20, 2e-20, 2e-20, -1
-0.499069, 0.493257, 0.797859, 0.05, 0.198604, -0.0739853, 0.0165631, 0.212583, 1009.05, 14475.2, 10, 2e-20, 3e-20, 2e-20, 2e-20, -1
-0.444201, 0.431436, 1.35995, 0.05, -0.205147, 0.00652734, -0.210454, 0.293971, 1002.28, 3655.2, 10, 2e-20, 3e-20, 2e-20, 2e-20, -1
-0.531002, 0.504047, 0.966296, 0.05, -0.335725, -0.0387692, 0.046927, 0.341199, 1003.42, 5472.54, 10, 2e-20, 3e-20, 2e-20, 2e-20, -1
-0.464493, 0.499513, 1.19776, 0.05, 0.748918, 0.287593, 0.414226, 0.902869, 1001.85, 2962.25, 10, 2e-20, 3e-20, 2e-20, 2e-20, -1
-0.479922, 0.496316, 0.9759, 0.05, 0.145263, 0.0432939, 0.154677, 0.216565, 1009.87, 15792.3, 10, 2e-20, 3e-20, 2e-20, 2e-20, -1
-0.45173, 0.44733, 1.02081, 0.05, 0.134345, 0.0805471, -0.0834472, 0.177482, 998.871, -1806.63, 10, 2e-20, 3e-20, 2e-20, 2e-20, -1
-0.398951, -0.0073367, 1.41291, 0.05, 0.0199047, 0.0882326, 0.038322, 0.0982333, 1006.11, 9783.61, 10, 2e-20, 3e-20, 2e-20, 2e-20, -1
-0.352986, 0.445937, 1.17592, 0.05, 0.0354885, -0.723478, 0.1768, 0.745613, 1004.68, 7494.39, 10, 2e-20, 3e-20, 2e-20, 2e-20, -1
-0.39236, 0.432863, 1.27279, 0.05, 0.450761, -0.371358, -0.123621, 0.596971, 985.042, -23932.3, 10, 2e-20, 3e-20, 2e-20, 2e-20, -1
-0.843001, -0.233077, 1.38577, 0.05, 0.226499, 0.0170154, -0.61135, 0.652181, 1000.52, 824.064, 10, 2e-20, 3e-20, 2e-20, 2e-20, -1
-0.492541, 0.46513, 1.29158, 0.05, -0.380902, -0.0200806, -0.101855, 0.394796, 988.522, -18364.5, 10, 2e-20, 3e-20, 2e-20, 2e-20, -1
-0.618911, 0.439734, 1.30689, 0.05, -0.169007, -0.0529874, -0.139088, 0.225203, 999.268, -1170.56, 10, 2e-20, 3e-20, 2e-20, 2e-20, -1
-0.323592, 0.428838, 1.12745, 0.05, 0.113408, 0.379455, 0.077021, 0.403459, 988.079, -19074.2, 10, 2e-20, 3e-20, 2e-20, 2e-20, -1
-0.411763, 0.416983, 1.13041, 0.05, -0.0410802, -0.038778, -0.10408, 0.118423, 992.636, -11783, 10, 2e-20, 3e-20, 2e-20, 2e-20, -1
-0.415805, 0.410491, 1.33669, 0.05, 0.291518, -0.35148, -0.510513, 0.684942, 997.733, -3627.88, 10, 2e-20, 3e-20, 2e-20, 2e-20, -1
-0.723693, 0.280319, 1.21239, 0.05, 0.0207412, -0.208653, -0.0797509, 0.224336, 996.794, -5130.22, 10, 2e-20, 3e-20, 2e-20, 2e-20, -1
-0.439555, 0.412463, 1.21056, 0.05, -0.0247044, 0.154462, -0.151895, 0.218039, 1008.18, 13091.4, 10, 2e-20, 3e-20, 2e-20, 2e-20, -1
-0.403964, 0.226824, 1.3613, 0.05, 0.14254, -0.196356, 0.241414, 0.342277, 1003.12, 4987.54, 10, 2e-20, 3e-20, 2e-20, 2e-20, -1
-0.294022, 0.443436, 1.25403, 0.05, 0.0296143, -0.162908, -0.271991, 0.318426, 1002.87, 4586, 10, 2e-20, 3e-20, 2e-20, 2e-20, -1
-0.826151, 0.302613, 1.34334, 0.05, -0.265563, -0.199025, -0.352549, 0.484175, 1004.79, 7656.77, 10, 2e-20, 3e-20, 2e-20, 2e-20, -1
-0.386272, 0.356607, 1.38222, 0.05, 0.194503, -0.0660746, -0.444401, 0.48958, 1006.28, 10047.2, 10, 2e-20, 3e-20, 2e-20, 2e-20, -1
-0.734411, 0.348494, 1.27202, 0.05, 0.247339, -0.397853, -0.216087, 0.515904, 998.284, -2745.65, 10, 2e-20, 3e-20, 2e-20, 2e-20, -1
-0.873579, 0.125913, 1.3322, 0.05, 0.00955993, -0.0737824, 0.0839704, 0.112188, 998.729, -2033.4, 10, 2e-20, 3e-20, 2e-20, 2e-20, -1
-0.869051, 0.17984, 1.26896, 0.05, 0.349762, -0.293514, 0.16734, 0.486299, 1013.18, 21090.7, 10, 2e-20, 3e-20, 2e-20, 2e-20, -1
-0.709445, 0.35145, 1.25024, 0.05, 0.361223, -0.229659, -0.395545, 0.582822, 994.739, -8417.66, 10, 2e-20, 3e-20, 2e-20, 2e-20, -1
-0.624437, 0.504394, 1.34447, 0.05, 0.119761, -0.05256, -0.157276, 0.20455, 993.956, -9671.1, 10, 2e-20, 3e-20, 2e-20, 2e-20, -1
-0.310529, 0.357857, 1.33263, 0.05, 0.336144, -0.471987, -0.481131, 0.753161, 988.613, -18219.7, 10, 2e-20, 3e-20, 2e-20, 2e-20, -1
-0.351782, 0.35114, 1.22374, 0.05, -0.00533657, -0.0926172, -0.159584, 0.18459, 991.095, -14248.8, 10, 2e-20, 3e-20, 2e-20, 2e-20, -1
-0.332701, 0.378457, 1.22979, 0.05, -0.0381947, -0.194804, -0.00253989, 0.198529, 993.773, -9962.48, 10, 2e-20, 3e-20, 2e-20, 2e-20, -1
-0.446992, -0.448241, 0.0539769, 0.05, -0.107648, 0.0341146, 0.0481746, 0.122771, 1016.98, 27163, 10, 2e-20, 3e-20, 2e-20, 2e-20, -1
-0.439393, -0.497418, 0.0592867, 0.05, -0.0167554, -0.00704, 0.0066611, 0.0193566, 1011.1, 17756.1, 10, 2e-20, 3e-20, 2e-20, 2e-20, -1
-0.514388, -0.492895, 0.154594, 0.05, -0.0355756, 0.0806149, 0.0436339, 0.0983275, 1011.48, 18370.7, 10, 2e-20, 3e-20, 2e-20, 2e-20, -1
-0.46779, -0.49413, 0.193695, 0.05, -0.112036, 0.114733, 0.091222, 0.184491, 1014.16, 22657.9, 10, 2e-20, 3e-20, 2e-20, 2e-20, -1
-0.469678, -0.498888, 0.261079, 0.05, -0.211847, -0.0641823, 0.231189, 0.320073, 1011.97, 19155.4, 10, 2e-20, 3e-20, 2e-20, 2e-20, -1
-0.422672, -0.496748, 0.371559, 0.05, -0.00351682, -0.208988, 0.154058, 0.259658, 1011.88, 19004.5, 10, 2e-20, 3e-20, 2e-20, 2e-20, -1
-0.426142, -0.500544, 0.439258, 0.05, 0.0415647, 0.0218519, -0.0800452, 0.0928029, 1007.02, 11234.7, 10, 2e-20, 3e-20, 2e-20, 2e-20, -1
-0.369906, -0.497514, 0.516608, 0.05, -0.262984, -0.0402183, 0.142345, 0.301729, 1006.28, 10054.6, 10, 2e-20, 3e-20, 2e-20, 2e-20, -1
-0.387157, -0.495893, 0.583333, 0.05, -0.0686495, -0.00452418, -0.0194013, 0.0714817, 1002.92, 4664.27, 10, 2e-20, 3e-20, 2e-20, 2e-20, -1
-0.427295, -0.496027, 0.501589, 0.05, -0.00917334, 0.0333615, 0.0657842, 0.0743283, 1010.47, 16759.3, 10, 2e-20, 3e-20, 2e-20, 2e-20, -1
-0.43406, -0.493831, 0.558933, 0.05, 0.0504941, 0.0100171, -0.081705, 0.0965696, 1002.31, 3692.46, 10, 2e-20, 3e-20, 2e-20, 2e-20, -1
-0.449249, -0.49859, 0.616986, 0.05, -0.142919, -0.0324159, 0.0257029, 0.148786, 1002.46, 3941.83, 10, 2e-20, 3e-20, 2e-20, 2e-20, -1
-0.572372, -0.496118, 0.756175, 0.05, 0.0023801, -0.0225954, -0.00833802, 0.0242021, 1003.49, 5579.69, 10, 2e-20, 3e-20, 2e-20, 2e-20, -1
-0.504755, -0.495089, 0.611232, 0.05, -0.0377034, -0.0526859, 0.282086, 0.28943, 1011.36, 18179.7, 10, 2e-20, 3e-20, 2e-20, 2e-20, -1
-0.43697, -0.493302, 0.664304, 0.05, -0.109212, -0.0524937, 0.0629495, 0.136549, 1001.12, 1791.21, 10, 2e-20, 3e-20, 2e-20, 2e-20, -1
-0.499032, -0.495155, 0.777102, 0.05, 0.0132206, -0.00912269, 0.110327, 0.11149, 1007.81, 12497.8, 10, 2e-20, 3e-20, 2e-20, 2e-20, -1
-0.483046, -0.448123, 0.78478, 0.05, 0.0162909, 0.212074, 0.103649, 0.236609, 1003.93, 6283.29, 10, 2e-20, 3e-20, 2e-20, 2e-20, -1
-0.458637, -0.489041, 0.907043, 0.05, -0.103779, -0.0518341, 0.128065, 0.172793, 1000.64, 1018.16, 10, 2e-20, 3e-20, 2e-20, 2e-20, -1
-0.545581, -0.455069, 0.769586, 0.05, -0.107471, 0.205808, 0.104824, 0.254745, 1001, 1606.6, 10, 2e-20, 3e-20, 2e-20, 2e-20, -1
-0.494673, -0.493731, 0.917675, 0.05, -0.195738, -0.00613488, 0.0927129, 0.216671, 1005.1, 8164.23, 10, 2e-20, 3e-20, 2e-20, 2e-20, -1
-0.477609, -0.443094, 1.31837, 0.05, -0.154516, -0.0721869, 0.156669, 0.231584, 1001.64, 2622.77, 10, 2e-20, 3e-20, 2e-20, 2e-20, -1
-0.517594, -0.496959, 1.08787, 0.05, 0.172149, -0.0725284, 0.149189, 0.239067, 998.886, -1782.07, 10, 2e-20, 3e-20, 2e-20, 2e-20, -1
-0.445176, -0.48478, 1.03065, 0.05, -0.00659734, -0.201907, 0.295697, 0.358115, 996.895, -4967.93, 10, 2e-20, 3e-20, 2e-20, 2e-20, -1
-0.647627, -0.4987, 1.06646, 0.05, 0.0345988, 0.0646315, 0.2374, 0.248462, 1005.37, 8585.91, 10, 2e-20, 3e-20, 2e-20, 2e-20, -1
-0.467034, -0.431698, 1.25566, 0.05, 0.040228, 0.177628, 0.266287, 0.322612, 997.709, -3664.86, 10, 2e-20, 3e-20, 2e-20, 2e-20, -1
-0.534981, -0.392552, 0.904442, 0.05, 0.0450502, -0.0240209, -0.0244203, 0.056594, 1001.28, 2044.74, 10, 2e-20, 3e-20, 2e-20, 2e-20, -1
-0.505967, -0.464593, 1.03163, 0.05, 0.0946791, -0.0173537, 0.13865, 0.168787, 1001.74, 2776.01, 10, 2e-20, 3e-20, 2e-20, 2e-20, -1
-0.46941, -0.40158, 1.01759, 0.05, 0.0762146, 0.0261415, 0.114093, 0.139676, 1002.46, 3939.27, 10, 2e-20, 3e-20, 2e-20, 2e-20, -1
-0.488875, -0.495663, 1.31178, 0.05, -0.0903922, 0.0278928, 0.403656, 0.414593, 999.559, -706.249, 10, 2e-20, 3e-20, 2e-20, 2e-20, -1
-0.430886, -0.455728, 1.22312, 0.05, -0.049037, 0.0798511, 0.285221, 0.30022, 999.346, -1046, 10, 2e-20, 3e-20, 2e-20, 2e-20, -1
-0.501716, -0.447367, 1.21087, 0.05, -0.00563757, 0.0176627, 0.38621, 0.386655, 1002.1, 3363.58, 10, 2e-20, 3e-20, 2e-20, 2e-20, -1
-0.535015, -0.510229, 1.3234, 0.05, -0.029029, -0.10955, 0.320646, 0.340085, 989.904, -16153, 10, 2e-20, 3e-20, 2e-20, 2e-20, -1
-0.435269, -0.445053, 1.14574, 0.05, -0.00120527, 0.128009, 0.129698, 0.182234, 997.407, -4148.68, 10, 2e-20, 3e-20, 2e-20, 2e-20, -1
-0.776012, -0.440257, 1.38998, 0.05, -0.0107187, -0.184877, -0.103757, 0.212273, 997.85, -3440.31, 10, 2e-20, 3e-20, 2e-20, 2e-20, -1
-0.431767, -0.392445, 1.26534, 0.05, 0.253044, -0.0196069, 0.191621, 0.318016, 1000.42, 672.809, 10, 2e-20, 3e-20, 2e-20, 2e-20, -1
-0.416208, -0.330887, 0.983239, 0.05, -0.0954302, -0.0761976, 0.13705, 0.183564, 1001.4, 2232.45, 10, 2e-20, 3e-20, 2e-20, 2e-20, -1
-0.518938, -0.395875, 1.4573, 0.05, 0.353263, -0.234711, 0.741915, 0.854589, 996.672, -5325.18, 10, 2e-20, 3e-20, 2e-20, 2e-20, -1
-0.399998, -0.331392, 1.18966, 0.05, -0.0425255, -0.0429211, 0.0393832, 0.0721226, 1001.49, 2383.32, 10, 2e-20, 3e-20, 2e-20, 2e-20, -1
-0.424925, -0.295425, 1.40847, 0.05, 0.3109, -0.0140199, 0.0552487, 0.316081, 1005.45, 8720.43, 10, 2e-20, 3e-20, 2e-20, 2e-20, -1
-0.405755, -0.360596, 1.15447, 0.05, -0.0476235, -0.0172333, 0.181491, 0.188425, 1000.67, 1064.46, 10, 2e-20, 3e-20, 2e-20, 2e-20, -1
-0.374542, -0.333261, 1.12308, 0.05, -0.00816231, 0.0411634, 0.0515976, 0.0665083, 1003.59, 5746.59, 10, 2e-20, 3e-20, 2e-20, 2e-20, -1
-0.689732, -0.217773, 1.30457, 0.05, 0.022585, -0.164126, -0.013849, 0.16625, 1006.55, 10478.5, 10, 2e-20, 3e-20, 2e-20, 2e-20, -1
-0.464962, -0.347446, 1.38634, 0.05, 0.0718473, -0.32451, 0.285698, 0.438283, 1005.81, 9297.63, 10, 2e-20, 3e-20, 2e-20, 2e-20, -1
-0.210829, -0.362016, 1.43961, 0.05, -0.0491709, -0.128897, 0.330559, 0.358192, 997.238, -4418.51, 10, 2e-20, 3e-20, 2e-20, 2e-20, -1
-0.496581, -0.318808, 1.41802, 0.05, 0.168409, -0.161729, -0.0604042, 0.241177, 998.695, -2087.42, 10, 2e-20, 3e-20, 2e-20, 2e-20, -1
-0.287834, -0.33899, 1.3555, 0.05, -0.023584, -0.126058, 0.197227, 0.235256, 1001.52, 2434.23, 10, 2e-20, 3e-20, 2e-20, 2e-20, -1
-0.679383, -0.442299, 1.4037, 0.05, 0.190448, -0.120128, 0.0553597, 0.231875, 1001.96, 3132.82, 10, 2e-20, 3e-20, 2e-20, 2e-20, -1
-0.426313, -0.364905, 1.37787, 0.05, 0.00694871, -0.302, 0.525932, 0.606513, 1006.67, 10665.1, 10, 2e-20, 3e-20, 2e-20, 2e-20, -1
-0.504299, -0.563434, 1.35042, 0.05, -0.100899, 0.0984925, -0.0190962, 0.142288, 1017.1, 27365.3, 10, 2e-20, 3e-20, 2e-20, 2e-20, -1
-0.307661, -0.288701, 1.38041, 0.05, 0.120561, 0.154073, 0.240739, 0.310207, 997.375, -4200.8, 10, 2e-20, 3e-20, 2e-20, 2e-20, -1
-0.193049, -0.323225, 1.45079, 0.05, -0.00369454, -0.0858388, 0.193078, 0.211332, 1001.38, 2213.46, 10, 2e-20, 3e-20, 2e-20, 2e-20, -1
-0.398981, -0.433908, 0.0516442, 0.05, 0.0775068, -0.0499788, 0.0256412, 0.0957217, 1010.11, 16182.9, 10, 2e-20, 3e-20, 2e-20, 2e-20, -1
-0.51722, -0.455332, 0.107762, 0.05, 0.173374, 0.0846901, -0.134984, 0.235482, 1002.17, 3472.25, 10, 2e-20, 3e-20, 2e-20, 2e-20, -1
-0.558293, -0.437793, 0.0940896, 0.05, -0.0376635, 0.0048131, -0.0509692, 0.0635575, 998.913, -1738.59, 10, 2e-20, 3e-20, 2e-20, 2e-20, -1
-0.469944, -0.457793, 0.148173, 0.05, -0.0686467, -0.0336101, -0.0371572, 0.0849863, 1004.74, 7588.84, 10, 2e-20, 3e-20, 2e-20, 2e-20, -1
-0.521994, -0.447233, 0.171342, 0.05, -0.0302382, -0.0994043, 0.209725, 0.234051, 998.414, -2536.84, 10, 2e-20, 3e-20, 2e-20, 2e-20, -1
-0.494676, -0.455212, 0.247926, 0.05, -0.245492, -0.0242305, -0.00921396, 0.246857, 1006.15, 9842.02, 10, 2e-20, 3e-20, 2e-20, 2e-20, -1
-0.462161, -0.447582, 0.29285, 0.05, -0.0702718, -0.0930866, 0.00741655, 0.116869, 999.989, -18.303, 10, 2e-20, 3e-20, 2e-20, 2e-20, -1
-0.436895, -0.462038, 0.472057, 0.05, -0.0427918, 0.0178164, 0.340767, 0.343905, 997.936, -3303.03, 10, 2e-20, 3e-20, 2e-20, 2e-20, -1
-0.49136, -0.449004, 0.379616, 0.05, -0.00973925, -0.14719, 0.0448505, 0.15418, 1001.59, 2549.81, 10, 2e-20, 3e-20, 2e-20, 2e-20, -1
-0.453435, -0.419624, 0.463166, 0.05, 0.105707, -0.10743, 0.10331, 0.182724, 1004.92, 7872.51, 10, 2e-20, 3e-20, 2e-20, 2e-20, -1
-0.453277, -0.437325, 0.407856, 0.05, -0.0310773, -0.0236265, 0.00070099, 0.0390449, 999.632, -588.259, 10, 2e-20, 3e-20, 2e-20, 2e-20, -1
-0.417118, -0.445705, 0.52534, 0.05, -0.0703444, -0.089838, -0.129297, 0.172444, 1008.24, 13177.9, 10, 2e-20, 3e-20, 2e-20, 2e-20, -1
-0.440559, -0.397291, 0.374112, 0.05, -0.045048, 0.0997413, 0.0954592, 0.145224, 1004.46, 7139.14, 10, 2e-20, 3e-20, 2e-20, 2e-20, -1
-0.415979, -0.433733, 0.572164, 0.05, 0.0754368, -0.0156937, -0.053539, 0.0938266, 1003.71, 5928.76, 10, 2e-20, 3e-20, 2e-20, 2e-20, -1
-0.470357, -0.449579, 0.591978, 0.05, -0.000550507, 0.00997626, 0.0351795, 0.0365708, 1006.51, 10408, 10, 2e-20, 3e-20, 2e-20, 2e-20, -1
-0.442516, -0.404959, 0.512807, 0.05, 0.0748419, -0.218602, -0.00595593, 0.231135, 1001.73, 2760.88, 10, 2e-20, 3e-20, 2e-20, 2e-20, -1
-0.492835, -0.407849, 0.576337, 0.05, -0.0126602, -0.19785, 0.0490266, 0.204226, 1000.42, 665.157, 10, 2e-20, 3e-20, 2e-20, 2e-20, -1
-0.51275, -0.442867, 0.615717, 0.05, -0.0743338, -0.0970725, -0.0817298, 0.147066, 1000.28, 455.105, 10, 2e-20, 3e-20, 2e-20, 2e-20, -1
-0.439296, -0.353213, 0.489827, 0.05, 0.0496685, 0.200362, -0.131239, 0.244613, 1003.1, 4956.58, 10, 2e-20, 3e-20, 2e-20, 2e-20, -1
-0.435376, -0.390788, 0.568962, 0.05, -0.0102307, 0.0866925, 0.12589, 0.153195, 1004.39, 7019.17, 10, 2e-20, 3e-20, 2e-20, 2e-20, -1
-0.508723, -0.444064, 0.667486, 0.05, 0.0277019, -0.156912, 0.0869294, 0.181509, 1010.55, 16875.3, 10, 2e-20, 3e-20, 2e-20, 2e-20, -1
-0.487385, -0.45291, 0.723531, 0.05, -0.00342782, 0.0366023, 0.0189839, 0.0413747, 1003.14, 5027.4, 10, 2e-20, 3e-20, 2e-20, 2e-20, -1
-0.506081, -0.422935, 0.721185, 0.05, 0.0631608, -0.0844004, 0.0210724, 0.107502, 1000.36, 583.252, 10, 2e-20, 3e-20, 2e-20, 2e-20, -1
-0.444169, -0.419754, 0.721816, 0.05, -0.0902253, -0.254367, 0.0733104, 0.279674, 1000.29, 458.333, 10, 2e-20, 3e-20, 2e-20, 2e-20, -1
-0.484842, -0.438658, 0.831578, 0.05, -0.0504811, 0.21102, 0.0971334, 0.237724, 1000.54, 860.032, 10, 2e-20, 3e-20, 2e-20, 2e-20, -1
-0.442616, -0.44638, 0.819413, 0.05, 0.002901, -0.0357158, 0.181586, 0.185088, 1002.05, 3284.63, 10, 2e-20, 3e-20, 2e-20, 2e-20, -1
-0.459324, -0.425571, 0.871048, 0.05, -0.102095, -0.00389401, 0.14295, 0.175708, 1000.6, 965.975, 10, 2e-20, 3e-20, 2e-20, 2e-20, -1
-0.444898, -0.40342, 0.812186, 0.05, -0.109656, 0.058322, -0.0289997, 0.127542, 1008.22, 13145.2, 10, 2e-20, 3e-20, 2e-20, 2e-20, -1
-0.462818, -0.447352, 1.0911, 0.05, 0.1017, 0.148726, 0.127715, 0.220847, 1006.08, 9726.26, 10, 2e-20, 3e-20, 2e-20, 2e-20, -1
-0.467114, -0.375166, 0.850917, 0.05, -0.0140087, 0.0147554, 0.0940403, 0.0962162, 1001.67, 2668.84, 10, 2e-20, 3e-20, 2e-20, 2e-20, -1
-0.487966, -0.39358, 0.959754, 0.05, -0.0466642, 0.0503336, 0.137177, 0.153391, 1001.48, 2361.42, 10, 2e-20, 3e-20, 2e-20, 2e-20, -1
-0.46148, -0.368949, 0.78711, 0.05, 0.107913, -0.137803, 0.10471, 0.203959, 995.079, -7872.95, 10, 2e-20, 3e-20, 2e-20, 2e-20, -1
-0.48714, -0.397327, 0.898774, 0.05, 0.00785446, -0.0427787, 0.06901, 0.0815726, 999.586, -662.505, 10, 2e-20, 3e-20, 2e-20, 2e-20, -1
-0.502325, -0.356102, 0.860314, 0.05, 0.00648232, -0.0959046, 0.0994574, 0.138317, 1002.35, 3767.83, 10, 2e-20, 3e-20, 2e-20, 2e-20, -1
-0.416744, -0.437399, 1.1712, 0.05, -0.0403112, 0.13836, 0.254261, 0.292262, 1001.92, 3072.62, 10, 2e-20, 3e-20, 2e-20, 2e-20, -1
-0.368305, -0.389784, 1.03932, 0.05, 0.139462, -0.0929327, 0.044239, 0.17333, 995.357, -7428.86, 10, 2e-20, 3e-20, 2e-20, 2e-20, -1
-0.399335, -0.40663, 0.99295, 0.05, -0.00311907, 0.0657801, 0.0802088, 0.10378, 1006.1, 9763.1, 10, 2e-20, 3e-20, 2e-20, 2e-20, -1
-0.403214, -0.300276, 0.94201, 0.05, -0.0332727, -0.0147141, 0.0790742, 0.087042, 1007.73, 12367.7, 10, 2e-20, 3e-20, 2e-20, 2e-20, -1
-0.452028, -0.350499, 1.2417, 0.05, 0.214825, 0.0119757, 0.310849, 0.378048, 997.498, -4003.34, 10, 2e-20, 3e-20, 2e-20, 2e-20, -1
-0.369261, -0.349059, 1.00542, 0.05, 0.122208, 0.0851384, -0.00235965, 0.148959, 1003.77, 6036.15, 10, 2e-20, 3e-20, 2e-20, 2e-20, -1
-0.435181, -0.412198, 1.21212, 0.05, 0.0160019, -0.137695, 0.285849, 0.317688, 1005.98, 9571.06, 10, 2e-20, 3e-20, 2e-20, 2e-20, -1
-0.394874, -0.343995, 1.04216, 0.05, -0.0741045, 0.131122, 0.180495, 0.235081, 1002.6, 4160.32, 10, 2e-20, 3e-20, 2e-20, 2e-20, -1
-0.410837, -0.377643, 1.11465, 0.05, -0.0181507, -0.0510306, 0.201796, 0.208939, 1000.95, 1520.51, 10, 2e-20, 3e-20, 2e-20, 2e-20, -1
-0.395184, -0.344754, 1.07877, 0.05, 0.0919447, 0.00503362, 0.186244, 0.207765, 1004.33, 6920.73, 10, 2e-20, 3e-20, 2e-20, 2e-20, -1
-0.39238, -0.2827, 1.11409, 0.05, 0.005848, -0.124287, 0.140991, 0.188042, 1001.91, 3054.23, 10, 2e-20, 3e-20, 2e-20, 2e-20, -1
-0.402446, -0.235481, 1.09998, 0.05, 0.09843, 0.0627844, -0.0127251, 0.117441, 1003.43, 5493.89, 10, 2e-20, 3e-20, 2e-20, 2e-20, -1
-0.396272, -0.243008, 1.15176, 0.05, 0.161916, 0.15566, 0.151791, 0.271086, 998.761, -1981.65, 10, 2e-20, 3e-20, 2e-20, 2e-20, -1
-0.37043, -0.216911, 1.15816, 0.05, 0.125847, -0.00290176, 0.0198862, 0.127441, 1000.3, 484.126, 10, 2e-20, 3e-20, 2e-20, 2e-20, -1
-0.368848, -0.288622, 1.16564, 0.05, 0.165985, -0.0466934, 0.0332768, 0.175609, 998.737, -2021.51, 10, 2e-20, 3e-20, 2e-20, 2e-20, -1
-0.309308, -0.254949, 1.26203, 0.05, -0.140426, 0.0477614, 0.195399, 0.245319, 1007.25, 11604, 10, 2e-20, 3e-20, 2e-20, 2e-20, -1
-0.333401, -0.216109, 1.32523, 0.05, 0.125615, -0.0150476, 0.0880994, 0.154166, 1003.85, 6157.79, 10, 2e-20, 3e-20, 2e-20, 2e-20, -1
-0.549826, -0.402524, 0.053196, 0.05, 0.0847738, -0.171845, -0.0277129, 0.193611, 1008.73, 13973.4, 10, 2e-20, 3e-20, 2e-20, 2e-20, -1
-0.487361, -0.435931, 0.0972015, 0.05, 0.122015, 0.139522, 0.0845499, 0.203722, 996.265, -5975.28, 10, 2e-20, 3e-20, 2e-20, 2e-20, -1
-0.529358, -0.393103, 0.100245, 0.05, 0.106732, -0.0691903, 0.0312038, 0.130968, 1009.05, 14483, 10, 2e-20, 3e-20, 2e-20, 2e-20, -1
-0.490969, -0.410801, 0.138598, 0.05, -0.0118331, 0.00162524, -0.0204001, 0.0236395, 1009.94, 15904.6, 10, 2e-20, 3e-20, 2e-20, 2e-20, -1
-0.442449, -0.42005, 0.224612, 0.05, 0.0740081, -0.118452, -0.0340517, 0.143762, 1004.33, 6921.1, 10, 2e-20, 3e-20, 2e-20, 2e-20, -1
-0.478047, -0.441864, 0.199456, 0.05, -0.065944, -0.117013, 0.0328952, 0.138285, 1005.92, 9476.32, 10, 2e-20, 3e-20, 2e-20, 2e-20, -1
-0.486114, -0.339305, 0.156835, 0.05, -0.204865, -0.0336709, 0.0858509, 0.224663, 996.422, -5724.62, 10, 2e-20, 3e-20, 2e-20, 2e-20, -1
-0.497381, -0.394776, 0.208681, 0.05, -0.0557044, 0.0922854, -0.033076, 0.112755, 1004.83, 7732.82, 10, 2e-20, 3e-20, 2e-20, 2e-20, -1
-0.492042, -0.459365, 0.329664, 0.05, -0.0759101, -0.217305, -0.0978369, 0.250112, 1010.34, 16537.6, 10, 2e-20, 3e-20, 2e-20, 2e-20, -1
-0.443884, -0.397107, 0.310892, 0.05, 0.152198, -0.0241746, -0.00775453, 0.154301, 1008.27, 13236.6, 10, 2e-20, 3e-20, 2e-20, 2e-20, -1
-0.409528, -0.458297, 0.410311, 0.05, 0.00324138, -0.181983, -0.0930335, 0.20441, 1003.75, 6000.92, 10, 2e-20, 3e-20, 2e-20, 2e-20, -1
-0.459502, -0.427803, 0.348468, 0.05, -0.0398764, 0.0747349, 0.0697784, 0.109747, 1003.69, 5898.11, 10, 2e-20, 3e-20, 2e-20, 2e-20, -1
-0.44241, -0.347539, 0.332625, 0.05, 0.0125334, -0.202159, 0.0337676, 0.205343, 998.942, -1692.88, 10, 2e-20, 3e-20, 2e-20, 2e-20, -1
-0.457896, -0.294122, 0.320079, 0.05, -0.131435, -0.0168451, 0.0505042, 0.141808, 1007.37, 11785.5, 10, 2e-20, 3e-20, 2e-20, 2e-20, -1
-0.41999, -0.409166, 0.41878, 0.05, 0.0617621, 0.0385756, 0.0139745, 0.0741479, 1007.68, 12291.2, 10, 2e-20, 3e-20, 2e-20, 2e-20, -1
-0.469328, -0.355731, 0.382046, 0.05, -0.0886565, -0.215101, 0.0574182, 0.239636, 999.612, -620.666, 10, 2e-20, 3e-20, 2e-20, 2e-20, -1
-0.450538, -0.378295, 0.443889, 0.05, 0.0494686, 0.162943, -0.208462, 0.269173, 1000.78, 1243.35, 10, 2e-20, 3e-20, 2e-20, 2e-20, -1
-0.450073, -0.340533, 0.433445, 0.05, 0.00301403, -0.00516622, 0.116255, 0.116409, 1003.63, 5813.91, 10, 2e-20, 3e-20, 2e-20, 2e-20, -1
-0.488555, -0.311189, 0.413654, 0.05, 0.0140578, -0.0862696, 0.0698849, 0.111911, 1004.61, 7381.09, 10, 2e-20, 3e-20, 2e-20, 2e-20, -1
-0.460244, -0.295246, 0.454711, 0.05, -0.107263, -0.211461, 0.162397, 0.287392, 995.006, -7990, 10, 2e-20, 3e-20, 2e-20, 2e-20, -1
-0.474469, -0.373738, 0.541598, 0.05, 0.0567392, 0.0720114, 0.0368555, 0.0988095, 999.568, -690.433, 10, 2e-20, 3e-20, 2e-20, 2e-20, -1
-0.466762, -0.451467, 0.643896, 0.05, 0.0416704, -0.00465015, -0.0873972, 0.0969346, 1002.85, 4556.89, 10, 2e-20, 3e-20, 2e-20, 2e-20, -1
-0.467772, -0.400901, 0.619263, 0.05, 0.0773191, -0.0475025, 0.0653774, 0.111843, 1002.05, 3286.44, 10, 2e-20, 3e-20, 2e-20, 2e-20, -1
-0.459829, -0.363859, 0.648454, 0.05, 0.0395454, -0.175658, -0.0287648, 0.182337, 1002.29, 3666.65, 10, 2e-20, 3e-20, 2e-20, 2e-20, -1
-0.469375, -0.294058, 0.597938, 0.05, -0.0539365, -0.0548426, -0.0391875, 0.086328, 997.664, -3737.11, 10, 2e-20, 3e-20, 2e-20, 2e-20, -1
-0.484029, -0.31229, 0.645693, 0.05, 0.021495, -0.00938539, 0.00143295, 0.0234984, 1006.86, 10983.6, 10, 2e-20, 3e-20, 2e-20, 2e-20, -1
-0.465038, -0.266936, 0.646454, 0.05, 0.0499039, -0.0172979, 0.0929056, 0.106869, 1003.84, 6145.42, 10, 2e-20, 3e-20, 2e-20, 2e-20, -1
-0.526141, -0.232967, 0.629534, 0.05, -0.0829597, -0.0211612, 0.151317, 0.173859, 1001.95, 3121.05, 10, 2e-20, 3e-20, 2e-20, 2e-20, -1
-0.46411, -0.371181, 0.734829, 0.05, -0.0919973, 0.0047442, -0.0966398, 0.133511, 1004.95, 7922.4, 10, 2e-20, 3e-20, 2e-20, 2e-20, -1
-0.485282, -0.349445, 0.694806, 0.05, -0.075698, -0.162401, 0.0877279, 0.199501, 1004.92, 7875.89, 10, 2e-20, 3e-20, 2e-20, 2e-20, -1
-0.502006, -0.334295, 0.74311, 0.05, 0.0403678, 0.0955853, 0.021791, 0.106023, 1009.25, 14793.1, 10, 2e-20, 3e-20, 2e-20, 2e-20, -1
-0.478105, -0.296659, 0.707146, 0.05, 0.132388, -0.00777797, 0.216652, 0.254018, 1002.6, 4158.61, 10, 2e-20, 3e-20, 2e-20, 2e-20, -1
-0.498791, -0.341115, 0.796801, 0.05, -0.128495, 0.176831, 0.0107454, 0.218851, 1002.13, 3408.65, 10, 2e-20, 3e-20, 2e-20, 2e-20, -1
-0.463695, -0.320966, 0.828253, 0.05, 0.0531841, -0.132278, 0.105995, 0.177654, 1004.14, 6624.67, 10, 2e-20, 3e-20, 2e-20, 2e-20, -1
-0.392761, -0.373781, 0.953648, 0.05, -0.118652, -0.0499965, 0.112186, 0.170774, 1003.87, 6186.7, 10, 2e-20, 3e-20, 2e-20, 2e-20, -1
-0.477517, -0.291526, 0.867399, 0.05, 0.0866302, -0.136427, 0.119318, 0.200883, 1004.93, 7889, 10, 2e-20, 3e-20, 2e-20, 2e-20, -1
-0.468758, -0.348271, 0.892534, 0.05, 0.088194, -0.0324649, 0.147996, 0.175314, 1001.79, 2865.45, 10, 2e-20, 3e-20, 2e-20, 2e-20, -1
-0.436195, -0.297957, 0.897984, 0.05, 0.0239299, -0.0162776, 0.0185502, 0.034376, 1007.38, 11814.7, 10, 2e-20, 3e-20, 2e-20, 2e-20, -1
-0.406335, -0.253051, 0.923653, 0.05, -0.089504, -0.126654, 0.0548234, 0.164492, 1001.6, 2567.19, 10, 2e-20, 3e-20, 2e-20, 2e-20, -1
-0.396375, -0.408382, 1.08344, 0.05, 0.121572, 0.120684, -0.0589287, 0.181155, 998.326, -2679.03, 10, 2e-20, 3e-20, 2e-20, 2e-20, -1
-0.440672, -0.201786, 0.890418, 0.05, -0.0853117, -0.175845, 0.0761302, 0.209751, 1000.24, 378.785, 10, 2e-20, 3e-20, 2e-20, 2e-20, -1
-0.419085, -0.260234, 0.967191, 0.05, 0.0446395, 0.0199829, 0.0195997, 0.0526892, 1001.68, 2680.85, 10, 2e-20, 3e-20, 2e-20, 2e-20, -1
-0.403259, -0.207114, 0.986561, 0.05, 0.0614567, -0.0892022, 0.135843, 0.173745, 997.902, -3357.27, 10, 2e-20, 3e-20, 2e-20, 2e-20, -1
-0.342122, -0.280935, 1.01542, 0.05, 0.00801082, -0.198257, 0.204586, 0.285001, 1001.65, 2643.67, 10, 2e-20, 3e-20, 2e-20, 2e-20, -1
-0.398698, -0.285379, 1.05237, 0.05, 0.0948902, -0.0456298, 0.126707, 0.164745, 1002.67, 4265.54, 10, 2e-20, 3e-20, 2e-20, 2e-20, -1
-0.341344, -0.183832, 1.14116, 0.05, -0.120992, -0.109272, 0.264889, 0.31104, 1003.87, 6197.13, 10, 2e-20, 3e-20, 2e-20, 2e-20, -1
-0.321361, -0.177849, 1.20584, 0.05, 0.170497, -0.0737722, 0.120702, 0.221541, 999.157, -1348.83, 10, 2e-20, 3e-20, 2e-20, 2e-20, -1
-0.274232, -0.194757, 1.19822, 0.05, 0.138651, -0.147801, 0.175579, 0.268136, 1002.4, 3846.73, 10, 2e-20, 3e-20, 2e-20, 2e-20, -1
-0.226387, -0.195336, 1.25162, 0.05, 0.143038, -0.151816, 0.342112, 0.400685, 998.504, -2394.06, 10, 2e-20, 3e-20, 2e-20, 2e-20, -1
-0.301251, -0.222703, 1.22665, 0.05, 0.0680821, -0.0677769, 0.233709, 0.252683, 1001.03, 1649.98, 10, 2e-20, 3e-20, 2e-20, 2e-20, -1
-0.161447, -0.200564, 1.35106, 0.05, -0.0311937, -0.0371231, 0.234137, 0.239105, 999.769, -369.837, 10, 2e-20, 3e-20, 2e-20, 2e-20, -1
-0.496434, -0.428818, 0.050167, 0.05, -0.0292553, 0.046192, 0.166652, 0.175392, 1011.11, 17773.4, 10, 2e-20, 3e-20, 2e-20, 2e-20, -1
-0.590988, -0.376128, 0.0463325, 0.05, -0.183265, 0.068369, -0.168283, 0.25803, 1008.68, 13889.8, 10, 2e-20, 3e-20, 2e-20, 2e-20, -1
-0.49474, -0.358756, 0.107696, 0.05, -0.109274, 0.0308354, 0.0491632, 0.123728, 1002.6, 4164.56, 10, 2e-20, 3e-20, 2e-20, 2e-20, -1
-0.53219, -0.285455, 0.173337, 0.05, 0.0181477, -0.167814, 0.0904922, 0.191519, 1000.31, 494.518, 10, 2e-20, 3e-20, 2e-20, 2e-20, -1
-0.520341, -0.391094, 0.158236, 0.05, -0.0909487, 0.20699, -0.0310872, 0.228217, 1012.2, 19514.4, 10, 2e-20, 3e-20, 2e-20, 2e-20, -1
-0.518068, -0.308017, 0.134711, 0.05, -0.0519297, -0.0088525, -0.155656, 0.164328, 999.974, -41.7118, 10, 2e-20, 3e-20, 2e-20, 2e-20, -1
-0.482814, -0.290869, 0.164391, 0.05, -0.0540948, -0.00971685, -0.0813955, 0.0982135, 1003.76, 6020.23, 10, 2e-20, 3e-20, 2e-20, 2e-20, -1
-0.499407, -0.348673, 0.201206, 0.05, -0.162681, 0.104667, -0.0515587, 0.200197, 1006.09, 9736.59, 10, 2e-20, 3e-20, 2e-20, 2e-20, -1
-0.503035, -0.425561, 0.29379, 0.05, -0.0125574, -0.0182959, -0.0716298, 0.0749884, 1000.02, 39.2049, 10, 2e-20, 3e-20, 2e-20, 2e-20, -1
-0.505585, -0.378278, 0.281543, 0.05, -0.12451, -0.00875816, -0.0887777, 0.15317, 1003.13, 5009.34, 10, 2e-20, 3e-20, 2e-20, 2e-20, -1
-0.461559, -0.320471, 0.243108, 0.05, -0.0263365, -0.027448, -0.0823876, 0.0907454, 1003.93, 6292.07, 10, 2e-20, 3e-20, 2e-20, 2e-20, -1
-0.490336, -0.240297, 0.237337, 0.05, 0.0286269, -0.0465436, 0.0044606, 0.0548244, 1005.78, 9246.65, 10, 2e-20, 3e-20, 2e-20, 2e-20, -1
-0.446417, -0.278708, 0.267121, 0.05, 0.0348311, -0.0365133, 0.0798683, 0.0944742, 1006.06, 9688.78, 10, 2e-20, 3e-20, 2e-20, 2e-20, -1
-0.475464, -0.250866, 0.288191, 0.05, 0.0261541, -0.130477, -0.0593058, 0.14569, 1004.24, 6788.2, 10, 2e-20, 3e-20, 2e-20, 2e-20, -1
-0.459699, -0.252751, 0.341586, 0.05, 0.0194024, -0.190653, 0.0867971, 0.210377, 1009.29, 14871.5, 10, 2e-20, 3e-20, 2e-20, 2e-20, -1
-0.492936, -0.235427, 0.3812, 0.05, -0.12155, -0.340618, 0.163735, 0.396994, 1000.43, 691.923, 10, 2e-20, 3e-20, 2e-20, 2e-20, -1
-0.480819, -0.290749, 0.36476, 0.05, -0.0168687, 0.154068, -0.0260276, 0.157159, 1004.52, 7229.56, 10, 2e-20, 3e-20, 2e-20, 2e-20, -1
-0.542548, -0.241907, 0.403308, 0.05, -0.0345078, -0.0819511, 0.0101017, 0.089492, 1004.2, 6719.92, 10, 2e-20, 3e-20, 2e-20, 2e-20, -1
-0.506107, -0.263726, 0.428307, 0.05, -0.0541478, 0.259741, -0.0691816, 0.274196, 1009.12, 14589.5, 10, 2e-20, 3e-20, 2e-20, 2e-20, -1
-0.515817, -0.284943, 0.475658, 0.05, -0.0942854, -0.0244404, 0.0561122, 0.112408, 1001.37, 2194.43, 10, 2e-20, 3e-20, 2e-20, 2e-20, -1
-0.524212, -0.326159, 0.488738, 0.05, 0.171828, -0.0531854, 0.0219981, 0.181211, 997.287, -4341.58, 10, 2e-20, 3e-20, 2e-20, 2e-20, -1
-0.473706, -0.317514, 0.492245, 0.05, -0.105659, 0.0724354, -0.0834459, 0.152885, 1007.75, 12395.7, 10, 2e-20, 3e-20, 2e-20, 2e-20, -1
-0.502388, -0.330949, 0.538461, 0.05, -0.0774354, 0.108183, -0.070321, 0.150482, 1004.74, 7579.51, 10, 2e-20, 3e-20, 2e-20, 2e-20, -1
-0.464798, -0.303693, 0.546104, 0.05, -0.0787451, -0.0398096, 0.0563206, 0.104679, 1007.01, 11222, 10, 2e-20, 3e-20, 2e-20, 2e-20, -1
-0.472166, -0.346241, 0.599166, 0.05, 0.0885706, -0.0598807, -0.0152875, 0.108001, 995.583, -7066.54, 10, 2e-20, 3e-20, 2e-20, 2e-20, -1
-0.425821, -0.330447, 0.603603, 0.05, -0.140391, -0.0832077, -0.0129566, 0.16371, 1005.68, 9093.33, 10, 2e-20, 3e-20, 2e-20, 2e-20, -1
-0.464743, -0.240954, 0.599096, 0.05, -0.0430057, -0.0766405, -0.0182876, 0.0897647, 1011.53, 18448.8, 10, 2e-20, 3e-20, 2e-20, 2e-20, -1
-0.492407, -0.196827, 0.591448, 0.05, -0.0945313, 0.0758299, -0.187233, 0.22303, 1001.78, 2843.21, 10, 2e-20, 3e-20, 2e-20, 2e-20, -1
-0.482606, -0.220856, 0.65592, 0.05, -0.0817284, -0.118617, 0.178025, 0.229003, 1002.38, 3803.07, 10, 2e-20, 3e-20, 2e-20, 2e-20, -1
-0.524689, -0.192453, 0.630749, 0.05, -0.0133067, -0.0339802, -0.181027, 0.184669, 1005.75, 9200.55, 10, 2e-20, 3e-20, 2e-20, 2e-20, -1
-0.50573, -0.268024, 0.672602, 0.05, -0.0110548, 0.163633, 0.0684596, 0.177721, 1007.39, 11823.9, 10, 2e-20, 3e-20, 2e-20, 2e-20, -1
-0.509054, -0.250691, 0.726506, 0.05, -0.025689, -0.00601252, 0.0662784, 0.0713365, 996.451, -5678.96, 10, 2e-20, 3e-20, 2e-20, 2e-20, -1
-0.435769, -0.328001, 0.720101, 0.05, 0.0409306, 0.0138561, 0.00660018, 0.0437135, 1006.83, 10927.1, 10, 2e-20, 3e-20, 2e-20, 2e-20, -1
-0.489916, -0.286329, 0.765169, 0.05, -0.0502682, -0.103022, 0.0142787, 0.115518, 1012.69, 20297.2, 10, 2e-20, 3e-20, 2e-20, 2e-20, -1
-0.530905, -0.276357, 0.783972, 0.05, 0.138655, -0.200195, 0.0634889, 0.251663, 1007.31, 11699.4, 10, 2e-20, 3e-20, 2e-20, 2e-20, -1
-0.48993, -0.258589, 0.814178, 0.05, 0.0188468, -0.0974341, -0.0704227, 0.121688, 1000.33, 529.185, 10, 2e-20, 3e-20, 2e-20, 2e-20, -1
-0.524615, -0.207864, 0.826328, 0.05, -0.0934372, -0.122004, 0.154255, 0.217739, 1008.54, 13670.9, 10, 2e-20, 3e-20, 2e-20, 2e-20, -1
-0.47689, -0.238935, 0.864781, 0.05, 0.048984, -0.061433, 0.222689, 0.236143, 1009.88, 15811.4, 10, 2e-20, 3e-20, 2e-20, 2e-20, -1
-0.497909, -0.150858, 0.847993, 0.05, 0.038365, -0.129628, -0.0123096, 0.135745, 1000.18, 290.04, 10, 2e-20, 3e-20, 2e-20, 2e-20, -1
-0.475383, -0.194596, 0.838785, 0.05, 0.0492028, -0.0257213, 0.0108594, 0.0565723, 1003.68, 5892.93, 10, 2e-20, 3e-20, 2e-20, 2e-20, -1
-0.512373, -0.0987437, 0.869171, 0.05, 0.0121299, 0.00933936, 0.00156401, 0.0153885, 1005.67, 9069.94, 10, 2e-20, 3e-20, 2e-20, 2e-20, -1
-0.437634, -0.158595, 0.860217, 0.05, -0.0284064, -0.0292562, -0.0476845, 0.0627428, 1004.7, 7518.33, 10, 2e-20, 3e-20, 2e-20, 2e-20, -1
-0.447927, -0.168609, 0.950725, 0.05, -0.0659639, 0.0169275, 0.0945477, 0.116521, 1005.4, 8639.12, 10, 2e-20, 3e-20, 2e-20, 2e-20, -1
-0.392284, -0.246025, 1.01575, 0.05, -0.0536959, -0.0210755, 0.187998, 0.196649, 1003.2, 5125.24, 10, 2e-20, 3e-20, 2e-20, 2e-20, -1
-0.353939, -0.218344, 1.03826, 0.05, -0.00865492, -0.0130671, 0.0951414, 0.0964238, 1003.53, 5646.63, 10, 2e-20, 3e-20, 2e-20, 2e-20, -1
-0.404734, -0.20324, 1.10892, 0.05, 0.10684, -0.131224, 0.105427, 0.199372, 994.539, -8738.36, 10, 2e-20, 3e-20, 2e-20, 2e-20, -1
-0.312584, -0.145327, 1.14064, 0.05, 0.106818, -0.0546336, 0.216875, 0.24785, 1000.53, 852.979, 10, 2e-20, 3e-20, 2e-20, 2e-20, -1
-0.291231, -0.153609, 1.18981, 0.05, 0.148448, -0.045045, 0.0580293, 0.16563, 994.139, -9377.58, 10, 2e-20, 3e-20, 2e-20, 2e-20, -1
-0.278371, -0.0775553, 1.29449, 0.05, 0.0481738, -0.138224, 0.177557, 0.230115, 1002.91, 4655.6, 10, 2e-20, 3e-20, 2e-20, 2e-20, -1
-0.224195, -0.094885, 1.33262, 0.05, 0.126841, -0.0647039, 0.131867, 0.194073, 998.635, -2184.6, 10, 2e-20, 3e-20, 2e-20, 2e-20, -1
-0.0954618, -0.193119, 1.35201, 0.05, 0.0215693, -0.0891876, 0.115058, 0.147167, 1001.51, 2409.41, 10, 2e-20, 3e-20, 2e-20, 2e-20, -1
-0.469171, -0.265144, 0.0524091, 0.05, -0.0633878, -0.243324, 0.0701016, 0.261034, 1004.36, 6981.17, 10, 2e-20, 3e-20, 2e-20, 2e-20, -1
-0.513695, -0.367653, 0.0532942, 0.05, 0.236888, -0.0851597, -0.0894382, 0.267146, 1004.32, 6909.5, 10, 2e-20, 3e-20, 2e-20, 2e-20, -1
-0.517149, -0.323218, 0.0867418, 0.05, 0.0223686, 0.174882, -0.0388153, 0.180529, 1009.9, 15836.4, 10, 2e-20, 3e-20, 2e-20, 2e-20, -1
-0.531615, -0.247165, 0.0811775, 0.05, -0.0499918, 0.0511206, -0.0168665, 0.0734641, 1006.29, 10064.6, 10, 2e-20, 3e-20, 2e-20, 2e-20, -1
-0.492269, -0.274293, 0.105219, 0.05, 0.0129638, -0.0621597, 0.162721, 0.174671, 1005.94, 9508.19, 10, 2e-20, 3e-20, 2e-20, 2e-20, -1
-0.477447, -0.239596, 0.148408, 0.05, -0.147869, -0.016547, -0.263895, 0.302952, 1000.45, 723.691, 10, 2e-20, 3e-20, 2e-20, 2e-20, -1
-0.519617, -0.18905, 0.135049, 0.05, -0.152816, -0.107241, -0.072936, 0.200433, 1003.64, 5829.72, 10, 2e-20, 3e-20, 2e-20, 2e-20, -1
-0.508054, -0.126344, 0.13044, 0.05, -0.116941, -0.185387, -0.000570825, 0.219189, 1001.14, 1823.9, 10, 2e-20, 3e-20, 2e-20, 2e-20, -1
-0.495841, -0.254779, 0.191296, 0.05, -0.00400368, -0.0124751, -0.0149731, 0.019896, 1001.36, 2181.87, 10, 2e-20, 3e-20, 2e-20, 2e-20, -1
-0.500627, -0.159114, 0.174508, 0.05, -0.0485237, -0.0309588, -0.0212944, 0.0613714, 1006, 9599.65, 10, 2e-20, 3e-20, 2e-20, 2e-20, -1
-0.455953, -0.278738, 0.217556, 0.05, 0.0396765, -0.145571, 0.0795616, 0.170573, 1001.83, 2923.65, 10, 2e-20, 3e-20, 2e-20, 2e-20, -1
-0.490542, -0.207201, 0.185285, 0.05, -0.188474, -0.0995386, -0.0618189, 0.221928, 1004.64, 7431.86, 10, 2e-20, 3e-20, 2e-20, 2e-20, -1
-0.510292, -0.180083, 0.225457, 0.05, -0.158018, 0.0274639, 0.0218166, 0.161863, 1007.6, 12163.2, 10, 2e-20, 3e-20, 2e-20, 2e-20, -1
-0.521994, -0.208041, 0.264383, 0.05, -0.0528649, -0.0702622, 0.161469, 0.183858, 1004.78, 7654.32, 10, 2e-20, 3e-20, 2e-20, 2e-20, -1
-0.527, -0.239888, 0.304038, 0.05, -0.0851811, -0.0904295, 0.0327797, 0.128483, 994.782, -8348.21, 10, 2e-20, 3e-20, 2e-20, 2e-20, -1
-0.48809, -0.212527, 0.323772, 0.05, -0.136512, 0.0553484, -0.0750048, 0.165302, 1005.48, 8760.05, 10, 2e-20, 3e-20, 2e-20, 2e-20, -1
-0.537994, -0.209866, 0.352885, 0.05, -0.0423065, -0.162665, 0.10651, 0.198983, 1012.47, 19952.4, 10, 2e-20, 3e-20, 2e-20, 2e-20, -1
-0.509578, -0.174319, 0.344126, 0.05, -0.138588, 0.261689, -0.0475239, 0.299911, 1005.99, 9587.08, 10, 2e-20, 3e-20, 2e-20, 2e-20, -1
-0.464021, -0.224569, 0.424889, 0.05, -0.0365807, -0.0401897, -0.0110723, 0.0554613, 1004.91, 7857.55, 10, 2e-20, 3e-20, 2e-20, 2e-20, -1
-0.554237, -0.206628, 0.446587, 0.05, -0.0487, -0.0402022, -0.0728781, 0.096432, 1006.2, 9926.08, 10, 2e-20, 3e-20, 2e-20, 2e-20, -1
-0.492545, -0.240178, 0.465726, 0.05, -0.147468, 0.125145, -0.186353, 0.26858, 1009.58, 15332.4, 10, 2e-20, 3e-20, 2e-20, 2e-20, -1
-0.503274, -0.255282, 0.522038, 0.05, -0.0978348, -0.0858569, -0.0855879, 0.155783, 1005.37, 8591.09, 10, 2e-20, 3e-20, 2e-20, 2e-20, -1
-0.543157, -0.240611, 0.492818, 0.05, -0.15253, 0.0555938, -0.053417, 0.170908, 1005.15, 8244.25, 10, 2e-20, 3e-20, 2e-20, 2e-20, -1
-0.538037, -0.214953, 0.532766, 0.05, -0.132089, -0.0175895, -0.110251, 0.172952, 999.765, -375.344, 10, 2e-20, 3e-20, 2e-20, 2e-20, -1
-0.529854, -0.163749, 0.521646, 0.05, 0.039534, 0.101022, -0.118602, 0.160733, 1003.25, 5192.32, 10, 2e-20, 3e-20, 2e-20, 2e-20, -1
-0.49177, -0.200034, 0.533081, 0.05, 0.193912, 0.035479, -0.00779242, 0.197285, 997.174, -4521.9, 10, 2e-20, 3e-20, 2e-20, 2e-20, -1
-0.537792, -0.171441, 0.575184, 0.05, 0.0240454, -0.0528413, 0.120502, 0.133758, 998.24, -2816, 10, 2e-20, 3e-20, 2e-20, 2e-20, -1
-0.501985, -0.145032, 0.607533, 0.05, -0.194443, -0.0920817, -0.0830959, 0.230634, 1006.62, 10595.4, 10, 2e-20, 3e-20, 2e-20, 2e-20, -1
-0.53018, -0.152356, 0.653419, 0.05, -0.0398489, 0.0332812, -0.0151543, 0.0540854, 1010.63, 17011.8, 10, 2e-20, 3e-20, 2e-20, 2e-20, -1
-0.575946, -0.130563, 0.682232, 0.05, -0.0305334, 0.0202218, 0.152911, 0.157236, 1004.69, 7504.58, 10, 2e-20, 3e-20, 2e-20, 2e-20, -1
-0.535927, -0.166751, 0.708612, 0.05, 0.100073, 0.00405922, 0.0388125, 0.107413, 1002.88, 4612.83, 10, 2e-20, 3e-20, 2e-20, 2e-20, -1
-0.599308, -0.0506456, 0.763834, 0.05, -0.0721857, 0.0426911, 0.0557189, 0.100687, 1008.83, 14134.5, 10, 2e-20, 3e-20, 2e-20, 2e-20, -1
-0.514161, -0.203795, 0.745684, 0.05, 0.116328, -0.0897781, 0.00818009, 0.147171, 1002.95, 4715.72, 10, 2e-20, 3e-20, 2e-20, 2e-20, -1
-0.574291, -0.126647, 0.732749, 0.05, -0.117807, -0.129758, -0.160872, 0.237898, 999.323, -1083.51, 10, 2e-20, 3e-20, 2e-20, 2e-20, -1
-0.535712, -0.226511, 0.780597, 0.05, 0.00918801, 0.00246248, 0.0129394, 0.0160596, 1003.29, 5270.12, 10, 2e-20, 3e-20, 2e-20, 2e-20, -1
-0.545728, -0.154348, 0.75957, 0.05, -0.148756, 0.0209996, -0.049264, 0.158102, 1005.82, 9318.23, 10, 2e-20, 3e-20, 2e-20, 2e-20, -1
-0.564212, -0.181204, 0.798845, 0.05, -0.182408, -0.194596, 0.0148538, 0.267135, 1002.58, 4126.59, 10, 2e-20, 3e-20, 2e-20, 2e-20, -1
-0.589376, -0.184579, 0.845732, 0.05, 0.0247181, -0.0596877, 0.00896593, 0.0652226, 997.27, -4368.4, 10, 2e-20, 3e-20, 2e-20, 2e-20, -1
-0.58546, -0.134797, 0.824417, 0.05, -0.0294501, -0.0165866, 0.19113, 0.194096, 1001.98, 3171.7, 10, 2e-20, 3e-20, 2e-20, 2e-20, -1
-0.558781, -0.113606, 0.881311, 0.05, -0.209704, -0.132826, 0.111944, 0.272305, 1004.72, 7547.05, 10, 2e-20, 3e-20, 2e-20, 2e-20, -1
-0.498075, -0.066257, 0.939877, 0.05, -0.0652008, -0.191689, 0.18145, 0.271882, 999.769, -369.453, 10, 2e-20, 3e-20, 2e-20, 2e-20, -1
-0.478682, -0.11152, 0.914618, 0.05, 0.110078, -0.0518673, 0.275651, 0.301315, 997.071, -4686.23, 10, 2e-20, 3e-20, 2e-20, 2e-20, -1
-0.427918, -0.128782, 0.984135, 0.05, -0.00218799, -0.0351497, -0.106451, 0.112125, 1003.18, 5085.21, 10, 2e-20, 3e-20, 2e-20, 2e-20, -1
-0.439027, -0.17645, 1.00219, 0.05, -0.0640182, 0.00561787, 0.0542995, 0.0841328, 1000.25, 400.118, 10, 2e-20, 3e-20, 2e-20, 2e-20, -1
-0.412504, -0.179638, 1.04555, 0.05, 0.195883, -0.0250525, 0.135355, 0.239413, 994.202, -9277.55, 10, 2e-20, 3e-20, 2e-20, 2e-20, -1
-0.38347, -0.156404, 1.10707, 0.05, -0.0268468, 0.0679576, 0.0805635, 0.108763, 1001.93, 3088.18, 10, 2e-20, 3e-20, 2e-20, 2e-20, -1
-0.338082, -0.113421, 1.15892, 0.05, -0.050101, -0.00775959, 0.26433, 0.269148, 1003.28, 5250.49, 10, 2e-20, 3e-20, 2e-20, 2e-20, -1
-0.289479, -0.105145, 1.17295, 0.05, 0.104268, -0.0694998, 0.196871, 0.233367, 999.345, -1047.92, 10, 2e-20, 3e-20, 2e-20, 2e-20, -1
-0.249291, -0.0572317, 1.28027, 0.05, -0.0260946, 0.00648574, 0.178338, 0.180354, 1003.68, 5894.63, 10, 2e-20, 3e-20, 2e-20, 2e-20, -1
-0.219507, -0.102483, 1.38176, 0.05, -0.079357, -0.00323785, 0.00930215, 0.0799659, 997.563, -3899.64, 10, 2e-20, 3e-20, 2e-20, 2e-20, -1
-0.237411, -0.093722, 1.39508, 0.05, 0.00977205, -0.018246, 0.01766, 0.0272082, 1005.32, 8505.44, 10, 2e-20, 3e-20, 2e-20, 2e-20, -1
-0.502021, -0.163161, 0.0531998, 0.05, -0.100854, 0.24871, -0.123462, 0.295417, 1012.88, 20611.9, 10, 2e-20, 3e-20, 2e-20, 2e-20, -1
-0.560406, -0.229787, 0.0467568, 0.05, -0.0418267, 0.0708367, -0.00792483, 0.0826446, 1004.11, 6571.54, 10, 2e-20, 3e-20, 2e-20, 2e-20, -1
-0.539428, -0.197608, 0.0889322, 0.05, 0.039304, 0.0456591, -0.0709075, 0.0930453, 996.058, -6306.6, 10, 2e-20, 3e-20, 2e-20, 2e-20, -1
-0.578458, -0.126697, 0.0811832, 0.05, 0.0282948, 0.103845, 0.0266046, 0.11087, 1016.53, 26453.3, 10, 2e-20, 3e-20, 2e-20, 2e-20, -1
-0.478876, -0.142564, 0.0920875, 0.05, 0.0550766, 0.0649059, 0.0119099, 0.0859538, 1006.89, 11020.7, 10, 2e-20, 3e-20, 2e-20, 2e-20, -1
-0.496717, -0.221889, 0.106236, 0.05, -0.0901832, -0.136888, 0.189063, 0.250232, 1003.92, 6278.57, 10, 2e-20, 3e-20, 2e-20, 2e-20, -1
-0.53713, -0.151525, 0.101904, 0.05, 0.0116511, 0.0944225, 0.104141, 0.141056, 1006.54, 10468.3, 10, 2e-20, 3e-20, 2e-20, 2e-20, -1
-0.527544, -0.0743028, 0.133261, 0.05, 0.0995665, 0.286717, 0.0109559, 0.303711, 999.162, -1340.48, 10, 2e-20, 3e-20, 2e-20, 2e-20, -1
-0.530285, -0.101766, 0.179902, 0.05, 0.0308091, -0.0368565, -0.170678, 0.177309, 1006.4, 10245.7, 10, 2e-20, 3e-20, 2e-20, 2e-20, -1
-0.571011, -0.0665579, 0.191542, 0.05, -0.0613823, 0.359416, -0.321503, 0.48612, 1007.64, 12217.9, 10, 2e-20, 3e-20, 2e-20, 2e-20, -1
-0.545027, -0.140269, 0.208578, 0.05, -0.0787025, 0.000754113, 0.073879, 0.107948, 1008.19, 13105.5, 10, 2e-20, 3e-20, 2e-20, 2e-20, -1
-0.521064, -0.129671, 0.247027, 0.05, -0.0283442, 0.0218001, 0.187535, 0.190913, 1008.32, 13317.7, 10, 2e-20, 3e-20, 2e-20, 2e-20, -1
-0.548793, -0.0933667, 0.273624, 0.05, -0.0797199, -0.0198922, -0.0261238, 0.0862172, 1003.98, 6373.09, 10, 2e-20, 3e-20, 2e-20, 2e-20, -1
-0.506822, -0.166264, 0.289447, 0.05, 0.0413771, 0.0445965, -0.0243685, 0.0655342, 1007.7, 12318.8, 10, 2e-20, 3e-20, 2e-20, 2e-20, -1
-0.553086, -0.189991, 0.306891, 0.05, 0.0274714, -0.0148666, -0.0241349, 0.0394739, 1007.03, 11252.1, 10, 2e-20, 3e-20, 2e-20, 2e-20, -1
-0.559209, -0.0536782, 0.34899, 0.05, 0.131175, -0.0101994, -0.00322844, 0.13161, 1002.8, 4478, 10, 2e-20, 3e-20, 2e-20, 2e-20, -1
-0.559112, -0.153057, 0.343391, 0.05, -0.0559552, -0.15981, 0.140201, 0.219833, 1003.54, 5671.17, 10, 2e-20, 3e-20, 2e-20, 2e-20, -1
-0.555429, -0.105208, 0.369486, 0.05, 0.0638977, 0.00437202, 0.095527, 0.115011, 1006.48, 10372.8, 10, 2e-20, 3e-20, 2e-20, 2e-20, -1
-0.541495, -0.189055, 0.395413, 0.05, -0.166058, -0.130408, 0.0599557, 0.219491, 1002.3, 3674.5, 10, 2e-20, 3e-20, 2e-20, 2e-20, -1
-0.571306, -0.147436, 0.388904, 0.05, -0.0187709, 0.0193262, -0.287948, 0.289206, 1007.39, 11819.9, 10, 2e-20, 3e-20, 2e-20, 2e-20, -1
-0.533983, -0.142669, 0.418379, 0.05, 0.0191514, 0.0167575, 0.115023, 0.117804, 1003.07, 4904.53, 10, 2e-20, 3e-20, 2e-20, 2e-20, -1
-0.575386, -0.152122, 0.445515, 0.05, -0.144901, 0.0417277, 0.1589, 0.219059, 1002.18, 3495.94, 10, 2e-20, 3e-20, 2e-20, 2e-20, -1
-0.531252, -0.15603, 0.467218, 0.05, -0.0651596, 0.00826255, 0.0204496, 0.0687912, 1006.78, 10844, 10, 2e-20, 3e-20, 2e-20, 2e-20, -1
-0.574183, -0.0965638, 0.539216, 0.05, -0.160083, 0.1765, -0.230014, 0.331188, 1010.06, 16103.8, 10, 2e-20, 3e-20, 2e-20, 2e-20, -1
-0.531638, -0.0827014, 0.570666, 0.05, 0.0600978, 0.0507917, -0.299298, 0.309469, 1004.84, 7749.94, 10, 2e-20, 3e-20, 2e-20, 2e-20, -1
-0.553909, -0.125635, 0.590289, 0.05, 0.0790611, -0.154617, 0.0304278, 0.176303, 1002.06, 3292.22, 10, 2e-20, 3e-20, 2e-20, 2e-20, -1
-0.568562, -0.0498212, 0.571497, 0.05, -0.141442, -0.132472, -0.0920209, 0.214529, 1004.79, 7667.92, 10, 2e-20, 3e-20, 2e-20, 2e-20, -1
-0.575745, -0.11127, 0.633577, 0.05, 0.0998084, -0.0741025, -0.107422, 0.164293, 1000.64, 1024.34, 10, 2e-20, 3e-20, 2e-20, 2e-20, -1
-0.589754, -0.0792761, 0.669406, 0.05, -0.0442309, -0.0471092, -0.0406614, 0.0763479, 1004.24, 6788.43, 10, 2e-20, 3e-20, 2e-20, 2e-20, -1
-0.611387, -0.0282078, 0.675474, 0.05, -0.214718, 0.00817289, 0.0230417, 0.216105, 999.237, -1220.34, 10, 2e-20, 3e-20, 2e-20, 2e-20, -1
-0.586458, -0.0608505, 0.718586, 0.05, -0.0504585, -0.0224942, -0.145222, 0.155376, 1004.21, 6732.83, 10, 2e-20, 3e-20, 2e-20, 2e-20, -1
-0.568993, -0.00612834, 0.700338, 0.05, 0.000642168, 0.0696954, 0.0526655, 0.0873585, 998.366, -2613.82, 10, 2e-20, 3e-20, 2e-20, 2e-20, -1
-0.564102, -0.00934588, 0.755942, 0.05, 0.0465035, -0.00416443, -0.0731191, 0.0867544, 1006.85, 10953.4, 10, 2e-20, 3e-20, 2e-20, 2e-20, -1
-0.583145, 0.0148961, 0.794417, 0.05, -0.0344351, -0.0136609, -0.0928046, 0.0999254, 1003.22, 5148.81, 10, 2e-20, 3e-20, 2e-20, 2e-20, -1
-0.567875, -0.03392, 0.806966, 0.05, -0.0563812, -0.00502881, -0.0766699, 0.0953016, 1000.16, 253.069, 10, 2e-20, 3e-20, 2e-20, 2e-20, -1
-0.635466, 0.016383, 0.798121, 0.05, -0.00300924, -0.12952, -0.100841, 0.164175, 1000.69, 1096.25, 10, 2e-20, 3e-20, 2e-20, 2e-20, -1
-0.609723, -0.132953, 0.774893, 0.05, 0.00810893, -0.0217796, -0.0338199, 0.0410352, 999.725, -439.42, 10, 2e-20, 3e-20, 2e-20, 2e-20, -1
-0.623926, -0.0354971, 0.803918, 0.05, -0.1202, -0.138947, 0.0120097, 0.184115, 995.574, -7081.86, 10, 2e-20, 3e-20, 2e-20, 2e-20, -1
-0.595719, -0.0828268, 0.808438, 0.05, -0.112883, -0.135271, 0.148057, 0.230134, 1000.89, 1423.57, 10, 2e-20, 3e-20, 2e-20, 2e-20, -1
-0.587484, -0.057681, 0.855511, 0.05, 0.0605292, -0.0998705, 0.0398661, 0.123399, 998.941, -1693.65, 10, 2e-20, 3e-20, 2e-20, 2e-20, -1
-0.529936, -0.10068, 0.933183, 0.05, -0.0128656, -0.104403, 0.0897665, 0.138288, 1004.16, 6652.07, 10, 2e-20, 3e-20, 2e-20, 2e-20, -1
-0.479555, -0.108765, 0.980506, 0.05, 0.058859, -0.0859662, -0.00162392, 0.104198, 1006.15, 9832.25, 10, 2e-20, 3e-20, 2e-20, 2e-20, -1
-0.469388, -0.0512001, 0.985811, 0.05, -0.0963911, 0.0303989, 0.148807, 0.179886, 1002.74, 4389.62, 10, 2e-20, 3e-20, 2e-20, 2e-20, -1
-0.444852, -0.125889, 1.02528, 0.05, -0.00123895, -0.041839, 0.146288, 0.152158, 1001.33, 2120.94, 10, 2e-20, 3e-20, 2e-20, 2e-20, -1
-0.503864, -0.0749321, 1.01014, 0.05, 0.0566769, 0.0167919, 0.107632, 0.122796, 998.75, -1999.85, 10, 2e-20, 3e-20, 2e-20, 2e-20, -1
-0.403346, -0.0752844, 1.06947, 0.05, 0.0617917, -0.0975527, 0.171219, 0.20652, 993.481, -10430.5, 10, 2e-20, 3e-20, 2e-20, 2e-20, -1
-0.456773, -0.0826215, 1.04366, 0.05, -0.147991, 0.0564897, 0.189948, 0.247331, 999.873, -202.991, 10, 2e-20, 3e-20, 2e-20, 2e-20, -1
-0.338702, -0.0781075, 1.12701, 0.05, 0.0707439, -0.0938669, 0.0716582, 0.137661, 1003.37, 5390.27, 10, 2e-20, 3e-20, 2e-20, 2e-20, -1
-0.25621, -0.0534026, 1.22607, 0.05, -0.0266623, -0.0666551, 0.150618, 0.166852, 1000.96, 1531.76, 10, 2e-20, 3e-20, 2e-20, 2e-20, -1
-0.232989, 0.00610429, 1.28805, 0.05, 0.00470209, -0.111325, -0.0229316, 0.113759, 1003.64, 5824.52, 10, 2e-20, 3e-20, 2e-20, 2e-20, -1
-0.271172, 0.143166, 1.3911, 0.05, -0.00297902, -0.0352877, 0.0967844, 0.10306, 1001, 1602.3, 10, 2e-20, 3e-20, 2e-20, 2e-20, -1
-0.551406, -0.0512944, 0.0485881, 0.05, 0.236002, 0.193366, -0.0395945, 0.307661, 1017.43, 27885, 10, 2e-20, 3e-20, 2e-20, 2e-20, -1
-0.546494, -0.111256, 0.0446632, 0.05, -0.0294338, -0.0517203, 0.145036, 0.15677, 1008.49, 13587.3, 10, 2e-20, 3e-20, 2e-20, 2e-20, -1
-0.60503, -0.0567317, 0.0659004, 0.05, 0.233044, 0.00991476, -0.240336, 0.334917, 1000.34, 541.272, 10, 2e-20, 3e-20, 2e-20, 2e-20, -1
-0.632329, -0.026296, 0.0979121, 0.05, -0.188469, 0.118625, -0.244867, 0.330987, 1003.57, 5704.33, 10, 2e-20, 3e-20, 2e-20, 2e-20, -1
-0.568842, -0.0774498, 0.102006, 0.05, -0.143203, 0.163605, -0.13827, 0.257667, 1000.14, 229.8, 10, 2e-20, 3e-20, 2e-20, 2e-20, -1
-0.581859, -0.125513, 0.122266, 0.05, 0.104408, -0.0379749, -0.100335, 0.149701, 1007.58, 12130.8, 10, 2e-20, 3e-20, 2e-20, 2e-20, -1
-0.590183, -0.0147461, 0.120327, 0.05, 0.184647, 0.0667293, 0.0685006, 0.207942, 1008.42, 13472.6, 10, 2e-20, 3e-20, 2e-20, 2e-20, -1
-0.572215, -0.0860268, 0.147087, 0.05, -0.109712, 0.184284, -0.140578, 0.256436, 1006.13, 9813.15, 10, 2e-20, 3e-20, 2e-20, 2e-20, -1
-0.604169, -0.0489918, 0.157314, 0.05, 0.248585, 0.180336, -0.153129, 0.343167, 1007.09, 11343.6, 10, 2e-20, 3e-20, 2e-20, 2e-20, -1
-0.583049, -0.0449999, 0.244594, 0.05, -0.0437206, -0.125915, -0.0123355, 0.133859, 1001.12, 1785.49, 10, 2e-20, 3e-20, 2e-20, 2e-20, -1
-0.536805, -0.0359679, 0.258588, 0.05, 0.282394, 0.111138, -0.189885, 0.357987, 1011.4, 18244.9, 10, 2e-20, 3e-20, 2e-20, 2e-20, -1
-0.57534, -0.0101319, 0.277737, 0.05, -0.167487, 0.411787, 0.0177607, 0.4449, 1017.46, 27929.2, 10, 2e-20, 3e-20, 2e-20, 2e-20, -1
-0.559303, -0.0518827, 0.303194, 0.05, -0.0424624, -0.308537, 0.11876, 0.33332, 1000.64, 1016.16, 10, 2e-20, 3e-20, 2e-20, 2e-20, -1
-0.527623, 0.0319239, 0.310065, 0.05, 0.00179224, 0.310115, -0.260218, 0.404831, 1003.75, 5997.06, 10, 2e-20, 3e-20, 2e-20, 2e-20, -1
-0.514769, -0.0733286, 0.313972, 0.05, -0.115464, 0.292044, -0.0568462, 0.319144, 1017.39, 27828.9, 10, 2e-20, 3e-20, 2e-20, 2e-20, -1
-0.578363, 0.0310516, 0.30715, 0.05, 0.0273886, 0.0353346, -0.153796, 0.160162, 1001.05, 1675.37, 10, 2e-20, 3e-20, 2e-20, 2e-20, -1
-0.482248, -0.0435218, 0.335186, 0.05, -0.0817623, 0.0381552, -0.209963, 0.228528, 1004.86, 7768.68, 10, 2e-20, 3e-20, 2e-20, 2e-20, -1
-0.58275, -0.00607121, 0.373635, 0.05, -0.0981537, -0.0194482, 0.0356583, 0.106226, 1007.9, 12646.8, 10, 2e-20, 3e-20, 2e-20, 2e-20, -1
-0.591463, -0.0625772, 0.393198, 0.05, 0.0449417, -0.210636, -0.117312, 0.245254, 1006.7, 10727.4, 10, 2e-20, 3e-20, 2e-20, 2e-20, -1
-0.537918, -0.0653483, 0.403666, 0.05, -0.1465, -0.130177, -0.00573781, 0.196064, 1008.27, 13226.6, 10, 2e-20, 3e-20, 2e-20, 2e-20, -1
-0.564868, -0.0279739, 0.422943, 0.05, 0.10885, -0.00293759, -0.0714035, 0.130213, 1007.23, 11575.9, 10, 2e-20, 3e-20, 2e-20, 2e-20, -1
-0.571373, -0.104151, 0.421582, 0.05, 0.0573599, 0.102225, -0.000504614, 0.117219, 998.53, -2351.4, 10, 2e-20, 3e-20, 2e-20, 2e-20, -1
-0.531975, -0.0939849, 0.452922, 0.05, -0.0570055, 0.158774, -0.010819, 0.169044, 1005.54, 8861.23, 10, 2e-20, 3e-20, 2e-20, 2e-20, -1
-0.532123, -0.101862, 0.499401, 0.05, -0.037219, -0.0175959, 0.0216242, 0.0465024, 1007.75, 12395.8, 10, 2e-20, 3e-20, 2e-20, 2e-20, -1
-0.542862, -0.0563747, 0.520747, 0.05, 0.0806574, -0.0919252, 0.0765258, 0.144264, 998.66, -2144.68, 10, 2e-20, 3e-20, 2e-20, 2e-20, -1
-0.557958, -0.0104609, 0.532723, 0.05, 0.000316715, -0.16876, 0.0638677, 0.180441, 1000.93, 1483.42, 10, 2e-20, 3e-20, 2e-20, 2e-20, -1
-0.59748, 0.0128359, 0.636543, 0.05, -0.0534316, 0.0520673, -0.0256158, 0.0788803, 1001.38, 2200.93, 10, 2e-20, 3e-20, 2e-20, 2e-20, -1
-0.571382, 0.0546805, 0.62955, 0.05, 0.0641995, -0.195151, -0.247253, 0.321465, 1001.16, 1855.34, 10, 2e-20, 3e-20, 2e-20, 2e-20, -1
-0.562142, -0.0327049, 0.653221, 0.05, 0.11449, -0.00821485, -0.0939508, 0.148331, 1005.73, 9175.89, 10, 2e-20, 3e-20, 2e-20, 2e-20, -1
-0.577345, 0.0809903, 0.673047, 0.05, -0.00356371, -0.119328, 0.0166158, 0.120532, 1000.17, 279.419, 10, 2e-20, 3e-20, 2e-20, 2e-20, -1
-0.603384, 0.0320678, 0.686122, 0.05, -0.217317, 0.0547318, -0.0702089, 0.234843, 1005.44, 8710.73, 10, 2e-20, 3e-20, 2e-20, 2e-20, -1
-0.5754, 0.0566808, 0.720973, 0.05, 0.0305929, -0.0729175, -0.0456689, 0.0913156, 1003.16, 5050.04, 10, 2e-20, 3e-20, 2e-20, 2e-20, -1
-0.604023, 0.0246918, 0.750146, 0.05, -0.0695895, -0.0495564, -0.0591444, 0.103907, 1006.63, 10602.9, 10, 2e-20, 3e-20, 2e-20, 2e-20, -1
-0.634386, 0.0739393, 0.783106, 0.05, 0.000964121, -0.0179095, -0.274966, 0.27555, 992.221, -12445.6, 10, 2e-20, 3e-20, 2e-20, 2e-20, -1
-0.586104, 0.0656252, 0.773947, 0.05, -0.0355579, 0.0143316, -0.0830989, 0.0915161, 1002.14, 3430.5, 10, 2e-20, 3e-20, 2e-20, 2e-20, -1
-0.576571, 0.114006, 0.788649, 0.05, -0.066463, 0.0343268, -0.164863, 0.18104, 1006.37, 10184, 10, 2e-20, 3e-20, 2e-20, 2e-20, -1
-0.609528, 0.0433296, 0.834317, 0.05, 0.0403699, -0.00444345, -0.0341089, 0.0530367, 994.841, -8254.68, 10, 2e-20, 3e-20, 2e-20, 2e-20, -1
-0.595102, -0.00803024, 0.840721, 0.05, -0.00377668, -0.0699819, -0.0855049, 0.110557, 1003.81, 6095.89, 10, 2e-20, 3e-20, 2e-20, 2e-20, -1
-0.543132, -0.0596005, 0.896583, 0.05, -0.0285145, 0.0524107, 0.0742099, 0.0952211, 1001.94, 3101.4, 10, 2e-20, 3e-20, 2e-20, 2e-20, -1
-0.555913, -0.0205952, 0.931715, 0.05, 0.0936078, -0.168054, 0.054894, 0.200044, 997.793, -3531.6, 10, 2e-20, 3e-20, 2e-20, 2e-20, -1
-0.52097, 0.0166484, 0.922623, 0.05, 0.00774388, -0.00371422, 0.155902, 0.156138, 995.595, -7047.37, 10, 2e-20, 3e-20, 2e-20, 2e-20, -1
-0.50651, -0.0203098, 0.95828, 0.05, 0.0326307, -0.0107487, 0.153671, 0.157465, 1001.98, 3167.45, 10, 2e-20, 3e-20, 2e-20, 2e-20, -1
-0.503262, 0.0314853, 0.973426, 0.05, 0.225622, -0.221064, -0.180352, 0.363732, 996.466, -5653.7, 10, 2e-20, 3e-20, 2e-20, 2e-20, -1
-0.466031, -0.00313097, 1.0036, 0.05, 0.0725373, -0.207236, 0.0514289, 0.225507, 990.515, -15176.1, 10, 2e-20, 3e-20, 2e-20, 2e-20, -1
-0.412933, 0.0163699, 1.04393, 0.05, -0.01227, -0.0356005, 0.134982, 0.140136, 1003.04, 4869.63, 10, 2e-20, 3e-20, 2e-20, 2e-20, -1
-0.428453, -0.0356445, 1.03425, 0.05, -0.120183, 0.14045, 0.128906, 0.22536, 1012.9, 20633, 10, 2e-20, 3e-20, 2e-20, 2e-20, -1
-0.393157, 0.012775, 1.09621, 0.05, -0.136363, 0.0482156, 0.171687, 0.22449, 1003.31, 5296.48, 10, 2e-20, 3e-20, 2e-20, 2e-20, -1
-0.368803, -0.0388431, 1.11482, 0.05, 0.10778, -0.0849221, 0.0163423, 0.138186, 1001.7, 2714.27, 10, 2e-20, 3e-20, 2e-20, 2e-20, -1
-0.333232, -0.0350482, 1.17871, 0.05, 0.211735, 0.0289555, 0.13674, 0.253709, 997.854, -3433.13, 10, 2e-20, 3e-20, 2e-20, 2e-20, -1
-0.237988, 0.0522596, 1.30971, 0.05, -0.0690629, 0.156821, -0.0220828, 0.172772, 1002.73, 4366.59, 10, 2e-20, 3e-20, 2e-20, 2e-20, -1
-0.237582, -0.029022, 1.39964, 0.05, -0.0970249, 0.00738463, 0.209094, 0.230627, 1003.41, 5459.73, 10, 2e-20, 3e-20, 2e-20, 2e-20, -1
-0.549607, 0.0204112, 0.0484889, 0.05, -0.449165, 0.11403, -0.418634, 0.624505, 1010.83, 17334.5, 10, 2e-20, 3e-20, 2e-20, 2e-20, -1
-0.556085, 0.0938805, 0.0510878, 0.05, -0.609728, -0.665364, -0.250758, 0.936674, 1021.23, 33962, 10, 2e-20, 3e-20, 2e-20, 2e-20, -1
-0.592983, 0.0484082, 0.0616191, 0.05, -0.106394, 0.284419, -0.549393, 0.627731, 1007.8, 12484.4, 10, 2e-20, 3e-20, 2e-20, 2e-20, -1
-0.545293, 0.0431223, 0.0874193, 0.05, 0.0156412, -0.268495, -0.250436, 0.367495, 1003.72, 5953.93, 10, 2e-20, 3e-20, 2e-20, 2e-20, -1
-0.536471, 0.0612806, 0.134553, 0.05, -0.0266888, -0.0292882, 0.271987, 0.274858, 993.97, -9647.6, 10, 2e-20, 3e-20, 2e-20, 2e-20, -1
-0.566189, 0.0408291, 0.158676, 0.05, 0.191339, -0.0138181, -0.0520205, 0.198765, 1010.78, 17240.3, 10, 2e-20, 3e-20, 2e-20, 2e-20, -1
-0.538302, -0.0186976, 0.121036, 0.05, 0.0533427, 0.554944, -0.0393226, 0.558887, 1010.04, 16063.7, 10, 2e-20, 3e-20, 2e-20, 2e-20, -1
-0.528224, 0.0175318, 0.147025, 0.05, -0.128561, 0.133886, -0.20029, 0.273074, 1012.62, 20186.8, 10, 2e-20, 3e-20, 2e-20, 2e-20, -1
-0.566811, -0.0146754, 0.164638, 0.05, 0.015419, -0.176173, 0.0681466, 0.189523, 1009.8, 15683.4, 10, 2e-20, 3e-20, 2e-20, 2e-20, -1
-0.568518, 0.0179992, 0.202973, 0.05, -0.131235, -0.0448378, 0.412458, 0.435149, 996.798, -5123.38, 10, 2e-20, 3e-20, 2e-20, 2e-20, -1
-0.607345, -0.0264171, 0.20456, 0.05, 0.147612, 0.36076, -0.365359, 0.534251, 1014.12, 22585.4, 10, 2e-20, 3e-20, 2e-20, 2e-20, -1
-0.560926, 0.0348105, 0.260121, 0.05, 0.0445414, -0.180251, -0.0594523, 0.194959, 1001.83, 2920.08, 10, 2e-20, 3e-20, 2e-20, 2e-20, -1
-0.564033, 0.092275, 0.243253, 0.05, 0.0732922, 0.156716, -0.128759, 0.215663, 1007.41, 11860.2, 10, 2e-20, 3e-20, 2e-20, 2e-20, -1
-0.604485, 0.0726389, 0.276993, 0.05, 0.0228514, 0.0975896, 0.0593106, 0.116463, 1003.58, 5729.09, 10, 2e-20, 3e-20, 2e-20, 2e-20, -1
-0.554666, 0.0696682, 0.343212, 0.05, -0.139708, 0.129448, -0.254884, 0.318184, 1013.72, 21946.6, 10, 2e-20, 3e-20, 2e-20, 2e-20, -1
-0.535617, 0.0323097, 0.369599, 0.05, 0.159497, -0.307805, 0.186119, 0.393476, 995.504, -7193.01, 10, 2e-20, 3e-20, 2e-20, 2e-20, -1
-0.551997, -0.00731708, 0.32758, 0.05, -0.0248389, -0.0567271, 0.154721, 0.166654, 1003.4, 5438.21, 10, 2e-20, 3e-20, 2e-20, 2e-20, -1
-0.563561, 0.105054, 0.39557, 0.05, -0.34571, 0.126603, -0.0369311, 0.37001, 1007.81, 12495.7, 10, 2e-20, 3e-20, 2e-20, 2e-20, -1
-0.479574, 0.0402768, 0.381879, 0.05, -0.0923955, -0.134777, 0.0266228, 0.165561, 1002.71, 4331.16, 10, 2e-20, 3e-20, 2e-20, 2e-20, -1
-0.520633, 0.0734002, 0.386193, 0.05, 0.102053, -0.170941, 0.0961108, 0.221072, 994.774, -8361.7, 10, 2e-20, 3e-20, 2e-20, 2e-20, -1
-0.518846, 0.0368256, 0.418123, 0.05, 0.231567, -0.00625216, 0.024916, 0.232988, 1009.05, 14478.5, 10, 2e-20, 3e-20, 2e-20, 2e-20, -1
-0.569354, 0.0683089, 0.475193, 0.05, -0.312065, 0.0041002, 0.0518465, 0.316369, 1006.64, 10630, 10, 2e-20, 3e-20, 2e-20, 2e-20, -1
-0.555292, 0.0700522, 0.426929, 0.05, -0.10927, -0.0921324, -0.063661, 0.156464, 1002.07, 3314.18, 10, 2e-20, 3e-20, 2e-20, 2e-20, -1
-0.547719, -0.0467256, 0.469944, 0.05, 0.133862, -0.106898, -0.0605162, 0.181682, 1012.08, 19324.9, 10, 2e-20, 3e-20, 2e-20, 2e-20, -1
-0.506492, -0.00210485, 0.526661, 0.05, 0.145594, -0.0860285, 0.190471, 0.254711, 996.224, -6042.12, 10, 2e-20, 3e-20, 2e-20, 2e-20, -1
-0.56654, -0.00114174, 0.5853, 0.05, 0.00434245, 0.0789447, -0.0277325, 0.0837867, 999.186, -1302.8, 10, 2e-20, 3e-20, 2e-20, 2e-20, -1
-0.595756, 0.03964, 0.575876, 0.05, 0.0871512, 0.0312107, -0.312264, 0.325697, 1001.3, 2076.05, 10, 2e-20, 3e-20, 2e-20, 2e-20, -1
-0.544709, 0.0333043, 0.551309, 0.05, 0.00314196, -0.0759349, 0.381782, 0.389273, 1002.14, 3422.4, 10, 2e-20, 3e-20, 2e-20, 2e-20, -1
-0.526774, 0.0922476, 0.614012, 0.05, -0.0068436, 0.115913, -0.25968, 0.284458, 1001.81, 2901.91, 10, 2e-20, 3e-20, 2e-20, 2e-20, -1
-0.523621, 0.142318, 0.619296, 0.05, 0.0120916, -0.0473309, 0.128292, 0.137278, 995.088, -7859.92, 10, 2e-20, 3e-20, 2e-20, 2e-20, -1
-0.544387, 0.117815, 0.660583, 0.05, 0.129014, 0.270607, -0.0127109, 0.300057, 1004.03, 6445.35, 10, 2e-20, 3e-20, 2e-20, 2e-20, -1
-0.524242, 0.0822447, 0.693491, 0.05, -0.0929223, 0.0180947, -0.0304225, 0.0994359, 1005.69, 9101.22, 10, 2e-20, 3e-20, 2e-20, 2e-20, -1
-0.628199, 0.1255, 0.79185, 0.05, 0.119925, -0.104723, -0.275654, 0.31833, 1012.86, 20583.9, 10, 2e-20, 3e-20, 2e-20, 2e-20, -1
-0.526875, 0.220266, 0.756407, 0.05, 0.0489248, 0.0475281, -0.227531, 0.237535, 1003.73, 5975.64, 10, 2e-20, 3e-20, 2e-20, 2e-20, -1
-0.534531, 0.070944, 0.747513, 0.05, 0.0281782, -0.0756476, -0.0540965, 0.0971751, 996.483, -5627.07, 10, 2e-20, 3e-20, 2e-20, 2e-20, -1
-0.555456, 0.150156, 0.815501, 0.05, -0.0477317, -0.130168, -0.0409603, 0.144567, 1001.76, 2810.19, 10, 2e-20, 3e-20, 2e-20, 2e-20, -1
-0.598896, 0.11822, 0.841351, 0.05, 0.0300271, 0.0806974, -0.141815, 0.165907, 1002.35, 3758.94, 10, 2e-20, 3e-20, 2e-20, 2e-20, -1
-0.57596, 0.0778933, 0.822692, 0.05, -0.0246521, -0.101877, -0.147157, 0.18067, 1001.36, 2171.08, 10, 2e-20, 3e-20, 2e-20, 2e-20, -1
-0.515262, -0.0321456, 0.860217, 0.05, 0.0460617, -0.0694501, 0.0749594, 0.112089, 1002.56, 4091.78, 10, 2e-20, 3e-20, 2e-20, 2e-20, -1
-0.555181, 0.0420646, 0.856305, 0.05, 0.0882972, 0.00182473, -0.111571, 0.142295, 998.482, -2428.44, 10, 2e-20, 3e-20, 2e-20, 2e-20, -1
-0.545685, -0.00832912, 0.878179, 0.05, 0.0666173, -0.219951, -0.0281775, 0.231539, 1000.54, 869.521, 10, 2e-20, 3e-20, 2e-20, 2e-20, -1
-0.5582, 0.0687847, 0.90293, 0.05, -0.00855169, -0.0839509, 0.0282561, 0.0889904, 1000.81, 1302.37, 10, 2e-20, 3e-20, 2e-20, 2e-20, -1
-0.47484, 0.0613264, 0.918902, 0.05, 0.085037, -0.184706, -0.0628931, 0.212846, 1008.41, 13456.8, 10, 2e-20, 3e-20, 2e-20, 2e-20, -1
-0.4517, 0.0439269, 0.991424, 0.05, 0.0723214, -0.11773, -0.0165479, 0.139156, 992.824, -11482.2, 10, 2e-20, 3e-20, 2e-20, 2e-20, -1
-0.376965, 0.102156, 1.12058, 0.05, 0.0338069, -0.0142436, 0.132417, 0.137405, 998.408, -2546.47, 10, 2e-20, 3e-20, 2e-20, 2e-20, -1
-0.369288, 0.0392508, 1.12889, 0.05, -0.204341, -0.0730645, 0.0975966, 0.237947, 1001.42, 2271.05, 10, 2e-20, 3e-20, 2e-20, 2e-20, -1
-0.36956, -0.00362734, 1.15924, 0.05, -0.0684607, 0.0266369, 0.0530345, 0.0906038, 1004.94, 7908.22, 10, 2e-20, 3e-20, 2e-20, 2e-20, -1
-0.319896, 0.00981177, 1.17038, 0.05, 0.0577674, -0.116682, 0.110115, 0.17052, 1000.11, 174.049, 10, 2e-20, 3e-20, 2e-20, 2e-20, -1
-0.293656, 0.0283953, 1.25131, 0.05, 0.0306047, -0.0770657, 0.127644, 0.152213, 1000.36, 581.617, 10, 2e-20, 3e-20, 2e-20, 2e-20, -1
-0.207641, 0.0383913, 1.35519, 0.05, 0.0190373, 0.0848783, 0.164351, 0.185951, 999.909, -145.349, 10, 2e-20, 3e-20, 2e-20, 2e-20, -1
-0.214768, 0.102984, 1.35627, 0.05, -0.000875516, -0.158157, 0.016684, 0.159037, 998.168, -2931.78, 10, 2e-20, 3e-20, 2e-20, 2e-20, -1
-0.553789, 0.149151, 0.0494152, 0.05, -0.606794, 0.421824, -0.455621, 0.868174, 1007.55, 12085.3, 10, 2e-20, 3e-20, 2e-20, 2e-20, -1
-0.596515, 0.171753, 0.125673, 0.05, -0.000748416, 0.111997, -0.584537, 0.59517, 1049.9, 79847.1, 10, 2e-20, 3e-20, 2e-20, 2e-20, -1
-0.489189, 0.197171, 0.119748, 0.05, -0.622461, 0.310474, 0.294253, 0.755272, 989.037, -17541.2, 10, 2e-20, 3e-20, 2e-20, 2e-20, -1
-0.572894, 0.119561, 0.110527, 0.05, 0.100312, 0.135651, -0.234729, 0.289069, 1022.57, 36105.9, 10, 2e-20, 3e-20, 2e-20, 2e-20, -1
-0.528784, 0.125137, 0.104645, 0.05, -0.521638, 0.167401, -0.308856, 0.628905, 1003.46, 5530.61, 10, 2e-20, 3e-20, 2e-20, 2e-20, -1
-0.542641, 0.181845, 0.159109, 0.05, 0.283518, -0.0222564, -0.00297502, 0.284406, 1018.48, 29574.3, 10, 2e-20, 3e-20, 2e-20, 2e-20, -1
-0.469323, 0.130603, 0.111009, 0.05, -0.0395471, 0.206727, 0.38688, 0.440427, 1006.74, 10780.9, 10, 2e-20, 3e-20, 2e-20, 2e-20, -1
-0.488263, 0.0825021, 0.126384, 0.05, -0.147804, 0.0669078, 0.19083, 0.250477, 1022.99, 36791.1, 10, 2e-20, 3e-20, 2e-20, 2e-20, -1
-0.516953, 0.0977765, 0.164181, 0.05, 0.0970891, -0.380493, 0.566181, 0.68903, 999.189, -1296.92, 10, 2e-20, 3e-20, 2e-20, 2e-20, -1
-0.546599, 0.0659712, 0.208315, 0.05, -0.272261, 0.267183, -0.0936748, 0.392795, 1002.39, 3829.79, 10, 2e-20, 3e-20, 2e-20, 2e-20, -1
-0.594069, 0.0571493, 0.221841, 0.05, 0.189106, -0.017537, -0.0926606, 0.211317, 1004.11, 6570.65, 10, 2e-20, 3e-20, 2e-20, 2e-20, -1
-0.524433, 0.0122884, 0.237266, 0.05, -0.0155426, 0.132919, 0.319254, 0.346167, 1000.94, 1498.13, 10, 2e-20, 3e-20, 2e-20, 2e-20, -1
-0.514679, 0.0831183, 0.245312, 0.05, -0.153927, 0.37759, -0.0893239, 0.417429, 1012.6, 20159.8, 10, 2e-20, 3e-20, 2e-20, 2e-20, -1
-0.567999, 0.136344, 0.282681, 0.05, 0.345249, 0.0217984, 0.025181, 0.346852, 999.7, -479.206, 10, 2e-20, 3e-20, 2e-20, 2e-20, -1
-0.55901, 0.165466, 0.325348, 0.05, 0.0979998, 0.0742042, -0.0835576, 0.148634, 1001.7, 2717.88, 10, 2e-20, 3e-20, 2e-20, 2e-20, -1
-0.61589, 0.141976, 0.311703, 0.05, -0.0716293, 0.248192, -0.17418, 0.311558, 1005.27, 8427.71, 10, 2e-20, 3e-20, 2e-20, 2e-20, -1
-0.61317, 0.145328, 0.360099, 0.05, -0.259064, 0.293632, -0.113444, 0.40768, 1003.19, 5101, 10, 2e-20, 3e-20, 2e-20, 2e-20, -1
-0.545085, 0.118553, 0.350491, 0.05, 0.103078, 0.216828, -0.484199, 0.540452, 1002.76, 4418.72, 10, 2e-20, 3e-20, 2e-20, 2e-20, -1
-0.555239, 0.182781, 0.419755, 0.05, -0.149849, -0.159078, -0.0195865, 0.219418, 997.578, -3874.87, 10, 2e-20, 3e-20, 2e-20, 2e-20, -1
-0.562095, 0.126632, 0.440627, 0.05, 0.0962565, 0.191689, -0.238508, 0.320774, 1010.22, 16346.9, 10, 2e-20, 3e-20, 2e-20, 2e-20, -1
-0.563206, 0.189179, 0.470655, 0.05, -0.0263276, 0.25207, 0.015754, 0.25393, 1001.7, 2717.97, 10, 2e-20, 3e-20, 2e-20, 2e-20, -1
-0.569817, 0.119267, 0.492363, 0.05, 0.0844999, -0.138462, 0.0250822, 0.164137, 999.94, -95.5421, 10, 2e-20, 3e-20, 2e-20, 2e-20, -1
-0.557529, 0.00743413, 0.454204, 0.05, -0.0594766, 0.029826, -0.0959827, 0.116789, 1011.21, 17942.8, 10, 2e-20, 3e-20, 2e-20, 2e-20, -1
-0.526274, 0.102523, 0.477807, 0.05, -0.0426459, 0.0398486, 0.0495807, 0.0765822, 997.334, -4265.09, 10, 2e-20, 3e-20, 2e-20, 2e-20, -1
-0.544844, 0.02684, 0.500341, 0.05, -0.283676, -0.173437, -0.0471337, 0.335818, 1005.08, 8124.28, 10, 2e-20, 3e-20, 2e-20, 2e-20, -1
-0.464514, 0.159692, 0.504802, 0.05, -0.0842217, -0.0569759, 0.01617, 0.102961, 1002.97, 4747.71, 10, 2e-20, 3e-20, 2e-20, 2e-20, -1
-0.54479, 0.0780698, 0.51629, 0.05, -0.118461, 0.0355158, -0.102527, 0.160643, 1007.24, 11589.4, 10, 2e-20, 3e-20, 2e-20, 2e-20, -1
-0.537543, 0.126418, 0.533663, 0.05, 0.189281, 0.21441, -0.0918524, 0.300393, 999.714, -457.689, 10, 2e-20, 3e-20, 2e-20, 2e-20, -1
-0.56663, 0.077785, 0.575293, 0.05, -0.0832749, -0.176792, -0.0231946, 0.196794, 1003.97, 6355.73, 10, 2e-20, 3e-20, 2e-20, 2e-20, -1
-0.560651, 0.130464, 0.583221, 0.05, -0.0769624, -0.0643839, -0.0949291, 0.13813, 1001.95, 3127.95, 10, 2e-20, 3e-20, 2e-20, 2e-20, -1
-0.585696, 0.153067, 0.658918, 0.05, -0.00131849, 0.124154, -0.140582, 0.187562, 1004.49, 7185.74, 10, 2e-20, 3e-20, 2e-20, 2e-20, -1
-0.556085, 0.143055, 0.700649, 0.05, 0.13307, 0.00555704, -0.0916852, 0.161693, 1008.56, 13703.3, 10, 2e-20, 3e-20, 2e-20, 2e-20, -1
-0.570395, 0.108639, 0.737547, 0.05, -0.166949, 0.0112502, -0.0793315, 0.185181, 999.9, -160.627, 10, 2e-20, 3e-20, 2e-20, 2e-20, -1
-0.555597, 0.194333, 0.716486, 0.05, 0.176047, -0.0808293, -0.0960584, 0.216225, 1001.88, 3002.67, 10, 2e-20, 3e-20, 2e-20, 2e-20, -1
-0.568623, 0.203387, 0.770348, 0.05, -0.212926, -0.0599995, -0.207857, 0.303549, 1006.3, 10078.5, 10, 2e-20, 3e-20, 2e-20, 2e-20, -1
-0.526462, 0.19342, 0.804005, 0.05, 0.0356136, -0.162349, -0.254314, 0.30381, 999.257, -1189.2, 10, 2e-20, 3e-20, 2e-20, 2e-20, -1
-0.475879, 0.180548, 0.820683, 0.05, -0.0648535, -0.278553, -0.331827, 0.438072, 1001.4, 2237.13, 10, 2e-20, 3e-20, 2e-20, 2e-20, -1
-0.525492, 0.0776466, 0.836722, 0.05, -0.119262, -0.0359315, 0.0130538, 0.12524, 1000.01, 11.0705, 10, 2e-20, 3e-20, 2e-20, 2e-20, -1
-0.470495, 0.129313, 0.825972, 0.05, -0.187846, 0.102487, -0.151829, 0.262377, 1002.49, 3979.44, 10, 2e-20, 3e-20, 2e-20, 2e-20, -1
-0.581141, 0.0267026, 0.883703, 0.05, 0.108154, -0.0674765, -0.147959, 0.195301, 1002.94, 4698.56, 10, 2e-20, 3e-20, 2e-20, 2e-20, -1
-0.475833, 0.0968549, 0.866185, 0.05, -0.00243142, 0.0190857, -0.00709137, 0.0205052, 995.532, -7148.22, 10, 2e-20, 3e-20, 2e-20, 2e-20, -1
-0.437444, 0.0842323, 0.946394, 0.05, 0.0333037, -0.191946, 0.0905196, 0.214816, 998.272, -2765.57, 10, 2e-20, 3e-20, 2e-20, 2e-20, -1
-0.422159, 0.0672896, 1.04158, 0.05, 0.107745, -0.0443194, 0.0373944, 0.122359, 995.048, -7923.23, 10, 2e-20, 3e-20, 2e-20, 2e-20, -1
-0.441728, 0.128019, 0.968911, 0.05, 0.113292, -0.0393307, 0.149766, 0.191864, 994.106, -9431.17, 10, 2e-20, 3e-20, 2e-20, 2e-20, -1
-0.414588, 0.105549, 1.00878, 0.05, 0.015318, -0.0835484, 0.0330682, 0.0911509, 1008.55, 13685.9, 10, 2e-20, 3e-20, 2e-20, 2e-20, -1
-0.347235, 0.127197, 1.07387, 0.05, -0.0690072, -0.17684, 0.113361, 0.2211, 1005.46, 8732.23, 10, 2e-20, 3e-20, 2e-20, 2e-20, -1
-0.288492, 0.0858704, 1.17248, 0.05, 0.133142, -0.0871968, 0.0651675, 0.171979, 1001.21, 1942.03, 10, 2e-20, 3e-20, 2e-20, 2e-20, -1
-0.32358, 0.057128, 1.17051, 0.05, -0.112448, -0.043661, 0.045418, 0.128894, 1000.53, 844.975, 10, 2e-20, 3e-20, 2e-20, 2e-20, -1
-0.259859, 0.0563628, 1.27617, 0.05, 0.0406851, 0.00429207, 0.112722, 0.119917, 1002.66, 4251.65, 10, 2e-20, 3e-20, 2e-20, 2e-20, -1
-0.223606, 0.147203, 1.32679, 0.05, 0.127, -0.0588735, 0.0493055, 0.148412, 1005.35, 8567.12, 10, 2e-20, 3e-20, 2e-20, 2e-20, -1
-0.171648, 0.12946, 1.34489, 0.05, 0.0861523, 0.000409857, -0.0113716, 0.0869005, 1007.61, 12176.2, 10, 2e-20, 3e-20, 2e-20, 2e-20, -1
-0.536128, 0.279828, 0.0611245, 0.05, -0.042613, 0.443182, 0.178821, 0.479795, 996.618, -5411.84, 10, 2e-20, 3e-20, 2e-20, 2e-20, -1
-0.492808, 0.288595, 0.058786, 0.05, 0.300274, -0.1206, 0.207443, 0.384371, 1000.75, 1197.31, 10, 2e-20, 3e-20, 2e-20, 2e-20, -1
-0.500119, 0.272717, 0.129749, 0.05, 1.43013, -0.919234, 1.30176, 2.14123, 1022.49, 35983.1, 10, 2e-20, 3e-20, 2e-20, 2e-20, -1
-0.596106, 0.223643, 0.0733455, 0.05, -0.420918, 0.186576, -1.1082, 1.20004, 1019.75, 31593.3, 10, 2e-20, 3e-20, 2e-20, 2e-20, -1
-0.498408, 0.19211, 0.0547292, 0.05, -0.666496, 0.480506, -1.20116, 1.45529, 1018.55, 29683.7, 10, 2e-20, 3e-20, 2e-20, 2e-20, -1
-0.560848, 0.219074, 0.150101, 0.05, -0.0750681, -0.535965, 0.280077, 0.609374, 1019.35, 30967.5, 10, 2e-20, 3e-20, 2e-20, 2e-20, -1
-0.612272, 0.200099, 0.166749, 0.05, -0.209635, 0.190432, -0.0690036, 0.291501, 999.092, -1452.25, 10, 2e-20, 3e-20, 2e-20, 2e-20, -1
-0.534692, 0.139168, 0.147961, 0.05, -0.378238, -0.579157, -0.265981, 0.741103, 1030.51, 48822.8, 10, 2e-20, 3e-20, 2e-20, 2e-20, -1
-0.557503, 0.122808, 0.202203, 0.05, -0.0916578, -0.0379124, 0.0400341, 0.106964, 1008.4, 13436.1, 10, 2e-20, 3e-20, 2e-20, 2e-20, -1
-0.502254, 0.124878, 0.205394, 0.05, -0.148608, -0.19121, 0.0239295, 0.243348, 998.784, -1945.72, 10, 2e-20, 3e-20, 2e-20, 2e-20, -1
-0.537916, 0.164137, 0.208378, 0.05, -0.49344, -0.415603, -0.0451634, 0.646721, 1001.75, 2792.4, 10, 2e-20, 3e-20, 2e-20, 2e-20, -1
-0.53034, 0.135166, 0.246891, 0.05, 0.141574, -0.164412, 0.245247, 0.327446, 1003, 4803.5, 10, 2e-20, 3e-20, 2e-20, 2e-20, -1
-0.543268, 0.251974, 0.244556, 0.05, 0.00833607, 0.265641, -0.745903, 0.791837, 1015.31, 24493.7, 10, 2e-20, 3e-20, 2e-20, 2e-20, -1
-0.576233, 0.192608, 0.238971, 0.05, -0.139418, -0.182514, 0.361393, 0.428198, 1006.75, 10800.4, 10, 2e-20, 3e-20, 2e-20, 2e-20, -1
-0.558228, 0.20624, 0.278993, 0.05, 0.307152, -0.298362, -0.104002, 0.440657, 998.921, -1726.01, 10, 2e-20, 3e-20, 2e-20, 2e-20, -1
-0.525304, 0.131687, 0.311101, 0.05, -0.241708, -0.12716, -0.113045, 0.295587, 1010.39, 16626.6, 10, 2e-20, 3e-20, 2e-20, 2e-20, -1
-0.548312, 0.241383, 0.311137, 0.05, 0.232566, 0.0219014, -0.119379, 0.262332, 999.328, -1074.41, 10, 2e-20, 3e-20, 2e-20, 2e-20, -1
-0.544911, 0.203467, 0.356264, 0.05, -0.0911444, -0.0445209, -0.105153, 0.146104, 1015.47, 24756.8, 10, 2e-20, 3e-20, 2e-20, 2e-20, -1
-0.512692, 0.178133, 0.389111, 0.05, -0.0681982, -0.0106472, 0.000628372, 0.0690272, 1003.91, 6259.99, 10, 2e-20, 3e-20, 2e-20, 2e-20, -1
-0.497181, 0.196781, 0.4394, 0.05, 0.00527283, -0.0928008, 0.0226663, 0.0956742, 1003.74, 5979.65, 10, 2e-20, 3e-20, 2e-20, 2e-20, -1
-0.526102, 0.227622, 0.470814, 0.05, 0.00726864, 0.0959998, -0.0424763, 0.105228, 1002, 3201.16, 10, 2e-20, 3e-20, 2e-20, 2e-20, -1
-0.49899, 0.252953, 0.441046, 0.05, 0.132319, 0.0793552, -0.00886534, 0.154545, 1008.82, 14118.4, 10, 2e-20, 3e-20, 2e-20, 2e-20, -1
-0.526937, 0.202938, 0.513712, 0.05, -0.0555547, -0.00587113, 0.097769, 0.112604, 1005.12, 8189.75, 10, 2e-20, 3e-20, 2e-20, 2e-20, -1
-0.517737, 0.157865, 0.496919, 0.05, 0.0796226, -0.242952, 0.00428028, 0.255703, 1007.71, 12342.2, 10, 2e-20, 3e-20, 2e-20, 2e-20, -1
-0.50723, 0.288769, 0.501018, 0.05, 0.121311, 0.0101688, 0.0894837, 0.151087, 1002.48, 3972.13, 10, 2e-20, 3e-20, 2e-20, 2e-20, -1
-0.487813, 0.17357, 0.545011, 0.05, -0.177648, -0.079219, -0.345766, 0.396722, 1006.29, 10064.1, 10, 2e-20, 3e-20, 2e-20, 2e-20, -1
-0.591042, 0.169977, 0.569919, 0.05, -0.0392511, -0.209685, -0.247989, 0.327119, 1005.89, 9417.99, 10, 2e-20, 3e-20, 2e-20, 2e-20, -1
-0.563891, 0.217568, 0.578085, 0.05, 0.0815325, -0.181248, -0.248272, 0.318021, 1007.21, 11529.4, 10, 2e-20, 3e-20, 2e-20, 2e-20, -1
-0.571712, 0.172208, 0.608854, 0.05, 0.0193074, -0.0817908, 0.0946682, 0.126588, 998.719, -2049.95, 10, 2e-20, 3e-20, 2e-20, 2e-20, -1
-0.528802, 0.224669, 0.591136, 0.05, 0.177809, -0.00282787, 0.0264916, 0.179794, 1002.57, 4118.1, 10, 2e-20, 3e-20, 2e-20, 2e-20, -1
-0.538875, 0.177744, 0.643426, 0.05, 0.122193, -0.0512507, 0.000412816, 0.132506, 995.761, -6781.6, 10, 2e-20, 3e-20, 2e-20, 2e-20, -1
-0.52716, 0.213675, 0.675584, 0.05, -0.0253733, -0.0171831, -0.267305, 0.269056, 1005.45, 8720.73, 10, 2e-20, 3e-20, 2e-20, 2e-20, -1
-0.503872, 0.14147, 0.672694, 0.05, -0.321956, 0.0661423, -0.256604, 0.416984, 1011.11, 17780.3, 10, 2e-20, 3e-20, 2e-20, 2e-20, -1
-0.520326, 0.312937, 0.664504, 0.05, -0.128954, -0.0915936, -0.174571, 0.235571, 996.185, -6103.5, 10, 2e-20, 3e-20, 2e-20, 2e-20, -1
-0.544687, 0.268021, 0.66025, 0.05, 0.00196482, -0.00977254, -0.0390771, 0.0403285, 1004.39, 7029.35, 10, 2e-20, 3e-20, 2e-20, 2e-20, -1
-0.572645, 0.24042, 0.732898, 0.05, 0.0179849, -0.00219124, -0.177379, 0.178302, 997.226, -4438.92, 10, 2e-20, 3e-20, 2e-20, 2e-20, -1
-0.51672, 0.260191, 0.796749, 0.05, 0.000107637, 0.0849954, -0.102856, 0.13343, 1004.85, 7757.89, 10, 2e-20, 3e-20, 2e-20, 2e-20, -1
-0.532768, 0.182925, 0.853229, 0.05, -0.0388992, -0.224594, -0.0405206, 0.231512, 996.346, -5847.08, 10, 2e-20, 3e-20, 2e-20, 2e-20, -1
-0.483409, 0.168754, 0.870669, 0.05, -0.0549941, -0.129962, -0.112298, 0.180348, 1005.43, 8693.91, 10, 2e-20, 3e-20, 2e-20, 2e-20, -1
-0.465875, 0.218014, 0.925591, 0.05, -0.0133357, -0.21368, -0.224894, 0.310507, 1007.29, 11658, 10, 2e-20, 3e-20, 2e-20, 2e-20, -1
-0.461947, 0.1425, 0.910615, 0.05, -0.0854404, 0.0908459, -0.0927663, 0.155431, 1004.74, 7591.03, 10, 2e-20, 3e-20, 2e-20, 2e-20, -1
-0.420433, 0.226004, 0.903917, 0.05, 0.108054, 0.0837822, 0.0232525, 0.138694, 1000.15, 243.695, 10, 2e-20, 3e-20, 2e-20, 2e-20, -1
-0.484473, 0.114401, 0.93159, 0.05, -0.0913356, -0.0298051, 0.164627, 0.190611, 1001.17, 1878.07, 10, 2e-20, 3e-20, 2e-20, 2e-20, -1
-0.439821, 0.183501, 0.957496, 0.05, 0.0486106, -0.053093, -0.0391723, 0.0819532, 999.29, -1136.01, 10, 2e-20, 3e-20, 2e-20, 2e-20, -1
-0.397101, 0.139537, 1.05817, 0.05, -0.11989, -0.106534, -0.0838156, 0.180965, 1002.02, 3229.85, 10, 2e-20, 3e-20, 2e-20, 2e-20, -1
-0.327395, 0.109536, 1.14923, 0.05, -0.203072, -0.0831093, 0.150606, 0.266135, 999.351, -1037.69, 10, 2e-20, 3e-20, 2e-20, 2e-20, -1
-0.269947, 0.11524, 1.22239, 0.05, 0.0953476, -0.193358, 0.0635367, 0.224756, 998.266, -2774.15, 10, 2e-20, 3e-20, 2e-20, 2e-20, -1
-0.222608, 0.096063, 1.26385, 0.05, 0.0543273, -0.131739, 0.00828642, 0.142742, 997.791, -3535.17, 10, 2e-20, 3e-20, 2e-20, 2e-20, -1
-0.179708, 0.129189, 1.30653, 0.05, 0.0249164, -0.00454355, 0.0189117, 0.0316089, 998.692, -2092.54, 10, 2e-20, 3e-20, 2e-20, 2e-20, -1
-0.175332, 0.178697, 1.33698, 0.05, 0.0717724, -0.146876, -0.0794314, 0.18175, 997.267, -4372.99, 10, 2e-20, 3e-20, 2e-20, 2e-20, -1
-0.176323, 0.134227, 1.40954, 0.05, -0.0698569, -0.0378311, 0.0553524, 0.0968249, 998.004, -3193.11, 10, 2e-20, 3e-20, 2e-20, 2e-20, -1
-0.429911, 0.329847, 0.0581152, 0.05, -0.255191, -0.0813761, -0.365608, 0.453226, 993.531, -10350.9, 10, 2e-20, 3e-20, 2e-20, 2e-20, -1
-0.468442, 0.386254, 0.0518762, 0.05, -0.704505, -0.203447, -0.10894, 0.741341, 1010.3, 16481.8, 10, 2e-20, 3e-20, 2e-20, 2e-20, -1
-0.491992, 0.397604, 0.0783242, 0.05, -0.434233, 0.283782, -0.296557, 0.597525, 1015.54, 24868.3, 10, 2e-20, 3e-20, 2e-20, 2e-20, -1
-0.463269, 0.324944, 0.104731, 0.05, 0.580331, 0.293272, 0.0735364, 0.65437, 1017.86, 28578.5, 10, 2e-20, 3e-20, 2e-20, 2e-20, -1
-0.454264, 0.269595, 0.125919, 0.05, 0.6565, -0.0820101, 0.273021, 0.715722, 996.963, -4859.69, 10, 2e-20, 3e-20, 2e-20, 2e-20, -1
-0.529993, 0.336629, 0.164803, 0.05, 0.34119, -0.059576, 0.182094, 0.391304, 1023.21, 37129, 10, 2e-20, 3e-20, 2e-20, 2e-20, -1
-0.565855, 0.288801, 0.160919, 0.05, 0.0446093, -0.292397, -0.449168, 0.537809, 1012.74, 20391.8, 10, 2e-20, 3e-20, 2e-20, 2e-20, -1
-0.589819, 0.247339, 0.168562, 0.05, -0.23242, 0.380206, 0.0422666, 0.447618, 1002.67, 4274.34, 10, 2e-20, 3e-20, 2e-20, 2e-20, -1
-0.501768, 0.208968, 0.188132, 0.05, -0.088521, 0.0576707, -0.00979349, 0.106103, 1023.27, 37233.4, 10, 2e-20, 3e-20, 2e-20, 2e-20, -1
-0.545358, 0.261204, 0.185916, 0.05, -0.155848, 0.295048, 0.055169, 0.33821, 1000.15, 240.483, 10, 2e-20, 3e-20, 2e-20, 2e-20, -1
-0.556747, 0.340986, 0.257899, 0.05, -0.240529, -0.261037, 0.342946, 0.493565, 993.143, -10971.9, 10, 2e-20, 3e-20, 2e-20, 2e-20, -1
-0.573638, 0.286107, 0.239178, 0.05, 0.307081, -0.221318, 0.0965557, 0.390645, 1013.32, 21311.3, 10, 2e-20, 3e-20, 2e-20, 2e-20, -1
-0.536406, 0.329137, 0.301236, 0.05, -0.133196, 0.23102, -0.157196, 0.309551, 1013.09, 20939.5, 10, 2e-20, 3e-20, 2e-20, 2e-20, -1
-0.532678, 0.276983, 0.29112, 0.05, -0.267202, -0.261713, 0.113073, 0.390738, 1002.66, 4248.67, 10, 2e-20, 3e-20, 2e-20, 2e-20, -1
-0.505762, 0.294719, 0.33185, 0.05, -0.186474, 0.0729413, 0.219051, 0.296776, 1006.67, 10676.2, 10, 2e-20, 3e-20, 2e-20, 2e-20, -1
-0.499623, 0.24677, 0.312158, 0.05, 0.0398246, -0.0504602, -0.0307046, 0.0712391, 1005.65, 9043.98, 10, 2e-20, 3e-20, 2e-20, 2e-20, -1
-0.49096, 0.254437, 0.359032, 0.05, -0.172737, -0.00454931, -0.101126, 0.200213, 1009.86, 15782.1, 10, 2e-20, 3e-20, 2e-20, 2e-20, -1
-0.472004, 0.229399, 0.403603, 0.05, 0.036908, -0.047369, 0.078551, 0.0988751, 997.633, -3786.41, 10, 2e-20, 3e-20, 2e-20, 2e-20, -1
-0.523386, 0.229489, 0.392798, 0.05, -0.249028, 0.14109, -0.212871, 0.3567, 1010.26, 16412.5, 10, 2e-20, 3e-20, 2e-20, 2e-20, -1
-0.457153, 0.400676, 0.47678, 0.05, -0.137306, -0.17145, -0.24737, 0.330817, 1013.49, 21582.6, 10, 2e-20, 3e-20, 2e-20, 2e-20, -1
-0.505317, 0.338373, 0.438648, 0.05, -0.16513, 0.0953059, 0.009609, 0.190902, 1006.84, 10941.3, 10, 2e-20, 3e-20, 2e-20, 2e-20, -1
-0.499046, 0.387688, 0.475906, 0.05, -0.22823, -0.0416244, -0.138462, 0.270173, 1009.62, 15394.6, 10, 2e-20, 3e-20, 2e-20, 2e-20, -1
-0.463305, 0.346567, 0.467483, 0.05, 0.023365, -0.132335, -0.0278566, 0.137239, 1000.11, 170.385, 10, 2e-20, 3e-20, 2e-20, 2e-20, -1
-0.498833, 0.337683, 0.496289, 0.05, 0.0692654, 0.0761364, 0.0947209, 0.13988, 998.984, -1624.83, 10, 2e-20, 3e-20, 2e-20, 2e-20, -1
-0.529782, 0.30528, 0.462681, 0.05, -0.0504638, 0.187268, -0.0398978, 0.198009, 1002.14, 3422.29, 10, 2e-20, 3e-20, 2e-20, 2e-20, -1
-0.510843, 0.334341, 0.548786, 0.05, -0.0509981, -0.11396, -0.342246, 0.364308, 998.199, -2881.25, 10, 2e-20, 3e-20, 2e-20, 2e-20, -1
-0.5011, 0.2371, 0.523707, 0.05, -0.0432735, -0.0721163, 0.14883, 0.17095, 999.958, -66.7162, 10, 2e-20, 3e-20, 2e-20, 2e-20, -1
-0.512978, 0.267167, 0.569699, 0.05, 0.17323, 0.00908611, -0.228004, 0.28649, 1002.86, 4578.02, 10, 2e-20, 3e-20, 2e-20, 2e-20, -1
-0.502322, 0.187127, 0.598135, 0.05, -0.0989016, -0.0672513, -0.048792, 0.12917, 1009.98, 15960.9, 10, 2e-20, 3e-20, 2e-20, 2e-20, -1
-0.513044, 0.272464, 0.620485, 0.05, 0.0652146, 0.0188697, 0.0332145, 0.0755792, 1005.29, 8462.26, 10, 2e-20, 3e-20, 2e-20, 2e-20, -1
-0.563932, 0.222099, 0.631493, 0.05, 0.131672, -0.145808, 0.0729623, 0.209573, 998.372, -2604.99, 10, 2e-20, 3e-20, 2e-20, 2e-20, -1
-0.560794, 0.371363, 0.705221, 0.05, -0.152357, -0.111684, -0.133997, 0.231605, 1011.71, 18731.1, 10, 2e-20, 3e-20, 2e-20, 2e-20, -1
-0.555468, 0.319222, 0.672932, 0.05, -0.104022, -0.078378, -0.186504, 0.22748, 1006.51, 10419, 10, 2e-20, 3e-20, 2e-20, 2e-20, -1
-0.528616, 0.328068, 0.712214, 0.05, 0.0302699, -0.0423293, -0.42257, 0.425762, 1009.67, 15476.6, 10, 2e-20, 3e-20, 2e-20, 2e-20, -1
-0.542663, 0.290018, 0.740304, 0.05, 0.0140354, -0.251362, -0.140362, 0.288238, 1006.11, 9781.07, 10, 2e-20, 3e-20, 2e-20, 2e-20, -1
-0.498135, 0.308307, 0.762695, 0.05, 0.0430982, -0.111174, -0.0879165, 0.148144, 997.877, -3397.4, 10, 2e-20, 3e-20, 2e-20, 2e-20, -1
-0.537759, 0.310064, 0.799336, 0.05, -0.0602011, -0.155351, -0.0853481, 0.187196, 1005.7, 9124.8, 10, 2e-20, 3e-20, 2e-20, 2e-20, -1
-0.49638, 0.218105, 0.833103, 0.05, 0.00963354, 0.030914, -0.186545, 0.189335, 1005.71, 9129.33, 10, 2e-20, 3e-20, 2e-20, 2e-20, -1
-0.464306, 0.226546, 0.876507, 0.05, -0.122587, 0.000505571, 0.00885065, 0.122907, 996.841, -5055.03, 10, 2e-20, 3e-20, 2e-20, 2e-20, -1
-0.480669, 0.262608, 0.847145, 0.05, -0.109, -0.0640063, -0.171831, 0.213316, 1004.95, 7926.03, 10, 2e-20, 3e-20, 2e-20, 2e-20, -1
-0.425546, 0.238384, 0.954116, 0.05, 0.145556, 0.00259274, -0.215509, 0.260072, 1005.78, 9248.5, 10, 2e-20, 3e-20, 2e-20, 2e-20, -1
-0.420439, 0.167071, 1.01007, 0.05, -0.031613, -0.333912, -0.0724796, 0.343147, 996.449, -5682.01, 10, 2e-20, 3e-20, 2e-20, 2e-20, -1
-0.369175, 0.180799, 1.06425, 0.05, 0.213212, -0.0177377, -0.00622604, 0.214039, 997.212, -4461.16, 10, 2e-20, 3e-20, 2e-20, 2e-20, -1
-0.453385, 0.163582, 1.04678, 0.05, -0.0380061, -0.124094, -0.0395247, 0.135668, 1003.14, 5016.66, 10, 2e-20, 3e-20, 2e-20, 2e-20, -1
-0.336353, 0.197053, 1.09616, 0.05, -0.00701803, -0.114283, -0.00643908, 0.114679, 996.624, -5401.81, 10, 2e-20, 3e-20, 2e-20, 2e-20, -1
-0.367377, 0.154267, 1.10792, 0.05, 0.00138796, -0.075917, 0.118246, 0.140526, 999.321, -1087.1, 10, 2e-20, 3e-20, 2e-20, 2e-20, -1
-0.33014, 0.160637, 1.15486, 0.05, -0.0699074, -0.157494, 0.0411121, 0.177148, 1006.96, 11142, 10, 2e-20, 3e-20, 2e-20, 2e-20, -1
-0.279885, 0.164107, 1.1884, 0.05, 0.109442, -0.0599502, 0.027752, 0.127835, 999.943, -90.8628, 10, 2e-20, 3e-20, 2e-20, 2e-20, -1
-0.23827, 0.15943, 1.27224, 0.05, 0.0502513, -0.0256442, 0.0514622, 0.0763622, 1004.85, 7753.48, 10, 2e-20, 3e-20, 2e-20, 2e-20, -1
-0.207513, 0.185985, 1.28803, 0.05, 0.13764, -0.0357356, -0.0717792, 0.159293, 998.801, -1917.91, 10, 2e-20, 3e-20, 2e-20, 2e-20, -1
-0.19008, 0.187693, 1.39405, 0.05, 0.0290313, -0.0898578, -0.0556336, 0.109601, 998.907, -1748.51, 10, 2e-20, 3e-20, 2e-20, 2e-20, -1
-0.448194, 0.448025, 0.045438, 0.05, -0.638433, 0.160413, 0.435534, 0.789315, 1014.88, 23806.5, 10, 2e-20, 3e-20, 2e-20, 2e-20, -1
-0.527542, 0.448124, 0.110402, 0.05, -0.696934, -0.168033, -0.257575, 0.761772, 1010.87, 17393.3, 10, 2e-20, 3e-20, 2e-20, 2e-20, -1
-0.471481, 0.438151, 0.150758, 0.05, 0.250184, 0.329279, 0.17887, 0.450568, 1003.49, 5578.03, 10, 2e-20, 3e-20, 2e-20, 2e-20, -1
-0.471716, 0.437897, 0.0982283, 0.05, 0.0284717, 0.141562, -0.090115, 0.170209, 993.112, -11021.5, 10, 2e-20, 3e-20, 2e-20, 2e-20, -1
-0.532281, 0.386676, 0.171202, 0.05, -0.161967, -0.506692, 0.807727, 0.967157, 992.111, -12622.1, 10, 2e-20, 3e-20, 2e-20, 2e-20, -1
-0.567593, 0.33455, 0.149117, 0.05, 0.37994, -0.263862, -0.00717312, 0.462633, 1009.39, 15029.8, 10, 2e-20, 3e-20, 2e-20, 2e-20, -1
-0.588151, 0.383048, 0.154549, 0.05, 0.648998, -0.166551, 0.164008, 0.689809, 995.733, -6826.8, 10, 2e-20, 3e-20, 2e-20, 2e-20, -1
-0.625905, 0.293745, 0.171948, 0.05, 0.295176, -0.465869, 0.403975, 0.683636, 1007.07, 11313.5, 10, 2e-20, 3e-20, 2e-20, 2e-20, -1
-0.528054, 0.382955, 0.225851, 0.05, 0.158054, -0.0528652, -0.43175, 0.4628, 1003.05, 4872.55, 10, 2e-20, 3e-20, 2e-20, 2e-20, -1
-0.580053, 0.312626, 0.201203, 0.05, 0.0219159, -0.0589697, -0.0645136, 0.0901095, 1000.78, 1245.1, 10, 2e-20, 3e-20, 2e-20, 2e-20, -1
-0.50168, 0.402002, 0.340878, 0.05, -0.220975, -0.112649, -0.0157742, 0.248533, 1005.81, 9294.25, 10, 2e-20, 3e-20, 2e-20, 2e-20, -1
-0.535523, 0.316226, 0.218479, 0.05, 0.36317, 0.0434273, 0.234978, 0.434734, 1019.89, 31822.9, 10, 2e-20, 3e-20, 2e-20, 2e-20, -1
-0.518769, 0.377561, 0.299426, 0.05, -0.0954615, -0.370085, -0.0448122, 0.384817, 1014.44, 23108, 10, 2e-20, 3e-20, 2e-20, 2e-20, -1
-0.513695, 0.382692, 0.383537, 0.05, 0.0527785, -0.287912, 0.0143223, 0.293059, 1005.86, 9383.63, 10, 2e-20, 3e-20, 2e-20, 2e-20, -1
-0.499876, 0.476056, 0.453743, 0.05, -0.0122578, 0.14487, 0.217855, 0.261913, 1005.25, 8392.67, 10, 2e-20, 3e-20, 2e-20, 2e-20, -1
-0.465035, 0.370012, 0.371905, 0.05, -0.113282, -0.288461, 0.242871, 0.393737, 1009.37, 14991.9, 10, 2e-20, 3e-20, 2e-20, 2e-20, -1
-0.462492, 0.312347, 0.352847, 0.05, 0.0334768, 0.0744132, -0.0649286, 0.104277, 1013.94, 22305.9, 10, 2e-20, 3e-20, 2e-20, 2e-20, -1
-0.476005, 0.376796, 0.425248, 0.05, -0.213748, 0.292293, -0.213211, 0.420217, 1000.38, 612.337, 10, 2e-20, 3e-20, 2e-20, 2e-20, -1
-0.528733, 0.281043, 0.372736, 0.05, -0.352276, 0.145681, -0.145209, 0.40793, 1004.57, 7307.83, 10, 2e-20, 3e-20, 2e-20, 2e-20, -1
-0.502246, 0.430426, 0.506296, 0.05, -0.0911689, 0.0575546, -0.0425901, 0.115923, 1004.32, 6909.47, 10, 2e-20, 3e-20, 2e-20, 2e-20, -1
-0.51889, 0.387419, 0.514085, 0.05, -0.12057, -0.0588686, 0.100642, 0.167724, 1005.78, 9252.44, 10, 2e-20, 3e-20, 2e-20, 2e-20, -1
-0.537146, 0.440098, 0.623476, 0.05, -0.137425, -0.0890378, -0.315663, 0.355607, 997.434, -4105.45, 10, 2e-20, 3e-20, 2e-20, 2e-20, -1
-0.479772, 0.36758, 0.533214, 0.05, -0.190485, -0.117128, -0.220913, 0.314334, 998.424, -2521.45, 10, 2e-20, 3e-20, 2e-20, 2e-20, -1
-0.460756, 0.401962, 0.587475, 0.05, -0.186852, -0.0297621, -0.103263, 0.215552, 1000.87, 1398.12, 10, 2e-20, 3e-20, 2e-20, 2e-20, -1
-0.483595, 0.347895, 0.581866, 0.05, 0.0256862, -0.0667289, -0.17002, 0.184443, 1002.57, 4108.74, 10, 2e-20, 3e-20, 2e-20, 2e-20, -1
-0.559557, 0.37971, 0.652616, 0.05, -0.0217063, -0.153228, -0.179162, 0.236747, 996.684, -5305.4, 10, 2e-20, 3e-20, 2e-20, 2e-20, -1
-0.499449, 0.387336, 0.609583, 0.05, 0.138622, 0.143562, -0.0857953, 0.217226, 1004.87, 7785.93, 10, 2e-20, 3e-20, 2e-20, 2e-20, -1
-0.523458, 0.403047, 0.744799, 0.05, 0.0191093, -0.232149, -0.0585306, 0.240175, 1009.29, 14867.1, 10, 2e-20, 3e-20, 2e-20, 2e-20, -1
-0.49658, 0.322376, 0.609689, 0.05, -0.236336, -0.207903, -0.0713824, 0.32276, 1002.11, 3381.68, 10, 2e-20, 3e-20, 2e-20, 2e-20, -1
-0.438092, 0.445779, 0.769691, 0.05, 0.0472331, 0.0717987, -0.157345, 0.179286, 1000.33, 534.29, 10, 2e-20, 3e-20, 2e-20, 2e-20, -1
-0.551321, 0.328884, 0.628452, 0.05, -0.0268121, -0.0742625, -0.0491185, 0.0929862, 1004.3, 6887.82, 10, 2e-20, 3e-20, 2e-20, 2e-20, -1
-0.523862, 0.431738, 0.795782, 0.05, 0.0986307, -0.109372, -0.0658854, 0.161342, 1001.41, 2263.11, 10, 2e-20, 3e-20, 2e-20, 2e-20, -1
-0.55958, 0.397183, 0.773823, 0.05, 0.0761491, -0.0229288, -0.189278, 0.205306, 994.132, -9389.09, 10, 2e-20, 3e-20, 2e-20, 2e-20, -1
-0.466372, 0.389712, 0.755202, 0.05, -0.0686, -0.0576852, -0.114632, 0.145513, 1013.17, 21065, 10, 2e-20, 3e-20, 2e-20, 2e-20, -1
-0.458307, 0.362167, 0.825696, 0.05, -0.138953, 0.043451, -0.359138, 0.387525, 1005.89, 9424.68, 10, 2e-20, 3e-20, 2e-20, 2e-20, -1
-0.502399, 0.367378, 0.729748, 0.05, 0.0459219, -0.0386559, -0.325027, 0.330523, 1015.38, 24605.9, 10, 2e-20, 3e-20, 2e-20, 2e-20, -1
-0.49254, 0.369553, 0.786701, 0.05, 0.034669, -0.0265544, 0.0408447, 0.0597944, 994.858, -8227.44, 10, 2e-20, 3e-20, 2e-20, 2e-20, -1
-0.443932, 0.321999, 0.85532, 0.05, 0.0710914, -0.065655, -0.193544, 0.216388, 1008.43, 13488.5, 10, 2e-20, 3e-20, 2e-20, 2e-20, -1
-0.417739, 0.284504, 0.921113, 0.05, -0.0241328, -0.115887, -0.0854403, 0.145987, 999.771, -366.846, 10, 2e-20, 3e-20, 2e-20, 2e-20, -1
-0.387533, 0.22819, 0.946855, 0.05, -0.144801, -0.00112343, -0.10495, 0.178839, 1006.77, 10824.6, 10, 2e-20, 3e-20, 2e-20, 2e-20, -1
-0.340857, 0.204485, 1.02784, 0.05, -0.0434701, 0.17167, 0.0517278, 0.184489, 1008.66, 13848.7, 10, 2e-20, 3e-20, 2e-20, 2e-20, -1
-0.373919, 0.230816, 1.05599, 0.05, 0.00251304, -0.208918, -0.0474741, 0.214259, 998.855, -1832.08, 10, 2e-20, 3e-20, 2e-20, 2e-20, -1
-0.357688, 0.282682, 1.04661, 0.05, 0.302635, 0.0796712, -0.229094, 0.387839, 999.725, -439.496, 10, 2e-20, 3e-20, 2e-20, 2e-20, -1
-0.317285, 0.300537, 1.02492, 0.05, 0.130053, -0.171599, -0.00783921, 0.215456, 1001.89, 3030.33, 10, 2e-20, 3e-20, 2e-20, 2e-20, -1
-0.310375, 0.285405, 1.07097, 0.05, 0.13458, 0.236614, -0.27922, 0.389951, 1002.77, 4437.56, 10, 2e-20, 3e-20, 2e-20, 2e-20, -1
-0.326209, 0.241772, 1.05841, 0.05, -0.08164, -0.082003, -0.186238, 0.219258, 1003.97, 6353.74, 10, 2e-20, 3e-20, 2e-20, 2e-20, -1
-0.300097, 0.233296, 1.10261, 0.05, 0.0279381, -0.0657197, 0.146661, 0.163123, 998.383, -2586.58, 10, 2e-20, 3e-20, 2e-20, 2e-20, -1
-0.280947, 0.211101, 1.19971, 0.05, 0.0194775, -0.0942209, -0.168319, 0.193877, 1002.99, 4785.64, 10, 2e-20, 3e-20, 2e-20, 2e-20, -1
-0.244234, 0.180029, 1.22869, 0.05, -0.0423003, -0.150881, 0.0230066, 0.158378, 1007.52, 12034.7, 10, 2e-20, 3e-20, 2e-20, 2e-20, -1
-0.223317, 0.226531, 1.26848, 0.05, 0.184166, -0.25253, -0.106343, 0.330147, 996.304, -5914.22, 10, 2e-20, 3e-20, 2e-20, 2e-20, -1
-0.261565, 0.32515, 1.37658, 0.05, 0.121891, -0.132277, -0.17069, 0.247971, 1005.48, 8764.01, 10, 2e-20, 3e-20, 2e-20, 2e-20, -1
-0.400752, 0.497011, 0.0499405, 0.05, -0.0462231, 0.169924, -0.230303, 0.289914, 1011.71, 18738, 10, 2e-20, 3e-20, 2e-20, 2e-20, -1
-0.54791, 0.499864, 0.274413, 0.05, -0.460799, -0.157034, 0.400133, 0.63016, 995.678, -6915.36, 10, 2e-20, 3e-20, 2e-20, 2e-20, -1
-0.528065, 0.496233, 0.153511, 0.05, -0.10025, -0.0882448, -0.624327, 0.638452, 1010.06, 16091.6, 10, 2e-20, 3e-20, 2e-20, 2e-20, -1
-0.507654, 0.506174, 0.21331, 0.05, 0.230903, 0.173049, -0.0717459, 0.297337, 1008.11, 12971.3, 10, 2e-20, 3e-20, 2e-20, 2e-20, -1
-0.493337, 0.469165, 0.178899, 0.05, -0.340184, 0.329915, 0.393164, 0.615749, 999.388, -979.878, 10, 2e-20, 3e-20, 2e-20, 2e-20, -1
-0.477342, 0.369795, 0.142981, 0.05, 0.529815, 0.0230467, -0.320337, 0.619557, 1001.36, 2171.78, 10, 2e-20, 3e-20, 2e-20, 2e-20, -1
-0.482168, 0.405704, 0.202768, 0.05, -0.388525, -0.896907, -0.386517, 1.05109, 1012.11, 19369.9, 10, 2e-20, 3e-20, 2e-20, 2e-20, -1
-0.533014, 0.448308, 0.278195, 0.05, -0.467558, 0.0670636, -0.412656, 0.62721, 998.092, -3052.21, 10, 2e-20, 3e-20, 2e-20, 2e-20, -1
-0.474778, 0.497243, 0.414376, 0.05, -0.141754, 0.0260144, -0.108846, 0.180605, 1007.48, 11973.1, 10, 2e-20, 3e-20, 2e-20, 2e-20, -1
-0.595033, 0.497695, 0.437439, 0.05, -0.0588296, -0.0913191, -0.120424, 0.162179, 1007.38, 11805.5, 10, 2e-20, 3e-20, 2e-20, 2e-20, -1
-0.540241, 0.499498, 0.441163, 0.05, -0.140191, 0.156098, 0.150665, 0.258302, 1011.57, 18510.4, 10, 2e-20, 3e-20, 2e-20, 2e-20, -1
-0.54937, 0.419997, 0.302908, 0.05, -0.334365, -0.0216348, -0.494379, 0.597226, 1013.08, 20935.5, 10, 2e-20, 3e-20, 2e-20, 2e-20, -1
-0.505337, 0.345402, 0.337433, 0.05, -0.107064, -0.126151, -0.00673549, 0.165597, 1006.59, 10536.1, 10, 2e-20, 3e-20, 2e-20, 2e-20, -1
-0.526168, 0.499127, 0.497296, 0.05, -0.0809766, -0.0575359, -0.00702457, 0.0995838, 1013.06, 20892, 10, 2e-20, 3e-20, 2e-20, 2e-20, -1
-0.469973, 0.450736, 0.474504, 0.05, -0.321375, 0.209692, 0.00387423, 0.383755, 1000.46, 729.135, 10, 2e-20, 3e-20, 2e-20, 2e-20, -1
-0.514312, 0.447019, 0.551885, 0.05, 0.143451, 0.121146, -0.12247, 0.224173, 999.441, -893.671, 10, 2e-20, 3e-20, 2e-20, 2e-20, -1
-0.49151, 0.424721, 0.426992, 0.05, 0.0744153, -0.106633, 0.137303, 0.189104, 1005.27, 8426.12, 10, 2e-20, 3e-20, 2e-20, 2e-20, -1
-0.433621, 0.437851, 0.632305, 0.05, -0.00434375, 0.098691, -0.128958, 0.162447, 1002.23, 3571.76, 10, 2e-20, 3e-20, 2e-20, 2e-20, -1
-0.555975, 0.42007, 0.499467, 0.05, -0.00880232, -0.0131575, 0.255543, 0.256033, 1000.12, 188.594, 10, 2e-20, 3e-20, 2e-20, 2e-20, -1
-0.503101, 0.433283, 0.58405, 0.05, 0.184107, -0.238689, 0.0379709, 0.303825, 993.916, -9733.67, 10, 2e-20, 3e-20, 2e-20, 2e-20, -1
-0.568246, 0.434578, 0.651554, 0.05, -0.0196389, 0.0361429, -0.18637, 0.190856, 995.398, -7363.63, 10, 2e-20, 3e-20, 2e-20, 2e-20, -1
-0.583811, 0.503195, 0.785047, 0.05, -0.278695, -0.130326, -0.0652799, 0.314511, 999.635, -583.293, 10, 2e-20, 3e-20, 2e-20, 2e-20, -1
-0.524067, 0.380262, 0.563986, 0.05, -0.128261, 0.069766, -0.30191, 0.335362, 1022.18, 35482.1, 10, 2e-20, 3e-20, 2e-20, 2e-20, -1
-0.555291, 0.379296, 0.606897, 0.05, -0.15806, 0.0882919, -0.0855833, 0.200257, 1008.95, 14313, 10, 2e-20, 3e-20, 2e-20, 2e-20, -1
-0.547073, 0.492716, 0.803808, 0.05, -0.0850274, -0.0613777, -0.0230074, 0.10736, 998.147, -2964.38, 10, 2e-20, 3e-20, 2e-20, 2e-20, -1
-0.463924, 0.460188, 0.84745, 0.05, 0.138302, -0.0482876, -0.0807087, 0.167252, 1003.02, 4832.91, 10, 2e-20, 3e-20, 2e-20, 2e-20, -1
-0.467508, 0.433489, 0.727242, 0.05, 0.0780071, -0.0515845, -0.345428, 0.357864, 1002.18, 3492.19, 10, 2e-20, 3e-20, 2e-20, 2e-20, -1
-0.462998, 0.43446, 0.887326, 0.05, 0.0358769, -0.154691, -0.251428, 0.297376, 1005.17, 8272.24, 10, 2e-20, 3e-20, 2e-20, 2e-20, -1
-0.428429, 0.43689, 0.925079, 0.05, -0.0201427, -0.0471999, -0.0173028, 0.0541567, 1007.89, 12617.5, 10, 2e-20, 3e-20, 2e-20, 2e-20, -1
-0.421161, 0.450348, 0.972571, 0.05, 0.192299, -0.166317, -0.212934, 0.331634, 1002.08, 3332.3, 10, 2e-20, 3e-20, 2e-20, 2e-20, -1
-0.309285, 0.453278, 1.18669, 0.05, 0.407518, -0.512216, -0.344409, 0.739631, 990.001, -15997.9, 10, 2e-20, 3e-20, 2e-20, 2e-20, -1
-0.460193, 0.41382, 0.801418, 0.05, -0.129149, -0.171189, -0.15843, 0.266618, 1004.87, 7792.13, 10, 2e-20, 3e-20, 2e-20, 2e-20, -1
-0.413732, 0.399923, 0.876728, 0.05, -0.0356377, 0.0593403, -0.315293, 0.322802, 1002.16, 3458.23, 10, 2e-20, 3e-20, 2e-20, 2e-20, -1
-0.352529, 0.451895, 1.08776, 0.05, 0.0762824, 0.0778566, 0.320973, 0.338975, 1011.61, 18576.4, 10, 2e-20, 3e-20, 2e-20, 2e-20, -1
-0.421442, 0.340681, 0.942465, 0.05, 0.106844, -0.107214, -0.116304, 0.190885, 1003.7, 5925.8, 10, 2e-20, 3e-20, 2e-20, 2e-20, -1
-0.381079, 0.315529, 0.95409, 0.05, -0.0525672, 0.13093, -0.0658402, 0.155695, 1009.67, 15466, 10, 2e-20, 3e-20, 2e-20, 2e-20, -1
-0.371142, 0.402218, 1.04984, 0.05, 0.36371, -1.36956e-05, -0.0697178, 0.370332, 996.453, -5675.76, 10, 2e-20, 3e-20, 2e-20, 2e-20, -1
-0.363026, 0.275391, 0.957235, 0.05, -0.0692746, -0.147311, -0.302163, 0.343223, 1008.46, 13535.2, 10, 2e-20, 3e-20, 2e-20, 2e-20, -1
-0.342516, 0.304224, 0.922658, 0.05, 0.119933, 0.0887428, -0.131435, 0.198833, 999.568, -691.692, 10, 2e-20, 3e-20, 2e-20, 2e-20, -1
-0.335748, 0.235923, 0.964202, 0.05, 0.0677349, -0.257365, -0.204934, 0.335891, 999.18, -1311.27, 10, 2e-20, 3e-20, 2e-20, 2e-20, -1
-0.351409, 0.312993, 0.997377, 0.05, 0.0949914, 0.00404354, -0.0932841, 0.133198, 1002.58, 4130.6, 10, 2e-20, 3e-20, 2e-20, 2e-20, -1
-0.397311, 0.214839, 0.999401, 0.05, -0.0236402, -0.0337744, -0.0338138, 0.0533192, 999.137, -1381.4, 10, 2e-20, 3e-20, 2e-20, 2e-20, -1
-0.310183, 0.241929, 1.01732, 0.05, -0.00162297, -0.0775566, -0.0417535, 0.0880966, 998.664, -2138.11, 10, 2e-20, 3e-20, 2e-20, 2e-20, -1
-0.305291, 0.356807, 1.02123, 0.05, 0.169104, 0.112964, -0.269058, 0.337267, 1003.47, 5544.37, 10, 2e-20, 3e-20, 2e-20, 2e-20, -1
-0.347777, 0.428426, 1.24598, 0.05, -0.188242, 0.0107665, -0.320268, 0.371648, 998.389, -2578.18, 10, 2e-20, 3e-20, 2e-20, 2e-20, -1
-0.360312, 0.342496, 1.03778, 0.05, -0.33093, -0.143903, -0.186576, 0.406243, 999.499, -801.615, 10, 2e-20, 3e-20, 2e-20, 2e-20, -1
-0.400442, 0.393869, 1.24964, 0.05, 0.19942, -0.175498, -0.0693659, 0.274553, 1002.39, 3828.37, 10, 2e-20, 3e-20, 2e-20, 2e-20, -1
-0.322489, 0.341273, 1.07179, 0.05, 0.0377202, 0.13306, -0.356543, 0.382428, 994.93, -8112.41, 10, 2e-20, 3e-20, 2e-20, 2e-20, -1
-0.292143, 0.336791, 1.11224, 0.05, 0.371905, -0.0277285, -0.104254, 0.387235, 1009.02, 14432.7, 10, 2e-20, 3e-20, 2e-20, 2e-20, -1
-0.329802, 0.260389, 1.15824, 0.05, 0.302094, -0.131235, -0.213222, 0.39236, 995.248, -7602.83, 10, 2e-20, 3e-20, 2e-20, 2e-20, -1
-0.274487, 0.25896, 1.1973, 0.05, 0.0968301, -0.0538999, -0.175147, 0.207263, 1002.87, 4592.17, 10, 2e-20, 3e-20, 2e-20, 2e-20, -1
-0.45584, 0.498151, 0.0523955, 0.05, -0.111692, 0.00714421, 0.408697, 0.423744, 1016.29, 26063, 10, 2e-20, 3e-20, 2e-20, 2e-20, -1
-0.492676, 0.4877, 0.11337, 0.05, -0.0895675, -0.458016, -0.40283, 0.616501, 1027.36, 43772.5, 10, 2e-20, 3e-20, 2e-20, 2e-20, -1
-0.54777, 0.497484, 0.103621, 0.05, -0.292154, -0.213057, -0.431902, 0.563282, 1002.86, 4581.63, 10, 2e-20, 3e-20, 2e-20, 2e-20, -1
-0.591416, 0.493562, 0.160446, 0.05, -0.700697, 0.162118, 0.618743, 0.948737, 1010.17, 16274.5, 10, 2e-20, 3e-20, 2e-20, 2e-20, -1
-0.558309, 0.496501, 0.33394, 0.05, 0.125825, 0.360004, -0.244398, 0.452951, 1001.37, 2185.34, 10, 2e-20, 3e-20, 2e-20, 2e-20, -1
-0.56631, 0.499715, 0.21905, 0.05, -0.484876, 0.373936, -0.226812, 0.652975, 1015.87, 25393.1, 10, 2e-20, 3e-20, 2e-20, 2e-20, -1
-0.525619, 0.454233, 0.335014, 0.05, 0.0566626, -0.151078, 0.206552, 0.262104, 1010.9, 17444.4, 10, 2e-20, 3e-20, 2e-20, 2e-20, -1
-0.480791, 0.495394, 0.529918, 0.05, -0.191567, 0.0107578, -0.179026, 0.26242, 1012.47, 19957, 10, 2e-20, 3e-20, 2e-20, 2e-20, -1
-0.606106, 0.493649, 0.601217, 0.05, 0.0726055, -0.168131, -0.0471581, 0.189112, 1000.03, 48.8094, 10, 2e-20, 3e-20, 2e-20, 2e-20, -1
-0.586621, 0.489356, 1.19209, 0.05, -0.138945, 0.119161, 0.00903953, 0.183267, 1001.78, 2843.06, 10, 2e-20, 3e-20, 2e-20, 2e-20, -1
-0.608104, 0.492783, 0.656449, 0.05, -0.0736594, -0.112024, -0.0832827, 0.157833, 1004.98, 7970.18, 10, 2e-20, 3e-20, 2e-20, 2e-20, -1
-0.592621, 0.498296, 0.492019, 0.05, 0.305257, -0.065781, -0.0205171, 0.312938, 1007.48, 11965.5, 10, 2e-20, 3e-20, 2e-20, 2e-20, -1
-0.65218, 0.493944, 0.905132, 0.05, -0.215158, -0.0553016, 0.0628517, 0.230872, 1017.83, 28523.5, 10, 2e-20, 3e-20, 2e-20, 2e-20, -1
-0.452521, 0.448877, 0.520413, 0.05, -0.104358, 0.0670568, 0.0629498, 0.139104, 992.815, -11495.8, 10, 2e-20, 3e-20, 2e-20, 2e-20, -1
-0.483959, 0.447845, 0.630106, 0.05, -0.040803, -0.187309, -0.286827, 0.344992, 1007.83, 12528.6, 10, 2e-20, 3e-20, 2e-20, 2e-20, -1
-1.01103, -0.432824, 2.05837, 0.05, 0.00592228, 7.06774e-05, -0.491901, 0.491937, 999.994, -10.0971, 10, 2e-20, 3e-20, 2e-20, 2e-20, -1
-0.549901, 0.46218, 0.68322, 0.05, -0.0898168, -0.145693, -0.101151, 0.198809, 1003.21, 5128.74, 10, 2e-20, 3e-20, 2e-20, 2e-20, -1
-0.678359, 0.493799, 0.854922, 0.05, -0.0482846, 0.0142203, 0.142179, 0.150826, 1011.91, 19061.6, 10, 2e-20, 3e-20, 2e-20, 2e-20, -1
-0.592073, 0.498575, 0.910946, 0.05, -0.0410397, -0.0345198, -0.0332789, 0.0631139, 1006.86, 10973.9, 10, 2e-20, 3e-20, 2e-20, 2e-20, -1
-0.528244, 0.497937, 0.746374, 0.05, -0.152753, 0.0332109, -0.134544, 0.206249, 1003.17, 5067.43, 10, 2e-20, 3e-20, 2e-20, 2e-20, -1
-0.510865, 0.496739, 1.02999, 0.05, -0.191365, -0.0566602, 0.232553, 0.30645, 1004.79, 7663.67, 10, 2e-20, 3e-20, 2e-20, 2e-20, -1
-0.639844, 0.499107, 0.80617, 0.05, -0.201578, -0.0284608, 0.163874, 0.26134, 1007.1, 11360.3, 10, 2e-20, 3e-20, 2e-20, 2e-20, -1
-0.54499, 0.422035, 0.703784, 0.05, -0.111033, -0.188885, -0.171114, 0.278004, 1004.14, 6631.36, 10, 2e-20, 3e-20, 2e-20, 2e-20, -1
-0.489237, 0.500259, 1.09792, 0.05, -0.440563, -0.0580813, 0.0601798, 0.448432, 995.475, -7239.6, 10, 2e-20, 3e-20, 2e-20, 2e-20, -1
-0.492051, 0.501945, 0.860753, 0.05, 0.0732673, 0.145328, 0.0529939, 0.171163, 1001.9, 3036.75, 10, 2e-20, 3e-20, 2e-20, 2e-20, -1
-0.421496, 0.482558, 1.27916, 0.05, -0.940446, 0.232117, -0.10081, 0.9739, 1044.7, 71524.5, 10, 2e-20, 3e-20, 2e-20, 2e-20, -1
-0.473523, 0.501747, 0.917057, 0.05, -0.168552, 0.0701925, -0.28474, 0.338251, 1006.13, 9800.34, 10, 2e-20, 3e-20, 2e-20, 2e-20, -1
-0.427583, 0.500158, 1.13671, 0.05, 0.278367, 0.298024, 0.209441, 0.458445, 987.137, -20580.9, 10, 2e-20, 3e-20, 2e-20, 2e-20, -1
-0.880295, -0.188308, 1.36966, 0.05, -0.00254063, -0.087926, 0.0505368, 0.101447, 1001.83, 2929.53, 10, 2e-20, 3e-20, 2e-20, 2e-20, -1
-0.402047, 0.469152, 1.19028, 0.05, 0.0271953, 0.12819, 0.914443, 0.923784, 997.658, -3746.5, 10, 2e-20, 3e-20, 2e-20, 2e-20, -1
-0.263625, 0.405757, 1.35525, 0.05, 0.00792415, -0.178465, 0.0641912, 0.189824, 1002.66, 4259.83, 10, 2e-20, 3e-20, 2e-20, 2e-20, -1
-0.703703, -0.398401, 1.42434, 0.05, 0.231753, -0.256407, 0.0143995, 0.345921, 1003.38, 5413.79, 10, 2e-20, 3e-20, 2e-20, 2e-20, -1
-0.400322, 0.342085, 0.994229, 0.05, 0.118714, -0.245403, -0.155491, 0.313836, 1001.94, 3099.3, 10, 2e-20, 3e-20, 2e-20, 2e-20, -1
-0.221405, 0.450382, 1.35658, 0.05, -0.0789611, -0.0195682, -0.0782634, 0.112885, 1001.37, 2187.25, 10, 2e-20, 3e-20, 2e-20, 2e-20, -1
-0.393982, 0.475291, 1.36018, 0.05, -0.619159, 0.0428069, 0.744531, 0.969287, 994.687, -8500.08, 10, 2e-20, 3e-20, 2e-20, 2e-20, -1
-0.312828, 0.477409, 1.35129, 0.05, -0.741627, 0.189489, 0.0164585, 0.765629, 1001.65, 2645.16, 10, 2e-20, 3e-20, 2e-20, 2e-20, -1
-0.550876, 0.45806, 1.33318, 0.05, -0.172535, 0.131977, -0.300054, 0.370431, 998.055, -3111.79, 10, 2e-20, 3e-20, 2e-20, 2e-20, -1
-0.442273, 0.543119, 1.2865, 0.05, -1.82017, -0.372386, -1.11992, 2.16931, 948.678, -82115.5, 10, 2e-20, 3e-20, 2e-20, 2e-20, -1
-0.27124, 0.400551, 1.08844, 0.05, -0.104494, -0.0171211, -0.491919, 0.503186, 1001.26, 2011.62, 10, 2e-20, 3e-20, 2e-20, 2e-20, -1
-0.718852, 0.499105, 1.36316, 0.05, -0.176355, 0.0045884, -0.589837, 0.615654, 1008.12, 12992.4, 10, 2e-20, 3e-20, 2e-20, 2e-20, -1
-0.33672, 0.440436, 1.35872, 0.05, -0.0630438, -0.0393426, -0.574483, 0.579269, 996.898, -4963.88, 10, 2e-20, 3e-20, 2e-20, 2e-20, -1
-0.92549, -0.373717, 1.44563, 0.05, -0.356208, 0.329361, -0.118523, 0.49941, 1004.47, 7152.57, 10, 2e-20, 3e-20, 2e-20, 2e-20, -1
-0.269685, 0.428112, 1.22407, 0.05, -0.147284, 0.174664, -0.323463, 0.396016, 1005.02, 8034.91, 10, 2e-20, 3e-20, 2e-20, 2e-20, -1
-0.235404, 0.293665, 1.31003, 0.05, 0.26907, -0.206545, -0.0273254, 0.340303, 993.61, -10224, 10, 2e-20, 3e-20, 2e-20, 2e-20, -1
-0.292203, 0.298914, 1.16676, 0.05, 0.144145, -0.139304, -0.299291, 0.36022, 999.972, -44.3445, 10, 2e-20, 3e-20, 2e-20, 2e-20, -1
-0.227932, 0.291969, 1.19856, 0.05, 0.0896521, -0.0995215, -0.105083, 0.170248, 1005.65, 9047.7, 10, 2e-20, 3e-20, 2e-20, 2e-20, -1
-0.178393, 0.291592, 1.24593, 0.05, 0.30466, 0.0702202, -0.217269, 0.380729, 1000.9, 1437.91, 10, 2e-20, 3e-20, 2e-20, 2e-20, -1
-0.877046, 0.0809633, 1.29358, 0.05, 0.385501, -0.184611, -0.192505, 0.468776, 1002.25, 3593.55, 10, 2e-20, 3e-20, 2e-20, 2e-20, -1
-0.317745, 0.369868, 1.39829, 0.05, 0.346338, -0.063716, 0.228549, 0.419815, 983.883, -25787.2, 10, 2e-20, 3e-20, 2e-20, 2e-20, -1
-0.517261, 0.420185, 1.30334, 0.05, 0.328586, -0.106057, -0.35818, 0.497503, 1001.22, 1952.58, 10, 2e-20, 3e-20, 2e-20, 2e-20, -1
-0.514289, 0.29184, 1.36065, 0.05, 0.222552, -0.434223, -0.373372, 0.614399, 987.844, -19449.8, 10, 2e-20, 3e-20, 2e-20, 2e-20, -1
-0.397375, -0.499271, 0.111813, 0.05, 0.144961, -0.0395051, -0.130963, 0.199312, 1007.43, 11887.9, 10, 2e-20, 3e-20, 2e-20, 2e-20, -1
-0.416454, -0.496721, 0.162188, 0.05, 0.123353, 0.130485, 0.267847, 0.322466, 1012.58, 20131.7, 10, 2e-20, 3e-20, 2e-20, 2e-20, -1
-0.470336, -0.498569, 0.115831, 0.05, -0.15428, 0.0950587, 0.026046, 0.183076, 1012.78, 20441.9, 10, 2e-20, 3e-20, 2e-20, 2e-20, -1
-0.409473, -0.498936, 0.226125, 0.05, 0.0591434, 0.0849764, -0.00646876, 0.103734, 1003.08, 4935.56, 10, 2e-20, 3e-20, 2e-20, 2e-20, -1
-0.425941, -0.457541, 0.332798, 0.05, -0.0554236, -0.207245, 0.0143055, 0.215004, 1004.05, 6485.83, 10, 2e-20, 3e-20, 2e-20, 2e-20, -1
-0.411857, -0.496619, 0.299341, 0.05, -0.124881, -0.0798, 0.0109444, 0.148604, 1003.99, 6391.58, 10, 2e-20, 3e-20, 2e-20, 2e-20, -1
-0.368563, -0.471554, 0.329684, 0.05, -0.00709912, -0.0568915, 0.0514149, 0.0770099, 1000.57, 909.395, 10, 2e-20, 3e-20, 2e-20, 2e-20, -1
-0.360155, -0.499883, 0.355869, 0.05, -0.0254754, -0.14761, 0.0467195, 0.156909, 1004.4, 7042.5, 10, 2e-20, 3e-20, 2e-20, 2e-20, -1
-0.377169, -0.451545, 0.601004, 0.05, 0.0861944, -0.0247086, 0.0638833, 0.110096, 1004.08, 6529.08, 10, 2e-20, 3e-20, 2e-20, 2e-20, -1
-0.38771, -0.495951, 0.639285, 0.05, 0.0134953, -0.0314379, 0.102232, 0.107805, 1004.65, 7445.14, 10, 2e-20, 3e-20, 2e-20, 2e-20, -1
-0.397771, -0.494996, 0.710476, 0.05, -0.122504, -0.0609757, 0.284012, 0.315259, 1004.26, 6818.32, 10, 2e-20, 3e-20, 2e-20, 2e-20, -1
-0.333195, -0.495783, 0.729575, 0.05, -0.0349587, 0.0858739, 0.0710343, 0.1168, 1004.08, 6530.03, 10, 2e-20, 3e-20, 2e-20, 2e-20, -1
-0.415136, -0.498598, 0.782764, 0.05, -0.157852, -0.0676038, 0.146055, 0.225432, 1002.68, 4286.2, 10, 2e-20, 3e-20, 2e-20, 2e-20, -1
-0.454824, -0.493944, 0.734133, 0.05, 0.133198, 0.0887584, 0.0892941, 0.183284, 1004.27, 6834.61, 10, 2e-20, 3e-20, 2e-20, 2e-20, -1
-0.377613, -0.483628, 0.760981, 0.05, -0.232645, -0.000795454, -0.0258863, 0.234082, 1007.15, 11438.4, 10, 2e-20, 3e-20, 2e-20, 2e-20, -1
-0.440656, -0.497092, 0.864236, 0.05, 0.00336454, -0.0546862, 0.0475494, 0.0725455, 1004.18, 6692.72, 10, 2e-20, 3e-20, 2e-20, 2e-20, -1
-0.457361, -0.493286, 0.814534, 0.05, 0.106171, 0.0324987, 0.298505, 0.318487, 998.94, -1696.13, 10, 2e-20, 3e-20, 2e-20, 2e-20, -1
-0.459868, -0.495392, 0.974383, 0.05, 0.161943, -0.0214899, 0.0624955, 0.174909, 1000.13, 207.179, 10, 2e-20, 3e-20, 2e-20, 2e-20, -1
-0.432361, -0.452568, 0.939563, 0.05, 0.0919085, 0.109677, 0.0667483, 0.157898, 1000.43, 694.17, 10, 2e-20, 3e-20, 2e-20, 2e-20, -1
-0.463901, -0.498054, 1.06456, 0.05, -0.0432588, -0.0016811, 0.282455, 0.285754, 1004, 6395.32, 10, 2e-20, 3e-20, 2e-20, 2e-20, -1
-0.475547, -0.493988, 1.13842, 0.05, 0.0226079, -0.137571, -0.0907345, 0.166342, 1005.2, 8322.42, 10, 2e-20, 3e-20, 2e-20, 2e-20, -1
-0.419071, -0.452848, 0.869707, 0.05, 0.0968107, -0.059719, 0.283537, 0.305502, 1000.63, 1001.29, 10, 2e-20, 3e-20, 2e-20, 2e-20, -1
-0.418652, -0.499618, 1.17382, 0.05, -0.0457747, -0.0322848, 0.124947, 0.136929, 1004.05, 6484.53, 10, 2e-20, 3e-20, 2e-20, 2e-20, -1
-0.491284, -0.432702, 1.05638, 0.05, 0.16537, -0.123306, 0.168336, 0.266249, 1000.27, 428.097, 10, 2e-20, 3e-20, 2e-20, 2e-20, -1
-0.422181, -0.452515, 1.05631, 0.05, -0.0168934, 0.051094, 0.200254, 0.207359, 1001.7, 2721.39, 10, 2e-20, 3e-20, 2e-20, 2e-20, -1
-0.584933, -0.501598, 1.16607, 0.05, -0.280664, -0.0905524, 0.334962, 0.446286, 1003.68, 5889.89, 10, 2e-20, 3e-20, 2e-20, 2e-20, -1
-0.479332, -0.447667, 1.17684, 0.05, -0.177794, -0.150981, 0.220297, 0.320838, 1005.57, 8919.02, 10, 2e-20, 3e-20, 2e-20, 2e-20, -1
-0.517821, -0.497312, 1.17572, 0.05, -0.021073, -0.0461272, 0.305638, 0.309817, 1002.38, 3813.04, 10, 2e-20, 3e-20, 2e-20, 2e-20, -1
-0.432396, -0.489985, 1.29128, 0.05, 0.260695, -0.0257613, 0.244399, 0.358268, 1007.12, 11393.4, 10, 2e-20, 3e-20, 2e-20, 2e-20, -1
-0.406876, -0.49725, 1.24289, 0.05, 0.0655258, 0.0456397, 0.332764, 0.342212, 1000.9, 1432.13, 10, 2e-20, 3e-20, 2e-20, 2e-20, -1
-0.417527, -0.389399, 1.03202, 0.05, -0.155402, -0.0485718, 0.034991, 0.166533, 1002.92, 4670.85, 10, 2e-20, 3e-20, 2e-20, 2e-20, -1
-0.324454, -0.259009, 1.42281, 0.05, 0.291873, -0.055791, -0.0714769, 0.305633, 999.196, -1286.04, 10, 2e-20, 3e-20, 2e-20, 2e-20, -1
-0.374488, -0.456146, 1.30752, 0.05, 0.00269108, -0.00618991, 0.361596, 0.361659, 997.336, -4263.08, 10, 2e-20, 3e-20, 2e-20, 2e-20, -1
-0.40297, -0.412634, 1.30112, 0.05, 0.0597454, -0.132522, 0.179965, 0.231342, 1001.07, 1717.41, 10, 2e-20, 3e-20, 2e-20, 2e-20, -1
-0.417548, -0.439913, 1.27692, 0.05, -0.0463648, -0.033362, 0.331872, 0.336751, 1001.25, 1996.08, 10, 2e-20, 3e-20, 2e-20, 2e-20, -1
-0.417354, -0.346862, 1.25527, 0.05, 0.212174, -0.101996, 0.22042, 0.3225, 999.931, -109.777, 10, 2e-20, 3e-20, 2e-20, 2e-20, -1
-0.434105, -0.366469, 1.32051, 0.05, -0.0091639, 0.0685698, 0.167941, 0.181632, 1007.24, 11580.2, 10, 2e-20, 3e-20, 2e-20, 2e-20, -1
-0.383025, -0.362691, 1.30234, 0.05, 0.104406, 0.111959, 0.161118, 0.222249, 992.933, -11307.8, 10, 2e-20, 3e-20, 2e-20, 2e-20, -1
-0.650284, -0.656275, 0.862291, 0.05, 0.000124884, -0.00975127, -0.0598044, 0.0605943, 998.999, -1601.05, 10, 2e-20, 3e-20, 2e-20, 2e-20, -1
-0.404692, -0.316996, 1.29141, 0.05, 0.0474963, -0.200535, 0.268924, 0.338807, 1004.62, 7391.68, 10, 2e-20, 3e-20, 2e-20, 2e-20, -1
-0.421048, -0.418479, 1.31907, 0.05, 0.0802735, -0.110923, 0.273416, 0.305784, 996.61, -5424.75, 10, 2e-20, 3e-20, 2e-20, 2e-20, -1
-0.730596, 0.507006, 1.4987, 0.05, 0.0044288, 0.00885537, -0.716836, 0.716905, 1000.07, 119.695, 10, 2e-20, 3e-20, 2e-20, 2e-20, -1
-0.529798, -0.373883, 1.40077, 0.05, 0.430674, -0.278033, 0.346347, 0.618659, 1006.58, 10535.8, 10, 2e-20, 3e-20, 2e-20, 2e-20, -1
-0.590776, -0.472215, 1.44101, 0.05, 0.000519034, 0.0107876, 0.400669, 0.400815, 997.66, -3743.75, 10, 2e-20, 3e-20, 2e-20, 2e-20, -1
-0.466246, -0.480395, 1.36055, 0.05, 0.133743, 0.0654897, 0.398688, 0.425591, 995.708, -6866.94, 10, 2e-20, 3e-20, 2e-20, 2e-20, -1
-0.228276, -0.276781, 1.40794, 0.05, 0.0836985, -0.0733214, 0.294051, 0.3144, 999.981, -29.7358, 10, 2e-20, 3e-20, 2e-20, 2e-20, -1
-0.39491, -0.226294, 1.35579, 0.05, 0.142301, 0.103962, 0.097249, 0.201284, 1005.66, 9054.87, 10, 2e-20, 3e-20, 2e-20, 2e-20, -1
-0.159838, -0.37609, 1.4414, 0.05, -0.0976572, -0.161384, 0.353656, 0.400817, 1001.26, 2022.11, 10, 2e-20, 3e-20, 2e-20, 2e-20, -1
-0.199407, -0.396542, 1.41152, 0.05, -0.0423805, -0.16559, 0.333335, 0.374605, 1000.09, 150.219, 10, 2e-20, 3e-20, 2e-20, 2e-20, -1
-0.657035, -0.476268, 1.40736, 0.05, 0.103598, -0.213723, 0.204277, 0.313271, 995.851, -6638.48, 10, 2e-20, 3e-20, 2e-20, 2e-20, -1
-0.135711, -0.245047, 1.40119, 0.05, -0.0907365, 0.00410178, 0.15924, 0.183323, 999.703, -475.593, 10, 2e-20, 3e-20, 2e-20, 2e-20, -1
-0.391554, -0.503069, 0.0541124, 0.05, 0.0218522, -0.106587, 0.0734131, 0.131254, 1011.09, 17748, 10, 2e-20, 3e-20, 2e-20, 2e-20, -1
-0.427612, -0.466997, 0.117177, 0.05, 0.00983825, 0.0549311, -0.121186, 0.133418, 1015.44, 24707.4, 10, 2e-20, 3e-20, 2e-20, 2e-20, -1
-0.377163, -0.45557, 0.0904327, 0.05, 0.200836, -0.0920736, 0.0275493, 0.222647, 1004.27, 6825.37, 10, 2e-20, 3e-20, 2e-20, 2e-20, -1
-0.386104, -0.45682, 0.178038, 0.05, -0.101463, -0.074237, 0.243128, 0.27371, 1010.64, 17025.4, 10, 2e-20, 3e-20, 2e-20, 2e-20, -1
-0.448022, -0.474479, 0.252653, 0.05, 0.0400219, -0.0817421, -0.0156179, 0.0923442, 1007.88, 12607.2, 10, 2e-20, 3e-20, 2e-20, 2e-20, -1
-0.417229, -0.43912, 0.271536, 0.05, -0.0581542, 0.196894, 0.0492593, 0.211129, 1004.09, 6542.49, 10, 2e-20, 3e-20, 2e-20, 2e-20, -1
-0.470412, -0.405603, 0.258959, 0.05, -0.160887, 0.0610405, 0.0323208, 0.175086, 1002.78, 4445.92, 10, 2e-20, 3e-20, 2e-20, 2e-20, -1
-0.358395, -0.500385, 0.421046, 0.05, 0.0165392, 0.0525818, -0.169948, 0.178663, 1010.32, 16519, 10, 2e-20, 3e-20, 2e-20, 2e-20, -1
-0.38112, -0.48399, 0.463072, 0.05, 0.101602, 0.0410734, 0.300593, 0.319947, 1000.53, 840.206, 10, 2e-20, 3e-20, 2e-20, 2e-20, -1
-0.352358, -0.457788, 0.455824, 0.05, -0.0580163, -0.0724564, 0.0382646, 0.100399, 1005.73, 9175.48, 10, 2e-20, 3e-20, 2e-20, 2e-20, -1
-0.395976, -0.43663, 0.453936, 0.05, 0.0591736, -0.038925, 0.183368, 0.196571, 1003.49, 5583.37, 10, 2e-20, 3e-20, 2e-20, 2e-20, -1
-0.36885, -0.435082, 0.639607, 0.05, 0.0178843, -0.0497007, 0.0298687, 0.0606807, 1001.23, 1962.89, 10, 2e-20, 3e-20, 2e-20, 2e-20, -1
-0.385389, -0.434219, 0.496354, 0.05, -0.0652288, -0.0538184, 0.0944075, 0.126744, 1006.19, 9907.76, 10, 2e-20, 3e-20, 2e-20, 2e-20, -1
-0.327669, -0.45937, 0.570378, 0.05, 0.0359976, 0.0089049, 0.12222, 0.127721, 998.409, -2545.42, 10, 2e-20, 3e-20, 2e-20, 2e-20, -1
-0.340221, -0.418791, 0.573861, 0.05, 0.11565, -0.0528873, -0.0737887, 0.147026, 999.275, -1159.51, 10, 2e-20, 3e-20, 2e-20, 2e-20, -1
-0.408795, -0.391326, 0.477438, 0.05, 0.0424706, -0.114779, 0.0240517, 0.124725, 999.897, -165.118, 10, 2e-20, 3e-20, 2e-20, 2e-20, -1
-0.427253, -0.450592, 0.61275, 0.05, -0.138198, -0.0334935, -0.00206365, 0.142213, 1008.6, 13767.8, 10, 2e-20, 3e-20, 2e-20, 2e-20, -1
-0.406921, -0.370889, 0.526768, 0.05, 0.0647237, -0.11981, 0.1343, 0.191259, 1000.78, 1248.42, 10, 2e-20, 3e-20, 2e-20, 2e-20, -1
-0.366027, -0.364958, 0.473566, 0.05, -0.178232, 0.239278, -0.0547116, 0.303338, 1009.99, 15976.3, 10, 2e-20, 3e-20, 2e-20, 2e-20, -1
-0.370402, -0.392006, 0.61064, 0.05, 0.00394793, 0.0473503, -0.00711335, 0.0480441, 1008.64, 13818.4, 10, 2e-20, 3e-20, 2e-20, 2e-20, -1
-0.440509, -0.452735, 0.691519, 0.05, -0.114954, -0.144394, 0.0214971, 0.185812, 999.439, -897.705, 10, 2e-20, 3e-20, 2e-20, 2e-20, -1
-0.404399, -0.424006, 0.910041, 0.05, -0.0683288, -0.0747313, 0.220767, 0.242882, 1005.9, 9438.14, 10, 2e-20, 3e-20, 2e-20, 2e-20, -1
-0.477662, -0.44663, 0.995055, 0.05, -0.046749, 0.00170135, 0.18419, 0.190038, 1000.78, 1248.1, 10, 2e-20, 3e-20, 2e-20, 2e-20, -1
-0.400394, -0.443494, 0.743159, 0.05, -0.00938474, -0.0189618, 0.130341, 0.132047, 1008.88, 14209.8, 10, 2e-20, 3e-20, 2e-20, 2e-20, -1
-0.371254, -0.421658, 0.780607, 0.05, 0.00364595, -0.0453288, 0.045605, 0.0644035, 997.881, -3390.18, 10, 2e-20, 3e-20, 2e-20, 2e-20, -1
-0.351452, -0.431235, 0.919246, 0.05, -0.0968107, -0.0373328, 0.0942374, 0.140167, 995.203, -7675.81, 10, 2e-20, 3e-20, 2e-20, 2e-20, -1
-0.353203, -0.447942, 1.02339, 0.05, 0.0383354, -0.0681145, 0.168286, 0.185552, 1002.58, 4132.77, 10, 2e-20, 3e-20, 2e-20, 2e-20, -1
-0.420103, -0.395923, 0.864951, 0.05, -0.101029, 0.0596152, 0.154517, 0.194001, 1002.56, 4102.72, 10, 2e-20, 3e-20, 2e-20, 2e-20, -1
-0.443126, -0.434257, 1.03471, 0.05, -0.0221511, -0.0586632, 0.0927159, 0.11193, 1005.01, 8019.98, 10, 2e-20, 3e-20, 2e-20, 2e-20, -1
-0.377278, -0.432327, 1.04338, 0.05, 0.0594797, 0.04972, 0.132247, 0.153294, 1003.74, 5980.87, 10, 2e-20, 3e-20, 2e-20, 2e-20, -1
-0.379405, -0.422374, 0.950173, 0.05, -0.0862435, -0.0481498, 0.107861, 0.146254, 999.907, -148.596, 10, 2e-20, 3e-20, 2e-20, 2e-20, -1
-0.415965, -0.446342, 1.10993, 0.05, -0.272269, 0.0901748, 0.292218, 0.409455, 1000.66, 1051.01, 10, 2e-20, 3e-20, 2e-20, 2e-20, -1
-0.444272, -0.390567, 0.920935, 0.05, -0.0297697, -0.0181709, 0.0787271, 0.0861067, 1007.3, 11683.2, 10, 2e-20, 3e-20, 2e-20, 2e-20, -1
-0.375137, -0.450089, 1.10664, 0.05, 0.164397, -0.0779881, 0.287035, 0.339849, 1002.11, 3382.97, 10, 2e-20, 3e-20, 2e-20, 2e-20, -1
-0.358708, -0.35892, 0.938442, 0.05, -0.0528087, 0.0212848, 0.0927784, 0.108856, 999.718, -450.672, 10, 2e-20, 3e-20, 2e-20, 2e-20, -1
-0.395215, -0.408997, 1.16529, 0.05, 0.0385373, -0.027952, 0.0933032, 0.104747, 1006.36, 10180.8, 10, 2e-20, 3e-20, 2e-20, 2e-20, -1
-0.353013, -0.391959, 0.98602, 0.05, -0.0075487, -0.0310992, 0.17704, 0.179909, 999.335, -1063.42, 10, 2e-20, 3e-20, 2e-20, 2e-20, -1
-0.375833, -0.421044, 1.25917, 0.05, 0.068564, -0.00166381, 0.382655, 0.388753, 1001.21, 1941.3, 10, 2e-20, 3e-20, 2e-20, 2e-20, -1
-0.363411, -0.325027, 0.960181, 0.05, 0.0281558, -0.0748093, 0.156369, 0.175614, 1004.21, 6739.46, 10, 2e-20, 3e-20, 2e-20, 2e-20, -1
-0.303038, -0.298025, 0.984952, 0.05, 0.00713743, -0.0563329, 0.1613, 0.171003, 1002.26, 3611.17, 10, 2e-20, 3e-20, 2e-20, 2e-20, -1
-0.384268, -0.366858, 1.23383, 0.05, -0.0729972, 0.0321609, 0.277272, 0.288518, 1000.77, 1224.6, 10, 2e-20, 3e-20, 2e-20, 2e-20, -1
-0.356875, -0.341694, 1.17163, 0.05, -0.0534063, 0.0660114, 0.0777564, 0.115134, 997.211, -4462.54, 10, 2e-20, 3e-20, 2e-20, 2e-20, -1
-0.349906, -0.379542, 1.16973, 0.05, 0.0607745, -0.215678, 0.16046, 0.275605, 1004.68, 7487.3, 10, 2e-20, 3e-20, 2e-20, 2e-20, -1
-0.360052, -0.287441, 1.08852, 0.05, 0.139972, -0.155487, 0.0119408, 0.20955, 999.141, -1373.97, 10, 2e-20, 3e-20, 2e-20, 2e-20, -1
-0.368061, -0.323198, 1.21441, 0.05, 0.0788174, -0.140199, 0.200823, 0.257289, 1000.86, 1368.71, 10, 2e-20, 3e-20, 2e-20, 2e-20, -1
-0.350351, -0.246088, 1.12705, 0.05, 0.0532148, -0.101494, 0.189282, 0.221271, 998.36, -2623.43, 10, 2e-20, 3e-20, 2e-20, 2e-20, -1
-0.345825, -0.284712, 1.15202, 0.05, -0.113258, 0.0903378, 0.130695, 0.195114, 1003.22, 5157.5, 10, 2e-20, 3e-20, 2e-20, 2e-20, -1
-0.328396, -0.231751, 1.19044, 0.05, 0.11164, -0.100755, 0.170058, 0.227013, 1001.12, 1795.46, 10, 2e-20, 3e-20, 2e-20, 2e-20, -1
-0.322589, -0.285005, 1.22864, 0.05, 0.0875554, 0.0104131, 0.0758385, 0.116301, 999.177, -1316.63, 10, 2e-20, 3e-20, 2e-20, 2e-20, -1
-0.27302, -0.262261, 1.24718, 0.05, 0.186134, 0.024296, 0.227436, 0.294895, 1001.44, 2297, 10, 2e-20, 3e-20, 2e-20, 2e-20, -1
-0.237854, -0.239177, 1.28797, 0.05, 0.235476, -0.114951, 0.113028, 0.285374, 1000.35, 552.552, 10, 2e-20, 3e-20, 2e-20, 2e-20, -1
-0.417166, -0.389492, 0.0536982, 0.05, 0.00635185, 0.156258, -0.0333755, 0.159908, 1006.82, 10912.3, 10, 2e-20, 3e-20, 2e-20, 2e-20, -1
-0.431514, -0.434142, 0.102487, 0.05, -0.0115712, 0.0503736, 0.0860399, 0.100371, 1007.24, 11591.5, 10, 2e-20, 3e-20, 2e-20, 2e-20, -1
-0.460407, -0.392793, 0.0949037, 0.05, 0.0634282, -0.153155, 0.111136, 0.199577, 1005.09, 8145.89, 10, 2e-20, 3e-20, 2e-20, 2e-20, -1
-0.433756, -0.433597, 0.158492, 0.05, 0.0338982, -0.00766845, 0.0380092, 0.0515033, 1008.6, 13763.9, 10, 2e-20, 3e-20, 2e-20, 2e-20, -1
-0.424729, -0.451409, 0.210916, 0.05, 0.0177744, 0.0507649, 0.0439712, 0.0694728, 1002.76, 4408.53, 10, 2e-20, 3e-20, 2e-20, 2e-20, -1
-0.461158, -0.39088, 0.165647, 0.05, -0.00732851, 0.035915, -0.0255156, 0.0446613, 1011.46, 18341.6, 10, 2e-20, 3e-20, 2e-20, 2e-20, -1
-0.395801, -0.349232, 0.21152, 0.05, -0.188779, 0.173066, 0.00377575, 0.256132, 1007.59, 12136.4, 10, 2e-20, 3e-20, 2e-20, 2e-20, -1
-0.44762, -0.36603, 0.21956, 0.05, -0.0774989, 0.0642019, 0.0697797, 0.122463, 1006.61, 10571.2, 10, 2e-20, 3e-20, 2e-20, 2e-20, -1
-0.388194, -0.426919, 0.317399, 0.05, -0.0166897, 0.144136, -0.145008, 0.205137, 1007.21, 11535.3, 10, 2e-20, 3e-20, 2e-20, 2e-20, -1
-0.41492, -0.392935, 0.286705, 0.05, 0.0780245, 0.0570495, 0.0735631, 0.121466, 1011.11, 17781.8, 10, 2e-20, 3e-20, 2e-20, 2e-20, -1
-0.303586, -0.481858, 0.417422, 0.05, 0.0278133, 0.00851526, -0.109231, 0.113038, 1006.43, 10285.9, 10, 2e-20, 3e-20, 2e-20, 2e-20, -1
-0.362728, -0.464811, 0.392865, 0.05, 0.0598047, -0.134775, -0.0205717, 0.148876, 1000.63, 1010.09, 10, 2e-20, 3e-20, 2e-20, 2e-20, -1
-0.399453, -0.430135, 0.365033, 0.05, 0.0246019, -0.113937, -0.00886641, 0.1169, 1006.24, 9976.37, 10, 2e-20, 3e-20, 2e-20, 2e-20, -1
-0.364161, -0.419342, 0.41087, 0.05, 0.0383798, -0.1088, 0.153689, 0.192174, 1000.69, 1105.12, 10, 2e-20, 3e-20, 2e-20, 2e-20, -1
-0.37442, -0.446205, 0.544877, 0.05, -0.0160489, -0.0153313, -0.0157947, 0.0272413, 1006.18, 9885.57, 10, 2e-20, 3e-20, 2e-20, 2e-20, -1
-0.407841, -0.369925, 0.385092, 0.05, 0.117613, -0.0528838, -0.00243163, 0.128978, 1013.59, 21738.2, 10, 2e-20, 3e-20, 2e-20, 2e-20, -1
-0.388551, -0.375407, 0.430493, 0.05, -0.0446749, 0.0550015, -0.0263688, 0.0756064, 1003.65, 5835.09, 10, 2e-20, 3e-20, 2e-20, 2e-20, -1
-0.404832, -0.328162, 0.464755, 0.05, 0.0159759, -0.153466, 0.0142551, 0.154953, 1003.86, 6177.6, 10, 2e-20, 3e-20, 2e-20, 2e-20, -1
-0.455864, -0.27361, 0.408478, 0.05, -0.000879057, 0.180606, -0.146051, 0.232272, 1011.4, 18243.8, 10, 2e-20, 3e-20, 2e-20, 2e-20, -1
-0.414972, -0.322774, 0.514658, 0.05, 0.0190169, 0.117137, -0.105571, 0.158833, 1005.38, 8608.78, 10, 2e-20, 3e-20, 2e-20, 2e-20, -1
-0.420382, -0.387425, 0.614137, 0.05, -0.156274, -0.121333, 0.142669, 0.243922, 1001.94, 3096.42, 10, 2e-20, 3e-20, 2e-20, 2e-20, -1
-0.437504, -0.447041, 0.763134, 0.05, 0.0870498, 0.00862484, -0.080887, 0.119142, 1002.86, 4571.42, 10, 2e-20, 3e-20, 2e-20, 2e-20, -1
-0.418744, -0.43178, 0.646607, 0.05, -0.11138, -0.0301248, -0.00782867, 0.115647, 1005.21, 8343.02, 10, 2e-20, 3e-20, 2e-20, 2e-20, -1
-0.394723, -0.402568, 0.714909, 0.05, -0.0065816, 0.000460062, 0.0771286, 0.0774103, 1001.71, 2740.51, 10, 2e-20, 3e-20, 2e-20, 2e-20, -1
-0.435647, -0.374414, 0.697692, 0.05, -0.024393, 0.101701, 0.0715826, 0.126737, 1003.51, 5619.25, 10, 2e-20, 3e-20, 2e-20, 2e-20, -1
-0.417772, -0.399856, 0.766871, 0.05, 0.0567556, -0.162161, 0.0547459, 0.180317, 1000.35, 552.587, 10, 2e-20, 3e-20, 2e-20, 2e-20, -1
-0.440595, -0.321546, 0.667847, 0.05, 0.047388, -0.0740429, 0.149156, 0.173135, 1003.76, 6012.9, 10, 2e-20, 3e-20, 2e-20, 2e-20, -1
-0.422772, -0.284989, 0.636176, 0.05, -0.0539336, 0.0894, 0.0264027, 0.107695, 1004.55, 7274.34, 10, 2e-20, 3e-20, 2e-20, 2e-20, -1
-0.374498, -0.373173, 0.751102, 0.05, -0.0164469, -0.0902426, 0.0376529, 0.0991563, 1003.34, 5351.94, 10, 2e-20, 3e-20, 2e-20, 2e-20, -1
-0.426478, -0.274954, 0.689373, 0.05, -0.0453468, 0.0809038, 0.113421, 0.146513, 1000.39, 631.302, 10, 2e-20, 3e-20, 2e-20, 2e-20, -1
-0.417308, -0.348707, 0.759549, 0.05, 0.037493, -0.0529439, -0.0271272, 0.0703183, 1006.03, 9640.37, 10, 2e-20, 3e-20, 2e-20, 2e-20, -1
-0.397784, -0.346413, 0.701439, 0.05, -0.0268631, 0.102348, 0.0651704, 0.124274, 1011.46, 18337.2, 10, 2e-20, 3e-20, 2e-20, 2e-20, -1
-0.417824, -0.355879, 0.813846, 0.05, -0.0369166, 0.0784363, 0.175996, 0.196187, 1001.99, 3187.4, 10, 2e-20, 3e-20, 2e-20, 2e-20, -1
-0.42819, -0.344741, 0.863185, 0.05, -0.0197161, 0.125937, -0.0750934, 0.147946, 1001.58, 2522.01, 10, 2e-20, 3e-20, 2e-20, 2e-20, -1
-0.390131, -0.32801, 0.889825, 0.05, -0.153648, -0.081254, 0.0124699, 0.174257, 999.261, -1182.79, 10, 2e-20, 3e-20, 2e-20, 2e-20, -1
-0.436464, -0.296609, 0.838949, 0.05, -0.0775953, -0.169845, 0.196948, 0.271398, 999.214, -1258.38, 10, 2e-20, 3e-20, 2e-20, 2e-20, -1
-0.389555, -0.283062, 0.869959, 0.05, -0.0580773, -0.0778732, 0.170758, 0.196457, 1001.58, 2534.29, 10, 2e-20, 3e-20, 2e-20, 2e-20, -1
-0.357763, -0.297939, 0.915935, 0.05, -0.0586988, -0.0604745, 0.0757492, 0.113317, 1009.4, 15034.9, 10, 2e-20, 3e-20, 2e-20, 2e-20, -1
-0.358317, -0.250382, 0.9058, 0.05, -0.0459545, 0.00713618, 0.0552951, 0.0722516, 1014, 22401.8, 10, 2e-20, 3e-20, 2e-20, 2e-20, -1
-0.391281, -0.204248, 0.902438, 0.05, 0.061882, -0.19824, 0.0361356, 0.210794, 995.168, -7731.63, 10, 2e-20, 3e-20, 2e-20, 2e-20, -1
-0.365534, -0.208868, 0.947947, 0.05, 0.117484, 0.041673, 0.033788, 0.129154, 1004.64, 7429.45, 10, 2e-20, 3e-20, 2e-20, 2e-20, -1
-0.404043, -0.387721, 1.21303, 0.05, 0.000928164, 0.0295701, 0.2037, 0.205837, 1003.51, 5619.31, 10, 2e-20, 3e-20, 2e-20, 2e-20, -1
-0.335412, -0.373171, 1.05905, 0.05, 0.0381477, -0.110018, 0.105357, 0.157033, 1001.27, 2039.36, 10, 2e-20, 3e-20, 2e-20, 2e-20, -1
-0.338733, -0.35816, 1.10015, 0.05, 0.0399175, -0.119692, 0.110017, 0.167402, 1002.1, 3363.68, 10, 2e-20, 3e-20, 2e-20, 2e-20, -1
-0.348837, -0.317741, 1.05361, 0.05, 0.0936792, -0.0163766, 0.107024, 0.143172, 999.683, -507.75, 10, 2e-20, 3e-20, 2e-20, 2e-20, -1
-0.293569, -0.189021, 1.12479, 0.05, 0.0199186, -0.0260498, 0.0563057, 0.0651588, 1003.35, 5355.89, 10, 2e-20, 3e-20, 2e-20, 2e-20, -1
-0.246436, -0.15826, 1.17134, 0.05, -0.0434048, 0.0602185, 0.0716305, 0.103156, 1004.52, 7239.4, 10, 2e-20, 3e-20, 2e-20, 2e-20, -1
-0.269011, -0.256735, 1.17385, 0.05, 0.131909, -0.0154849, 0.251247, 0.284191, 1000.85, 1367.15, 10, 2e-20, 3e-20, 2e-20, 2e-20, -1
-0.219368, -0.169175, 1.21013, 0.05, 0.0614826, -0.0899116, 0.0331233, 0.113848, 1002.54, 4059.17, 10, 2e-20, 3e-20, 2e-20, 2e-20, -1
-0.254733, -0.230729, 1.2046, 0.05, 0.0637886, -0.070321, 0.0866484, 0.128538, 1005, 8001.87, 10, 2e-20, 3e-20, 2e-20, 2e-20, -1
-0.216848, -0.192627, 1.31333, 0.05, 0.204358, -0.144591, 0.100584, 0.269789, 997.519, -3969.21, 10, 2e-20, 3e-20, 2e-20, 2e-20, -1
-0.429088, -0.326815, 0.0480159, 0.05, -0.103854, -0.168881, 0.0588392, 0.206806, 1001.24, 1985.35, 10, 2e-20, 3e-20, 2e-20, 2e-20, -1
-0.463903, -0.379698, 0.0508401, 0.05, -0.113666, 0.065046, -0.177632, 0.22069, 1006.01, 9618.4, 10, 2e-20, 3e-20, 2e-20, 2e-20, -1
-0.449904, -0.351445, 0.118282, 0.05, 0.255908, 0.0668486, 0.0604753, 0.271321, 1011.46, 18342.6, 10, 2e-20, 3e-20, 2e-20, 2e-20, -1
-0.44604, -0.284968, 0.13204, 0.05, -0.160238, 0.0238651, -0.164907, 0.231171, 1007.72, 12348.6, 10, 2e-20, 3e-20, 2e-20, 2e-20, -1
-0.424711, -0.352076, 0.160814, 0.05, 0.0246057, -0.0445047, -0.067628, 0.0846147, 1002.02, 3236.48, 10, 2e-20, 3e-20, 2e-20, 2e-20, -1
-0.421835, -0.304393, 0.156196, 0.05, -0.077806, -0.118602, 0.0194622, 0.143175, 1002.91, 4650.45, 10, 2e-20, 3e-20, 2e-20, 2e-20, -1
-0.430618, -0.257509, 0.175577, 0.05, 0.0510093, 0.206067, -0.192456, 0.286539, 1008.85, 14154.1, 10, 2e-20, 3e-20, 2e-20, 2e-20, -1
-0.449824, -0.323574, 0.194207, 0.05, 0.0456883, -0.123227, 0.176578, 0.220118, 1010.35, 16567.1, 10, 2e-20, 3e-20, 2e-20, 2e-20, -1
-0.455149, -0.357916, 0.272038, 0.05, -0.0805122, -0.133689, -0.0588921, 0.166803, 1003.63, 5802.35, 10, 2e-20, 3e-20, 2e-20, 2e-20, -1
-0.355519, -0.343483, 0.253573, 0.05, -0.12829, -0.012157, 0.143316, 0.192732, 1002.49, 3987.02, 10, 2e-20, 3e-20, 2e-20, 2e-20, -1
-0.405203, -0.345638, 0.260546, 0.05, 0.00149235, 0.0961543, 0.0602989, 0.113507, 1003.47, 5556.8, 10, 2e-20, 3e-20, 2e-20, 2e-20, -1
-0.392837, -0.297048, 0.259644, 0.05, 0.0089958, -0.163432, -0.0467221, 0.170217, 1000.45, 723.972, 10, 2e-20, 3e-20, 2e-20, 2e-20, -1
-0.431712, -0.318967, 0.28499, 0.05, 0.0691114, 0.0635598, 0.00678367, 0.0941395, 1007.81, 12494, 10, 2e-20, 3e-20, 2e-20, 2e-20, -1
-0.372902, -0.271837, 0.302167, 0.05, -0.102126, -0.114589, 0.0216254, 0.155009, 1005.6, 8959.01, 10, 2e-20, 3e-20, 2e-20, 2e-20, -1
-0.409097, -0.307998, 0.331788, 0.05, -0.00102557, 0.00523575, -0.0375504, 0.0379275, 1006.57, 10517.5, 10, 2e-20, 3e-20, 2e-20, 2e-20, -1
-0.412368, -0.256336, 0.331838, 0.05, -0.010309, -0.101495, 0.0952064, 0.139542, 1010.06, 16099.8, 10, 2e-20, 3e-20, 2e-20, 2e-20, -1
-0.440469, -0.320034, 0.378012, 0.05, -0.0369359, 0.14478, 0.0519132, 0.158179, 993.801, -9918.85, 10, 2e-20, 3e-20, 2e-20, 2e-20, -1
-0.410039, -0.280634, 0.383434, 0.05, -0.0715044, 0.184995, 0.00119619, 0.198337, 1010.56, 16895.5, 10, 2e-20, 3e-20, 2e-20, 2e-20, -1
-0.436956, -0.244899, 0.464972, 0.05, -0.170328, 0.127336, -0.0687719, 0.223507, 1008.89, 14217.7, 10, 2e-20, 3e-20, 2e-20, 2e-20, -1
-0.457594, -0.272791, 0.503438, 0.05, -0.00993391, -0.24657, 0.0734888, 0.257481, 997.655, -3751.46, 10, 2e-20, 3e-20, 2e-20, 2e-20, -1
-0.437054, -0.343514, 0.556617, 0.05, -0.0871533, -0.013365, 0.0470156, 0.0999239, 1003.55, 5680.46, 10, 2e-20, 3e-20, 2e-20, 2e-20, -1
-0.460002, -0.410873, 0.675891, 0.05, -0.0544731, -0.146047, -0.113055, 0.192557, 997.973, -3243.64, 10, 2e-20, 3e-20, 2e-20, 2e-20, -1
-0.413924, -0.279835, 0.535272, 0.05, -0.0176145, 0.169719, -0.0491317, 0.177563, 1004.18, 6681.23, 10, 2e-20, 3e-20, 2e-20, 2e-20, -1
-0.375289, -0.345799, 0.593346, 0.05, 0.0862703, -0.0284446, 0.0837529, 0.123556, 1006.91, 11061.8, 10, 2e-20, 3e-20, 2e-20, 2e-20, -1
-0.427172, -0.277995, 0.582694, 0.05, -0.157426, -0.0720393, 0.0134032, 0.173644, 1000.46, 734.19, 10, 2e-20, 3e-20, 2e-20, 2e-20, -1
-0.401982, -0.343549, 0.642855, 0.05, 0.0397767, -0.0653958, -0.00100442, 0.0765493, 1006.95, 11125.4, 10, 2e-20, 3e-20, 2e-20, 2e-20, -1
-0.406778, -0.239864, 0.609079, 0.05, 0.119824, 0.0765765, 0.131944, 0.193987, 1004.82, 7709.49, 10, 2e-20, 3e-20, 2e-20, 2e-20, -1
-0.444758, -0.209473, 0.620788, 0.05, 0.13819, 0.0589572, 0.00580041, 0.150353, 1003.94, 6300.46, 10, 2e-20, 3e-20, 2e-20, 2e-20, -1
-0.424434, -0.230967, 0.666145, 0.05, 0.0302175, -0.113812, 0.0981296, 0.153283, 1001.32, 2106.22, 10, 2e-20, 3e-20, 2e-20, 2e-20, -1
-0.465245, -0.242582, 0.698485, 0.05, 0.00829534, -0.0276193, -0.0392317, 0.0486906, 1008.84, 14146.8, 10, 2e-20, 3e-20, 2e-20, 2e-20, -1
-0.388288, -0.296861, 0.723695, 0.05, -0.0396364, -0.119233, 0.0878866, 0.153335, 998.398, -2563.41, 10, 2e-20, 3e-20, 2e-20, 2e-20, -1
-0.440877, -0.279212, 0.740718, 0.05, -0.0520157, -0.178439, 0.00761412, 0.186022, 999.02, -1568.16, 10, 2e-20, 3e-20, 2e-20, 2e-20, -1
-0.376214, -0.330649, 0.764047, 0.05, 0.0441955, 0.0633252, -0.0221973, 0.0803495, 1006.14, 9817.41, 10, 2e-20, 3e-20, 2e-20, 2e-20, -1
-0.411243, -0.306346, 0.786061, 0.05, 0.0396201, -0.131879, 0.0618469, 0.150953, 1002.02, 3237.02, 10, 2e-20, 3e-20, 2e-20, 2e-20, -1
-0.457801, -0.321584, 0.773592, 0.05, -0.108545, 0.170039, -0.0476566, 0.207283, 1010.99, 17585, 10, 2e-20, 3e-20, 2e-20, 2e-20, -1
-0.402305, -0.269152, 0.819611, 0.05, 0.0730568, 0.160258, 0.0814613, 0.194051, 1001.34, 2137.2, 10, 2e-20, 3e-20, 2e-20, 2e-20, -1
-0.438922, -0.231886, 0.829727, 0.05, 0.150332, 0.0492646, -0.0327284, 0.161548, 1005.7, 9127.82, 10, 2e-20, 3e-20, 2e-20, 2e-20, -1
-0.429271, -0.251643, 0.872821, 0.05, 0.0122062, -0.0780239, 0.168169, 0.185789, 1007.25, 11598.6, 10, 2e-20, 3e-20, 2e-20, 2e-20, -1
-0.462697, -0.119028, 0.862097, 0.05, 0.0220967, 0.0257987, -0.0544576, 0.0641831, 1005.36, 8582.4, 10, 2e-20, 3e-20, 2e-20, 2e-20, -1
-0.401408, -0.193534, 0.852599, 0.05, -0.0764845, -0.205855, -0.147052, 0.264292, 1006.9, 11040.6, 10, 2e-20, 3e-20, 2e-20, 2e-20, -1
-0.403556, -0.151255, 0.899255, 0.05, 0.0304517, 0.0188357, 0.175261, 0.178882, 1004.46, 7139.69, 10, 2e-20, 3e-20, 2e-20, 2e-20, -1
-0.362738, -0.16084, 0.932509, 0.05, 0.144186, -0.0687833, 0.123661, 0.202022, 1000.14, 230.57, 10, 2e-20, 3e-20, 2e-20, 2e-20, -1
-0.401897, -0.169713, 0.951494, 0.05, -0.00900717, 0.0420381, 0.049348, 0.0654489, 1005.37, 8598.02, 10, 2e-20, 3e-20, 2e-20, 2e-20, -1
-0.363886, -0.387979, 1.11727, 0.05, 0.176295, -0.111496, 0.139423, 0.250898, 998.419, -2529.77, 10, 2e-20, 3e-20, 2e-20, 2e-20, -1
-0.370929, -0.246453, 0.973736, 0.05, -0.0296314, -0.0508419, 0.0329075, 0.0674228, 1000.33, 531.68, 10, 2e-20, 3e-20, 2e-20, 2e-20, -1
-0.331745, -0.259896, 1.05972, 0.05, 0.0552142, -0.125209, 0.168692, 0.217216, 1002.6, 4155.05, 10, 2e-20, 3e-20, 2e-20, 2e-20, -1
-0.350557, -0.190595, 1.09182, 0.05, 0.00136254, -0.0832195, 0.119372, 0.145523, 1004, 6392.81, 10, 2e-20, 3e-20, 2e-20, 2e-20, -1
-0.247947, -0.106612, 1.19553, 0.05, 0.080477, -0.157971, 0.0186406, 0.178266, 1000.72, 1145.41, 10, 2e-20, 3e-20, 2e-20, 2e-20, -1
-0.218292, -0.102729, 1.25356, 0.05, 0.0661026, -0.159912, 0.0144304, 0.173636, 998.261, -2783.13, 10, 2e-20, 3e-20, 2e-20, 2e-20, -1
-0.168673, -0.0756749, 1.26577, 0.05, -0.0221054, -0.216324, 0.0796782, 0.231589, 1005.63, 9002.37, 10, 2e-20, 3e-20, 2e-20, 2e-20, -1
-0.13634, -0.186075, 1.31259, 0.05, 0.0388938, -0.0624075, 0.0441967, 0.085795, 1002.57, 4111.41, 10, 2e-20, 3e-20, 2e-20, 2e-20, -1
-0.411383, -0.270171, 0.0529258, 0.05, 0.0345745, 0.124537, -0.197239, 0.235814, 1014.68, 23488.3, 10, 2e-20, 3e-20, 2e-20, 2e-20, -1
-0.479814, -0.321361, 0.0492361, 0.05, 0.0949302, -0.176738, -0.000405502, 0.20062, 1008.33, 13323.6, 10, 2e-20, 3e-20, 2e-20, 2e-20, -1
-0.46482, -0.312618, 0.0933377, 0.05, -0.010501, -0.0520866, 0.0534336, 0.0753554, 1012.49, 19978.2, 10, 2e-20, 3e-20, 2e-20, 2e-20, -1
-0.438959, -0.212704, 0.0475805, 0.05, 0.0504504, 0.139548, 0.0516026, 0.157104, 1005.36, 8573.57, 10, 2e-20, 3e-20, 2e-20, 2e-20, -1
-0.44881, -0.244649, 0.0947965, 0.05, -0.105738, 0.193456, 0.250212, 0.333484, 995.356, -7430.56, 10, 2e-20, 3e-20, 2e-20, 2e-20, -1
-0.424332, -0.178179, 0.123409, 0.05, -0.0703697, 0.0655036, -0.191065, 0.213889, 1000.91, 1448.22, 10, 2e-20, 3e-20, 2e-20, 2e-20, -1
-0.442828, -0.203478, 0.172489, 0.05, -0.00310515, -0.159069, -0.0783559, 0.177347, 1004.62, 7394.07, 10, 2e-20, 3e-20, 2e-20, 2e-20, -1
-0.475758, -0.12061, 0.165996, 0.05, 0.132786, -0.0230116, -0.0517668, 0.144366, 1015.86, 25370.2, 10, 2e-20, 3e-20, 2e-20, 2e-20, -1
-0.447891, -0.154411, 0.172963, 0.05, -0.112848, 0.120527, -0.0158359, 0.165868, 1010.72, 17158, 10, 2e-20, 3e-20, 2e-20, 2e-20, -1
-0.424178, -0.102807, 0.163827, 0.05, -0.419482, -0.036657, 0.0378526, 0.422779, 1005.13, 8200.19, 10, 2e-20, 3e-20, 2e-20, 2e-20, -1
-0.406618, -0.299186, 0.212976, 0.05, -0.0496516, -0.208326, 0.122163, 0.246554, 999.634, -585.208, 10, 2e-20, 3e-20, 2e-20, 2e-20, -1
-0.446134, -0.233246, 0.222769, 0.05, -0.0989958, 0.0819618, 0.0466647, 0.136731, 1002.07, 3306.42, 10, 2e-20, 3e-20, 2e-20, 2e-20, -1
-0.412608, -0.249066, 0.277658, 0.05, -0.152955, 0.109703, 0.0500517, 0.19477, 1001.95, 3121.63, 10, 2e-20, 3e-20, 2e-20, 2e-20, -1
-0.465667, -0.206081, 0.269923, 0.05, 0.065691, -0.0999327, -0.0242762, 0.122029, 1003, 4805.3, 10, 2e-20, 3e-20, 2e-20, 2e-20, -1
-0.432613, -0.213539, 0.30915, 0.05, 0.0188792, -0.0258487, -0.168616, 0.171627, 1010.08, 16121.6, 10, 2e-20, 3e-20, 2e-20, 2e-20, -1
-0.453725, -0.20164, 0.362431, 0.05, 0.23272, -0.0195655, 0.0699094, 0.243781, 1003.66, 5852.24, 10, 2e-20, 3e-20, 2e-20, 2e-20, -1
-0.427939, -0.237583, 0.384784, 0.05, -0.0270766, -0.032057, 0.159111, 0.164551, 1003.97, 6354.81, 10, 2e-20, 3e-20, 2e-20, 2e-20, -1
-0.456228, -0.151467, 0.378269, 0.05, 0.0143164, 0.213845, -0.126508, 0.248876, 1011.21, 17930.9, 10, 2e-20, 3e-20, 2e-20, 2e-20, -1
-0.408621, -0.199593, 0.38684, 0.05, -0.102042, -0.136947, 0.0880921, 0.192164, 993.129, -10993.3, 10, 2e-20, 3e-20, 2e-20, 2e-20, -1
-0.41565, -0.207984, 0.439162, 0.05, -0.12263, 0.121644, -0.0580409, 0.18222, 1004.67, 7466.72, 10, 2e-20, 3e-20, 2e-20, 2e-20, -1
-0.469775, -0.188155, 0.475619, 0.05, -0.133579, -0.0455372, -0.0695603, 0.157339, 1005.27, 8434.69, 10, 2e-20, 3e-20, 2e-20, 2e-20, -1
-0.450868, -0.219139, 0.508941, 0.05, -0.0829801, 0.0928478, 0.243951, 0.273895, 1005.96, 9542.83, 10, 2e-20, 3e-20, 2e-20, 2e-20, -1
-0.483756, -0.154519, 0.55508, 0.05, -0.141594, -0.206515, 0.0881941, 0.265472, 1006.28, 10052.9, 10, 2e-20, 3e-20, 2e-20, 2e-20, -1
-0.464012, -0.248047, 0.551593, 0.05, 0.0973373, 0.109548, -0.122617, 0.191076, 1007.67, 12275.3, 10, 2e-20, 3e-20, 2e-20, 2e-20, -1
-0.527542, -0.125222, 0.547495, 0.05, 0.00380699, 0.0946454, -0.0499426, 0.107082, 999.551, -719.102, 10, 2e-20, 3e-20, 2e-20, 2e-20, -1
-0.448747, -0.192233, 0.559075, 0.05, -0.0960597, -0.190755, -0.0736072, 0.225905, 1002.95, 4713.51, 10, 2e-20, 3e-20, 2e-20, 2e-20, -1
-0.484018, -0.105559, 0.572601, 0.05, -0.0145205, 0.0343755, -0.0193193, 0.0420209, 1003.17, 5069.03, 10, 2e-20, 3e-20, 2e-20, 2e-20, -1
-0.44991, -0.161277, 0.603692, 0.05, 0.0452327, -0.137154, -0.0985613, 0.174847, 1005.34, 8548.33, 10, 2e-20, 3e-20, 2e-20, 2e-20, -1
-0.475126, -0.168653, 0.651528, 0.05, -0.0130132, -0.0339535, 0.151257, 0.155566, 1010.19, 16310, 10, 2e-20, 3e-20, 2e-20, 2e-20, -1
-0.43893, -0.192402, 0.699692, 0.05, -0.0193314, -0.0516767, 0.0107048, 0.056203, 1004.51, 7220.81, 10, 2e-20, 3e-20, 2e-20, 2e-20, -1
-0.487542, -0.195398, 0.703278, 0.05, 0.013447, -0.0890176, 0.132065, 0.159832, 1007.69, 12303.9, 10, 2e-20, 3e-20, 2e-20, 2e-20, -1
-0.55244, -0.0870512, 0.712464, 0.05, -0.00674197, -0.157328, -0.0108099, 0.157843, 1001.67, 2667.48, 10, 2e-20, 3e-20, 2e-20, 2e-20, -1
-0.470661, -0.235757, 0.75339, 0.05, -0.160675, -0.0735643, 0.145169, 0.228697, 1003.07, 4918.8, 10, 2e-20, 3e-20, 2e-20, 2e-20, -1
-0.515478, -0.122096, 0.730801, 0.05, -0.104092, -0.132868, -0.0164673, 0.169588, 1002.94, 4708.75, 10, 2e-20, 3e-20, 2e-20, 2e-20, -1
-0.449074, -0.270441, 0.793589, 0.05, -0.139585, -0.0242395, 0.0263777, 0.144109, 1005.95, 9516.42, 10, 2e-20, 3e-20, 2e-20, 2e-20, -1
-0.491465, -0.161857, 0.754143, 0.05, 0.0754535, -0.180117, 0.00469565, 0.195339, 1005.27, 8428.29, 10, 2e-20, 3e-20, 2e-20, 2e-20, -1
-0.485604, -0.210605, 0.791961, 0.05, 0.102961, -0.00596057, -0.0146742, 0.104172, 998.963, -1658.52, 10, 2e-20, 3e-20, 2e-20, 2e-20, -1
-0.472938, -0.15359, 0.799278, 0.05, 0.037289, -0.0763504, 0.116227, 0.143974, 999.482, -828.047, 10, 2e-20, 3e-20, 2e-20, 2e-20, -1
-0.541485, -0.114811, 0.817794, 0.05, -0.0108258, -0.142352, -0.0877239, 0.167561, 998.561, -2302.11, 10, 2e-20, 3e-20, 2e-20, 2e-20, -1
-0.436259, -0.0822365, 0.887172, 0.05, -0.0237407, -0.114325, -0.0173755, 0.11805, 1002.13, 3403.88, 10, 2e-20, 3e-20, 2e-20, 2e-20, -1
-0.450229, -0.0859465, 0.949766, 0.05, 0.0817173, -0.24466, 0.131905, 0.289716, 995.389, -7377, 10, 2e-20, 3e-20, 2e-20, 2e-20, -1
-0.430469, -0.128497, 0.926179, 0.05, -0.102312, 0.00789736, 0.267546, 0.28655, 1005.63, 9013.82, 10, 2e-20, 3e-20, 2e-20, 2e-20, -1
-0.367978, -0.131354, 0.978685, 0.05, 0.000480824, 0.0914916, -0.00694651, 0.0917562, 999.221, -1245.79, 10, 2e-20, 3e-20, 2e-20, 2e-20, -1
-0.379276, -0.168203, 0.998301, 0.05, 0.0296747, -0.107972, 0.237927, 0.26296, 1001.18, 1884.89, 10, 2e-20, 3e-20, 2e-20, 2e-20, -1
-0.343958, -0.121377, 1.03734, 0.05, -0.0482243, -0.0722148, 0.236232, 0.251687, 1008.12, 12998.9, 10, 2e-20, 3e-20, 2e-20, 2e-20, -1
-0.339531, -0.195837, 1.00799, 0.05, 0.0021325, -0.0989815, 0.0677327, 0.119957, 998.964, -1656.85, 10, 2e-20, 3e-20, 2e-20, 2e-20, -1
-0.369979, -0.159795, 1.05318, 0.05, -0.107002, 0.0305091, 0.0193048, 0.112929, 1003.48, 5569.56, 10, 2e-20, 3e-20, 2e-20, 2e-20, -1
-0.333581, -0.130015, 1.10314, 0.05, -0.100403, 0.0599711, 0.0841057, 0.144052, 1007.29, 11663.3, 10, 2e-20, 3e-20, 2e-20, 2e-20, -1
-0.196418, -0.0548506, 1.30016, 0.05, 0.044267, 0.00240084, 0.0834537, 0.0944979, 1001.54, 2469.7, 10, 2e-20, 3e-20, 2e-20, 2e-20, -1
-0.154706, -0.0984602, 1.28985, 0.05, 0.0451468, -0.168344, 0.143613, 0.225837, 1002.92, 4667.06, 10, 2e-20, 3e-20, 2e-20, 2e-20, -1
-0.10471, -0.126214, 1.40349, 0.05, -0.0305762, 0.0832447, 0.100001, 0.133659, 999.619, -609.048, 10, 2e-20, 3e-20, 2e-20, 2e-20, -1
-0.429879, -0.156537, 0.0523709, 0.05, 0.136812, -0.211702, -0.10499, 0.273054, 1013.86, 22178.9, 10, 2e-20, 3e-20, 2e-20, 2e-20, -1
-0.499228, -0.215531, 0.0494627, 0.05, -0.120352, 0.154049, -0.0544362, 0.202926, 1010, 16006, 10, 2e-20, 3e-20, 2e-20, 2e-20, -1
-0.46335, -0.192127, 0.0799577, 0.05, -0.0792036, -0.155533, -0.263997, 0.316478, 1005.61, 8976.81, 10, 2e-20, 3e-20, 2e-20, 2e-20, -1
-0.440966, -0.100974, 0.080803, 0.05, -0.397065, -0.152192, 0.0500458, 0.428167, 1007.57, 12111.9, 10, 2e-20, 3e-20, 2e-20, 2e-20, -1
-0.403843, -0.144106, 0.0930591, 0.05, -0.147073, 0.228451, -0.179665, 0.32573, 1010.09, 16150.6, 10, 2e-20, 3e-20, 2e-20, 2e-20, -1
-0.399776, -0.200933, 0.0805021, 0.05, 0.0942695, -0.0871612, -0.178366, 0.219768, 1010, 15993.5, 10, 2e-20, 3e-20, 2e-20, 2e-20, -1
-0.472603, -0.17698, 0.12649, 0.05, -0.174307, -0.00698361, 0.0574272, 0.183656, 1011.23, 17960, 10, 2e-20, 3e-20, 2e-20, 2e-20, -1
-0.520159, -0.0388106, 0.170033, 0.05, -0.138504, -0.0681281, -0.162374, 0.224032, 1008.96, 14337.6, 10, 2e-20, 3e-20, 2e-20, 2e-20, -1
-0.478248, -0.0658342, 0.153941, 0.05, -0.322363, -0.168742, -0.206438, 0.41834, 1007.47, 11946.8, 10, 2e-20, 3e-20, 2e-20, 2e-20, -1
-0.482396, -0.0819047, 0.204525, 0.05, -0.150048, -0.152833, 0.0584847, 0.22202, 1005.47, 8747.51, 10, 2e-20, 3e-20, 2e-20, 2e-20, -1
-0.481134, -0.134161, 0.215528, 0.05, 0.000241197, 0.0685286, -0.0405156, 0.07961, 1008.51, 13619.8, 10, 2e-20, 3e-20, 2e-20, 2e-20, -1
-0.458059, -0.186084, 0.219675, 0.05, 0.0113086, -0.177205, -0.00973749, 0.177832, 1005.14, 8221.77, 10, 2e-20, 3e-20, 2e-20, 2e-20, -1
-0.466, -0.153304, 0.261369, 0.05, -0.183026, 0.152014, 0.206089, 0.314769, 1004.25, 6796.83, 10, 2e-20, 3e-20, 2e-20, 2e-20, -1
-0.416562, -0.162502, 0.296137, 0.05, 0.0371061, -0.0830605, -0.124137, 0.153902, 1013.82, 22118.4, 10, 2e-20, 3e-20, 2e-20, 2e-20, -1
-0.461761, -0.167873, 0.319296, 0.05, -0.184205, 0.104073, 0.0527828, 0.218057, 1009.78, 15640.4, 10, 2e-20, 3e-20, 2e-20, 2e-20, -1
-0.523946, -0.123903, 0.322906, 0.05, -0.0422931, -0.225455, 0.22625, 0.322192, 993.994, -9610.23, 10, 2e-20, 3e-20, 2e-20, 2e-20, -1
-0.509585, -0.135171, 0.375323, 0.05, -0.130789, 0.0561743, -0.136075, 0.196921, 1008.17, 13078.2, 10, 2e-20, 3e-20, 2e-20, 2e-20, -1
-0.499956, -0.0986208, 0.411277, 0.05, 0.0628273, -0.0211003, 0.0298181, 0.0726747, 1003.12, 4986.1, 10, 2e-20, 3e-20, 2e-20, 2e-20, -1
-0.491062, -0.181626, 0.394068, 0.05, -0.0605126, -0.0710601, 0.0720354, 0.1179, 1006.21, 9928.96, 10, 2e-20, 3e-20, 2e-20, 2e-20, -1
-0.507544, -0.197294, 0.435968, 0.05, -0.0402908, -0.124744, 0.122356, 0.179319, 999.356, -1031.12, 10, 2e-20, 3e-20, 2e-20, 2e-20, -1
-0.490611, -0.144135, 0.438343, 0.05, 0.0283002, -0.0153991, 0.0876264, 0.0933618, 1001.99, 3189.64, 10, 2e-20, 3e-20, 2e-20, 2e-20, -1
-0.518986, -0.203268, 0.48679, 0.05, -0.0710664, -0.118097, -0.0590765, 0.149958, 1008.97, 14350.4, 10, 2e-20, 3e-20, 2e-20, 2e-20, -1
-0.481306, -0.0981744, 0.468544, 0.05, -0.00765108, 0.151345, -0.0646941, 0.16477, 1003.3, 5272.99, 10, 2e-20, 3e-20, 2e-20, 2e-20, -1
-0.491995, -0.137164, 0.497909, 0.05, -0.180446, 0.0502223, -0.0369269, 0.19091, 1002.59, 4138.56, 10, 2e-20, 3e-20, 2e-20, 2e-20, -1
-0.488402, -0.0882658, 0.521157, 0.05, -0.143284, 0.0734199, 0.0129876, 0.161523, 1009.39, 15018.4, 10, 2e-20, 3e-20, 2e-20, 2e-20, -1
-0.492861, -0.0605658, 0.603605, 0.05, -0.0374956, -0.16588, -0.0487162, 0.176905, 1003.67, 5870.23, 10, 2e-20, 3e-20, 2e-20, 2e-20, -1
-0.524211, -0.102486, 0.621007, 0.05, -0.0568675, -0.110693, 0.00614963, 0.124598, 1000.18, 285.207, 10, 2e-20, 3e-20, 2e-20, 2e-20, -1
-0.553537, -0.0598345, 0.610678, 0.05, -0.176048, -0.0367412, -0.0878013, 0.20013, 1002.89, 4620.38, 10, 2e-20, 3e-20, 2e-20, 2e-20, -1
-0.489327, -0.103345, 0.653993, 0.05, -0.041497, -0.0238346, -0.0959013, 0.107178, 1001.74, 2789.36, 10, 2e-20, 3e-20, 2e-20, 2e-20, -1
-0.539982, -0.0716199, 0.657101, 0.05, 0.0839953, -0.117536, -0.0981931, 0.174676, 1003.57, 5704.4, 10, 2e-20, 3e-20, 2e-20, 2e-20, -1
-0.52727, -0.112627, 0.68062, 0.05, -0.115309, -0.0708037, -0.114294, 0.177122, 1003.67, 5876.07, 10, 2e-20, 3e-20, 2e-20, 2e-20, -1
-0.533873, -0.0423155, 0.715616, 0.05, -0.0364055, 0.0672397, 0.0195739, 0.0789282, 999.133, -1387.64, 10, 2e-20, 3e-20, 2e-20, 2e-20, -1
-0.498331, -0.0735104, 0.73599, 0.05, -0.180465, 0.111029, 0.141957, 0.255043, 1006.28, 10055.5, 10, 2e-20, 3e-20, 2e-20, 2e-20, -1
-0.540625, -0.0577794, 0.768977, 0.05, 0.138788, -0.00564578, -0.110004, 0.177186, 995.874, -6601.45, 10, 2e-20, 3e-20, 2e-20, 2e-20, -1
-0.526727, -0.103334, 0.77389, 0.05, 0.0160029, -0.0298415, 0.116657, 0.121472, 1009.29, 14857.3, 10, 2e-20, 3e-20, 2e-20, 2e-20, -1
-0.53857, 0.00457049, 0.828905, 0.05, -0.166233, 0.00699606, 0.219675, 0.275571, 1001.08, 1730.91, 10, 2e-20, 3e-20, 2e-20, 2e-20, -1
-0.521565, -0.160642, 0.799965, 0.05, 0.0666924, 0.0121587, 0.133247, 0.1495, 1007.49, 11979.1, 10, 2e-20, 3e-20, 2e-20, 2e-20, -1
-0.574335, -0.098436, 0.772363, 0.05, 0.134503, -0.183123, -0.00918964, 0.227397, 1008.23, 13175.2, 10, 2e-20, 3e-20, 2e-20, 2e-20, -1
-0.544598, -0.071796, 0.838082, 0.05, -0.0393574, -0.04467, 0.0185042, 0.0623443, 1002.89, 4626.45, 10, 2e-20, 3e-20, 2e-20, 2e-20, -1
-0.483317, -0.0644383, 0.895489, 0.05, 0.0176081, -0.146454, -0.0756623, 0.165782, 1000.53, 852.455, 10, 2e-20, 3e-20, 2e-20, 2e-20, -1
-0.44817, -0.0295887, 0.937785, 0.05, -0.0930082, 0.056136, 0.261179, 0.282872, 1006.84, 10943.5, 10, 2e-20, 3e-20, 2e-20, 2e-20, -1
-0.393753, -0.038778, 0.976492, 0.05, 0.199445, -0.0601015, 0.014354, 0.208798, 1006.97, 11147.5, 10, 2e-20, 3e-20, 2e-20, 2e-20, -1
-0.428739, -0.0611549, 0.990713, 0.05, -0.0666947, 0.0355091, 0.072723, 0.10487, 1004.99, 7988.69, 10, 2e-20, 3e-20, 2e-20, 2e-20, -1
-0.39386, -0.122548, 1.029, 0.05, 0.144879, -0.125688, 0.307834, 0.362697, 1008.21, 13131.8, 10, 2e-20, 3e-20, 2e-20, 2e-20, -1
-0.407704, -0.0789069, 1.01305, 0.05, 0.00661949, -0.0106472, 0.0660693, 0.0672483, 999.439, -898.309, 10, 2e-20, 3e-20, 2e-20, 2e-20, -1
-0.371563, -0.109296, 1.09078, 0.05, 0.00139783, 0.0569338, 0.0377798, 0.0683427, 999.448, -883.122, 10, 2e-20, 3e-20, 2e-20, 2e-20, -1
-0.365998, -0.0774634, 1.04564, 0.05, 0.0790376, -0.032343, 0.200138, 0.217597, 1000.4, 638.24, 10, 2e-20, 3e-20, 2e-20, 2e-20, -1
-0.248152, -0.0578879, 1.17147, 0.05, 0.196576, -0.149454, -0.0795453, 0.259435, 999.017, -1572.62, 10, 2e-20, 3e-20, 2e-20, 2e-20, -1
-0.208471, -0.0475127, 1.2526, 0.05, 0.169507, 0.117116, 0.106844, 0.232087, 1001.18, 1882.93, 10, 2e-20, 3e-20, 2e-20, 2e-20, -1
-0.19236, -0.0623814, 1.35296, 0.05, -0.0164167, -0.148519, 0.0255821, 0.151598, 1003.31, 5297.88, 10, 2e-20, 3e-20, 2e-20, 2e-20, -1
-0.12057, -0.1031, 1.34975, 0.05, 0.0209389, 0.0284968, -0.0342404, 0.0492231, 998.785, -1944.67, 10, 2e-20, 3e-20, 2e-20, 2e-20, -1
-0.447333, -0.0484126, 0.0501449, 0.05, -0.0664435, 0.514656, 0.0579624, 0.522155, 1012.79, 20465.2, 10, 2e-20, 3e-20, 2e-20, 2e-20, -1
-0.477673, -0.11618, 0.0466753, 0.05, -0.209703, -0.150314, -0.127417, 0.287758, 1013.59, 21742.5, 10, 2e-20, 3e-20, 2e-20, 2e-20, -1
-0.498229, -0.0755872, 0.0511252, 0.05, -0.251704, -0.138298, -0.0491699, 0.291374, 1011.11, 17782.1, 10, 2e-20, 3e-20, 2e-20, 2e-20, -1
-0.562914, -0.0168253, 0.0799283, 0.05, 0.219494, 0.348143, -0.0635418, 0.416436, 1009.02, 14424.5, 10, 2e-20, 3e-20, 2e-20, 2e-20, -1
-0.524145, -0.100121, 0.085468, 0.05, 0.0146924, -0.0973426, -0.325973, 0.340514, 1007.76, 12412.7, 10, 2e-20, 3e-20, 2e-20, 2e-20, -1
-0.450892, -0.124287, 0.125991, 0.05, -0.1775, -0.0488788, -0.0882833, 0.204179, 1011.82, 18908.6, 10, 2e-20, 3e-20, 2e-20, 2e-20, -1
-0.495154, -0.00948341, 0.108167, 0.05, 0.139509, 0.100913, 0.560665, 0.586508, 1006.09, 9739.28, 10, 2e-20, 3e-20, 2e-20, 2e-20, -1
-0.534461, -0.0797628, 0.224619, 0.05, 0.0621208, -0.102119, 0.189501, 0.224049, 995.795, -6727.89, 10, 2e-20, 3e-20, 2e-20, 2e-20, -1
-0.54298, -0.0274211, 0.211598, 0.05, -0.1471, 0.333312, -0.180942, 0.406786, 1018.42, 29475.8, 10, 2e-20, 3e-20, 2e-20, 2e-20, -1
-0.499701, -0.0704077, 0.254599, 0.05, -0.021118, -0.108052, 0.0929641, 0.144095, 1005.69, 9110.02, 10, 2e-20, 3e-20, 2e-20, 2e-20, -1
-0.484361, -0.0189671, 0.260972, 0.05, -0.221391, 0.104819, -0.256994, 0.355031, 1010.51, 16812.2, 10, 2e-20, 3e-20, 2e-20, 2e-20, -1
-0.470497, -0.0645815, 0.290864, 0.05, -0.0270198, 0.00138322, 0.179972, 0.181994, 1001.63, 2610.36, 10, 2e-20, 3e-20, 2e-20, 2e-20, -1
-0.492874, -0.10989, 0.284731, 0.05, -0.031658, -0.110724, -0.188343, 0.220761, 1003.5, 5607.03, 10, 2e-20, 3e-20, 2e-20, 2e-20, -1
-0.431362, -0.0485557, 0.319829, 0.05, -0.0560755, 0.113527, -0.00916343, 0.126952, 1007.46, 11935.9, 10, 2e-20, 3e-20, 2e-20, 2e-20, -1
-0.440284, -0.121875, 0.29699, 0.05, -0.0982423, 0.0689352, 0.0546211, 0.13186, 1009.57, 15313.2, 10, 2e-20, 3e-20, 2e-20, 2e-20, -1
-0.393761, -0.0295233, 0.298421, 0.05, 0.0677536, -0.125479, 0.12107, 0.187066, 1002.41, 3859.86, 10, 2e-20, 3e-20, 2e-20, 2e-20, -1
-0.513662, -0.0785971, 0.360037, 0.05, -0.206911, -0.0395479, 0.00631699, 0.210752, 1003.61, 5782.96, 10, 2e-20, 3e-20, 2e-20, 2e-20, -1
-0.441143, -0.0547897, 0.368529, 0.05, 0.181191, -0.0863799, 0.0544826, 0.20799, 1009.66, 15456, 10, 2e-20, 3e-20, 2e-20, 2e-20, -1
-0.526089, -0.0196644, 0.373398, 0.05, 0.0033643, 0.0880559, -0.0593627, 0.10625, 1015.45, 24726.5, 10, 2e-20, 3e-20, 2e-20, 2e-20, -1
-0.507815, -0.00757387, 0.416478, 0.05, -0.187124, 0.307461, -0.160064, 0.393914, 1019.61, 31368.4, 10, 2e-20, 3e-20, 2e-20, 2e-20, -1
-0.457159, 0.00542287, 0.408715, 0.05, -0.170519, 0.261825, -0.238258, 0.392932, 1012.16, 19462.4, 10, 2e-20, 3e-20, 2e-20, 2e-20, -1
-0.50192, -0.0514927, 0.443832, 0.05, -0.103348, -0.234616, 0.0422294, 0.259825, 995.783, -6746.86, 10, 2e-20, 3e-20, 2e-20, 2e-20, -1
-0.502524, -0.0405438, 0.495252, 0.05, -0.0518702, -0.117947, 0.0606944, 0.142429, 1003.75, 6005.25, 10, 2e-20, 3e-20, 2e-20, 2e-20, -1
-0.467055, 0.0186313, 0.4801, 0.05, 0.0577279, 0.22523, 0.247125, 0.339311, 1007.35, 11755.3, 10, 2e-20, 3e-20, 2e-20, 2e-20, -1
-0.499528, -0.0466509, 0.550449, 0.05, -0.253946, 0.0597243, -0.206451, 0.332682, 1002.75, 4393.42, 10, 2e-20, 3e-20, 2e-20, 2e-20, -1
-0.523026, -0.0180143, 0.58304, 0.05, -0.13075, 0.0565456, -0.274124, 0.308929, 1010.69, 17106.1, 10, 2e-20, 3e-20, 2e-20, 2e-20, -1
-0.491073, 0.0307664, 0.566859, 0.05, -0.178104, 0.131046, -0.152268, 0.268477, 1012.12, 19393.5, 10, 2e-20, 3e-20, 2e-20, 2e-20, -1
-0.543646, 0.00948367, 0.631052, 0.05, -0.0570648, 0.0542414, -0.129751, 0.151769, 1005.5, 8794.44, 10, 2e-20, 3e-20, 2e-20, 2e-20, -1
-0.505799, -0.0287962, 0.63612, 0.05, 0.014284, 0.0306388, 0.179474, 0.18263, 1004, 6396.96, 10, 2e-20, 3e-20, 2e-20, 2e-20, -1
-0.551013, 0.0365629, 0.678756, 0.05, -0.137266, -0.0878733, -0.047501, 0.169765, 1000.98, 1569.24, 10, 2e-20, 3e-20, 2e-20, 2e-20, -1
-0.52238, -0.00726415, 0.677945, 0.05, -0.152168, -0.102336, -0.161677, 0.244473, 1001.61, 2579.33, 10, 2e-20, 3e-20, 2e-20, 2e-20, -1
-0.456173, -0.0158792, 0.652585, 0.05, -0.0307798, -0.0151326, -0.157471, 0.161163, 1002.74, 4387.55, 10, 2e-20, 3e-20, 2e-20, 2e-20, -1
-0.536036, 0.0240366, 0.739954, 0.05, -0.040467, -0.0562879, -0.0994031, 0.121189, 1002.01, 3222.42, 10, 2e-20, 3e-20, 2e-20, 2e-20, -1
-0.507886, -0.0157401, 0.756056, 0.05, -0.00446498, -0.168391, -0.258756, 0.308756, 1001.83, 2921.01, 10, 2e-20, 3e-20, 2e-20, 2e-20, -1
-0.542312, 0.0443828, 0.797263, 0.05, -0.281443, 0.0683519, -0.098178, 0.305812, 1002.79, 4463.45, 10, 2e-20, 3e-20, 2e-20, 2e-20, -1
-0.527615, 0.0986435, 0.787522, 0.05, -1.48564e-05, -0.0194382, -0.0239819, 0.0308703, 1003.29, 5269, 10, 2e-20, 3e-20, 2e-20, 2e-20, -1
-0.516529, -0.0357342, 0.809538, 0.05, -0.014342, -0.227661, -0.0113109, 0.228393, 999.986, -22.5872, 10, 2e-20, 3e-20, 2e-20, 2e-20, -1
-0.4821, -0.0617725, 0.839862, 0.05, 0.0604629, -0.061745, 0.0853142, 0.121436, 998.556, -2310.99, 10, 2e-20, 3e-20, 2e-20, 2e-20, -1
-0.467443, -0.0237444, 0.868889, 0.05, -0.0851645, -0.145291, -0.157909, 0.230863, 1003.06, 4902.75, 10, 2e-20, 3e-20, 2e-20, 2e-20, -1
-0.458991, 0.0170797, 0.891947, 0.05, 0.0235178, 0.15069, -0.044138, 0.158772, 1002, 3199.03, 10, 2e-20, 3e-20, 2e-20, 2e-20, -1
-0.496811, -0.0185408, 0.906774, 0.05, -0.0617094, -0.0797941, 0.0506618, 0.112879, 1003.03, 4840.5, 10, 2e-20, 3e-20, 2e-20, 2e-20, -1
-0.427297, 0.0358956, 0.928218, 0.05, -0.120831, -0.0536626, 0.049822, 0.141287, 1007.19, 11501.9, 10, 2e-20, 3e-20, 2e-20, 2e-20, -1
-0.466987, 0.0149731, 0.944798, 0.05, -0.0858665, 0.0306631, 0.20345, 0.222947, 1003.36, 5374.33, 10, 2e-20, 3e-20, 2e-20, 2e-20, -1
-0.42287, 0.00203907, 0.975487, 0.05, -0.0908408, -0.0268727, 0.149625, 0.177093, 1007, 11196.1, 10, 2e-20, 3e-20, 2e-20, 2e-20, -1
-0.374501, 0.0481531, 1.03661, 0.05, -0.121111, 0.0594885, 0.10431, 0.17055, 1005.93, 9480.07, 10, 2e-20, 3e-20, 2e-20, 2e-20, -1
-0.387166, -0.0317636, 1.06316, 0.05, -0.0130211, -0.0301258, 0.0183708, 0.0376112, 1002.19, 3509.22, 10, 2e-20, 3e-20, 2e-20, 2e-20, -1
-0.330168, -0.0255407, 1.12134, 0.05, 0.173122, -0.0940223, 0.0699123, 0.209043, 997.975, -3239.75, 10, 2e-20, 3e-20, 2e-20, 2e-20, -1
-0.292001, -0.0631053, 1.14696, 0.05, -0.035261, -0.0237209, 0.076734, 0.0877162, 999, -1600.48, 10, 2e-20, 3e-20, 2e-20, 2e-20, -1
-0.285052, -0.0317195, 1.18394, 0.05, -0.148981, 0.0342889, 0.129728, 0.2005, 1007.45, 11927.1, 10, 2e-20, 3e-20, 2e-20, 2e-20, -1
-0.246242, -0.00816733, 1.25262, 0.05, 0.0260233, -0.0327389, 0.12826, 0.134906, 998.256, -2791.02, 10, 2e-20, 3e-20, 2e-20, 2e-20, -1
-0.301285, 0.0169547, 1.4061, 0.05, -0.131324, -0.0165117, 0.214332, 0.251906, 1001.55, 2479.23, 10, 2e-20, 3e-20, 2e-20, 2e-20, -1
-0.505136, 0.0805279, 0.0495256, 0.05, -0.627414, -0.310546, 0.343189, 0.779658, 1007.26, 11623.2, 10, 2e-20, 3e-20, 2e-20, 2e-20, -1
-0.502913, 0.148799, 0.048586, 0.05, -0.395159, -0.298931, 0.433772, 0.658535, 1013.03, 20847.5, 10, 2e-20, 3e-20, 2e-20, 2e-20, -1
-0.522423, 0.0963079, 0.0835655, 0.05, 0.49628, 0.445055, 0.340416, 0.748499, 1018.93, 30287.8, 10, 2e-20, 3e-20, 2e-20, 2e-20, -1
-0.496884, 0.0190043, 0.0596215, 0.05, 0.0956965, 0.118369, -0.261106, 0.302234, 1013.23, 21175.5, 10, 2e-20, 3e-20, 2e-20, 2e-20, -1
-0.455421, 0.122366, 0.0830114, 0.05, 0.00140651, -0.232574, 0.717817, 0.754556, 998.78, -1951.73, 10, 2e-20, 3e-20, 2e-20, 2e-20, -1
-0.492877, 0.0469868, 0.102674, 0.05, 0.171389, -0.0660988, -0.0556972, 0.191952, 997.946, -3286.18, 10, 2e-20, 3e-20, 2e-20, 2e-20, -1
-0.523127, -0.0483303, 0.0900052, 0.05, -0.0493057, 0.0828865, -0.317625, 0.331944, 1013.33, 21321.3, 10, 2e-20, 3e-20, 2e-20, 2e-20, -1
-0.481667, 0.0428253, 0.155647, 0.05, -0.356936, -0.100576, 0.237392, 0.440311, 993.296, -10725.7, 10, 2e-20, 3e-20, 2e-20, 2e-20, -1
-0.477174, -0.0108076, 0.156037, 0.05, -0.272519, 0.216413, 0.00126972, 0.347998, 1021.07, 33715.8, 10, 2e-20, 3e-20, 2e-20, 2e-20, -1
-0.511922, 0.0211147, 0.189694, 0.05, -0.135647, 0.235369, 0.000719566, 0.27166, 1010.4, 16633.9, 10, 2e-20, 3e-20, 2e-20, 2e-20, -1
-0.455661, 0.00774246, 0.202024, 0.05, 0.0267615, 0.0666978, 0.123439, 0.142835, 1004.09, 6545.15, 10, 2e-20, 3e-20, 2e-20, 2e-20, -1
-0.51389, -0.0176254, 0.298078, 0.05, -0.00198118, -0.153002, 0.105028, 0.185592, 1000.37, 599.326, 10, 2e-20, 3e-20, 2e-20, 2e-20, -1
-0.505277, 0.0408499, 0.270765, 0.05, 0.0189607, -0.134395, -0.061342, 0.148944, 994.689, -8498.17, 10, 2e-20, 3e-20, 2e-20, 2e-20, -1
-0.470954, 0.0179785, 0.29705, 0.05, -0.0736242, 0.244725, -0.234649, 0.346945, 1015.45, 24720.4, 10, 2e-20, 3e-20, 2e-20, 2e-20, -1
-0.441293, 0.0484364, 0.329028, 0.05, -0.0655362, 0.0587983, -0.0973812, 0.131283, 1010.37, 16586.8, 10, 2e-20, 3e-20, 2e-20, 2e-20, -1
-0.49052, 0.00504087, 0.34271, 0.05, -0.0833857, -0.0278067, 0.403176, 0.412647, 1007.1, 11359.8, 10, 2e-20, 3e-20, 2e-20, 2e-20, -1
-0.373508, 0.00746023, 0.324066, 0.05, -0.0834591, 0.0615638, -0.00921331, 0.104117, 1003.25, 5201.07, 10, 2e-20, 3e-20, 2e-20, 2e-20, -1
-0.43006, 0.0500585, 0.374637, 0.05, -0.0679866, 0.104286, 0.115941, 0.170117, 1008.43, 13490.4, 10, 2e-20, 3e-20, 2e-20, 2e-20, -1
-0.427756, -0.000409162, 0.32589, 0.05, 0.0691064, -0.207358, -0.0307596, 0.220724, 1005.63, 9014.58, 10, 2e-20, 3e-20, 2e-20, 2e-20, -1
-0.445354, -0.00458264, 0.367354, 0.05, -0.133273, 0.153975, -0.0088098, 0.203832, 1004.09, 6547.29, 10, 2e-20, 3e-20, 2e-20, 2e-20, -1
-0.466005, 0.0886933, 0.396237, 0.05, -0.021592, -0.17354, 0.0788846, 0.191847, 999.099, -1441.34, 10, 2e-20, 3e-20, 2e-20, 2e-20, -1
-0.475662, 0.0501847, 0.435349, 0.05, -0.256051, 0.0167791, -0.202215, 0.326703, 1012.15, 19436.9, 10, 2e-20, 3e-20, 2e-20, 2e-20, -1
-0.50954, 0.00193001, 0.468232, 0.05, -0.0413642, 0.119011, -0.154107, 0.199057, 1007.07, 11310.4, 10, 2e-20, 3e-20, 2e-20, 2e-20, -1
-0.463452, 0.0714955, 0.482776, 0.05, -0.0883842, -0.193257, 0.0635584, 0.22181, 1003.5, 5605.81, 10, 2e-20, 3e-20, 2e-20, 2e-20, -1
-0.454324, 0.0218517, 0.52926, 0.05, -0.103254, -0.0353558, -0.253735, 0.276211, 1009.8, 15683.2, 10, 2e-20, 3e-20, 2e-20, 2e-20, -1
-0.499171, 0.0532368, 0.51233, 0.05, 0.376741, -0.0866243, 0.0471655, 0.389438, 1003.03, 4855.01, 10, 2e-20, 3e-20, 2e-20, 2e-20, -1
-0.525318, 0.0476345, 0.594414, 0.05, -0.127132, -0.0886078, -0.271028, 0.312202, 1001.36, 2176.28, 10, 2e-20, 3e-20, 2e-20, 2e-20, -1
-0.513313, 0.0819509, 0.55768, 0.05, 0.160463, -0.184256, 0.085616, 0.258899, 1003.96, 6338.86, 10, 2e-20, 3e-20, 2e-20, 2e-20, -1
-0.47401, -0.0123096, 0.576301, 0.05, 0.0124128, 0.106913, -0.261464, 0.28275, 1007.82, 12512.9, 10, 2e-20, 3e-20, 2e-20, 2e-20, -1
-0.513577, 0.0512804, 0.646092, 0.05, -0.131735, -0.082354, -0.164875, 0.226539, 1004.61, 7372.95, 10, 2e-20, 3e-20, 2e-20, 2e-20, -1
-0.501634, 0.0269314, 0.69481, 0.05, -0.0531895, 0.0456864, -0.0154176, 0.0717919, 1004.11, 6577.83, 10, 2e-20, 3e-20, 2e-20, 2e-20, -1
-0.489148, 0.0192673, 0.616008, 0.05, -0.0197302, -0.0333281, -0.0690132, 0.0791383, 1002.31, 3702.58, 10, 2e-20, 3e-20, 2e-20, 2e-20, -1
-0.48616, 0.0414796, 0.735433, 0.05, 0.0448628, 0.0413267, 0.160827, 0.172005, 999.029, -1553.81, 10, 2e-20, 3e-20, 2e-20, 2e-20, -1
-0.525347, 0.117893, 0.734866, 0.05, -0.155551, -0.0994706, -0.197432, 0.270314, 993.922, -9725.16, 10, 2e-20, 3e-20, 2e-20, 2e-20, -1
-0.504071, 0.0198616, 0.789822, 0.05, 0.108159, 0.0308373, -0.267832, 0.290489, 1007.05, 11275.3, 10, 2e-20, 3e-20, 2e-20, 2e-20, -1
-0.508897, 0.135257, 0.798247, 0.05, 0.105445, -0.0293275, 0.0191153, 0.111104, 1006.25, 10001.6, 10, 2e-20, 3e-20, 2e-20, 2e-20, -1
-0.48354, 0.0677078, 0.821895, 0.05, -0.0101616, -0.0703202, -0.125493, 0.144211, 1010.48, 16771.2, 10, 2e-20, 3e-20, 2e-20, 2e-20, -1
-0.487165, 0.0205593, 0.844384, 0.05, 0.0565751, -0.0804968, 0.351817, 0.365316, 1008.02, 12827.9, 10, 2e-20, 3e-20, 2e-20, 2e-20, -1
-0.459757, 0.116737, 0.783001, 0.05, -0.124094, -0.0733337, -0.077653, 0.163729, 1002.07, 3310.1, 10, 2e-20, 3e-20, 2e-20, 2e-20, -1
-0.509236, 0.0421226, 0.880346, 0.05, 0.00394033, -0.0315362, -0.12581, 0.129763, 998.632, -2188.99, 10, 2e-20, 3e-20, 2e-20, 2e-20, -1
-0.439497, 0.0830486, 0.828199, 0.05, 0.0864276, -0.085475, -0.103653, 0.159748, 998.115, -3015.41, 10, 2e-20, 3e-20, 2e-20, 2e-20, -1
-0.442923, 0.0558758, 0.874156, 0.05, -0.0780535, -0.238432, 0.0356933, 0.253409, 997.824, -3480.81, 10, 2e-20, 3e-20, 2e-20, 2e-20, -1
-0.398509, 0.0813268, 0.918002, 0.05, 0.0178043, -0.113262, -0.0602745, 0.129531, 1006.8, 10886.2, 10, 2e-20, 3e-20, 2e-20, 2e-20, -1
-0.407564, 0.0582201, 0.988729, 0.05, -0.0862283, -0.0230878, 0.177806, 0.198955, 1000.79, 1262.45, 10, 2e-20, 3e-20, 2e-20, 2e-20, -1
-0.376331, 0.0909202, 1.06354, 0.05, -0.177602, -0.184078, -0.0366196, 0.258395, 999.643, -571.884, 10, 2e-20, 3e-20, 2e-20, 2e-20, -1
-0.335437, 0.0741551, 1.11861, 0.05, -0.0617446, -0.0249297, 0.197594, 0.208512, 997.188, -4499.83, 10, 2e-20, 3e-20, 2e-20, 2e-20, -1
-0.322139, 0.0256022, 1.11813, 0.05, 0.110219, -0.203682, 0.182184, 0.294662, 998.298, -2723.35, 10, 2e-20, 3e-20, 2e-20, 2e-20, -1
-0.285364, 0.0379654, 1.19657, 0.05, 0.0579316, -0.123812, 0.196857, 0.239663, 1001.73, 2767.33, 10, 2e-20, 3e-20, 2e-20, 2e-20, -1
-0.242807, 0.0350453, 1.23428, 0.05, -0.071384, 0.00588928, 0.155151, 0.170886, 1000.17, 276.012, 10, 2e-20, 3e-20, 2e-20, 2e-20, -1
-0.201228, 0.012069, 1.30776, 0.05, 0.0792929, -0.153801, -0.05461, 0.181451, 994.145, -9367.99, 10, 2e-20, 3e-20, 2e-20, 2e-20, -1
-0.151202, -0.0726666, 1.38436, 0.05, -0.0282003, 0.0553399, 0.0845548, 0.104916, 998.112, -3020.66, 10, 2e-20, 3e-20, 2e-20, 2e-20, -1
-0.395336, 0.186508, 0.0522914, 0.05, -0.11836, 0.527301, -0.581193, 0.793625, 1004.51, 7211.38, 10, 2e-20, 3e-20, 2e-20, 2e-20, -1
-0.526272, 0.175852, 0.0990562, 0.05, -1.0697, -0.223153, 0.906118, 1.41954, 1014.05, 22484, 10, 2e-20, 3e-20, 2e-20, 2e-20, -1
-0.560398, 0.187016, 0.113412, 0.05, -0.0892291, 0.0396977, 0.232027, 0.251742, 977.734, -35625.8, 10, 2e-20, 3e-20, 2e-20, 2e-20, -1
-0.456459, 0.169401, 0.0671333, 0.05, -0.167823, -0.135307, -0.223855, 0.310779, 1004.97, 7950.27, 10, 2e-20, 3e-20, 2e-20, 2e-20, -1
-0.455979, 0.191247, 0.0919583, 0.05, 0.383116, 0.964147, 0.197711, 1.05615, 1027.75, 44401.7, 10, 2e-20, 3e-20, 2e-20, 2e-20, -1
-0.510126, 0.234519, 0.157065, 0.05, 0.202584, -0.424228, 0.168424, 0.499375, 1008.36, 13378.4, 10, 2e-20, 3e-20, 2e-20, 2e-20, -1
-0.420534, 0.196655, 0.13142, 0.05, 0.134787, 0.656898, -0.5184, 0.847597, 1011.21, 17939.2, 10, 2e-20, 3e-20, 2e-20, 2e-20, -1
-0.443867, 0.101478, 0.152166, 0.05, -0.151361, 0.26425, -0.21709, 0.373987, 1011.18, 17895.7, 10, 2e-20, 3e-20, 2e-20, 2e-20, -1
-0.441485, 0.0709743, 0.180662, 0.05, -0.282561, 0.103587, 0.240949, 0.385522, 1004.48, 7173.71, 10, 2e-20, 3e-20, 2e-20, 2e-20, -1
-0.492451, 0.0717714, 0.197102, 0.05, -0.0476218, 0.0804165, -0.207776, 0.227828, 1024.06, 38499.2, 10, 2e-20, 3e-20, 2e-20, 2e-20, -1
-0.458817, 0.0877838, 0.230793, 0.05, 0.195222, 0.378404, -0.376767, 0.568555, 999.667, -533.062, 10, 2e-20, 3e-20, 2e-20, 2e-20, -1
-0.477559, 0.0354482, 0.232829, 0.05, -0.0147901, -0.184766, 0.145122, 0.235409, 994.38, -8992.06, 10, 2e-20, 3e-20, 2e-20, 2e-20, -1
-0.455012, 0.0603573, 0.27317, 0.05, -0.0652845, -0.242302, 0.0780559, 0.262802, 994.179, -9313.74, 10, 2e-20, 3e-20, 2e-20, 2e-20, -1
-0.508135, 0.0860189, 0.299056, 0.05, -0.0762694, 0.164913, 0.206905, 0.27536, 1006.69, 10707.6, 10, 2e-20, 3e-20, 2e-20, 2e-20, -1
-0.555045, 0.084379, 0.291327, 0.05, -0.0489966, 0.405082, 0.177265, 0.444876, 998.889, -1778.4, 10, 2e-20, 3e-20, 2e-20, 2e-20, -1
-0.494019, 0.0563211, 0.337267, 0.05, -0.076104, -0.0012901, -0.0559943, 0.0944925, 1009.38, 15006.7, 10, 2e-20, 3e-20, 2e-20, 2e-20, -1
-0.493949, 0.101361, 0.35471, 0.05, -0.132891, 0.123248, -0.247608, 0.306854, 1007.21, 11535.4, 10, 2e-20, 3e-20, 2e-20, 2e-20, -1
-0.493504, 0.204126, 0.348193, 0.05, -0.259175, 0.108815, -0.0791716, 0.292028, 1014.52, 23226.2, 10, 2e-20, 3e-20, 2e-20, 2e-20, -1
-0.498182, 0.151983, 0.352918, 0.05, -0.134634, -0.269525, -0.111892, 0.321388, 1007.89, 12618.5, 10, 2e-20, 3e-20, 2e-20, 2e-20, -1
-0.516641, 0.124096, 0.398106, 0.05, 0.0828556, 0.129211, 0.0325346, 0.156904, 1006.36, 10179.3, 10, 2e-20, 3e-20, 2e-20, 2e-20, -1
-0.500499, 0.0974956, 0.436319, 0.05, 0.0948159, -0.0798588, -0.0816833, 0.148458, 1003.61, 5778.48, 10, 2e-20, 3e-20, 2e-20, 2e-20, -1
-0.522722, 0.152786, 0.452537, 0.05, -0.00180683, 0.0753088, -0.183076, 0.197969, 1011.08, 17729.8, 10, 2e-20, 3e-20, 2e-20, 2e-20, -1
-0.517978, 0.0551596, 0.46152, 0.05, 0.168934, -0.0622826, -0.333659, 0.379139, 1010.79, 17268.1, 10, 2e-20, 3e-20, 2e-20, 2e-20, -1
-0.446962, 0.113767, 0.449662, 0.05, -0.0182857, 0.132599, 0.0835135, 0.15777, 1000.28, 453.688, 10, 2e-20, 3e-20, 2e-20, 2e-20, -1
-0.478017, 0.12189, 0.478179, 0.05, -0.109655, 0.187513, 0.0389948, 0.220694, 1005.96, 9537.77, 10, 2e-20, 3e-20, 2e-20, 2e-20, -1
-0.458269, 0.161187, 0.454998, 0.05, -0.033805, -0.0550147, -0.150813, 0.164054, 996.602, -5436.41, 10, 2e-20, 3e-20, 2e-20, 2e-20, -1
-0.493465, 0.107163, 0.518084, 0.05, -0.0396065, 0.0240331, 0.0670433, 0.0814928, 1000.91, 1458.93, 10, 2e-20, 3e-20, 2e-20, 2e-20, -1
-0.44483, 0.113954, 0.528236, 0.05, -0.0222183, -0.0630678, -0.211764, 0.222071, 1005.18, 8281.19, 10, 2e-20, 3e-20, 2e-20, 2e-20, -1
-0.505577, 0.132186, 0.571221, 0.05, -0.180232, 0.034117, -0.189671, 0.263861, 1009.32, 14915.3, 10, 2e-20, 3e-20, 2e-20, 2e-20, -1
-0.47699, 0.0987944, 0.601116, 0.05, -0.0680813, 0.073342, 0.0344424, 0.105832, 1002.68, 4294.64, 10, 2e-20, 3e-20, 2e-20, 2e-20, -1
-0.443355, 0.0769581, 0.646107, 0.05, 0.0468252, 0.0810499, 0.0219599, 0.0961453, 1003.65, 5843.19, 10, 2e-20, 3e-20, 2e-20, 2e-20, -1
-0.482561, 0.107784, 0.71149, 0.05, 0.102588, -0.103518, -0.0767036, 0.164693, 1002.25, 3605.83, 10, 2e-20, 3e-20, 2e-20, 2e-20, -1
-0.537074, 0.159076, 0.75694, 0.05, -0.139205, 0.155129, -0.105054, 0.233408, 1002.74, 4391.25, 10, 2e-20, 3e-20, 2e-20, 2e-20, -1
-0.487918, 0.185321, 0.771244, 0.05, -0.0178536, 0.0860466, -0.145466, 0.169951, 998.4, -2560.59, 10, 2e-20, 3e-20, 2e-20, 2e-20, -1
-0.444723, 0.207403, 0.782727, 0.05, -0.12484, 0.00379337, -0.231623, 0.263151, 1004.27, 6828.91, 10, 2e-20, 3e-20, 2e-20, 2e-20, -1
-0.485403, 0.136571, 0.747185, 0.05, 0.0836926, 0.0910006, -0.0111671, 0.124138, 1002.65, 4237.22, 10, 2e-20, 3e-20, 2e-20, 2e-20, -1
-0.39385, 0.232261, 0.777576, 0.05, -0.0216936, -0.0847438, -0.178891, 0.199133, 1002.05, 3287.83, 10, 2e-20, 3e-20, 2e-20, 2e-20, -1
-0.433628, 0.0677559, 0.787119, 0.05, -0.159999, -0.0204641, 0.065281, 0.174011, 999.848, -242.828, 10, 2e-20, 3e-20, 2e-20, 2e-20, -1
-0.404769, 0.22924, 0.813669, 0.05, 0.131156, -0.0107605, -0.346289, 0.370451, 1008.36, 13378.3, 10, 2e-20, 3e-20, 2e-20, 2e-20, -1
-0.443013, 0.22216, 0.837374, 0.05, -0.143548, -0.0346622, -0.305934, 0.339711, 1006.18, 9885.09, 10, 2e-20, 3e-20, 2e-20, 2e-20, -1
-0.438398, 0.160129, 0.850092, 0.05, 0.0224988, -0.150581, -0.00317436, 0.152286, 1001.13, 1813.12, 10, 2e-20, 3e-20, 2e-20, 2e-20, -1
-0.436104, 0.107739, 0.891508, 0.05, -0.0688043, -0.0675711, -0.0175195, 0.0980144, 1003.4, 5446.6, 10, 2e-20, 3e-20, 2e-20, 2e-20, -1
-0.390465, 0.107702, 0.966251, 0.05, -0.113067, -0.0658224, 0.180277, 0.222748, 1001.96, 3142.92, 10, 2e-20, 3e-20, 2e-20, 2e-20, -1
-0.394586, 0.16374, 0.967082, 0.05, -0.000254805, -0.151744, 0.110689, 0.187825, 1002.57, 4113.68, 10, 2e-20, 3e-20, 2e-20, 2e-20, -1
-0.367714, 0.119816, 1.01564, 0.05, -0.219799, -0.134395, 0.0214179, 0.258519, 995.579, -7073.09, 10, 2e-20, 3e-20, 2e-20, 2e-20, -1
-0.314479, 0.102025, 1.03979, 0.05, 0.0546839, -0.181711, -0.0623911, 0.199754, 996.347, -5844.1, 10, 2e-20, 3e-20, 2e-20, 2e-20, -1
-0.296002, 0.101449, 1.1033, 0.05, -0.0400836, -0.15144, -0.00152018, 0.156662, 997.806, -3511.01, 10, 2e-20, 3e-20, 2e-20, 2e-20, -1
-0.246529, 0.0770968, 1.21056, 0.05, -0.0627567, 0.0734689, 0.129044, 0.161209, 1000.64, 1019.37, 10, 2e-20, 3e-20, 2e-20, 2e-20, -1
-0.211599, 0.0914812, 1.31761, 0.05, 0.0399963, -0.155865, 0.0822779, 0.18073, 996.74, -5216.35, 10, 2e-20, 3e-20, 2e-20, 2e-20, -1
-0.220315, 0.00385182, 1.39406, 0.05, -0.0370615, -0.0507958, 0.0770995, 0.0994892, 999.742, -413.05, 10, 2e-20, 3e-20, 2e-20, 2e-20, -1
-0.172172, 0.0313824, 1.40403, 0.05, 0.0346224, -0.208972, 0.0859404, 0.228591, 998.891, -1773.65, 10, 2e-20, 3e-20, 2e-20, 2e-20, -1
-0.454808, 0.218975, 0.0432821, 0.05, -1.74497, -0.459687, 0.256307, 1.82261, 1025.1, 40153.8, 10, 2e-20, 3e-20, 2e-20, 2e-20, -1
-0.40612, 0.260575, 0.0797586, 0.05, -0.702812, 0.0902727, 0.424987, 0.826261, 1001.58, 2526.77, 10, 2e-20, 3e-20, 2e-20, 2e-20, -1
-0.386947, 0.291373, 0.123283, 0.05, -0.26734, 0.0377173, -0.117756, 0.294549, 1006.49, 10381.3, 10, 2e-20, 3e-20, 2e-20, 2e-20, -1
-0.46678, 0.270905, 0.0805864, 0.05, -0.491623, -0.521007, -1.25931, 1.44879, 996.376, -5798.18, 10, 2e-20, 3e-20, 2e-20, 2e-20, -1
-0.49274, 0.232918, 0.0991154, 0.05, -0.263564, 0.0739369, -0.738916, 0.787991, 987.992, -19213, 10, 2e-20, 3e-20, 2e-20, 2e-20, -1
-0.447032, 0.247764, 0.148118, 0.05, 0.0442182, -0.51259, 0.0183848, 0.514822, 1024.72, 39546.8, 10, 2e-20, 3e-20, 2e-20, 2e-20, -1
-0.453685, 0.188678, 0.161108, 0.05, -0.0806478, 0.0452079, 0.1377, 0.165859, 1001, 1595.9, 10, 2e-20, 3e-20, 2e-20, 2e-20, -1
-0.436831, 0.14991, 0.150312, 0.05, 0.000715269, -0.0403883, 0.291252, 0.29404, 997.813, -3498.62, 10, 2e-20, 3e-20, 2e-20, 2e-20, -1
-0.495881, 0.156906, 0.142996, 0.05, 0.333191, 0.583926, 0.173636, 0.69436, 1009.84, 15746.1, 10, 2e-20, 3e-20, 2e-20, 2e-20, -1
-0.467131, 0.132049, 0.183038, 0.05, -0.13321, 0.0804913, -0.26132, 0.304158, 1008.31, 13301, 10, 2e-20, 3e-20, 2e-20, 2e-20, -1
-0.51108, 0.234941, 0.226772, 0.05, -0.212649, 0.230674, 0.00906124, 0.313866, 1002.58, 4128.25, 10, 2e-20, 3e-20, 2e-20, 2e-20, -1
-0.488519, 0.173301, 0.20527, 0.05, -0.017867, 0.0279369, -0.621395, 0.622279, 1023.29, 37270.5, 10, 2e-20, 3e-20, 2e-20, 2e-20, -1
-0.523765, 0.195287, 0.245278, 0.05, -0.188685, 0.298087, 0.462642, 0.581804, 997.228, -4434.76, 10, 2e-20, 3e-20, 2e-20, 2e-20, -1
-0.507571, 0.162992, 0.275602, 0.05, -0.429714, -0.315158, -0.511579, 0.73871, 1009.99, 15980.9, 10, 2e-20, 3e-20, 2e-20, 2e-20, -1
-0.473769, 0.204375, 0.296437, 0.05, -0.00223211, 0.22558, -0.454032, 0.506988, 1020.49, 32776.5, 10, 2e-20, 3e-20, 2e-20, 2e-20, -1
-0.472902, 0.147378, 0.311215, 0.05, 0.0365023, -0.13585, 0.127863, 0.190096, 1002.97, 4747.68, 10, 2e-20, 3e-20, 2e-20, 2e-20, -1
-0.453366, 0.254578, 0.304437, 0.05, -0.357477, 0.0396271, 0.0248577, 0.360525, 1018.65, 29841.2, 10, 2e-20, 3e-20, 2e-20, 2e-20, -1
-0.519009, 0.197684, 0.305933, 0.05, -0.375639, 0.168442, -0.159104, 0.441352, 1017.13, 27404.2, 10, 2e-20, 3e-20, 2e-20, 2e-20, -1
-0.455623, 0.173098, 0.383733, 0.05, 0.0293004, 0.0453112, 0.192706, 0.200118, 1004.17, 6665.49, 10, 2e-20, 3e-20, 2e-20, 2e-20, -1
-0.454526, 0.125606, 0.363417, 0.05, -0.190909, 0.282295, -0.306376, 0.458261, 999.994, -9.30799, 10, 2e-20, 3e-20, 2e-20, 2e-20, -1
-0.478183, 0.144075, 0.420149, 0.05, 0.0208742, 0.205345, 0.11304, 0.235331, 995.56, -7103.59, 10, 2e-20, 3e-20, 2e-20, 2e-20, -1
-0.438908, 0.25699, 0.431424, 0.05, 0.0970945, 0.121175, 0.0992634, 0.184293, 1007, 11197.4, 10, 2e-20, 3e-20, 2e-20, 2e-20, -1
-0.426438, 0.134077, 0.406078, 0.05, -0.144045, 0.0991121, 0.0139421, 0.175404, 1007.05, 11279.2, 10, 2e-20, 3e-20, 2e-20, 2e-20, -1
-0.439445, 0.19527, 0.426208, 0.05, -0.05632, -0.252375, -0.298468, 0.394903, 1009.03, 14451, 10, 2e-20, 3e-20, 2e-20, 2e-20, -1
-0.480121, 0.204082, 0.484943, 0.05, -0.103067, -0.171469, -0.0799925, 0.215461, 1013.09, 20950.8, 10, 2e-20, 3e-20, 2e-20, 2e-20, -1
-0.469083, 0.259086, 0.494027, 0.05, -0.331822, 0.0224633, 0.0908408, 0.344764, 1006.17, 9870.9, 10, 2e-20, 3e-20, 2e-20, 2e-20, -1
-0.536384, 0.179615, 0.55831, 0.05, 0.102464, -0.0942703, -0.14312, 0.199673, 1008.28, 13243.8, 10, 2e-20, 3e-20, 2e-20, 2e-20, -1
-0.458392, 0.136523, 0.567809, 0.05, -0.131473, -0.157456, -0.115725, 0.23552, 997.687, -3700.34, 10, 2e-20, 3e-20, 2e-20, 2e-20, -1
-0.473756, 0.154212, 0.62528, 0.05, 0.00454178, -0.150453, 0.0572352, 0.161036, 1001.46, 2328.19, 10, 2e-20, 3e-20, 2e-20, 2e-20, -1
-0.500646, 0.224868, 0.635118, 0.05, -0.120711, 0.0395415, -0.0648513, 0.14262, 998.771, -1966.36, 10, 2e-20, 3e-20, 2e-20, 2e-20, -1
-0.494561, 0.0927361, 0.647935, 0.05, -0.0323085, 0.221767, -0.197237, 0.298541, 1011.59, 18544.3, 10, 2e-20, 3e-20, 2e-20, 2e-20, -1
-0.493711, 0.193148, 0.670235, 0.05, -0.240558, -0.0892382, -0.341011, 0.426755, 1000.54, 869.296, 10, 2e-20, 3e-20, 2e-20, 2e-20, -1
-0.513842, 0.170181, 0.711305, 0.05, -0.23345, 0.0705038, -0.208079, 0.320572, 1000.7, 1117.63, 10, 2e-20, 3e-20, 2e-20, 2e-20, -1
-0.493543, 0.259686, 0.674016, 0.05, -0.202904, 0.0692, -0.0887489, 0.232024, 1010.65, 17036.7, 10, 2e-20, 3e-20, 2e-20, 2e-20, -1
-0.489009, 0.220365, 0.721828, 0.05, -0.168694, 0.0401133, 0.0462536, 0.179461, 1001.29, 2056.31, 10, 2e-20, 3e-20, 2e-20, 2e-20, -1
-0.461275, 0.252624, 0.799458, 0.05, -0.13046, -0.0294114, -0.207179, 0.246593, 999.348, -1042.85, 10, 2e-20, 3e-20, 2e-20, 2e-20, -1
-0.492876, 0.251987, 0.760835, 0.05, -0.055606, -0.117811, -0.122398, 0.178754, 999.827, -276.377, 10, 2e-20, 3e-20, 2e-20, 2e-20, -1
-0.427113, 0.280454, 0.826913, 0.05, -0.0259383, -0.061882, -0.0985624, 0.119234, 999.216, -1254.01, 10, 2e-20, 3e-20, 2e-20, 2e-20, -1
-0.417925, 0.269003, 0.872703, 0.05, -0.0116166, -0.0159177, -0.17379, 0.174903, 999.08, -1472.29, 10, 2e-20, 3e-20, 2e-20, 2e-20, -1
-0.359041, 0.222661, 0.906943, 0.05, 0.0627496, -0.0831623, -0.152532, 0.184715, 1002.37, 3795.98, 10, 2e-20, 3e-20, 2e-20, 2e-20, -1
-0.439677, 0.187958, 0.898274, 0.05, -0.0617221, -0.14361, -0.0650814, 0.169319, 1001.61, 2568.12, 10, 2e-20, 3e-20, 2e-20, 2e-20, -1
-0.354409, 0.195001, 0.971026, 0.05, -0.0262893, -0.0703128, -0.0830384, 0.111939, 995.6, -7040.56, 10, 2e-20, 3e-20, 2e-20, 2e-20, -1
-0.416719, 0.145905, 0.928826, 0.05, -0.055658, -0.104002, -0.12063, 0.168718, 1002.5, 3994.2, 10, 2e-20, 3e-20, 2e-20, 2e-20, -1
-0.320309, 0.146303, 1.09994, 0.05, 0.0666641, 0.0103731, 0.126386, 0.143266, 999.603, -635.789, 10, 2e-20, 3e-20, 2e-20, 2e-20, -1
-0.32114, 0.152876, 1.03919, 0.05, 0.10804, -0.0321768, -0.015553, 0.113798, 1005.6, 8961.53, 10, 2e-20, 3e-20, 2e-20, 2e-20, -1
-0.251602, 0.119479, 1.16562, 0.05, 0.157542, -0.0960817, 0.207169, 0.277435, 997.311, -4302.89, 10, 2e-20, 3e-20, 2e-20, 2e-20, -1
-0.207524, 0.120013, 1.19232, 0.05, 0.0372944, -0.098012, -0.00758353, 0.105141, 991.472, -13644.2, 10, 2e-20, 3e-20, 2e-20, 2e-20, -1
-0.18965, 0.112256, 1.2554, 0.05, 0.0132435, -0.00488391, -0.0455969, 0.0477318, 997.653, -3755.47, 10, 2e-20, 3e-20, 2e-20, 2e-20, -1
-0.175377, 0.157405, 1.27726, 0.05, 0.136016, 0.0251006, -0.0824881, 0.161042, 997.335, -4264.58, 10, 2e-20, 3e-20, 2e-20, 2e-20, -1
-0.132498, 0.124297, 1.33929, 0.05, 0.210626, -0.0299339, -0.0166376, 0.213392, 998.33, -2672.4, 10, 2e-20, 3e-20, 2e-20, 2e-20, -1
-0.145355, 0.126524, 1.39028, 0.05, 0.103999, -0.121684, -0.0725958, 0.175764, 1000.42, 670.57, 10, 2e-20, 3e-20, 2e-20, 2e-20, -1
-0.396571, 0.375357, 0.050578, 0.05, 0.249527, 1.0157, 0.467922, 1.1458, 1023.21, 37129.6, 10, 2e-20, 3e-20, 2e-20, 2e-20, -1
-0.39062, 0.43396, 0.0515674, 0.05, 0.439376, -0.430409, -0.0643441, 0.61842, 1028.45, 45515.5, 10, 2e-20, 3e-20, 2e-20, 2e-20, -1
-0.421519, 0.404679, 0.0687127, 0.05, 0.24817, -0.271177, -0.111214, 0.38405, 1011.37, 18196.9, 10, 2e-20, 3e-20, 2e-20, 2e-20, -1
-0.421469, 0.27975, 0.0512174, 0.05, 0.378009, -0.123767, 0.492384, 0.63297, 1028.18, 45088.1, 10, 2e-20, 3e-20, 2e-20, 2e-20, -1
-0.321689, 0.295249, 0.111858, 0.05, 0.0543888, -0.07578, -0.151658, 0.178047, 1007.88, 12600.9, 10, 2e-20, 3e-20, 2e-20, 2e-20, -1
-0.428873, 0.318579, 0.115625, 0.05, -0.0531344, -0.11775, 0.59189, 0.605824, 1008.81, 14091, 10, 2e-20, 3e-20, 2e-20, 2e-20, -1
-0.50643, 0.28944, 0.175826, 0.05, 0.0849751, -0.243288, 0.222153, 0.340238, 997.721, -3646.95, 10, 2e-20, 3e-20, 2e-20, 2e-20, -1
-0.460415, 0.298597, 0.170573, 0.05, 0.0129679, -0.527575, -0.118687, 0.540916, 1017.34, 27738.7, 10, 2e-20, 3e-20, 2e-20, 2e-20, -1
-0.462946, 0.243953, 0.196741, 0.05, 0.02422, 0.525562, 0.0476884, 0.528276, 1025.58, 40920.8, 10, 2e-20, 3e-20, 2e-20, 2e-20, -1
-0.515494, 0.301834, 0.257878, 0.05, -0.646074, -0.0591785, -0.605528, 0.887456, 1024.81, 39703.6, 10, 2e-20, 3e-20, 2e-20, 2e-20, -1
-0.480227, 0.338325, 0.285634, 0.05, 0.0870426, -0.05725, 0.155085, 0.18683, 989.173, -17322.9, 10, 2e-20, 3e-20, 2e-20, 2e-20, -1
-0.488073, 0.246112, 0.265548, 0.05, 0.22225, -0.229644, -0.116885, 0.340285, 1005.08, 8126.81, 10, 2e-20, 3e-20, 2e-20, 2e-20, -1
-0.477316, 0.297046, 0.300236, 0.05, 0.206384, 0.104623, -0.0749713, 0.24323, 1001.31, 2093.09, 10, 2e-20, 3e-20, 2e-20, 2e-20, -1
-0.448, 0.283526, 0.258725, 0.05, 0.221326, 0.0057044, 0.145117, 0.26472, 996.601, -5438.1, 10, 2e-20, 3e-20, 2e-20, 2e-20, -1
-0.434339, 0.308318, 0.305857, 0.05, -0.118097, 0.0536609, -0.247128, 0.279103, 1015.83, 25332, 10, 2e-20, 3e-20, 2e-20, 2e-20, -1
-0.403604, 0.261512, 0.287624, 0.05, -0.122282, 0.0495807, -0.306153, 0.333377, 1011.47, 18352.3, 10, 2e-20, 3e-20, 2e-20, 2e-20, -1
-0.420439, 0.274683, 0.339254, 0.05, -0.108793, 0.0694961, -0.00115486, 0.129101, 1005.52, 8825.55, 10, 2e-20, 3e-20, 2e-20, 2e-20, -1
-0.446734, 0.276125, 0.384396, 0.05, -0.0555944, -0.0623767, -0.0740181, 0.111626, 1014.27, 22837.4, 10, 2e-20, 3e-20, 2e-20, 2e-20, -1
-0.423139, 0.202671, 0.388615, 0.05, -0.187619, -0.259042, 0.0565806, 0.324815, 999.125, -1400.1, 10, 2e-20, 3e-20, 2e-20, 2e-20, -1
-0.464428, 0.325784, 0.403116, 0.05, 0.132427, 0.106612, -0.103387, 0.198976, 1010.88, 17401.6, 10, 2e-20, 3e-20, 2e-20, 2e-20, -1
-0.492165, 0.290013, 0.408057, 0.05, -0.0551578, -0.148617, 0.0957715, 0.185207, 998.663, -2139.29, 10, 2e-20, 3e-20, 2e-20, 2e-20, -1
-0.432597, 0.308527, 0.430516, 0.05, 0.0265471, 0.0574357, 0.0158634, 0.0652323, 1003.63, 5815.3, 10, 2e-20, 3e-20, 2e-20, 2e-20, -1
-0.394201, 0.244588, 0.451276, 0.05, -0.151801, 0.0848042, -0.055889, 0.182644, 1004.82, 7718.13, 10, 2e-20, 3e-20, 2e-20, 2e-20, -1
-0.429188, 0.30571, 0.474753, 0.05, 0.104278, 0.0438503, -0.191684, 0.222574, 1007.76, 12409.1, 10, 2e-20, 3e-20, 2e-20, 2e-20, -1
-0.473436, 0.294746, 0.458425, 0.05, -0.170234, 0.00197132, -0.312782, 0.356112, 1000.14, 225.314, 10, 2e-20, 3e-20, 2e-20, 2e-20, -1
-0.432868, 0.253272, 0.546059, 0.05, 0.12073, 0.128357, -0.245032, 0.301814, 1016.23, 25965.8, 10, 2e-20, 3e-20, 2e-20, 2e-20, -1
-0.449394, 0.205516, 0.530233, 0.05, -0.166027, 0.100592, -0.0468679, 0.199701, 1004.58, 7333.64, 10, 2e-20, 3e-20, 2e-20, 2e-20, -1
-0.481003, 0.227125, 0.564955, 0.05, -0.228406, 0.0816286, -0.378456, 0.449512, 1007.86, 12581.7, 10, 2e-20, 3e-20, 2e-20, 2e-20, -1
-0.417564, 0.160271, 0.525646, 0.05, -0.0379862, -0.0749412, -0.0844356, 0.119115, 1009.04, 14466.8, 10, 2e-20, 3e-20, 2e-20, 2e-20, -1
-0.467386, 0.263809, 0.603703, 0.05, -0.129412, -0.0212499, 0.0390058, 0.136822, 1006.44, 10298.5, 10, 2e-20, 3e-20, 2e-20, 2e-20, -1
-0.471795, 0.297612, 0.648717, 0.05, 0.0528751, 0.124027, -0.148346, 0.200462, 1001.95, 3119.56, 10, 2e-20, 3e-20, 2e-20, 2e-20, -1
-0.398905, 0.350103, 0.702431, 0.05, -0.048687, -0.0548846, -0.195037, 0.20838, 1005.03, 8045.08, 10, 2e-20, 3e-20, 2e-20, 2e-20, -1
-0.48002, 0.330938, 0.682845, 0.05, 0.0848697, -0.0899238, -0.0365929, 0.12895, 997.533, -3946.85, 10, 2e-20, 3e-20, 2e-20, 2e-20, -1
-0.46301, 0.325057, 0.731934, 0.05, 0.0458736, -0.0761251, -0.298138, 0.311104, 1010.13, 16213.6, 10, 2e-20, 3e-20, 2e-20, 2e-20, -1
-0.5303, 0.252373, 0.707463, 0.05, -0.0333794, -0.0366639, -0.11461, 0.124875, 1005.22, 8354.68, 10, 2e-20, 3e-20, 2e-20, 2e-20, -1
-0.450896, 0.2687, 0.750429, 0.05, -0.0751802, -0.104033, -0.201183, 0.238641, 1005.91, 9452.66, 10, 2e-20, 3e-20, 2e-20, 2e-20, -1
-0.457962, 0.322789, 0.783399, 0.05, -0.0388052, 0.0963548, -0.127474, 0.164438, 1002.34, 3750.88, 10, 2e-20, 3e-20, 2e-20, 2e-20, -1
-0.41439, 0.283987, 0.778773, 0.05, 0.0285968, 0.00333667, -0.189859, 0.192029, 996.107, -6228.4, 10, 2e-20, 3e-20, 2e-20, 2e-20, -1
-0.480021, 0.304272, 0.81788, 0.05, -0.108007, -0.195966, -0.228381, 0.319728, 1005.03, 8054.08, 10, 2e-20, 3e-20, 2e-20, 2e-20, -1
-0.395549, 0.33286, 0.847609, 0.05, 0.150449, 0.0516206, -0.315851, 0.35364, 1005.11, 8172.97, 10, 2e-20, 3e-20, 2e-20, 2e-20, -1
-0.334299, 0.183982, 0.920469, 0.05, -0.107317, 0.0183367, -0.114011, 0.157644, 995.994, -6408.88, 10, 2e-20, 3e-20, 2e-20, 2e-20, -1
-0.23726, 0.149375, 1.10557, 0.05, 0.0531979, 0.0733901, -0.00328291, 0.0907023, 1006.36, 10179.2, 10, 2e-20, 3e-20, 2e-20, 2e-20, -1
-0.365404, 0.168965, 1.01511, 0.05, -0.158535, -0.166172, -0.0596221, 0.237279, 999.866, -214.779, 10, 2e-20, 3e-20, 2e-20, 2e-20, -1
-0.255801, 0.198607, 1.08805, 0.05, 0.101435, -0.268937, -0.0866116, 0.300196, 997.661, -3742.36, 10, 2e-20, 3e-20, 2e-20, 2e-20, -1
-0.28494, 0.138101, 1.13933, 0.05, 0.0360779, -0.0570119, -0.0118726, 0.068505, 1007.17, 11470.5, 10, 2e-20, 3e-20, 2e-20, 2e-20, -1
-0.292103, 0.184186, 1.12544, 0.05, 0.251345, -0.038877, -0.151, 0.295781, 999.511, -782.747, 10, 2e-20, 3e-20, 2e-20, 2e-20, -1
-0.251046, 0.171164, 1.15068, 0.05, 0.0448271, 0.0527956, -0.0452455, 0.0827285, 1000.13, 213.331, 10, 2e-20, 3e-20, 2e-20, 2e-20, -1
-0.239315, 0.141742, 1.21363, 0.05, -0.0378912, -0.237646, -0.0395241, 0.243872, 1006.26, 10023.2, 10, 2e-20, 3e-20, 2e-20, 2e-20, -1
-0.200686, 0.162053, 1.23204, 0.05, 0.171458, -0.016404, -0.0441226, 0.177803, 1008.39, 13431.2, 10, 2e-20, 3e-20, 2e-20, 2e-20, -1
-0.194847, 0.230222, 1.31036, 0.05, 0.0295229, -0.116188, -0.105188, 0.159486, 1007.18, 11495.7, 10, 2e-20, 3e-20, 2e-20, 2e-20, -1
-0.22239, 0.245852, 1.4072, 0.05, 0.0174249, -0.173492, 0.0711613, 0.188327, 999.107, -1428.24, 10, 2e-20, 3e-20, 2e-20, 2e-20, -1
-0.41732, 0.499195, 0.105947, 0.05, 0.108143, 0.0252087, -0.273448, 0.295134, 1009.01, 14421.5, 10, 2e-20, 3e-20, 2e-20, 2e-20, -1
-0.368512, 0.444025, 0.159903, 0.05, 0.0594929, -0.148714, -0.00954409, 0.160456, 1016.35, 26162.9, 10, 2e-20, 3e-20, 2e-20, 2e-20, -1
-0.434431, 0.423209, 0.125555, 0.05, -0.566494, -0.406734, -0.000699218, 0.697387, 1006.12, 9789.99, 10, 2e-20, 3e-20, 2e-20, 2e-20, -1
-0.436766, 0.469647, 0.0979806, 0.05, -0.124587, -0.0114032, -0.301476, 0.326404, 1003.69, 5910.56, 10, 2e-20, 3e-20, 2e-20, 2e-20, -1
-0.458195, 0.37735, 0.108872, 0.05, -0.824543, 0.157224, -0.150353, 0.852758, 1001.36, 2180.19, 10, 2e-20, 3e-20, 2e-20, 2e-20, -1
-0.485062, 0.329906, 0.138519, 0.05, -1.01505, -0.285334, -0.916324, 1.39692, 1011.51, 18409.4, 10, 2e-20, 3e-20, 2e-20, 2e-20, -1
-0.568125, 0.35893, 0.205454, 0.05, -0.559048, 0.239033, -0.209561, 0.643107, 1010.6, 16965.5, 10, 2e-20, 3e-20, 2e-20, 2e-20, -1
-0.48433, 0.283234, 0.223857, 0.05, -0.0669089, 0.122208, -0.358048, 0.384201, 1010.91, 17464, 10, 2e-20, 3e-20, 2e-20, 2e-20, -1
-0.508247, 0.360019, 0.252079, 0.05, -0.581045, -0.294848, -0.164638, 0.672052, 995.063, -7898.6, 10, 2e-20, 3e-20, 2e-20, 2e-20, -1
-0.474095, 0.321033, 0.235671, 0.05, -0.0923405, -0.348095, -0.514777, 0.628245, 1003.71, 5931.65, 10, 2e-20, 3e-20, 2e-20, 2e-20, -1
-0.497976, 0.401041, 0.264567, 0.05, -0.356367, 0.267946, 0.00432809, 0.445882, 1012.92, 20667.1, 10, 2e-20, 3e-20, 2e-20, 2e-20, -1
-0.45093, 0.385381, 0.287708, 0.05, 0.190036, -0.22047, -0.102321, 0.30853, 998.775, -1959.95, 10, 2e-20, 3e-20, 2e-20, 2e-20, -1
-0.411193, 0.390013, 0.338368, 0.05, 0.220181, 0.148815, -0.193639, 0.328819, 996.959, -4866.01, 10, 2e-20, 3e-20, 2e-20, 2e-20, -1
-0.455913, 0.364033, 0.323987, 0.05, -0.254274, -0.155474, -0.19485, 0.356081, 1005.14, 8217.52, 10, 2e-20, 3e-20, 2e-20, 2e-20, -1
-0.350253, 0.43877, 0.440004, 0.05, 0.0383965, -0.0348373, -0.00751016, 0.0523864, 1006.88, 11008.5, 10, 2e-20, 3e-20, 2e-20, 2e-20, -1
-0.439086, 0.408666, 0.431545, 0.05, -0.194564, -0.117166, -0.231615, 0.324389, 1007.11, 11379.8, 10, 2e-20, 3e-20, 2e-20, 2e-20, -1
-0.420658, 0.330948, 0.356407, 0.05, -0.111634, -0.0410069, 0.0615685, 0.13392, 1011.09, 17746.4, 10, 2e-20, 3e-20, 2e-20, 2e-20, -1
-0.394223, 0.411197, 0.500316, 0.05, 0.182384, -0.0492093, 0.25346, 0.316113, 990.629, -14994.2, 10, 2e-20, 3e-20, 2e-20, 2e-20, -1
-0.435067, 0.360558, 0.414592, 0.05, 0.0496702, -0.113035, 0.0940952, 0.155235, 1000.38, 608.864, 10, 2e-20, 3e-20, 2e-20, 2e-20, -1
-0.382606, 0.408171, 0.446271, 0.05, -0.122742, 0.0425754, -0.0227333, 0.13189, 999.373, -1003.05, 10, 2e-20, 3e-20, 2e-20, 2e-20, -1
-0.433916, 0.388405, 0.512956, 0.05, 0.260309, -0.109961, 0.0895116, 0.296419, 994.911, -8142.9, 10, 2e-20, 3e-20, 2e-20, 2e-20, -1
-0.447759, 0.436105, 0.671703, 0.05, -0.0825431, -0.0261162, 0.0726628, 0.113028, 1000.45, 725.034, 10, 2e-20, 3e-20, 2e-20, 2e-20, -1
-0.418241, 0.368496, 0.460813, 0.05, -0.246475, -0.276682, -0.189953, 0.416395, 1012.03, 19250.4, 10, 2e-20, 3e-20, 2e-20, 2e-20, -1
-0.394947, 0.394678, 0.548361, 0.05, -0.158776, 0.128433, -0.28817, 0.353196, 1018.04, 28864.3, 10, 2e-20, 3e-20, 2e-20, 2e-20, -1
-0.452298, 0.330345, 0.513283, 0.05, -0.281088, 0.00722862, 0.0623896, 0.288019, 999.43, -911.964, 10, 2e-20, 3e-20, 2e-20, 2e-20, -1
-0.474373, 0.291233, 0.543153, 0.05, 0.0646249, -0.0512228, -0.168668, 0.187747, 1007.8, 12480.7, 10, 2e-20, 3e-20, 2e-20, 2e-20, -1
-0.450397, 0.308042, 0.581232, 0.05, 0.0717394, 0.0088604, -0.295006, 0.303733, 1009.98, 15971.4, 10, 2e-20, 3e-20, 2e-20, 2e-20, -1
-0.455683, 0.392777, 0.632869, 0.05, -0.139294, -0.0489052, -0.214844, 0.260677, 1006.91, 11057.1, 10, 2e-20, 3e-20, 2e-20, 2e-20, -1
-0.513403, 0.358312, 0.637501, 0.05, -0.124232, 0.0112422, -0.234013, 0.265183, 1003.13, 5004.95, 10, 2e-20, 3e-20, 2e-20, 2e-20, -1
-0.465795, 0.380318, 0.665015, 0.05, -0.0081859, -0.0348469, -0.0396083, 0.0533866, 1003.26, 5223.92, 10, 2e-20, 3e-20, 2e-20, 2e-20, -1
-0.517714, 0.374856, 0.684449, 0.05, 0.012652, 0.0311429, -0.0321838, 0.0465376, 999.957, -68.8541, 10, 2e-20, 3e-20, 2e-20, 2e-20, -1
-0.393129, 0.402497, 0.784381, 0.05, 0.0334962, -0.0694203, -0.300237, 0.309973, 1002.99, 4780.15, 10, 2e-20, 3e-20, 2e-20, 2e-20, -1
-0.454482, 0.369622, 0.712561, 0.05, 0.0346402, -0.156652, -0.264208, 0.309104, 997.314, -4298.38, 10, 2e-20, 3e-20, 2e-20, 2e-20, -1
-0.41291, 0.389672, 0.826774, 0.05, -0.0167089, -0.115659, -0.13808, 0.180893, 998.801, -1919, 10, 2e-20, 3e-20, 2e-20, 2e-20, -1
-0.432437, 0.367757, 0.782663, 0.05, -0.024769, -0.147537, -0.142964, 0.206928, 1001.19, 1898.81, 10, 2e-20, 3e-20, 2e-20, 2e-20, -1
-0.49191, 0.289643, 0.712701, 0.05, 0.122754, 0.0188811, -0.229594, 0.261033, 1001.77, 2835.65, 10, 2e-20, 3e-20, 2e-20, 2e-20, -1
-0.373007, 0.380446, 0.857103, 0.05, 0.136524, -0.0448161, -0.224865, 0.266855, 1001.65, 2638.27, 10, 2e-20, 3e-20, 2e-20, 2e-20, -1
-0.328366, 0.338204, 0.845567, 0.05, -0.127578, 0.153048, -0.126365, 0.235941, 1009.83, 15727.5, 10, 2e-20, 3e-20, 2e-20, 2e-20, -1
-0.384691, 0.317444, 0.88936, 0.05, 0.0832881, 0.011626, -0.099401, 0.130202, 995.735, -6824.1, 10, 2e-20, 3e-20, 2e-20, 2e-20, -1
-0.324289, 0.284408, 0.881647, 0.05, 0.0141987, -0.0462377, -0.099994, 0.111078, 996.971, -4845.96, 10, 2e-20, 3e-20, 2e-20, 2e-20, -1
-0.287691, 0.236816, 0.96455, 0.05, 0.026926, -0.220046, -0.170827, 0.279869, 998.777, -1957.07, 10, 2e-20, 3e-20, 2e-20, 2e-20, -1
-0.299854, 0.189799, 1.06602, 0.05, 0.132021, -0.133137, -0.00344346, 0.187528, 1005.61, 8973.25, 10, 2e-20, 3e-20, 2e-20, 2e-20, -1
-0.265203, 0.250429, 1.01369, 0.05, -0.0341945, -0.200621, -0.205482, 0.289208, 996.561, -5501.62, 10, 2e-20, 3e-20, 2e-20, 2e-20, -1
-0.302526, 0.282958, 0.983934, 0.05, 0.0176196, 0.256401, 0.061844, 0.264342, 1003.13, 5003.42, 10, 2e-20, 3e-20, 2e-20, 2e-20, -1
-0.281094, 0.246376, 1.06113, 0.05, -0.0722796, -0.133225, -0.298239, 0.334544, 1007.37, 11784.5, 10, 2e-20, 3e-20, 2e-20, 2e-20, -1
-0.2573, 0.219166, 1.13625, 0.05, 0.0737235, -0.161219, -0.152691, 0.233969, 998.72, -2048.16, 10, 2e-20, 3e-20, 2e-20, 2e-20, -1
-0.291955, 0.279969, 1.12165, 0.05, -0.0324208, 0.0276752, -0.202227, 0.20667, 1000.88, 1407.39, 10, 2e-20, 3e-20, 2e-20, 2e-20, -1
-0.226938, 0.200673, 1.17576, 0.05, -0.0333711, -0.162907, -0.189596, 0.252189, 997.346, -4246.11, 10, 2e-20, 3e-20, 2e-20, 2e-20, -1
-0.206249, 0.264255, 1.34176, 0.05, 0.149706, -0.105711, -0.101543, 0.209518, 999.956, -69.7248, 10, 2e-20, 3e-20, 2e-20, 2e-20, -1
-0.23146, 0.230055, 1.2127, 0.05, 0.223084, -0.0458581, -0.0695819, 0.238141, 1000.93, 1495.58, 10, 2e-20, 3e-20, 2e-20, 2e-20, -1
-0.222909, 0.29227, 1.37448, 0.05, 0.161628, -0.132131, -0.0683771, 0.219676, 997.561, -3903.07, 10, 2e-20, 3e-20, 2e-20, 2e-20, -1
-0.354899, 0.506947, 0.0628969, 0.05, 0.185222, -0.0203935, -0.440538, 0.478327, 1021.27, 34037.7, 10, 2e-20, 3e-20, 2e-20, 2e-20, -1
-0.455186, 0.497972, 0.217197, 0.05, -0.400656, -0.0945093, -0.0681637, 0.417257, 1001.24, 1989.73, 10, 2e-20, 3e-20, 2e-20, 2e-20, -1
-0.456561, 0.479987, 0.265218, 0.05, -0.0938319, 0.219539, 0.0955967, 0.257178, 1003.94, 6307.05, 10, 2e-20, 3e-20, 2e-20, 2e-20, -1
-0.433479, 0.441803, 0.2291, 0.05, 0.00194075, -0.130591, 0.0837567, 0.155155, 999.736, -422.033, 10, 2e-20, 3e-20, 2e-20, 2e-20, -1
-0.455375, 0.450921, 0.20394, 0.05, -0.433183, 0.301264, -0.122126, 0.541592, 1017.91, 28649.9, 10, 2e-20, 3e-20, 2e-20, 2e-20, -1
-0.448504, 0.405077, 0.166143, 0.05, -0.114699, -0.70703, -0.33036, 0.788788, 1000.83, 1328.15, 10, 2e-20, 3e-20, 2e-20, 2e-20, -1
-0.497269, 0.346271, 0.198755, 0.05, -0.43706, 0.227143, 0.198037, 0.53088, 1004.91, 7852.95, 10, 2e-20, 3e-20, 2e-20, 2e-20, -1
-0.463975, 0.369593, 0.236594, 0.05, 0.145174, 0.124282, -0.446121, 0.48533, 1014.57, 23304.9, 10, 2e-20, 3e-20, 2e-20, 2e-20, -1
-0.48328, 0.432811, 0.306595, 0.05, -0.16062, 0.238309, 0.172808, 0.335339, 1000.5, 804.196, 10, 2e-20, 3e-20, 2e-20, 2e-20, -1
-0.504733, 0.435916, 0.373879, 0.05, -0.0571856, 0.41731, -0.199071, 0.465883, 1003.66, 5853.65, 10, 2e-20, 3e-20, 2e-20, 2e-20, -1
-0.445602, 0.41967, 0.26406, 0.05, 0.335932, -0.13547, 0.274497, 0.454479, 991.811, -13101.9, 10, 2e-20, 3e-20, 2e-20, 2e-20, -1
-0.45506, 0.421309, 0.34151, 0.05, 0.0904447, 0.20209, -0.308563, 0.379779, 1001.3, 2078.17, 10, 2e-20, 3e-20, 2e-20, 2e-20, -1
-0.431957, 0.4141, 0.383143, 0.05, 0.00722246, -0.137945, -0.0219925, 0.139873, 1003.98, 6375.74, 10, 2e-20, 3e-20, 2e-20, 2e-20, -1
-0.403129, 0.493503, 0.560071, 0.05, -0.258483, -0.249671, 0.273421, 0.451562, 996.892, -4972.12, 10, 2e-20, 3e-20, 2e-20, 2e-20, -1
-0.445517, 0.457003, 0.424369, 0.05, -0.26248, -0.174891, -0.0972351, 0.330056, 1018.79, 30058.6, 10, 2e-20, 3e-20, 2e-20, 2e-20, -1
-0.337252, 0.44061, 0.484623, 0.05, -0.243392, 0.0512636, 0.0654854, 0.257208, 998.651, -2157.94, 10, 2e-20, 3e-20, 2e-20, 2e-20, -1
-0.423927, 0.440007, 0.466462, 0.05, 0.0966268, 0.330909, -0.0946494, 0.357486, 998.112, -3021.54, 10, 2e-20, 3e-20, 2e-20, 2e-20, -1
-0.493635, 0.450431, 0.68235, 0.05, -0.0260473, -0.254754, -0.0876972, 0.270682, 1005.6, 8955.93, 10, 2e-20, 3e-20, 2e-20, 2e-20, -1
-0.470853, 0.416451, 0.542844, 0.05, -0.034972, 0.0719899, 0.14416, 0.164887, 996.421, -5726.53, 10, 2e-20, 3e-20, 2e-20, 2e-20, -1
-0.412853, 0.445106, 0.535067, 0.05, -0.00335217, -0.00561459, -0.0391192, 0.039662, 1001.02, 1636.84, 10, 2e-20, 3e-20, 2e-20, 2e-20, -1
-0.417985, 0.431124, 0.580484, 0.05, -0.096297, 0.172998, -0.246168, 0.315912, 1011.8, 18885.4, 10, 2e-20, 3e-20, 2e-20, 2e-20, -1
-0.511896, 0.452967, 0.73001, 0.05, 0.0228429, -0.00723622, -0.344608, 0.34544, 1009.88, 15815.2, 10, 2e-20, 3e-20, 2e-20, 2e-20, -1
-0.377097, 0.444553, 0.717614, 0.05, 0.0128581, 0.0229022, -0.208257, 0.209907, 1014.12, 22599.2, 10, 2e-20, 3e-20, 2e-20, 2e-20, -1
-0.435955, 0.367264, 0.560125, 0.05, -0.094785, 0.00166766, -0.0799272, 0.123997, 1014.42, 23067.7, 10, 2e-20, 3e-20, 2e-20, 2e-20, -1
-0.41773, 0.350046, 0.599819, 0.05, 0.122015, 0.00797458, -0.0368508, 0.127708, 999.964, -57.6413, 10, 2e-20, 3e-20, 2e-20, 2e-20, -1
-0.397551, 0.442923, 0.760989, 0.05, -0.135143, -0.0706602, -0.143115, 0.209137, 1004.12, 6591.65, 10, 2e-20, 3e-20, 2e-20, 2e-20, -1
-0.408971, 0.396444, 0.612171, 0.05, 0.122402, -0.18823, -0.129197, 0.259046, 1000.18, 292.828, 10, 2e-20, 3e-20, 2e-20, 2e-20, -1
-0.346509, 0.418681, 0.740383, 0.05, -0.0159399, -0.0354256, -0.0204624, 0.0439063, 997.512, -3981.21, 10, 2e-20, 3e-20, 2e-20, 2e-20, -1
-0.484653, 0.409155, 0.692785, 0.05, -0.0655197, -0.157789, -0.141854, 0.222065, 1004, 6402.53, 10, 2e-20, 3e-20, 2e-20, 2e-20, -1
-0.43108, 0.431272, 0.8565, 0.05, -0.142574, -0.0699768, -0.0813119, 0.178426, 1001.06, 1692.43, 10, 2e-20, 3e-20, 2e-20, 2e-20, -1
-0.378704, 0.388248, 0.979463, 0.05, 0.0552984, -0.0230969, -0.303601, 0.309459, 1001.4, 2232.13, 10, 2e-20, 3e-20, 2e-20, 2e-20, -1
-0.399594, 0.448895, 0.888826, 0.05, -0.0124316, -0.0695569, -0.304569, 0.312658, 1000.79, 1259.94, 10, 2e-20, 3e-20, 2e-20, 2e-20, -1
-0.385366, 0.43731, 0.976887, 0.05, -0.243583, -0.275983, -0.29004, 0.46864, 1001.84, 2943.58, 10, 2e-20, 3e-20, 2e-20, 2e-20, -1
-0.385042, 0.441781, 0.928472, 0.05, -0.0258786, 0.0968314, 0.0929084, 0.136667, 997.465, -4055.77, 10, 2e-20, 3e-20, 2e-20, 2e-20, -1
-0.414238, 0.3936, 0.936501, 0.05, 0.0844252, -0.0430689, -0.09179, 0.131939, 1005.54, 8856.99, 10, 2e-20, 3e-20, 2e-20, 2e-20, -1
-0.369226, 0.268498, 0.904731, 0.05, 0.00119299, -0.164431, -0.0851326, 0.185166, 990.695, -14887.5, 10, 2e-20, 3e-20, 2e-20, 2e-20, -1
-0.377432, 0.356612, 0.918201, 0.05, 0.0920414, -0.125841, -0.205311, 0.257799, 997.071, -4686.39, 10, 2e-20, 3e-20, 2e-20, 2e-20, -1
-0.301979, 0.28634, 0.939896, 0.05, 0.0631398, 0.141268, -0.313063, 0.349216, 1005.04, 8066.79, 10, 2e-20, 3e-20, 2e-20, 2e-20, -1
-0.181142, 0.405448, 1.22726, 0.05, 0.122062, -0.0109182, -0.374658, 0.394192, 996.25, -6000.28, 10, 2e-20, 3e-20, 2e-20, 2e-20, -1
-0.341075, 0.345256, 0.8891, 0.05, -0.0601851, 0.0123091, -0.172036, 0.182675, 1005.18, 8291.45, 10, 2e-20, 3e-20, 2e-20, 2e-20, -1
-0.316393, 0.362801, 0.925578, 0.05, -0.0482226, -0.0761619, -0.0451039, 0.100799, 1001.67, 2666.61, 10, 2e-20, 3e-20, 2e-20, 2e-20, -1
-0.352424, 0.372973, 1.01581, 0.05, -0.115033, 0.255616, -0.0802658, 0.291573, 1001.27, 2037.3, 10, 2e-20, 3e-20, 2e-20, 2e-20, -1
-0.312807, 0.328988, 0.972988, 0.05, 0.176721, -0.0438362, -0.214593, 0.281429, 994.735, -8423.7, 10, 2e-20, 3e-20, 2e-20, 2e-20, -1
-0.309052, 0.393799, 1.18523, 0.05, 0.304446, 0.214421, -0.323752, 0.493436, 999.074, -1482.24, 10, 2e-20, 3e-20, 2e-20, 2e-20, -1
-0.284686, 0.335349, 1.06232, 0.05, 0.0483995, -0.0655014, -0.112706, 0.139052, 997.392, -4172.24, 10, 2e-20, 3e-20, 2e-20, 2e-20, -1
-0.27414, 0.301333, 1.02801, 0.05, -0.176363, -0.0353306, -0.0642468, 0.190997, 1004.04, 6468.8, 10, 2e-20, 3e-20, 2e-20, 2e-20, -1
-0.325124, 0.382507, 1.16182, 0.05, 0.0167896, 0.0732102, -0.454736, 0.460897, 1005.35, 8556.73, 10, 2e-20, 3e-20, 2e-20, 2e-20, -1
-0.321047, 0.363397, 1.06488, 0.05, 0.0576136, 0.188689, -0.16301, 0.25592, 1004.02, 6426.08, 10, 2e-20, 3e-20, 2e-20, 2e-20, -1
-0.238879, 0.259632, 1.15641, 0.05, -0.0464072, -0.025792, -0.167575, 0.175785, 1005.96, 9543.19, 10, 2e-20, 3e-20, 2e-20, 2e-20, -1
-0.281751, 0.243203, 1.15163, 0.05, 0.154047, -0.0447414, -0.249352, 0.296494, 1003.91, 6253.3, 10, 2e-20, 3e-20, 2e-20, 2e-20, -1
-0.286838, 0.410009, 1.42481, 0.05, 0.0449347, -0.00459178, -0.365759, 0.368538, 994.982, -8029.19, 10, 2e-20, 3e-20, 2e-20, 2e-20, -1
-0.415408, 0.453111, 0.154303, 0.05, 0.298189, 0.442637, -0.13716, 0.551051, 996.394, -5769.74, 10, 2e-20, 3e-20, 2e-20, 2e-20, -1
-0.397357, 0.493797, 0.163973, 0.05, -0.133558, -0.286028, 0.286325, 0.426183, 1016.9, 27034.5, 10, 2e-20, 3e-20, 2e-20, 2e-20, -1
-0.457724, 0.496761, 0.156133, 0.05, 0.0650958, -0.144887, 0.165302, 0.229248, 1022.04, 35262.2, 10, 2e-20, 3e-20, 2e-20, 2e-20, -1
-0.491187, 0.49153, 0.315202, 0.05, -0.156922, -0.334519, -0.242469, 0.441948, 1008.62, 13799.7, 10, 2e-20, 3e-20, 2e-20, 2e-20, -1
-0.65083, -0.501198, 2.515, 0.05, 0.0118218, -0.00307017, -1.02668, 1.02675, 1000.02, 29.0891, 10, 2e-20, 3e-20, 2e-20, 2e-20, -1
-0.49879, 0.498318, 0.254324, 0.05, 0.309593, 0.236264, -0.341527, 0.517986, 1006.24, 9981.6, 10, 2e-20, 3e-20, 2e-20, 2e-20, -1
-0.485847, 0.446824, 0.254077, 0.05, -0.297315, 0.368421, -0.144986, 0.495128, 1007.12, 11387.4, 10, 2e-20, 3e-20, 2e-20, 2e-20, -1
-0.549696, 0.492251, 0.609779, 0.05, -0.19857, -0.0608775, -0.208976, 0.29463, 1008.49, 13579.8, 10, 2e-20, 3e-20, 2e-20, 2e-20, -1
-0.467728, 0.502423, 0.470822, 0.05, -0.169175, 0.039311, 0.166575, 0.240651, 1011.88, 19003.7, 10, 2e-20, 3e-20, 2e-20, 2e-20, -1
-0.889264, -0.364394, 1.40963, 0.05, 0.0282732, 0.414302, -0.0402638, 0.417213, 1005.17, 8272.75, 10, 2e-20, 3e-20, 2e-20, 2e-20, -1
-0.493623, 0.496378, 0.634934, 0.05, 0.060327, 0.00192803, -0.118304, 0.132812, 1013.31, 21303.8, 10, 2e-20, 3e-20, 2e-20, 2e-20, -1
-0.510637, 0.494318, 0.574988, 0.05, -0.133194, -0.0168496, -0.0531403, 0.14439, 1005.77, 9224.52, 10, 2e-20, 3e-20, 2e-20, 2e-20, -1
-0.509427, 0.497505, 0.693411, 0.05, 0.0260572, -0.128309, -0.0638836, 0.145683, 1011.84, 18946.3, 10, 2e-20, 3e-20, 2e-20, 2e-20, -1
-0.432272, 0.494951, 0.644952, 0.05, 0.162173, 0.034281, -0.0133383, 0.166292, 1007.82, 12510.4, 10, 2e-20, 3e-20, 2e-20, 2e-20, -1
-0.456627, 0.460923, 0.582491, 0.05, 0.0103974, -0.0332171, -0.250726, 0.253131, 1013.49, 21577.8, 10, 2e-20, 3e-20, 2e-20, 2e-20, -1
-0.385664, 0.124949, 1.36593, 0.05, 0.0986641, -0.088458, 0.224728, 0.260887, 1000.69, 1109.7, 10, 2e-20, 3e-20, 2e-20, 2e-20, -1
-0.405829, 0.49493, 0.708013, 0.05, 0.170707, 0.0196832, -0.359819, 0.398746, 1012.36, 19779.9, 10, 2e-20, 3e-20, 2e-20, 2e-20, -1
-0.449259, 0.493483, 0.802337, 0.05, 0.0541338, 0.0413546, -0.00381401, 0.0682292, 1007.22, 11546.3, 10, 2e-20, 3e-20, 2e-20, 2e-20, -1
-0.392743, 0.494881, 0.797523, 0.05, 0.0493306, 0.0104339, -0.145954, 0.154418, 1001.74, 2788.98, 10, 2e-20, 3e-20, 2e-20, 2e-20, -1
-0.412862, 0.497255, 0.761155, 0.05, -0.0232199, -0.0645799, 0.141278, 0.157064, 999.545, -727.484, 10, 2e-20, 3e-20, 2e-20, 2e-20, -1
-0.390852, 0.442201, 1.40766, 0.05, -0.12219, -0.129216, 0.104199, 0.206118, 994.045, -9528.46, 10, 2e-20, 3e-20, 2e-20, 2e-20, -1
-0.430106, 0.499816, 0.854426, 0.05, -0.0415248, 0.0858567, -0.038955, 0.10302, 1005.86, 9373.42, 10, 2e-20, 3e-20, 2e-20, 2e-20, -1
-0.427472, 0.450119, 0.720064, 0.05, 0.112568, -0.15834, -0.212737, 0.288097, 1006.18, 9883.03, 10, 2e-20, 3e-20, 2e-20, 2e-20, -1
-0.891176, -0.132486, 1.1771, 0.05, 0.0135526, -0.254496, -0.0417072, 0.258246, 1006.71, 10734, 10, 2e-20, 3e-20, 2e-20, 2e-20, -1
-0.438066, 0.477101, 0.900985, 0.05, -0.0218036, 0.0386812, -0.186929, 0.19213, 998.43, -2511.66, 10, 2e-20, 3e-20, 2e-20, 2e-20, -1
-0.3443, 0.489111, 1.28004, 0.05, -0.0906407, 0.476086, 0.561955, 0.742069, 987.318, -20291.1, 10, 2e-20, 3e-20, 2e-20, 2e-20, -1
-0.453846, 0.496544, 1.02241, 0.05, -0.144856, -0.170992, 0.255868, 0.340132, 1003.04, 4856.3, 10, 2e-20, 3e-20, 2e-20, 2e-20, -1
-0.363914, 0.463295, 1.30749, 0.05, -0.214405, -0.246704, -0.0629717, 0.332863, 995.504, -7193.43, 10, 2e-20, 3e-20, 2e-20, 2e-20, -1
-0.867958, -0.378906, 1.36396, 0.05, -0.0015687, -0.0207568, 0.0509618, 0.0550492, 991.213, -14058.4, 10, 2e-20, 3e-20, 2e-20, 2e-20, -1
-0.331493, 0.491437, 1.1982, 0.05, -0.0557607, 0.700666, 0.365389, 0.792182, 1007.56, 12099, 10, 2e-20, 3e-20, 2e-20, 2e-20, -1
-0.26706, 0.428856, 1.17744, 0.05, 0.148724, -0.21624, -0.0507343, 0.267306, 1012.08, 19331.4, 10, 2e-20, 3e-20, 2e-20, 2e-20, -1
-0.283839, 0.372969, 0.988618, 0.05, 0.11428, 0.0725659, -0.294378, 0.324013, 1003.38, 5408.7, 10, 2e-20, 3e-20, 2e-20, 2e-20, -1
-0.382445, 0.459508, 1.11092, 0.05, 0.263561, -0.132506, -0.352806, 0.459885, 994.241, -9215.1, 10, 2e-20, 3e-20, 2e-20, 2e-20, -1
-0.457612, 0.396475, 1.24585, 0.05, 0.0799057, 0.0390004, 0.0845726, 0.122713, 992.295, -12327.9, 10, 2e-20, 3e-20, 2e-20, 2e-20, -1
-0.349078, 0.350161, 0.958821, 0.05, 0.054164, -0.0957391, -0.0605595, 0.125567, 993.045, -11128.8, 10, 2e-20, 3e-20, 2e-20, 2e-20, -1
-0.226582, 0.391301, 1.15473, 0.05, 0.134479, 0.510297, -0.266965, 0.591404, 1004.75, 7593.31, 10, 2e-20, 3e-20, 2e-20, 2e-20, -1
-0.752557, 0.214039, 1.26327, 0.05, -0.0476905, -0.067551, -0.162342, 0.182188, 1006.8, 10886.7, 10, 2e-20, 3e-20, 2e-20, 2e-20, -1
-0.30022, 0.426489, 1.29804, 0.05, 0.0756177, -0.387118, -0.183021, 0.434828, 998.025, -3160.65, 10, 2e-20, 3e-20, 2e-20, 2e-20, -1
-0.274135, 0.480964, 1.40965, 0.05, -0.0173272, 0.14613, 0.172701, 0.226892, 1002.43, 3884.78, 10, 2e-20, 3e-20, 2e-20, 2e-20, -1
-0.710662, 0.405178, 1.31857, 0.05, 0.12304, -0.0921719, -0.225892, 0.273243, 1004.38, 7003.24, 10, 2e-20, 3e-20, 2e-20, 2e-20, -1
-0.373192, 0.36624, 1.27475, 0.05, 0.070071, 0.00594394, -0.361931, 0.368699, 999.777, -356.271, 10, 2e-20, 3e-20, 2e-20, 2e-20, -1
-0.765533, 0.428092, 1.30819, 0.05, 0.135729, -0.192476, -0.270763, 0.358862, 998.384, -2584.88, 10, 2e-20, 3e-20, 2e-20, 2e-20, -1
-0.285293, 0.388148, 1.13006, 0.05, -0.0673407, -0.104808, -0.168612, 0.209642, 998.69, -2096.25, 10, 2e-20, 3e-20, 2e-20, 2e-20, -1
-0.812383, 0.247455, 1.32413, 0.05, 0.334489, -0.1854, -0.0513408, 0.385865, 992.898, -11362.4, 10, 2e-20, 3e-20, 2e-20, 2e-20, -1
-0.270023, 0.333454, 1.20664, 0.05, 0.120927, 0.0838987, -0.150863, 0.210766, 994.078, -9475.32, 10, 2e-20, 3e-20, 2e-20, 2e-20, -1
-0.339526, 0.299283, 1.32208, 0.05, 0.15589, 0.0893471, -0.196871, 0.266538, 995.663, -6939.72, 10, 2e-20, 3e-20, 2e-20, 2e-20, -1
-0.288867, 0.309177, 1.33323, 0.05, -0.129422, -0.184393, -0.148861, 0.27002, 994.253, -9195.99, 10, 2e-20, 3e-20, 2e-20, 2e-20, -1
-0.309943, 0.305008, 1.2838, 0.05, -0.251287, -0.00893155, -0.0520761, 0.256782, 1006.34, 10137.9, 10, 2e-20, 3e-20, 2e-20, 2e-20, -1
-0.245749, 0.34547, 1.12358, 0.05, 0.276518, 0.0645916, -0.191161, 0.342311, 997.837, -3460.02, 10, 2e-20, 3e-20, 2e-20, 2e-20, -1
-0.500289, 0.398, 1.29055, 0.05, 0.330216, -0.0404181, -0.306748, 0.452516, 1001.35, 2155.3, 10, 2e-20, 3e-20, 2e-20, 2e-20, -1
-0.106407, 0.3261, 1.44787, 0.05, 0.0671904, -0.208662, -0.174485, 0.280177, 998.552, -2316.28, 10, 2e-20, 3e-20, 2e-20, 2e-20, -1
-0.32479, -0.50186, 0.0572736, 0.05, 0.0177358, 0.0119158, -0.119253, 0.121152, 1010.83, 17321, 10, 2e-20, 3e-20, 2e-20, 2e-20, -1
-0.334394, -0.494438, 0.111364, 0.05, -0.0772946, -0.0109359, -0.0671131, 0.102948, 1014.06, 22502.6, 10, 2e-20, 3e-20, 2e-20, 2e-20, -1
-0.356577, -0.495199, 0.168853, 0.05, 0.121017, -0.0276092, 0.105186, 0.162701, 1013.41, 21461.7, 10, 2e-20, 3e-20, 2e-20, 2e-20, -1
-0.347396, -0.496089, 0.221377, 0.05, -0.0352548, -0.185948, -0.0794732, 0.20527, 1006.69, 10697.7, 10, 2e-20, 3e-20, 2e-20, 2e-20, -1
-0.380434, -0.476289, 0.261656, 0.05, -0.116305, -0.212045, -0.130272, 0.274701, 1007.75, 12399.2, 10, 2e-20, 3e-20, 2e-20, 2e-20, -1
-0.346011, -0.495359, 0.288774, 0.05, 0.0906649, -0.00840717, 0.0155637, 0.0923745, 1010.12, 16193.3, 10, 2e-20, 3e-20, 2e-20, 2e-20, -1
-0.239012, -0.500626, 0.435468, 0.05, 0.126938, -0.0135101, 0.0463285, 0.135802, 1006.16, 9851.98, 10, 2e-20, 3e-20, 2e-20, 2e-20, -1
-0.307831, -0.498368, 0.465443, 0.05, 0.060939, 0.0292519, 0.0914208, 0.113697, 1004.05, 6475.36, 10, 2e-20, 3e-20, 2e-20, 2e-20, -1
-0.342036, -0.498117, 0.574742, 0.05, 0.0260765, 0.0244537, 0.299855, 0.301978, 1005.7, 9115.87, 10, 2e-20, 3e-20, 2e-20, 2e-20, -1
-0.298981, -0.497529, 0.538516, 0.05, 0.0176616, -0.0815173, -0.0739925, 0.111498, 1007.19, 11503.6, 10, 2e-20, 3e-20, 2e-20, 2e-20, -1
-0.346024, -0.490929, 0.677669, 0.05, -0.0448715, -0.0156842, 0.291024, 0.29488, 1009.49, 15190.7, 10, 2e-20, 3e-20, 2e-20, 2e-20, -1
-0.277734, -0.495464, 0.754611, 0.05, 0.0384503, 0.0492551, -0.0289344, 0.0688599, 1000.92, 1475.18, 10, 2e-20, 3e-20, 2e-20, 2e-20, -1
-0.382225, -0.495877, 0.843355, 0.05, -0.0879087, 0.0516623, 0.335638, 0.350784, 1004.67, 7464.21, 10, 2e-20, 3e-20, 2e-20, 2e-20, -1
-0.339406, -0.495534, 0.795665, 0.05, -0.026864, 0.0183629, 0.0782203, 0.0847188, 999.086, -1462.2, 10, 2e-20, 3e-20, 2e-20, 2e-20, -1
-0.290216, -0.462414, 0.725783, 0.05, -0.0257002, 0.0399624, 0.0460265, 0.0661508, 1009.74, 15586.6, 10, 2e-20, 3e-20, 2e-20, 2e-20, -1
-0.407595, -0.496475, 0.926902, 0.05, 0.0846621, 0.0710053, 0.119208, 0.162542, 1000.33, 534.564, 10, 2e-20, 3e-20, 2e-20, 2e-20, -1
-0.397417, -0.456348, 0.807668, 0.05, -0.075054, -0.162648, 0.0530961, 0.186834, 999.545, -728.678, 10, 2e-20, 3e-20, 2e-20, 2e-20, -1
-0.398722, -0.497938, 1.00075, 0.05, 0.181277, -0.0704806, 0.260569, 0.325154, 999.506, -790.222, 10, 2e-20, 3e-20, 2e-20, 2e-20, -1
-0.31594, -0.497232, 0.862761, 0.05, 0.00411092, 0.0227441, 0.143032, 0.144887, 1005.07, 8119.83, 10, 2e-20, 3e-20, 2e-20, 2e-20, -1
-0.372952, -0.451632, 0.881246, 0.05, -0.0287827, 0.182279, 0.183608, 0.260319, 999.761, -383.04, 10, 2e-20, 3e-20, 2e-20, 2e-20, -1
-0.372387, -0.496553, 1.126, 0.05, -0.0589933, -0.170208, 0.224799, 0.288072, 1002.41, 3851.07, 10, 2e-20, 3e-20, 2e-20, 2e-20, -1
-0.427527, -0.496167, 1.11145, 0.05, -0.0098048, 0.0438781, 0.0154983, 0.0475565, 1003, 4802.03, 10, 2e-20, 3e-20, 2e-20, 2e-20, -1
-0.457874, -0.494902, 1.20123, 0.05, -0.198028, 0.0710582, 0.217353, 0.302501, 1006.15, 9835.28, 10, 2e-20, 3e-20, 2e-20, 2e-20, -1
-0.343492, -0.495625, 1.17566, 0.05, 0.063204, -0.000309839, 0.213175, 0.222348, 1001.97, 3144.82, 10, 2e-20, 3e-20, 2e-20, 2e-20, -1
-0.408954, -0.451461, 0.994796, 0.05, -0.000715275, 0.0575763, 0.12779, 0.140164, 998.922, -1724.29, 10, 2e-20, 3e-20, 2e-20, 2e-20, -1
-0.384097, -0.47024, 1.18064, 0.05, -0.130311, 0.00837453, 0.392953, 0.414081, 999.398, -962.587, 10, 2e-20, 3e-20, 2e-20, 2e-20, -1
-0.301587, -0.409794, 0.907459, 0.05, -0.114402, 0.00273695, 0.184471, 0.217083, 1000.71, 1143.28, 10, 2e-20, 3e-20, 2e-20, 2e-20, -1
-0.32457, -0.38178, 0.928437, 0.05, -0.0310252, -0.0721877, -0.0505488, 0.0934281, 1002.08, 3333.16, 10, 2e-20, 3e-20, 2e-20, 2e-20, -1
-0.353286, -0.494855, 1.27443, 0.05, -0.123252, 0.0664666, 0.350297, 0.377249, 1002.57, 4108.8, 10, 2e-20, 3e-20, 2e-20, 2e-20, -1
-0.328502, -0.44318, 1.30083, 0.05, -0.0146301, -0.0793603, 0.357699, 0.366689, 1008.33, 13321.3, 10, 2e-20, 3e-20, 2e-20, 2e-20, -1
-0.373265, -0.501557, 1.31076, 0.05, 0.013424, 0.104897, 0.224745, 0.248382, 994.657, -8548.24, 10, 2e-20, 3e-20, 2e-20, 2e-20, -1
-0.392316, -0.500281, 1.37017, 0.05, 0.150493, 0.0620961, 0.361458, 0.396429, 991.697, -13285, 10, 2e-20, 3e-20, 2e-20, 2e-20, -1
-0.351909, -0.401706, 1.29161, 0.05, 0.309184, 0.0544291, 0.269155, 0.413524, 998.442, -2492.89, 10, 2e-20, 3e-20, 2e-20, 2e-20, -1
-0.337401, -0.343462, 1.34347, 0.05, 0.0557635, -0.0889529, 0.256279, 0.27695, 1000.97, 1558.5, 10, 2e-20, 3e-20, 2e-20, 2e-20, -1
-0.32458, -0.424756, 1.35797, 0.05, 0.225224, -0.153518, 0.310612, 0.413247, 999.828, -274.926, 10, 2e-20, 3e-20, 2e-20, 2e-20, -1
-0.210118, -0.35453, 1.39011, 0.05, 0.0291724, 0.0108003, 0.151106, 0.154275, 996.423, -5723.6, 10, 2e-20, 3e-20, 2e-20, 2e-20, -1
-0.0579337, 0.504852, 2.07426, 0.05, 2.3356e-05, -0.000596418, -0.739135, 0.739135, 1000.02, 25.3523, 10, 2e-20, 3e-20, 2e-20, 2e-20, -1
-0.354917, -0.369621, 1.42028, 0.05, 0.0103062, 0.00783086, 0.113247, 0.113985, 1003.42, 5478.88, 10, 2e-20, 3e-20, 2e-20, 2e-20, -1
-0.376843, -0.271297, 1.4037, 0.05, 0.140302, -0.0814037, 0.185815, 0.246655, 999.093, -1451.42, 10, 2e-20, 3e-20, 2e-20, 2e-20, -1
-0.326352, -0.325446, 1.22647, 0.05, 0.246897, -0.123127, 0.203395, 0.342765, 998.298, -2722.53, 10, 2e-20, 3e-20, 2e-20, 2e-20, -1
-0.356144, -0.308078, 1.28108, 0.05, 0.0523918, -0.0410599, 0.280688, 0.288472, 1003.64, 5818, 10, 2e-20, 3e-20, 2e-20, 2e-20, -1
-0.723824, 0.505541, 1.40846, 0.05, -0.0289708, 0.00714092, -0.564514, 0.565302, 998.787, -1941.39, 10, 2e-20, 3e-20, 2e-20, 2e-20, -1
-0.382943, -0.394628, 1.34781, 0.05, 0.34027, -0.0641951, 0.335955, 0.482463, 1000.24, 376.248, 10, 2e-20, 3e-20, 2e-20, 2e-20, -1
-0.253503, -0.453389, 1.36953, 0.05, 0.0848095, -0.122117, 0.391099, 0.418406, 1002.19, 3503.48, 10, 2e-20, 3e-20, 2e-20, 2e-20, -1
-0.496588, -0.243081, 1.40003, 0.05, 0.138086, -0.0888128, 0.0245547, 0.166007, 1005.53, 8845.92, 10, 2e-20, 3e-20, 2e-20, 2e-20, -1
-0.394166, -0.339181, 1.36939, 0.05, 0.240216, 0.206074, 0.373153, 0.489299, 996.753, -5195.97, 10, 2e-20, 3e-20, 2e-20, 2e-20, -1
-0.46974, -0.312486, 1.41584, 0.05, 0.174798, 0.00663037, 0.304609, 0.351262, 995.609, -7025.6, 10, 2e-20, 3e-20, 2e-20, 2e-20, -1
-0.341865, -0.227751, 1.38104, 0.05, 0.107895, -0.154593, 0.275878, 0.334139, 1003.05, 4875.48, 10, 2e-20, 3e-20, 2e-20, 2e-20, -1
-0.399026, -0.0653454, 1.3916, 0.05, -0.113723, 0.175993, 0.165849, 0.267231, 1003.6, 5766.31, 10, 2e-20, 3e-20, 2e-20, 2e-20, -1
-0.406797, -0.396973, 1.39894, 0.05, 0.119776, -0.0704018, 0.180531, 0.227803, 1001.59, 2543.8, 10, 2e-20, 3e-20, 2e-20, 2e-20, -1
-0.102673, -0.307233, 1.48691, 0.05, -0.103127, -0.0385479, 0.271172, 0.292669, 995.001, -7998.03, 10, 2e-20, 3e-20, 2e-20, 2e-20, -1
-0.367106, -0.477541, 0.0457188, 0.05, 0.287002, -0.177768, 0.147757, 0.368516, 1008.07, 12908.6, 10, 2e-20, 3e-20, 2e-20, 2e-20, -1
-0.353691, -0.451717, 0.132521, 0.05, 0.088275, -0.105947, -0.0797532, 0.159304, 1002.99, 4778.03, 10, 2e-20, 3e-20, 2e-20, 2e-20, -1
-0.331704, -0.450533, 0.183885, 0.05, 0.0377561, -0.0626648, 0.0331313, 0.0803124, 1007.34, 11748.9, 10, 2e-20, 3e-20, 2e-20, 2e-20, -1
-0.296734, -0.44635, 0.143064, 0.05, 0.0237253, 0.0158852, 0.00474314, 0.0289435, 1002.82, 4505.35, 10, 2e-20, 3e-20, 2e-20, 2e-20, -1
-0.326888, -0.448265, 0.237895, 0.05, 0.0239832, 0.113772, 0.0450961, 0.124712, 1005.23, 8373.7, 10, 2e-20, 3e-20, 2e-20, 2e-20, -1
-0.308861, -0.442188, 0.27973, 0.05, -0.0721645, 0.0308072, 0.0725126, 0.10684, 1005.72, 9150.86, 10, 2e-20, 3e-20, 2e-20, 2e-20, -1
-0.366909, -0.431454, 0.273853, 0.05, 0.0153774, 0.170653, 0.101972, 0.199392, 1007.27, 11634.4, 10, 2e-20, 3e-20, 2e-20, 2e-20, -1
-0.320542, -0.460184, 0.345434, 0.05, 0.0442558, -0.230654, -0.108438, 0.258686, 1000.2, 316.519, 10, 2e-20, 3e-20, 2e-20, 2e-20, -1
-0.329801, -0.466508, 0.499728, 0.05, -0.0789625, 0.0519604, -0.00184812, 0.094543, 999.893, -171.387, 10, 2e-20, 3e-20, 2e-20, 2e-20, -1
-0.346412, -0.418768, 0.364689, 0.05, -0.0116422, 0.10595, -0.0617483, 0.123182, 1003.56, 5701.96, 10, 2e-20, 3e-20, 2e-20, 2e-20, -1
-0.317603, -0.446877, 0.405003, 0.05, 0.0728372, -0.226645, 0.178906, 0.297793, 1005.94, 9496.71, 10, 2e-20, 3e-20, 2e-20, 2e-20, -1
-0.330367, -0.443499, 0.624539, 0.05, -0.0142358, -0.0743111, 0.0667437, 0.100894, 1006.34, 10144.2, 10, 2e-20, 3e-20, 2e-20, 2e-20, -1
-0.307068, -0.404579, 0.407438, 0.05, -0.0520167, -0.0870077, -0.0828731, 0.130935, 1003.57, 5719.3, 10, 2e-20, 3e-20, 2e-20, 2e-20, -1
-0.335476, -0.431378, 0.518191, 0.05, -0.0148203, 0.000607454, 0.15779, 0.158486, 1001.6, 2553.39, 10, 2e-20, 3e-20, 2e-20, 2e-20, -1
-0.300496, -0.419278, 0.562742, 0.05, -0.126791, 0.0319231, 0.044784, 0.138205, 1010.47, 16747.2, 10, 2e-20, 3e-20, 2e-20, 2e-20, -1
-0.307936, -0.404882, 0.498889, 0.05, 0.0564898, -0.11406, 0.028348, 0.130401, 992.806, -11510.9, 10, 2e-20, 3e-20, 2e-20, 2e-20, -1
-0.36544, -0.391362, 0.516837, 0.05, -0.0942852, -0.103142, 0.174811, 0.223801, 1004.19, 6696.34, 10, 2e-20, 3e-20, 2e-20, 2e-20, -1
-0.347213, -0.407907, 0.463197, 0.05, -0.0225319, -0.335487, -0.0026722, 0.336254, 993.959, -9665.42, 10, 2e-20, 3e-20, 2e-20, 2e-20, -1
-0.306548, -0.379107, 0.45751, 0.05, -0.0255589, -0.0431161, 0.0206178, 0.0541973, 1000.54, 865.273, 10, 2e-20, 3e-20, 2e-20, 2e-20, -1
-0.29733, -0.411763, 0.61905, 0.05, -0.054052, 0.0838442, 0.0814704, 0.128798, 1004.41, 7054.31, 10, 2e-20, 3e-20, 2e-20, 2e-20, -1
-0.336706, -0.442992, 0.678542, 0.05, 0.0361384, -0.0562458, 0.0784928, 0.103105, 1000.67, 1077.3, 10, 2e-20, 3e-20, 2e-20, 2e-20, -1
-0.345299, -0.449987, 0.762321, 0.05, -0.0592116, 0.0815391, 0.0559137, 0.115243, 1004.24, 6784.93, 10, 2e-20, 3e-20, 2e-20, 2e-20, -1
-0.397234, -0.409231, 0.821206, 0.05, -0.0569734, -0.062639, -0.099282, 0.130486, 1005.83, 9328.47, 10, 2e-20, 3e-20, 2e-20, 2e-20, -1
-0.320982, -0.429878, 0.800835, 0.05, 0.00300933, 0.107678, 0.126697, 0.1663, 1001.71, 2729.12, 10, 2e-20, 3e-20, 2e-20, 2e-20, -1
-0.308371, -0.408114, 0.745051, 0.05, -0.0178908, -0.0104718, 0.0716478, 0.0745865, 999.829, -273.744, 10, 2e-20, 3e-20, 2e-20, 2e-20, -1
-0.308586, -0.404581, 0.854267, 0.05, -0.0957526, -0.00742081, 0.000755996, 0.0960427, 1002.66, 4251.38, 10, 2e-20, 3e-20, 2e-20, 2e-20, -1
-0.357959, -0.422151, 0.834898, 0.05, 0.0948081, -0.0841433, 0.0553371, 0.138314, 999.426, -918.769, 10, 2e-20, 3e-20, 2e-20, 2e-20, -1
-0.349066, -0.399378, 0.87339, 0.05, 0.0173647, -0.0972294, 0.250705, 0.269459, 1001.8, 2883.16, 10, 2e-20, 3e-20, 2e-20, 2e-20, -1
-0.313362, -0.375078, 0.820672, 0.05, 0.0669493, -0.0992328, -0.0186113, 0.121143, 1002.85, 4557.5, 10, 2e-20, 3e-20, 2e-20, 2e-20, -1
-0.447575, -0.426284, 0.961851, 0.05, 0.0262314, 0.0599872, 0.0518501, 0.0835164, 1000.51, 815.438, 10, 2e-20, 3e-20, 2e-20, 2e-20, -1
-0.394035, -0.377283, 0.905481, 0.05, -0.123575, 0.045443, 0.195465, 0.235674, 1000.8, 1284.92, 10, 2e-20, 3e-20, 2e-20, 2e-20, -1
-0.368258, -0.382056, 0.861445, 0.05, 0.0126692, 0.0873658, 0.225557, 0.242217, 1002.44, 3908.2, 10, 2e-20, 3e-20, 2e-20, 2e-20, -1
-0.342209, -0.348788, 0.894539, 0.05, -0.0260818, -0.112738, 0.106111, 0.157002, 1004.98, 7974.24, 10, 2e-20, 3e-20, 2e-20, 2e-20, -1
-0.356215, -0.425838, 1.13778, 0.05, 0.104072, 0.215502, 0.337217, 0.413506, 1000.81, 1299.92, 10, 2e-20, 3e-20, 2e-20, 2e-20, -1
-0.340507, -0.434598, 1.06526, 0.05, 0.0179487, 0.134799, 0.140177, 0.195301, 1004.84, 7736.98, 10, 2e-20, 3e-20, 2e-20, 2e-20, -1
-0.318165, -0.388485, 1.02104, 0.05, 0.0473941, -0.201699, 0.117173, 0.23803, 999.834, -265.946, 10, 2e-20, 3e-20, 2e-20, 2e-20, -1
-0.327371, -0.340157, 0.982113, 0.05, -0.0899506, 0.107174, 0.236902, 0.275136, 1002.43, 3884.67, 10, 2e-20, 3e-20, 2e-20, 2e-20, -1
-0.312678, -0.382765, 1.14981, 0.05, 0.0764882, -0.0934435, -0.0811541, 0.145493, 1006.42, 10275.5, 10, 2e-20, 3e-20, 2e-20, 2e-20, -1
-0.352568, -0.352133, 1.26195, 0.05, 0.0741832, -0.0742488, 0.234268, 0.256705, 999.172, -1324.32, 10, 2e-20, 3e-20, 2e-20, 2e-20, -1
-0.3554, -0.395336, 1.22229, 0.05, 0.109124, 0.0159809, 0.148296, 0.184811, 995.153, -7754.83, 10, 2e-20, 3e-20, 2e-20, 2e-20, -1
-0.314311, -0.334742, 1.02423, 0.05, -0.14539, 0.0784885, 0.0666549, 0.178162, 1002.86, 4582.12, 10, 2e-20, 3e-20, 2e-20, 2e-20, -1
-0.321272, -0.406539, 1.09581, 0.05, -0.0486593, -0.0987407, 0.176377, 0.207909, 1006.87, 10997.3, 10, 2e-20, 3e-20, 2e-20, 2e-20, -1
-0.288508, -0.297596, 1.14881, 0.05, 0.0794947, -0.119858, 0.021573, 0.145433, 1005.25, 8395.05, 10, 2e-20, 3e-20, 2e-20, 2e-20, -1
-0.309792, -0.245358, 1.11644, 0.05, -0.0223646, -0.16905, 0.0547505, 0.179097, 997.309, -4305.52, 10, 2e-20, 3e-20, 2e-20, 2e-20, -1
-0.359386, -0.236473, 1.08926, 0.05, 0.00518505, -0.0530424, 0.111195, 0.123308, 1003.16, 5055.18, 10, 2e-20, 3e-20, 2e-20, 2e-20, -1
-0.303716, -0.2199, 1.1578, 0.05, 0.0470465, -0.0399407, 0.175198, 0.18575, 1000.74, 1177.2, 10, 2e-20, 3e-20, 2e-20, 2e-20, -1
-0.310704, -0.272405, 1.18054, 0.05, -0.0607984, -0.0458338, 0.235023, 0.247049, 1005.49, 8789.96, 10, 2e-20, 3e-20, 2e-20, 2e-20, -1
-0.28442, -0.300841, 1.21964, 0.05, 0.0344642, -0.132379, 0.0704574, 0.153871, 999.078, -1475.2, 10, 2e-20, 3e-20, 2e-20, 2e-20, -1
-0.303658, -0.239467, 1.31565, 0.05, -0.0454121, -0.00854778, 0.0917419, 0.102722, 1000.6, 958.096, 10, 2e-20, 3e-20, 2e-20, 2e-20, -1
-0.257761, -0.244633, 1.3561, 0.05, -0.0739518, -0.124914, 0.298545, 0.331966, 998.794, -1929.73, 10, 2e-20, 3e-20, 2e-20, 2e-20, -1
-0.198867, -0.237791, 1.35462, 0.05, 0.0880855, -0.103445, 0.166381, 0.214809, 999.33, -1072.76, 10, 2e-20, 3e-20, 2e-20, 2e-20, -1
-0.348608, -0.422284, 0.0503656, 0.05, 0.215811, -0.102474, -0.122788, 0.268612, 1007.09, 11339.9, 10, 2e-20, 3e-20, 2e-20, 2e-20, -1
-0.390501, -0.420027, 0.14003, 0.05, -0.124203, 0.0884566, -0.122848, 0.195813, 1000.65, 1032.28, 10, 2e-20, 3e-20, 2e-20, 2e-20, -1
-0.414089, -0.385236, 0.115159, 0.05, -0.0168421, -0.00994699, 0.11147, 0.113174, 1004.25, 6797.88, 10, 2e-20, 3e-20, 2e-20, 2e-20, -1
-0.416246, -0.395414, 0.181898, 0.05, 0.0403871, -0.0534141, -0.109779, 0.128591, 1009.31, 14893.6, 10, 2e-20, 3e-20, 2e-20, 2e-20, -1
-0.375343, -0.440345, 0.225833, 0.05, -0.0321954, 0.0761591, -0.15546, 0.176081, 1002.02, 3228.77, 10, 2e-20, 3e-20, 2e-20, 2e-20, -1
-0.400509, -0.391375, 0.238113, 0.05, -0.0659451, -0.129193, 0.175611, 0.227769, 1000.04, 58.8576, 10, 2e-20, 3e-20, 2e-20, 2e-20, -1
-0.323269, -0.300388, 0.18183, 0.05, 0.0591648, 0.0911709, -0.00853887, 0.109021, 1011.71, 18735, 10, 2e-20, 3e-20, 2e-20, 2e-20, -1
-0.347123, -0.389082, 0.244156, 0.05, 0.0129328, -0.166681, 0.0999287, 0.194771, 1002.69, 4300.22, 10, 2e-20, 3e-20, 2e-20, 2e-20, -1
-0.260259, -0.473186, 0.396867, 0.05, 0.0253567, 0.0747336, -0.0393922, 0.0882033, 1007.04, 11265.8, 10, 2e-20, 3e-20, 2e-20, 2e-20, -1
-0.338138, -0.426238, 0.313249, 0.05, -0.0205293, 0.0169883, -0.109182, 0.112387, 1006.85, 10963.2, 10, 2e-20, 3e-20, 2e-20, 2e-20, -1
-0.314045, -0.385826, 0.287371, 0.05, 0.0602669, -0.111907, -0.0263111, 0.129798, 1003.49, 5589.65, 10, 2e-20, 3e-20, 2e-20, 2e-20, -1
-0.364699, -0.378246, 0.296655, 0.05, -0.205599, 0.0398859, 0.0837137, 0.225543, 994.78, -8352.33, 10, 2e-20, 3e-20, 2e-20, 2e-20, -1
-0.398023, -0.375427, 0.336082, 0.05, 0.034703, 0.0659533, -0.0945514, 0.120391, 1010.78, 17246.9, 10, 2e-20, 3e-20, 2e-20, 2e-20, -1
-0.357885, -0.373829, 0.36439, 0.05, -0.0685276, 0.0521602, -0.0312547, 0.0916164, 1007.78, 12440.8, 10, 2e-20, 3e-20, 2e-20, 2e-20, -1
-0.345488, -0.373634, 0.416623, 0.05, -0.0668006, 0.0852765, -0.132472, 0.171124, 1003.78, 6047.34, 10, 2e-20, 3e-20, 2e-20, 2e-20, -1
-0.378912, -0.32582, 0.363966, 0.05, -0.00201702, -0.242961, 0.00647944, 0.243055, 1008.56, 13697.8, 10, 2e-20, 3e-20, 2e-20, 2e-20, -1
-0.400732, -0.330195, 0.413617, 0.05, -0.0856736, -0.111197, 0.190446, 0.236589, 995.27, -7567.94, 10, 2e-20, 3e-20, 2e-20, 2e-20, -1
-0.356008, -0.224258, 0.380847, 0.05, -0.0233741, -0.110694, 0.131172, 0.173222, 1003.54, 5661.4, 10, 2e-20, 3e-20, 2e-20, 2e-20, -1
-0.410813, -0.28077, 0.439061, 0.05, -0.0600286, -0.119959, -0.126431, 0.184332, 1000.48, 767.668, 10, 2e-20, 3e-20, 2e-20, 2e-20, -1
-0.341233, -0.332892, 0.439583, 0.05, -0.0390213, -0.138368, -0.115717, 0.18455, 1007.62, 12191.2, 10, 2e-20, 3e-20, 2e-20, 2e-20, -1
-0.320622, -0.377403, 0.546617, 0.05, 0.0334783, -0.0691333, 0.0470634, 0.0900843, 1003.18, 5090.11, 10, 2e-20, 3e-20, 2e-20, 2e-20, -1
-0.389622, -0.449106, 0.684872, 0.05, -0.0693998, -0.1414, 0.095312, 0.184105, 1002.34, 3739.76, 10, 2e-20, 3e-20, 2e-20, 2e-20, -1
-0.393315, -0.389975, 0.66458, 0.05, -0.207598, 0.0201263, -0.0723348, 0.220759, 1006.8, 10881.8, 10, 2e-20, 3e-20, 2e-20, 2e-20, -1
-0.338187, -0.314824, 0.610677, 0.05, -0.0194288, -0.0357235, 0.0686417, 0.079783, 1009.39, 15018.4, 10, 2e-20, 3e-20, 2e-20, 2e-20, -1
-0.338072, -0.39561, 0.655719, 0.05, 0.149553, -0.0845265, 0.0348966, 0.175296, 1010.11, 16171.8, 10, 2e-20, 3e-20, 2e-20, 2e-20, -1
-0.347928, -0.383651, 0.707345, 0.05, 0.0861409, 0.0887042, 0.071732, 0.142948, 1009.92, 15874.3, 10, 2e-20, 3e-20, 2e-20, 2e-20, -1
-0.384094, -0.297368, 0.671527, 0.05, -0.121096, -0.00244612, 0.11308, 0.165703, 1001.32, 2108.69, 10, 2e-20, 3e-20, 2e-20, 2e-20, -1
-0.339737, -0.28266, 0.699611, 0.05, -0.0112994, 0.0320213, 0.144987, 0.148911, 998.8, -1919.28, 10, 2e-20, 3e-20, 2e-20, 2e-20, -1
-0.33694, -0.383903, 0.774935, 0.05, -0.0612196, -0.0383385, 0.131521, 0.150052, 1003.68, 5883.89, 10, 2e-20, 3e-20, 2e-20, 2e-20, -1
-0.351595, -0.333685, 0.706675, 0.05, -0.0944566, -0.0855072, 0.15116, 0.197694, 1006.97, 11154.9, 10, 2e-20, 3e-20, 2e-20, 2e-20, -1
-0.368018, -0.36832, 0.810179, 0.05, -0.0965939, 0.0142236, -0.00347389, 0.0976973, 1003.33, 5329.65, 10, 2e-20, 3e-20, 2e-20, 2e-20, -1
-0.32964, -0.314296, 0.746544, 0.05, -0.193124, -0.0974599, 0.0115661, 0.216631, 1007, 11195.6, 10, 2e-20, 3e-20, 2e-20, 2e-20, -1
-0.284082, -0.330274, 0.818297, 0.05, -0.0778959, -0.00296832, 0.0163615, 0.079651, 999.029, -1553.87, 10, 2e-20, 3e-20, 2e-20, 2e-20, -1
-0.332726, -0.330779, 0.79362, 0.05, -0.0375451, 0.0110409, 0.179961, 0.184167, 1004.46, 7133.95, 10, 2e-20, 3e-20, 2e-20, 2e-20, -1
-0.336779, -0.339523, 0.846882, 0.05, -0.0825039, 0.0168479, 0.0720127, 0.1108, 1006.57, 10513.6, 10, 2e-20, 3e-20, 2e-20, 2e-20, -1
-0.349302, -0.288906, 0.833995, 0.05, 0.0924162, -0.0682935, -0.0120484, 0.115542, 1002.99, 4785.24, 10, 2e-20, 3e-20, 2e-20, 2e-20, -1
-0.326485, -0.295139, 0.874482, 0.05, -0.0154483, -0.0294484, 0.0278836, 0.0433976, 1002.93, 4685.1, 10, 2e-20, 3e-20, 2e-20, 2e-20, -1
-0.309234, -0.315842, 0.923148, 0.05, -0.0665135, -0.0352181, 0.0668532, 0.100666, 1000.95, 1516.7, 10, 2e-20, 3e-20, 2e-20, 2e-20, -1
-0.342724, -0.279903, 0.961383, 0.05, 0.0283753, -0.153358, 0.143767, 0.212115, 999.392, -973.371, 10, 2e-20, 3e-20, 2e-20, 2e-20, -1
-0.297393, -0.264368, 0.942991, 0.05, 0.057377, -0.0794819, 0.0662815, 0.118333, 1003.69, 5897.42, 10, 2e-20, 3e-20, 2e-20, 2e-20, -1
-0.319604, -0.231101, 0.917182, 0.05, 0.0561428, 0.0469911, -0.00952058, 0.0738297, 1005.57, 8911.6, 10, 2e-20, 3e-20, 2e-20, 2e-20, -1
-0.279503, -0.21262, 0.961367, 0.05, -0.00160939, 0.0410554, 0.0474886, 0.0627957, 1001.82, 2908.35, 10, 2e-20, 3e-20, 2e-20, 2e-20, -1
-0.322952, -0.233975, 0.978097, 0.05, -0.0583202, 0.0253202, 0.135142, 0.149351, 999.165, -1336.48, 10, 2e-20, 3e-20, 2e-20, 2e-20, -1
-0.297812, -0.287253, 1.09155, 0.05, -0.0284557, 0.0165136, 0.121378, 0.125758, 998.441, -2495.17, 10, 2e-20, 3e-20, 2e-20, 2e-20, -1
-0.252028, -0.208601, 1.15408, 0.05, 0.128983, -0.157441, 0.320155, 0.379372, 1006.21, 9934.61, 10, 2e-20, 3e-20, 2e-20, 2e-20, -1
-0.225865, -0.280676, 1.17393, 0.05, -0.0263714, -0.0786331, 0.115845, 0.142474, 1002.73, 4373.3, 10, 2e-20, 3e-20, 2e-20, 2e-20, -1
-0.217236, -0.150569, 1.25768, 0.05, 0.0491956, -0.0627111, 0.142715, 0.163464, 1003.14, 5027.73, 10, 2e-20, 3e-20, 2e-20, 2e-20, -1
-0.25659, -0.296666, 1.20405, 0.05, -0.0428163, -0.0969004, 0.178691, 0.207734, 999.088, -1459.2, 10, 2e-20, 3e-20, 2e-20, 2e-20, -1
-0.231052, -0.228049, 1.22599, 0.05, 0.0290162, -0.0862219, 0.124292, 0.154028, 1000.72, 1152.46, 10, 2e-20, 3e-20, 2e-20, 2e-20, -1
-0.186019, -0.240612, 1.25495, 0.05, 0.00254087, 0.0399634, 0.342321, 0.344656, 1002.26, 3614.81, 10, 2e-20, 3e-20, 2e-20, 2e-20, -1
-0.187989, -0.245567, 1.30557, 0.05, 0.00264922, -0.0827703, 0.18272, 0.200611, 999.047, -1525.23, 10, 2e-20, 3e-20, 2e-20, 2e-20, -1
-0.367494, -0.361461, 0.0455367, 0.05, -0.031255, 0.0485128, 0.180353, 0.189361, 1005.18, 8283, 10, 2e-20, 3e-20, 2e-20, 2e-20, -1
-0.372613, -0.404106, 0.0962553, 0.05, 0.108901, -0.0178894, 0.124999, 0.166746, 1006.73, 10768.7, 10, 2e-20, 3e-20, 2e-20, 2e-20, -1
-0.379653, -0.348237, 0.120746, 0.05, -0.0417977, 0.034853, -0.0426972, 0.0691725, 1013.16, 21053.3, 10, 2e-20, 3e-20, 2e-20, 2e-20, -1
-0.384444, -0.296873, 0.130057, 0.05, 0.0673586, -0.190942, 0.105, 0.228081, 996.684, -5306.04, 10, 2e-20, 3e-20, 2e-20, 2e-20, -1
-0.372076, -0.371454, 0.161431, 0.05, -0.16152, -0.133078, -0.0013801, 0.209285, 1009.63, 15406.7, 10, 2e-20, 3e-20, 2e-20, 2e-20, -1
-0.373031, -0.322948, 0.17042, 0.05, 0.00264528, 0.00876253, -0.101237, 0.10165, 1000.38, 607.24, 10, 2e-20, 3e-20, 2e-20, 2e-20, -1
-0.371777, -0.245851, 0.138408, 0.05, -0.0995382, 0.113279, -0.0689352, 0.165808, 1000.73, 1174.35, 10, 2e-20, 3e-20, 2e-20, 2e-20, -1
-0.378476, -0.273005, 0.178508, 0.05, -0.140667, -0.103662, 0.0891529, 0.196166, 1009.06, 14499.7, 10, 2e-20, 3e-20, 2e-20, 2e-20, -1
-0.344432, -0.340423, 0.208966, 0.05, -0.0413086, 0.0881789, -0.00519831, 0.0975138, 1009, 14394.1, 10, 2e-20, 3e-20, 2e-20, 2e-20, -1
-0.353881, -0.286151, 0.22129, 0.05, 0.069199, 0.00852285, 0.155384, 0.17031, 997.728, -3635.23, 10, 2e-20, 3e-20, 2e-20, 2e-20, -1
-0.308908, -0.327612, 0.258952, 0.05, -0.0713857, -0.0600184, 0.105654, 0.140929, 1009.6, 15355.6, 10, 2e-20, 3e-20, 2e-20, 2e-20, -1
-0.355258, -0.227982, 0.221397, 0.05, -0.052296, 0.0776454, -0.0354984, 0.100119, 1005.13, 8213.84, 10, 2e-20, 3e-20, 2e-20, 2e-20, -1
-0.342246, -0.297834, 0.269403, 0.05, -0.167976, 0.0324304, -0.0186204, 0.172089, 1005.63, 9015.75, 10, 2e-20, 3e-20, 2e-20, 2e-20, -1
-0.359516, -0.251167, 0.261, 0.05, -0.0047882, -0.121796, -0.0746209, 0.142917, 1004.69, 7510.44, 10, 2e-20, 3e-20, 2e-20, 2e-20, -1
-0.380715, -0.330181, 0.301306, 0.05, -0.0225749, -0.141139, -0.148846, 0.206362, 1005.56, 8895.92, 10, 2e-20, 3e-20, 2e-20, 2e-20, -1
-0.340109, -0.229534, 0.307629, 0.05, 0.0864613, -0.0647517, -0.133396, 0.171647, 1002.15, 3436.87, 10, 2e-20, 3e-20, 2e-20, 2e-20, -1
-0.367998, -0.265562, 0.361644, 0.05, -0.127487, 0.08352, 0.0883576, 0.17617, 1003.2, 5126.73, 10, 2e-20, 3e-20, 2e-20, 2e-20, -1
-0.385454, -0.213518, 0.336085, 0.05, -0.0359893, -0.111237, -0.0237002, 0.119292, 1011.88, 19008.8, 10, 2e-20, 3e-20, 2e-20, 2e-20, -1
-0.384033, -0.242108, 0.420642, 0.05, -0.10416, 0.148553, -0.246026, 0.305689, 1014.79, 23657.2, 10, 2e-20, 3e-20, 2e-20, 2e-20, -1
-0.356342, -0.318894, 0.486128, 0.05, -0.173652, -0.0620516, 0.0887108, 0.204634, 1009.14, 14628.4, 10, 2e-20, 3e-20, 2e-20, 2e-20, -1
-0.360367, -0.344521, 0.533371, 0.05, 0.0302341, 0.0197863, -0.0127565, 0.0383188, 1002.5, 3992.28, 10, 2e-20, 3e-20, 2e-20, 2e-20, -1
-0.384363, -0.391801, 0.564915, 0.05, 0.00279209, 0.0394688, -0.1153, 0.1219, 1001.59, 2537.67, 10, 2e-20, 3e-20, 2e-20, 2e-20, -1
-0.359224, -0.294427, 0.532652, 0.05, 0.00613569, 0.0321931, -0.129015, 0.133113, 1002.28, 3654.95, 10, 2e-20, 3e-20, 2e-20, 2e-20, -1
-0.388469, -0.321629, 0.564673, 0.05, -0.0517639, -0.10128, 0.0219029, 0.115831, 999.717, -452.287, 10, 2e-20, 3e-20, 2e-20, 2e-20, -1
-0.367885, -0.232581, 0.569984, 0.05, 0.00746267, 0.151518, -0.111251, 0.188123, 998.902, -1756.53, 10, 2e-20, 3e-20, 2e-20, 2e-20, -1
-0.366605, -0.33565, 0.651324, 0.05, -0.0558561, -0.111859, -0.0776658, 0.147188, 1004.91, 7853.26, 10, 2e-20, 3e-20, 2e-20, 2e-20, -1
-0.379758, -0.2856, 0.619683, 0.05, 0.00875315, 0.0104568, 0.0479796, 0.0498799, 1005.2, 8313.1, 10, 2e-20, 3e-20, 2e-20, 2e-20, -1
-0.384512, -0.217363, 0.64157, 0.05, -0.0553515, -0.0085008, -0.0223408, 0.0602923, 1003.84, 6148.27, 10, 2e-20, 3e-20, 2e-20, 2e-20, -1
-0.347478, -0.256083, 0.649144, 0.05, -0.0568225, 0.0190101, -0.177106, 0.186968, 1012.87, 20590.7, 10, 2e-20, 3e-20, 2e-20, 2e-20, -1
-0.372461, -0.181603, 0.678842, 0.05, -0.0559629, -0.0466639, -0.0295128, 0.0786153, 1011.57, 18515.9, 10, 2e-20, 3e-20, 2e-20, 2e-20, -1
-0.384163, -0.249169, 0.691094, 0.05, -0.189101, -0.0182096, 0.0378122, 0.193702, 1008.11, 12983.5, 10, 2e-20, 3e-20, 2e-20, 2e-20, -1
-0.397404, -0.26087, 0.758354, 0.05, 0.0981399, -0.0598369, 0.0298064, 0.118745, 1002.71, 4328.48, 10, 2e-20, 3e-20, 2e-20, 2e-20, -1
-0.363193, -0.286839, 0.785608, 0.05, 0.034812, -0.0816765, 0.10147, 0.13483, 1008.32, 13304.6, 10, 2e-20, 3e-20, 2e-20, 2e-20, -1
-0.417832, -0.223069, 0.786515, 0.05, -0.0550816, 0.0256942, 0.32973, 0.335285, 1006.24, 9979.48, 10, 2e-20, 3e-20, 2e-20, 2e-20, -1
-0.384876, -0.326445, 0.833239, 0.05, -0.142509, -0.16149, 0.0897652, 0.233336, 999.723, -443.772, 10, 2e-20, 3e-20, 2e-20, 2e-20, -1
-0.368226, -0.228706, 0.80422, 0.05, -0.0474889, -0.0343014, 0.095942, 0.112413, 1004.71, 7533.41, 10, 2e-20, 3e-20, 2e-20, 2e-20, -1
-0.376701, -0.237507, 0.855214, 0.05, -0.0144178, 0.0208431, -0.00153758, 0.0253904, 1001.22, 1946.37, 10, 2e-20, 3e-20, 2e-20, 2e-20, -1
-0.317757, -0.22359, 0.864887, 0.05, 0.0726889, -0.0903332, 0.02811, 0.119306, 1001.94, 3108.68, 10, 2e-20, 3e-20, 2e-20, 2e-20, -1
-0.387118, -0.162907, 0.816411, 0.05, -0.0440592, -0.0581856, 0.138585, 0.156629, 1004.95, 7913.1, 10, 2e-20, 3e-20, 2e-20, 2e-20, -1
-0.359084, -0.187987, 0.844439, 0.05, 0.0267787, -0.143195, 0.0536088, 0.155228, 1007.63, 12203.2, 10, 2e-20, 3e-20, 2e-20, 2e-20, -1
-0.354776, -0.138825, 0.8845, 0.05, 0.128393, -0.0515149, -0.00210881, 0.138358, 1001.77, 2831.32, 10, 2e-20, 3e-20, 2e-20, 2e-20, -1
-0.343544, -0.187001, 0.895172, 0.05, 0.116669, -0.0783412, 0.129204, 0.1909, 997.69, -3695.33, 10, 2e-20, 3e-20, 2e-20, 2e-20, -1
-0.324461, -0.18697, 0.956142, 0.05, -0.0502171, 0.0477509, -0.00340072, 0.0693791, 1008.47, 13557.9, 10, 2e-20, 3e-20, 2e-20, 2e-20, -1
-0.286247, -0.288779, 1.04223, 0.05, -0.0718639, -0.0313654, 0.122501, 0.145446, 1006.6, 10558.2, 10, 2e-20, 3e-20, 2e-20, 2e-20, -1
-0.30426, -0.240652, 1.02497, 0.05, 0.0456611, 0.00126322, 0.127797, 0.135715, 1000.76, 1209.47, 10, 2e-20, 3e-20, 2e-20, 2e-20, -1
-0.306403, -0.212225, 1.08115, 0.05, 0.0331977, -0.169234, 0.0148159, 0.173094, 999.364, -1017.24, 10, 2e-20, 3e-20, 2e-20, 2e-20, -1
-0.31774, -0.166678, 1.06149, 0.05, 0.0387742, -0.04474, 0.0443651, 0.0739822, 1000.79, 1264.9, 10, 2e-20, 3e-20, 2e-20, 2e-20, -1
-0.269898, -0.150413, 1.12048, 0.05, 0.198013, 0.106724, 0.185647, 0.291657, 996.972, -4844.14, 10, 2e-20, 3e-20, 2e-20, 2e-20, -1
-0.196106, -0.112359, 1.21613, 0.05, -0.0210521, -0.128109, 0.111327, 0.171023, 997.417, -4132.69, 10, 2e-20, 3e-20, 2e-20, 2e-20, -1
-0.165061, -0.159046, 1.28213, 0.05, -0.0265363, -0.0733585, -0.0555298, 0.0957559, 999.851, -238.255, 10, 2e-20, 3e-20, 2e-20, 2e-20, -1
-0.151223, -0.196684, 1.40214, 0.05, -0.0439508, -0.0840306, 0.203925, 0.224896, 1000.93, 1495.75, 10, 2e-20, 3e-20, 2e-20, 2e-20, -1
-0.364658, -0.294479, 0.0518279, 0.05, -0.0106107, 0.00911161, 0.00735751, 0.0158032, 1012.46, 19929, 10, 2e-20, 3e-20, 2e-20, 2e-20, -1
-0.397993, -0.347952, 0.0775717, 0.05, 0.0407441, 0.0243772, -0.0805941, 0.0935401, 1004.39, 7030.99, 10, 2e-20, 3e-20, 2e-20, 2e-20, -1
-0.416775, -0.31193, 0.100838, 0.05, -0.203278, -0.0891729, -0.0969428, 0.242222, 999.568, -691.591, 10, 2e-20, 3e-20, 2e-20, 2e-20, -1
-0.379042, -0.215769, 0.0485125, 0.05, 0.0114358, -0.0200727, 0.203629, 0.204936, 1004.6, 7362.35, 10, 2e-20, 3e-20, 2e-20, 2e-20, -1
-0.398574, -0.260393, 0.0982365, 0.05, -0.0342734, 0.193337, 0.175773, 0.263534, 1011.47, 18357.3, 10, 2e-20, 3e-20, 2e-20, 2e-20, -1
-0.425757, -0.230188, 0.1279, 0.05, -0.179799, -0.158868, 0.0157751, 0.240448, 1004.88, 7802.47, 10, 2e-20, 3e-20, 2e-20, 2e-20, -1
-0.397379, -0.220565, 0.176654, 0.05, -0.0672904, 0.122744, -0.0203503, 0.14145, 1001.43, 2290.97, 10, 2e-20, 3e-20, 2e-20, 2e-20, -1
-0.401032, -0.150814, 0.159766, 0.05, -0.173159, -0.200625, 0.255329, 0.368005, 1000.86, 1369.18, 10, 2e-20, 3e-20, 2e-20, 2e-20, -1
-0.376907, -0.194345, 0.193185, 0.05, 0.108137, -0.200637, -0.210878, 0.310513, 1006.51, 10416.1, 10, 2e-20, 3e-20, 2e-20, 2e-20, -1
-0.361378, -0.144244, 0.198312, 0.05, -0.119347, -0.156994, 0.0907973, 0.217105, 1000.83, 1322.74, 10, 2e-20, 3e-20, 2e-20, 2e-20, -1
-0.401415, -0.245569, 0.225922, 0.05, -0.169944, -0.0175627, 0.0724369, 0.185571, 1005.57, 8911.05, 10, 2e-20, 3e-20, 2e-20, 2e-20, -1
-0.414243, -0.167811, 0.206809, 0.05, -0.0135996, 0.166649, 0.0428194, 0.172599, 1005.73, 9161, 10, 2e-20, 3e-20, 2e-20, 2e-20, -1
-0.414669, -0.201502, 0.252598, 0.05, -0.0970976, -0.127497, 0.262271, 0.307359, 1002.45, 3925.61, 10, 2e-20, 3e-20, 2e-20, 2e-20, -1
-0.374604, -0.19866, 0.287488, 0.05, -0.097406, 0.0151253, -0.1021, 0.14192, 999.639, -578.11, 10, 2e-20, 3e-20, 2e-20, 2e-20, -1
-0.387992, -0.121491, 0.341131, 0.05, 0.0233949, -0.108622, 0.0731802, 0.133047, 1005.97, 9547.8, 10, 2e-20, 3e-20, 2e-20, 2e-20, -1
-0.366599, -0.158448, 0.321362, 0.05, 0.150466, 0.339816, 0.0308707, 0.372918, 1008.94, 14302.9, 10, 2e-20, 3e-20, 2e-20, 2e-20, -1
-0.418302, -0.164441, 0.34652, 0.05, -0.0330514, 0.0980152, 0.14397, 0.177276, 1000.47, 747.239, 10, 2e-20, 3e-20, 2e-20, 2e-20, -1
-0.415772, -0.118553, 0.381548, 0.05, -0.0381957, 0.132943, -0.0321911, 0.142018, 1002.78, 4443.25, 10, 2e-20, 3e-20, 2e-20, 2e-20, -1
-0.374887, -0.167924, 0.371562, 0.05, -0.0333049, 0.126318, 0.0381355, 0.136088, 1000.97, 1550.89, 10, 2e-20, 3e-20, 2e-20, 2e-20, -1
-0.405684, -0.161319, 0.416177, 0.05, 0.0629617, -0.121339, 0.0702945, 0.153716, 1001.82, 2917.85, 10, 2e-20, 3e-20, 2e-20, 2e-20, -1
-0.402099, -0.219533, 0.485878, 0.05, -0.0111964, 0.129082, 0.167083, 0.211434, 1004.22, 6756, 10, 2e-20, 3e-20, 2e-20, 2e-20, -1
-0.400225, -0.278571, 0.489188, 0.05, 0.0806704, -0.0833804, 0.221195, 0.249774, 997.874, -3402.36, 10, 2e-20, 3e-20, 2e-20, 2e-20, -1
-0.372985, -0.245838, 0.515454, 0.05, -0.0730657, -0.0741611, 0.137888, 0.172776, 1000.39, 628.487, 10, 2e-20, 3e-20, 2e-20, 2e-20, -1
-0.415836, -0.232801, 0.550199, 0.05, -0.0181817, 0.109228, -0.0714169, 0.131764, 1001.7, 2712.44, 10, 2e-20, 3e-20, 2e-20, 2e-20, -1
-0.450937, -0.12147, 0.539927, 0.05, 0.105156, 0.308744, 0.00690755, 0.326234, 1006.17, 9873.26, 10, 2e-20, 3e-20, 2e-20, 2e-20, -1
-0.403529, -0.195589, 0.583629, 0.05, -0.0777224, 0.0215613, 0.080907, 0.114244, 1005.11, 8175.66, 10, 2e-20, 3e-20, 2e-20, 2e-20, -1
-0.415816, -0.146481, 0.564751, 0.05, 0.00425614, 0.0293372, 0.0239401, 0.038104, 1011.92, 19073.7, 10, 2e-20, 3e-20, 2e-20, 2e-20, -1
-0.388174, -0.167588, 0.616952, 0.05, -0.142363, -0.2168, -0.0429591, 0.262897, 1000.34, 550.298, 10, 2e-20, 3e-20, 2e-20, 2e-20, -1
-0.419744, -0.172783, 0.656017, 0.05, 0.149132, -0.114474, 0.0375696, 0.191719, 1003.55, 5678.29, 10, 2e-20, 3e-20, 2e-20, 2e-20, -1
-0.383098, -0.128957, 0.657075, 0.05, 0.0336027, -0.0481645, 0.0627495, 0.0859445, 1011.07, 17715.6, 10, 2e-20, 3e-20, 2e-20, 2e-20, -1
-0.42626, -0.226329, 0.732969, 0.05, 0.051113, -0.0876121, 0.00113707, 0.101438, 1004.48, 7165.96, 10, 2e-20, 3e-20, 2e-20, 2e-20, -1
-0.486115, -0.142686, 0.696735, 0.05, 0.0399298, -0.142485, -0.00303334, 0.148005, 1003.54, 5659.49, 10, 2e-20, 3e-20, 2e-20, 2e-20, -1
-0.445026, -0.151525, 0.730146, 0.05, -0.067513, 0.0241058, -0.0792504, 0.106863, 1003.61, 5769.03, 10, 2e-20, 3e-20, 2e-20, 2e-20, -1
-0.470219, -0.113554, 0.760522, 0.05, 0.0119087, -0.14266, 0.141014, 0.200945, 1007.15, 11432.4, 10, 2e-20, 3e-20, 2e-20, 2e-20, -1
-0.454805, -0.190596, 0.760428, 0.05, -0.100394, -0.040912, 0.202618, 0.229798, 1005.66, 9057.36, 10, 2e-20, 3e-20, 2e-20, 2e-20, -1
-0.433499, -0.0798298, 0.789332, 0.05, 0.0747278, -0.209179, 0.0375902, 0.225284, 1006.46, 10336.7, 10, 2e-20, 3e-20, 2e-20, 2e-20, -1
-0.432911, -0.183543, 0.812246, 0.05, 0.01204, -0.271503, 0.0251678, 0.272933, 1000.08, 129.732, 10, 2e-20, 3e-20, 2e-20, 2e-20, -1
-0.430135, -0.129612, 0.807684, 0.05, 0.0126644, -0.079765, 0.0760428, 0.110929, 1000.53, 848.748, 10, 2e-20, 3e-20, 2e-20, 2e-20, -1
-0.396552, -0.123526, 0.854459, 0.05, 0.141839, -0.00831935, -0.0907303, 0.168581, 1005.49, 8782.26, 10, 2e-20, 3e-20, 2e-20, 2e-20, -1
-0.358599, -0.105342, 0.930269, 0.05, -0.0197374, -0.086149, 0.132713, 0.159449, 999.971, -46.2803, 10, 2e-20, 3e-20, 2e-20, 2e-20, -1
-0.398737, -0.0960576, 0.957674, 0.05, 0.0303577, 0.0219426, 0.0415872, 0.0559693, 997.789, -3536.93, 10, 2e-20, 3e-20, 2e-20, 2e-20, -1
-0.321083, -0.131272, 0.94302, 0.05, 0.0987773, -0.175882, 0.167682, 0.262314, 1002.6, 4152.38, 10, 2e-20, 3e-20, 2e-20, 2e-20, -1
-0.317201, -0.114874, 0.997321, 0.05, 0.125785, 0.0249284, -0.000360942, 0.128232, 999.274, -1160.89, 10, 2e-20, 3e-20, 2e-20, 2e-20, -1
-0.321777, -0.154828, 0.998932, 0.05, 0.0667193, -0.104044, 0.006016, 0.123745, 998.36, -2623.4, 10, 2e-20, 3e-20, 2e-20, 2e-20, -1
-0.304658, -0.07731, 1.04303, 0.05, -0.0567035, 0.0332486, 0.139672, 0.154367, 1005.82, 9309.33, 10, 2e-20, 3e-20, 2e-20, 2e-20, -1
-0.287024, -0.198321, 1.02589, 0.05, -0.0219588, -0.113813, 0.202777, 0.233568, 1002.7, 4323.6, 10, 2e-20, 3e-20, 2e-20, 2e-20, -1
-0.293933, -0.125133, 1.06225, 0.05, 0.136527, -0.0419641, 0.186228, 0.234694, 998.646, -2167.07, 10, 2e-20, 3e-20, 2e-20, 2e-20, -1
-0.243807, -0.103921, 1.1429, 0.05, 0.0143629, -0.142822, 0.171303, 0.223493, 1000.56, 889.283, 10, 2e-20, 3e-20, 2e-20, 2e-20, -1
-0.209039, -0.0721825, 1.20385, 0.05, 0.156789, -0.0682406, -0.00592508, 0.171098, 997.542, -3932.71, 10, 2e-20, 3e-20, 2e-20, 2e-20, -1
-0.12489, -0.147179, 1.26851, 0.05, -0.0737515, 0.0161415, 0.0718626, 0.104231, 1002.61, 4181.67, 10, 2e-20, 3e-20, 2e-20, 2e-20, -1
-0.0829027, -0.185262, 1.37624, 0.05, 0.0477072, 0.00121072, 0.14575, 0.153364, 1001.41, 2256.75, 10, 2e-20, 3e-20, 2e-20, 2e-20, -1
-0.360266, -0.103499, 0.0553607, 0.05, -0.208554, 0.0761764, 0.0541203, 0.228531, 1001.16, 1850.77, 10, 2e-20, 3e-20, 2e-20, 2e-20, -1
-0.370661, -0.154388, 0.053329, 0.05, -0.18652, 0.171046, -0.0495552, 0.25788, 1019.01, 30416.2, 10, 2e-20, 3e-20, 2e-20, 2e-20, -1
-0.342881, -0.168738, 0.0965597, 0.05, 0.132612, 0.0670865, -0.0661467, 0.162672, 1001.63, 2605.97, 10, 2e-20, 3e-20, 2e-20, 2e-20, -1
-0.360211, -0.128574, 0.11011, 0.05, -0.0721702, 0.0826423, -0.0272987, 0.113064, 1009.4, 15043.7, 10, 2e-20, 3e-20, 2e-20, 2e-20, -1
-0.321826, -0.119701, 0.135675, 0.05, 0.0730054, 0.0995621, 0.0133184, 0.124176, 1005.74, 9191.36, 10, 2e-20, 3e-20, 2e-20, 2e-20, -1
-0.356731, -0.221624, 0.0921216, 0.05, -0.111477, 0.147864, -0.0347497, 0.188411, 1004.31, 6888.25, 10, 2e-20, 3e-20, 2e-20, 2e-20, -1
-0.380704, -0.194345, 0.129956, 0.05, 0.0686895, 0.0795563, -0.0651703, 0.123671, 1000.13, 212.487, 10, 2e-20, 3e-20, 2e-20, 2e-20, -1
-0.434347, -0.0687981, 0.185974, 0.05, -0.0307959, -0.0737206, 0.0221546, 0.0829092, 1012.04, 19258.6, 10, 2e-20, 3e-20, 2e-20, 2e-20, -1
-0.36945, -0.109815, 0.158125, 0.05, 0.00901619, 0.0119754, 0.0828429, 0.0841881, 1009.23, 14765.6, 10, 2e-20, 3e-20, 2e-20, 2e-20, -1
-0.377564, -0.0896282, 0.201665, 0.05, -0.105709, -0.046175, 0.0418363, 0.122706, 1009.99, 15983.8, 10, 2e-20, 3e-20, 2e-20, 2e-20, -1
-0.425622, -0.116185, 0.211371, 0.05, -0.281672, -0.24082, 0.122708, 0.390373, 1000.24, 389.016, 10, 2e-20, 3e-20, 2e-20, 2e-20, -1
-0.454088, -0.098567, 0.249138, 0.05, 0.0812882, -0.128965, -0.10131, 0.18304, 1006.09, 9751.34, 10, 2e-20, 3e-20, 2e-20, 2e-20, -1
-0.416377, -0.14319, 0.255748, 0.05, 0.0396976, 0.113345, -0.0538234, 0.131605, 1004.87, 7797.79, 10, 2e-20, 3e-20, 2e-20, 2e-20, -1
-0.382236, -0.117334, 0.290546, 0.05, 0.116972, -0.0178141, -0.0149599, 0.119263, 1003.62, 5794.15, 10, 2e-20, 3e-20, 2e-20, 2e-20, -1
-0.474802, -0.11964, 0.330628, 0.05, 0.162421, -0.0778473, 0.045506, 0.185773, 1004.07, 6519.49, 10, 2e-20, 3e-20, 2e-20, 2e-20, -1
-0.434157, -0.09478, 0.33464, 0.05, -0.0274803, -0.215052, -0.06857, 0.227386, 1006.65, 10633.8, 10, 2e-20, 3e-20, 2e-20, 2e-20, -1
-0.468749, -0.0987367, 0.371332, 0.05, -0.0461597, -0.309698, 0.0149059, 0.313474, 1004.09, 6544.23, 10, 2e-20, 3e-20, 2e-20, 2e-20, -1
-0.486062, -0.0432689, 0.389806, 0.05, -0.227271, 0.100371, 0.0557733, 0.254632, 1018.47, 29559.1, 10, 2e-20, 3e-20, 2e-20, 2e-20, -1
-0.446175, -0.119252, 0.421846, 0.05, -0.0349505, 0.204476, -0.0234106, 0.208758, 1007.01, 11217, 10, 2e-20, 3e-20, 2e-20, 2e-20, -1
-0.452578, -0.173647, 0.427989, 0.05, -0.0334043, -0.159777, 0.173472, 0.238195, 1002.63, 4208.97, 10, 2e-20, 3e-20, 2e-20, 2e-20, -1
-0.447458, -0.138891, 0.470061, 0.05, 0.00900221, -0.00244038, -0.070953, 0.0715634, 1004.81, 7688.64, 10, 2e-20, 3e-20, 2e-20, 2e-20, -1
-0.409565, -0.172372, 0.474148, 0.05, 0.0351667, 0.129407, -0.0266377, 0.136721, 1002.02, 3239.89, 10, 2e-20, 3e-20, 2e-20, 2e-20, -1
-0.425713, -0.0950133, 0.465094, 0.05, -0.137548, 0.245306, -0.147893, 0.317753, 1007.96, 12734.4, 10, 2e-20, 3e-20, 2e-20, 2e-20, -1
-0.45323, -0.165638, 0.514591, 0.05, -0.00116099, -0.15404, -0.0393349, 0.158987, 1004.13, 6602.56, 10, 2e-20, 3e-20, 2e-20, 2e-20, -1
-0.431414, -0.0855519, 0.51405, 0.05, -0.156756, 0.0166774, -0.103976, 0.188843, 1004.43, 7081.91, 10, 2e-20, 3e-20, 2e-20, 2e-20, -1
-0.423517, -0.0957031, 0.576388, 0.05, 0.0754814, -0.0900983, -0.107396, 0.159214, 1002.27, 3633.12, 10, 2e-20, 3e-20, 2e-20, 2e-20, -1
-0.449602, -0.0601764, 0.574212, 0.05, 0.0307059, -0.318454, -0.274597, 0.421615, 1005.98, 9573.63, 10, 2e-20, 3e-20, 2e-20, 2e-20, -1
-0.464526, -0.10854, 0.617493, 0.05, -0.0344116, 0.0118904, -0.106955, 0.112981, 998.619, -2209.66, 10, 2e-20, 3e-20, 2e-20, 2e-20, -1
-0.462514, -0.0653533, 0.648992, 0.05, -0.0178823, 0.00499729, 0.000512257, 0.0185745, 1003.63, 5810.96, 10, 2e-20, 3e-20, 2e-20, 2e-20, -1
-0.497777, -0.0622799, 0.684736, 0.05, -0.109285, 0.0297874, -0.320955, 0.340356, 1007.63, 12205.6, 10, 2e-20, 3e-20, 2e-20, 2e-20, -1
-0.445217, -0.130129, 0.669375, 0.05, -0.00385533, -0.0213503, 0.151098, 0.152648, 1005, 8006.13, 10, 2e-20, 3e-20, 2e-20, 2e-20, -1
-0.432037, -0.0554785, 0.688168, 0.05, 0.0560821, -0.108933, -0.119663, 0.171262, 1007.23, 11563.1, 10, 2e-20, 3e-20, 2e-20, 2e-20, -1
-0.484578, -0.0208857, 0.704385, 0.05, -0.0405057, 0.00820761, 0.0727162, 0.0836405, 1002.86, 4582.45, 10, 2e-20, 3e-20, 2e-20, 2e-20, -1
-0.412961, -0.112698, 0.699262, 0.05, -0.0206651, -0.0386, 0.106754, 0.115383, 1002.02, 3235.02, 10, 2e-20, 3e-20, 2e-20, 2e-20, -1
-0.461926, -0.0942986, 0.706645, 0.05, 0.187165, -0.231277, -0.0953828, 0.312438, 998.263, -2778.41, 10, 2e-20, 3e-20, 2e-20, 2e-20, -1
-0.481043, -0.0599371, 0.783844, 0.05, -0.127979, -0.124674, -0.0422806, 0.183602, 1001.72, 2752.43, 10, 2e-20, 3e-20, 2e-20, 2e-20, -1
-0.488382, -0.10502, 0.813424, 0.05, 0.00600558, -0.11365, 0.0301839, 0.117743, 998.907, -1749.47, 10, 2e-20, 3e-20, 2e-20, 2e-20, -1
-0.438426, -0.0932585, 0.836917, 0.05, -0.0652351, -0.100624, 0.166948, 0.205554, 1006.02, 9628.8, 10, 2e-20, 3e-20, 2e-20, 2e-20, -1
-0.389965, -0.0976391, 0.899873, 0.05, -0.0491748, -0.0669115, 0.145281, 0.167338, 1007.4, 11844.3, 10, 2e-20, 3e-20, 2e-20, 2e-20, -1
-0.411204, -0.0539352, 0.924339, 0.05, 0.145103, -0.197661, 0.173044, 0.300115, 999.53, -751.964, 10, 2e-20, 3e-20, 2e-20, 2e-20, -1
-0.361797, -0.053065, 0.941533, 0.05, -0.165518, -0.0160817, 0.30518, 0.347548, 1003.17, 5064.68, 10, 2e-20, 3e-20, 2e-20, 2e-20, -1
-0.384858, -0.0105584, 0.922993, 0.05, 0.171774, -0.0673762, 0.10995, 0.21479, 1001.58, 2529.76, 10, 2e-20, 3e-20, 2e-20, 2e-20, -1
-0.355373, -0.0799603, 0.991969, 0.05, -0.00909281, 0.0465519, -0.00724387, 0.0479816, 1001.75, 2795.42, 10, 2e-20, 3e-20, 2e-20, 2e-20, -1
-0.337679, -0.036205, 1.05727, 0.05, 0.129203, -0.0172558, 0.121146, 0.177954, 1003.79, 6066.99, 10, 2e-20, 3e-20, 2e-20, 2e-20, -1
-0.32652, -0.0810317, 1.08162, 0.05, -0.194999, 0.00465779, 0.172108, 0.26013, 1004.22, 6748.95, 10, 2e-20, 3e-20, 2e-20, 2e-20, -1
-0.284558, -0.10467, 1.10832, 0.05, 0.0908144, -0.155674, 0.185343, 0.258522, 1003.15, 5040.87, 10, 2e-20, 3e-20, 2e-20, 2e-20, -1
-0.271145, -0.0639074, 1.09335, 0.05, 0.038435, -0.0681238, 0.0719558, 0.106281, 998.253, -2794.82, 10, 2e-20, 3e-20, 2e-20, 2e-20, -1
-0.188284, -0.0161435, 1.21893, 0.05, 0.110959, -0.109797, 0.117524, 0.195395, 1003.02, 4839.26, 10, 2e-20, 3e-20, 2e-20, 2e-20, -1
-0.148498, -0.00406803, 1.23495, 0.05, -0.0702539, -0.0434832, -0.0919845, 0.123643, 1002.76, 4418.91, 10, 2e-20, 3e-20, 2e-20, 2e-20, -1
-0.138276, -0.0785204, 1.33116, 0.05, -0.0590507, -0.00290565, -0.111254, 0.125987, 1000.51, 819.151, 10, 2e-20, 3e-20, 2e-20, 2e-20, -1
-0.102905, -0.146179, 1.36694, 0.05, 0.0123879, 0.0293163, 0.00845296, 0.0329296, 998.666, -2134.77, 10, 2e-20, 3e-20, 2e-20, 2e-20, -1
-0.383391, -0.0407509, 0.0496451, 0.05, -0.181344, -0.137893, -0.131264, 0.262926, 1008.85, 14165.6, 10, 2e-20, 3e-20, 2e-20, 2e-20, -1
-0.414341, -0.0982271, 0.047863, 0.05, 0.402669, -0.0511827, 0.134137, 0.427498, 1008.55, 13674.4, 10, 2e-20, 3e-20, 2e-20, 2e-20, -1
-0.39242, -0.0724476, 0.0894929, 0.05, -0.140305, -0.30695, 0.130635, 0.361897, 1009.36, 14981.2, 10, 2e-20, 3e-20, 2e-20, 2e-20, -1
-0.479091, -0.0808451, 0.107066, 0.05, -0.0919202, -0.0115077, 0.161008, 0.185756, 1012.68, 20288.5, 10, 2e-20, 3e-20, 2e-20, 2e-20, -1
-0.429209, -0.0662875, 0.121418, 0.05, -0.251562, -0.0677501, -0.0595698, 0.267249, 996.509, -5585.23, 10, 2e-20, 3e-20, 2e-20, 2e-20, -1
-0.402931, -0.104697, 0.121635, 0.05, 0.0566866, 0.0797686, -0.162731, 0.189889, 1010.19, 16296, 10, 2e-20, 3e-20, 2e-20, 2e-20, -1
-0.435707, -0.0248473, 0.154123, 0.05, 0.11452, 0.168614, -0.0205095, 0.204856, 1007.79, 12469.9, 10, 2e-20, 3e-20, 2e-20, 2e-20, -1
-0.488061, -0.0280084, 0.207622, 0.05, -0.254624, 0.0970416, 0.0043797, 0.272524, 999.324, -1081.56, 10, 2e-20, 3e-20, 2e-20, 2e-20, -1
-0.398345, -0.0472053, 0.158026, 0.05, 0.161655, -0.0995252, 0.0774498, 0.205027, 1008.97, 14353.6, 10, 2e-20, 3e-20, 2e-20, 2e-20, -1
-0.45413, -0.0421491, 0.230155, 0.05, 0.00913627, -0.100103, -0.00873956, 0.100898, 1004.29, 6862.93, 10, 2e-20, 3e-20, 2e-20, 2e-20, -1
-0.416913, -0.0244703, 0.205444, 0.05, -0.0962082, -0.0103218, -0.131793, 0.163499, 1002.64, 4219.88, 10, 2e-20, 3e-20, 2e-20, 2e-20, -1
-0.416233, -0.0666749, 0.234529, 0.05, -0.0660083, -0.0589633, 0.041714, 0.0978459, 1007.99, 12785.1, 10, 2e-20, 3e-20, 2e-20, 2e-20, -1
-0.375928, -0.0663008, 0.264831, 0.05, 0.279757, -0.0152169, 0.10029, 0.29758, 1008.93, 14281.5, 10, 2e-20, 3e-20, 2e-20, 2e-20, -1
-0.397593, -0.0173054, 0.25105, 0.05, 0.0837297, 0.0744081, -0.0850441, 0.14064, 1009.72, 15553.3, 10, 2e-20, 3e-20, 2e-20, 2e-20, -1
-0.418821, -0.0780807, 0.281485, 0.05, -0.0455635, -0.116248, 0.00448225, 0.124939, 1015.74, 25177.7, 10, 2e-20, 3e-20, 2e-20, 2e-20, -1
-0.410067, 0.0332744, 0.29176, 0.05, 0.0860174, 0.0435164, -0.201929, 0.223758, 1008.13, 13011.1, 10, 2e-20, 3e-20, 2e-20, 2e-20, -1
-0.376081, -0.0705794, 0.325273, 0.05, -0.0285457, 0.0123229, -0.0152572, 0.0346337, 1013.77, 22029.6, 10, 2e-20, 3e-20, 2e-20, 2e-20, -1
-0.391698, -0.0401523, 0.361944, 0.05, 0.0812729, 0.122936, -0.00229301, 0.14739, 1013.13, 21004.3, 10, 2e-20, 3e-20, 2e-20, 2e-20, -1
-0.410864, -0.0150156, 0.412224, 0.05, 0.141149, -0.103705, 0.0290174, 0.177538, 1013.63, 21811.6, 10, 2e-20, 3e-20, 2e-20, 2e-20, -1
-0.455548, -0.0655575, 0.421962, 0.05, 0.0987309, -0.319224, 0.17601, 0.377666, 995.143, -7771.19, 10, 2e-20, 3e-20, 2e-20, 2e-20, -1
-0.355537, -0.00295969, 0.408855, 0.05, -0.140243, -0.0313473, 0.0837957, 0.166351, 1005.4, 8635.85, 10, 2e-20, 3e-20, 2e-20, 2e-20, -1
-0.413733, -0.0435316, 0.451596, 0.05, 0.120682, -0.162852, 0.178331, 0.269975, 1000.96, 1535.05, 10, 2e-20, 3e-20, 2e-20, 2e-20, -1
-0.461819, -0.0170244, 0.445791, 0.05, 0.0356168, -0.119161, -0.082801, 0.149412, 999.028, -1555.32, 10, 2e-20, 3e-20, 2e-20, 2e-20, -1
-0.4541, -0.0562132, 0.480904, 0.05, 0.153003, -0.09558, -0.0563179, 0.18899, 1006.02, 9627.59, 10, 2e-20, 3e-20, 2e-20, 2e-20, -1
-0.45468, -0.0341822, 0.526085, 0.05, -0.0464155, 0.111549, -0.204673, 0.237673, 1009.9, 15833.3, 10, 2e-20, 3e-20, 2e-20, 2e-20, -1
-0.423057, -0.00895144, 0.56493, 0.05, 0.00287569, 0.190038, 0.0111556, 0.190387, 1002.87, 4598.42, 10, 2e-20, 3e-20, 2e-20, 2e-20, -1
-0.40795, -0.0544154, 0.536954, 0.05, -0.0685391, -0.00394101, -0.0563776, 0.0888345, 1002.76, 4408.33, 10, 2e-20, 3e-20, 2e-20, 2e-20, -1
-0.402181, 0.0344064, 0.589999, 0.05, 0.0522022, -0.261496, -0.171877, 0.317249, 1006.58, 10529.7, 10, 2e-20, 3e-20, 2e-20, 2e-20, -1
-0.378516, -0.0310222, 0.574207, 0.05, -0.0515539, 0.16515, 0.0184682, 0.173992, 1003.16, 5050.79, 10, 2e-20, 3e-20, 2e-20, 2e-20, -1
-0.440744, 0.00627073, 0.606423, 0.05, 0.0776799, -0.0418976, -0.157131, 0.180222, 1002.13, 3405.53, 10, 2e-20, 3e-20, 2e-20, 2e-20, -1
-0.43183, -0.0432129, 0.616426, 0.05, -0.0427987, 0.0972432, 0.029119, 0.110163, 999.482, -828.815, 10, 2e-20, 3e-20, 2e-20, 2e-20, -1
-0.464846, 0.0330128, 0.657025, 0.05, 0.0635578, -0.126221, -0.0104318, 0.141705, 997.594, -3849.78, 10, 2e-20, 3e-20, 2e-20, 2e-20, -1
-0.45957, -0.00887397, 0.745318, 0.05, -0.0782002, 0.00592736, 0.0790751, 0.11137, 1003.52, 5631.41, 10, 2e-20, 3e-20, 2e-20, 2e-20, -1
-0.449319, -0.0586994, 0.740315, 0.05, 0.0875532, 0.0130786, 0.0381222, 0.0963842, 1008.47, 13555.4, 10, 2e-20, 3e-20, 2e-20, 2e-20, -1
-0.466782, -0.0109825, 0.808169, 0.05, 0.0906136, -0.0175837, 0.0829879, 0.124125, 1005.36, 8573.67, 10, 2e-20, 3e-20, 2e-20, 2e-20, -1
-0.454142, 0.0260655, 0.77679, 0.05, -0.114868, 0.0384889, -0.223558, 0.254271, 1002.96, 4738.46, 10, 2e-20, 3e-20, 2e-20, 2e-20, -1
-0.429435, -0.029676, 0.782594, 0.05, 0.084529, 0.0614902, -0.196579, 0.222642, 1000.2, 315.118, 10, 2e-20, 3e-20, 2e-20, 2e-20, -1
-0.386731, -0.0119773, 0.779157, 0.05, 0.178632, 0.0382352, 0.0623235, 0.193017, 1002.39, 3827.29, 10, 2e-20, 3e-20, 2e-20, 2e-20, -1
-0.434611, -0.0431463, 0.836128, 0.05, 0.0368277, -0.145419, 0.216715, 0.263569, 999.792, -332.912, 10, 2e-20, 3e-20, 2e-20, 2e-20, -1
-0.406131, -0.0067628, 0.833059, 0.05, 0.16421, 0.0489329, 0.141513, 0.222228, 1000.2, 316.274, 10, 2e-20, 3e-20, 2e-20, 2e-20, -1
-0.423121, -0.0163912, 0.884304, 0.05, 0.0961282, -0.0494925, -0.0456333, 0.117356, 1000.8, 1277.93, 10, 2e-20, 3e-20, 2e-20, 2e-20, -1
-0.400119, 0.0287708, 0.887682, 0.05, 0.0788467, -0.0207531, -0.110545, 0.13736, 1000.02, 29.9039, 10, 2e-20, 3e-20, 2e-20, 2e-20, -1
-0.34948, -0.0350162, 1.00626, 0.05, 0.0568651, -0.0285737, 0.0873459, 0.108071, 999.457, -868.244, 10, 2e-20, 3e-20, 2e-20, 2e-20, -1
-0.388415, -0.00460877, 1.01109, 0.05, -0.0826283, -0.0756579, 0.0746453, 0.134623, 1002.32, 3705.9, 10, 2e-20, 3e-20, 2e-20, 2e-20, -1
-0.357807, 0.0121153, 1.07602, 0.05, -0.129253, -0.0709495, 0.0724582, 0.164287, 999.52, -767.669, 10, 2e-20, 3e-20, 2e-20, 2e-20, -1
-0.29364, -0.0277463, 1.09806, 0.05, -0.157271, 0.0118133, 0.00789525, 0.157911, 1000.16, 260.193, 10, 2e-20, 3e-20, 2e-20, 2e-20, -1
-0.28028, 0.00327671, 1.13949, 0.05, -0.109365, -0.0376745, 0.133926, 0.176964, 1000.68, 1084.94, 10, 2e-20, 3e-20, 2e-20, 2e-20, -1
-0.22806, -0.0584332, 1.12649, 0.05, 0.0541602, -0.0712329, 0.0849109, 0.123358, 1004.81, 7703.15, 10, 2e-20, 3e-20, 2e-20, 2e-20, -1
-0.243112, -0.00889887, 1.20339, 0.05, 0.0348356, -0.0121986, 0.129289, 0.134454, 993.893, -9770.48, 10, 2e-20, 3e-20, 2e-20, 2e-20, -1
-0.168441, -0.00331332, 1.28982, 0.05, -0.0276032, -0.0869131, -0.0339898, 0.0973198, 993.152, -10956.4, 10, 2e-20, 3e-20, 2e-20, 2e-20, -1
-0.196027, -0.0275154, 1.38182, 0.05, -0.0323544, 0.0281108, 0.0834563, 0.0938188, 1003.63, 5805.91, 10, 2e-20, 3e-20, 2e-20, 2e-20, -1
-0.458799, 0.040119, 0.0507508, 0.05, -0.647392, -0.466989, 0.273325, 0.843743, 1030.61, 48983.7, 10, 2e-20, 3e-20, 2e-20, 2e-20, -1
-0.449688, 0.118985, 0.0438797, 0.05, -0.0128777, 0.303988, -0.605616, 0.67775, 1016.81, 26903.2, 10, 2e-20, 3e-20, 2e-20, 2e-20, -1
-0.488571, -0.0174144, 0.049999, 0.05, 0.142266, -0.0807781, -0.387535, 0.420652, 1008.65, 13845.4, 10, 2e-20, 3e-20, 2e-20, 2e-20, -1
-0.456469, -0.0313599, 0.0973634, 0.05, -0.179363, 0.19188, 0.117043, 0.287556, 1022.55, 36083.9, 10, 2e-20, 3e-20, 2e-20, 2e-20, -1
-0.450451, 0.0649127, 0.0953881, 0.05, -0.0606228, 0.142639, 0.208146, 0.25951, 998.732, -2028.13, 10, 2e-20, 3e-20, 2e-20, 2e-20, -1
-0.453071, 0.0173163, 0.114177, 0.05, -0.252109, 0.0630804, 0.0358465, 0.262342, 1013.74, 21986.4, 10, 2e-20, 3e-20, 2e-20, 2e-20, -1
-0.40848, -0.0179962, 0.0981736, 0.05, 0.248206, 0.261365, -0.17035, 0.398669, 1018.99, 30387.7, 10, 2e-20, 3e-20, 2e-20, 2e-20, -1
-0.412161, 0.0247467, 0.103278, 0.05, -0.123652, 0.165815, -0.545349, 0.583258, 1000.7, 1122.45, 10, 2e-20, 3e-20, 2e-20, 2e-20, -1
-0.362893, -0.0144078, 0.0978269, 0.05, 0.150877, 0.167315, 0.0611722, 0.233453, 1006.55, 10482.6, 10, 2e-20, 3e-20, 2e-20, 2e-20, -1
-0.432951, 0.036184, 0.148251, 0.05, -0.0387684, 0.0246559, -0.0398569, 0.0608233, 1012.11, 19377.6, 10, 2e-20, 3e-20, 2e-20, 2e-20, -1
-0.398179, 0.00174492, 0.164234, 0.05, -0.141667, -0.0559507, 0.062003, 0.164451, 1003.78, 6049.99, 10, 2e-20, 3e-20, 2e-20, 2e-20, -1
-0.440842, -0.019092, 0.275856, 0.05, 0.00893564, 0.0507077, 0.0957342, 0.108702, 1010.38, 16610.3, 10, 2e-20, 3e-20, 2e-20, 2e-20, -1
-0.432959, 0.116231, 0.259401, 0.05, -0.158348, 0.041813, -0.210746, 0.266902, 1021.87, 34987.1, 10, 2e-20, 3e-20, 2e-20, 2e-20, -1
-0.401525, 0.0695882, 0.251105, 0.05, -0.173189, -0.136302, -0.0497197, 0.22593, 996.57, -5487.88, 10, 2e-20, 3e-20, 2e-20, 2e-20, -1
-0.3921, 0.136736, 0.265231, 0.05, -0.024914, 0.0437973, 0.211369, 0.217292, 1011.59, 18548.6, 10, 2e-20, 3e-20, 2e-20, 2e-20, -1
-0.405902, 0.0869507, 0.299851, 0.05, -0.013056, -0.00973984, 0.0367955, 0.0402396, 1005.08, 8129.92, 10, 2e-20, 3e-20, 2e-20, 2e-20, -1
-0.36391, 0.0529057, 0.296419, 0.05, 0.233954, 0.118753, -0.233984, 0.351547, 1001.26, 2023.52, 10, 2e-20, 3e-20, 2e-20, 2e-20, -1
-0.38718, 0.0559799, 0.345613, 0.05, -0.0781419, 0.0314881, 0.114062, 0.141802, 1004.16, 6650.08, 10, 2e-20, 3e-20, 2e-20, 2e-20, -1
-0.331213, -0.0345124, 0.331153, 0.05, 0.0025451, 0.0505864, -0.18199, 0.188907, 1010.13, 16209.1, 10, 2e-20, 3e-20, 2e-20, 2e-20, -1
-0.392599, 0.011918, 0.369192, 0.05, -0.00809609, -0.0485258, 0.0416839, 0.0644814, 997.056, -4709.89, 10, 2e-20, 3e-20, 2e-20, 2e-20, -1
-0.396239, 0.0366244, 0.408878, 0.05, 0.0533158, -0.00902198, 0.0722444, 0.0902398, 1010.69, 17100.9, 10, 2e-20, 3e-20, 2e-20, 2e-20, -1
-0.428711, 0.0313627, 0.449624, 0.05, 0.0985164, 0.0872135, 0.0663622, 0.147362, 1005.49, 8788.41, 10, 2e-20, 3e-20, 2e-20, 2e-20, -1
-0.382927, 0.00182616, 0.460784, 0.05, 0.0150853, -0.129463, -0.138729, 0.190353, 1007.12, 11396.6, 10, 2e-20, 3e-20, 2e-20, 2e-20, -1
-0.428898, -0.00980054, 0.488517, 0.05, 0.0959431, -0.102302, 0.16883, 0.219486, 1002.7, 4321.68, 10, 2e-20, 3e-20, 2e-20, 2e-20, -1
-0.391909, 0.0408073, 0.48845, 0.05, -0.0565858, 0.0499937, -0.0976638, 0.123449, 1011.4, 18246.2, 10, 2e-20, 3e-20, 2e-20, 2e-20, -1
-0.425272, 0.0710771, 0.517109, 0.05, 0.0737887, 0.032651, 0.029283, 0.0858391, 1007.93, 12688.4, 10, 2e-20, 3e-20, 2e-20, 2e-20, -1
-0.405714, 0.0338501, 0.539813, 0.05, -0.188554, -0.0324099, -0.100376, 0.216051, 1003.35, 5361.96, 10, 2e-20, 3e-20, 2e-20, 2e-20, -1
-0.462198, 0.0723837, 0.555507, 0.05, -0.165645, -0.0341117, -0.22468, 0.281217, 1003.98, 6370.49, 10, 2e-20, 3e-20, 2e-20, 2e-20, -1
-0.411327, 0.0784885, 0.561904, 0.05, 0.1397, 0.110818, -0.198464, 0.266805, 1008.04, 12871, 10, 2e-20, 3e-20, 2e-20, 2e-20, -1
-0.451729, 0.0573339, 0.59908, 0.05, -0.100886, 0.0063857, -0.212429, 0.235255, 1005.51, 8808.49, 10, 2e-20, 3e-20, 2e-20, 2e-20, -1
-0.396816, 0.0928745, 0.659982, 0.05, 0.0212573, -0.0777078, 0.0597072, 0.100276, 1002.27, 3636.86, 10, 2e-20, 3e-20, 2e-20, 2e-20, -1
-0.466701, 0.0650098, 0.694145, 0.05, 0.149829, -0.0169715, 0.015703, 0.151602, 998.915, -1736.49, 10, 2e-20, 3e-20, 2e-20, 2e-20, -1
-0.423671, 0.0912616, 0.701208, 0.05, 0.0101785, 0.0260001, -0.223716, 0.225452, 1002.35, 3761.52, 10, 2e-20, 3e-20, 2e-20, 2e-20, -1
-0.486468, 0.072555, 0.771974, 0.05, 0.0490849, 0.0352785, -0.20999, 0.218517, 1004.66, 7455.14, 10, 2e-20, 3e-20, 2e-20, 2e-20, -1
-0.435359, 0.0365305, 0.728145, 0.05, -0.128894, -0.06343, -0.10238, 0.176405, 1007.71, 12331.9, 10, 2e-20, 3e-20, 2e-20, 2e-20, -1
-0.443235, 0.155315, 0.765409, 0.05, -0.107871, 0.057298, 0.0623302, 0.137129, 1006.64, 10624.9, 10, 2e-20, 3e-20, 2e-20, 2e-20, -1
-0.409071, 0.0274245, 0.778759, 0.05, 0.0304474, -0.202595, 0.138664, 0.247385, 1002.9, 4637.32, 10, 2e-20, 3e-20, 2e-20, 2e-20, -1
-0.446243, 0.0903413, 0.741853, 0.05, -0.225312, 0.0227116, -0.171728, 0.284204, 1008.29, 13257.2, 10, 2e-20, 3e-20, 2e-20, 2e-20, -1
-0.438075, 0.0301093, 0.829365, 0.05, 0.143115, -0.0582341, 0.116737, 0.193651, 1002.53, 4048.23, 10, 2e-20, 3e-20, 2e-20, 2e-20, -1
-0.390849, 0.0452653, 0.842714, 0.05, -0.0895504, -0.170973, -0.0472797, 0.198712, 998.813, -1899.13, 10, 2e-20, 3e-20, 2e-20, 2e-20, -1
-0.362514, 0.0694262, 0.884207, 0.05, 0.144284, -0.059147, 0.0539415, 0.165003, 1003.95, 6325.52, 10, 2e-20, 3e-20, 2e-20, 2e-20, -1
-0.39769, 0.0933466, 0.861459, 0.05, 0.033185, 0.0514879, 0.104265, 0.120927, 1004.35, 6967.67, 10, 2e-20, 3e-20, 2e-20, 2e-20, -1
-0.39, 0.0322188, 0.943489, 0.05, 0.0981542, -0.143321, 0.0598142, 0.18372, 992.929, -11313.1, 10, 2e-20, 3e-20, 2e-20, 2e-20, -1
-0.363534, 0.0487688, 0.982397, 0.05, 0.00609595, -0.113635, -0.0498051, 0.12422, 1001.06, 1694.25, 10, 2e-20, 3e-20, 2e-20, 2e-20, -1
-0.333085, 0.0677725, 1.07099, 0.05, -0.0502659, 0.00938641, -0.0445987, 0.0678514, 992.952, -11276.8, 10, 2e-20, 3e-20, 2e-20, 2e-20, -1
-0.278505, 0.0528598, 1.11933, 0.05, 0.114019, -0.0581414, 0.18608, 0.225846, 997.383, -4187.72, 10, 2e-20, 3e-20, 2e-20, 2e-20, -1
-0.250029, 0.0194413, 1.17498, 0.05, -0.025622, -0.00774269, 0.0039428, 0.0270552, 1002.08, 3335.71, 10, 2e-20, 3e-20, 2e-20, 2e-20, -1
-0.245755, -0.0147383, 1.13173, 0.05, 0.0532218, -0.170956, 0.0603521, 0.188947, 998.76, -1983.65, 10, 2e-20, 3e-20, 2e-20, 2e-20, -1
-0.194604, 0.016399, 1.25161, 0.05, 0.113137, -0.0916236, 0.038155, 0.150502, 1001.39, 2217.83, 10, 2e-20, 3e-20, 2e-20, 2e-20, -1
-0.17343, -0.0320013, 1.33994, 0.05, -0.0187682, -0.1136, 0.0139756, 0.115985, 998.066, -3093.72, 10, 2e-20, 3e-20, 2e-20, 2e-20, -1
-0.120377, -0.0142241, 1.33429, 0.05, 0.0872713, -0.14914, -0.0247001, 0.174554, 1001.82, 2911.65, 10, 2e-20, 3e-20, 2e-20, 2e-20, -1
-0.396458, 0.125043, 0.0569164, 0.05, -0.990326, 0.438163, -0.744813, 1.31434, 1007.81, 12501, 10, 2e-20, 3e-20, 2e-20, 2e-20, -1
-0.41151, 0.216281, 0.099899, 0.05, -0.479009, -0.0492151, 0.181817, 0.514712, 1003.05, 4874.85, 10, 2e-20, 3e-20, 2e-20, 2e-20, -1
-0.379781, 0.169852, 0.11162, 0.05, -0.394176, -0.187134, 0.102925, 0.448316, 1006.4, 10233.9, 10, 2e-20, 3e-20, 2e-20, 2e-20, -1
-0.41417, 0.133898, 0.101434, 0.05, 0.334812, 0.35384, 0.805934, 0.941717, 1004.7, 7517.64, 10, 2e-20, 3e-20, 2e-20, 2e-20, -1
-0.322965, 0.190066, 0.127246, 0.05, -0.216109, -0.231556, 0.224834, 0.388421, 1011.33, 18124.2, 10, 2e-20, 3e-20, 2e-20, 2e-20, -1
-0.41036, 0.223877, 0.168651, 0.05, 0.280729, 0.0547292, -0.308495, 0.420682, 1014.78, 23655.1, 10, 2e-20, 3e-20, 2e-20, 2e-20, -1
-0.350736, 0.199368, 0.16861, 0.05, 0.133839, 0.0866017, 0.56233, 0.584489, 1003.44, 5508.22, 10, 2e-20, 3e-20, 2e-20, 2e-20, -1
-0.363463, 0.1229, 0.12027, 0.05, -0.474518, 0.621632, -0.143933, 0.795179, 1015.62, 24998.9, 10, 2e-20, 3e-20, 2e-20, 2e-20, -1
-0.390977, 0.0924137, 0.142239, 0.05, -0.456498, -0.138422, -0.626009, 0.787044, 1011.18, 17890.7, 10, 2e-20, 3e-20, 2e-20, 2e-20, -1
-0.404456, 0.0394546, 0.194857, 0.05, 0.359858, 0.120299, -0.144667, 0.406077, 1003.1, 4964.16, 10, 2e-20, 3e-20, 2e-20, 2e-20, -1
-0.403596, 0.0888683, 0.21506, 0.05, 0.172148, 0.275994, 0.0377203, 0.32746, 1014.15, 22642.7, 10, 2e-20, 3e-20, 2e-20, 2e-20, -1
-0.432516, 0.0226181, 0.241323, 0.05, -0.172466, 0.320178, -0.113949, 0.381107, 1012.84, 20543.3, 10, 2e-20, 3e-20, 2e-20, 2e-20, -1
-0.482774, 0.118203, 0.261838, 0.05, -0.426724, 0.50043, -0.137587, 0.671903, 1017.38, 27803.7, 10, 2e-20, 3e-20, 2e-20, 2e-20, -1
-0.457502, 0.0952483, 0.312549, 0.05, -0.197672, 0.0757532, -0.0965152, 0.232654, 1006.07, 9714.1, 10, 2e-20, 3e-20, 2e-20, 2e-20, -1
-0.415005, 0.142069, 0.308602, 0.05, -0.0106612, 0.0119722, 0.0302886, 0.0342694, 1002.47, 3954.02, 10, 2e-20, 3e-20, 2e-20, 2e-20, -1
-0.389752, 0.204013, 0.344863, 0.05, 0.162457, 0.164747, 0.0454439, 0.235795, 1008.9, 14241.3, 10, 2e-20, 3e-20, 2e-20, 2e-20, -1
-0.441605, 0.18061, 0.3339, 0.05, 0.0857726, -0.376832, 0.146999, 0.413483, 1002.26, 3619.45, 10, 2e-20, 3e-20, 2e-20, 2e-20, -1
-0.405527, 0.148775, 0.363438, 0.05, -0.0306739, 0.14216, -0.367815, 0.395522, 1006.35, 10167.4, 10, 2e-20, 3e-20, 2e-20, 2e-20, -1
-0.421827, 0.0963963, 0.349893, 0.05, 0.161433, 0.113628, 0.0903553, 0.217108, 1000.98, 1564.88, 10, 2e-20, 3e-20, 2e-20, 2e-20, -1
-0.347162, 0.0417793, 0.383719, 0.05, 0.0289552, 0.0537508, -0.181476, 0.19147, 1010.91, 17463.7, 10, 2e-20, 3e-20, 2e-20, 2e-20, -1
-0.422075, 0.0767949, 0.417073, 0.05, -0.0677007, -0.0558272, 0.0167441, 0.0893332, 1009.15, 14641, 10, 2e-20, 3e-20, 2e-20, 2e-20, -1
-0.413572, 0.0809156, 0.470424, 0.05, 0.0500908, 0.0652579, -0.0522228, 0.0974418, 1003.31, 5291.01, 10, 2e-20, 3e-20, 2e-20, 2e-20, -1
-0.359026, 0.0790884, 0.463313, 0.05, -0.183969, -0.0222864, -0.196713, 0.270254, 1002.79, 4471.99, 10, 2e-20, 3e-20, 2e-20, 2e-20, -1
-0.397379, 0.170586, 0.439497, 0.05, 0.0691802, -0.0262048, 0.0740961, 0.104703, 1004.04, 6457.9, 10, 2e-20, 3e-20, 2e-20, 2e-20, -1
-0.417689, 0.135983, 0.481876, 0.05, 0.0225775, -0.100375, -0.114323, 0.153801, 998.91, -1744.66, 10, 2e-20, 3e-20, 2e-20, 2e-20, -1
-0.421406, 0.187765, 0.47701, 0.05, 0.05237, -0.125396, -0.209354, 0.249591, 1005.12, 8187.74, 10, 2e-20, 3e-20, 2e-20, 2e-20, -1
-0.385927, 0.12, 0.450887, 0.05, -0.0120939, 0.0443563, 0.0487781, 0.0670302, 1011.26, 18010.9, 10, 2e-20, 3e-20, 2e-20, 2e-20, -1
-0.375247, 0.178551, 0.486966, 0.05, 0.0917875, -0.100828, -0.0553575, 0.147158, 1000.01, 21.3342, 10, 2e-20, 3e-20, 2e-20, 2e-20, -1
-0.391265, 0.108019, 0.514171, 0.05, -0.0461132, -0.17599, 0.0915395, 0.203662, 1001.85, 2953.94, 10, 2e-20, 3e-20, 2e-20, 2e-20, -1
-0.406561, 0.129738, 0.573395, 0.05, 0.12365, -0.0703826, 0.0608432, 0.154741, 995.845, -6648.46, 10, 2e-20, 3e-20, 2e-20, 2e-20, -1
-0.40508, 0.0856266, 0.610502, 0.05, 0.0473231, 0.256384, -0.0999441, 0.279215, 1007.9, 12644.2, 10, 2e-20, 3e-20, 2e-20, 2e-20, -1
-0.40765, 0.14356, 0.671088, 0.05, 0.0520131, -0.117497, -0.0227317, 0.13049, 996.516, -5574.09, 10, 2e-20, 3e-20, 2e-20, 2e-20, -1
-0.465508, 0.177736, 0.715684, 0.05, -0.0549239, -0.00134764, 0.0363768, 0.0658917, 998.572, -2285.08, 10, 2e-20, 3e-20, 2e-20, 2e-20, -1
-0.41114, 0.210993, 0.697521, 0.05, -0.136107, 0.120255, -0.0697349, 0.194549, 1006.7, 10713.8, 10, 2e-20, 3e-20, 2e-20, 2e-20, -1
-0.436855, 0.143564, 0.713006, 0.05, 0.0760186, -0.156637, -0.0385115, 0.178318, 997.077, -4676.85, 10, 2e-20, 3e-20, 2e-20, 2e-20, -1
-0.410078, 0.175242, 0.799921, 0.05, -0.162046, 0.0331157, -0.249592, 0.299419, 1009.26, 14816.6, 10, 2e-20, 3e-20, 2e-20, 2e-20, -1
-0.357851, 0.283621, 0.763022, 0.05, -0.0795261, -0.0268431, -0.0704386, 0.109574, 1003.72, 5951.04, 10, 2e-20, 3e-20, 2e-20, 2e-20, -1
-0.407623, 0.123887, 0.762961, 0.05, 0.112701, 0.133921, -0.0891803, 0.196442, 1000.65, 1046.74, 10, 2e-20, 3e-20, 2e-20, 2e-20, -1
-0.358931, 0.222187, 0.816984, 0.05, -0.0841477, 0.0616524, -0.0975815, 0.142843, 1002.61, 4177.26, 10, 2e-20, 3e-20, 2e-20, 2e-20, -1
-0.391603, 0.0888444, 0.803948, 0.05, 0.040906, -0.128502, -0.0611621, 0.148077, 998.941, -1694.87, 10, 2e-20, 3e-20, 2e-20, 2e-20, -1
-0.420851, 0.126813, 0.817972, 0.05, 0.0229107, -0.0478049, -0.128765, 0.13925, 1002.08, 3334.98, 10, 2e-20, 3e-20, 2e-20, 2e-20, -1
-0.398654, 0.146087, 0.877239, 0.05, 0.133502, 0.0393762, -0.0913259, 0.166475, 999.24, -1215.83, 10, 2e-20, 3e-20, 2e-20, 2e-20, -1
-0.354436, 0.0931642, 0.93247, 0.05, 0.00786007, -0.205141, -0.0735823, 0.21808, 1000.08, 127.219, 10, 2e-20, 3e-20, 2e-20, 2e-20, -1
-0.337614, 0.108982, 0.981894, 0.05, 0.148607, -0.0487009, 0.0220428, 0.15793, 1001.6, 2563.27, 10, 2e-20, 3e-20, 2e-20, 2e-20, -1
-0.343412, 0.0756838, 1.0138, 0.05, 0.129539, -0.111277, 0.201875, 0.264417, 1000.82, 1312.41, 10, 2e-20, 3e-20, 2e-20, 2e-20, -1
-0.283257, 0.0724957, 1.01411, 0.05, -0.119762, 0.0363982, 0.0341129, 0.129736, 1003.91, 6255.41, 10, 2e-20, 3e-20, 2e-20, 2e-20, -1
-0.247313, 0.0712844, 1.15639, 0.05, 0.0938632, -0.094906, 0.110593, 0.173345, 1000.29, 461.975, 10, 2e-20, 3e-20, 2e-20, 2e-20, -1
-0.20498, 0.0614034, 1.23037, 0.05, -0.0634239, 0.014883, 0.117363, 0.134232, 998.92, -1727.87, 10, 2e-20, 3e-20, 2e-20, 2e-20, -1
-0.172889, 0.0487544, 1.3337, 0.05, 0.0203704, 0.0933353, -0.0175161, 0.0971249, 1002.1, 3355.18, 10, 2e-20, 3e-20, 2e-20, 2e-20, -1
-0.132882, -0.00174637, 1.37794, 0.05, -0.0712306, -0.130371, 0.0506837, 0.156969, 1005.13, 8215.35, 10, 2e-20, 3e-20, 2e-20, 2e-20, -1
-0.112501, -0.0367162, 1.34432, 0.05, -0.0344907, -0.0189205, -0.0400245, 0.0561209, 1001.53, 2445.12, 10, 2e-20, 3e-20, 2e-20, 2e-20, -1
-0.341041, 0.266556, 0.0511953, 0.05, -0.337236, -0.112032, -0.304358, 0.467882, 1016.31, 26095.3, 10, 2e-20, 3e-20, 2e-20, 2e-20, -1
-0.371469, 0.314947, 0.0527432, 0.05, 0.351431, 0.548048, 0.436392, 0.783772, 996.969, -4849.03, 10, 2e-20, 3e-20, 2e-20, 2e-20, -1
-0.326157, 0.316848, 0.0720028, 0.05, 0.184895, -0.0261831, 0.218111, 0.287131, 991.541, -13533.7, 10, 2e-20, 3e-20, 2e-20, 2e-20, -1
-0.392278, 0.254637, 0.14188, 0.05, -0.584479, -0.506348, 0.121553, 0.782802, 1005.79, 9258.59, 10, 2e-20, 3e-20, 2e-20, 2e-20, -1
-0.36035, 0.228874, 0.142414, 0.05, 0.0218608, -0.245851, -0.0651118, 0.255265, 1013.32, 21308.3, 10, 2e-20, 3e-20, 2e-20, 2e-20, -1
-0.410204, 0.30904, 0.166647, 0.05, -0.386018, -0.461887, -0.0959, 0.609546, 1011.17, 17876, 10, 2e-20, 3e-20, 2e-20, 2e-20, -1
-0.369879, 0.267728, 0.200057, 0.05, -0.0259258, 0.157418, 0.801922, 0.817637, 1000.5, 805.218, 10, 2e-20, 3e-20, 2e-20, 2e-20, -1
-0.385263, 0.160074, 0.153214, 0.05, -0.366539, -0.522892, 0.338277, 0.722632, 1018.99, 30387.2, 10, 2e-20, 3e-20, 2e-20, 2e-20, -1
-0.382294, 0.179401, 0.193078, 0.05, -0.292727, -0.00258897, -0.177653, 0.342427, 1000.6, 966.958, 10, 2e-20, 3e-20, 2e-20, 2e-20, -1
-0.412755, 0.128852, 0.180163, 0.05, -0.43528, 0.444086, 0.357477, 0.717266, 1015.29, 24461.3, 10, 2e-20, 3e-20, 2e-20, 2e-20, -1
-0.434201, 0.239102, 0.244576, 0.05, -0.204035, -0.0391046, 0.320581, 0.38201, 1009.81, 15695.2, 10, 2e-20, 3e-20, 2e-20, 2e-20, -1
-0.454131, 0.152015, 0.224177, 0.05, 0.0432914, -0.49777, -0.0704877, 0.504596, 1006.3, 10072.3, 10, 2e-20, 3e-20, 2e-20, 2e-20, -1
-0.469876, 0.20086, 0.243294, 0.05, -0.0579566, 0.0966478, 0.379222, 0.395612, 1000.05, 73.121, 10, 2e-20, 3e-20, 2e-20, 2e-20, -1
-0.456576, 0.159992, 0.272761, 0.05, -0.287073, 0.15491, -0.0935274, 0.339345, 1009.96, 15939.7, 10, 2e-20, 3e-20, 2e-20, 2e-20, -1
-0.420765, 0.192367, 0.257739, 0.05, -0.073879, 0.0861397, -0.0263443, 0.1165, 1013.79, 22071.2, 10, 2e-20, 3e-20, 2e-20, 2e-20, -1
-0.420482, 0.214656, 0.303126, 0.05, -0.131132, -0.0310304, -0.0298686, 0.138024, 1006.23, 9960.08, 10, 2e-20, 3e-20, 2e-20, 2e-20, -1
-0.445127, 0.230121, 0.348088, 0.05, -0.0587065, 0.184559, -0.0696297, 0.205808, 1004.16, 6660.41, 10, 2e-20, 3e-20, 2e-20, 2e-20, -1
-0.398588, 0.248722, 0.37157, 0.05, 0.0583489, -0.235868, -0.242479, 0.343271, 1000.18, 295.696, 10, 2e-20, 3e-20, 2e-20, 2e-20, -1
-0.38443, 0.0989059, 0.382243, 0.05, -0.0157926, -0.226415, -0.199708, 0.302318, 1006.56, 10498.1, 10, 2e-20, 3e-20, 2e-20, 2e-20, -1
-0.388447, 0.215764, 0.41034, 0.05, -0.149522, 0.0354616, 0.0541536, 0.162933, 996.842, -5052.36, 10, 2e-20, 3e-20, 2e-20, 2e-20, -1
-0.374994, 0.143498, 0.410268, 0.05, -0.00477273, 0.0225628, 0.130618, 0.132638, 993.252, -10796.8, 10, 2e-20, 3e-20, 2e-20, 2e-20, -1
-0.344058, 0.315767, 0.46866, 0.05, -0.20819, -0.0796755, -0.198843, 0.298714, 1002.14, 3419.47, 10, 2e-20, 3e-20, 2e-20, 2e-20, -1
-0.307766, 0.202383, 0.423801, 0.05, -0.221795, -0.00286657, -0.13299, 0.258626, 1011.05, 17684, 10, 2e-20, 3e-20, 2e-20, 2e-20, -1
-0.354465, 0.205715, 0.442969, 0.05, -0.123066, -0.0454982, -0.326101, 0.351507, 1010.45, 16727.7, 10, 2e-20, 3e-20, 2e-20, 2e-20, -1
-0.44046, 0.231687, 0.462909, 0.05, 0.0726934, 0.095045, -0.280813, 0.305243, 1003.03, 4846.88, 10, 2e-20, 3e-20, 2e-20, 2e-20, -1
-0.365816, 0.231328, 0.490513, 0.05, -0.324772, 0.139829, 0.0518274, 0.357373, 1016.26, 26016.7, 10, 2e-20, 3e-20, 2e-20, 2e-20, -1
-0.366917, 0.222668, 0.538541, 0.05, -0.126906, -0.216254, 0.0295081, 0.252471, 1004.4, 7045.64, 10, 2e-20, 3e-20, 2e-20, 2e-20, -1
-0.399101, 0.186191, 0.56044, 0.05, 0.144493, 0.189008, 0.105483, 0.260248, 998.584, -2265.55, 10, 2e-20, 3e-20, 2e-20, 2e-20, -1
-0.368228, 0.153657, 0.531975, 0.05, -0.0148175, 0.00716816, -0.125277, 0.126354, 1003.72, 5944.55, 10, 2e-20, 3e-20, 2e-20, 2e-20, -1
-0.434562, 0.129685, 0.616825, 0.05, -0.0336972, 0.14109, -0.0183951, 0.14622, 1007.6, 12162.4, 10, 2e-20, 3e-20, 2e-20, 2e-20, -1
-0.455961, 0.120127, 0.664769, 0.05, -0.071397, 0.0399704, -0.164692, 0.183899, 1003.4, 5445.87, 10, 2e-20, 3e-20, 2e-20, 2e-20, -1
-0.456452, 0.207148, 0.62378, 0.05, 0.159097, 0.0688311, 0.0111622, 0.173707, 1005.71, 9142.88, 10, 2e-20, 3e-20, 2e-20, 2e-20, -1
-0.452063, 0.170559, 0.666459, 0.05, -0.0764447, 0.017724, -0.366231, 0.374543, 1004.61, 7375.26, 10, 2e-20, 3e-20, 2e-20, 2e-20, -1
-0.429317, 0.327042, 0.667867, 0.05, -0.141069, -0.0825285, -0.218623, 0.272961, 1008.84, 14147.4, 10, 2e-20, 3e-20, 2e-20, 2e-20, -1
-0.455985, 0.218469, 0.67366, 0.05, 0.0994842, -0.0428016, -0.260772, 0.282367, 1009.11, 14577.3, 10, 2e-20, 3e-20, 2e-20, 2e-20, -1
-0.439517, 0.216906, 0.735363, 0.05, -0.0536873, 0.097146, -0.0531145, 0.123048, 997.077, -4676.08, 10, 2e-20, 3e-20, 2e-20, 2e-20, -1
-0.403721, 0.265819, 0.736693, 0.05, -0.0181021, -0.0768979, -0.103439, 0.130156, 999.77, -367.49, 10, 2e-20, 3e-20, 2e-20, 2e-20, -1
-0.376819, 0.273292, 0.810937, 0.05, 0.0100257, 0.0179769, -0.0766569, 0.0793723, 1004.09, 6549.5, 10, 2e-20, 3e-20, 2e-20, 2e-20, -1
-0.378069, 0.245573, 0.859354, 0.05, 0.129726, -0.0924585, -0.1269, 0.203669, 1002.51, 4013.42, 10, 2e-20, 3e-20, 2e-20, 2e-20, -1
-0.345035, 0.15267, 0.962148, 0.05, 0.0210239, -0.163402, -0.0121629, 0.165197, 995.96, -6464.44, 10, 2e-20, 3e-20, 2e-20, 2e-20, -1
-0.408078, 0.204366, 0.856487, 0.05, 0.178785, -0.203625, 0.00949171, 0.271141, 993.196, -10886.4, 10, 2e-20, 3e-20, 2e-20, 2e-20, -1
-0.394555, 0.185866, 0.917895, 0.05, 0.104105, 0.00374109, -0.158401, 0.189586, 1005.52, 8827.35, 10, 2e-20, 3e-20, 2e-20, 2e-20, -1
-0.372109, 0.141062, 0.920583, 0.05, 0.0155367, -0.0275457, -0.289484, 0.291206, 1005.67, 9064.4, 10, 2e-20, 3e-20, 2e-20, 2e-20, -1
-0.30342, 0.141884, 0.988293, 0.05, -0.0505345, -0.253289, -0.190297, 0.320815, 1000.24, 385.769, 10, 2e-20, 3e-20, 2e-20, 2e-20, -1
-0.27469, 0.125681, 1.0274, 0.05, -0.095485, -0.210738, -0.012386, 0.231692, 1003.71, 5935.36, 10, 2e-20, 3e-20, 2e-20, 2e-20, -1
-0.245186, 0.0977293, 1.10973, 0.05, -0.053781, -0.209894, -0.0822562, 0.231763, 998.902, -1757.46, 10, 2e-20, 3e-20, 2e-20, 2e-20, -1
-0.172846, 0.104148, 1.20641, 0.05, -0.0583288, -0.00171852, 0.0251251, 0.0635333, 1004.15, 6644.96, 10, 2e-20, 3e-20, 2e-20, 2e-20, -1
-0.20297, 0.0694625, 1.17672, 0.05, -0.0213227, 0.0178166, 0.0136888, 0.0309753, 999.271, -1167.17, 10, 2e-20, 3e-20, 2e-20, 2e-20, -1
-0.152442, 0.0846075, 1.30026, 0.05, -0.0109285, -0.136222, -0.0344827, 0.140943, 996.957, -4868.7, 10, 2e-20, 3e-20, 2e-20, 2e-20, -1
-0.16511, 0.20958, 1.32676, 0.05, 0.0547565, -0.236206, -0.0659062, 0.251267, 999.054, -1514.21, 10, 2e-20, 3e-20, 2e-20, 2e-20, -1
-0.153343, 0.192482, 1.39486, 0.05, 0.0886444, -0.0780495, -0.0328396, 0.122589, 1002.28, 3652.27, 10, 2e-20, 3e-20, 2e-20, 2e-20, -1
-0.304961, 0.358647, 0.0481175, 0.05, 0.596205, -0.262189, 0.114615, 0.661317, 1020.26, 32409.9, 10, 2e-20, 3e-20, 2e-20, 2e-20, -1
-0.333427, 0.406566, 0.0526981, 0.05, -0.329734, 0.312912, -0.362663, 0.581518, 1021.83, 34930.6, 10, 2e-20, 3e-20, 2e-20, 2e-20, -1
-0.409772, 0.370447, 0.0965993, 0.05, -0.473412, 0.0558464, 0.34281, 0.58716, 1006.26, 10016.8, 10, 2e-20, 3e-20, 2e-20, 2e-20, -1
-0.369174, 0.312247, 0.101234, 0.05, -0.43018, -0.468172, 0.281039, 0.695142, 1013.45, 21524.6, 10, 2e-20, 3e-20, 2e-20, 2e-20, -1
-0.317206, 0.341185, 0.139676, 0.05, -0.142405, 0.282122, 0.114742, 0.336211, 1007.4, 11842.3, 10, 2e-20, 3e-20, 2e-20, 2e-20, -1
-0.374255, 0.355851, 0.13472, 0.05, 0.49133, -0.416457, 0.0135538, 0.644225, 1000.63, 1000.42, 10, 2e-20, 3e-20, 2e-20, 2e-20, -1
-0.37468, 0.333727, 0.183617, 0.05, 0.38943, 0.205579, 0.288268, 0.526324, 991.614, -13417, 10, 2e-20, 3e-20, 2e-20, 2e-20, -1
-0.417171, 0.265938, 0.207492, 0.05, -0.103338, -0.370014, -0.631174, 0.738898, 998.414, -2537.36, 10, 2e-20, 3e-20, 2e-20, 2e-20, -1
-0.429847, 0.197719, 0.206588, 0.05, 0.454774, 0.0837668, -0.0793962, 0.469191, 1017.14, 27423.2, 10, 2e-20, 3e-20, 2e-20, 2e-20, -1
-0.372816, 0.302431, 0.228312, 0.05, 0.154132, 0.0197926, 0.124905, 0.199373, 998.852, -1837.18, 10, 2e-20, 3e-20, 2e-20, 2e-20, -1
-0.426908, 0.335275, 0.264403, 0.05, 0.0525787, -0.335641, 0.152002, 0.372188, 992.075, -12680.3, 10, 2e-20, 3e-20, 2e-20, 2e-20, -1
-0.384896, 0.237962, 0.248984, 0.05, 0.0183457, 0.172095, 0.284009, 0.332588, 1008.48, 13567.1, 10, 2e-20, 3e-20, 2e-20, 2e-20, -1
-0.397959, 0.296852, 0.269643, 0.05, -0.231278, 0.237924, -0.241324, 0.410286, 1012.4, 19836.7, 10, 2e-20, 3e-20, 2e-20, 2e-20, -1
-0.35723, 0.26954, 0.282143, 0.05, -0.16513, 0.136509, -0.486096, 0.531217, 999.036, -1542.5, 10, 2e-20, 3e-20, 2e-20, 2e-20, -1
-0.380562, 0.300392, 0.314989, 0.05, 0.108517, 0.176387, 0.110747, 0.234847, 1009.53, 15250.1, 10, 2e-20, 3e-20, 2e-20, 2e-20, -1
-0.367716, 0.221543, 0.297901, 0.05, 0.322154, -0.202205, -0.00537785, 0.380394, 999.796, -325.973, 10, 2e-20, 3e-20, 2e-20, 2e-20, -1
-0.365465, 0.249211, 0.340033, 0.05, -0.0924364, -0.122454, -0.300693, 0.337574, 1005.94, 9502.36, 10, 2e-20, 3e-20, 2e-20, 2e-20, -1
-0.312835, 0.252752, 0.350487, 0.05, -0.108029, -0.0876796, -0.375977, 0.400895, 1001.61, 2571.13, 10, 2e-20, 3e-20, 2e-20, 2e-20, -1
-0.395763, 0.277442, 0.412666, 0.05, -0.0915473, -0.00530117, 0.524334, 0.532293, 999.971, -46.9711, 10, 2e-20, 3e-20, 2e-20, 2e-20, -1
-0.350155, 0.312552, 0.418945, 0.05, -0.0871374, 0.131802, 0.149161, 0.217288, 1000.46, 742.405, 10, 2e-20, 3e-20, 2e-20, 2e-20, -1
-0.389898, 0.326713, 0.448638, 0.05, -0.018758, -0.128866, -0.145671, 0.195392, 1007.38, 11806.9, 10, 2e-20, 3e-20, 2e-20, 2e-20, -1
-0.329803, 0.391255, 0.463776, 0.05, 0.145681, -0.120469, 0.0915153, 0.210026, 1009.92, 15868.3, 10, 2e-20, 3e-20, 2e-20, 2e-20, -1
-0.370229, 0.364505, 0.47721, 0.05, -0.150605, 0.0936157, 0.177624, 0.25099, 998.214, -2857.6, 10, 2e-20, 3e-20, 2e-20, 2e-20, -1
-0.404637, 0.343207, 0.506893, 0.05, -0.147965, 0.0474585, -0.134294, 0.20538, 1005.93, 9495.71, 10, 2e-20, 3e-20, 2e-20, 2e-20, -1
-0.419638, 0.268568, 0.505741, 0.05, 0.273603, -0.187864, 0.305763, 0.451268, 1002.08, 3324.09, 10, 2e-20, 3e-20, 2e-20, 2e-20, -1
-0.391339, 0.342836, 0.553667, 0.05, -0.115835, -0.120311, 0.0708362, 0.181412, 1006.61, 10568.9, 10, 2e-20, 3e-20, 2e-20, 2e-20, -1
-0.42043, 0.305228, 0.537443, 0.05, -0.0577357, -0.152759, -0.134945, 0.211846, 1014.4, 23043.6, 10, 2e-20, 3e-20, 2e-20, 2e-20, -1
-0.411768, 0.217594, 0.512006, 0.05, 0.215783, 0.163106, 0.100689, 0.288625, 1003.36, 5382.13, 10, 2e-20, 3e-20, 2e-20, 2e-20, -1
-0.448167, 0.183576, 0.578709, 0.05, 0.196716, 0.00935597, 0.128801, 0.235318, 1005.13, 8203.72, 10, 2e-20, 3e-20, 2e-20, 2e-20, -1
-0.419445, 0.240987, 0.618941, 0.05, 0.0656735, -0.0862864, -0.00416497, 0.108516, 1003.52, 5632.55, 10, 2e-20, 3e-20, 2e-20, 2e-20, -1
-0.387851, 0.333138, 0.650725, 0.05, -0.227454, 0.0513759, -0.276481, 0.361686, 1002.17, 3467.11, 10, 2e-20, 3e-20, 2e-20, 2e-20, -1
-0.348065, 0.33502, 0.651526, 0.05, 0.0227954, 0.0279006, -0.211366, 0.214415, 1003.46, 5539.95, 10, 2e-20, 3e-20, 2e-20, 2e-20, -1
-0.348263, 0.354391, 0.694847, 0.05, 0.0200919, 0.176813, -0.179023, 0.25242, 1010.34, 16551, 10, 2e-20, 3e-20, 2e-20, 2e-20, -1
-0.436815, 0.312536, 0.712493, 0.05, -0.128489, 0.00888403, -0.274965, 0.303635, 1007.68, 12283, 10, 2e-20, 3e-20, 2e-20, 2e-20, -1
-0.450025, 0.261713, 0.70273, 0.05, -0.0773924, 0.088799, 0.0829891, 0.14409, 995.435, -7303.31, 10, 2e-20, 3e-20, 2e-20, 2e-20, -1
-0.409084, 0.329411, 0.807476, 0.05, 0.0624667, 0.05252, -0.183873, 0.20117, 1004.97, 7954.43, 10, 2e-20, 3e-20, 2e-20, 2e-20, -1
-0.350578, 0.31842, 0.802904, 0.05, -0.0801114, -0.0164735, -0.261972, 0.274442, 1004.92, 7864.79, 10, 2e-20, 3e-20, 2e-20, 2e-20, -1
-0.383763, 0.330778, 0.765054, 0.05, -0.148279, 0.034281, -0.130952, 0.200774, 1001.98, 3165.08, 10, 2e-20, 3e-20, 2e-20, 2e-20, -1
-0.361735, 0.297224, 0.850291, 0.05, -0.159894, -0.0577624, -0.272914, 0.321535, 1006.97, 11154.1, 10, 2e-20, 3e-20, 2e-20, 2e-20, -1
-0.309089, 0.298736, 0.819985, 0.05, 0.0727061, 0.0374951, -0.324828, 0.334971, 1000.47, 759.674, 10, 2e-20, 3e-20, 2e-20, 2e-20, -1
-0.326585, 0.253549, 0.846151, 0.05, -0.110369, -0.187745, -0.152245, 0.265721, 1000.87, 1391.24, 10, 2e-20, 3e-20, 2e-20, 2e-20, -1
-0.301951, 0.190641, 0.952761, 0.05, -0.142182, 0.0230687, -0.158885, 0.214458, 1001.07, 1704.69, 10, 2e-20, 3e-20, 2e-20, 2e-20, -1
-0.276169, 0.144582, 1.07515, 0.05, 0.0304247, 0.0690242, 0.0279215, 0.0804339, 1001.28, 2055.62, 10, 2e-20, 3e-20, 2e-20, 2e-20, -1
-0.212117, 0.203136, 1.10705, 0.05, -0.120396, 0.0398893, -0.063379, 0.141786, 1004.52, 7233.55, 10, 2e-20, 3e-20, 2e-20, 2e-20, -1
-0.198053, 0.165488, 1.07791, 0.05, -0.0655944, 0.0114808, -0.102809, 0.122491, 1001.64, 2619.39, 10, 2e-20, 3e-20, 2e-20, 2e-20, -1
-0.203775, 0.157282, 1.14873, 0.05, -0.0584054, 0.0161411, 0.0770924, 0.098056, 1002.95, 4713.9, 10, 2e-20, 3e-20, 2e-20, 2e-20, -1
-0.179992, 0.17797, 1.19292, 0.05, 0.038209, -0.0755774, -0.0340987, 0.091294, 998.127, -2996.49, 10, 2e-20, 3e-20, 2e-20, 2e-20, -1
-0.15348, 0.148086, 1.23237, 0.05, -0.0443582, 0.0234362, -0.0770863, 0.091974, 1006.15, 9838.54, 10, 2e-20, 3e-20, 2e-20, 2e-20, -1
-0.128529, 0.136469, 1.29343, 0.05, 0.157534, -0.0681763, -0.0906076, 0.194099, 998.82, -1887.41, 10, 2e-20, 3e-20, 2e-20, 2e-20, -1
-0.130098, 0.184884, 1.3547, 0.05, 0.0538357, -0.121826, -0.0982667, 0.165518, 1002.13, 3400.49, 10, 2e-20, 3e-20, 2e-20, 2e-20, -1
-0.187676, 0.244842, 1.40794, 0.05, 0.125389, -0.139625, -0.14351, 0.236247, 997.192, -4492.66, 10, 2e-20, 3e-20, 2e-20, 2e-20, -1
-0.352512, 0.460859, 0.0509299, 0.05, 0.616105, 0.106758, 0.188414, 0.653056, 1007.4, 11843.8, 10, 2e-20, 3e-20, 2e-20, 2e-20, -1
-0.357487, 0.41803, 0.0959117, 0.05, 0.463045, 0.218833, -0.23093, 0.561808, 998.934, -1705.75, 10, 2e-20, 3e-20, 2e-20, 2e-20, -1
-0.388876, 0.413055, 0.116854, 0.05, -0.544617, 0.383374, -0.159439, 0.684839, 1012.77, 20434.2, 10, 2e-20, 3e-20, 2e-20, 2e-20, -1
-0.380159, 0.458916, 0.0947247, 0.05, -0.142742, 0.0621027, -0.0818869, 0.17589, 1000.12, 198.993, 10, 2e-20, 3e-20, 2e-20, 2e-20, -1
-0.415675, 0.365911, 0.146837, 0.05, -0.12781, 0.177118, 0.0782826, 0.232022, 1017.9, 28647, 10, 2e-20, 3e-20, 2e-20, 2e-20, -1
-0.44546, 0.34338, 0.182052, 0.05, -0.529159, 0.191327, 0.0372386, 0.563916, 990.307, -15509.5, 10, 2e-20, 3e-20, 2e-20, 2e-20, -1
-0.40171, 0.354877, 0.225387, 0.05, 0.0942933, 0.169288, -0.256901, 0.321789, 1017.45, 27914.3, 10, 2e-20, 3e-20, 2e-20, 2e-20, -1
-0.429492, 0.306096, 0.213919, 0.05, 0.0553657, -0.265309, -0.106496, 0.291197, 997.043, -4731.94, 10, 2e-20, 3e-20, 2e-20, 2e-20, -1
-0.399226, 0.412261, 0.29447, 0.05, -0.00581257, -0.343723, 0.0716791, 0.351165, 1010.24, 16377.1, 10, 2e-20, 3e-20, 2e-20, 2e-20, -1
-0.404192, 0.382785, 0.257532, 0.05, -0.163885, 0.19121, 0.123578, 0.280519, 1012.99, 20789.1, 10, 2e-20, 3e-20, 2e-20, 2e-20, -1
-0.354689, 0.402262, 0.323498, 0.05, -0.149732, -0.182674, -0.180104, 0.29703, 1006.37, 10196.3, 10, 2e-20, 3e-20, 2e-20, 2e-20, -1
-0.355228, 0.396703, 0.276272, 0.05, -0.105356, 0.225979, 0.131219, 0.281753, 1005.12, 8197.15, 10, 2e-20, 3e-20, 2e-20, 2e-20, -1
-0.400472, 0.35054, 0.304889, 0.05, -0.00799719, 0.0959234, -0.113312, 0.148677, 1011.34, 18143.4, 10, 2e-20, 3e-20, 2e-20, 2e-20, -1
-0.374422, 0.357347, 0.350246, 0.05, -0.127099, -0.0743292, -0.106157, 0.181517, 1001.82, 2905.46, 10, 2e-20, 3e-20, 2e-20, 2e-20, -1
-0.348156, 0.386767, 0.384037, 0.05, -0.170494, -0.121015, -0.127219, 0.24474, 1005.74, 9179.35, 10, 2e-20, 3e-20, 2e-20, 2e-20, -1
-0.396944, 0.383941, 0.397676, 0.05, -0.220065, -0.116282, -0.0663946, 0.257601, 1006.9, 11046.6, 10, 2e-20, 3e-20, 2e-20, 2e-20, -1
-0.380188, 0.300609, 0.364128, 0.05, -0.0615056, 0.101058, -0.44178, 0.457346, 1013, 20799.9, 10, 2e-20, 3e-20, 2e-20, 2e-20, -1
-0.300909, 0.439628, 0.465809, 0.05, -0.163642, 0.166748, -0.185111, 0.298076, 999.448, -883.784, 10, 2e-20, 3e-20, 2e-20, 2e-20, -1
-0.337281, 0.324283, 0.374901, 0.05, 0.079651, 0.0233695, -0.00458299, 0.0831349, 999.291, -1134.42, 10, 2e-20, 3e-20, 2e-20, 2e-20, -1
-0.398883, 0.332276, 0.395529, 0.05, -0.224474, 0.0974011, 0.112295, 0.269232, 1001.64, 2623.79, 10, 2e-20, 3e-20, 2e-20, 2e-20, -1
-0.347126, 0.392513, 0.512866, 0.05, -0.0755691, 0.150914, -0.192019, 0.25565, 1009.12, 14595.1, 10, 2e-20, 3e-20, 2e-20, 2e-20, -1
-0.374458, 0.462617, 0.570562, 0.05, -0.237528, 1.02264e-05, 0.0581276, 0.244537, 1005.88, 9407.33, 10, 2e-20, 3e-20, 2e-20, 2e-20, -1
-0.329611, 0.445732, 0.578943, 0.05, 0.0236638, 0.166041, -0.189467, 0.253036, 1009.71, 15532.4, 10, 2e-20, 3e-20, 2e-20, 2e-20, -1
-0.352122, 0.38242, 0.561382, 0.05, 0.0902194, -0.15181, -0.0370209, 0.180434, 1000.44, 708.91, 10, 2e-20, 3e-20, 2e-20, 2e-20, -1
-0.309175, 0.398344, 0.589314, 0.05, 0.0761841, -0.208742, -0.0882499, 0.239093, 999.416, -934.643, 10, 2e-20, 3e-20, 2e-20, 2e-20, -1
-0.395656, 0.298734, 0.581525, 0.05, -0.0705452, -0.0342708, -0.0321926, 0.084779, 1002.3, 3682.98, 10, 2e-20, 3e-20, 2e-20, 2e-20, -1
-0.336542, 0.320759, 0.562259, 0.05, -0.00573998, -0.183998, 0.173726, 0.253118, 1000.84, 1344.05, 10, 2e-20, 3e-20, 2e-20, 2e-20, -1
-0.434951, 0.237118, 0.579822, 0.05, 0.157006, -0.00883804, 0.0135759, 0.15784, 996.437, -5701.15, 10, 2e-20, 3e-20, 2e-20, 2e-20, -1
-0.453728, 0.343732, 0.632661, 0.05, 0.000728941, -0.101543, 0.0560167, 0.115971, 995.123, -7803.86, 10, 2e-20, 3e-20, 2e-20, 2e-20, -1
-0.347404, 0.434157, 0.840847, 0.05, -0.0335794, -0.0636377, 0.079543, 0.107259, 995.792, -6732.93, 10, 2e-20, 3e-20, 2e-20, 2e-20, -1
-0.307522, 0.403802, 0.707979, 0.05, 0.0959527, -0.00389176, -0.135931, 0.166431, 994.293, -9130.53, 10, 2e-20, 3e-20, 2e-20, 2e-20, -1
-0.332104, 0.376254, 0.776206, 0.05, 0.0779154, 0.0176885, -0.159829, 0.178686, 993.225, -10839.3, 10, 2e-20, 3e-20, 2e-20, 2e-20, -1
-0.415308, 0.392369, 0.74351, 0.05, 0.149473, -0.0518143, -0.105828, 0.190332, 1003, 4798.09, 10, 2e-20, 3e-20, 2e-20, 2e-20, -1
-0.366217, 0.367042, 0.811268, 0.05, 0.00618368, -0.107855, -0.156235, 0.189948, 1006.48, 10361.4, 10, 2e-20, 3e-20, 2e-20, 2e-20, -1
-0.364623, 0.401259, 0.896097, 0.05, -0.00344347, -0.138569, -0.305224, 0.335224, 1002.82, 4504.36, 10, 2e-20, 3e-20, 2e-20, 2e-20, -1
-0.419464, 0.332105, 0.749941, 0.05, 0.0302299, -0.0146375, -0.158168, 0.161694, 1002.38, 3806.38, 10, 2e-20, 3e-20, 2e-20, 2e-20, -1
-0.317593, 0.391752, 0.817017, 0.05, -0.0833993, -0.109531, -0.185628, 0.231106, 1004.44, 7096.78, 10, 2e-20, 3e-20, 2e-20, 2e-20, -1
-0.294622, 0.363628, 0.882262, 0.05, 0.0206894, -0.153429, -0.27096, 0.31207, 999.857, -228.453, 10, 2e-20, 3e-20, 2e-20, 2e-20, -1
-0.298851, 0.327141, 0.785338, 0.05, -0.0052091, 0.0961481, -0.199641, 0.221649, 1006.07, 9714.91, 10, 2e-20, 3e-20, 2e-20, 2e-20, -1
-0.282154, 0.301286, 0.865323, 0.05, 0.125998, -0.135239, -0.120782, 0.220802, 998.278, -2755.88, 10, 2e-20, 3e-20, 2e-20, 2e-20, -1
-0.304741, 0.229114, 0.881497, 0.05, 0.0300739, -0.104665, -0.0135821, 0.109744, 1005.53, 8849.26, 10, 2e-20, 3e-20, 2e-20, 2e-20, -1
-0.29838, 0.190224, 1.00487, 0.05, 0.0369506, 0.102582, 0.0239773, 0.111639, 1005.95, 9526.87, 10, 2e-20, 3e-20, 2e-20, 2e-20, -1
-0.259296, 0.199026, 1.03717, 0.05, 0.0767655, -0.0238642, 0.0218576, 0.0833078, 1007.65, 12242.8, 10, 2e-20, 3e-20, 2e-20, 2e-20, -1
-0.219987, 0.278582, 1.01792, 0.05, 0.0450076, 0.191308, -0.160311, 0.253622, 1001.44, 2308.21, 10, 2e-20, 3e-20, 2e-20, 2e-20, -1
-0.216301, 0.217432, 1.06004, 0.05, -0.0610708, -0.0963681, 0.0210125, 0.116009, 1005.69, 9108.36, 10, 2e-20, 3e-20, 2e-20, 2e-20, -1
-0.244225, 0.271815, 1.05842, 0.05, 0.246278, 0.256815, -0.21397, 0.415198, 999.648, -563.311, 10, 2e-20, 3e-20, 2e-20, 2e-20, -1
-0.201842, 0.242383, 1.12988, 0.05, -0.00821128, -0.100927, -0.344508, 0.359081, 993.873, -9802.57, 10, 2e-20, 3e-20, 2e-20, 2e-20, -1
-0.206386, 0.250101, 1.07142, 0.05, 0.200262, 0.0723678, 0.0694576, 0.223979, 1003.8, 6083.09, 10, 2e-20, 3e-20, 2e-20, 2e-20, -1
-0.137761, 0.190853, 1.29161, 0.05, 0.0799318, -0.16789, -0.0981804, 0.210275, 1004.95, 7924.37, 10, 2e-20, 3e-20, 2e-20, 2e-20, -1
-0.18216, 0.204649, 1.23408, 0.05, 0.10381, -0.0525705, -0.0689867, 0.135275, 1000.96, 1540.45, 10, 2e-20, 3e-20, 2e-20, 2e-20, -1
-0.282883, 0.293086, 1.37806, 0.05, -0.0229505, -0.0860985, -0.0752681, 0.11664, 1004.01, 6421.09, 10, 2e-20, 3e-20, 2e-20, 2e-20, -1
-0.309349, 0.493671, 0.0498282, 0.05, -0.00218473, -0.00487716, 0.0734604, 0.0736545, 1011.42, 18271.6, 10, 2e-20, 3e-20, 2e-20, 2e-20, -1
-0.381824, 0.498261, 0.372923, 0.05, 0.272703, -0.244432, 0.125488, 0.387119, 1007.28, 11640.8, 10, 2e-20, 3e-20, 2e-20, 2e-20, -1
-0.434086, 0.500253, 0.281414, 0.05, -0.416167, -0.0777569, -0.293287, 0.515033, 1016.39, 26231.3, 10, 2e-20, 3e-20, 2e-20, 2e-20, -1
-0.401234, 0.460877, 0.275496, 0.05, -0.249912, 0.244302, -0.295913, 0.457935, 1010.34, 16543.2, 10, 2e-20, 3e-20, 2e-20, 2e-20, -1
-0.395922, 0.433506, 0.196564, 0.05, -0.0410656, -0.246032, -0.148418, 0.290251, 1008.28, 13251.7, 10, 2e-20, 3e-20, 2e-20, 2e-20, -1
-0.349866, 0.400748, 0.161487, 0.05, -0.123755, -0.273131, 0.231218, 0.378653, 1004.8, 7687.57, 10, 2e-20, 3e-20, 2e-20, 2e-20, -1
-0.389847, 0.390339, 0.178241, 0.05, 0.457289, -0.00546105, 0.503911, 0.680492, 1003.84, 6137.66, 10, 2e-20, 3e-20, 2e-20, 2e-20, -1
-0.35669, 0.386526, 0.222547, 0.05, -0.336844, 0.0141009, -0.579344, 0.6703, 1025.82, 41312.6, 10, 2e-20, 3e-20, 2e-20, 2e-20, -1
-0.336129, 0.444763, 0.344582, 0.05, -0.10026, 0.11446, -0.196888, 0.248833, 1005.1, 8152.55, 10, 2e-20, 3e-20, 2e-20, 2e-20, -1
-0.376452, 0.424406, 0.370928, 0.05, -0.272951, 0.0130175, -0.203333, 0.340611, 1009.77, 15637, 10, 2e-20, 3e-20, 2e-20, 2e-20, -1
-0.382308, 0.442539, 0.324021, 0.05, -0.131128, -0.228248, 0.208927, 0.336069, 999.721, -446.312, 10, 2e-20, 3e-20, 2e-20, 2e-20, -1
-0.397513, 0.442221, 0.41594, 0.05, -0.138722, -0.0613314, -0.226641, 0.272712, 1005.88, 9415.89, 10, 2e-20, 3e-20, 2e-20, 2e-20, -1
-0.322864, 0.362096, 0.349182, 0.05, 0.0489884, -0.0213539, -0.0477365, 0.0716563, 1005.37, 8593.43, 10, 2e-20, 3e-20, 2e-20, 2e-20, -1
-0.268811, 0.499733, 0.608637, 0.05, -0.0787247, 0.0382457, 0.00851646, 0.0879366, 998.189, -2897.41, 10, 2e-20, 3e-20, 2e-20, 2e-20, -1
-0.343733, 0.442616, 0.394032, 0.05, -0.0510886, 0.335434, 0.169347, 0.379216, 1000.65, 1032.2, 10, 2e-20, 3e-20, 2e-20, 2e-20, -1
-0.38598, 0.503139, 0.601673, 0.05, -0.363839, -0.14427, -0.0380321, 0.393241, 1013.2, 21122.6, 10, 2e-20, 3e-20, 2e-20, 2e-20, -1
-0.321632, 0.49943, 0.575985, 0.05, 0.0964891, -0.126509, 0.0510163, 0.167085, 997.521, -3966.68, 10, 2e-20, 3e-20, 2e-20, 2e-20, -1
-0.362694, 0.44033, 0.531157, 0.05, -0.069483, -0.160795, -0.255991, 0.310184, 1006.12, 9787.3, 10, 2e-20, 3e-20, 2e-20, 2e-20, -1
-0.357833, 0.36003, 0.425482, 0.05, -0.00918254, -0.39026, -0.0706272, 0.396706, 999.801, -317.805, 10, 2e-20, 3e-20, 2e-20, 2e-20, -1
-0.335831, 0.496829, 0.618569, 0.05, 0.140435, -0.0128259, 0.168191, 0.219487, 1004.21, 6740.3, 10, 2e-20, 3e-20, 2e-20, 2e-20, -1
-0.401682, 0.441412, 0.673971, 0.05, -0.0386433, -0.0314588, -0.0514732, 0.0716411, 1005.93, 9481.01, 10, 2e-20, 3e-20, 2e-20, 2e-20, -1
-0.360288, 0.452754, 0.773243, 0.05, 0.0287392, 0.104439, -0.203268, 0.230328, 1006.56, 10503.5, 10, 2e-20, 3e-20, 2e-20, 2e-20, -1
-0.3675, 0.417703, 0.591832, 0.05, -0.132625, -0.0451199, 0.09091, 0.167002, 1001.96, 3143.17, 10, 2e-20, 3e-20, 2e-20, 2e-20, -1
-0.36965, 0.422653, 0.643382, 0.05, -0.1894, -0.254596, -0.166869, 0.35852, 1006.01, 9612.86, 10, 2e-20, 3e-20, 2e-20, 2e-20, -1
-0.365926, 0.34803, 0.596171, 0.05, 0.10798, 0.117877, 0.271104, 0.314726, 1003.3, 5279.64, 10, 2e-20, 3e-20, 2e-20, 2e-20, -1
-0.418653, 0.402967, 0.699407, 0.05, 0.0278911, 0.00746769, -0.178228, 0.180552, 1005.33, 8525.19, 10, 2e-20, 3e-20, 2e-20, 2e-20, -1
-0.420983, 0.29458, 0.625271, 0.05, 0.0802721, -0.207489, 0.164063, 0.276427, 999.93, -112.039, 10, 2e-20, 3e-20, 2e-20, 2e-20, -1
-0.42538, 0.441334, 0.816864, 0.05, -0.129903, 0.0487115, -0.294593, 0.325627, 1000.01, 10.5354, 10, 2e-20, 3e-20, 2e-20, 2e-20, -1
-0.348544, 0.426874, 0.799432, 0.05, -0.0849273, 0.0249946, -0.116197, 0.146079, 1003.08, 4923.02, 10, 2e-20, 3e-20, 2e-20, 2e-20, -1
-0.395557, 0.474712, 1.04028, 0.05, 0.283006, 0.00123624, 0.423679, 0.509508, 996.206, -6070.59, 10, 2e-20, 3e-20, 2e-20, 2e-20, -1
-0.314472, 0.416503, 1.07586, 0.05, 0.26701, -0.177033, -0.143433, 0.351009, 986.165, -22136.3, 10, 2e-20, 3e-20, 2e-20, 2e-20, -1
-0.341707, 0.423917, 1.01275, 0.05, 0.216054, -0.0765371, -0.0482733, 0.234238, 999.784, -345.226, 10, 2e-20, 3e-20, 2e-20, 2e-20, -1
-0.268652, 0.436468, 1.12979, 0.05, 0.0305986, 0.125722, -0.0471318, 0.137709, 991.653, -13355, 10, 2e-20, 3e-20, 2e-20, 2e-20, -1
-0.354472, 0.39748, 0.940789, 0.05, 0.0527246, 0.0311536, -0.178768, 0.188967, 1004.84, 7751.78, 10, 2e-20, 3e-20, 2e-20, 2e-20, -1
-0.337856, 0.430308, 0.917363, 0.05, -0.0791093, 0.0218995, -0.222725, 0.23737, 1001.71, 2730.94, 10, 2e-20, 3e-20, 2e-20, 2e-20, -1
-0.315055, 0.410576, 1.0295, 0.05, -0.274073, -0.110285, -0.106185, 0.313934, 1001.48, 2370.73, 10, 2e-20, 3e-20, 2e-20, 2e-20, -1
-0.304252, 0.408493, 0.949555, 0.05, 0.0261989, 0.0879759, -0.0214792, 0.0942735, 1004.31, 6895.43, 10, 2e-20, 3e-20, 2e-20, 2e-20, -1
-0.27059, 0.325663, 0.957235, 0.05, -0.111221, 0.0487497, 0.0954045, 0.15443, 998.138, -2979.24, 10, 2e-20, 3e-20, 2e-20, 2e-20, -1
-0.301161, 0.31774, 0.90826, 0.05, -0.0974444, 0.0997571, 0.0871016, 0.164419, 1001.29, 2066.9, 10, 2e-20, 3e-20, 2e-20, 2e-20, -1
-0.259195, 0.360445, 0.903488, 0.05, 0.10569, -0.0134047, -0.285201, 0.30445, 1003.83, 6129.23, 10, 2e-20, 3e-20, 2e-20, 2e-20, -1
-0.317739, 0.247036, 0.918862, 0.05, 0.00929031, -0.111076, -0.0305025, 0.115562, 1004.89, 7820.44, 10, 2e-20, 3e-20, 2e-20, 2e-20, -1
-0.274034, 0.251876, 0.913922, 0.05, -0.0656687, -0.109203, -0.208794, 0.244607, 1005.38, 8615.08, 10, 2e-20, 3e-20, 2e-20, 2e-20, -1
-0.252278, 0.262109, 0.963734, 0.05, 0.0929801, 0.0683335, -0.0388918, 0.121768, 995.399, -7361.41, 10, 2e-20, 3e-20, 2e-20, 2e-20, -1
-0.257414, 0.355925, 1.04176, 0.05, 0.0209272, 0.28506, 0.0621386, 0.292504, 999.485, -823.615, 10, 2e-20, 3e-20, 2e-20, 2e-20, -1
-0.253806, 0.314911, 1.00772, 0.05, -0.0803109, 0.0146069, -0.366004, 0.374996, 998.213, -2859.24, 10, 2e-20, 3e-20, 2e-20, 2e-20, -1
-0.262045, 0.30444, 1.09215, 0.05, 0.0226516, -0.155849, -0.161989, 0.225926, 1003.37, 5398.14, 10, 2e-20, 3e-20, 2e-20, 2e-20, -1
-0.250412, 0.253066, 1.10614, 0.05, 0.129967, -0.0636791, 0.131841, 0.195776, 997.204, -4473.2, 10, 2e-20, 3e-20, 2e-20, 2e-20, -1
-0.192058, 0.259551, 1.21563, 0.05, 0.165524, -0.241894, -0.360702, 0.464776, 996.063, -6299.94, 10, 2e-20, 3e-20, 2e-20, 2e-20, -1
-0.127136, 0.388342, 1.44278, 0.05, 0.136847, -0.136289, 0.26288, 0.326202, 999.735, -423.294, 10, 2e-20, 3e-20, 2e-20, 2e-20, -1
-0.232471, 0.286113, 1.27919, 0.05, 0.0938838, -0.0960352, -0.0626557, 0.148198, 1007.9, 12634.7, 10, 2e-20, 3e-20, 2e-20, 2e-20, -1
-0.247152, 0.292721, 1.23179, 0.05, 0.184711, -0.122688, -0.226061, 0.316661, 999.893, -170.593, 10, 2e-20, 3e-20, 2e-20, 2e-20, -1
-0.336877, 0.464262, 0.126328, 0.05, 0.225342, -0.377257, -0.194074, 0.480382, 1006.11, 9770.87, 10, 2e-20, 3e-20, 2e-20, 2e-20, -1
-0.365079, 0.501496, 0.122102, 0.05, -0.0875674, -0.184099, 0.186089, 0.276025, 1024.25, 38804.4, 10, 2e-20, 3e-20, 2e-20, 2e-20, -1
-0.395269, 0.493597, 0.221574, 0.05, -0.0570057, 0.0106209, 0.080028, 0.0988278, 1002.33, 3723.22, 10, 2e-20, 3e-20, 2e-20, 2e-20, -1
-0.418164, 0.496749, 0.411136, 0.05, -0.159566, -0.162624, -0.0974379, 0.247794, 1010.28, 16453.9, 10, 2e-20, 3e-20, 2e-20, 2e-20, -1
-0.450796, 0.49051, 0.35382, 0.05, -0.00397375, -0.143361, 0.0989047, 0.174213, 1010.81, 17296.9, 10, 2e-20, 3e-20, 2e-20, 2e-20, -1
-0.433697, 0.451055, 0.312331, 0.05, -0.231129, -0.108895, -0.075689, 0.266472, 1005.38, 8609.24, 10, 2e-20, 3e-20, 2e-20, 2e-20, -1
-0.430483, 0.389615, 0.213022, 0.05, 0.255832, -0.0332811, -0.472808, 0.538614, 994.704, -8473.71, 10, 2e-20, 3e-20, 2e-20, 2e-20, -1
-0.406257, 0.455046, 0.372368, 0.05, 0.165507, 0.0383103, -0.0715581, 0.184339, 1008.6, 13767.1, 10, 2e-20, 3e-20, 2e-20, 2e-20, -1
-0.472437, 0.441597, 0.384935, 0.05, -0.0759288, -6.75142e-05, 0.394, 0.401249, 993.928, -9714.52, 10, 2e-20, 3e-20, 2e-20, 2e-20, -1
-0.449058, 0.498366, 0.588382, 0.05, 0.0729731, -0.128218, 0.00306944, 0.147561, 999.916, -134.967, 10, 2e-20, 3e-20, 2e-20, 2e-20, -1
-0.456905, 0.493025, 0.692533, 0.05, -0.114941, -0.0894176, -0.25251, 0.291493, 1004.36, 6983.41, 10, 2e-20, 3e-20, 2e-20, 2e-20, -1
-0.426344, 0.498515, 0.51832, 0.05, 0.000329846, -0.0676976, -0.0935965, 0.115514, 1007.83, 12527.7, 10, 2e-20, 3e-20, 2e-20, 2e-20, -1
-0.32141, 0.494659, 0.850714, 0.05, -0.00766525, 0.151415, -0.0390601, 0.15656, 1011.95, 19125.9, 10, 2e-20, 3e-20, 2e-20, 2e-20, -1
-0.391849, 0.464008, 0.624238, 0.05, -0.0974192, 0.122687, -0.0860937, 0.178759, 1000.87, 1397.41, 10, 2e-20, 3e-20, 2e-20, 2e-20, -1
-0.299086, 0.443529, 0.677085, 0.05, 0.146812, 0.0224505, -0.105047, 0.181914, 1004.41, 7048.33, 10, 2e-20, 3e-20, 2e-20, 2e-20, -1
-0.466995, 0.495874, 0.745157, 0.05, 0.0109815, -0.000626836, 0.0882626, 0.0889454, 1005.88, 9405.04, 10, 2e-20, 3e-20, 2e-20, 2e-20, -1
-0.357839, 0.497273, 0.742979, 0.05, 0.0968239, -0.0384712, 0.0975707, 0.142741, 999.682, -509.227, 10, 2e-20, 3e-20, 2e-20, 2e-20, -1
-0.401108, 0.496996, 0.907857, 0.05, -0.0254978, -0.0339941, 0.0752354, 0.0864066, 994.695, -8487.69, 10, 2e-20, 3e-20, 2e-20, 2e-20, -1
-0.35476, 0.498406, 0.90907, 0.05, -0.0289488, -0.0491739, -0.230764, 0.237715, 1002.52, 4025.48, 10, 2e-20, 3e-20, 2e-20, 2e-20, -1
-0.349151, 0.440109, 0.682524, 0.05, -0.0618648, 0.154521, -0.12152, 0.206085, 991.95, -12880.1, 10, 2e-20, 3e-20, 2e-20, 2e-20, -1
-0.361269, 0.497887, 1.2367, 0.05, -1.16021, -0.008111, -0.0763107, 1.16275, 1001.91, 3063.18, 10, 2e-20, 3e-20, 2e-20, 2e-20, -1
-0.387742, 0.45115, 0.831959, 0.05, 0.114083, -0.0379405, -0.038916, 0.126368, 996.653, -5355.43, 10, 2e-20, 3e-20, 2e-20, 2e-20, -1
-0.516699, 0.412679, 0.653256, 0.05, 0.0841702, -0.115095, -0.0927188, 0.170083, 1001.67, 2673.19, 10, 2e-20, 3e-20, 2e-20, 2e-20, -1
-0.295478, 0.496632, 1.27297, 0.05, -0.188391, -0.348111, 0.468402, 0.613248, 1004.06, 6499.42, 10, 2e-20, 3e-20, 2e-20, 2e-20, -1
-0.311013, 0.437582, 0.773765, 0.05, -0.0422649, -0.0249572, -0.367875, 0.371135, 1004.19, 6708.57, 10, 2e-20, 3e-20, 2e-20, 2e-20, -1
-0.285673, 0.46865, 1.35577, 0.05, -0.296466, 0.430909, 0.0994673, 0.532417, 1020.23, 32372.4, 10, 2e-20, 3e-20, 2e-20, 2e-20, -1
-0.417227, 0.498091, 0.960812, 0.05, -0.10766, -0.143016, -0.165617, 0.243871, 1002.11, 3379.24, 10, 2e-20, 3e-20, 2e-20, 2e-20, -1
-0.380622, 0.49468, 1.16584, 0.05, -0.24578, 0.44959, 0.4571, 0.686643, 997.155, -4552.21, 10, 2e-20, 3e-20, 2e-20, 2e-20, -1
-0.416412, 0.577978, 1.30885, 0.05, -0.197893, -0.208139, -0.0491835, 0.291381, 1045.96, 73529.9, 10, 2e-20, 3e-20, 2e-20, 2e-20, -1
-0.236063, 0.454626, 1.28743, 0.05, 0.291545, -0.224185, -0.111806, 0.384393, 1004.55, 7286.6, 10, 2e-20, 3e-20, 2e-20, 2e-20, -1
-0.815491, 0.356351, 1.32436, 0.05, -0.231835, -0.328971, 0.146278, 0.428213, 1008.96, 14338.2, 10, 2e-20, 3e-20, 2e-20, 2e-20, -1
-0.284733, 0.463083, 1.31842, 0.05, 0.00486061, -0.366118, -0.291466, 0.467993, 996.601, -5437.82, 10, 2e-20, 3e-20, 2e-20, 2e-20, -1
-0.20309, 0.458496, 1.42688, 0.05, 0.239584, 0.129015, 0.00544055, 0.272167, 997.186, -4502.44, 10, 2e-20, 3e-20, 2e-20, 2e-20, -1
-0.418269, 0.381727, 1.36824, 0.05, 0.13336, -0.606498, -0.0722873, 0.62518, 1007.64, 12223.5, 10, 2e-20, 3e-20, 2e-20, 2e-20, -1
-0.161994, 0.47444, 1.4423, 0.05, 0.0320926, -0.0436788, 0.0289071, 0.061428, 995.015, -7976.22, 10, 2e-20, 3e-20, 2e-20, 2e-20, -1
-0.172846, 0.441935, 1.39037, 0.05, 0.251401, -0.110748, 0.145455, 0.310845, 1001.51, 2416.05, 10, 2e-20, 3e-20, 2e-20, 2e-20, -1
-0.18172, 0.398601, 1.31676, 0.05, 0.0361351, -0.0595377, -0.194578, 0.206666, 1002.32, 3715.34, 10, 2e-20, 3e-20, 2e-20, 2e-20, -1
-0.226615, 0.224946, 1.00344, 0.05, -0.119217, -0.134952, -0.148114, 0.233158, 1003.1, 4966.33, 10, 2e-20, 3e-20, 2e-20, 2e-20, -1
-0.332973, 0.385152, 1.33955, 0.05, 0.324039, 0.0544135, -0.451936, 0.558756, 1006.81, 10898.4, 10, 2e-20, 3e-20, 2e-20, 2e-20, -1
-0.229912, 0.388197, 1.22007, 0.05, 0.13634, -0.164999, -0.105147, 0.238473, 1006.38, 10212.2, 10, 2e-20, 3e-20, 2e-20, 2e-20, -1
-0.22777, 0.407237, 1.0949, 0.05, 0.353142, 0.16475, -0.0524441, 0.393195, 985.404, -23353.3, 10, 2e-20, 3e-20, 2e-20, 2e-20, -1
-0.274992, 0.388198, 1.17527, 0.05, 0.331049, 0.274917, -0.020397, 0.430801, 1000.12, 195.188, 10, 2e-20, 3e-20, 2e-20, 2e-20, -1
-0.398222, 0.511274, 1.32199, 0.05, -0.46269, -1.29251, 0.451575, 1.44519, 993.388, -10579.4, 10, 2e-20, 3e-20, 2e-20, 2e-20, -1
-0.461385, 0.336856, 1.35371, 0.05, 0.240387, 0.0801914, -0.396191, 0.470302, 991.9, -12959.5, 10, 2e-20, 3e-20, 2e-20, 2e-20, -1
-0.155704, 0.292133, 1.37768, 0.05, 0.24466, 0.00204745, -0.136853, 0.280342, 1000.68, 1085.96, 10, 2e-20, 3e-20, 2e-20, 2e-20, -1
-0.273104, 0.390568, 1.2747, 0.05, -0.0195077, 0.0139915, -0.218491, 0.219806, 1003.88, 6214.47, 10, 2e-20, 3e-20, 2e-20, 2e-20, -1
-0.494914, 0.390095, 1.38083, 0.05, 0.41929, -0.31075, -0.989664, 1.11884, 1002.89, 4627.97, 10, 2e-20, 3e-20, 2e-20, 2e-20, -1
-0.364211, 0.338059, 1.32769, 0.05, 0.226852, -0.504374, -0.306886, 0.632483, 991.838, -13058.5, 10, 2e-20, 3e-20, 2e-20, 2e-20, -1
-0.418058, 0.364929, 1.30505, 0.05, -0.127476, -0.170685, -0.326834, 0.390134, 995.855, -6632.59, 10, 2e-20, 3e-20, 2e-20, 2e-20, -1
-0.273207, 0.326903, 1.27946, 0.05, 0.196449, 0.109842, -0.112496, 0.25162, 1002.79, 4464.29, 10, 2e-20, 3e-20, 2e-20, 2e-20, -1
-0.341456, 0.315285, 1.3876, 0.05, 0.0662725, -0.0848353, -0.588778, 0.598538, 995.672, -6925.25, 10, 2e-20, 3e-20, 2e-20, 2e-20, -1
-0.268804, -0.495872, 0.0544558, 0.05, 0.00853952, -0.0844633, -0.118662, 0.145903, 1001.87, 2993.96, 10, 2e-20, 3e-20, 2e-20, 2e-20, -1
-0.27605, -0.493385, 0.116219, 0.05, 0.183602, -0.0729206, 0.00937995, 0.197776, 1010.72, 17151.5, 10, 2e-20, 3e-20, 2e-20, 2e-20, -1
-0.295142, -0.497408, 0.170645, 0.05, -0.0807046, -0.0501508, 0.00470414, 0.095134, 1015.38, 24609.9, 10, 2e-20, 3e-20, 2e-20, 2e-20, -1
-0.292797, -0.497784, 0.241087, 0.05, 0.00245394, -0.06294, 0.0276253, 0.0687795, 1010.85, 17361.8, 10, 2e-20, 3e-20, 2e-20, 2e-20, -1
-0.299002, -0.498124, 0.368891, 0.05, -0.0265494, -0.140105, -0.0961273, 0.171973, 1006.31, 10094, 10, 2e-20, 3e-20, 2e-20, 2e-20, -1
-0.292934, -0.493469, 0.303493, 0.05, 0.0608466, -0.0339427, 0.0525553, 0.0872724, 1008.66, 13850, 10, 2e-20, 3e-20, 2e-20, 2e-20, -1
-0.239586, -0.495331, 0.35728, 0.05, -0.103237, 0.0116206, -0.0667814, 0.123502, 1004.82, 7714.87, 10, 2e-20, 3e-20, 2e-20, 2e-20, -1
-0.251688, -0.495852, 0.50145, 0.05, -0.120209, -0.12182, 0.206578, 0.268263, 998.194, -2888.99, 10, 2e-20, 3e-20, 2e-20, 2e-20, -1
-0.284665, -0.451347, 0.511597, 0.05, 0.0102447, -0.0100069, 0.09788, 0.0989222, 1005.77, 9234.77, 10, 2e-20, 3e-20, 2e-20, 2e-20, -1
-0.320125, -0.496923, 0.627216, 0.05, 0.0716569, 0.0717972, 0.180147, 0.206743, 1005.74, 9188.51, 10, 2e-20, 3e-20, 2e-20, 2e-20, -1
-0.283594, -0.496195, 0.680607, 0.05, 0.0297637, 0.00240151, 0.243439, 0.245264, 1006.59, 10547.5, 10, 2e-20, 3e-20, 2e-20, 2e-20, -1
-0.226125, -0.495489, 0.784785, 0.05, -0.104964, -0.0224719, 0.03327, 0.112381, 1005.43, 8680.78, 10, 2e-20, 3e-20, 2e-20, 2e-20, -1
-0.359875, -0.496399, 0.903818, 0.05, -0.0650569, 0.100665, 0.0941854, 0.152436, 1004.41, 7061.3, 10, 2e-20, 3e-20, 2e-20, 2e-20, -1
-0.282911, -0.49469, 0.813288, 0.05, 0.0231914, 0.0320959, 0.215829, 0.219431, 1003.8, 6078.56, 10, 2e-20, 3e-20, 2e-20, 2e-20, -1
-0.281875, -0.452613, 0.661669, 0.05, -0.0660223, -0.070037, 0.0210783, 0.0985313, 1007.27, 11624.6, 10, 2e-20, 3e-20, 2e-20, 2e-20, -1
-0.250586, -0.46348, 0.837463, 0.05, -0.0913394, 0.0444043, 0.111156, 0.150567, 999.569, -689.006, 10, 2e-20, 3e-20, 2e-20, 2e-20, -1
-0.224119, -0.457836, 0.598024, 0.05, -0.0174918, 0.0590076, 0.0414339, 0.0741932, 1000.16, 260.209, 10, 2e-20, 3e-20, 2e-20, 2e-20, -1
-0.340866, -0.495257, 1.01084, 0.05, 0.0266809, -0.0299359, 0.252906, 0.256065, 998.191, -2894.12, 10, 2e-20, 3e-20, 2e-20, 2e-20, -1
-0.196367, -0.451119, 0.868914, 0.05, -0.00803311, 0.0507066, 0.19732, 0.203889, 998.321, -2685.86, 10, 2e-20, 3e-20, 2e-20, 2e-20, -1
-0.289612, -0.494049, 0.923147, 0.05, -0.116944, 0.0777966, 0.0350733, 0.14477, 999.841, -254.747, 10, 2e-20, 3e-20, 2e-20, 2e-20, -1
-0.385581, -0.494032, 1.06337, 0.05, 0.0940176, -0.161568, 0.0914476, 0.208101, 1006.57, 10511.8, 10, 2e-20, 3e-20, 2e-20, 2e-20, -1
-0.319092, -0.461548, 0.898253, 0.05, -0.145472, -0.0101368, 0.188929, 0.23866, 1007.48, 11975.9, 10, 2e-20, 3e-20, 2e-20, 2e-20, -1
-0.292054, -0.498552, 1.19155, 0.05, 0.0950265, -0.0335695, 0.265938, 0.284394, 1005.46, 8733.02, 10, 2e-20, 3e-20, 2e-20, 2e-20, -1
-0.357744, -0.502366, 1.22573, 0.05, -0.051018, 0.0709753, 0.290078, 0.302962, 1000.84, 1336.16, 10, 2e-20, 3e-20, 2e-20, 2e-20, -1
-0.305267, -0.443529, 1.0065, 0.05, -0.05765, 0.047162, 0.245769, 0.256808, 998.732, -2028.73, 10, 2e-20, 3e-20, 2e-20, 2e-20, -1
-0.327598, -0.459497, 1.11122, 0.05, 0.194953, 0.0230091, 0.193601, 0.275712, 1000.57, 904.557, 10, 2e-20, 3e-20, 2e-20, 2e-20, -1
-0.292309, -0.457807, 1.06597, 0.05, -0.0100859, -0.160374, 0.272257, 0.316142, 1003.59, 5750.37, 10, 2e-20, 3e-20, 2e-20, 2e-20, -1
-0.259562, -0.383053, 0.877551, 0.05, -0.060561, 0.0727963, 0.165612, 0.190773, 996.611, -5422.9, 10, 2e-20, 3e-20, 2e-20, 2e-20, -1
-0.323819, -0.483813, 1.43414, 0.05, 0.119378, -0.240107, 0.492203, 0.560505, 1001.85, 2963.83, 10, 2e-20, 3e-20, 2e-20, 2e-20, -1
-0.272248, -0.449018, 1.12998, 0.05, 0.124761, 0.0216133, 0.196287, 0.233583, 1000.52, 825.769, 10, 2e-20, 3e-20, 2e-20, 2e-20, -1
-0.380305, -0.448002, 1.2367, 0.05, -0.0559068, -0.27621, 0.232656, 0.36544, 995.971, -6446.33, 10, 2e-20, 3e-20, 2e-20, 2e-20, -1
-0.335842, -0.490255, 1.44801, 0.05, 0.153955, -0.295724, 0.208218, 0.393078, 1002.5, 3992.47, 10, 2e-20, 3e-20, 2e-20, 2e-20, -1
-0.313679, -0.443904, 1.16393, 0.05, 0.0496512, 0.0520108, 0.112321, 0.133365, 1002.29, 3670.26, 10, 2e-20, 3e-20, 2e-20, 2e-20, -1
-0.283509, -0.434973, 1.34417, 0.05, 0.128298, -0.048043, 0.381658, 0.405502, 997.469, -4048.92, 10, 2e-20, 3e-20, 2e-20, 2e-20, -1
-0.355183, -0.43335, 1.19021, 0.05, 0.0211723, -0.0712677, 0.294012, 0.303267, 1000.39, 625.018, 10, 2e-20, 3e-20, 2e-20, 2e-20, -1
-0.321021, -0.370125, 1.31564, 0.05, 0.162975, 0.0417985, 0.163619, 0.23469, 997.185, -4504.1, 10, 2e-20, 3e-20, 2e-20, 2e-20, -1
-0.420588, -0.295895, 1.35892, 0.05, 0.212129, -0.0517043, 0.261825, 0.340917, 1006.75, 10800.3, 10, 2e-20, 3e-20, 2e-20, 2e-20, -1
-0.336734, -0.3881, 1.37594, 0.05, 0.150774, 0.200104, 0.377564, 0.453132, 1003.49, 5578.98, 10, 2e-20, 3e-20, 2e-20, 2e-20, -1
-0.287672, -0.386438, 1.36825, 0.05, 0.0367348, -0.145689, 0.428591, 0.454164, 995.735, -6823.72, 10, 2e-20, 3e-20, 2e-20, 2e-20, -1
-0.282986, -0.349986, 1.12047, 0.05, 0.179679, -0.0701653, 0.0964788, 0.215675, 1003.19, 5102.44, 10, 2e-20, 3e-20, 2e-20, 2e-20, -1
-0.366151, -0.263351, 1.35163, 0.05, -0.120865, -0.0813827, 0.277335, 0.313283, 1001.44, 2307.23, 10, 2e-20, 3e-20, 2e-20, 2e-20, -1
-0.329934, -0.328895, 1.39832, 0.05, -0.0237921, -0.109411, 0.238367, 0.263355, 1005.83, 9330.27, 10, 2e-20, 3e-20, 2e-20, 2e-20, -1
-0.229404, -0.403039, 1.31332, 0.05, 0.0355185, -0.031632, 0.431241, 0.433856, 1005.32, 8512.89, 10, 2e-20, 3e-20, 2e-20, 2e-20, -1
-0.324676, -0.317323, 1.11917, 0.05, 0.0106648, 0.0329161, -0.00689775, 0.0352815, 999.399, -962.27, 10, 2e-20, 3e-20, 2e-20, 2e-20, -1
-0.26827, -0.372422, 1.40447, 0.05, -0.0277441, -0.363451, 0.524305, 0.638562, 1002.99, 4781.65, 10, 2e-20, 3e-20, 2e-20, 2e-20, -1
-0.231168, -0.281286, 1.26916, 0.05, 0.145042, -0.0638845, 0.275878, 0.318162, 1001.31, 2088.35, 10, 2e-20, 3e-20, 2e-20, 2e-20, -1
-0.413136, -0.13933, 1.43912, 0.05, 0.102109, 0.151705, 0.0556695, 0.191154, 1000.46, 742.536, 10, 2e-20, 3e-20, 2e-20, 2e-20, -1
-0.25553, -0.31123, 1.3733, 0.05, 0.0111616, -0.217108, 0.312083, 0.380337, 999.739, -416.921, 10, 2e-20, 3e-20, 2e-20, 2e-20, -1
-0.234667, -0.384233, 1.37347, 0.05, 0.0634209, 0.011438, 0.458605, 0.463111, 998.179, -2913.01, 10, 2e-20, 3e-20, 2e-20, 2e-20, -1
-0.381548, -0.422836, 1.35127, 0.05, 0.0100755, -0.234783, 0.298392, 0.379819, 999.316, -1094.31, 10, 2e-20, 3e-20, 2e-20, 2e-20, -1
-0.168543, -0.330383, 1.41621, 0.05, -0.133251, -0.1238, 0.158746, 0.241418, 1000.3, 473.613, 10, 2e-20, 3e-20, 2e-20, 2e-20, -1
-0.253251, -0.4461, 0.0429846, 0.05, -0.00915944, 0.0125937, -0.109786, 0.110885, 1003.88, 6206.99, 10, 2e-20, 3e-20, 2e-20, 2e-20, -1
-0.323372, -0.439616, 0.0972642, 0.05, 0.00480211, 0.00477121, -0.0136059, 0.0151969, 1003.45, 5514.43, 10, 2e-20, 3e-20, 2e-20, 2e-20, -1
-0.300994, -0.424671, 0.196446, 0.05, 0.00477727, 0.0540928, 0.0634794, 0.0835373, 1008.94, 14302.1, 10, 2e-20, 3e-20, 2e-20, 2e-20, -1
-0.273645, -0.442419, 0.091603, 0.05, 0.0233252, -0.0614923, -0.0979709, 0.117999, 1005.05, 8082.06, 10, 2e-20, 3e-20, 2e-20, 2e-20, -1
-0.275769, -0.461875, 0.195338, 0.05, 0.00434069, -0.0114199, -0.0289625, 0.0314338, 996.558, -5507.7, 10, 2e-20, 3e-20, 2e-20, 2e-20, -1
-0.268648, -0.457234, 0.249754, 0.05, -0.00241667, -0.0668986, -0.0637869, 0.0924664, 1006.22, 9953.99, 10, 2e-20, 3e-20, 2e-20, 2e-20, -1
-0.257213, -0.423238, 0.273416, 0.05, -0.160187, -0.0542872, -0.027604, 0.171374, 1007.09, 11351.8, 10, 2e-20, 3e-20, 2e-20, 2e-20, -1
-0.275477, -0.445391, 0.318066, 0.05, -0.0939847, -0.110426, -0.0489725, 0.153053, 1004.15, 6646.55, 10, 2e-20, 3e-20, 2e-20, 2e-20, -1
-0.269314, -0.460499, 0.4561, 0.05, -0.15832, -0.0341081, 0.0786978, 0.180061, 1007.62, 12188.2, 10, 2e-20, 3e-20, 2e-20, 2e-20, -1
-0.289989, -0.425926, 0.362153, 0.05, 0.061709, -0.0383594, 0.0518403, 0.0892573, 1002.69, 4302.37, 10, 2e-20, 3e-20, 2e-20, 2e-20, -1
-0.271689, -0.458019, 0.567557, 0.05, 0.0561853, 0.0210559, 0.0597239, 0.0846587, 1001.6, 2553.59, 10, 2e-20, 3e-20, 2e-20, 2e-20, -1
-0.280656, -0.458058, 0.608967, 0.05, -0.0751595, -0.0735111, 0.0120951, 0.105826, 1005.78, 9254.95, 10, 2e-20, 3e-20, 2e-20, 2e-20, -1
-0.308376, -0.433662, 0.450598, 0.05, -0.0584841, -0.131058, -0.0868435, 0.167745, 1003.52, 5635.78, 10, 2e-20, 3e-20, 2e-20, 2e-20, -1
-0.269617, -0.426669, 0.411201, 0.05, 0.0251094, -0.336496, -0.0334086, 0.339082, 998.27, -2768.59, 10, 2e-20, 3e-20, 2e-20, 2e-20, -1
-0.259771, -0.423749, 0.530663, 0.05, -0.0346226, 0.0531324, -0.0141561, 0.0649782, 1006.99, 11177.5, 10, 2e-20, 3e-20, 2e-20, 2e-20, -1
-0.268904, -0.386575, 0.383526, 0.05, -0.0253914, 0.0387014, -0.0549906, 0.0718783, 1001.45, 2327.91, 10, 2e-20, 3e-20, 2e-20, 2e-20, -1
-0.266293, -0.414509, 0.472795, 0.05, -0.0128443, -0.0480151, -0.00745462, 0.0502593, 1008.22, 13150.8, 10, 2e-20, 3e-20, 2e-20, 2e-20, -1
-0.30152, -0.358145, 0.407848, 0.05, -0.104991, 0.163174, -0.0322048, 0.196687, 1005.42, 8675.36, 10, 2e-20, 3e-20, 2e-20, 2e-20, -1
-0.262977, -0.37524, 0.439599, 0.05, 0.0357954, -0.0891028, -0.0286143, 0.100197, 1003.13, 5003.45, 10, 2e-20, 3e-20, 2e-20, 2e-20, -1
-0.262609, -0.427995, 0.736034, 0.05, 0.0573329, -0.0636776, -0.056167, 0.102453, 1003.78, 6056, 10, 2e-20, 3e-20, 2e-20, 2e-20, -1
-0.307553, -0.421034, 0.69955, 0.05, 0.101144, -0.0821366, -0.0407527, 0.136519, 998.89, -1775.93, 10, 2e-20, 3e-20, 2e-20, 2e-20, -1
-0.290313, -0.450154, 0.78023, 0.05, -0.107044, -0.0907059, 0.0584296, 0.151987, 1003.48, 5574.03, 10, 2e-20, 3e-20, 2e-20, 2e-20, -1
-0.339015, -0.456985, 0.836353, 0.05, 0.0545575, 0.0292752, 0.126281, 0.140643, 1000.85, 1360.83, 10, 2e-20, 3e-20, 2e-20, 2e-20, -1
-0.353328, -0.434819, 0.724431, 0.05, -0.00675727, -0.0979535, 0.103543, 0.142695, 1001.96, 3139.27, 10, 2e-20, 3e-20, 2e-20, 2e-20, -1
-0.266488, -0.441181, 0.923466, 0.05, -0.0892619, 0.0683591, 0.117653, 0.162736, 999.833, -267.049, 10, 2e-20, 3e-20, 2e-20, 2e-20, -1
-0.33896, -0.433237, 0.979571, 0.05, 0.0653151, -0.0541217, 0.157855, 0.179202, 1001.53, 2447.94, 10, 2e-20, 3e-20, 2e-20, 2e-20, -1
-0.284657, -0.407246, 0.806807, 0.05, -0.123027, 0.0815293, 0.0421861, 0.1535, 1002.62, 4189.82, 10, 2e-20, 3e-20, 2e-20, 2e-20, -1
-0.260884, -0.375118, 0.822357, 0.05, -0.0516912, 0.0324164, -0.0316847, 0.0687512, 1000.56, 896.905, 10, 2e-20, 3e-20, 2e-20, 2e-20, -1
-0.307524, -0.357428, 0.712864, 0.05, 0.0417978, -0.0755602, -0.0235929, 0.0895155, 1009.21, 14733.6, 10, 2e-20, 3e-20, 2e-20, 2e-20, -1
-0.294169, -0.360138, 0.764503, 0.05, 0.0802843, -0.12035, 0.0540886, 0.154451, 1000.43, 688.122, 10, 2e-20, 3e-20, 2e-20, 2e-20, -1
-0.300552, -0.354122, 0.868032, 0.05, -0.010503, -0.0255371, 0.112047, 0.1154, 1006.13, 9801.33, 10, 2e-20, 3e-20, 2e-20, 2e-20, -1
-0.216406, -0.366951, 0.849739, 0.05, 0.0199759, -0.0175282, 0.106529, 0.109794, 1002.14, 3422.14, 10, 2e-20, 3e-20, 2e-20, 2e-20, -1
-0.288845, -0.300896, 0.767978, 0.05, 0.0237597, 0.00274133, 0.149943, 0.151838, 1001.26, 2009.22, 10, 2e-20, 3e-20, 2e-20, 2e-20, -1
-0.303679, -0.389122, 0.975814, 0.05, -0.0725749, -0.0452367, 0.0886962, 0.123209, 1007.38, 11800.7, 10, 2e-20, 3e-20, 2e-20, 2e-20, -1
-0.275459, -0.346141, 0.906257, 0.05, 0.0385455, -0.109125, 0.0327775, 0.120285, 1001.61, 2576.75, 10, 2e-20, 3e-20, 2e-20, 2e-20, -1
-0.271565, -0.369071, 1.03062, 0.05, 0.134556, -0.0580513, 0.10946, 0.182912, 1003.88, 6200.58, 10, 2e-20, 3e-20, 2e-20, 2e-20, -1
-0.291688, -0.426214, 1.04245, 0.05, -0.0644019, -0.0466227, -0.0717979, 0.107127, 995.166, -7734.2, 10, 2e-20, 3e-20, 2e-20, 2e-20, -1
-0.292772, -0.332416, 1.07171, 0.05, 0.0211956, 0.0459054, 0.166709, 0.174208, 1002.53, 4041.04, 10, 2e-20, 3e-20, 2e-20, 2e-20, -1
-0.321698, -0.372364, 1.25527, 0.05, 0.153685, 0.0137214, 0.29953, 0.336936, 1005.31, 8499.49, 10, 2e-20, 3e-20, 2e-20, 2e-20, -1
-0.269237, -0.319671, 1.0048, 0.05, 0.0627024, -0.0590705, 0.0457246, 0.0975277, 1005.86, 9368.54, 10, 2e-20, 3e-20, 2e-20, 2e-20, -1
-0.228662, -0.237544, 0.999551, 0.05, -0.00459663, -0.0953655, 0.0657723, 0.115938, 1001.51, 2419.55, 10, 2e-20, 3e-20, 2e-20, 2e-20, -1
-0.273288, -0.256006, 0.993179, 0.05, 0.0810327, -0.147555, 0.142838, 0.220775, 1000.4, 639.566, 10, 2e-20, 3e-20, 2e-20, 2e-20, -1
-0.270229, -0.345325, 1.17239, 0.05, 0.174757, -0.0176257, 0.190362, 0.259014, 998.413, -2539.83, 10, 2e-20, 3e-20, 2e-20, 2e-20, -1
-0.276741, -0.331973, 1.27925, 0.05, 0.0677501, -0.134285, 0.161635, 0.22079, 1003.85, 6152.44, 10, 2e-20, 3e-20, 2e-20, 2e-20, -1
-0.314464, -0.330811, 1.17625, 0.05, 0.131522, -0.0728229, 0.189538, 0.241922, 1000.87, 1395.83, 10, 2e-20, 3e-20, 2e-20, 2e-20, -1
-0.277623, -0.341506, 1.23429, 0.05, 0.00888915, 0.089408, 0.0657994, 0.111366, 998.875, -1799.78, 10, 2e-20, 3e-20, 2e-20, 2e-20, -1
-0.265166, -0.311604, 1.33116, 0.05, -0.00161882, -0.132099, 0.135252, 0.189066, 998.844, -1849.65, 10, 2e-20, 3e-20, 2e-20, 2e-20, -1
-0.266522, -0.282827, 1.29568, 0.05, 0.176227, -0.0909392, 0.293996, 0.354626, 1003.06, 4897.28, 10, 2e-20, 3e-20, 2e-20, 2e-20, -1
-0.228584, -0.281494, 1.36483, 0.05, 0.0667694, -0.00267287, 0.200001, 0.210869, 1007.08, 11320.2, 10, 2e-20, 3e-20, 2e-20, 2e-20, -1
-0.186041, -0.292348, 1.28545, 0.05, -0.0899942, 0.0704654, 0.314898, 0.335, 1001.28, 2049.35, 10, 2e-20, 3e-20, 2e-20, 2e-20, -1
-0.179855, -0.275479, 1.4016, 0.05, 0.00903807, -0.0670425, 0.107204, 0.126764, 1004.27, 6832.89, 10, 2e-20, 3e-20, 2e-20, 2e-20, -1
-0.308674, -0.456571, 0.0535802, 0.05, -0.097626, -0.00676208, -0.0651334, 0.117554, 1010.98, 17575.2, 10, 2e-20, 3e-20, 2e-20, 2e-20, -1
-0.333032, -0.412133, 0.149511, 0.05, 0.0715409, 0.018605, -0.0083794, 0.074394, 1000.39, 624.327, 10, 2e-20, 3e-20, 2e-20, 2e-20, -1
-0.333143, -0.367277, 0.126608, 0.05, 0.107613, -0.00299561, -0.0709197, 0.128915, 1007.37, 11789.4, 10, 2e-20, 3e-20, 2e-20, 2e-20, -1
-0.3671, -0.407646, 0.195531, 0.05, 0.0364776, -0.173193, -0.00967549, 0.177257, 1002.37, 3790.65, 10, 2e-20, 3e-20, 2e-20, 2e-20, -1
-0.299288, -0.400644, 0.23854, 0.05, -0.0779452, -0.0319625, 0.0779418, 0.114769, 1007.86, 12579.1, 10, 2e-20, 3e-20, 2e-20, 2e-20, -1
-0.325015, -0.376455, 0.192093, 0.05, 0.0624753, -0.174347, -0.0274584, 0.187227, 999.378, -995.98, 10, 2e-20, 3e-20, 2e-20, 2e-20, -1
-0.2563, -0.337855, 0.189517, 0.05, -0.0439784, -0.197966, -0.00214444, 0.202804, 997.749, -3601.36, 10, 2e-20, 3e-20, 2e-20, 2e-20, -1
-0.260181, -0.387438, 0.207788, 0.05, -0.0250778, 0.0470348, 0.00557305, 0.0535932, 1004.36, 6981.07, 10, 2e-20, 3e-20, 2e-20, 2e-20, -1
-0.244735, -0.4419, 0.358533, 0.05, -0.0635814, -0.179253, 0.190619, 0.269276, 1006.27, 10037, 10, 2e-20, 3e-20, 2e-20, 2e-20, -1
-0.22712, -0.389679, 0.295755, 0.05, 0.11326, 0.0070901, -0.0308297, 0.117594, 1009.22, 14745.2, 10, 2e-20, 3e-20, 2e-20, 2e-20, -1
-0.270901, -0.393055, 0.318823, 0.05, -0.159306, -0.0534023, -0.074944, 0.183975, 1002.13, 3403.58, 10, 2e-20, 3e-20, 2e-20, 2e-20, -1
-0.231084, -0.390157, 0.347807, 0.05, 0.00949523, -0.00639778, 0.0515366, 0.0527931, 999.938, -98.4112, 10, 2e-20, 3e-20, 2e-20, 2e-20, -1
-0.329058, -0.341106, 0.310173, 0.05, -0.118707, -0.0306584, 0.00898166, 0.122931, 1004.97, 7954.75, 10, 2e-20, 3e-20, 2e-20, 2e-20, -1
-0.312954, -0.378186, 0.343349, 0.05, -0.101072, -0.0890082, 0.0655485, 0.149782, 1003.99, 6391.65, 10, 2e-20, 3e-20, 2e-20, 2e-20, -1
-0.331165, -0.332744, 0.374658, 0.05, 0.02022, -0.279046, 0.210875, 0.350349, 999.401, -958.359, 10, 2e-20, 3e-20, 2e-20, 2e-20, -1
-0.347291, -0.300049, 0.330644, 0.05, -0.142163, 0.017402, -0.0836868, 0.165881, 1007.45, 11917.3, 10, 2e-20, 3e-20, 2e-20, 2e-20, -1
-0.360352, -0.300201, 0.408303, 0.05, -0.079747, -0.108361, -0.00696395, 0.134722, 1003.53, 5653.71, 10, 2e-20, 3e-20, 2e-20, 2e-20, -1
-0.28286, -0.22082, 0.336839, 0.05, 0.0170598, -0.0654865, 0.0714223, 0.0983904, 1008.04, 12862, 10, 2e-20, 3e-20, 2e-20, 2e-20, -1
-0.327489, -0.263431, 0.396314, 0.05, 0.0877124, 0.215139, -0.17974, 0.293742, 1011.91, 19058.2, 10, 2e-20, 3e-20, 2e-20, 2e-20, -1
-0.294586, -0.326809, 0.456945, 0.05, -0.0975474, 0.0123741, -0.18314, 0.207867, 1003.5, 5597.88, 10, 2e-20, 3e-20, 2e-20, 2e-20, -1
-0.256451, -0.404784, 0.584836, 0.05, 0.0490775, -0.0965611, 0.0361201, 0.114181, 1006.36, 10173.4, 10, 2e-20, 3e-20, 2e-20, 2e-20, -1
-0.316847, -0.334841, 0.566619, 0.05, 0.00453538, -0.0584506, 0.19882, 0.207283, 1005.77, 9235.72, 10, 2e-20, 3e-20, 2e-20, 2e-20, -1
-0.328006, -0.372809, 0.602219, 0.05, 0.129346, -0.00729836, -0.00229138, 0.129572, 1005.34, 8537.86, 10, 2e-20, 3e-20, 2e-20, 2e-20, -1
-0.318637, -0.278997, 0.56724, 0.05, -0.000522073, 0.10526, 0.076851, 0.130331, 1011.08, 17725, 10, 2e-20, 3e-20, 2e-20, 2e-20, -1
-0.324808, -0.353733, 0.658523, 0.05, 0.102159, -0.0598764, -0.0282677, 0.12174, 1002.07, 3317.85, 10, 2e-20, 3e-20, 2e-20, 2e-20, -1
-0.277283, -0.338887, 0.662965, 0.05, 0.0986381, -0.0789445, 4.05405e-05, 0.12634, 1001.96, 3133.09, 10, 2e-20, 3e-20, 2e-20, 2e-20, -1
-0.318238, -0.301806, 0.659683, 0.05, 0.0453016, -0.0106919, -0.0507048, 0.0688297, 1003.96, 6336.17, 10, 2e-20, 3e-20, 2e-20, 2e-20, -1
-0.302336, -0.255783, 0.625665, 0.05, -0.139865, 0.0109959, -0.00376033, 0.140347, 1003.63, 5810.96, 10, 2e-20, 3e-20, 2e-20, 2e-20, -1
-0.294852, -0.299821, 0.705945, 0.05, 0.0746465, -0.0115063, -0.0311311, 0.0816924, 1005.96, 9530.33, 10, 2e-20, 3e-20, 2e-20, 2e-20, -1
-0.288751, -0.256936, 0.68096, 0.05, -0.0504897, -0.0179165, 0.115223, 0.127069, 1001.25, 2006.99, 10, 2e-20, 3e-20, 2e-20, 2e-20, -1
-0.306081, -0.255351, 0.732733, 0.05, 0.0471384, 0.0272078, -0.00396729, 0.0545713, 1001.57, 2504.59, 10, 2e-20, 3e-20, 2e-20, 2e-20, -1
-0.299345, -0.194074, 0.716696, 0.05, -0.0386584, -0.167102, 0.149518, 0.227538, 1000.62, 998.4, 10, 2e-20, 3e-20, 2e-20, 2e-20, -1
-0.2492, -0.342033, 0.776759, 0.05, 0.0253592, -0.246882, 0.0554482, 0.254299, 1000.75, 1195.72, 10, 2e-20, 3e-20, 2e-20, 2e-20, -1
-0.354449, -0.256746, 0.741756, 0.05, -0.054039, -0.106055, 0.0709353, 0.138563, 1004.45, 7113.87, 10, 2e-20, 3e-20, 2e-20, 2e-20, -1
-0.301468, -0.288958, 0.814614, 0.05, -0.0249078, -0.0294117, 0.210327, 0.213829, 1002.92, 4664.27, 10, 2e-20, 3e-20, 2e-20, 2e-20, -1
-0.323156, -0.251076, 0.847885, 0.05, 0.0355788, -0.065557, 0.040949, 0.0850905, 1003.04, 4861.72, 10, 2e-20, 3e-20, 2e-20, 2e-20, -1
-0.287156, -0.275936, 0.894759, 0.05, -0.0124753, 0.0397838, 0.0291875, 0.0508949, 1002.74, 4376.15, 10, 2e-20, 3e-20, 2e-20, 2e-20, -1
-0.241773, -0.359698, 0.997561, 0.05, 0.0819038, -0.0645321, 0.259474, 0.279641, 999.869, -209.672, 10, 2e-20, 3e-20, 2e-20, 2e-20, -1
-0.285425, -0.345593, 0.956967, 0.05, 0.00297828, 0.0346444, 0.161924, 0.165616, 1003.61, 5773.48, 10, 2e-20, 3e-20, 2e-20, 2e-20, -1
-0.239249, -0.194512, 0.968657, 0.05, 0.068217, -0.0351067, 0.089431, 0.11783, 1004.78, 7640.89, 10, 2e-20, 3e-20, 2e-20, 2e-20, -1
-0.19922, -0.200093, 1.00079, 0.05, 0.0366466, -0.0135071, 0.0761757, 0.0856046, 1001.09, 1749.97, 10, 2e-20, 3e-20, 2e-20, 2e-20, -1
-0.190726, -0.24847, 1.03961, 0.05, -0.0444426, -0.106195, 0.173774, 0.208447, 1004.15, 6634.92, 10, 2e-20, 3e-20, 2e-20, 2e-20, -1
-0.248362, -0.284773, 1.08564, 0.05, 0.0763484, 0.042197, 0.221633, 0.238183, 1007.19, 11511.3, 10, 2e-20, 3e-20, 2e-20, 2e-20, -1
-0.224018, -0.333903, 1.19792, 0.05, 0.00418054, 0.000121835, 0.126454, 0.126523, 1004.53, 7249.21, 10, 2e-20, 3e-20, 2e-20, 2e-20, -1
-0.242465, -0.306687, 1.1358, 0.05, 0.128123, -0.0952781, 0.112096, 0.195087, 1003.73, 5965.94, 10, 2e-20, 3e-20, 2e-20, 2e-20, -1
-0.205878, -0.225252, 1.16735, 0.05, 0.0393501, -0.0852744, 0.253671, 0.270498, 999.197, -1284.61, 10, 2e-20, 3e-20, 2e-20, 2e-20, -1
-0.203816, -0.176023, 1.15457, 0.05, 0.0231968, -0.0347435, 0.213386, 0.217436, 997.45, -4080.66, 10, 2e-20, 3e-20, 2e-20, 2e-20, -1
-0.212475, -0.26872, 1.2131, 0.05, 0.032928, -0.1037, 0.170436, 0.202204, 1000.96, 1539.56, 10, 2e-20, 3e-20, 2e-20, 2e-20, -1
-0.184143, -0.163652, 1.22193, 0.05, 0.100573, -0.152001, 0.160378, 0.242776, 1000.92, 1474.58, 10, 2e-20, 3e-20, 2e-20, 2e-20, -1
-0.188406, -0.212754, 1.20825, 0.05, 0.103733, -0.0372656, 0.0363558, 0.116064, 998.936, -1702.82, 10, 2e-20, 3e-20, 2e-20, 2e-20, -1
-0.13608, -0.276821, 1.33146, 0.05, -0.0697387, -0.118715, 0.230745, 0.268701, 1003.09, 4942.15, 10, 2e-20, 3e-20, 2e-20, 2e-20, -1
-0.310534, -0.340343, 0.0497295, 0.05, 0.00707582, -0.00287227, 0.0706584, 0.0710699, 1006.56, 10489.7, 10, 2e-20, 3e-20, 2e-20, 2e-20, -1
-0.330359, -0.382423, 0.0815189, 0.05, -0.0260954, 0.0300342, -0.0383983, 0.0552942, 1006.15, 9847.38, 10, 2e-20, 3e-20, 2e-20, 2e-20, -1
-0.302211, -0.331477, 0.104045, 0.05, -0.187085, -0.0056141, -0.105884, 0.215043, 1005.61, 8968.03, 10, 2e-20, 3e-20, 2e-20, 2e-20, -1
-0.337064, -0.310926, 0.129988, 0.05, -0.0961217, -0.0344398, -0.0287614, 0.106079, 1005.97, 9555.06, 10, 2e-20, 3e-20, 2e-20, 2e-20, -1
-0.305, -0.336154, 0.158991, 0.05, -0.106532, 0.180156, -0.0148216, 0.209822, 1004.42, 7078.3, 10, 2e-20, 3e-20, 2e-20, 2e-20, -1
-0.26658, -0.296802, 0.160405, 0.05, -0.208093, 0.102754, 0.10975, 0.256722, 1007.79, 12465.6, 10, 2e-20, 3e-20, 2e-20, 2e-20, -1
-0.310879, -0.271697, 0.133189, 0.05, -0.165002, -0.0561641, 0.141174, 0.224299, 1009.4, 15042.6, 10, 2e-20, 3e-20, 2e-20, 2e-20, -1
-0.28425, -0.268211, 0.187685, 0.05, -0.07432, -0.0291977, -0.200202, 0.215538, 1008.79, 14070.2, 10, 2e-20, 3e-20, 2e-20, 2e-20, -1
-0.295948, -0.344102, 0.219411, 0.05, -0.0836756, -0.131693, -0.0189105, 0.157169, 1004.22, 6745.86, 10, 2e-20, 3e-20, 2e-20, 2e-20, -1
-0.312291, -0.27923, 0.232263, 0.05, -0.0943547, -0.0923357, -0.133245, 0.187571, 1001.53, 2455.17, 10, 2e-20, 3e-20, 2e-20, 2e-20, -1
-0.27312, -0.369036, 0.26165, 0.05, -0.0860487, -0.0879493, 0.0309803, 0.126883, 1008.11, 12983.4, 10, 2e-20, 3e-20, 2e-20, 2e-20, -1
-0.265571, -0.252198, 0.234828, 0.05, 0.0675223, 0.145469, -0.144221, 0.215685, 998.529, -2354.1, 10, 2e-20, 3e-20, 2e-20, 2e-20, -1
-0.27174, -0.349998, 0.298154, 0.05, -0.0473524, -0.000389833, -0.0959402, 0.10699, 1004.62, 7396.84, 10, 2e-20, 3e-20, 2e-20, 2e-20, -1
-0.270138, -0.304587, 0.227832, 0.05, -0.20661, 0.0791837, 0.0119292, 0.221585, 1012.49, 19989.2, 10, 2e-20, 3e-20, 2e-20, 2e-20, -1
-0.295242, -0.301322, 0.295938, 0.05, -0.122447, 0.00262406, 0.122426, 0.173171, 1001.8, 2885.33, 10, 2e-20, 3e-20, 2e-20, 2e-20, -1
-0.307704, -0.180766, 0.302515, 0.05, -0.17837, 0.103128, 0.10861, 0.23291, 1008.85, 14157.5, 10, 2e-20, 3e-20, 2e-20, 2e-20, -1
-0.322561, -0.254591, 0.338667, 0.05, -0.00993046, -0.0142076, 0.0637649, 0.066079, 1002.95, 4715.39, 10, 2e-20, 3e-20, 2e-20, 2e-20, -1
-0.328866, -0.192978, 0.345134, 0.05, 0.0495189, -0.0139371, 0.00111477, 0.0514549, 1004.2, 6713.97, 10, 2e-20, 3e-20, 2e-20, 2e-20, -1
-0.297703, -0.212835, 0.386537, 0.05, -0.0617794, -0.017784, -0.03826, 0.0748117, 999.46, -864.053, 10, 2e-20, 3e-20, 2e-20, 2e-20, -1
-0.357977, -0.276776, 0.453427, 0.05, -0.0545121, -0.0670881, 0.150794, 0.173813, 997.197, -4485.26, 10, 2e-20, 3e-20, 2e-20, 2e-20, -1
-0.314209, -0.354051, 0.495811, 0.05, -0.00696009, -0.0102249, 0.139951, 0.140496, 1001.68, 2691.84, 10, 2e-20, 3e-20, 2e-20, 2e-20, -1
-0.312215, -0.310303, 0.521409, 0.05, -0.104504, -0.048069, 0.0733167, 0.136407, 1003.91, 6255.09, 10, 2e-20, 3e-20, 2e-20, 2e-20, -1
-0.331566, -0.270872, 0.495906, 0.05, -0.0996809, 0.0922168, 0.140873, 0.195666, 999.642, -572.289, 10, 2e-20, 3e-20, 2e-20, 2e-20, -1
-0.372236, -0.276999, 0.574206, 0.05, 0.0930224, 0.0446927, 0.094201, 0.13973, 1000.18, 293.622, 10, 2e-20, 3e-20, 2e-20, 2e-20, -1
-0.343287, -0.243272, 0.599754, 0.05, -0.0357839, -0.0709797, 0.144665, 0.165065, 1005.95, 9526, 10, 2e-20, 3e-20, 2e-20, 2e-20, -1
-0.241401, -0.381799, 0.653123, 0.05, -0.0994224, -0.146758, 0.136968, 0.224015, 1002.26, 3610.79, 10, 2e-20, 3e-20, 2e-20, 2e-20, -1
-0.289606, -0.303247, 0.608133, 0.05, 0.0359674, -0.118207, 0.0125076, 0.12419, 1006.13, 9807.37, 10, 2e-20, 3e-20, 2e-20, 2e-20, -1
-0.349443, -0.191945, 0.593249, 0.05, -0.253107, -0.0307994, 0.0353089, 0.257407, 1003.22, 5152.41, 10, 2e-20, 3e-20, 2e-20, 2e-20, -1
-0.302935, -0.209801, 0.599512, 0.05, -0.0135728, -0.134939, 0.0228544, 0.137532, 1000.37, 599.957, 10, 2e-20, 3e-20, 2e-20, 2e-20, -1
-0.339653, -0.194487, 0.644183, 0.05, -0.0447225, -0.051008, 0.0593776, 0.0901533, 1006.68, 10688.2, 10, 2e-20, 3e-20, 2e-20, 2e-20, -1
-0.33588, -0.224448, 0.696033, 0.05, 0.0513495, -0.0662858, 0.0182297, 0.0858074, 1007.61, 12169.8, 10, 2e-20, 3e-20, 2e-20, 2e-20, -1
-0.348427, -0.170432, 0.728303, 0.05, -0.0077112, -0.183922, 0.0174568, 0.18491, 1005.86, 9372.94, 10, 2e-20, 3e-20, 2e-20, 2e-20, -1
-0.381768, -0.213049, 0.720183, 0.05, -0.00791409, -0.0170031, -0.0201958, 0.027561, 1011.59, 18542.7, 10, 2e-20, 3e-20, 2e-20, 2e-20, -1
-0.378506, -0.194313, 0.766477, 0.05, 0.00848341, -0.278062, 0.0981065, 0.294984, 1000.56, 888.912, 10, 2e-20, 3e-20, 2e-20, 2e-20, -1
-0.3251, -0.254116, 0.785672, 0.05, -0.127999, -0.0128718, 0.142397, 0.191902, 999.813, -299.755, 10, 2e-20, 3e-20, 2e-20, 2e-20, -1
-0.314047, -0.213276, 0.811908, 0.05, 0.0284317, -0.0663926, 0.124078, 0.143568, 1001.45, 2314.09, 10, 2e-20, 3e-20, 2e-20, 2e-20, -1
-0.265743, -0.228589, 0.898901, 0.05, 0.00276436, 0.0353072, 0.0123046, 0.0374919, 1001.43, 2288.97, 10, 2e-20, 3e-20, 2e-20, 2e-20, -1
-0.263687, -0.296244, 0.950698, 0.05, 0.0482026, 0.0279643, 0.162869, 0.172139, 1001.15, 1843.75, 10, 2e-20, 3e-20, 2e-20, 2e-20, -1
-0.290944, -0.192718, 0.903333, 0.05, 0.0230715, -0.197645, 0.0308986, 0.201371, 1000.67, 1077.29, 10, 2e-20, 3e-20, 2e-20, 2e-20, -1
-0.301972, -0.148869, 0.901957, 0.05, -0.153676, -0.0928658, 0.120752, 0.216383, 1004.73, 7563.73, 10, 2e-20, 3e-20, 2e-20, 2e-20, -1
-0.282595, -0.103718, 0.957672, 0.05, 0.070848, -0.213559, 0.164564, 0.278762, 1013.12, 20995.9, 10, 2e-20, 3e-20, 2e-20, 2e-20, -1
-0.273575, -0.163368, 1.0064, 0.05, -0.034833, 0.0443332, -0.0194683, 0.0596472, 998.811, -1901.78, 10, 2e-20, 3e-20, 2e-20, 2e-20, -1
-0.247346, -0.252116, 1.0416, 0.05, 0.0666449, 0.0383488, 0.119967, 0.142493, 1001.38, 2205.68, 10, 2e-20, 3e-20, 2e-20, 2e-20, -1
-0.263059, -0.259988, 1.12481, 0.05, 0.164101, 0.0535868, 0.0551952, 0.181238, 998.735, -2023.42, 10, 2e-20, 3e-20, 2e-20, 2e-20, -1
-0.272419, -0.229704, 1.07667, 0.05, 0.00852996, -0.13331, 0.162909, 0.210674, 1000.92, 1470.09, 10, 2e-20, 3e-20, 2e-20, 2e-20, -1
-0.225462, -0.245277, 1.12071, 0.05, 0.0207789, -0.157954, 0.154519, 0.22194, 1000.55, 880.133, 10, 2e-20, 3e-20, 2e-20, 2e-20, -1
-0.244715, -0.193186, 1.10874, 0.05, 0.106352, -0.153235, 0.177213, 0.257286, 1000.72, 1155.65, 10, 2e-20, 3e-20, 2e-20, 2e-20, -1
-0.203809, -0.125436, 1.17207, 0.05, -0.064704, -0.0158367, 0.147762, 0.162084, 1000.61, 977.864, 10, 2e-20, 3e-20, 2e-20, 2e-20, -1
-0.161613, -0.118621, 1.25156, 0.05, -0.00655552, -0.107652, 0.212846, 0.238611, 1002.72, 4357.98, 10, 2e-20, 3e-20, 2e-20, 2e-20, -1
-0.181347, -0.203716, 1.2829, 0.05, -0.00884719, -0.115227, 0.107598, 0.157901, 1001.54, 2463.23, 10, 2e-20, 3e-20, 2e-20, 2e-20, -1
-0.0879038, -0.219349, 1.31276, 0.05, 0.0511164, -0.129491, 0.101358, 0.172204, 998.233, -2827.49, 10, 2e-20, 3e-20, 2e-20, 2e-20, -1
-0.329214, -0.240894, 0.0543324, 0.05, -0.401233, -0.0675232, 0.129089, 0.426862, 1004.79, 7664.9, 10, 2e-20, 3e-20, 2e-20, 2e-20, -1
-0.302186, -0.290724, 0.0511345, 0.05, 0.163992, -0.124743, 0.0806704, 0.221273, 1007.32, 11712, 10, 2e-20, 3e-20, 2e-20, 2e-20, -1
-0.348557, -0.323891, 0.0834359, 0.05, 0.0519731, -0.0748586, 0.137187, 0.164698, 1002.37, 3786.06, 10, 2e-20, 3e-20, 2e-20, 2e-20, -1
-0.301158, -0.200008, 0.0855919, 0.05, -0.116525, 0.211372, 0.458352, 0.518018, 997.913, -3339.7, 10, 2e-20, 3e-20, 2e-20, 2e-20, -1
-0.348312, -0.272829, 0.0992455, 0.05, 0.154807, 0.00668504, 0.0676219, 0.169064, 1004.98, 7975.45, 10, 2e-20, 3e-20, 2e-20, 2e-20, -1
-0.327632, -0.219868, 0.128483, 0.05, 0.0506518, -0.0760916, -0.0878397, 0.126773, 1007.15, 11440.5, 10, 2e-20, 3e-20, 2e-20, 2e-20, -1
-0.324547, -0.203348, 0.180227, 0.05, -0.124334, -0.0241579, 0.139472, 0.188402, 1006.28, 10051.5, 10, 2e-20, 3e-20, 2e-20, 2e-20, -1
-0.348715, -0.165262, 0.152383, 0.05, -0.209527, -0.223756, 0.151842, 0.342088, 997.049, -4721.59, 10, 2e-20, 3e-20, 2e-20, 2e-20, -1
-0.264693, -0.139157, 0.175964, 0.05, -0.205822, 0.133908, 0.233222, 0.338654, 1000.29, 470.846, 10, 2e-20, 3e-20, 2e-20, 2e-20, -1
-0.312201, -0.139949, 0.182517, 0.05, 0.133393, -0.349151, 0.283459, 0.469094, 1002.95, 4714.72, 10, 2e-20, 3e-20, 2e-20, 2e-20, -1
-0.33422, -0.249009, 0.178332, 0.05, 0.169996, -0.0447846, 0.0631934, 0.186809, 1001.47, 2357.67, 10, 2e-20, 3e-20, 2e-20, 2e-20, -1
-0.323102, -0.170337, 0.221133, 0.05, 0.10363, -0.195227, 0.0213016, 0.222051, 1011.5, 18405.3, 10, 2e-20, 3e-20, 2e-20, 2e-20, -1
-0.32634, -0.208866, 0.260632, 0.05, -0.223418, -0.00227387, -0.051148, 0.229209, 1009.39, 15025.8, 10, 2e-20, 3e-20, 2e-20, 2e-20, -1
-0.306831, -0.25692, 0.27927, 0.05, 0.107562, 0.00527446, 0.0645237, 0.125542, 1006.08, 9729.91, 10, 2e-20, 3e-20, 2e-20, 2e-20, -1
-0.323698, -0.129646, 0.307053, 0.05, -0.193705, -0.0330512, -0.118268, 0.22935, 1002.47, 3956.86, 10, 2e-20, 3e-20, 2e-20, 2e-20, -1
-0.333911, -0.143763, 0.365327, 0.05, -0.151833, 0.209884, -0.0941229, 0.275615, 1011.7, 18722.9, 10, 2e-20, 3e-20, 2e-20, 2e-20, -1
-0.291884, -0.171753, 0.383853, 0.05, 0.0507525, -0.159638, 0.0181787, 0.168495, 993.542, -10332.8, 10, 2e-20, 3e-20, 2e-20, 2e-20, -1
-0.29364, -0.121822, 0.39271, 0.05, -0.0542109, 0.143749, -0.110657, 0.189334, 1013.78, 22050, 10, 2e-20, 3e-20, 2e-20, 2e-20, -1
-0.350612, -0.193256, 0.416153, 0.05, -0.0115227, 0.101508, -0.0377828, 0.108923, 1002.57, 4108.42, 10, 2e-20, 3e-20, 2e-20, 2e-20, -1
-0.322612, -0.152813, 0.419506, 0.05, -0.241976, -0.146856, 0.0687044, 0.291272, 1008, 12803.7, 10, 2e-20, 3e-20, 2e-20, 2e-20, -1
-0.305936, -0.277712, 0.447284, 0.05, 0.0126146, -0.0111976, -0.0811263, 0.0828613, 1006.49, 10383.7, 10, 2e-20, 3e-20, 2e-20, 2e-20, -1
-0.354415, -0.22615, 0.460166, 0.05, 0.0202242, -0.0250078, 0.00476413, 0.0325132, 1005.78, 9245.72, 10, 2e-20, 3e-20, 2e-20, 2e-20, -1
-0.351895, -0.188116, 0.492646, 0.05, -0.0405382, 0.213269, 0.0913193, 0.235513, 1009.52, 15225.8, 10, 2e-20, 3e-20, 2e-20, 2e-20, -1
-0.360236, -0.134371, 0.487169, 0.05, 0.00324206, -0.119215, -0.149148, 0.190966, 1002.3, 3677.65, 10, 2e-20, 3e-20, 2e-20, 2e-20, -1
-0.374759, -0.140341, 0.537308, 0.05, -0.0251054, -0.0261514, -0.0696188, 0.0784918, 1002.38, 3809.66, 10, 2e-20, 3e-20, 2e-20, 2e-20, -1
-0.400318, -0.18607, 0.526217, 0.05, -0.0217334, -0.0764987, 0.0376514, 0.0879887, 1001.48, 2368.79, 10, 2e-20, 3e-20, 2e-20, 2e-20, -1
-0.340639, -0.100101, 0.530095, 0.05, 0.211603, -0.0207592, 0.103305, 0.236387, 998.397, -2564.66, 10, 2e-20, 3e-20, 2e-20, 2e-20, -1
-0.372561, -0.126957, 0.584417, 0.05, -0.228236, 0.178977, -0.0688447, 0.2981, 1009.31, 14895.2, 10, 2e-20, 3e-20, 2e-20, 2e-20, -1
-0.340974, -0.14216, 0.61998, 0.05, -0.0896356, -0.0243321, 0.178704, 0.2014, 996.564, -5497.31, 10, 2e-20, 3e-20, 2e-20, 2e-20, -1
-0.296652, -0.162582, 0.633891, 0.05, -0.0472487, -0.051975, 0.139268, 0.155979, 1005.36, 8574.73, 10, 2e-20, 3e-20, 2e-20, 2e-20, -1
-0.328523, -0.161834, 0.680115, 0.05, 0.0125947, -0.00975909, -0.0948689, 0.0961976, 1005.21, 8337.06, 10, 2e-20, 3e-20, 2e-20, 2e-20, -1
-0.39931, -0.161204, 0.709758, 0.05, -0.0488102, -0.00189067, 0.021033, 0.0531827, 1005.31, 8497.22, 10, 2e-20, 3e-20, 2e-20, 2e-20, -1
-0.361885, -0.121725, 0.717578, 0.05, -0.0624679, 0.00854724, -0.0324713, 0.0709202, 1002.4, 3842.3, 10, 2e-20, 3e-20, 2e-20, 2e-20, -1
-0.417921, -0.113318, 0.755328, 0.05, 0.103539, 0.0108312, -0.102841, 0.146335, 1009.3, 14875.5, 10, 2e-20, 3e-20, 2e-20, 2e-20, -1
-0.415703, -0.166101, 0.766831, 0.05, -0.0747273, -0.0922809, 0.11719, 0.166833, 998.341, -2654.96, 10, 2e-20, 3e-20, 2e-20, 2e-20, -1
-0.374858, -0.11579, 0.803987, 0.05, 0.0449593, -0.0710868, 0.0505067, 0.0981101, 1000.08, 123.841, 10, 2e-20, 3e-20, 2e-20, 2e-20, -1
-0.341112, -0.169917, 0.799406, 0.05, 0.0724597, -0.101857, 0.0670317, 0.14184, 1005.94, 9499.81, 10, 2e-20, 3e-20, 2e-20, 2e-20, -1
-0.312815, -0.169243, 0.854041, 0.05, 0.0140397, -0.0789857, 0.0285555, 0.0851544, 1002.51, 4023.66, 10, 2e-20, 3e-20, 2e-20, 2e-20, -1
-0.312982, -0.102948, 0.884783, 0.05, 0.0185626, -0.0105515, -0.0511261, 0.0554056, 1007.21, 11537, 10, 2e-20, 3e-20, 2e-20, 2e-20, -1
-0.3171, -0.0187025, 0.966564, 0.05, -0.1752, -0.0224666, 0.0703453, 0.190127, 1009.63, 15409.3, 10, 2e-20, 3e-20, 2e-20, 2e-20, -1
-0.312264, -0.0631012, 0.997088, 0.05, -0.0329243, 0.00868727, 0.0843095, 0.0909261, 1009.19, 14698.8, 10, 2e-20, 3e-20, 2e-20, 2e-20, -1
-0.284061, -0.158866, 0.952427, 0.05, -0.064599, 0.0349402, 0.0448837, 0.086072, 1009.18, 14690, 10, 2e-20, 3e-20, 2e-20, 2e-20, -1
-0.240506, -0.084246, 0.983214, 0.05, -0.0280342, -0.0548217, 0.114278, 0.129811, 1004.29, 6859.89, 10, 2e-20, 3e-20, 2e-20, 2e-20, -1
-0.240842, -0.196288, 1.03069, 0.05, 0.00694456, -0.110107, 0.114294, 0.158855, 1000.05, 78.4886, 10, 2e-20, 3e-20, 2e-20, 2e-20, -1
-0.270096, -0.110823, 1.01679, 0.05, 0.0874809, -0.0334799, 0.0748389, 0.119894, 1001.03, 1653.52, 10, 2e-20, 3e-20, 2e-20, 2e-20, -1
-0.243388, -0.123284, 1.05753, 0.05, -0.124369, 0.0735151, 0.158738, 0.214639, 1000.82, 1310.24, 10, 2e-20, 3e-20, 2e-20, 2e-20, -1
-0.225617, -0.135957, 1.10962, 0.05, -0.0835269, 0.0258662, 0.167859, 0.189268, 999.661, -541.778, 10, 2e-20, 3e-20, 2e-20, 2e-20, -1
-0.14282, -0.120373, 1.20507, 0.05, -0.0823502, -0.0673626, 0.00510423, 0.106514, 1004.63, 7406.42, 10, 2e-20, 3e-20, 2e-20, 2e-20, -1
-0.115191, -0.0807519, 1.22661, 0.05, -0.0239092, -0.0113155, -0.0389144, 0.0470534, 996.49, -5616.36, 10, 2e-20, 3e-20, 2e-20, 2e-20, -1
-0.141254, -0.234536, 1.29583, 0.05, -0.053939, -0.213191, 0.20724, 0.302172, 1001.28, 2044, 10, 2e-20, 3e-20, 2e-20, 2e-20, -1
-0.0503642, -0.17155, 1.35926, 0.05, 0.04987, -0.058315, 0.169966, 0.186483, 1000.84, 1342.84, 10, 2e-20, 3e-20, 2e-20, 2e-20, -1
-0.305079, -0.1189, 0.0510743, 0.05, -0.205598, 0.0310546, -0.218612, 0.301705, 1011.19, 17901.4, 10, 2e-20, 3e-20, 2e-20, 2e-20, -1
-0.323508, -0.1774, 0.0470162, 0.05, -0.0114259, 0.424425, -0.14298, 0.448007, 1013.82, 22105, 10, 2e-20, 3e-20, 2e-20, 2e-20, -1
-0.303136, -0.150329, 0.0993597, 0.05, 0.16476, 0.265935, -0.110901, 0.331913, 1003.77, 6030.6, 10, 2e-20, 3e-20, 2e-20, 2e-20, -1
-0.335936, -0.0815463, 0.0974445, 0.05, -0.409887, 0.0812122, 0.0133439, 0.418068, 1005.87, 9392.99, 10, 2e-20, 3e-20, 2e-20, 2e-20, -1
-0.269064, -0.109764, 0.0875266, 0.05, -0.252727, 0.346147, 0.137975, 0.45025, 1007.98, 12772.3, 10, 2e-20, 3e-20, 2e-20, 2e-20, -1
-0.260001, -0.18152, 0.104793, 0.05, -0.168706, 0.146289, 0.240092, 0.327882, 1006.03, 9647.46, 10, 2e-20, 3e-20, 2e-20, 2e-20, -1
-0.294734, -0.175185, 0.144222, 0.05, 0.0337682, -0.131053, -0.213215, 0.252538, 1001.46, 2337.06, 10, 2e-20, 3e-20, 2e-20, 2e-20, -1
-0.345337, -0.0664485, 0.170186, 0.05, 0.152973, -0.26818, -0.313405, 0.439936, 1012.02, 19232.9, 10, 2e-20, 3e-20, 2e-20, 2e-20, -1
-0.29947, -0.0867502, 0.164817, 0.05, -0.15316, -0.191491, -0.0375245, 0.248062, 1007.05, 11281.7, 10, 2e-20, 3e-20, 2e-20, 2e-20, -1
-0.264116, -0.0814472, 0.195559, 0.05, 0.00651538, 0.0200321, -0.011258, 0.0238847, 1011.55, 18480.1, 10, 2e-20, 3e-20, 2e-20, 2e-20, -1
-0.320554, -0.114309, 0.220106, 0.05, 0.0612382, -0.134028, 0.0127679, 0.147908, 1001.92, 3073.83, 10, 2e-20, 3e-20, 2e-20, 2e-20, -1
-0.373601, -0.173419, 0.239597, 0.05, 0.0561866, -0.0888503, 0.148801, 0.182189, 997.376, -4197.84, 10, 2e-20, 3e-20, 2e-20, 2e-20, -1
-0.375417, -0.121216, 0.241195, 0.05, -0.0169597, -0.239853, 0.255448, 0.350814, 1005.94, 9504.71, 10, 2e-20, 3e-20, 2e-20, 2e-20, -1
-0.341076, -0.157032, 0.272092, 0.05, -0.170908, 0.0977509, 0.128419, 0.235066, 1006.46, 10343.6, 10, 2e-20, 3e-20, 2e-20, 2e-20, -1
-0.330456, -0.0981274, 0.343627, 0.05, -0.0740735, -0.117927, 0.157315, 0.210099, 1000.68, 1086.05, 10, 2e-20, 3e-20, 2e-20, 2e-20, -1
-0.369561, -0.0889798, 0.378652, 0.05, -0.0276289, -0.12116, -0.0724768, 0.143861, 1004.94, 7902.05, 10, 2e-20, 3e-20, 2e-20, 2e-20, -1
-0.40898, -0.0738949, 0.407495, 0.05, -0.104036, -0.184619, 0.203124, 0.293542, 1008.49, 13578, 10, 2e-20, 3e-20, 2e-20, 2e-20, -1
-0.365066, -0.126973, 0.403643, 0.05, 0.0457408, 0.0074549, 0.00018411, 0.0463447, 1003.11, 4982, 10, 2e-20, 3e-20, 2e-20, 2e-20, -1
-0.398122, -0.123354, 0.447267, 0.05, 0.0733146, -0.0322114, 0.0829144, 0.115271, 1007.06, 11288.6, 10, 2e-20, 3e-20, 2e-20, 2e-20, -1
-0.365312, -0.166913, 0.447427, 0.05, 0.0327009, 0.120545, -0.0237279, 0.127136, 1003.58, 5728.32, 10, 2e-20, 3e-20, 2e-20, 2e-20, -1
-0.340899, -0.10818, 0.435081, 0.05, -0.0417241, -0.0357083, 0.0690693, 0.0882414, 998.773, -1963.54, 10, 2e-20, 3e-20, 2e-20, 2e-20, -1
-0.414896, -0.1337, 0.505883, 0.05, 0.0222575, -0.0793151, -0.113177, 0.139983, 997.952, -3277.07, 10, 2e-20, 3e-20, 2e-20, 2e-20, -1
-0.377773, -0.0806124, 0.454321, 0.05, -0.0581592, 0.202701, -0.0473585, 0.216132, 1007.11, 11372.6, 10, 2e-20, 3e-20, 2e-20, 2e-20, -1
-0.336605, -0.0647478, 0.450536, 0.05, -0.165027, -0.0186371, 0.0218156, 0.167503, 1003.2, 5123.14, 10, 2e-20, 3e-20, 2e-20, 2e-20, -1
-0.383901, -0.0888933, 0.507974, 0.05, 0.015628, -0.018199, -0.0496124, 0.0551074, 1005.77, 9230.02, 10, 2e-20, 3e-20, 2e-20, 2e-20, -1
-0.345745, -0.0309237, 0.534634, 0.05, 0.0960093, -0.00852242, -0.177534, 0.202012, 1006.89, 11032, 10, 2e-20, 3e-20, 2e-20, 2e-20, -1
-0.374026, -0.0810146, 0.564672, 0.05, -0.0285331, -0.156714, -0.0118427, 0.15973, 1002.39, 3830.77, 10, 2e-20, 3e-20, 2e-20, 2e-20, -1
-0.387911, -0.0700482, 0.61586, 0.05, -0.00966643, -0.119095, -0.143727, 0.186908, 1006.13, 9803.57, 10, 2e-20, 3e-20, 2e-20, 2e-20, -1
-0.416351, -0.124469, 0.616527, 0.05, 0.0102973, 0.0280655, -0.206417, 0.208571, 1002.29, 3668.74, 10, 2e-20, 3e-20, 2e-20, 2e-20, -1
-0.420902, -0.0891546, 0.644042, 0.05, -0.0213493, 0.0313493, 0.0463166, 0.0598649, 1002.47, 3948.86, 10, 2e-20, 3e-20, 2e-20, 2e-20, -1
-0.340558, -0.117245, 0.665108, 0.05, 0.0292324, -0.00195295, -0.0445145, 0.0532906, 1002.91, 4658.98, 10, 2e-20, 3e-20, 2e-20, 2e-20, -1
-0.348748, -0.0558108, 0.641038, 0.05, -0.0323208, -0.0291118, 0.0874453, 0.0976668, 1001.13, 1804.04, 10, 2e-20, 3e-20, 2e-20, 2e-20, -1
-0.384996, -0.0717461, 0.672724, 0.05, 0.0208858, -0.127363, -0.0115221, 0.129578, 1007.67, 12267.8, 10, 2e-20, 3e-20, 2e-20, 2e-20, -1
-0.396352, -0.0764724, 0.727158, 0.05, -0.087302, -0.230816, -0.0153722, 0.247253, 1001.62, 2584.8, 10, 2e-20, 3e-20, 2e-20, 2e-20, -1
-0.388559, -0.0678115, 0.776661, 0.05, 0.07023, -0.159968, 0.0724616, 0.189137, 1004.03, 6452.57, 10, 2e-20, 3e-20, 2e-20, 2e-20, -1
-0.409366, -0.0251198, 0.728525, 0.05, -0.0678697, -0.0200472, 0.037978, 0.0803152, 1006.45, 10316.2, 10, 2e-20, 3e-20, 2e-20, 2e-20, -1
-0.39285, -0.0723498, 0.828007, 0.05, 0.131855, -0.191483, 0.137209, 0.269959, 998.173, -2923.7, 10, 2e-20, 3e-20, 2e-20, 2e-20, -1
-0.343188, -0.131413, 0.84254, 0.05, -0.0444035, -0.101752, 0.0507951, 0.122087, 1001.46, 2343.01, 10, 2e-20, 3e-20, 2e-20, 2e-20, -1
-0.353281, -0.0759863, 0.875025, 0.05, 0.010753, -0.0808736, 0.0144372, 0.0828529, 1004.25, 6796.52, 10, 2e-20, 3e-20, 2e-20, 2e-20, -1
-0.319856, -0.073092, 0.937368, 0.05, 0.018026, -0.163204, 0.146119, 0.219799, 1005.91, 9461.78, 10, 2e-20, 3e-20, 2e-20, 2e-20, -1
-0.33623, -0.0306064, 0.909749, 0.05, -0.0822763, -0.0111272, 0.0345596, 0.0899309, 1004.13, 6607.88, 10, 2e-20, 3e-20, 2e-20, 2e-20, -1
-0.290955, -0.0176436, 1.04357, 0.05, -0.11559, -0.111368, 0.183539, 0.243824, 1011.78, 18841.8, 10, 2e-20, 3e-20, 2e-20, 2e-20, -1
-0.263425, -0.0570627, 1.02728, 0.05, 0.106302, -0.0475471, 0.0924479, 0.148686, 999.254, -1193.16, 10, 2e-20, 3e-20, 2e-20, 2e-20, -1
-0.236465, -0.0855966, 1.07395, 0.05, -0.00887159, -0.0951441, 0.104851, 0.141862, 1000.67, 1076.23, 10, 2e-20, 3e-20, 2e-20, 2e-20, -1
-0.161374, -0.122037, 1.15395, 0.05, 0.0827237, -0.061444, 0.0393266, 0.110296, 997.612, -3821.2, 10, 2e-20, 3e-20, 2e-20, 2e-20, -1
-0.180395, -0.0754679, 1.16245, 0.05, -0.0196451, -0.0516505, 0.0936621, 0.108749, 1005.35, 8567.43, 10, 2e-20, 3e-20, 2e-20, 2e-20, -1
-0.158193, -0.057617, 1.22094, 0.05, -0.089264, 0.00741735, -0.0139819, 0.0906564, 1000.08, 120.696, 10, 2e-20, 3e-20, 2e-20, 2e-20, -1
-0.151762, -0.0470004, 1.18679, 0.05, 0.00488833, -0.106972, 0.120819, 0.161444, 997.356, -4231.11, 10, 2e-20, 3e-20, 2e-20, 2e-20, -1
-0.118652, -0.0361992, 1.25588, 0.05, 0.0897946, -0.0162376, -0.156661, 0.181299, 995.076, -7878.81, 10, 2e-20, 3e-20, 2e-20, 2e-20, -1
-0.0907567, -0.0589409, 1.28585, 0.05, 0.0871661, -0.00976139, 0.0357949, 0.0947338, 999.848, -243.939, 10, 2e-20, 3e-20, 2e-20, 2e-20, -1
-0.0533998, -0.0892835, 1.2875, 0.05, 0.0125248, -0.0153006, -0.0270712, 0.0335235, 998.669, -2130, 10, 2e-20, 3e-20, 2e-20, 2e-20, -1
-0.31934, -0.0784584, 0.0691115, 0.05, -0.0134664, 0.134914, 0.0216445, 0.137301, 1000.87, 1390.47, 10, 2e-20, 3e-20, 2e-20, 2e-20, -1
-0.336459, -0.0285725, 0.052276, 0.05, 0.236107, -0.0753219, -0.251758, 0.353273, 1019.9, 31836.9, 10, 2e-20, 3e-20, 2e-20, 2e-20, -1
-0.318322, -0.0297018, 0.0989921, 0.05, -0.248961, 0.381203, -0.115294, 0.46967, 1014.61, 23368.1, 10, 2e-20, 3e-20, 2e-20, 2e-20, -1
-0.416939, -0.00356558, 0.0531607, 0.05, -0.0878693, 0.281872, -0.24072, 0.380945, 1013.96, 22340.5, 10, 2e-20, 3e-20, 2e-20, 2e-20, -1
-0.368865, -0.055337, 0.127777, 0.05, -0.0970653, 0.263545, 0.373456, 0.467276, 1007.66, 12258, 10, 2e-20, 3e-20, 2e-20, 2e-20, -1
-0.287965, -0.0688529, 0.12377, 0.05, -0.0103947, -0.303902, -0.192802, 0.360052, 1002.39, 3824.98, 10, 2e-20, 3e-20, 2e-20, 2e-20, -1
-0.294624, -0.0304244, 0.136698, 0.05, -0.0535246, 0.043076, -0.18868, 0.200799, 1006.61, 10571.2, 10, 2e-20, 3e-20, 2e-20, 2e-20, -1
-0.320983, -0.0729073, 0.217141, 0.05, -0.0481189, -0.16199, 0.492748, 0.52092, 1013.76, 22019.8, 10, 2e-20, 3e-20, 2e-20, 2e-20, -1
-0.33993, -0.0240809, 0.159073, 0.05, 0.0718996, -0.237411, -0.0723075, 0.258383, 1008.47, 13546.3, 10, 2e-20, 3e-20, 2e-20, 2e-20, -1
-0.368492, -0.0413146, 0.216093, 0.05, -0.157572, 0.225585, 0.229437, 0.358272, 1006.21, 9930.76, 10, 2e-20, 3e-20, 2e-20, 2e-20, -1
-0.362162, 0.00468899, 0.201508, 0.05, -0.0318336, 0.148058, 0.280534, 0.318801, 1013.29, 21257, 10, 2e-20, 3e-20, 2e-20, 2e-20, -1
-0.33452, -0.0435914, 0.252948, 0.05, -0.139882, 0.0479424, 0.208846, 0.255894, 998.309, -2705.6, 10, 2e-20, 3e-20, 2e-20, 2e-20, -1
-0.33642, -0.0983616, 0.268727, 0.05, -0.228915, 0.0745355, 0.128653, 0.272964, 1005.57, 8907.54, 10, 2e-20, 3e-20, 2e-20, 2e-20, -1
-0.28219, -0.0323122, 0.23705, 0.05, 0.169327, 0.10854, 0.307353, 0.367313, 1003.04, 4871.32, 10, 2e-20, 3e-20, 2e-20, 2e-20, -1
-0.332828, -0.0662139, 0.30235, 0.05, -0.0843585, 0.148859, -0.223933, 0.281818, 1013.88, 22213.9, 10, 2e-20, 3e-20, 2e-20, 2e-20, -1
-0.357526, -0.0136241, 0.286397, 0.05, 0.256831, -0.217455, -0.0208637, 0.337171, 1005.81, 9299.13, 10, 2e-20, 3e-20, 2e-20, 2e-20, -1
-0.286423, -0.0590883, 0.322722, 0.05, -0.00748313, -0.016501, 0.076919, 0.0790241, 999.655, -552.628, 10, 2e-20, 3e-20, 2e-20, 2e-20, -1
-0.263403, -0.0932688, 0.360421, 0.05, -0.0167402, -0.0142163, 0.0282903, 0.0358145, 1009.1, 14562.4, 10, 2e-20, 3e-20, 2e-20, 2e-20, -1
-0.319434, -0.0712826, 0.383814, 0.05, 0.0825284, -0.154861, -0.117939, 0.21143, 1007.52, 12032.2, 10, 2e-20, 3e-20, 2e-20, 2e-20, -1
-0.34273, -0.0193479, 0.365047, 0.05, -0.0388612, -0.128257, -0.0202102, 0.13553, 1007.62, 12199.3, 10, 2e-20, 3e-20, 2e-20, 2e-20, -1
-0.312352, -0.031679, 0.416711, 0.05, -0.135866, -0.0668001, 0.0150196, 0.152142, 1006.68, 10686.6, 10, 2e-20, 3e-20, 2e-20, 2e-20, -1
-0.364365, -0.0476886, 0.411752, 0.05, -0.108376, 0.0757592, 0.0939294, 0.162196, 1005.35, 8560.86, 10, 2e-20, 3e-20, 2e-20, 2e-20, -1
-0.294608, -0.084777, 0.427061, 0.05, -0.0469318, 0.0650771, -0.083579, 0.115858, 1003.13, 5013.99, 10, 2e-20, 3e-20, 2e-20, 2e-20, -1
-0.375808, -0.0444035, 0.487425, 0.05, -0.157064, 0.0629374, -0.205407, 0.266125, 1005.23, 8362.29, 10, 2e-20, 3e-20, 2e-20, 2e-20, -1
-0.391498, -0.0145188, 0.52089, 0.05, -0.205118, -0.064699, -0.287499, 0.359047, 1005.25, 8405.58, 10, 2e-20, 3e-20, 2e-20, 2e-20, -1
-0.355877, 0.0215378, 0.526715, 0.05, 0.0937073, -0.165035, 0.019816, 0.190814, 1008.99, 14377.4, 10, 2e-20, 3e-20, 2e-20, 2e-20, -1
-0.310511, 0.0169027, 0.550843, 0.05, 0.0887716, -0.0490284, -0.240798, 0.261282, 1012.97, 20751.8, 10, 2e-20, 3e-20, 2e-20, 2e-20, -1
-0.35418, 0.00582771, 0.586366, 0.05, -0.144695, 0.00958435, 0.055451, 0.155252, 1002.36, 3782.49, 10, 2e-20, 3e-20, 2e-20, 2e-20, -1
-0.36187, 0.0520679, 0.615289, 0.05, 0.0110334, -0.064986, -0.0386861, 0.07643, 1000.93, 1489.18, 10, 2e-20, 3e-20, 2e-20, 2e-20, -1
-0.38921, -0.0193596, 0.618268, 0.05, 0.0646915, 0.177046, -0.129212, 0.22853, 1002.13, 3404.1, 10, 2e-20, 3e-20, 2e-20, 2e-20, -1
-0.410599, 0.0310118, 0.639863, 0.05, -0.0314325, -0.0525598, -0.0329982, 0.0695659, 1000.01, 13.809, 10, 2e-20, 3e-20, 2e-20, 2e-20, -1
-0.400998, -0.0199395, 0.667371, 0.05, 0.0361841, -0.0641991, -0.0976748, 0.122357, 1009.26, 14810.4, 10, 2e-20, 3e-20, 2e-20, 2e-20, -1
-0.4095, 0.040519, 0.684572, 0.05, 0.0523663, 0.158361, 0.0710283, 0.181288, 1001.44, 2308.56, 10, 2e-20, 3e-20, 2e-20, 2e-20, -1
-0.357111, -0.0327487, 0.691788, 0.05, 0.0168738, -0.0396191, -0.110109, 0.11823, 1004.05, 6472.47, 10, 2e-20, 3e-20, 2e-20, 2e-20, -1
-0.44009, -0.00163823, 0.693584, 0.05, 0.0318527, 0.0737169, -0.13259, 0.155013, 1007.76, 12423.8, 10, 2e-20, 3e-20, 2e-20, 2e-20, -1
-0.36048, -0.0417724, 0.743719, 0.05, -0.0470808, -0.015372, 0.0667045, 0.0830807, 1004.26, 6814.12, 10, 2e-20, 3e-20, 2e-20, 2e-20, -1
-0.358483, -0.0359617, 0.816788, 0.05, -0.0868652, 0.00388684, 0.0981123, 0.131098, 1005.41, 8654.6, 10, 2e-20, 3e-20, 2e-20, 2e-20, -1
-0.364477, 0.0494631, 0.790827, 0.05, 0.0468576, 0.014166, -0.0428092, 0.0650303, 1001.17, 1866.08, 10, 2e-20, 3e-20, 2e-20, 2e-20, -1
-0.390006, -0.0547732, 0.874468, 0.05, 0.106367, -0.116323, 0.0266606, 0.159862, 1002.71, 4338.32, 10, 2e-20, 3e-20, 2e-20, 2e-20, -1
-0.365104, 0.00920076, 0.821524, 0.05, -0.0726866, -0.0662058, -0.0304934, 0.102939, 1007.2, 11527.1, 10, 2e-20, 3e-20, 2e-20, 2e-20, -1
-0.365587, -0.0180823, 0.867691, 0.05, -0.0293458, -0.0799701, -0.0282855, 0.0897578, 1006.3, 10073.8, 10, 2e-20, 3e-20, 2e-20, 2e-20, -1
-0.336633, 0.0473919, 0.929976, 0.05, 0.0323477, -0.114454, 0.0278721, 0.122159, 998.792, -1932.93, 10, 2e-20, 3e-20, 2e-20, 2e-20, -1
-0.353331, 0.00266192, 0.961932, 0.05, 0.0276132, -0.205724, 0.0540637, 0.214494, 998.045, -3128.31, 10, 2e-20, 3e-20, 2e-20, 2e-20, -1
-0.34416, 0.0094889, 1.02158, 0.05, -9.48838e-05, -0.259531, 0.0198291, 0.260287, 999.823, -283.513, 10, 2e-20, 3e-20, 2e-20, 2e-20, -1
-0.326163, 0.0187872, 1.06513, 0.05, 0.0981397, -0.183103, -0.00380098, 0.20778, 1000.93, 1489.41, 10, 2e-20, 3e-20, 2e-20, 2e-20, -1
-0.234425, -0.0315487, 1.0696, 0.05, 0.00573754, -0.166414, -0.011188, 0.166888, 996.062, -6300.29, 10, 2e-20, 3e-20, 2e-20, 2e-20, -1
-0.265627, 0.0105172, 1.08288, 0.05, -0.159271, -0.190452, 0.041696, 0.25175, 1006.3, 10083.8, 10, 2e-20, 3e-20, 2e-20, 2e-20, -1
-0.206152, -0.0317421, 1.1686, 0.05, 0.0200178, -0.180537, 0.0270621, 0.183648, 1004.76, 7621.21, 10, 2e-20, 3e-20, 2e-20, 2e-20, -1
-0.147651, -0.0385753, 1.28425, 0.05, -0.145096, -0.00589104, 0.0144139, 0.14593, 1004.61, 7376.18, 10, 2e-20, 3e-20, 2e-20, 2e-20, -1
-0.108478, -0.0468631, 1.30643, 0.05, 0.132168, -0.054048, 0.0795505, 0.163456, 1001.47, 2349.36, 10, 2e-20, 3e-20, 2e-20, 2e-20, -1
-0.0992525, -0.0910516, 1.26684, 0.05, 0.0400566, -0.0755153, 0.0144287, 0.0866907, 1001.12, 1787.61, 10, 2e-20, 3e-20, 2e-20, 2e-20, -1
-0.413505, 0.0601476, 0.0512719, 0.05, 0.286571, 1.43066, 0.159115, 1.46773, 1001.47, 2358.21, 10, 2e-20, 3e-20, 2e-20, 2e-20, -1
-0.365185, 0.0960224, 0.064284, 0.05, -0.77441, -0.654087, -0.312855, 1.06086, 1027.23, 43572.5, 10, 2e-20, 3e-20, 2e-20, 2e-20, -1
-0.414886, 0.0725286, 0.0955892, 0.05, 0.808271, 0.427729, 0.0580936, 0.916313, 1024.54, 39256, 10, 2e-20, 3e-20, 2e-20, 2e-20, -1
-0.365968, 0.0277197, 0.0497528, 0.05, 0.163655, -0.0576387, 0.0463731, 0.179599, 1013.69, 21897.9, 10, 2e-20, 3e-20, 2e-20, 2e-20, -1
-0.312213, 0.134297, 0.107945, 0.05, 0.0936946, 0.234989, -0.525124, 0.582884, 1018.62, 29793.4, 10, 2e-20, 3e-20, 2e-20, 2e-20, -1
-0.325049, 0.0417917, 0.113608, 0.05, 0.358205, -0.17271, -0.0403669, 0.399711, 1007.32, 11715.3, 10, 2e-20, 3e-20, 2e-20, 2e-20, -1
-0.316677, 0.0120975, 0.0547195, 0.05, -0.226598, -0.106243, -0.355323, 0.434613, 990.634, -14985, 10, 2e-20, 3e-20, 2e-20, 2e-20, -1
-0.378119, 0.0452217, 0.12306, 0.05, -0.0428587, -0.0552917, 0.0532842, 0.0879389, 1015.5, 24801.4, 10, 2e-20, 3e-20, 2e-20, 2e-20, -1
-0.29832, 0.014127, 0.142259, 0.05, 0.250041, -0.147014, -0.476054, 0.55746, 1009.51, 15217.2, 10, 2e-20, 3e-20, 2e-20, 2e-20, -1
-0.361612, 0.0126703, 0.141898, 0.05, 0.0848107, -0.0979714, 0.0370609, 0.134777, 1008.03, 12852.9, 10, 2e-20, 3e-20, 2e-20, 2e-20, -1
-0.31592, 0.028991, 0.180005, 0.05, -0.265272, -0.096064, 0.189093, 0.339638, 1014.85, 23761.4, 10, 2e-20, 3e-20, 2e-20, 2e-20, -1
-0.37565, 0.0241526, 0.246408, 0.05, -0.0638277, 0.130704, -0.0415389, 0.151272, 1013.05, 20874.3, 10, 2e-20, 3e-20, 2e-20, 2e-20, -1
-0.364269, 0.0583859, 0.212334, 0.05, 0.130836, 0.296912, -0.563971, 0.650644, 998.951, -1678.5, 10, 2e-20, 3e-20, 2e-20, 2e-20, -1
-0.336852, 0.0692275, 0.248123, 0.05, -0.126025, 0.049891, -0.191619, 0.234711, 1006.6, 10552.9, 10, 2e-20, 3e-20, 2e-20, 2e-20, -1
-0.355655, 0.101118, 0.279106, 0.05, 0.144391, -0.067276, 0.278763, 0.321066, 994.111, -9423.02, 10, 2e-20, 3e-20, 2e-20, 2e-20, -1
-0.325649, 0.0155534, 0.257342, 0.05, -0.288858, 0.0441767, 0.204488, 0.35666, 1005.84, 9346.99, 10, 2e-20, 3e-20, 2e-20, 2e-20, -1
-0.294246, -0.0214195, 0.286347, 0.05, -0.1363, -0.107722, -0.0414491, 0.178605, 1000.51, 812.136, 10, 2e-20, 3e-20, 2e-20, 2e-20, -1
-0.310349, 0.060435, 0.298076, 0.05, -0.212693, -0.176831, -0.237442, 0.364536, 1004.94, 7902.54, 10, 2e-20, 3e-20, 2e-20, 2e-20, -1
-0.317604, 0.0082062, 0.3115, 0.05, 0.119598, -0.0432847, -0.205408, 0.241599, 1004.27, 6839.59, 10, 2e-20, 3e-20, 2e-20, 2e-20, -1
-0.333384, 0.0454637, 0.335036, 0.05, 0.0229319, 0.186995, -0.120263, 0.223509, 1005.56, 8900.2, 10, 2e-20, 3e-20, 2e-20, 2e-20, -1
-0.302938, 0.00965145, 0.36801, 0.05, 0.0979106, 0.090109, -0.184623, 0.227578, 999.733, -427.675, 10, 2e-20, 3e-20, 2e-20, 2e-20, -1
-0.34839, 0.0405841, 0.437211, 0.05, -0.173836, -0.0571856, 0.0305489, 0.185532, 1000.81, 1295.29, 10, 2e-20, 3e-20, 2e-20, 2e-20, -1
-0.336396, -0.0120463, 0.461742, 0.05, -0.158136, -0.106827, -0.115535, 0.223086, 1011.48, 18365.3, 10, 2e-20, 3e-20, 2e-20, 2e-20, -1
-0.332774, 0.03743, 0.48321, 0.05, -0.0747569, -0.110778, 0.00699844, 0.133826, 995.098, -7843.14, 10, 2e-20, 3e-20, 2e-20, 2e-20, -1
-0.312011, -0.00271094, 0.507364, 0.05, 0.0446831, -0.0180935, 0.0442824, 0.0654591, 1004.07, 6512.73, 10, 2e-20, 3e-20, 2e-20, 2e-20, -1
-0.301068, 0.0764296, 0.47918, 0.05, -0.0426083, 0.145567, -0.0281373, 0.154263, 1010.25, 16399.7, 10, 2e-20, 3e-20, 2e-20, 2e-20, -1
-0.355655, 0.0509673, 0.565146, 0.05, -0.0587327, 0.0482782, -0.024357, 0.0798347, 1006.61, 10569.4, 10, 2e-20, 3e-20, 2e-20, 2e-20, -1
-0.365363, 0.101457, 0.557722, 0.05, -0.112596, -0.155718, -0.292423, 0.349911, 1008.68, 13889.7, 10, 2e-20, 3e-20, 2e-20, 2e-20, -1
-0.327869, 0.0874747, 0.591682, 0.05, -0.114684, 0.0345984, -0.109803, 0.1625, 1006.24, 9985.21, 10, 2e-20, 3e-20, 2e-20, 2e-20, -1
-0.29758, 0.145912, 0.598872, 0.05, 0.122801, 0.124839, -0.136091, 0.221779, 1010.53, 16851, 10, 2e-20, 3e-20, 2e-20, 2e-20, -1
-0.367341, 0.00757381, 0.644824, 0.05, 0.0651953, -0.0495345, -0.178818, 0.196672, 1004.97, 7952.03, 10, 2e-20, 3e-20, 2e-20, 2e-20, -1
-0.357389, 0.101142, 0.629387, 0.05, -0.104285, -0.114796, -0.0711633, 0.170639, 999.659, -546.035, 10, 2e-20, 3e-20, 2e-20, 2e-20, -1
-0.360603, 0.0506648, 0.667376, 0.05, 0.0131644, 0.0405941, -0.069972, 0.0819589, 1006.65, 10639.6, 10, 2e-20, 3e-20, 2e-20, 2e-20, -1
-0.370548, 0.0757553, 0.707839, 0.05, -0.11302, -0.0195506, -0.279272, 0.301908, 1001.37, 2196.43, 10, 2e-20, 3e-20, 2e-20, 2e-20, -1
-0.385533, 0.0257898, 0.734032, 0.05, 0.205491, -0.244644, -0.0994888, 0.334627, 1008.01, 12809.1, 10, 2e-20, 3e-20, 2e-20, 2e-20, -1
-0.378476, 0.127399, 0.71052, 0.05, -0.0841641, 0.0549979, -0.0379112, 0.107451, 998.732, -2029.21, 10, 2e-20, 3e-20, 2e-20, 2e-20, -1
-0.340064, 0.0191219, 0.753185, 0.05, -0.0155886, -0.0179836, -0.0257583, 0.03507, 1004.25, 6798.09, 10, 2e-20, 3e-20, 2e-20, 2e-20, -1
-0.39407, 0.0766876, 0.750073, 0.05, 0.0885291, 0.111304, 0.00564819, 0.14233, 1007.74, 12391, 10, 2e-20, 3e-20, 2e-20, 2e-20, -1
-0.328146, 0.0873043, 0.803196, 0.05, -0.109362, -0.0773843, -0.11164, 0.17439, 998.169, -2929.06, 10, 2e-20, 3e-20, 2e-20, 2e-20, -1
-0.347595, 0.0231109, 0.888474, 0.05, -0.0531624, 0.0109239, 0.0704384, 0.0889221, 1007.11, 11383.1, 10, 2e-20, 3e-20, 2e-20, 2e-20, -1
-0.313658, 0.170134, 0.874466, 0.05, -0.146925, -0.0298194, -0.180976, 0.235007, 1004.12, 6587.7, 10, 2e-20, 3e-20, 2e-20, 2e-20, -1
-0.359411, 0.129526, 0.866631, 0.05, -0.0305029, -0.062565, 0.0547504, 0.0885574, 1002.41, 3852.2, 10, 2e-20, 3e-20, 2e-20, 2e-20, -1
-0.322899, 0.0950667, 0.871023, 0.05, -0.0991133, 0.0305949, -0.0871948, 0.135508, 1008.13, 13009.1, 10, 2e-20, 3e-20, 2e-20, 2e-20, -1
-0.314791, 0.0668131, 0.973161, 0.05, 0.137204, -0.113941, -0.0148777, 0.178966, 1001.29, 2064.94, 10, 2e-20, 3e-20, 2e-20, 2e-20, -1
-0.287072, 0.0430416, 1.05769, 0.05, -0.0185376, -0.0189978, 0.0395424, 0.0476252, 1001.51, 2420.28, 10, 2e-20, 3e-20, 2e-20, 2e-20, -1
-0.23349, 0.043614, 1.08393, 0.05, -0.0465468, 0.112502, 0.126808, 0.175794, 1007.16, 11452.4, 10, 2e-20, 3e-20, 2e-20, 2e-20, -1
-0.218856, 0.0378896, 1.13203, 0.05, -1.36479e-05, 0.0185143, 0.106008, 0.107612, 1006.74, 10790.9, 10, 2e-20, 3e-20, 2e-20, 2e-20, -1
-0.203016, 0.0200032, 1.18609, 0.05, 0.0794189, -0.106271, 0.0550969, 0.143654, 999.919, -129.697, 10, 2e-20, 3e-20, 2e-20, 2e-20, -1
-0.184211, 0.0543528, 1.27899, 0.05, -0.0237491, -0.0301118, 0.116638, 0.122781, 1001.37, 2191.29, 10, 2e-20, 3e-20, 2e-20, 2e-20, -1
-0.155207, 0.0115482, 1.33977, 0.05, -0.0557869, -0.117815, 0.0990779, 0.163734, 1000.93, 1493.22, 10, 2e-20, 3e-20, 2e-20, 2e-20, -1
-0.106507, 0.0136587, 1.29065, 0.05, 0.0426339, -0.168643, -0.00570671, 0.174042, 998.494, -2408.81, 10, 2e-20, 3e-20, 2e-20, 2e-20, -1
-0.231436, 0.211727, 0.0539018, 0.05, 0.282788, -0.0130905, 0.457996, 0.538425, 1009.45, 15125.6, 10, 2e-20, 3e-20, 2e-20, 2e-20, -1
-0.32676, 0.205658, 0.0395741, 0.05, -0.000129119, 0.552541, 0.0859327, 0.559183, 1003.53, 5653.69, 10, 2e-20, 3e-20, 2e-20, 2e-20, -1
-0.376524, 0.232747, 0.0704483, 0.05, -0.64577, -0.143475, 0.0655102, 0.664753, 1004.24, 6776.27, 10, 2e-20, 3e-20, 2e-20, 2e-20, -1
-0.278203, 0.195949, 0.0576438, 0.05, -0.319332, 0.109416, -0.42362, 0.541663, 1008.74, 13991.9, 10, 2e-20, 3e-20, 2e-20, 2e-20, -1
-0.302682, 0.221231, 0.0905799, 0.05, -0.433174, 0.408083, -0.233696, 0.639363, 1009.65, 15432.6, 10, 2e-20, 3e-20, 2e-20, 2e-20, -1
-0.318612, 0.259361, 0.174693, 0.05, -0.207715, 0.0078121, -0.577518, 0.613786, 1017.76, 28413, 10, 2e-20, 3e-20, 2e-20, 2e-20, -1
-0.25852, 0.261769, 0.104578, 0.05, -0.341786, -0.0876553, -0.249322, 0.432045, 1001.9, 3034.82, 10, 2e-20, 3e-20, 2e-20, 2e-20, -1
-0.295532, 0.171645, 0.081705, 0.05, -0.026263, -0.254114, 0.252159, 0.358954, 999.622, -604.81, 10, 2e-20, 3e-20, 2e-20, 2e-20, -1
-0.274075, 0.152211, 0.145698, 0.05, 0.110439, 0.044694, 0.449291, 0.464819, 1006.32, 10104.3, 10, 2e-20, 3e-20, 2e-20, 2e-20, -1
-0.341584, 0.0909204, 0.118386, 0.05, -0.383293, -0.415349, -0.0533313, 0.56769, 992.478, -12034.7, 10, 2e-20, 3e-20, 2e-20, 2e-20, -1
-0.317456, 0.112349, 0.165746, 0.05, 0.487211, -0.264747, -0.555652, 0.784993, 1002.9, 4644.24, 10, 2e-20, 3e-20, 2e-20, 2e-20, -1
-0.357643, 0.0628854, 0.165463, 0.05, 0.0881513, -0.250684, 0.0506138, 0.270509, 1013.57, 21710.8, 10, 2e-20, 3e-20, 2e-20, 2e-20, -1
-0.356934, 0.109218, 0.227866, 0.05, 0.000465581, 0.170269, -0.33112, 0.372334, 1004.46, 7141.22, 10, 2e-20, 3e-20, 2e-20, 2e-20, -1
-0.297876, 0.105273, 0.278186, 0.05, -0.188646, 0.131795, 0.310938, 0.386833, 1008.32, 13305.7, 10, 2e-20, 3e-20, 2e-20, 2e-20, -1
-0.378549, 0.176566, 0.294099, 0.05, 0.0517725, 0.0895098, -0.0487897, 0.114337, 1004.54, 7264.03, 10, 2e-20, 3e-20, 2e-20, 2e-20, -1
-0.365732, 0.173918, 0.379117, 0.05, -0.175544, 0.0243682, -0.0871249, 0.197485, 1007.01, 11211.3, 10, 2e-20, 3e-20, 2e-20, 2e-20, -1
-0.373068, 0.104197, 0.328382, 0.05, 0.0773005, -0.0189497, -0.0989141, 0.126959, 1015.24, 24385.6, 10, 2e-20, 3e-20, 2e-20, 2e-20, -1
-0.340365, 0.220101, 0.389783, 0.05, -0.0577359, -0.193427, 0.26351, 0.331941, 994.648, -8563.28, 10, 2e-20, 3e-20, 2e-20, 2e-20, -1
-0.334583, 0.0879156, 0.364863, 0.05, -0.0371964, -0.0244431, 0.00954182, 0.0455201, 1007.38, 11800.5, 10, 2e-20, 3e-20, 2e-20, 2e-20, -1
-0.287794, 0.0583924, 0.378835, 0.05, -0.00685723, 0.000546368, -0.0136698, 0.0153031, 1001.4, 2243.97, 10, 2e-20, 3e-20, 2e-20, 2e-20, -1
-0.310462, 0.0770784, 0.423566, 0.05, 0.0189675, 0.105874, -0.0818115, 0.135138, 1007.43, 11881.2, 10, 2e-20, 3e-20, 2e-20, 2e-20, -1
-0.367939, 0.0853647, 0.417971, 0.05, -0.108055, 0.014478, 0.180024, 0.210462, 1002.8, 4475.76, 10, 2e-20, 3e-20, 2e-20, 2e-20, -1
-0.283648, 0.156752, 0.44004, 0.05, -0.144125, -0.0370365, 0.264572, 0.303549, 992.362, -12221.5, 10, 2e-20, 3e-20, 2e-20, 2e-20, -1
-0.343524, 0.158093, 0.448553, 0.05, -0.0941457, -0.0592151, 0.0868494, 0.141112, 1005.72, 9158.57, 10, 2e-20, 3e-20, 2e-20, 2e-20, -1
-0.314828, 0.119193, 0.45061, 0.05, 0.0747829, -0.0287809, -0.107241, 0.133871, 1005.5, 8800.15, 10, 2e-20, 3e-20, 2e-20, 2e-20, -1
-0.333181, 0.159383, 0.498546, 0.05, -0.0608814, -0.0544962, -0.0849037, 0.117835, 997.292, -4332.12, 10, 2e-20, 3e-20, 2e-20, 2e-20, -1
-0.351067, 0.12267, 0.484604, 0.05, -0.227469, 0.0531664, -0.0542505, 0.239816, 1006.47, 10350.7, 10, 2e-20, 3e-20, 2e-20, 2e-20, -1
-0.351862, 0.0742798, 0.514512, 0.05, -0.25182, 0.211237, 0.149527, 0.361099, 998.064, -3097.77, 10, 2e-20, 3e-20, 2e-20, 2e-20, -1
-0.338653, 0.182865, 0.556166, 0.05, 0.0526296, 0.134281, 0.0474939, 0.151845, 998.135, -2984.35, 10, 2e-20, 3e-20, 2e-20, 2e-20, -1
-0.352954, 0.141157, 0.589296, 0.05, -0.1583, 0.00726415, -0.149126, 0.217601, 1007.61, 12171.1, 10, 2e-20, 3e-20, 2e-20, 2e-20, -1
-0.328487, 0.154329, 0.636749, 0.05, 0.0716305, 0.114798, 0.0392687, 0.140896, 1003.96, 6333.76, 10, 2e-20, 3e-20, 2e-20, 2e-20, -1
-0.339393, 0.103947, 0.679478, 0.05, -0.122164, -0.0630992, -0.193829, 0.237645, 1009.16, 14648.1, 10, 2e-20, 3e-20, 2e-20, 2e-20, -1
-0.358982, 0.155936, 0.672887, 0.05, 0.0266873, -0.0803977, -0.0716597, 0.110955, 1004.43, 7091.9, 10, 2e-20, 3e-20, 2e-20, 2e-20, -1
-0.403713, 0.169878, 0.735048, 0.05, 0.0558002, -0.120528, -0.0302886, 0.136228, 1000.75, 1199.52, 10, 2e-20, 3e-20, 2e-20, 2e-20, -1
-0.370004, 0.245296, 0.706742, 0.05, -0.0971963, 0.132271, -0.155869, 0.226358, 1003.39, 5430.02, 10, 2e-20, 3e-20, 2e-20, 2e-20, -1
-0.366198, 0.174534, 0.766143, 0.05, -0.154893, -0.043232, -0.180781, 0.241956, 1001.62, 2587.51, 10, 2e-20, 3e-20, 2e-20, 2e-20, -1
-0.333707, 0.185632, 0.797032, 0.05, 0.0138009, -0.00679391, -0.33012, 0.330478, 1004.78, 7655.85, 10, 2e-20, 3e-20, 2e-20, 2e-20, -1
-0.370392, 0.136652, 0.803613, 0.05, -0.132824, -0.316427, -0.314714, 0.465632, 1008.6, 13754.4, 10, 2e-20, 3e-20, 2e-20, 2e-20, -1
-0.372697, 0.17121, 0.829392, 0.05, -0.174888, 0.00959882, 0.178518, 0.250093, 998.196, -2887.18, 10, 2e-20, 3e-20, 2e-20, 2e-20, -1
-0.358115, 0.0954117, 0.830408, 0.05, -0.00283602, -0.109945, -0.138626, 0.176955, 1004.09, 6543.33, 10, 2e-20, 3e-20, 2e-20, 2e-20, -1
-0.316835, 0.203995, 0.837429, 0.05, 0.015957, 0.0233287, -0.0549412, 0.061785, 1001.89, 3017.29, 10, 2e-20, 3e-20, 2e-20, 2e-20, -1
-0.272329, 0.15543, 0.932747, 0.05, 0.0929424, -0.111673, 0.189834, 0.239052, 1005.55, 8877.68, 10, 2e-20, 3e-20, 2e-20, 2e-20, -1
-0.325032, 0.131892, 0.912944, 0.05, -0.183125, -0.127236, -0.153522, 0.270726, 1003.65, 5840, 10, 2e-20, 3e-20, 2e-20, 2e-20, -1
-0.25251, 0.108501, 0.993034, 0.05, -0.101575, -0.0764629, -0.139755, 0.188933, 1006.34, 10139, 10, 2e-20, 3e-20, 2e-20, 2e-20, -1
-0.294633, 0.115812, 0.953538, 0.05, 0.00985175, -0.0936984, 0.159937, 0.185624, 1005.96, 9531.02, 10, 2e-20, 3e-20, 2e-20, 2e-20, -1
-0.266546, 0.0886513, 1.06503, 0.05, 0.108379, -0.0606302, 0.00518551, 0.124293, 998.984, -1625.67, 10, 2e-20, 3e-20, 2e-20, 2e-20, -1
-0.209993, 0.108287, 1.13169, 0.05, -0.0845539, -0.0593582, 0.0829203, 0.132471, 1002.54, 4070.81, 10, 2e-20, 3e-20, 2e-20, 2e-20, -1
-0.175379, 0.0541938, 1.13151, 0.05, 0.0825911, -0.118739, 0.131088, 0.195203, 1000.82, 1318.08, 10, 2e-20, 3e-20, 2e-20, 2e-20, -1
-0.135506, 0.10368, 1.24521, 0.05, 0.00311439, 0.055892, -0.00320118, 0.0560702, 1004.34, 6949.36, 10, 2e-20, 3e-20, 2e-20, 2e-20, -1
-0.11574, 0.0508657, 1.32394, 0.05, -0.010446, 0.0368782, -0.0884116, 0.0963625, 1004.33, 6932.16, 10, 2e-20, 3e-20, 2e-20, 2e-20, -1
-0.13786, 0.0741596, 1.39348, 0.05, 0.00593497, -0.0961145, -0.0651585, 0.116271, 997.992, -3213.35, 10, 2e-20, 3e-20, 2e-20, 2e-20, -1
-0.277302, 0.249174, 0.0503885, 0.05, 0.488249, 0.232068, -0.188901, 0.572649, 1006.81, 10889.1, 10, 2e-20, 3e-20, 2e-20, 2e-20, -1
-0.284187, 0.304514, 0.0509613, 0.05, -0.256015, 0.23506, 0.0203794, 0.348155, 1018.52, 29639.1, 10, 2e-20, 3e-20, 2e-20, 2e-20, -1
-0.264233, 0.336731, 0.0857199, 0.05, -0.095534, 0.169887, 0.3274, 0.381024, 998.093, -3051.35, 10, 2e-20, 3e-20, 2e-20, 2e-20, -1
-0.361331, 0.237219, 0.0875702, 0.05, -0.0574276, -0.378807, 0.37503, 0.536135, 1003.68, 5892.64, 10, 2e-20, 3e-20, 2e-20, 2e-20, -1
-0.317647, 0.247156, 0.128686, 0.05, -0.153596, 0.00950399, 0.331109, 0.365124, 1002.78, 4440.95, 10, 2e-20, 3e-20, 2e-20, 2e-20, -1
-0.351611, 0.293908, 0.15227, 0.05, 0.049806, 0.0651655, 0.718308, 0.722975, 996.621, -5406.16, 10, 2e-20, 3e-20, 2e-20, 2e-20, -1
-0.368798, 0.23071, 0.209724, 0.05, -0.417533, -0.149269, -0.270874, 0.519604, 1005.24, 8389.78, 10, 2e-20, 3e-20, 2e-20, 2e-20, -1
-0.277382, 0.202555, 0.132972, 0.05, 0.0190369, -0.0834273, -0.140648, 0.164634, 1010.19, 16301.7, 10, 2e-20, 3e-20, 2e-20, 2e-20, -1
-0.324256, 0.152094, 0.162333, 0.05, 0.235179, 0.0585264, 0.120947, 0.270855, 1005.65, 9033.19, 10, 2e-20, 3e-20, 2e-20, 2e-20, -1
-0.360299, 0.125728, 0.175577, 0.05, -0.131371, 0.154275, 0.161376, 0.259039, 999.561, -702.671, 10, 2e-20, 3e-20, 2e-20, 2e-20, -1
-0.365398, 0.184624, 0.242527, 0.05, 0.0335744, 0.112523, 0.266153, 0.290906, 1000.15, 238.341, 10, 2e-20, 3e-20, 2e-20, 2e-20, -1
-0.336854, 0.151779, 0.213758, 0.05, 0.0173453, -0.105331, -0.243341, 0.265726, 1001.74, 2786.11, 10, 2e-20, 3e-20, 2e-20, 2e-20, -1
-0.338582, 0.14023, 0.259004, 0.05, -0.0332484, 0.0558988, -0.0197928, 0.0679845, 1006.48, 10374.7, 10, 2e-20, 3e-20, 2e-20, 2e-20, -1
-0.40642, 0.143378, 0.220353, 0.05, -0.116138, -0.217118, -0.0627185, 0.25409, 1014.13, 22609.3, 10, 2e-20, 3e-20, 2e-20, 2e-20, -1
-0.328243, 0.174882, 0.302346, 0.05, -0.277685, -0.01675, -0.313305, 0.418986, 1010.35, 16563.6, 10, 2e-20, 3e-20, 2e-20, 2e-20, -1
-0.362636, 0.151, 0.334263, 0.05, -0.193106, -0.0453579, -0.0363122, 0.201658, 1002.84, 4547.84, 10, 2e-20, 3e-20, 2e-20, 2e-20, -1
-0.331082, 0.198562, 0.346897, 0.05, -0.204402, -0.0212245, 0.0101709, 0.205752, 1005.28, 8451.69, 10, 2e-20, 3e-20, 2e-20, 2e-20, -1
-0.343674, 0.269088, 0.386941, 0.05, -0.0319277, -0.0250158, -0.00187916, 0.0406042, 996.805, -5112.22, 10, 2e-20, 3e-20, 2e-20, 2e-20, -1
-0.335458, 0.118838, 0.395164, 0.05, 0.187722, -0.0916296, -0.324287, 0.385743, 1011.27, 18030, 10, 2e-20, 3e-20, 2e-20, 2e-20, -1
-0.35102, 0.26628, 0.439826, 0.05, -0.356635, 0.0519531, -0.0191412, 0.360907, 1015.77, 25239.8, 10, 2e-20, 3e-20, 2e-20, 2e-20, -1
-0.321454, 0.16199, 0.408655, 0.05, 0.066211, 0.230295, -0.159471, 0.287838, 1011.01, 17614.2, 10, 2e-20, 3e-20, 2e-20, 2e-20, -1
-0.311255, 0.251618, 0.423149, 0.05, 0.0966903, -0.303362, -0.0631274, 0.324596, 1002.22, 3545.08, 10, 2e-20, 3e-20, 2e-20, 2e-20, -1
-0.276058, 0.213488, 0.458428, 0.05, 0.113229, -0.0392958, -0.12425, 0.172636, 1003.24, 5185.32, 10, 2e-20, 3e-20, 2e-20, 2e-20, -1
-0.26789, 0.280913, 0.433438, 0.05, -0.0426802, -0.109247, -0.17932, 0.214271, 1006.49, 10385.3, 10, 2e-20, 3e-20, 2e-20, 2e-20, -1
-0.321837, 0.199022, 0.479386, 0.05, -0.0365234, -0.189941, 0.101884, 0.218614, 1005.25, 8401.02, 10, 2e-20, 3e-20, 2e-20, 2e-20, -1
-0.343781, 0.281695, 0.510826, 0.05, -0.0593281, -0.0207439, -0.0956678, 0.114466, 1007.9, 12645.5, 10, 2e-20, 3e-20, 2e-20, 2e-20, -1
-0.319473, 0.231391, 0.525359, 0.05, 0.0463722, 0.107306, 0.216879, 0.246376, 1005.37, 8594.26, 10, 2e-20, 3e-20, 2e-20, 2e-20, -1
-0.332794, 0.229592, 0.581035, 0.05, 0.0460457, -0.0932315, -0.149376, 0.182004, 1006.87, 10988.1, 10, 2e-20, 3e-20, 2e-20, 2e-20, -1
-0.35946, 0.18592, 0.60318, 0.05, -0.17295, 0.109251, -0.233746, 0.31062, 1003.06, 4898.23, 10, 2e-20, 3e-20, 2e-20, 2e-20, -1
-0.372769, 0.226662, 0.619157, 0.05, -0.329916, 0.0187523, -0.163474, 0.368674, 1009.02, 14439, 10, 2e-20, 3e-20, 2e-20, 2e-20, -1
-0.387582, 0.141952, 0.627478, 0.05, -0.185171, 0.0178088, -0.329376, 0.378278, 1007.34, 11748.8, 10, 2e-20, 3e-20, 2e-20, 2e-20, -1
-0.441509, 0.258319, 0.654918, 0.05, 0.287303, 0.000551355, -0.373154, 0.470943, 1013.72, 21946.7, 10, 2e-20, 3e-20, 2e-20, 2e-20, -1
-0.404315, 0.192176, 0.653922, 0.05, -0.124582, 0.157641, -0.392411, 0.44086, 1016.99, 27179.5, 10, 2e-20, 3e-20, 2e-20, 2e-20, -1
-0.347052, 0.287697, 0.675922, 0.05, 0.119771, -0.0971784, -0.217562, 0.266687, 1000.77, 1228.47, 10, 2e-20, 3e-20, 2e-20, 2e-20, -1
-0.389386, 0.247856, 0.65833, 0.05, -0.119427, 0.0517687, -0.377968, 0.399753, 1010.31, 16492.4, 10, 2e-20, 3e-20, 2e-20, 2e-20, -1
-0.390337, 0.210785, 0.745915, 0.05, -0.0687189, 0.00523307, 0.11975, 0.138166, 996.058, -6307.25, 10, 2e-20, 3e-20, 2e-20, 2e-20, -1
-0.342312, 0.229586, 0.761256, 0.05, -0.155941, -0.0709323, -0.0704335, 0.185229, 1003.76, 6020.2, 10, 2e-20, 3e-20, 2e-20, 2e-20, -1
-0.326457, 0.266615, 0.723441, 0.05, 0.0243587, 0.0194737, -0.107844, 0.112262, 1000.41, 651.311, 10, 2e-20, 3e-20, 2e-20, 2e-20, -1
-0.32442, 0.259632, 0.79712, 0.05, -0.0527172, 0.00543332, -0.2652, 0.270444, 1005.54, 8861.34, 10, 2e-20, 3e-20, 2e-20, 2e-20, -1
-0.250643, 0.258386, 0.869864, 0.05, -0.0364088, 0.00907726, -0.181726, 0.18556, 1007.85, 12553.1, 10, 2e-20, 3e-20, 2e-20, 2e-20, -1
-0.360502, 0.190412, 0.871123, 0.05, -0.093422, -0.144731, 0.0274248, 0.174433, 993.17, -10928.3, 10, 2e-20, 3e-20, 2e-20, 2e-20, -1
-0.274839, 0.193904, 0.893553, 0.05, 0.0229311, 0.0461447, -0.0851072, 0.0994907, 1005.83, 9326.44, 10, 2e-20, 3e-20, 2e-20, 2e-20, -1
-0.252179, 0.208147, 0.929803, 0.05, -0.129346, 0.014823, -0.0649639, 0.145501, 998.114, -3017.33, 10, 2e-20, 3e-20, 2e-20, 2e-20, -1
-0.235562, 0.138961, 1.05223, 0.05, 0.0331371, -0.0771924, 0.0811984, 0.116833, 994.172, -9324.24, 10, 2e-20, 3e-20, 2e-20, 2e-20, -1
-0.172286, 0.142906, 1.09639, 0.05, 0.0366465, -0.0128215, -0.0405733, 0.0561565, 1000.89, 1425.04, 10, 2e-20, 3e-20, 2e-20, 2e-20, -1
-0.217687, 0.08831, 1.06911, 0.05, -0.128489, -0.0458935, -0.0686784, 0.15275, 997.294, -4330.04, 10, 2e-20, 3e-20, 2e-20, 2e-20, -1
-0.163043, 0.0945572, 1.14797, 0.05, 0.0403418, -0.142185, 0.0154264, 0.1486, 1000.95, 1517.81, 10, 2e-20, 3e-20, 2e-20, 2e-20, -1
-0.133185, 0.119694, 1.17756, 0.05, -0.109674, 0.0717086, -0.068805, 0.148002, 1005.59, 8939.55, 10, 2e-20, 3e-20, 2e-20, 2e-20, -1
-0.105057, 0.0920358, 1.28255, 0.05, 0.0610142, 0.00396618, -0.0435491, 0.0750666, 1002.97, 4753.57, 10, 2e-20, 3e-20, 2e-20, 2e-20, -1
-0.0888208, 0.102018, 1.32905, 0.05, -0.133611, 0.0316419, 0.0266765, 0.139874, 999.607, -628.908, 10, 2e-20, 3e-20, 2e-20, 2e-20, -1
-0.145335, 0.241456, 1.34522, 0.05, 0.258949, 0.0785642, -0.173715, 0.321565, 1000.62, 994.797, 10, 2e-20, 3e-20, 2e-20, 2e-20, -1
-0.258898, 0.384363, 0.0509786, 0.05, -0.0760874, 0.0801886, -0.164164, 0.197912, 1021.8, 34880.8, 10, 2e-20, 3e-20, 2e-20, 2e-20, -1
-0.275982, 0.441275, 0.0479459, 0.05, -0.253847, 0.0121922, 0.00463948, 0.254182, 1030.13, 48203.1, 10, 2e-20, 3e-20, 2e-20, 2e-20, -1
-0.280046, 0.401704, 0.0887414, 0.05, -0.135622, -0.00475189, 0.133017, 0.190025, 1000.9, 1432.84, 10, 2e-20, 3e-20, 2e-20, 2e-20, -1
-0.293772, 0.361526, 0.11193, 0.05, -0.140014, 0.098305, -0.312644, 0.35639, 1018.25, 29200.5, 10, 2e-20, 3e-20, 2e-20, 2e-20, -1
-0.295682, 0.275803, 0.0895467, 0.05, 0.354333, 0.235371, 0.468095, 0.632506, 1004.03, 6442.53, 10, 2e-20, 3e-20, 2e-20, 2e-20, -1
-0.234693, 0.353898, 0.12368, 0.05, -0.0652812, 0.122193, 0.11576, 0.180536, 1000.22, 355.68, 10, 2e-20, 3e-20, 2e-20, 2e-20, -1
-0.290719, 0.379733, 0.168773, 0.05, 0.376987, 0.431394, -0.0672956, 0.576844, 1006.13, 9803.9, 10, 2e-20, 3e-20, 2e-20, 2e-20, -1
-0.319528, 0.305089, 0.200621, 0.05, -0.0311693, -0.131944, -0.113645, 0.176906, 1012.77, 20438.1, 10, 2e-20, 3e-20, 2e-20, 2e-20, -1
-0.31501, 0.215877, 0.197129, 0.05, -0.159536, -0.111898, -0.232046, 0.303015, 999.124, -1401.57, 10, 2e-20, 3e-20, 2e-20, 2e-20, -1
-0.328844, 0.268392, 0.230563, 0.05, -0.340894, 0.259488, 0.130832, 0.447951, 1011.26, 18008.6, 10, 2e-20, 3e-20, 2e-20, 2e-20, -1
-0.331086, 0.310428, 0.264478, 0.05, -0.205895, -0.195589, -0.207554, 0.351748, 1014.72, 23548.1, 10, 2e-20, 3e-20, 2e-20, 2e-20, -1
-0.333532, 0.225966, 0.262194, 0.05, -0.0563304, -0.0605534, -0.0599299, 0.102134, 1006.11, 9768.28, 10, 2e-20, 3e-20, 2e-20, 2e-20, -1
-0.317522, 0.284424, 0.298311, 0.05, 0.140131, 0.0305453, -0.0271258, 0.145964, 999.028, -1555.6, 10, 2e-20, 3e-20, 2e-20, 2e-20, -1
-0.28074, 0.250909, 0.28284, 0.05, -0.0353935, -0.0972372, -0.142982, 0.176498, 1002.96, 4730.8, 10, 2e-20, 3e-20, 2e-20, 2e-20, -1
-0.333788, 0.297106, 0.334322, 0.05, -0.339261, 0.0617279, 0.268181, 0.436841, 1006.35, 10165.4, 10, 2e-20, 3e-20, 2e-20, 2e-20, -1
-0.321797, 0.228973, 0.303614, 0.05, -0.0452883, -0.189096, -0.0957739, 0.216751, 1000.94, 1499.35, 10, 2e-20, 3e-20, 2e-20, 2e-20, -1
-0.27718, 0.212073, 0.322731, 0.05, -0.146906, 0.313788, -0.016154, 0.346851, 1003.69, 5900.23, 10, 2e-20, 3e-20, 2e-20, 2e-20, -1
-0.287303, 0.278947, 0.384552, 0.05, -0.106626, 0.242361, 0.153924, 0.306269, 1007.62, 12199.9, 10, 2e-20, 3e-20, 2e-20, 2e-20, -1
-0.255846, 0.334962, 0.440927, 0.05, -0.125943, 0.114801, -0.00647499, 0.170537, 1010.33, 16529.2, 10, 2e-20, 3e-20, 2e-20, 2e-20, -1
-0.303944, 0.327165, 0.407151, 0.05, -0.238771, -0.150976, -0.102401, 0.300485, 1005.25, 8393.15, 10, 2e-20, 3e-20, 2e-20, 2e-20, -1
-0.303946, 0.297613, 0.452779, 0.05, -0.0606207, 0.113494, -0.224475, 0.258737, 1009.1, 14564.2, 10, 2e-20, 3e-20, 2e-20, 2e-20, -1
-0.306985, 0.348932, 0.454775, 0.05, -0.0790474, 0.0575268, -0.0519938, 0.11073, 1004.22, 6754.12, 10, 2e-20, 3e-20, 2e-20, 2e-20, -1
-0.311926, 0.345772, 0.500365, 0.05, -0.133651, 0.180263, -0.239893, 0.32849, 1007.89, 12628.2, 10, 2e-20, 3e-20, 2e-20, 2e-20, -1
-0.381793, 0.286969, 0.47839, 0.05, 0.0509305, -0.00617702, -0.150531, 0.159034, 1005.68, 9083.83, 10, 2e-20, 3e-20, 2e-20, 2e-20, -1
-0.314933, 0.250816, 0.471402, 0.05, 0.0806199, -0.0391581, 0.097423, 0.132379, 1008.01, 12821.1, 10, 2e-20, 3e-20, 2e-20, 2e-20, -1
-0.375477, 0.280354, 0.536394, 0.05, -0.143985, -0.0294906, -0.255456, 0.294719, 1011.93, 19093.6, 10, 2e-20, 3e-20, 2e-20, 2e-20, -1
-0.390056, 0.246567, 0.575034, 0.05, -0.0930176, -0.156407, 0.0494058, 0.188564, 996.829, -5072.84, 10, 2e-20, 3e-20, 2e-20, 2e-20, -1
-0.349725, 0.276321, 0.589059, 0.05, 0.123654, -0.0363863, -0.108177, 0.168275, 999.867, -212.543, 10, 2e-20, 3e-20, 2e-20, 2e-20, -1
-0.412496, 0.182474, 0.607831, 0.05, -0.00619969, 0.080007, -0.0213386, 0.0830355, 1004.86, 7778.41, 10, 2e-20, 3e-20, 2e-20, 2e-20, -1
-0.325568, 0.317801, 0.609607, 0.05, -0.139568, -0.0859353, -0.240258, 0.29084, 1012.26, 19623.2, 10, 2e-20, 3e-20, 2e-20, 2e-20, -1
-0.371752, 0.294366, 0.632375, 0.05, -0.160877, -0.190082, -0.0967556, 0.267159, 1006.91, 11062.6, 10, 2e-20, 3e-20, 2e-20, 2e-20, -1
-0.274849, 0.415838, 0.758373, 0.05, -0.136732, 0.0226091, -0.138006, 0.195582, 1009.53, 15250.3, 10, 2e-20, 3e-20, 2e-20, 2e-20, -1
-0.3007, 0.31508, 0.656273, 0.05, -0.0144601, -0.128787, 0.0352958, 0.134317, 997.511, -3982.71, 10, 2e-20, 3e-20, 2e-20, 2e-20, -1
-0.370242, 0.309501, 0.718314, 0.05, -0.0896564, -0.0732137, -0.17158, 0.206974, 1004.87, 7796.59, 10, 2e-20, 3e-20, 2e-20, 2e-20, -1
-0.402589, 0.285085, 0.685415, 0.05, -0.0561967, 0.00773232, -0.275268, 0.281052, 1005.54, 8870.95, 10, 2e-20, 3e-20, 2e-20, 2e-20, -1
-0.263827, 0.29821, 0.696873, 0.05, -0.151484, -0.0578902, -0.111113, 0.196583, 1003.91, 6255.05, 10, 2e-20, 3e-20, 2e-20, 2e-20, -1
-0.314882, 0.316231, 0.708603, 0.05, 0.00852224, -0.0693715, -0.42245, 0.428192, 1004.12, 6588.16, 10, 2e-20, 3e-20, 2e-20, 2e-20, -1
-0.277656, 0.26052, 0.822518, 0.05, 0.0886387, -0.11355, 0.0538839, 0.153798, 995.824, -6681.96, 10, 2e-20, 3e-20, 2e-20, 2e-20, -1
-0.197963, 0.286246, 0.8849, 0.05, -0.017181, -0.0196204, -0.103356, 0.106595, 1005.93, 9482.05, 10, 2e-20, 3e-20, 2e-20, 2e-20, -1
-0.227441, 0.284055, 0.836671, 0.05, 0.03723, -0.131815, 0.0816788, 0.159476, 999.699, -481.57, 10, 2e-20, 3e-20, 2e-20, 2e-20, -1
-0.25562, 0.307318, 0.913152, 0.05, -0.00994226, -0.0016273, -0.0681459, 0.0688865, 997.941, -3293.76, 10, 2e-20, 3e-20, 2e-20, 2e-20, -1
-0.214727, 0.226393, 0.898992, 0.05, -0.13536, -0.0760059, 0.0129226, 0.155777, 997.703, -3674.86, 10, 2e-20, 3e-20, 2e-20, 2e-20, -1
-0.251977, 0.19733, 0.976456, 0.05, 0.0944905, -0.0562548, -0.0694876, 0.130083, 1002.8, 4480.84, 10, 2e-20, 3e-20, 2e-20, 2e-20, -1
-0.253031, 0.159314, 1.00814, 0.05, 0.137683, -0.062681, -0.114985, 0.190018, 993.409, -10546.1, 10, 2e-20, 3e-20, 2e-20, 2e-20, -1
-0.181912, 0.198275, 1.13369, 0.05, -0.0455625, -0.0220543, -0.0690853, 0.0856453, 1006.85, 10952.5, 10, 2e-20, 3e-20, 2e-20, 2e-20, -1
-0.123373, 0.150815, 1.21909, 0.05, -0.0976699, -0.0109705, -0.0493196, 0.109964, 1002.07, 3304.03, 10, 2e-20, 3e-20, 2e-20, 2e-20, -1
-0.170174, 0.146537, 1.15749, 0.05, 0.00708724, 0.00355042, 0.0113116, 0.0138126, 1000.4, 647.2, 10, 2e-20, 3e-20, 2e-20, 2e-20, -1
-0.0992279, 0.169193, 1.3328, 0.05, -0.0678375, -0.119107, -0.107907, 0.174448, 1006.91, 11053, 10, 2e-20, 3e-20, 2e-20, 2e-20, -1
-0.100392, 0.172026, 1.27439, 0.05, 0.0896905, -0.0915349, -0.122025, 0.176955, 994.747, -8405.16, 10, 2e-20, 3e-20, 2e-20, 2e-20, -1
-0.164753, 0.278592, 1.30466, 0.05, 0.242569, -0.171867, -0.0144632, 0.297636, 997.575, -3880.24, 10, 2e-20, 3e-20, 2e-20, 2e-20, -1
-0.137265, 0.195217, 1.42299, 0.05, 0.104518, -0.0568712, -0.0802051, 0.143497, 995.996, -6407.01, 10, 2e-20, 3e-20, 2e-20, 2e-20, -1
-0.217489, 0.497133, 0.0548017, 0.05, -0.011227, 0.0554165, 0.0483962, 0.074426, 1013.34, 21348.1, 10, 2e-20, 3e-20, 2e-20, 2e-20, -1
-0.344002, 0.445491, 0.215078, 0.05, 0.147185, 0.14574, -0.0771028, 0.221017, 1021.76, 34822, 10, 2e-20, 3e-20, 2e-20, 2e-20, -1
-0.324534, 0.436192, 0.164952, 0.05, 0.0345812, -0.0170161, -0.287345, 0.289919, 1012.85, 20564.1, 10, 2e-20, 3e-20, 2e-20, 2e-20, -1
-0.350303, 0.3595, 0.0678239, 0.05, -0.519994, -0.424454, 0.0782044, 0.675774, 1010.84, 17340.7, 10, 2e-20, 3e-20, 2e-20, 2e-20, -1
-0.343162, 0.37364, 0.107047, 0.05, -0.160855, -0.563312, -0.251649, 0.637591, 1008, 12801, 10, 2e-20, 3e-20, 2e-20, 2e-20, -1
-0.329929, 0.35092, 0.179448, 0.05, -0.519391, 0.113564, -0.0652691, 0.535653, 1024.25, 38797.2, 10, 2e-20, 3e-20, 2e-20, 2e-20, -1
-0.326702, 0.346004, 0.228797, 0.05, -0.0435192, -0.228321, -0.0640914, 0.241106, 1007.92, 12676, 10, 2e-20, 3e-20, 2e-20, 2e-20, -1
-0.366555, 0.347671, 0.256801, 0.05, -0.284063, -0.354566, -0.00320587, 0.454334, 1011.73, 18770.8, 10, 2e-20, 3e-20, 2e-20, 2e-20, -1
-0.313153, 0.445374, 0.291087, 0.05, 0.0930278, 0.153241, 0.21835, 0.282513, 1000.51, 815.334, 10, 2e-20, 3e-20, 2e-20, 2e-20, -1
-0.269526, 0.378673, 0.219746, 0.05, 0.290763, 0.0433902, -0.284533, 0.409127, 1010.74, 17190.7, 10, 2e-20, 3e-20, 2e-20, 2e-20, -1
-0.314919, 0.380607, 0.296265, 0.05, 0.0503432, 0.199067, 0.0313508, 0.207714, 1001.78, 2852.56, 10, 2e-20, 3e-20, 2e-20, 2e-20, -1
-0.287918, 0.343969, 0.264741, 0.05, -0.0159486, -0.0425967, 0.0561982, 0.0722985, 1002.7, 4316.55, 10, 2e-20, 3e-20, 2e-20, 2e-20, -1
-0.349419, 0.342065, 0.30244, 0.05, -0.168731, -0.0987124, 0.210816, 0.287502, 1008.75, 14003.8, 10, 2e-20, 3e-20, 2e-20, 2e-20, -1
-0.295469, 0.334121, 0.311772, 0.05, 0.227369, 0.171322, -0.145083, 0.319526, 1008.24, 13185.7, 10, 2e-20, 3e-20, 2e-20, 2e-20, -1
-0.242556, 0.498739, 0.534899, 0.05, -0.053996, -0.0551028, -0.00462538, 0.077287, 1006.02, 9633.52, 10, 2e-20, 3e-20, 2e-20, 2e-20, -1
-0.286887, 0.327917, 0.36096, 0.05, -0.294217, -0.0110613, 0.125319, 0.319986, 1004.51, 7209.01, 10, 2e-20, 3e-20, 2e-20, 2e-20, -1
-0.275347, 0.286705, 0.33315, 0.05, -0.193532, 0.0744163, -0.108078, 0.233823, 1013.85, 22163.5, 10, 2e-20, 3e-20, 2e-20, 2e-20, -1
-0.316952, 0.386179, 0.414445, 0.05, -0.0263578, 0.00023419, 0.19957, 0.201303, 995.332, -7468.53, 10, 2e-20, 3e-20, 2e-20, 2e-20, -1
-0.270093, 0.367477, 0.397757, 0.05, -0.143253, -0.0975928, -0.0830239, 0.192195, 1006.6, 10554.7, 10, 2e-20, 3e-20, 2e-20, 2e-20, -1
-0.278044, 0.428123, 0.544786, 0.05, -0.170095, 0.0532136, -0.184814, 0.25675, 1011.05, 17676.1, 10, 2e-20, 3e-20, 2e-20, 2e-20, -1
-0.315794, 0.447676, 0.529937, 0.05, 0.232557, -0.173079, -0.0485615, 0.293934, 1001.73, 2775.84, 10, 2e-20, 3e-20, 2e-20, 2e-20, -1
-0.305835, 0.383786, 0.541017, 0.05, -0.00403669, 0.151705, -0.0856731, 0.174271, 1009.94, 15901.5, 10, 2e-20, 3e-20, 2e-20, 2e-20, -1
-0.248213, 0.394438, 0.571117, 0.05, -0.196868, -0.15041, -0.00087092, 0.247752, 1002.88, 4605.78, 10, 2e-20, 3e-20, 2e-20, 2e-20, -1
-0.35527, 0.335292, 0.518571, 0.05, 0.0483225, -0.0564549, -0.0880321, 0.115204, 1005.02, 8025.29, 10, 2e-20, 3e-20, 2e-20, 2e-20, -1
-0.236055, 0.317875, 0.544382, 0.05, -0.118375, -0.12025, -0.0215692, 0.170111, 1008.7, 13914.8, 10, 2e-20, 3e-20, 2e-20, 2e-20, -1
-0.292202, 0.322792, 0.542139, 0.05, -0.00844642, -0.166009, 0.215167, 0.271895, 1003.75, 6000.35, 10, 2e-20, 3e-20, 2e-20, 2e-20, -1
-0.313097, 0.271391, 0.55417, 0.05, 0.0284863, -0.0174224, 0.112704, 0.117547, 997.048, -4723.77, 10, 2e-20, 3e-20, 2e-20, 2e-20, -1
-0.308674, 0.368996, 0.629503, 0.05, 0.0369077, 0.0279693, -0.153102, 0.159953, 1003.61, 5772.79, 10, 2e-20, 3e-20, 2e-20, 2e-20, -1
-0.274143, 0.318985, 0.608127, 0.05, -0.0382744, 0.0118926, -0.207613, 0.211447, 1001.4, 2246.92, 10, 2e-20, 3e-20, 2e-20, 2e-20, -1
-0.318302, 0.387565, 0.735847, 0.05, 0.0222775, -0.0179019, -0.0158328, 0.0326717, 1004.46, 7139.42, 10, 2e-20, 3e-20, 2e-20, 2e-20, -1
-0.281093, 0.395155, 0.667381, 0.05, 0.0225749, -0.0456923, -0.123825, 0.133903, 1002.6, 4160.19, 10, 2e-20, 3e-20, 2e-20, 2e-20, -1
-0.306158, 0.450249, 0.867369, 0.05, 0.0143383, 0.0213091, -0.071097, 0.075594, 998.568, -2291.21, 10, 2e-20, 3e-20, 2e-20, 2e-20, -1
-0.291651, 0.354331, 0.697323, 0.05, -0.0488104, -0.0152359, -0.271779, 0.276547, 1007.94, 12704.5, 10, 2e-20, 3e-20, 2e-20, 2e-20, -1
-0.280734, 0.374053, 0.789054, 0.05, -0.127356, -0.162974, -0.233966, 0.312282, 1006.71, 10741, 10, 2e-20, 3e-20, 2e-20, 2e-20, -1
-0.37104, 0.373675, 0.74384, 0.05, -0.0282806, 0.0283292, -0.100297, 0.10799, 1001.85, 2960.79, 10, 2e-20, 3e-20, 2e-20, 2e-20, -1
-0.276757, 0.36041, 0.7433, 0.05, 0.0638596, -0.0534974, 0.032745, 0.0895112, 1003.6, 5753.03, 10, 2e-20, 3e-20, 2e-20, 2e-20, -1
-0.331267, 0.335078, 0.750189, 0.05, -0.0196916, -0.0514397, 0.140934, 0.151315, 1000.91, 1455.47, 10, 2e-20, 3e-20, 2e-20, 2e-20, -1
-0.268425, 0.438456, 0.969791, 0.05, 0.125947, 0.187682, 0.230347, 0.322718, 997.142, -4572, 10, 2e-20, 3e-20, 2e-20, 2e-20, -1
-0.299845, 0.286448, 0.761273, 0.05, 0.0352628, -0.0100227, -0.08138, 0.0892559, 999.402, -956.203, 10, 2e-20, 3e-20, 2e-20, 2e-20, -1
-0.234202, 0.328566, 0.868477, 0.05, -0.0542611, 0.0270282, -0.0742754, 0.0958729, 1002.43, 3885.15, 10, 2e-20, 3e-20, 2e-20, 2e-20, -1
-0.225494, 0.305695, 0.964919, 0.05, -0.127878, 0.213308, 0.0163348, 0.249239, 1007.94, 12696.7, 10, 2e-20, 3e-20, 2e-20, 2e-20, -1
-0.207177, 0.253045, 0.969099, 0.05, 0.0533953, -0.0913814, -0.0949234, 0.142169, 1003.76, 6022.78, 10, 2e-20, 3e-20, 2e-20, 2e-20, -1
-0.207626, 0.179596, 1.02878, 0.05, -0.0732564, -0.117822, -0.087717, 0.164143, 1004.9, 7844.74, 10, 2e-20, 3e-20, 2e-20, 2e-20, -1
-0.210677, 0.307067, 1.05848, 0.05, -0.032627, -0.0766467, -0.151734, 0.173097, 999.6, -640.055, 10, 2e-20, 3e-20, 2e-20, 2e-20, -1
-0.184725, 0.232978, 1.02194, 0.05, 0.0661529, 0.0336092, -0.148953, 0.166411, 1002.16, 3455.69, 10, 2e-20, 3e-20, 2e-20, 2e-20, -1
-0.172815, 0.271651, 1.0961, 0.05, -0.128539, -0.124203, -0.156958, 0.237875, 1001.56, 2490.58, 10, 2e-20, 3e-20, 2e-20, 2e-20, -1
-0.139587, 0.249892, 1.21989, 0.05, 0.0216176, 0.0427521, -0.152205, 0.159566, 1004.61, 7372.74, 10, 2e-20, 3e-20, 2e-20, 2e-20, -1
-0.190035, 0.23338, 1.18071, 0.05, 0.051922, 0.0461392, -0.0460459, 0.0833363, 1001.68, 2685.62, 10, 2e-20, 3e-20, 2e-20, 2e-20, -1
-0.172747, 0.227325, 1.26214, 0.05, 0.0517219, -0.271941, -0.267695, 0.385081, 1003.34, 5348.38, 10, 2e-20, 3e-20, 2e-20, 2e-20, -1
-0.148124, 0.210983, 1.17928, 0.05, -0.0124283, -0.0602707, -0.0868889, 0.106474, 1007.16, 11462.9, 10, 2e-20, 3e-20, 2e-20, 2e-20, -1
-0.17115, 0.245098, 1.37583, 0.05, 0.0762144, -0.0605765, -0.031989, 0.102477, 1007.65, 12238.8, 10, 2e-20, 3e-20, 2e-20, 2e-20, -1
-0.304358, 0.495659, 0.102572, 0.05, 0.278314, 0.0450639, -0.203391, 0.347645, 1008.32, 13316.6, 10, 2e-20, 3e-20, 2e-20, 2e-20, -1
-0.311683, 0.499915, 0.311452, 0.05, -0.378265, 0.0327912, -0.306188, 0.487761, 1020.55, 32881.4, 10, 2e-20, 3e-20, 2e-20, 2e-20, -1
-0.368692, 0.500512, 0.275641, 0.05, 0.0872155, 0.249472, -0.0510625, 0.269165, 1008.54, 13658.6, 10, 2e-20, 3e-20, 2e-20, 2e-20, -1
-0.307721, 0.443221, 0.261145, 0.05, 0.134028, -0.0640573, -0.441913, 0.466212, 1003.34, 5338.8, 10, 2e-20, 3e-20, 2e-20, 2e-20, -1
-0.354355, 0.449326, 0.27662, 0.05, -0.379182, 0.0265881, -0.0394352, 0.382153, 1015.71, 25139.8, 10, 2e-20, 3e-20, 2e-20, 2e-20, -1
-0.287994, 0.4556, 0.230537, 0.05, 0.044626, -0.0648577, -0.27855, 0.289462, 1002.73, 4367.28, 10, 2e-20, 3e-20, 2e-20, 2e-20, -1
-0.302868, 0.419986, 0.127404, 0.05, -0.283203, -0.187699, -0.144127, 0.369063, 1012.64, 20229.8, 10, 2e-20, 3e-20, 2e-20, 2e-20, -1
-0.309183, 0.410745, 0.205354, 0.05, -0.00636628, 0.0162354, 0.112452, 0.113796, 1004.11, 6572.58, 10, 2e-20, 3e-20, 2e-20, 2e-20, -1
-0.354754, 0.481219, 0.318277, 0.05, 0.0098412, -0.183988, -0.0413103, 0.188826, 1000.67, 1071.16, 10, 2e-20, 3e-20, 2e-20, 2e-20, -1
-0.29876, 0.43849, 0.418148, 0.05, 0.0419232, -0.144329, -0.117102, 0.190529, 1013.26, 21208.7, 10, 2e-20, 3e-20, 2e-20, 2e-20, -1
-0.305328, 0.412012, 0.331737, 0.05, 0.00672087, -0.148656, -0.0291384, 0.151634, 1004.01, 6422.16, 10, 2e-20, 3e-20, 2e-20, 2e-20, -1
-0.29286, 0.402241, 0.37695, 0.05, -0.00993667, 0.177249, -0.111266, 0.209514, 1008.34, 13339.4, 10, 2e-20, 3e-20, 2e-20, 2e-20, -1
-0.268311, 0.374458, 0.339458, 0.05, -0.17486, -0.0223265, -0.14757, 0.229894, 1007.35, 11764.4, 10, 2e-20, 3e-20, 2e-20, 2e-20, -1
-0.297755, 0.496848, 0.53171, 0.05, -0.0797965, -0.285866, 0.163472, 0.338836, 1009.17, 14672.1, 10, 2e-20, 3e-20, 2e-20, 2e-20, -1
-0.361181, 0.499469, 0.533618, 0.05, 0.00242562, -0.0386878, -0.103357, 0.110387, 1010.79, 17261.6, 10, 2e-20, 3e-20, 2e-20, 2e-20, -1
-0.234035, 0.443788, 0.56149, 0.05, -0.0971401, -0.0981116, -0.0703495, 0.154955, 1005.74, 9180.97, 10, 2e-20, 3e-20, 2e-20, 2e-20, -1
-0.257569, 0.436086, 0.445593, 0.05, -0.152256, 0.155697, -0.224762, 0.312956, 1003.75, 5994.29, 10, 2e-20, 3e-20, 2e-20, 2e-20, -1
-0.262691, 0.477688, 0.568587, 0.05, 0.0421836, 0.033201, -0.039861, 0.066863, 1003.33, 5329.06, 10, 2e-20, 3e-20, 2e-20, 2e-20, -1
-0.280876, 0.443614, 0.595208, 0.05, -0.0650813, -0.0118755, -0.0569715, 0.0873061, 999.972, -45.07, 10, 2e-20, 3e-20, 2e-20, 2e-20, -1
-0.289923, 0.398723, 0.498092, 0.05, -0.153115, -0.124867, 0.181924, 0.268575, 1009.85, 15758.1, 10, 2e-20, 3e-20, 2e-20, 2e-20, -1
-0.232195, 0.462341, 0.623517, 0.05, 0.0369059, -0.0844826, -0.0797862, 0.121923, 999.907, -149.024, 10, 2e-20, 3e-20, 2e-20, 2e-20, -1
-0.340574, 0.385173, 0.668641, 0.05, -0.0451346, -0.124175, -0.0950997, 0.16279, 1001.75, 2803.83, 10, 2e-20, 3e-20, 2e-20, 2e-20, -1
-0.404944, 0.380071, 0.65944, 0.05, 0.0605923, -0.0850324, -0.28555, 0.30404, 1001.27, 2027.25, 10, 2e-20, 3e-20, 2e-20, 2e-20, -1
-0.327754, 0.417825, 0.631463, 0.05, 0.0271131, -0.116998, -0.110616, 0.163277, 1006.79, 10860.7, 10, 2e-20, 3e-20, 2e-20, 2e-20, -1
-0.27036, 0.429989, 0.634231, 0.05, 0.0434373, -0.177234, 0.0650121, 0.193714, 1000.25, 403.084, 10, 2e-20, 3e-20, 2e-20, 2e-20, -1
-0.300359, 0.35346, 0.581133, 0.05, -0.00246224, 0.0298159, 0.000156195, 0.0299178, 1006.09, 9739.94, 10, 2e-20, 3e-20, 2e-20, 2e-20, -1
-0.363772, 0.399853, 0.702682, 0.05, -0.0195758, -0.153645, -0.184829, 0.241147, 1006.59, 10541, 10, 2e-20, 3e-20, 2e-20, 2e-20, -1
-0.390077, 0.437851, 1.03415, 0.05, 0.0876418, 0.161176, -0.230807, 0.294841, 998.842, -1853.48, 10, 2e-20, 3e-20, 2e-20, 2e-20, -1
-0.365605, 0.375879, 0.623844, 0.05, -0.0598049, -0.0620977, -0.220461, 0.236718, 1005.55, 8885, 10, 2e-20, 3e-20, 2e-20, 2e-20, -1
-0.394836, 0.49637, 1.01903, 0.05, 0.0784081, 0.550807, 0.181842, 0.585323, 1007.51, 12015.2, 10, 2e-20, 3e-20, 2e-20, 2e-20, -1
-0.360157, 0.454905, 0.88195, 0.05, 0.0739077, 0.0219194, -0.210814, 0.224467, 1006.52, 10429.4, 10, 2e-20, 3e-20, 2e-20, 2e-20, -1
-0.325997, 0.399852, 0.867092, 0.05, -0.093675, 0.0309508, -0.213722, 0.235394, 998.001, -3199.05, 10, 2e-20, 3e-20, 2e-20, 2e-20, -1
-0.277921, 0.457075, 1.07751, 0.05, 0.213035, -0.29372, 0.315363, 0.480738, 1007.97, 12748.6, 10, 2e-20, 3e-20, 2e-20, 2e-20, -1
-0.29341, 0.413452, 0.901802, 0.05, -0.00305514, 0.0772069, -0.257797, 0.269127, 1007.17, 11471.9, 10, 2e-20, 3e-20, 2e-20, 2e-20, -1
-0.268119, 0.480369, 1.10479, 0.05, 0.148498, 0.710619, -0.0958923, 0.732275, 999.786, -341.811, 10, 2e-20, 3e-20, 2e-20, 2e-20, -1
-0.289523, 0.370118, 0.836375, 0.05, 0.0520556, 0.0597183, -0.170081, 0.187626, 1000.53, 855.341, 10, 2e-20, 3e-20, 2e-20, 2e-20, -1
-0.264623, 0.422592, 1.02086, 0.05, -0.147105, 0.132696, -0.260284, 0.327102, 992.1, -12640.1, 10, 2e-20, 3e-20, 2e-20, 2e-20, -1
-0.26209, 0.407611, 1.05211, 0.05, -0.311618, 0.120763, 0.349548, 0.483604, 1010.22, 16345.5, 10, 2e-20, 3e-20, 2e-20, 2e-20, -1
-0.173723, 0.363752, 1.16869, 0.05, 0.348, -0.049575, -0.179131, 0.394524, 998.769, -1969.29, 10, 2e-20, 3e-20, 2e-20, 2e-20, -1
-0.25092, 0.365887, 0.995197, 0.05, 0.0412893, -0.181824, -0.35032, 0.396849, 997.361, -4221.99, 10, 2e-20, 3e-20, 2e-20, 2e-20, -1
-0.215972, 0.354944, 1.04345, 0.05, 0.352707, 0.10175, -0.024123, 0.367882, 997.461, -4061.71, 10, 2e-20, 3e-20, 2e-20, 2e-20, -1
-0.176189, 0.280366, 0.999501, 0.05, 0.00277857, 0.0409186, -0.083732, 0.0932368, 1004.05, 6478.21, 10, 2e-20, 3e-20, 2e-20, 2e-20, -1
-0.182795, 0.367312, 1.23594, 0.05, 0.0521422, 0.0966508, -0.0497142, 0.120547, 1005.59, 8949.27, 10, 2e-20, 3e-20, 2e-20, 2e-20, -1
-0.217209, 0.348186, 1.19841, 0.05, 0.0153282, 0.0592139, -0.0909242, 0.109583, 1001.21, 1939.03, 10, 2e-20, 3e-20, 2e-20, 2e-20, -1
-0.176207, 0.330277, 1.09692, 0.05, -0.0858101, 0.0199613, -0.43083, 0.439746, 1006.72, 10759.9, 10, 2e-20, 3e-20, 2e-20, 2e-20, -1
-0.220315, 0.282527, 1.15319, 0.05, 0.0205961, 0.0337634, -0.239233, 0.24248, 1004.1, 6567.74, 10, 2e-20, 3e-20, 2e-20, 2e-20, -1
-0.206498, 0.347175, 1.12047, 0.05, 0.0190374, 0.0858395, -0.0279917, 0.0922734, 1003.27, 5239.58, 10, 2e-20, 3e-20, 2e-20, 2e-20, -1
-0.217422, 0.295341, 1.108, 0.05, 0.0103198, -0.0822995, -0.168433, 0.187748, 1002.61, 4183.02, 10, 2e-20, 3e-20, 2e-20, 2e-20, -1
-0.151616, 0.327808, 1.4011, 0.05, 0.182367, -0.198453, -0.232895, 0.356205, 997.539, -3937.76, 10, 2e-20, 3e-20, 2e-20, 2e-20, -1
-0.18291, 0.305916, 1.14877, 0.05, -0.018822, 0.169536, -0.113919, 0.20512, 999.858, -226.499, 10, 2e-20, 3e-20, 2e-20, 2e-20, -1
-0.128108, 0.280246, 1.32977, 0.05, -0.0112097, -0.207818, -0.0737078, 0.220787, 996.555, -5512.53, 10, 2e-20, 3e-20, 2e-20, 2e-20, -1
-0.263507, 0.495463, 0.0524692, 0.05, -0.161788, -0.219998, -0.0579289, 0.279159, 1011.08, 17728.4, 10, 2e-20, 3e-20, 2e-20, 2e-20, -1
-0.296785, 0.496544, 0.154358, 0.05, -0.00722361, -0.230941, -0.13275, 0.266475, 1014.65, 23442.3, 10, 2e-20, 3e-20, 2e-20, 2e-20, -1
-0.342695, 0.496472, 0.190887, 0.05, 0.182493, -0.422388, 0.0543752, 0.463327, 1005.07, 8108.87, 10, 2e-20, 3e-20, 2e-20, 2e-20, -1
-0.360769, 0.492307, 0.431539, 0.05, 0.0174169, -0.114151, 0.0311177, 0.119591, 1012.42, 19865.9, 10, 2e-20, 3e-20, 2e-20, 2e-20, -1
-0.412248, 0.495467, 0.466528, 0.05, -0.269717, -0.0683947, 0.385265, 0.475241, 1003.42, 5475.87, 10, 2e-20, 3e-20, 2e-20, 2e-20, -1
-0.398841, 0.500324, 0.323738, 0.05, -0.177501, -0.0740637, 0.116558, 0.224895, 1005.7, 9114.49, 10, 2e-20, 3e-20, 2e-20, 2e-20, -1
-0.379627, 0.433193, 0.235709, 0.05, -0.0862715, -0.107239, 0.281999, 0.313794, 1004.91, 7848.66, 10, 2e-20, 3e-20, 2e-20, 2e-20, -1
-0.367811, 0.49617, 0.667603, 0.05, -0.0931624, -0.0786521, 0.0768808, 0.144139, 1002.76, 4422.71, 10, 2e-20, 3e-20, 2e-20, 2e-20, -1
-0.385226, 0.460011, 0.488011, 0.05, -0.0463719, 0.0331938, 0.0903173, 0.106815, 1006.11, 9775.25, 10, 2e-20, 3e-20, 2e-20, 2e-20, -1
-0.334088, 0.494046, 0.796614, 0.05, -0.140045, 0.0139555, 0.0130843, 0.141346, 1004.93, 7886.18, 10, 2e-20, 3e-20, 2e-20, 2e-20, -1
-0.51899, 0.455883, 1.39353, 0.05, 0.148129, -0.0785362, -0.491199, 0.519025, 998.88, -1791.31, 10, 2e-20, 3e-20, 2e-20, 2e-20, -1
-0.288864, 0.494542, 0.749771, 0.05, -0.138637, -0.0962844, 0.104758, 0.198659, 999.065, -1496.61, 10, 2e-20, 3e-20, 2e-20, 2e-20, -1
-0.374754, 0.498205, 0.84451, 0.05, 0.0570912, -0.00572164, -0.022991, 0.0618121, 1007.4, 11842.8, 10, 2e-20, 3e-20, 2e-20, 2e-20, -1
-0.326388, 0.493292, 0.702291, 0.05, -0.0634042, 0.0664879, -0.267987, 0.283298, 1009.41, 15051.6, 10, 2e-20, 3e-20, 2e-20, 2e-20, -1
-0.314718, 0.457786, 0.725765, 0.05, 0.046726, -0.176909, -0.00194761, 0.182986, 1003.05, 4879.53, 10, 2e-20, 3e-20, 2e-20, 2e-20, -1
-0.381277, 0.501078, 1.08676, 0.05, 0.868898, 1.12213, 0.0141668, 1.41928, 1010.69, 17104.7, 10, 2e-20, 3e-20, 2e-20, 2e-20, -1
-0.32695, 0.462565, 0.633062, 0.05, -0.00339846, -0.151976, 0.112408, 0.189061, 1006.55, 10486.4, 10, 2e-20, 3e-20, 2e-20, 2e-20, -1
-0.796465, -0.254624, 1.3656, 0.05, 0.12814, 0.0240874, -0.0486009, 0.139148, 1004.34, 6936.01, 10, 2e-20, 3e-20, 2e-20, 2e-20, -1
-0.293281, 0.495827, 0.953865, 0.05, 0.265595, -0.323018, 0.0745729, 0.424785, 1002.79, 4470.75, 10, 2e-20, 3e-20, 2e-20, 2e-20, -1
-0.256839, 0.437741, 0.710763, 0.05, -0.0254894, -0.018688, -0.128454, 0.132285, 1001.92, 3072.29, 10, 2e-20, 3e-20, 2e-20, 2e-20, -1
-0.434967, 0.495383, 1.07719, 0.05, -0.167237, 0.0124685, -0.338037, 0.37735, 988.989, -17617.2, 10, 2e-20, 3e-20, 2e-20, 2e-20, -1
-0.294731, 0.501832, 0.898192, 0.05, -0.00551464, 0.0924307, -0.174959, 0.197951, 1008.94, 14298.8, 10, 2e-20, 3e-20, 2e-20, 2e-20, -1
-0.29858, 0.444423, 0.813545, 0.05, 0.0627452, 0.218631, -0.115789, 0.255232, 1005.59, 8945.8, 10, 2e-20, 3e-20, 2e-20, 2e-20, -1
-0.324139, 0.386568, 0.986758, 0.05, 0.0878594, 0.363834, -0.124566, 0.394476, 998.048, -3122.74, 10, 2e-20, 3e-20, 2e-20, 2e-20, -1
-0.348562, 0.49607, 1.03106, 0.05, 0.31015, 0.779957, 0.432948, 0.944442, 1010.15, 16239.3, 10, 2e-20, 3e-20, 2e-20, 2e-20, -1
-0.293649, 0.469231, 1.1287, 0.05, 0.703992, -0.0237179, -0.248206, 0.746842, 999.208, -1267.86, 10, 2e-20, 3e-20, 2e-20, 2e-20, -1
-0.330223, 0.498264, 1.14849, 0.05, 0.241084, 0.83144, 0.169049, 0.882038, 1012.74, 20390.5, 10, 2e-20, 3e-20, 2e-20, 2e-20, -1
-0.304675, 0.438032, 0.991225, 0.05, 0.311892, 0.0573019, 0.118563, 0.338552, 996.608, -5427.85, 10, 2e-20, 3e-20, 2e-20, 2e-20, -1
-0.277372, 0.258026, 1.28411, 0.05, 0.135202, -0.0578691, 0.0126736, 0.147611, 997.138, -4579.12, 10, 2e-20, 3e-20, 2e-20, 2e-20, -1
-0.299815, 0.466404, 1.04406, 0.05, 0.274739, -0.21523, -0.104766, 0.364392, 1006.02, 9624.96, 10, 2e-20, 3e-20, 2e-20, 2e-20, -1
-0.280792, 0.29277, 1.23701, 0.05, 0.179232, -0.210392, -0.282176, 0.394984, 997.257, -4388.27, 10, 2e-20, 3e-20, 2e-20, 2e-20, -1
-0.226499, 0.511325, 1.33573, 0.05, -0.11089, -7.78918e-05, 0.238361, 0.262893, 1004.2, 6727.14, 10, 2e-20, 3e-20, 2e-20, 2e-20, -1
-0.229644, 0.496626, 1.38829, 0.05, -0.238631, 0.136312, 0.189842, 0.334014, 999.877, -196.008, 10, 2e-20, 3e-20, 2e-20, 2e-20, -1
-0.140178, 0.488024, 1.41821, 0.05, 0.175806, -0.152955, -0.0107534, 0.233277, 1006.22, 9952.09, 10, 2e-20, 3e-20, 2e-20, 2e-20, -1
-0.151349, 0.412111, 1.26904, 0.05, 0.00348376, -0.0203467, -0.289041, 0.289777, 1011.3, 18084.8, 10, 2e-20, 3e-20, 2e-20, 2e-20, -1
-0.378754, 0.387452, 1.32376, 0.05, -0.119311, 0.161063, -0.239198, 0.312077, 990.239, -15617.3, 10, 2e-20, 3e-20, 2e-20, 2e-20, -1
-0.181408, 0.44092, 1.31717, 0.05, 0.158668, -0.0637455, -0.133693, 0.217055, 1004.03, 6452.62, 10, 2e-20, 3e-20, 2e-20, 2e-20, -1
-0.129285, 0.326917, 1.35761, 0.05, 0.0998441, -0.0301438, -0.0998044, 0.144355, 998.414, -2537.5, 10, 2e-20, 3e-20, 2e-20, 2e-20, -1
-0.357027, 0.412801, 1.31509, 0.05, 0.569133, -0.0885142, 0.0598602, 0.579077, 991.158, -14147.6, 10, 2e-20, 3e-20, 2e-20, 2e-20, -1
-0.274561, 0.385413, 1.23885, 0.05, 0.197209, -0.0455962, -0.0234517, 0.203766, 998.789, -1936.81, 10, 2e-20, 3e-20, 2e-20, 2e-20, -1
-0.233113, 0.348218, 1.08002, 0.05, 0.0970464, 0.245946, 0.0874968, 0.278502, 1002.88, 4604.54, 10, 2e-20, 3e-20, 2e-20, 2e-20, -1
-0.960638, -0.286483, 1.38549, 0.05, 0.186389, -0.256559, -0.100492, 0.332659, 1006.89, 11023.3, 10, 2e-20, 3e-20, 2e-20, 2e-20, -1
-0.358753, 0.478213, 1.34368, 0.05, 0.213647, 0.184344, -0.0829525, 0.294124, 995.834, -6665.73, 10, 2e-20, 3e-20, 2e-20, 2e-20, -1
0.0265895, 0.467783, 1.41012, 0.05, 0.168098, 0.134555, 0.0803844, 0.229834, 1005.75, 9193.93, 10, 2e-20, 3e-20, 2e-20, 2e-20, -1
-0.311191, 0.37485, 1.28006, 0.05, 0.426965, -0.315725, -0.132448, 0.547287, 989.374, -17001.6, 10, 2e-20, 3e-20, 2e-20, 2e-20, -1
-0.249232, 0.320538, 1.15331, 0.05, 0.309425, 0.0459112, -0.259061, 0.406158, 993.973, -9643.6, 10, 2e-20, 3e-20, 2e-20, 2e-20, -1
-0.454195, 0.310351, 1.36984, 0.05, 0.186881, -0.335988, -0.0783795, 0.392372, 996.673, -5323.02, 10, 2e-20, 3e-20, 2e-20, 2e-20, -1
-0.384985, 0.233561, 1.30938, 0.05, 0.0591695, -0.428676, 0.129657, 0.451746, 999.508, -786.498, 10, 2e-20, 3e-20, 2e-20, 2e-20, -1
-0.315412, 0.336219, 1.36525, 0.05, 0.0841344, -0.417508, -0.394066, 0.580241, 986.002, -22397.1, 10, 2e-20, 3e-20, 2e-20, 2e-20, -1
-0.336495, 0.409385, 1.2794, 0.05, -0.156217, 0.266288, -0.0751577, 0.317745, 1005.74, 9182.27, 10, 2e-20, 3e-20, 2e-20, 2e-20, -1
-0.180433, 0.322659, 1.31823, 0.05, -0.0765529, -0.0433308, -0.358007, 0.368655, 1000.41, 657.194, 10, 2e-20, 3e-20, 2e-20, 2e-20, -1
-0.195155, -0.445439, 0.0522864, 0.05, 0.0134953, -0.0866244, -0.101701, 0.134272, 999.78, -351.429, 10, 2e-20, 3e-20, 2e-20, 2e-20, -1
-0.216198, -0.492869, 0.0657048, 0.05, -0.0663178, 0.0158447, -0.0411993, 0.0796648, 1011, 17594.5, 10, 2e-20, 3e-20, 2e-20, 2e-20, -1
-0.216322, -0.496079, 0.131127, 0.05, -0.111406, 0.0351003, -0.0408842, 0.123753, 1002.99, 4786.94, 10, 2e-20, 3e-20, 2e-20, 2e-20, -1
-0.237164, -0.495205, 0.18451, 0.05, 0.284106, -0.0811867, -0.200178, 0.356902, 1016.66, 26661.5, 10, 2e-20, 3e-20, 2e-20, 2e-20, -1
-0.232217, -0.499347, 0.240866, 0.05, 0.117122, -0.0963024, -0.0400665, 0.156834, 1004.79, 7659.11, 10, 2e-20, 3e-20, 2e-20, 2e-20, -1
-0.241583, -0.494661, 0.302447, 0.05, -0.170705, -0.0942442, 0.0801513, 0.210823, 1003.35, 5355.65, 10, 2e-20, 3e-20, 2e-20, 2e-20, -1
-0.194916, -0.496431, 0.487403, 0.05, 0.0133874, -0.112521, 0.119927, 0.164993, 1004.67, 7464.31, 10, 2e-20, 3e-20, 2e-20, 2e-20, -1
-0.180633, -0.493551, 0.306231, 0.05, -0.0815422, 0.124798, 0.00342819, 0.149115, 1006.45, 10322.2, 10, 2e-20, 3e-20, 2e-20, 2e-20, -1
-0.272207, -0.49808, 0.596857, 0.05, 0.0350135, 0.00545562, 0.187419, 0.19074, 1006.62, 10595.8, 10, 2e-20, 3e-20, 2e-20, 2e-20, -1
-0.230249, -0.497805, 0.556902, 0.05, 0.112273, -0.19863, 0.00188969, 0.228173, 1008.43, 13493.6, 10, 2e-20, 3e-20, 2e-20, 2e-20, -1
-0.229398, -0.495093, 0.712816, 0.05, 0.0115362, 0.00586269, 0.106824, 0.107605, 1003.15, 5043.53, 10, 2e-20, 3e-20, 2e-20, 2e-20, -1
-0.204789, -0.492536, 0.838817, 0.05, -0.0728096, 0.0498214, 0.170209, 0.191715, 1002.65, 4239.8, 10, 2e-20, 3e-20, 2e-20, 2e-20, -1
-0.259313, -0.494014, 0.968541, 0.05, 0.0196348, 0.0536013, 0.00223232, 0.057128, 996.786, -5142.06, 10, 2e-20, 3e-20, 2e-20, 2e-20, -1
-0.253171, -0.494909, 0.882478, 0.05, -0.0734361, 0.0204992, 0.237672, 0.249602, 997.002, -4796.4, 10, 2e-20, 3e-20, 2e-20, 2e-20, -1
-0.235385, -0.443767, 0.690401, 0.05, -0.022116, -0.110861, 0.115975, 0.161955, 1005.25, 8393.04, 10, 2e-20, 3e-20, 2e-20, 2e-20, -1
-0.333684, -0.495949, 0.955285, 0.05, 0.0903922, -0.0138318, 0.321894, 0.334631, 1000.63, 1006.8, 10, 2e-20, 3e-20, 2e-20, 2e-20, -1
-0.22547, -0.454729, 0.750388, 0.05, -0.109732, -0.0207413, -0.0645258, 0.128976, 1001.05, 1674.22, 10, 2e-20, 3e-20, 2e-20, 2e-20, -1
-0.325, -0.497115, 1.07116, 0.05, 0.0238551, -0.150693, 0.0665092, 0.166436, 1008.41, 13448.8, 10, 2e-20, 3e-20, 2e-20, 2e-20, -1
-0.291262, -0.49487, 1.01931, 0.05, -0.148439, -0.118104, 0.15822, 0.247015, 1000.56, 900.721, 10, 2e-20, 3e-20, 2e-20, 2e-20, -1
-0.301437, -0.497564, 1.12958, 0.05, 0.028706, -0.0118199, 0.0858831, 0.0913217, 1002.56, 4100.45, 10, 2e-20, 3e-20, 2e-20, 2e-20, -1
-0.176566, -0.492258, 1.15167, 0.05, 0.0467509, -0.00611951, 0.355723, 0.358834, 1003.88, 6206.11, 10, 2e-20, 3e-20, 2e-20, 2e-20, -1
-0.307432, -0.446402, 0.956781, 0.05, 0.0642385, 0.0639105, 0.11393, 0.145572, 1000.84, 1349.44, 10, 2e-20, 3e-20, 2e-20, 2e-20, -1
-0.3739, -0.472106, 0.959637, 0.05, -0.17065, -0.093476, 0.218517, 0.29259, 1004.53, 7244.25, 10, 2e-20, 3e-20, 2e-20, 2e-20, -1
-0.305098, -0.497696, 1.24951, 0.05, -0.0552787, 0.0839255, 0.270278, 0.288356, 1002.85, 4562, 10, 2e-20, 3e-20, 2e-20, 2e-20, -1
-0.252801, -0.494229, 1.14544, 0.05, -0.0306168, 0.14255, 0.152402, 0.210912, 1002.07, 3311.48, 10, 2e-20, 3e-20, 2e-20, 2e-20, -1
-0.226953, -0.507209, 1.27927, 0.05, -0.0138947, -0.000327888, 0.384271, 0.384522, 997.68, -3711.92, 10, 2e-20, 3e-20, 2e-20, 2e-20, -1
-0.262431, -0.440016, 0.979928, 0.05, -0.0926775, 0.0030428, 0.126552, 0.156887, 1001.07, 1705.52, 10, 2e-20, 3e-20, 2e-20, 2e-20, -1
-0.225162, -0.453105, 1.13909, 0.05, -0.0670927, 0.0638129, 0.214379, 0.23352, 1003.79, 6063.64, 10, 2e-20, 3e-20, 2e-20, 2e-20, -1
-0.332689, -0.458464, 1.23829, 0.05, 0.0905359, 0.0751729, 0.454012, 0.469015, 1001.05, 1681.66, 10, 2e-20, 3e-20, 2e-20, 2e-20, -1
-0.321623, -0.495045, 1.32249, 0.05, -0.132838, 0.00127885, 0.289836, 0.31883, 1002.46, 3930.14, 10, 2e-20, 3e-20, 2e-20, 2e-20, -1
-0.283728, -0.456978, 1.19931, 0.05, 0.0664334, -0.0492692, 0.39764, 0.406151, 1005.1, 8167.98, 10, 2e-20, 3e-20, 2e-20, 2e-20, -1
-0.334905, -0.500447, 1.37506, 0.05, -0.0608977, 0.108398, 0.366052, 0.386592, 1003.21, 5129.45, 10, 2e-20, 3e-20, 2e-20, 2e-20, -1
-0.288099, -0.443555, 1.27569, 0.05, 0.0798943, 0.0207825, 0.2034, 0.219514, 1000.88, 1405.92, 10, 2e-20, 3e-20, 2e-20, 2e-20, -1
-0.340975, -0.299437, 1.33887, 0.05, 0.0255719, -0.0850439, 0.212436, 0.23025, 1007.01, 11215.6, 10, 2e-20, 3e-20, 2e-20, 2e-20, -1
-0.290395, -0.401477, 1.30072, 0.05, 0.081858, 0.037193, 0.24272, 0.258838, 1002.99, 4789.87, 10, 2e-20, 3e-20, 2e-20, 2e-20, -1
-0.310496, -0.320215, 1.28755, 0.05, 0.0292834, -0.168759, 0.220591, 0.27928, 1005.1, 8157.79, 10, 2e-20, 3e-20, 2e-20, 2e-20, -1
-0.273348, -0.330952, 1.4196, 0.05, 0.0700323, -0.107228, 0.428371, 0.447106, 1004.15, 6641.72, 10, 2e-20, 3e-20, 2e-20, 2e-20, -1
-0.222447, -0.417445, 1.27513, 0.05, 0.137182, -0.077734, 0.254392, 0.299294, 1005.98, 9566.76, 10, 2e-20, 3e-20, 2e-20, 2e-20, -1
-0.200939, -0.412085, 1.35749, 0.05, 0.0570437, -0.0225012, 0.390908, 0.395689, 1004.58, 7328.41, 10, 2e-20, 3e-20, 2e-20, 2e-20, -1
-0.174306, -0.317965, 1.22585, 0.05, 0.0857697, -0.122348, 0.208751, 0.256714, 1001.68, 2687.66, 10, 2e-20, 3e-20, 2e-20, 2e-20, -1
-0.274786, -0.418008, 1.41039, 0.05, 0.0767259, -0.15887, 0.384284, 0.422848, 996.909, -4944.88, 10, 2e-20, 3e-20, 2e-20, 2e-20, -1
-0.237946, -0.435275, 1.3746, 0.05, 0.0419775, -0.140157, 0.558427, 0.577276, 1004.68, 7494.23, 10, 2e-20, 3e-20, 2e-20, 2e-20, -1
-0.214137, -0.309522, 1.32562, 0.05, 0.129824, -0.110018, 0.175754, 0.244638, 1005.78, 9240.15, 10, 2e-20, 3e-20, 2e-20, 2e-20, -1
-0.229671, -0.342986, 1.28912, 0.05, 0.0302749, -0.0360384, 0.28427, 0.28814, 1003.7, 5919.8, 10, 2e-20, 3e-20, 2e-20, 2e-20, -1
-0.158013, -0.338779, 1.3501, 0.05, -0.100435, -0.055665, 0.313745, 0.334099, 1001.04, 1668.31, 10, 2e-20, 3e-20, 2e-20, 2e-20, -1
-0.260835, -0.369325, 1.32111, 0.05, -0.054718, 0.00134312, 0.265309, 0.270896, 995.592, -7052.62, 10, 2e-20, 3e-20, 2e-20, 2e-20, -1
-0.340199, -0.407308, 1.42103, 0.05, 0.116449, -0.101138, 0.592847, 0.612582, 997.144, -4570.33, 10, 2e-20, 3e-20, 2e-20, 2e-20, -1
-0.277495, -0.492208, 1.40627, 0.05, -0.0378899, -0.103194, 0.383215, 0.398671, 1000.78, 1242.58, 10, 2e-20, 3e-20, 2e-20, 2e-20, -1
-0.243286, -0.357258, 1.33248, 0.05, 0.0368655, -0.0141114, 0.280499, 0.283263, 999.403, -955.308, 10, 2e-20, 3e-20, 2e-20, 2e-20, -1
-0.195876, -0.52062, 1.36628, 0.05, -0.261585, 0.135985, -0.0319561, 0.296546, 995.471, -7246.35, 10, 2e-20, 3e-20, 2e-20, 2e-20, -1
-0.141291, -0.373074, 1.4872, 0.05, -0.0226864, -0.140994, 0.214847, 0.257979, 995.76, -6784.2, 10, 2e-20, 3e-20, 2e-20, 2e-20, -1
-0.238795, -0.395762, 0.0459033, 0.05, -0.0215986, -0.037671, 0.0638612, 0.077226, 1010.13, 16213.5, 10, 2e-20, 3e-20, 2e-20, 2e-20, -1
-0.231628, -0.435852, 0.0860854, 0.05, 0.0712097, -0.0802642, -0.0519673, 0.119221, 1012.41, 19856.1, 10, 2e-20, 3e-20, 2e-20, 2e-20, -1
-0.254237, -0.427079, 0.163819, 0.05, -0.132093, -0.00668941, 0.0047932, 0.132349, 1007.67, 12270.6, 10, 2e-20, 3e-20, 2e-20, 2e-20, -1
-0.192751, -0.445971, 0.114259, 0.05, -0.00443986, -0.154685, -0.0269969, 0.157086, 1005.29, 8464.95, 10, 2e-20, 3e-20, 2e-20, 2e-20, -1
-0.241507, -0.452455, 0.129851, 0.05, 0.04301, -0.157663, -0.0343065, 0.166986, 1008.09, 12944.7, 10, 2e-20, 3e-20, 2e-20, 2e-20, -1
-0.198423, -0.461627, 0.203572, 0.05, -0.0728159, -0.20004, 0.0793268, 0.22718, 1006.33, 10131.5, 10, 2e-20, 3e-20, 2e-20, 2e-20, -1
-0.165702, -0.442594, 0.329492, 0.05, 0.0414539, 0.127781, -0.0159132, 0.135276, 1010.54, 16865.4, 10, 2e-20, 3e-20, 2e-20, 2e-20, -1
-0.221435, -0.447127, 0.310546, 0.05, 0.128129, -0.110362, -0.193828, 0.257228, 1001.66, 2663.78, 10, 2e-20, 3e-20, 2e-20, 2e-20, -1
-0.202999, -0.478201, 0.404811, 0.05, -0.107213, -0.0829494, -0.0805929, 0.157703, 1002.64, 4223.43, 10, 2e-20, 3e-20, 2e-20, 2e-20, -1
-0.144372, -0.461923, 0.44859, 0.05, -0.077324, -0.108285, -0.0677722, 0.149324, 1007.21, 11536, 10, 2e-20, 3e-20, 2e-20, 2e-20, -1
-0.228842, -0.451931, 0.486999, 0.05, -0.0384671, -0.158546, 0.00702252, 0.163297, 1007.53, 12044, 10, 2e-20, 3e-20, 2e-20, 2e-20, -1
-0.222012, -0.448771, 0.541448, 0.05, 0.00713748, 0.0897671, -0.0372141, 0.0974369, 996.37, -5808.16, 10, 2e-20, 3e-20, 2e-20, 2e-20, -1
-0.225839, -0.442634, 0.420983, 0.05, -0.117349, -0.00263864, -0.0778379, 0.140842, 1001.1, 1761.85, 10, 2e-20, 3e-20, 2e-20, 2e-20, -1
-0.226472, -0.401092, 0.395741, 0.05, 0.00397446, -0.0409994, 0.0350672, 0.0540967, 1003.97, 6348.64, 10, 2e-20, 3e-20, 2e-20, 2e-20, -1
-0.223662, -0.412283, 0.448082, 0.05, -0.00759359, -0.0870031, 0.0545505, 0.102971, 999.385, -983.316, 10, 2e-20, 3e-20, 2e-20, 2e-20, -1
-0.217201, -0.360702, 0.427867, 0.05, -0.0108227, -0.0447744, -0.199783, 0.205025, 1002.35, 3767.51, 10, 2e-20, 3e-20, 2e-20, 2e-20, -1
-0.188338, -0.388693, 0.475678, 0.05, -0.109891, -0.0875886, 0.035818, 0.14502, 1005.19, 8307.57, 10, 2e-20, 3e-20, 2e-20, 2e-20, -1
-0.213413, -0.404404, 0.514321, 0.05, 0.00627566, -0.260288, 0.15517, 0.303096, 1001.22, 1950.27, 10, 2e-20, 3e-20, 2e-20, 2e-20, -1
-0.23655, -0.375342, 0.485053, 0.05, -0.0526448, -0.2105, 0.11192, 0.244147, 1009.76, 15623.6, 10, 2e-20, 3e-20, 2e-20, 2e-20, -1
-0.206273, -0.41424, 0.568839, 0.05, 0.0401347, -0.107136, 0.124824, 0.169322, 998.34, -2655.39, 10, 2e-20, 3e-20, 2e-20, 2e-20, -1
-0.205755, -0.429102, 0.630727, 0.05, -0.0417702, -0.203128, -0.0589934, 0.215606, 1004.54, 7265.8, 10, 2e-20, 3e-20, 2e-20, 2e-20, -1
-0.244593, -0.432809, 0.794621, 0.05, -0.0683014, -0.0785699, 0.0180307, 0.105657, 1011.49, 18387.6, 10, 2e-20, 3e-20, 2e-20, 2e-20, -1
-0.263059, -0.430562, 0.878643, 0.05, 0.087693, -0.137973, 0.240911, 0.291143, 998.742, -2012.92, 10, 2e-20, 3e-20, 2e-20, 2e-20, -1
-0.293951, -0.444657, 0.853875, 0.05, -0.0565442, -0.0607261, 0.143375, 0.165654, 1001.21, 1942.59, 10, 2e-20, 3e-20, 2e-20, 2e-20, -1
-0.227155, -0.45117, 0.915212, 0.05, 0.0360573, -0.132825, 0.266093, 0.29958, 1004.27, 6826.78, 10, 2e-20, 3e-20, 2e-20, 2e-20, -1
-0.236013, -0.417306, 0.841002, 0.05, 0.0474115, -0.0749689, 0.100947, 0.134382, 1005.05, 8072.83, 10, 2e-20, 3e-20, 2e-20, 2e-20, -1
-0.203916, -0.378642, 0.760931, 0.05, -0.120559, -0.160393, 0.098638, 0.223584, 1001.83, 2930.61, 10, 2e-20, 3e-20, 2e-20, 2e-20, -1
-0.249935, -0.390169, 0.764105, 0.05, 0.123894, 0.0100415, 0.0104907, 0.124742, 1003.64, 5821.58, 10, 2e-20, 3e-20, 2e-20, 2e-20, -1
-0.208562, -0.408686, 0.891576, 0.05, -0.0484315, -0.097439, -0.0447431, 0.117652, 1001.84, 2941.74, 10, 2e-20, 3e-20, 2e-20, 2e-20, -1
-0.240212, -0.403552, 0.937124, 0.05, -0.0564999, 0.0106309, 0.117516, 0.130825, 1002.41, 3860.66, 10, 2e-20, 3e-20, 2e-20, 2e-20, -1
-0.220337, -0.367127, 0.908304, 0.05, -0.0464487, 0.123284, 0.0733221, 0.150773, 1002.13, 3401.77, 10, 2e-20, 3e-20, 2e-20, 2e-20, -1
-0.165691, -0.378608, 0.882611, 0.05, 0.0376067, -0.0063903, 0.108636, 0.115138, 999.49, -815.301, 10, 2e-20, 3e-20, 2e-20, 2e-20, -1
-0.191825, -0.336039, 0.87817, 0.05, 0.0468445, -0.0011027, 0.121403, 0.130132, 999.632, -588.006, 10, 2e-20, 3e-20, 2e-20, 2e-20, -1
-0.263565, -0.405459, 0.996222, 0.05, 0.0566851, -0.0347344, 0.260346, 0.2687, 1003.84, 6142.83, 10, 2e-20, 3e-20, 2e-20, 2e-20, -1
-0.263257, -0.386351, 0.944918, 0.05, 0.0460849, -0.141906, -0.0094932, 0.149504, 1002.14, 3421.54, 10, 2e-20, 3e-20, 2e-20, 2e-20, -1
-0.284568, -0.380375, 1.05857, 0.05, 0.0885211, -0.198173, 0.119275, 0.247659, 1002.8, 4482.06, 10, 2e-20, 3e-20, 2e-20, 2e-20, -1
-0.244546, -0.395823, 1.12948, 0.05, -0.0352415, -0.0243406, 0.0709965, 0.0829152, 1000.82, 1319.05, 10, 2e-20, 3e-20, 2e-20, 2e-20, -1
-0.281147, -0.401242, 1.10881, 0.05, -0.122855, -0.0448288, 0.151707, 0.200295, 998.5, -2399.97, 10, 2e-20, 3e-20, 2e-20, 2e-20, -1
-0.312504, -0.411733, 1.21606, 0.05, -0.0314299, -0.0468641, 0.172668, 0.181655, 1001.23, 1961.81, 10, 2e-20, 3e-20, 2e-20, 2e-20, -1
-0.300518, -0.405263, 1.23888, 0.05, 0.0172461, -0.0985508, 0.38993, 0.402561, 1004.21, 6731.6, 10, 2e-20, 3e-20, 2e-20, 2e-20, -1
-0.284219, -0.402171, 1.16742, 0.05, 0.156245, -0.0190713, 0.112699, 0.193591, 1000.68, 1082.92, 10, 2e-20, 3e-20, 2e-20, 2e-20, -1
-0.312132, -0.365418, 1.20618, 0.05, 0.137818, -0.0359076, 0.295404, 0.327943, 1001.67, 2665.36, 10, 2e-20, 3e-20, 2e-20, 2e-20, -1
-0.240907, -0.37588, 1.18705, 0.05, 0.0573792, 0.042884, 0.118684, 0.138626, 1001.22, 1955.21, 10, 2e-20, 3e-20, 2e-20, 2e-20, -1
-0.261071, -0.380188, 1.23046, 0.05, 0.0743923, 0.0433111, 0.251914, 0.266216, 998.219, -2849.91, 10, 2e-20, 3e-20, 2e-20, 2e-20, -1
-0.226519, -0.349486, 1.13788, 0.05, 0.0589318, 0.0488845, 0.118173, 0.14081, 999.827, -277.522, 10, 2e-20, 3e-20, 2e-20, 2e-20, -1
-0.17724, -0.323045, 1.14395, 0.05, 0.0178004, -0.189651, 0.113203, 0.221584, 1001.79, 2863.23, 10, 2e-20, 3e-20, 2e-20, 2e-20, -1
-0.227896, -0.310636, 1.24301, 0.05, -0.0299694, -0.0244925, 0.163746, 0.168258, 997.096, -4646.35, 10, 2e-20, 3e-20, 2e-20, 2e-20, -1
-0.18917, -0.276706, 1.16173, 0.05, 0.0552304, 0.0014551, 0.0703443, 0.0894474, 1008.69, 13899.8, 10, 2e-20, 3e-20, 2e-20, 2e-20, -1
-0.172974, -0.273038, 1.229, 0.05, 0.0713503, -0.163477, 0.2754, 0.328117, 1003.79, 6060.7, 10, 2e-20, 3e-20, 2e-20, 2e-20, -1
-0.156739, -0.332325, 1.2976, 0.05, -0.0539132, -0.022342, 0.382677, 0.387102, 999.198, -1283.43, 10, 2e-20, 3e-20, 2e-20, 2e-20, -1
-0.128362, -0.345677, 1.46371, 0.05, -0.0887772, -0.198941, 0.137739, 0.257742, 1004.72, 7552.08, 10, 2e-20, 3e-20, 2e-20, 2e-20, -1
-0.294099, -0.401667, 0.0482939, 0.05, 0.0270592, -0.0111757, -0.104551, 0.108573, 1003.59, 5749.49, 10, 2e-20, 3e-20, 2e-20, 2e-20, -1
-0.294258, -0.401202, 0.111862, 0.05, 0.0422771, 0.0791213, 0.0649326, 0.110742, 1003.46, 5536.48, 10, 2e-20, 3e-20, 2e-20, 2e-20, -1
-0.281509, -0.38245, 0.158378, 0.05, 0.0976002, -0.101875, -0.108154, 0.177769, 1007.12, 11392, 10, 2e-20, 3e-20, 2e-20, 2e-20, -1
-0.239632, -0.433472, 0.215735, 0.05, 0.0233289, -0.18523, 0.0426199, 0.191496, 1006.76, 10820.9, 10, 2e-20, 3e-20, 2e-20, 2e-20, -1
-0.22117, -0.463129, 0.258047, 0.05, 0.0486964, 0.174915, 0.004119, 0.181613, 1004.04, 6459.88, 10, 2e-20, 3e-20, 2e-20, 2e-20, -1
-0.190147, -0.430655, 0.276889, 0.05, -0.0424152, -0.128919, -0.000208985, 0.135717, 1009.91, 15860.3, 10, 2e-20, 3e-20, 2e-20, 2e-20, -1
-0.212634, -0.325131, 0.168619, 0.05, 0.0353134, 0.299008, -0.327225, 0.444667, 999.566, -694.839, 10, 2e-20, 3e-20, 2e-20, 2e-20, -1
-0.182321, -0.396811, 0.324251, 0.05, 0.0477348, -0.0479862, -0.0954573, 0.117019, 1004.27, 6831.27, 10, 2e-20, 3e-20, 2e-20, 2e-20, -1
-0.184609, -0.498969, 0.364467, 0.05, -0.0977203, -0.0336109, 0.130796, 0.166693, 1008.19, 13099, 10, 2e-20, 3e-20, 2e-20, 2e-20, -1
-0.20495, -0.440251, 0.358239, 0.05, -0.0397281, -0.0115386, -0.07708, 0.0874802, 1004.36, 6970.13, 10, 2e-20, 3e-20, 2e-20, 2e-20, -1
-0.215185, -0.344638, 0.318626, 0.05, 0.0307126, 0.00651528, -0.118751, 0.122832, 1010.39, 16631.3, 10, 2e-20, 3e-20, 2e-20, 2e-20, -1
-0.17991, -0.387448, 0.375467, 0.05, -0.011185, 0.107681, 0.0151587, 0.109317, 1001.97, 3154.32, 10, 2e-20, 3e-20, 2e-20, 2e-20, -1
-0.270229, -0.344406, 0.351396, 0.05, -0.0412704, 0.054816, -0.0260232, 0.0733843, 1010.46, 16741.9, 10, 2e-20, 3e-20, 2e-20, 2e-20, -1
-0.296789, -0.302013, 0.351256, 0.05, 0.0653695, 0.0710533, 0.00439407, 0.0966491, 1002.77, 4427.31, 10, 2e-20, 3e-20, 2e-20, 2e-20, -1
-0.297887, -0.30419, 0.405729, 0.05, 0.0900442, -0.152458, 0.0688873, 0.189991, 1000.5, 804.732, 10, 2e-20, 3e-20, 2e-20, 2e-20, -1
-0.268981, -0.256969, 0.319146, 0.05, -0.19852, 0.0996796, 0.00756919, 0.222269, 1005.26, 8413.66, 10, 2e-20, 3e-20, 2e-20, 2e-20, -1
-0.254659, -0.334979, 0.405054, 0.05, -0.136673, -0.00508788, -0.00892019, 0.137058, 999.793, -331.772, 10, 2e-20, 3e-20, 2e-20, 2e-20, -1
-0.28141, -0.25654, 0.375382, 0.05, -0.134819, 0.110953, 0.0640812, 0.185992, 1007.88, 12605.6, 10, 2e-20, 3e-20, 2e-20, 2e-20, -1
-0.251231, -0.284394, 0.424585, 0.05, -0.0965866, -0.0546016, -0.253644, 0.27685, 1001.48, 2372.53, 10, 2e-20, 3e-20, 2e-20, 2e-20, -1
-0.271636, -0.379231, 0.522591, 0.05, -0.107634, -0.0609651, 0.102069, 0.160374, 1000.92, 1472.95, 10, 2e-20, 3e-20, 2e-20, 2e-20, -1
-0.217066, -0.369061, 0.549399, 0.05, -0.0584597, -0.11315, 0.108707, 0.167445, 1006.5, 10402.6, 10, 2e-20, 3e-20, 2e-20, 2e-20, -1
-0.244647, -0.427552, 0.635116, 0.05, -0.0639091, -0.0823572, 0.0947329, 0.14086, 1007.55, 12081.2, 10, 2e-20, 3e-20, 2e-20, 2e-20, -1
-0.280975, -0.394575, 0.665718, 0.05, 0.061116, -0.0109664, 0.0188587, 0.0648928, 997.403, -4154.6, 10, 2e-20, 3e-20, 2e-20, 2e-20, -1
-0.281536, -0.360726, 0.613236, 0.05, -0.0711362, 0.057624, 0.0320673, 0.097001, 1008.36, 13371.1, 10, 2e-20, 3e-20, 2e-20, 2e-20, -1
-0.268089, -0.384275, 0.710821, 0.05, -0.06964, -0.0114423, -0.106628, 0.127868, 1003.16, 5049.26, 10, 2e-20, 3e-20, 2e-20, 2e-20, -1
-0.179035, -0.362879, 0.716874, 0.05, 0.082774, -0.135264, 0.0211805, 0.159989, 1000.96, 1535.56, 10, 2e-20, 3e-20, 2e-20, 2e-20, -1
-0.227949, -0.353985, 0.707969, 0.05, -0.0713805, -0.0619832, -0.0638278, 0.114066, 1008.36, 13371.3, 10, 2e-20, 3e-20, 2e-20, 2e-20, -1
-0.266458, -0.282323, 0.646654, 0.05, -0.126085, -0.0663311, 0.0591624, 0.154265, 1000.75, 1206.27, 10, 2e-20, 3e-20, 2e-20, 2e-20, -1
-0.266615, -0.330227, 0.7278, 0.05, -0.074331, -0.0679955, -0.0694936, 0.122384, 1009.5, 15204.6, 10, 2e-20, 3e-20, 2e-20, 2e-20, -1
-0.213087, -0.362082, 0.804748, 0.05, -0.0175583, -0.0600886, -0.149308, 0.161901, 1007.11, 11380, 10, 2e-20, 3e-20, 2e-20, 2e-20, -1
-0.238208, -0.291287, 0.771547, 0.05, 0.024907, -0.00635892, -0.00168533, 0.0257611, 1004.54, 7263.53, 10, 2e-20, 3e-20, 2e-20, 2e-20, -1
-0.276811, -0.254333, 0.783612, 0.05, -0.0218188, 0.031076, 0.149123, 0.153881, 1005.22, 8358.87, 10, 2e-20, 3e-20, 2e-20, 2e-20, -1
-0.330636, -0.208824, 0.756713, 0.05, 0.0276559, -0.0235983, 0.0429716, 0.0562876, 1000.71, 1142.81, 10, 2e-20, 3e-20, 2e-20, 2e-20, -1
-0.23593, -0.318476, 0.821927, 0.05, -0.0361756, -0.0362767, 0.0381108, 0.0638523, 1003.95, 6319.43, 10, 2e-20, 3e-20, 2e-20, 2e-20, -1
-0.276042, -0.308404, 0.856443, 0.05, -0.0315707, 0.031696, -0.000742401, 0.0447426, 1002.54, 4064.3, 10, 2e-20, 3e-20, 2e-20, 2e-20, -1
-0.240368, -0.326688, 0.877031, 0.05, 0.0248047, -0.0901145, 0.148695, 0.175631, 1003.65, 5842.72, 10, 2e-20, 3e-20, 2e-20, 2e-20, -1
-0.185705, -0.350082, 0.937862, 0.05, 0.0946615, -0.0339317, 0.040235, 0.10831, 1004.81, 7700.1, 10, 2e-20, 3e-20, 2e-20, 2e-20, -1
-0.233876, -0.337466, 0.948767, 0.05, 0.0555439, -0.0703425, 0.15681, 0.180617, 1003.01, 4817.26, 10, 2e-20, 3e-20, 2e-20, 2e-20, -1
-0.19708, -0.296474, 1.01221, 0.05, 0.0213554, -0.0712693, 0.135435, 0.154525, 996.857, -5029.33, 10, 2e-20, 3e-20, 2e-20, 2e-20, -1
-0.234832, -0.312909, 1.0457, 0.05, 0.177873, -0.154291, 0.0138604, 0.235874, 999.603, -635.525, 10, 2e-20, 3e-20, 2e-20, 2e-20, -1
-0.160143, -0.224751, 1.04154, 0.05, 0.0116934, 0.102333, 0.186787, 0.213303, 1001.2, 1927.83, 10, 2e-20, 3e-20, 2e-20, 2e-20, -1
-0.172947, -0.19529, 1.07584, 0.05, 0.0389314, 0.00735075, -0.013633, 0.0418993, 1000.92, 1467.46, 10, 2e-20, 3e-20, 2e-20, 2e-20, -1
-0.250514, -0.351141, 1.08532, 0.05, 0.0976608, -0.061605, 0.192856, 0.224781, 1001.57, 2508.13, 10, 2e-20, 3e-20, 2e-20, 2e-20, -1
-0.199136, -0.273729, 1.0774, 0.05, 0.0706942, -0.00654911, 0.142734, 0.159416, 1002.58, 4132.53, 10, 2e-20, 3e-20, 2e-20, 2e-20, -1
-0.206416, -0.311181, 1.10178, 0.05, 0.0707642, -0.0553803, 0.147752, 0.172931, 995.495, -7208.04, 10, 2e-20, 3e-20, 2e-20, 2e-20, -1
-0.169602, -0.272017, 1.11887, 0.05, -0.0116206, -0.0551138, 0.145791, 0.156294, 1001.93, 3084.97, 10, 2e-20, 3e-20, 2e-20, 2e-20, -1
-0.158967, -0.212454, 1.14797, 0.05, 0.0743824, -0.016051, 0.213089, 0.226269, 1000.07, 111.076, 10, 2e-20, 3e-20, 2e-20, 2e-20, -1
-0.158699, -0.244169, 1.17188, 0.05, -0.0389729, 0.0980903, 0.142675, 0.177473, 1000.67, 1077.32, 10, 2e-20, 3e-20, 2e-20, 2e-20, -1
-0.150504, -0.179964, 1.2437, 0.05, -0.145341, -0.119268, 0.0973939, 0.211742, 1005.82, 9311.48, 10, 2e-20, 3e-20, 2e-20, 2e-20, -1
-0.141899, -0.220498, 1.2275, 0.05, -0.0111075, -0.00465549, 0.114944, 0.115574, 1000.51, 811.928, 10, 2e-20, 3e-20, 2e-20, 2e-20, -1
-0.137341, -0.286928, 1.28256, 0.05, 0.0273625, 0.0503301, 0.205784, 0.213609, 1003.78, 6050.74, 10, 2e-20, 3e-20, 2e-20, 2e-20, -1
-0.245105, -0.329565, 0.0469991, 0.05, 0.0866316, 0.0209902, -0.156481, 0.180089, 1001.72, 2747.27, 10, 2e-20, 3e-20, 2e-20, 2e-20, -1
-0.272266, -0.366104, 0.0747216, 0.05, -0.108718, 0.016529, 0.0499667, 0.120787, 1009.82, 15704.9, 10, 2e-20, 3e-20, 2e-20, 2e-20, -1
-0.260263, -0.315207, 0.0909148, 0.05, -0.100339, -0.183101, -0.165031, 0.266137, 999.825, -279.4, 10, 2e-20, 3e-20, 2e-20, 2e-20, -1
-0.259078, -0.27277, 0.126051, 0.05, 0.0710972, 0.327074, -0.211399, 0.395881, 1006.78, 10845.8, 10, 2e-20, 3e-20, 2e-20, 2e-20, -1
-0.260462, -0.341852, 0.133811, 0.05, 0.0536233, -0.162568, -0.175585, 0.245222, 1009.77, 15637.6, 10, 2e-20, 3e-20, 2e-20, 2e-20, -1
-0.222154, -0.302448, 0.123813, 0.05, 0.0743571, -0.493659, 0.129878, 0.515846, 1001.8, 2872.23, 10, 2e-20, 3e-20, 2e-20, 2e-20, -1
-0.206539, -0.264211, 0.151467, 0.05, 0.27939, 0.0904795, -0.197578, 0.353953, 1003.06, 4899.69, 10, 2e-20, 3e-20, 2e-20, 2e-20, -1
-0.236754, -0.23742, 0.166746, 0.05, -0.0639248, 0.114461, 0.221665, 0.257533, 1004.88, 7806.71, 10, 2e-20, 3e-20, 2e-20, 2e-20, -1
-0.226704, -0.385721, 0.245407, 0.05, -0.082313, -0.0131772, -0.101323, 0.131207, 1010.85, 17360.9, 10, 2e-20, 3e-20, 2e-20, 2e-20, -1
-0.233115, -0.282345, 0.19951, 0.05, -0.152171, -0.0281116, -0.0568668, 0.164864, 1010.4, 16636.1, 10, 2e-20, 3e-20, 2e-20, 2e-20, -1
-0.219446, -0.325518, 0.232622, 0.05, 0.0360603, -0.111384, 0.0745943, 0.13882, 1001.63, 2609.56, 10, 2e-20, 3e-20, 2e-20, 2e-20, -1
-0.247445, -0.213938, 0.21783, 0.05, 0.0245686, -0.177403, -0.00609254, 0.1792, 1006.45, 10316.8, 10, 2e-20, 3e-20, 2e-20, 2e-20, -1
-0.243378, -0.333567, 0.263197, 0.05, 0.152371, -0.175708, 0.109774, 0.257178, 1004.66, 7457.57, 10, 2e-20, 3e-20, 2e-20, 2e-20, -1
-0.217053, -0.242608, 0.226718, 0.05, -0.142963, 0.302771, -0.0802643, 0.344312, 1015.45, 24725.2, 10, 2e-20, 3e-20, 2e-20, 2e-20, -1
-0.246828, -0.308107, 0.312757, 0.05, -0.0470359, -0.0761962, 0.0131681, 0.0905076, 995.378, -7395.93, 10, 2e-20, 3e-20, 2e-20, 2e-20, -1
-0.247622, -0.278324, 0.269047, 0.05, -0.15728, 0.00220941, 0.0549485, 0.166617, 1007.39, 11828.1, 10, 2e-20, 3e-20, 2e-20, 2e-20, -1
-0.258474, -0.183867, 0.320215, 0.05, -0.188776, -0.0160331, 0.113891, 0.221053, 997.161, -4541.89, 10, 2e-20, 3e-20, 2e-20, 2e-20, -1
-0.240892, -0.198374, 0.36848, 0.05, -0.127429, 0.12369, -0.0194057, 0.178644, 1006.21, 9938.05, 10, 2e-20, 3e-20, 2e-20, 2e-20, -1
-0.235655, -0.240619, 0.397136, 0.05, 0.112787, -0.0700938, -0.112726, 0.174188, 1003.79, 6060.52, 10, 2e-20, 3e-20, 2e-20, 2e-20, -1
-0.2648, -0.332095, 0.501861, 0.05, -0.0190764, -0.0392051, 0.143593, 0.150066, 1005.32, 8515.38, 10, 2e-20, 3e-20, 2e-20, 2e-20, -1
-0.267899, -0.354563, 0.562592, 0.05, -0.0580948, 0.0683389, 0.101198, 0.135226, 1003.58, 5729.49, 10, 2e-20, 3e-20, 2e-20, 2e-20, -1
-0.229397, -0.319665, 0.550377, 0.05, -0.0367195, -0.0812114, 0.0936737, 0.1293, 998.21, -2863.92, 10, 2e-20, 3e-20, 2e-20, 2e-20, -1
-0.289747, -0.279032, 0.492983, 0.05, -0.141556, 0.0736509, 0.145837, 0.216173, 997.518, -3970.63, 10, 2e-20, 3e-20, 2e-20, 2e-20, -1
-0.25347, -0.279078, 0.524812, 0.05, -0.0952395, 0.00687836, 0.158092, 0.184691, 1010.57, 16913.3, 10, 2e-20, 3e-20, 2e-20, 2e-20, -1
-0.273957, -0.30667, 0.551125, 0.05, -0.0601185, -0.0578566, 0.0410829, 0.0930023, 1005.07, 8111.13, 10, 2e-20, 3e-20, 2e-20, 2e-20, -1
-0.203653, -0.385757, 0.647872, 0.05, -0.0332568, -0.0294868, 0.00674666, 0.0449555, 1001.21, 1932.51, 10, 2e-20, 3e-20, 2e-20, 2e-20, -1
-0.248609, -0.324003, 0.610188, 0.05, -0.109539, -0.114356, -0.0132003, 0.158904, 1000.22, 344.145, 10, 2e-20, 3e-20, 2e-20, 2e-20, -1
-0.285719, -0.247708, 0.568372, 0.05, 0.0219351, 0.0305128, -0.106193, 0.112646, 1008.61, 13778.5, 10, 2e-20, 3e-20, 2e-20, 2e-20, -1
-0.257668, -0.238831, 0.613927, 0.05, 0.00281084, 0.119128, -0.0237621, 0.121507, 999.092, -1452.08, 10, 2e-20, 3e-20, 2e-20, 2e-20, -1
-0.296679, -0.214552, 0.662056, 0.05, -0.0129493, -0.0383874, -0.0282263, 0.0493762, 1004.18, 6687.47, 10, 2e-20, 3e-20, 2e-20, 2e-20, -1
-0.259195, -0.266633, 0.726924, 0.05, -0.130566, 0.00252244, 0.0472243, 0.138866, 1004.3, 6887.57, 10, 2e-20, 3e-20, 2e-20, 2e-20, -1
-0.253315, -0.216656, 0.692252, 0.05, -0.00897163, 0.00126185, -0.0629896, 0.0636378, 999.98, -32.2895, 10, 2e-20, 3e-20, 2e-20, 2e-20, -1
-0.233274, -0.190531, 0.724491, 0.05, -0.00306308, -0.0696326, 0.163889, 0.178094, 1001.26, 2011.15, 10, 2e-20, 3e-20, 2e-20, 2e-20, -1
-0.262849, -0.159095, 0.756247, 0.05, 0.0514885, -0.102501, 0.0930046, 0.147673, 1008.81, 14093.5, 10, 2e-20, 3e-20, 2e-20, 2e-20, -1
-0.267431, -0.253568, 0.837189, 0.05, -0.121709, -0.0379275, 0.158105, 0.203098, 1008.18, 13088.4, 10, 2e-20, 3e-20, 2e-20, 2e-20, -1
-0.269766, -0.202434, 0.843182, 0.05, -0.03301, -0.0469449, 0.196323, 0.204539, 1008.39, 13427.6, 10, 2e-20, 3e-20, 2e-20, 2e-20, -1
-0.240878, -0.250704, 0.943104, 0.05, 0.167405, -0.0556925, 0.0605131, 0.186515, 1005.81, 9289.52, 10, 2e-20, 3e-20, 2e-20, 2e-20, -1
-0.233604, -0.286634, 0.990448, 0.05, 0.0711856, -0.0170668, 0.194641, 0.207951, 1004.42, 7076.9, 10, 2e-20, 3e-20, 2e-20, 2e-20, -1
-0.258731, -0.158693, 0.913288, 0.05, 0.0317961, -0.201575, 0.0725653, 0.216586, 999.784, -345.25, 10, 2e-20, 3e-20, 2e-20, 2e-20, -1
-0.173824, -0.244993, 0.990197, 0.05, -0.0289272, -0.122482, 0.00124843, 0.125858, 998.633, -2187.1, 10, 2e-20, 3e-20, 2e-20, 2e-20, -1
-0.224089, -0.165932, 0.925486, 0.05, 0.0955619, -0.0743219, 0.0118756, 0.121642, 1004.15, 6632.1, 10, 2e-20, 3e-20, 2e-20, 2e-20, -1
-0.201101, -0.150854, 0.977975, 0.05, -0.0357708, 0.0359505, 0.0854757, 0.0993885, 1000.55, 887.2, 10, 2e-20, 3e-20, 2e-20, 2e-20, -1
-0.17939, -0.167184, 1.03385, 0.05, 0.106827, -0.152481, 0.0993231, 0.211015, 1001.67, 2674.69, 10, 2e-20, 3e-20, 2e-20, 2e-20, -1
-0.219184, -0.217735, 1.07076, 0.05, 0.106294, -0.157562, 0.120855, 0.225234, 1004.13, 6609.24, 10, 2e-20, 3e-20, 2e-20, 2e-20, -1
-0.265634, -0.16922, 1.07108, 0.05, -0.0884064, 0.0399318, 0.10261, 0.141206, 1005.93, 9483.13, 10, 2e-20, 3e-20, 2e-20, 2e-20, -1
-0.185461, -0.227229, 1.10843, 0.05, -0.0536791, -0.116035, 0.0903482, 0.156552, 1002.45, 3927.27, 10, 2e-20, 3e-20, 2e-20, 2e-20, -1
-0.192401, -0.175254, 1.11977, 0.05, 0.0978118, 0.0298205, 0.0487659, 0.11329, 1000.76, 1216.19, 10, 2e-20, 3e-20, 2e-20, 2e-20, -1
-0.16256, -0.17268, 1.17966, 0.05, 0.0850621, -0.213352, 0.160461, 0.280183, 1000.1, 161.048, 10, 2e-20, 3e-20, 2e-20, 2e-20, -1
-0.115169, -0.0856202, 1.1763, 0.05, -0.107399, 0.00219109, -0.109498, 0.153392, 1002.75, 4406.27, 10, 2e-20, 3e-20, 2e-20, 2e-20, -1
-0.109744, -0.199086, 1.26537, 0.05, 0.0580324, -0.166805, 0.191839, 0.260756, 996.715, -5255.4, 10, 2e-20, 3e-20, 2e-20, 2e-20, -1
-0.103712, -0.244661, 1.4462, 0.05, 0.0248527, -0.211409, 0.109112, 0.2392, 996.7, -5280.36, 10, 2e-20, 3e-20, 2e-20, 2e-20, -1
-0.272816, -0.217128, 0.0473576, 0.05, -0.0315105, -0.231094, 0.16676, 0.286716, 1016.38, 26201.3, 10, 2e-20, 3e-20, 2e-20, 2e-20, -1
-0.253455, -0.27183, 0.0476801, 0.05, -0.223755, 0.085675, 0.0945077, 0.257562, 1006.16, 9861.9, 10, 2e-20, 3e-20, 2e-20, 2e-20, -1
-0.293345, -0.272493, 0.0863233, 0.05, 0.104511, 0.23741, -0.104236, 0.279556, 1005.73, 9175.81, 10, 2e-20, 3e-20, 2e-20, 2e-20, -1
-0.222708, -0.190283, 0.0745348, 0.05, -0.086753, 0.073347, -6.54304e-05, 0.113604, 1003.31, 5295.93, 10, 2e-20, 3e-20, 2e-20, 2e-20, -1
-0.27366, -0.232038, 0.106083, 0.05, 0.221992, -0.0830877, -0.0852849, 0.251908, 1006.66, 10651.8, 10, 2e-20, 3e-20, 2e-20, 2e-20, -1
-0.278557, -0.224328, 0.155545, 0.05, -0.452122, -0.134002, 0.163029, 0.498948, 1002.16, 3463.59, 10, 2e-20, 3e-20, 2e-20, 2e-20, -1
-0.246247, -0.189332, 0.161065, 0.05, -0.174738, 0.0169788, 0.0250325, 0.177337, 1003.59, 5746.27, 10, 2e-20, 3e-20, 2e-20, 2e-20, -1
-0.26954, -0.128287, 0.130628, 0.05, -0.0503873, 0.161051, -0.108876, 0.200824, 1011.77, 18838.2, 10, 2e-20, 3e-20, 2e-20, 2e-20, -1
-0.27991, -0.180029, 0.201221, 0.05, -0.0900695, 0.17817, 0.0158162, 0.200268, 1014.37, 22988.5, 10, 2e-20, 3e-20, 2e-20, 2e-20, -1
-0.218391, -0.149587, 0.158297, 0.05, -0.023357, 0.193585, 0.14238, 0.241439, 1006.14, 9820.75, 10, 2e-20, 3e-20, 2e-20, 2e-20, -1
-0.298619, -0.22589, 0.218785, 0.05, 0.132363, 0.00377606, -0.147509, 0.198225, 997.92, -3327.22, 10, 2e-20, 3e-20, 2e-20, 2e-20, -1
-0.259213, -0.125553, 0.221382, 0.05, -0.171037, -0.0412692, -0.0204714, 0.177132, 1010.83, 17326, 10, 2e-20, 3e-20, 2e-20, 2e-20, -1
-0.283909, -0.172149, 0.255786, 0.05, 0.0406079, 0.00281298, -0.0697269, 0.0807388, 1008.16, 13058.2, 10, 2e-20, 3e-20, 2e-20, 2e-20, -1
-0.272092, -0.219697, 0.276904, 0.05, 0.132219, -0.224728, 0.0659911, 0.26896, 1012.43, 19892, 10, 2e-20, 3e-20, 2e-20, 2e-20, -1
-0.274983, -0.100057, 0.310598, 0.05, -0.0884699, 0.0170035, 0.0687424, 0.113321, 999.717, -453.152, 10, 2e-20, 3e-20, 2e-20, 2e-20, -1
-0.286291, -0.143874, 0.343265, 0.05, -0.0677684, 0.0332239, -0.0123749, 0.0764822, 1002.77, 4432.71, 10, 2e-20, 3e-20, 2e-20, 2e-20, -1
-0.199819, -0.172731, 0.396675, 0.05, 0.0322788, 0.166985, -0.103342, 0.199011, 1001.33, 2134.47, 10, 2e-20, 3e-20, 2e-20, 2e-20, -1
-0.22987, -0.197266, 0.429721, 0.05, 0.0511494, 0.0374944, -0.137881, 0.151767, 999.146, -1365.98, 10, 2e-20, 3e-20, 2e-20, 2e-20, -1
-0.31278, -0.225827, 0.425597, 0.05, 0.017599, 0.0667494, -0.0991863, 0.120843, 998.044, -3130.13, 10, 2e-20, 3e-20, 2e-20, 2e-20, -1
-0.278659, -0.187011, 0.429546, 0.05, -0.192096, 0.0113289, -0.0708143, 0.205046, 998.685, -2104.53, 10, 2e-20, 3e-20, 2e-20, 2e-20, -1
-0.270816, -0.241277, 0.439123, 0.05, -0.193385, 0.0349452, -0.0770856, 0.211095, 1004.83, 7733.66, 10, 2e-20, 3e-20, 2e-20, 2e-20, -1
-0.305497, -0.222585, 0.476365, 0.05, 0.111959, 0.0147923, 0.104799, 0.154066, 1003.63, 5807.85, 10, 2e-20, 3e-20, 2e-20, 2e-20, -1
-0.324916, -0.23378, 0.529326, 0.05, -0.0129435, 0.0512521, -0.00551157, 0.0531478, 1008.49, 13581.2, 10, 2e-20, 3e-20, 2e-20, 2e-20, -1
-0.240102, -0.188886, 0.536404, 0.05, -0.0787526, -0.145955, 0.0496305, 0.173113, 1000.46, 743.847, 10, 2e-20, 3e-20, 2e-20, 2e-20, -1
-0.349797, -0.191696, 0.542379, 0.05, -0.0464759, -0.15717, 0.0223898, 0.16542, 1003.18, 5095.29, 10, 2e-20, 3e-20, 2e-20, 2e-20, -1
-0.294646, -0.194178, 0.550271, 0.05, -0.0944128, -0.18563, -0.116317, 0.238542, 998.669, -2130.02, 10, 2e-20, 3e-20, 2e-20, 2e-20, -1
-0.237652, -0.232487, 0.562767, 0.05, -0.178197, -0.061688, 0.0650619, 0.199481, 1007.62, 12198.7, 10, 2e-20, 3e-20, 2e-20, 2e-20, -1
-0.294828, -0.130322, 0.592313, 0.05, 0.0587772, 0.0517844, -0.128862, 0.150804, 1001.47, 2359.91, 10, 2e-20, 3e-20, 2e-20, 2e-20, -1
-0.272025, -0.171603, 0.576178, 0.05, 0.0556001, 0.0301664, 0.0449006, 0.0775722, 1006.49, 10378, 10, 2e-20, 3e-20, 2e-20, 2e-20, -1
-0.257291, -0.193383, 0.626054, 0.05, -0.0519757, -0.100044, 0.0406799, 0.119855, 1008, 12798.5, 10, 2e-20, 3e-20, 2e-20, 2e-20, -1
-0.26422, -0.169396, 0.676581, 0.05, -0.108923, -0.0231958, -0.0220958, 0.113536, 1005.14, 8222.79, 10, 2e-20, 3e-20, 2e-20, 2e-20, -1
-0.301935, -0.148148, 0.72114, 0.05, 0.0191302, -0.0535924, 0.00637474, 0.0572603, 1006.91, 11058.4, 10, 2e-20, 3e-20, 2e-20, 2e-20, -1
-0.317211, -0.135741, 0.769211, 0.05, 0.000452969, -0.00161164, 0.0731116, 0.0731308, 1006.97, 11144.5, 10, 2e-20, 3e-20, 2e-20, 2e-20, -1
-0.371882, -0.140932, 0.764714, 0.05, -0.018991, 0.098947, 0.110902, 0.149835, 999.833, -266.567, 10, 2e-20, 3e-20, 2e-20, 2e-20, -1
-0.261881, -0.204998, 0.794681, 0.05, -0.0663243, 0.0489666, 0.00671239, 0.0827146, 1004.23, 6775.45, 10, 2e-20, 3e-20, 2e-20, 2e-20, -1
-0.30673, -0.129719, 0.819299, 0.05, -0.119226, -0.085627, 0.12264, 0.191278, 1006.11, 9770.85, 10, 2e-20, 3e-20, 2e-20, 2e-20, -1
-0.29472, -0.177461, 0.786986, 0.05, 0.000959602, -0.195812, 0.0432061, 0.200524, 1001.51, 2417.93, 10, 2e-20, 3e-20, 2e-20, 2e-20, -1
-0.235223, -0.180895, 0.874153, 0.05, 0.108249, -0.190573, 0.073276, 0.231095, 1002.13, 3404.1, 10, 2e-20, 3e-20, 2e-20, 2e-20, -1
-0.265762, -0.11879, 0.87725, 0.05, 0.0100752, 0.0877803, -0.0750028, 0.115898, 997.099, -4642.07, 10, 2e-20, 3e-20, 2e-20, 2e-20, -1
-0.204176, -0.0774263, 0.947224, 0.05, 0.110411, -0.203657, 0.116615, 0.259356, 998.395, -2568.69, 10, 2e-20, 3e-20, 2e-20, 2e-20, -1
-0.233303, -0.0379144, 0.977184, 0.05, -0.0261869, -0.0319177, 0.0323089, 0.0524247, 1002.18, 3491.06, 10, 2e-20, 3e-20, 2e-20, 2e-20, -1
-0.244745, -0.135781, 0.966346, 0.05, -0.0527119, -0.00771516, 0.0833696, 0.0989372, 1003.32, 5315.71, 10, 2e-20, 3e-20, 2e-20, 2e-20, -1
-0.208474, -0.102575, 0.995516, 0.05, -0.0665578, -0.0299586, -0.0507318, 0.0888885, 1000.92, 1467.47, 10, 2e-20, 3e-20, 2e-20, 2e-20, -1
-0.226881, -0.14497, 1.01834, 0.05, -0.0575312, 0.0369086, -0.0255768, 0.0729812, 1002.47, 3956.19, 10, 2e-20, 3e-20, 2e-20, 2e-20, -1
-0.195014, -0.108189, 1.05728, 0.05, -0.100952, -0.0226421, -0.0116728, 0.104116, 1004.86, 7779.77, 10, 2e-20, 3e-20, 2e-20, 2e-20, -1
-0.177511, -0.140669, 1.10001, 0.05, 0.0310473, -0.218657, 0.0985052, 0.241822, 1001.88, 3010.55, 10, 2e-20, 3e-20, 2e-20, 2e-20, -1
-0.157627, -0.0976162, 1.09618, 0.05, 0.245068, -0.0710895, 0.104841, 0.275869, 994.814, -8298.11, 10, 2e-20, 3e-20, 2e-20, 2e-20, -1
-0.139154, -0.0337312, 1.14221, 0.05, 0.0356626, -0.130662, -0.0631897, 0.149456, 999.573, -683.849, 10, 2e-20, 3e-20, 2e-20, 2e-20, -1
-0.12721, 0.00193357, 1.17641, 0.05, -0.0558605, 0.0522525, 0.0674812, 0.102002, 1002.52, 4029.39, 10, 2e-20, 3e-20, 2e-20, 2e-20, -1
-0.0882026, -0.129499, 1.2807, 0.05, 0.100401, -0.0457103, 0.0136256, 0.111155, 1001.78, 2853.87, 10, 2e-20, 3e-20, 2e-20, 2e-20, -1
-0.0562925, -0.125345, 1.38767, 0.05, -0.0526637, 0.0942288, 0.0135023, 0.108788, 996.428, -5715.64, 10, 2e-20, 3e-20, 2e-20, 2e-20, -1
-0.252909, -0.0857418, 0.0482979, 0.05, -0.55056, -0.445289, 0.323133, 0.778341, 1017.37, 27796.6, 10, 2e-20, 3e-20, 2e-20, 2e-20, -1
-0.266938, -0.159059, 0.0560233, 0.05, -0.203434, -0.177135, -0.00803373, 0.269864, 1008.31, 13291.7, 10, 2e-20, 3e-20, 2e-20, 2e-20, -1
-0.20808, -0.191255, 0.124034, 0.05, 0.00815925, -0.0551973, -0.0178722, 0.0585895, 1005.91, 9458.09, 10, 2e-20, 3e-20, 2e-20, 2e-20, -1
-0.219621, -0.148822, 0.105468, 0.05, -0.0954536, -0.151528, 0.271654, 0.325374, 1010.69, 17108.1, 10, 2e-20, 3e-20, 2e-20, 2e-20, -1
-0.171569, -0.120885, 0.118121, 0.05, -0.240481, 0.223106, 0.18171, 0.375001, 1005.29, 8470.55, 10, 2e-20, 3e-20, 2e-20, 2e-20, -1
-0.183943, -0.216755, 0.16043, 0.05, 0.210809, 0.119218, 0.03437, 0.244611, 1005.52, 8839.02, 10, 2e-20, 3e-20, 2e-20, 2e-20, -1
-0.173792, -0.160702, 0.14697, 0.05, 0.0255351, 0.409248, 0.220178, 0.465419, 1008.3, 13286.4, 10, 2e-20, 3e-20, 2e-20, 2e-20, -1
-0.261186, -0.0165989, 0.163222, 0.05, 0.368091, -0.0781987, -0.0514904, 0.379812, 1011.08, 17729.6, 10, 2e-20, 3e-20, 2e-20, 2e-20, -1
-0.237196, -0.100035, 0.147592, 0.05, -0.348994, 0.18311, -0.23128, 0.456964, 1013.96, 22340.7, 10, 2e-20, 3e-20, 2e-20, 2e-20, -1
-0.186901, -0.0490064, 0.165281, 0.05, 0.123127, 0.0493638, -0.0321226, 0.136488, 1007.79, 12466, 10, 2e-20, 3e-20, 2e-20, 2e-20, -1
-0.208084, -0.113311, 0.202607, 0.05, -0.090949, -0.194561, -0.187339, 0.284994, 1006.85, 10954.8, 10, 2e-20, 3e-20, 2e-20, 2e-20, -1
-0.252962, -0.0803903, 0.247057, 0.05, -0.0369332, -0.097622, 0.00309902, 0.104421, 1009.06, 14495.6, 10, 2e-20, 3e-20, 2e-20, 2e-20, -1
-0.291629, -0.120933, 0.261063, 0.05, -0.00759431, -0.128724, 0.144599, 0.193743, 1013.52, 21632.6, 10, 2e-20, 3e-20, 2e-20, 2e-20, -1
-0.212629, -0.126398, 0.349308, 0.05, -0.0516339, -0.0386164, 0.0144685, 0.0660804, 1006.86, 10976, 10, 2e-20, 3e-20, 2e-20, 2e-20, -1
-0.245222, -0.147489, 0.371819, 0.05, 0.0582849, 0.0180822, -0.0129858, 0.0623917, 1002.06, 3297.62, 10, 2e-20, 3e-20, 2e-20, 2e-20, -1
-0.21713, -0.0739237, 0.338924, 0.05, -0.109369, 0.100903, -0.0126468, 0.149342, 1008.76, 14008, 10, 2e-20, 3e-20, 2e-20, 2e-20, -1
-0.198622, -0.118392, 0.398752, 0.05, 0.0646717, -0.133773, 0.155393, 0.214999, 998.195, -2887.5, 10, 2e-20, 3e-20, 2e-20, 2e-20, -1
-0.240057, -0.149773, 0.425056, 0.05, 0.145683, 0.0841808, -0.111089, 0.20162, 999.532, -748.519, 10, 2e-20, 3e-20, 2e-20, 2e-20, -1
-0.248868, -0.103384, 0.408106, 0.05, 0.0341653, 0.0213327, -0.0294597, 0.0499021, 1012.91, 20659.3, 10, 2e-20, 3e-20, 2e-20, 2e-20, -1
-0.31233, -0.170339, 0.465203, 0.05, -0.145806, 0.0659063, -0.0382987, 0.164529, 1008.74, 13978.6, 10, 2e-20, 3e-20, 2e-20, 2e-20, -1
-0.284377, -0.135125, 0.44674, 0.05, -0.151523, -0.0715771, 0.105766, 0.198164, 995.806, -6709.95, 10, 2e-20, 3e-20, 2e-20, 2e-20, -1
-0.275263, -0.233113, 0.51868, 0.05, -0.156834, -0.0208099, 0.0858607, 0.180006, 1003.43, 5494.83, 10, 2e-20, 3e-20, 2e-20, 2e-20, -1
-0.281115, -0.184144, 0.498272, 0.05, 0.0410578, -0.0791974, -0.195503, 0.214894, 1000.19, 308.595, 10, 2e-20, 3e-20, 2e-20, 2e-20, -1
-0.24322, -0.167168, 0.47668, 0.05, 0.0421459, -0.00600094, 0.0204658, 0.0472349, 1010.3, 16472.8, 10, 2e-20, 3e-20, 2e-20, 2e-20, -1
-0.313862, -0.155681, 0.515293, 0.05, -0.126524, 0.144386, -0.0403778, 0.196178, 999.646, -566.506, 10, 2e-20, 3e-20, 2e-20, 2e-20, -1
-0.329764, -0.150611, 0.565, 0.05, -0.0703934, 0.089699, -0.18834, 0.220166, 1005.65, 9034.75, 10, 2e-20, 3e-20, 2e-20, 2e-20, -1
-0.341553, -0.0934703, 0.611241, 0.05, -0.114374, -0.0430465, -0.0860564, 0.149466, 1010.44, 16696.1, 10, 2e-20, 3e-20, 2e-20, 2e-20, -1
-0.304838, -0.0830755, 0.653116, 0.05, 0.029327, -0.0139238, 0.0515743, 0.0609414, 1000.12, 195.506, 10, 2e-20, 3e-20, 2e-20, 2e-20, -1
-0.291934, -0.0818186, 0.595931, 0.05, -0.0469074, 0.0894751, -0.129904, 0.164563, 1007.86, 12570.4, 10, 2e-20, 3e-20, 2e-20, 2e-20, -1
-0.269273, -0.109996, 0.633601, 0.05, -0.0802479, 0.0425675, 0.12969, 0.158339, 996.372, -5805.37, 10, 2e-20, 3e-20, 2e-20, 2e-20, -1
-0.234209, -0.137232, 0.643191, 0.05, -0.00575018, 0.103902, 0.0182999, 0.105658, 1005.13, 8208.75, 10, 2e-20, 3e-20, 2e-20, 2e-20, -1
-0.290848, -0.128142, 0.674546, 0.05, -0.0771926, 0.147351, -0.0467088, 0.172779, 1005.03, 8046.55, 10, 2e-20, 3e-20, 2e-20, 2e-20, -1
-0.305569, -0.0426537, 0.680939, 0.05, 0.0267351, -0.0546487, -0.0526951, 0.0804862, 1004.28, 6852.34, 10, 2e-20, 3e-20, 2e-20, 2e-20, -1
-0.339512, -0.0809076, 0.699137, 0.05, 0.0614202, -0.0832128, -0.183716, 0.210828, 1003.65, 5834.39, 10, 2e-20, 3e-20, 2e-20, 2e-20, -1
-0.349059, -0.0920961, 0.762546, 0.05, -0.040957, -0.0923553, 0.230997, 0.252124, 1004.21, 6728.69, 10, 2e-20, 3e-20, 2e-20, 2e-20, -1
-0.334923, -0.0828334, 0.820053, 0.05, -0.0599931, -0.197605, 0.0461575, 0.211607, 1004.19, 6705.77, 10, 2e-20, 3e-20, 2e-20, 2e-20, -1
-0.28273, -0.0855597, 0.838269, 0.05, 0.0889495, -0.0529206, 0.158081, 0.18895, 1004.2, 6718.29, 10, 2e-20, 3e-20, 2e-20, 2e-20, -1
-0.268893, -0.15396, 0.838459, 0.05, 0.00586557, -0.134318, 0.080421, 0.156663, 1002.63, 4209.55, 10, 2e-20, 3e-20, 2e-20, 2e-20, -1
-0.278105, -0.0707295, 0.908192, 0.05, 0.0637646, 0.00588844, 0.0168868, 0.0662251, 1001.87, 2990.59, 10, 2e-20, 3e-20, 2e-20, 2e-20, -1
-0.276933, -0.053854, 0.961046, 0.05, 0.192399, -0.0131049, 0.0501374, 0.199256, 1002.48, 3960.94, 10, 2e-20, 3e-20, 2e-20, 2e-20, -1
-0.191602, -0.0277019, 0.988505, 0.05, -0.110766, -0.072284, 0.025477, 0.134697, 1003.48, 5565.21, 10, 2e-20, 3e-20, 2e-20, 2e-20, -1
-0.151233, -0.000869531, 1.00839, 0.05, -0.012216, 0.0126452, -0.000959043, 0.0176083, 999.137, -1381.01, 10, 2e-20, 3e-20, 2e-20, 2e-20, -1
-0.215406, -0.0646946, 1.02707, 0.05, -0.105153, -0.0204226, 0.00667442, 0.107325, 1002.24, 3588.04, 10, 2e-20, 3e-20, 2e-20, 2e-20, -1
-0.19906, -0.0954061, 1.1195, 0.05, -0.18536, -0.0825092, 0.191498, 0.278994, 1005.32, 8509.48, 10, 2e-20, 3e-20, 2e-20, 2e-20, -1
-0.186197, -0.0557929, 1.07891, 0.05, -0.0838892, 0.132267, 0.0612115, 0.168163, 1003.03, 4846.89, 10, 2e-20, 3e-20, 2e-20, 2e-20, -1
-0.129036, -0.050524, 1.09031, 0.05, 0.0586826, -0.0253074, 0.0317729, 0.0713697, 1005.11, 8172.28, 10, 2e-20, 3e-20, 2e-20, 2e-20, -1
-0.15781, -0.00238741, 1.09388, 0.05, 0.0238899, -0.0626838, -0.0683444, 0.095765, 997.762, -3580.98, 10, 2e-20, 3e-20, 2e-20, 2e-20, -1
-0.110498, 0.0208089, 1.23109, 0.05, 0.0346915, -0.162036, -0.0260334, 0.167741, 1002.81, 4498.27, 10, 2e-20, 3e-20, 2e-20, 2e-20, -1
-0.0952229, -0.0228956, 1.18462, 0.05, 0.0687795, -0.14346, 0.00994684, 0.159406, 1001.82, 2914.29, 10, 2e-20, 3e-20, 2e-20, 2e-20, -1
-0.0468653, -0.108078, 1.24235, 0.05, 0.0532931, 2.38038e-05, -0.00691972, 0.0537404, 1000.63, 1015.72, 10, 2e-20, 3e-20, 2e-20, 2e-20, -1
-0.177768, -0.0428734, 1.41647, 0.05, -0.0804082, 0.0993638, 0.05108, 0.137651, 1002.99, 4776.58, 10, 2e-20, 3e-20, 2e-20, 2e-20, -1
-0.227177, -0.00251453, 0.0527497, 0.05, -0.617524, 0.278678, -0.248829, 0.721743, 1021, 33593, 10, 2e-20, 3e-20, 2e-20, 2e-20, -1
-0.280514, -0.0443366, 0.0565547, 0.05, 0.0283449, 0.0119198, -0.345951, 0.347315, 1007.54, 12056.5, 10, 2e-20, 3e-20, 2e-20, 2e-20, -1
-0.202291, -0.0549253, 0.044376, 0.05, 0.0777919, 0.384213, 0.337706, 0.517414, 1005.9, 9437.67, 10, 2e-20, 3e-20, 2e-20, 2e-20, -1
-0.233164, -0.0278813, 0.127442, 0.05, 0.342211, 0.425822, -0.190035, 0.578399, 1005.1, 8164.08, 10, 2e-20, 3e-20, 2e-20, 2e-20, -1
-0.199181, -0.0758969, 0.127418, 0.05, -0.364401, 0.20671, 0.135069, 0.440182, 1011.05, 17686.8, 10, 2e-20, 3e-20, 2e-20, 2e-20, -1
-0.256598, -0.0647357, 0.108346, 0.05, -0.0157116, -0.0724102, -0.0868472, 0.11416, 1005.94, 9506.07, 10, 2e-20, 3e-20, 2e-20, 2e-20, -1
-0.222016, -0.0672457, 0.17277, 0.05, -0.18816, -0.0209148, -0.0458162, 0.194784, 1005.14, 8219.07, 10, 2e-20, 3e-20, 2e-20, 2e-20, -1
-0.293433, -0.0365406, 0.190789, 0.05, 0.0703963, -0.00900003, -0.101388, 0.123758, 1007, 11204.4, 10, 2e-20, 3e-20, 2e-20, 2e-20, -1
-0.250758, 0.0185571, 0.193009, 0.05, -0.169897, 0.0351453, -0.233453, 0.290862, 1000.39, 631.297, 10, 2e-20, 3e-20, 2e-20, 2e-20, -1
-0.327026, -0.0095212, 0.214491, 0.05, 0.0792895, -0.0276443, 0.0960723, 0.127597, 1009.16, 14653.3, 10, 2e-20, 3e-20, 2e-20, 2e-20, -1
-0.237645, -0.0310689, 0.209617, 0.05, 0.038908, -0.159808, -0.0740126, 0.180361, 1003.7, 5920.26, 10, 2e-20, 3e-20, 2e-20, 2e-20, -1
-0.286204, -0.0672522, 0.270353, 0.05, -0.0706413, 0.172361, -0.0136036, 0.186771, 1010.09, 16149.1, 10, 2e-20, 3e-20, 2e-20, 2e-20, -1
-0.263464, -0.137334, 0.30534, 0.05, -0.0636839, -0.00188016, -0.0535399, 0.0832208, 1010.84, 17341.8, 10, 2e-20, 3e-20, 2e-20, 2e-20, -1
-0.248585, -0.00959978, 0.247957, 0.05, 0.142971, -0.0793112, 0.0446772, 0.16949, 1010.62, 16986.4, 10, 2e-20, 3e-20, 2e-20, 2e-20, -1
-0.223287, -0.109539, 0.298689, 0.05, -0.037441, 0.127666, 0.056926, 0.14471, 1006.18, 9889.02, 10, 2e-20, 3e-20, 2e-20, 2e-20, -1
-0.221342, -0.0137034, 0.296031, 0.05, 0.049881, -0.087919, 0.130112, 0.164763, 1008.57, 13705.6, 10, 2e-20, 3e-20, 2e-20, 2e-20, -1
-0.237014, -0.0567935, 0.292945, 0.05, -0.02039, 0.228756, 0.0850173, 0.244894, 1001.81, 2902.07, 10, 2e-20, 3e-20, 2e-20, 2e-20, -1
-0.239072, -0.0579001, 0.381888, 0.05, 0.0178175, 0.0524883, -0.0563312, 0.0790297, 1006.67, 10667.4, 10, 2e-20, 3e-20, 2e-20, 2e-20, -1
-0.212562, -0.0133785, 0.40695, 0.05, 0.077019, -0.0464642, 0.0459334, 0.100999, 1000.86, 1372.54, 10, 2e-20, 3e-20, 2e-20, 2e-20, -1
-0.280925, -0.0404932, 0.367475, 0.05, -0.107954, 0.02333, -0.173762, 0.205892, 1007.95, 12727.9, 10, 2e-20, 3e-20, 2e-20, 2e-20, -1
-0.186031, -0.0117228, 0.450202, 0.05, 0.0721595, -0.0328881, -0.206922, 0.221597, 999.777, -356.677, 10, 2e-20, 3e-20, 2e-20, 2e-20, -1
-0.203038, -0.0748623, 0.418742, 0.05, 0.104251, 0.0840397, 0.0190522, 0.135255, 1001.89, 3030, 10, 2e-20, 3e-20, 2e-20, 2e-20, -1
-0.315018, -0.108713, 0.481607, 0.05, -0.196513, -0.164547, 0.0998821, 0.275081, 998.219, -2850.2, 10, 2e-20, 3e-20, 2e-20, 2e-20, -1
-0.326372, -0.0577444, 0.498482, 0.05, -0.235336, 0.109206, -0.043792, 0.263109, 1008.3, 13274.4, 10, 2e-20, 3e-20, 2e-20, 2e-20, -1
-0.297802, -0.114286, 0.543516, 0.05, -0.175052, 0.104992, 0.0380963, 0.207648, 1012.44, 19896.8, 10, 2e-20, 3e-20, 2e-20, 2e-20, -1
-0.279042, -0.0642486, 0.519169, 0.05, 0.0728635, -0.174557, -0.0137797, 0.189655, 1006.85, 10957.1, 10, 2e-20, 3e-20, 2e-20, 2e-20, -1
-0.2834, -0.00228744, 0.584816, 0.05, 0.0281304, 0.0851796, -0.155933, 0.179894, 1008.07, 12917.2, 10, 2e-20, 3e-20, 2e-20, 2e-20, -1
-0.317812, -0.0725893, 0.560686, 0.05, -0.0545123, -0.289146, -0.129683, 0.32155, 1001.81, 2900.89, 10, 2e-20, 3e-20, 2e-20, 2e-20, -1
-0.329278, -0.0387863, 0.586379, 0.05, -0.0683449, 0.021179, -0.0208229, 0.0745196, 1003.43, 5486.96, 10, 2e-20, 3e-20, 2e-20, 2e-20, -1
-0.322866, -0.0158891, 0.63044, 0.05, -0.000766242, 0.00328392, -0.0660191, 0.0661051, 1005.53, 8850.08, 10, 2e-20, 3e-20, 2e-20, 2e-20, -1
-0.319199, 0.0104804, 0.672947, 0.05, -0.017903, 0.0575959, -0.0361484, 0.0703172, 1006.01, 9617.73, 10, 2e-20, 3e-20, 2e-20, 2e-20, -1
-0.363921, 0.0054799, 0.704857, 0.05, 0.0047973, 0.164382, 0.0306272, 0.16728, 1001.74, 2782.92, 10, 2e-20, 3e-20, 2e-20, 2e-20, -1
-0.328358, 0.0455539, 0.709767, 0.05, -0.0198173, -0.208026, 0.0294455, 0.211033, 1004.79, 7670.37, 10, 2e-20, 3e-20, 2e-20, 2e-20, -1
-0.302985, -0.0053206, 0.726896, 0.05, -0.0740467, 0.0166719, -0.052134, 0.0920805, 1006.39, 10216, 10, 2e-20, 3e-20, 2e-20, 2e-20, -1
-0.33043, -0.027375, 0.774837, 0.05, -0.0424893, 0.0466884, 0.057054, 0.08509, 1000.07, 106.721, 10, 2e-20, 3e-20, 2e-20, 2e-20, -1
-0.288773, 0.0213079, 0.761455, 0.05, -0.04755, -0.0729296, -0.174265, 0.194802, 1000.98, 1566.87, 10, 2e-20, 3e-20, 2e-20, 2e-20, -1
-0.30448, -0.0390629, 0.818266, 0.05, -0.0226968, -0.00151231, 0.145142, 0.146914, 1004.47, 7146.76, 10, 2e-20, 3e-20, 2e-20, 2e-20, -1
-0.320514, 0.0145361, 0.800038, 0.05, -0.0426169, -0.0953245, -0.106856, 0.149403, 1003.08, 4930.24, 10, 2e-20, 3e-20, 2e-20, 2e-20, -1
-0.310955, -0.0496462, 0.866502, 0.05, 0.0791909, -0.034205, -0.038476, 0.0944542, 998.91, -1743.7, 10, 2e-20, 3e-20, 2e-20, 2e-20, -1
-0.318423, -0.0050962, 0.852746, 0.05, 0.0870543, -0.226577, 0.0405239, 0.246085, 1007.09, 11348.7, 10, 2e-20, 3e-20, 2e-20, 2e-20, -1
-0.3278, 0.0476363, 0.842791, 0.05, -0.0196467, 0.00936779, -0.0240379, 0.0324279, 1005.51, 8814.52, 10, 2e-20, 3e-20, 2e-20, 2e-20, -1
-0.307707, 0.0158029, 0.922207, 0.05, 0.0505819, -0.0808023, 0.185357, 0.208434, 1008.24, 13185.7, 10, 2e-20, 3e-20, 2e-20, 2e-20, -1
-0.277143, -0.00874623, 0.994226, 0.05, -0.0194158, -0.283462, 0.135969, 0.314984, 1003.48, 5574.84, 10, 2e-20, 3e-20, 2e-20, 2e-20, -1
-0.20022, -0.00013284, 1.04879, 0.05, 0.0503607, -0.151286, -0.0284731, 0.161971, 1000.37, 585.876, 10, 2e-20, 3e-20, 2e-20, 2e-20, -1
-0.235866, -0.00537718, 1.01622, 0.05, 0.0713566, -0.167882, -0.0241259, 0.184006, 999.489, -817.853, 10, 2e-20, 3e-20, 2e-20, 2e-20, -1
-0.180112, -0.0487102, 1.11716, 0.05, -0.0699932, 0.0074484, -0.0135294, 0.0716768, 1004.99, 7980.11, 10, 2e-20, 3e-20, 2e-20, 2e-20, -1
-0.244471, 0.027559, 1.03614, 0.05, 0.0764291, -0.121588, -0.0348588, 0.147784, 998.478, -2435.05, 10, 2e-20, 3e-20, 2e-20, 2e-20, -1
-0.209763, -0.00381596, 1.10945, 0.05, 0.0954897, -0.227941, 0.0370893, 0.249902, 998.528, -2355.11, 10, 2e-20, 3e-20, 2e-20, 2e-20, -1
-0.177632, 1.4197e-05, 1.14708, 0.05, -0.0175521, -0.00624491, -0.0550011, 0.0580706, 997.569, -3889.28, 10, 2e-20, 3e-20, 2e-20, 2e-20, -1
-0.0924849, -0.0271904, 1.21791, 0.05, 0.0347971, -0.0987847, 0.0350973, 0.110458, 998.701, -2078.09, 10, 2e-20, 3e-20, 2e-20, 2e-20, -1
-0.114422, -0.0886366, 1.38443, 0.05, -0.0248192, -0.110484, -0.100596, 0.151468, 1005.99, 9588.48, 10, 2e-20, 3e-20, 2e-20, 2e-20, -1
-0.264125, -0.0114515, 0.0798531, 0.05, 0.271839, -0.0229034, -0.0784356, 0.283854, 1013.99, 22385, 10, 2e-20, 3e-20, 2e-20, 2e-20, -1
-0.354586, 0.156498, 0.0503928, 0.05, 0.0879504, 0.133474, -0.0650013, 0.172556, 1002.68, 4293.6, 10, 2e-20, 3e-20, 2e-20, 2e-20, -1
-0.316745, 0.0933485, 0.0509785, 0.05, -0.696329, 0.672189, 0.00632992, 0.967859, 1021.64, 34629.3, 10, 2e-20, 3e-20, 2e-20, 2e-20, -1
-0.349403, 0.0505476, 0.0718084, 0.05, 0.335317, 0.541542, -0.481555, 0.798499, 1011.48, 18363.4, 10, 2e-20, 3e-20, 2e-20, 2e-20, -1
-0.276404, 0.110305, 0.112603, 0.05, -0.326075, -0.384584, -0.364533, 0.622185, 1009.37, 14988.9, 10, 2e-20, 3e-20, 2e-20, 2e-20, -1
-0.301892, 0.026656, 0.0938378, 0.05, -0.0531543, 0.186266, 0.00784623, 0.19386, 1005.64, 9018.47, 10, 2e-20, 3e-20, 2e-20, 2e-20, -1
-0.245961, 0.0382471, 0.104279, 0.05, 0.30376, -0.159961, -0.191221, 0.392967, 1009.26, 14820.7, 10, 2e-20, 3e-20, 2e-20, 2e-20, -1
-0.251784, 0.0697382, 0.128928, 0.05, 0.218185, 0.118119, 0.111986, 0.272209, 1009.31, 14901.7, 10, 2e-20, 3e-20, 2e-20, 2e-20, -1
-0.227675, 0.0181846, 0.136129, 0.05, -0.0951765, -0.0283706, 0.0939877, 0.136737, 1001.15, 1842.86, 10, 2e-20, 3e-20, 2e-20, 2e-20, -1
-0.29397, 0.0629351, 0.138062, 0.05, -0.340149, 0.356564, -0.359246, 0.609833, 1000.47, 754.458, 10, 2e-20, 3e-20, 2e-20, 2e-20, -1
-0.290228, 0.0938741, 0.215321, 0.05, -0.00488611, 0.0703098, 0.107476, 0.128524, 1006.15, 9834.29, 10, 2e-20, 3e-20, 2e-20, 2e-20, -1
-0.291216, 0.0185337, 0.222563, 0.05, -0.0460614, -0.0795243, -0.327783, 0.340422, 1017.02, 27227.7, 10, 2e-20, 3e-20, 2e-20, 2e-20, -1
-0.250961, 0.0919869, 0.259694, 0.05, 0.19289, 0.320669, -0.0120539, 0.374407, 1001.96, 3131.07, 10, 2e-20, 3e-20, 2e-20, 2e-20, -1
-0.291009, 0.0583666, 0.251081, 0.05, -0.117087, 0.028954, -0.142023, 0.186328, 1010.96, 17530.4, 10, 2e-20, 3e-20, 2e-20, 2e-20, -1
-0.253479, 0.0619682, 0.300268, 0.05, -0.119649, -0.348204, 0.174801, 0.407574, 1004.14, 6618.96, 10, 2e-20, 3e-20, 2e-20, 2e-20, -1
-0.265747, 0.0177053, 0.282894, 0.05, 0.157203, 0.154426, 0.132504, 0.257133, 1004.03, 6451.72, 10, 2e-20, 3e-20, 2e-20, 2e-20, -1
-0.278378, 0.0351841, 0.328643, 0.05, 0.120368, 0.0119717, -0.172627, 0.210789, 1011.7, 18726.8, 10, 2e-20, 3e-20, 2e-20, 2e-20, -1
-0.229854, 0.0552378, 0.345828, 0.05, -0.0917108, -0.151089, 0.170338, 0.245466, 1011.49, 18380.9, 10, 2e-20, 3e-20, 2e-20, 2e-20, -1
-0.26335, -0.0160546, 0.329203, 0.05, 0.285365, 0.0714656, 0.229286, 0.372978, 992.496, -12006.4, 10, 2e-20, 3e-20, 2e-20, 2e-20, -1
-0.244759, 0.0133894, 0.366712, 0.05, -0.0532317, -0.228309, -0.276962, 0.362859, 999.962, -60.6881, 10, 2e-20, 3e-20, 2e-20, 2e-20, -1
-0.265638, -0.0178647, 0.409842, 0.05, 0.148988, 0.0139442, -0.118473, 0.190861, 1002.05, 3277.63, 10, 2e-20, 3e-20, 2e-20, 2e-20, -1
-0.303716, 0.0235553, 0.419112, 0.05, -0.186508, 0.110325, -0.143355, 0.259822, 1020.89, 33418.7, 10, 2e-20, 3e-20, 2e-20, 2e-20, -1
-0.249437, -0.0667987, 0.440064, 0.05, -0.0689044, -0.0952465, -0.12498, 0.17158, 1002.21, 3530.43, 10, 2e-20, 3e-20, 2e-20, 2e-20, -1
-0.271252, 0.0470042, 0.447983, 0.05, 0.050895, -0.108245, 0.0337092, 0.124272, 1003.83, 6131.52, 10, 2e-20, 3e-20, 2e-20, 2e-20, -1
-0.288545, -0.0417933, 0.46227, 0.05, -0.0534246, -0.0101553, -0.0132622, 0.0559751, 1005.52, 8835.41, 10, 2e-20, 3e-20, 2e-20, 2e-20, -1
-0.262983, -0.0138764, 0.497865, 0.05, -0.0173616, 0.275514, -0.0232777, 0.27704, 1004.69, 7509.97, 10, 2e-20, 3e-20, 2e-20, 2e-20, -1
-0.276922, 0.0410465, 0.512661, 0.05, -0.159264, -0.176644, 0.105751, 0.260291, 1003.13, 5000.86, 10, 2e-20, 3e-20, 2e-20, 2e-20, -1
-0.313046, 0.0355917, 0.605328, 0.05, -0.0609847, -0.0665014, -0.0671017, 0.112446, 1004.44, 7109.87, 10, 2e-20, 3e-20, 2e-20, 2e-20, -1
-0.274242, 0.0191941, 0.633519, 0.05, -0.0355449, -0.030906, -0.0370724, 0.0599416, 998.381, -2589.93, 10, 2e-20, 3e-20, 2e-20, 2e-20, -1
-0.282474, 0.0989936, 0.591425, 0.05, 0.122314, -0.0988789, -0.0637272, 0.169702, 1004.63, 7412.78, 10, 2e-20, 3e-20, 2e-20, 2e-20, -1
-0.317199, 0.0626764, 0.64908, 0.05, 0.00855093, 0.104357, -0.093577, 0.140428, 1004.93, 7893.41, 10, 2e-20, 3e-20, 2e-20, 2e-20, -1
-0.304493, 0.106279, 0.635069, 0.05, 0.156251, -0.167145, 0.0217441, 0.229836, 1000.98, 1568.35, 10, 2e-20, 3e-20, 2e-20, 2e-20, -1
-0.284955, 0.0554936, 0.675005, 0.05, -0.0123736, 0.0409051, -0.132484, 0.139206, 1006.23, 9960.34, 10, 2e-20, 3e-20, 2e-20, 2e-20, -1
-0.261551, 0.106237, 0.675907, 0.05, -0.0659225, -0.0562411, -0.109898, 0.139951, 1006.09, 9740.03, 10, 2e-20, 3e-20, 2e-20, 2e-20, -1
-0.296751, 0.0843644, 0.716127, 0.05, 0.11519, -0.0240304, -0.0720664, 0.137984, 1004.57, 7307.39, 10, 2e-20, 3e-20, 2e-20, 2e-20, -1
-0.333839, 0.0735502, 0.754242, 0.05, -0.0121942, -0.122745, 0.144287, 0.189826, 1005.74, 9186.5, 10, 2e-20, 3e-20, 2e-20, 2e-20, -1
-0.358729, 0.118468, 0.757662, 0.05, -0.0158627, 0.090874, -0.115268, 0.147636, 1009.06, 14503.3, 10, 2e-20, 3e-20, 2e-20, 2e-20, -1
-0.276765, 0.100274, 0.764114, 0.05, 0.00206005, -0.0248914, -0.0738999, 0.0780065, 1003.4, 5446.23, 10, 2e-20, 3e-20, 2e-20, 2e-20, -1
-0.316074, 0.135111, 0.783697, 0.05, -0.0420483, -0.110788, -0.165324, 0.203406, 1003.03, 4855.5, 10, 2e-20, 3e-20, 2e-20, 2e-20, -1
-0.290784, 0.0533233, 0.792742, 0.05, -0.0356982, -0.0251492, 0.00421894, 0.0438707, 1000.14, 230.006, 10, 2e-20, 3e-20, 2e-20, 2e-20, -1
-0.276628, 0.0935966, 0.813483, 0.05, -0.08005, -0.0492068, 0.0762153, 0.120988, 1003.31, 5295.47, 10, 2e-20, 3e-20, 2e-20, 2e-20, -1
-0.283488, 0.0696967, 0.859492, 0.05, -0.0051387, 0.130248, -0.0293263, 0.133607, 1008.08, 12935, 10, 2e-20, 3e-20, 2e-20, 2e-20, -1
-0.279864, 0.026079, 0.953273, 0.05, 0.00152393, -0.139537, 0.00907541, 0.13984, 1001.44, 2299.51, 10, 2e-20, 3e-20, 2e-20, 2e-20, -1
-0.268643, 0.0724861, 0.95188, 0.05, -0.12899, -0.0550938, -0.035168, 0.144605, 997.391, -4175.18, 10, 2e-20, 3e-20, 2e-20, 2e-20, -1
-0.311253, 0.0280444, 1.00603, 0.05, -0.0128234, -0.0953112, -0.00498397, 0.0962991, 1004.24, 6778.14, 10, 2e-20, 3e-20, 2e-20, 2e-20, -1
-0.252622, 0.0389391, 0.994481, 0.05, 0.0260654, -0.112521, -0.0673325, 0.133694, 1001.97, 3156.1, 10, 2e-20, 3e-20, 2e-20, 2e-20, -1
-0.174688, 0.0674274, 0.988675, 0.05, 0.0470627, -0.242772, -0.0440912, 0.251192, 1002.16, 3451.5, 10, 2e-20, 3e-20, 2e-20, 2e-20, -1
-0.186214, 0.0400887, 1.07877, 0.05, 0.0478963, -0.086046, 0.0126796, 0.0992912, 999.265, -1175.42, 10, 2e-20, 3e-20, 2e-20, 2e-20, -1
-0.161079, 0.0549674, 1.19956, 0.05, -0.0314697, -0.0709862, -0.00717163, 0.0779796, 999.647, -565.415, 10, 2e-20, 3e-20, 2e-20, 2e-20, -1
-0.135135, 0.0298037, 1.27948, 0.05, -0.105621, 0.041728, -0.113298, 0.160417, 1006.86, 10973.5, 10, 2e-20, 3e-20, 2e-20, 2e-20, -1
-0.0783141, 0.100765, 1.41383, 0.05, 0.000430501, -0.0785707, 0.136932, 0.157873, 1002.44, 3906.59, 10, 2e-20, 3e-20, 2e-20, 2e-20, -1
-0.261298, 0.145441, 0.0475759, 0.05, 0.219331, 0.168402, 0.734013, 0.784373, 1017.12, 27394.8, 10, 2e-20, 3e-20, 2e-20, 2e-20, -1
-0.19303, 0.169854, 0.0495325, 0.05, 0.271653, 0.305472, 0.293798, 0.503414, 1007.95, 12719, 10, 2e-20, 3e-20, 2e-20, 2e-20, -1
-0.216558, 0.239003, 0.0962618, 0.05, 0.285162, -0.017646, -0.224191, 0.363167, 1007.67, 12269.5, 10, 2e-20, 3e-20, 2e-20, 2e-20, -1
-0.343883, 0.176568, 0.0921714, 0.05, -0.842576, 0.832126, 0.461205, 1.27086, 1000.34, 546.878, 10, 2e-20, 3e-20, 2e-20, 2e-20, -1
-0.236725, 0.186837, 0.109615, 0.05, -0.390998, 0.0709024, -0.360186, 0.536321, 993.952, -9676.94, 10, 2e-20, 3e-20, 2e-20, 2e-20, -1
-0.270422, 0.311724, 0.127746, 0.05, -0.241791, 0.0668759, 0.144594, 0.289556, 1024.28, 38843.5, 10, 2e-20, 3e-20, 2e-20, 2e-20, -1
-0.187978, 0.2006, 0.138913, 0.05, -0.0277876, -0.0495235, 0.237233, 0.243935, 998.517, -2372.53, 10, 2e-20, 3e-20, 2e-20, 2e-20, -1
-0.23969, 0.143769, 0.116098, 0.05, -0.0842246, -0.0561573, -0.189831, 0.215135, 1012.65, 20242.5, 10, 2e-20, 3e-20, 2e-20, 2e-20, -1
-0.267003, 0.113838, 0.175127, 0.05, 0.187771, -0.185952, -0.285586, 0.389096, 998.157, -2948.87, 10, 2e-20, 3e-20, 2e-20, 2e-20, -1
-0.292413, 0.175887, 0.199025, 0.05, -0.239523, -0.0568989, -0.495388, 0.553189, 1014.02, 22435.1, 10, 2e-20, 3e-20, 2e-20, 2e-20, -1
-0.249817, 0.155703, 0.211384, 0.05, -0.261063, 0.0612854, -0.156217, 0.310344, 1006.39, 10222.8, 10, 2e-20, 3e-20, 2e-20, 2e-20, -1
-0.31668, 0.0714844, 0.18921, 0.05, -0.18955, -0.104121, -0.0591381, 0.224205, 1006.6, 10565.2, 10, 2e-20, 3e-20, 2e-20, 2e-20, -1
-0.292221, 0.134486, 0.232913, 0.05, -0.132968, 0.0925697, -0.245647, 0.294266, 1004.72, 7559.87, 10, 2e-20, 3e-20, 2e-20, 2e-20, -1
-0.210764, 0.129519, 0.250742, 0.05, -0.148852, 0.109906, 0.191493, 0.266281, 1010.67, 17076.4, 10, 2e-20, 3e-20, 2e-20, 2e-20, -1
-0.252426, 0.138823, 0.281978, 0.05, 0.0713437, -0.0526936, -0.170058, 0.191797, 1008.48, 13575, 10, 2e-20, 3e-20, 2e-20, 2e-20, -1
-0.328781, 0.1166, 0.315138, 0.05, -0.219444, -0.0775799, -0.321798, 0.39715, 1009.53, 15253.4, 10, 2e-20, 3e-20, 2e-20, 2e-20, -1
-0.289896, 0.0915569, 0.334106, 0.05, 0.0916972, 0.0765722, 0.152612, 0.193809, 1008.75, 13992.4, 10, 2e-20, 3e-20, 2e-20, 2e-20, -1
-0.282867, 0.112885, 0.395105, 0.05, -0.231433, -0.265991, -0.0824911, 0.362101, 997.04, -4735.32, 10, 2e-20, 3e-20, 2e-20, 2e-20, -1
-0.266139, 0.163316, 0.393555, 0.05, -0.0458455, 0.0346869, -0.0572405, 0.0811262, 1014, 22403.8, 10, 2e-20, 3e-20, 2e-20, 2e-20, -1
-0.242367, 0.0272582, 0.41193, 0.05, 0.118145, -0.103504, -0.142144, 0.21184, 1013.84, 22136.2, 10, 2e-20, 3e-20, 2e-20, 2e-20, -1
-0.231948, 0.142484, 0.433807, 0.05, 0.0728197, -0.045961, 0.0468875, 0.0980487, 1000.51, 808.634, 10, 2e-20, 3e-20, 2e-20, 2e-20, -1
-0.257142, 0.0986029, 0.433382, 0.05, -0.00160603, 0.0848492, -0.0509197, 0.0989686, 1004.36, 6980.28, 10, 2e-20, 3e-20, 2e-20, 2e-20, -1
-0.263697, 0.120551, 0.477926, 0.05, -0.0667262, 0.2765, 0.0108334, 0.284644, 1007.36, 11772.3, 10, 2e-20, 3e-20, 2e-20, 2e-20, -1
-0.279244, 0.16989, 0.486082, 0.05, 0.0778902, -0.327254, -0.0998427, 0.350899, 994.667, -8533.18, 10, 2e-20, 3e-20, 2e-20, 2e-20, -1
-0.291301, 0.0145535, 0.46234, 0.05, 0.0625282, -0.301948, 0.170551, 0.352377, 998.724, -2041.6, 10, 2e-20, 3e-20, 2e-20, 2e-20, -1
-0.306029, 0.120129, 0.509999, 0.05, 0.178548, 0.0806077, 0.0186272, 0.196784, 999.37, -1007.83, 10, 2e-20, 3e-20, 2e-20, 2e-20, -1
-0.268714, 0.0989672, 0.532782, 0.05, -0.237029, 0.0476711, -0.00297443, 0.241794, 1004.64, 7422.87, 10, 2e-20, 3e-20, 2e-20, 2e-20, -1
-0.317001, 0.0772186, 0.534949, 0.05, 0.0474702, -0.0419759, 0.0206979, 0.0666619, 1002.16, 3455.64, 10, 2e-20, 3e-20, 2e-20, 2e-20, -1
-0.286425, 0.0589587, 0.561181, 0.05, 0.0341557, -0.0518729, -0.245775, 0.253501, 1007.64, 12220.8, 10, 2e-20, 3e-20, 2e-20, 2e-20, -1
-0.31766, 0.131673, 0.552607, 0.05, 0.000631326, -0.055896, -0.166415, 0.175552, 1008.5, 13596, 10, 2e-20, 3e-20, 2e-20, 2e-20, -1
-0.296053, 0.189084, 0.666686, 0.05, -0.10042, 0.0439496, -0.124618, 0.165968, 1007.26, 11610.1, 10, 2e-20, 3e-20, 2e-20, 2e-20, -1
-0.285785, 0.172266, 0.711234, 0.05, -0.0930019, -0.119782, -0.10998, 0.18733, 1002.99, 4777.55, 10, 2e-20, 3e-20, 2e-20, 2e-20, -1
-0.307809, 0.132973, 0.684675, 0.05, 0.14145, 0.0423825, -0.152228, 0.212079, 1000.46, 730.528, 10, 2e-20, 3e-20, 2e-20, 2e-20, -1
-0.255602, 0.126029, 0.72089, 0.05, -0.0853781, -0.138021, -0.039586, 0.167051, 1005.41, 8658.27, 10, 2e-20, 3e-20, 2e-20, 2e-20, -1
-0.337899, 0.16284, 0.725886, 0.05, -0.154215, -0.190482, 0.0664629, 0.253935, 1003.61, 5783.09, 10, 2e-20, 3e-20, 2e-20, 2e-20, -1
-0.319892, 0.124567, 0.731613, 0.05, -0.159709, 0.0995773, -0.0538107, 0.19575, 1004.18, 6683.32, 10, 2e-20, 3e-20, 2e-20, 2e-20, -1
-0.260307, 0.214941, 0.737566, 0.05, -0.0559678, 0.09198, -0.171148, 0.202199, 1006.69, 10708.1, 10, 2e-20, 3e-20, 2e-20, 2e-20, -1
-0.301397, 0.195305, 0.760487, 0.05, -0.0836914, -0.145532, -0.0871101, 0.189135, 999.146, -1366.23, 10, 2e-20, 3e-20, 2e-20, 2e-20, -1
-0.285016, 0.183205, 0.80939, 0.05, 0.0717352, -0.175812, 0.0336681, 0.192845, 999.027, -1556.15, 10, 2e-20, 3e-20, 2e-20, 2e-20, -1
-0.320808, 0.139335, 0.835472, 0.05, 0.0850083, -0.276198, 0.0634639, 0.29587, 999.166, -1334.07, 10, 2e-20, 3e-20, 2e-20, 2e-20, -1
-0.25077, 0.169309, 0.843988, 0.05, -0.131412, -0.0876598, -0.0253103, 0.159981, 1004.62, 7396.83, 10, 2e-20, 3e-20, 2e-20, 2e-20, -1
-0.280548, 0.139759, 0.89268, 0.05, 0.110239, -0.15317, -0.250258, 0.313437, 997.045, -4727.31, 10, 2e-20, 3e-20, 2e-20, 2e-20, -1
-0.301811, 0.085443, 0.911013, 0.05, -0.0622551, -0.142306, -0.0806536, 0.175019, 1004.73, 7561.55, 10, 2e-20, 3e-20, 2e-20, 2e-20, -1
-0.20078, 0.111989, 0.986703, 0.05, 0.0218654, 0.094202, -0.0603308, 0.113982, 1003.08, 4923.93, 10, 2e-20, 3e-20, 2e-20, 2e-20, -1
-0.236307, 0.106379, 0.940727, 0.05, -0.048514, -0.0983394, -0.161916, 0.195553, 1001.28, 2046.54, 10, 2e-20, 3e-20, 2e-20, 2e-20, -1
-0.226106, 0.0754551, 1.02394, 0.05, 0.0384242, -0.138496, 0.14689, 0.205509, 1001.71, 2743.85, 10, 2e-20, 3e-20, 2e-20, 2e-20, -1
-0.181104, 0.0916063, 1.09355, 0.05, 0.0389168, -0.034559, 0.0155485, 0.0543194, 1002.24, 3579.63, 10, 2e-20, 3e-20, 2e-20, 2e-20, -1
-0.144987, 0.0630261, 1.06821, 0.05, 0.00640974, -0.0467555, -0.0972263, 0.108075, 1002.31, 3697.13, 10, 2e-20, 3e-20, 2e-20, 2e-20, -1
-0.0830092, 0.0157917, 1.3304, 0.05, 0.10262, -0.233336, 0.0783544, 0.266676, 997.218, -4451.63, 10, 2e-20, 3e-20, 2e-20, 2e-20, -1
-0.084414, 0.018853, 1.38939, 0.05, 0.113605, -0.109696, -0.00182278, 0.157932, 995.853, -6635.5, 10, 2e-20, 3e-20, 2e-20, 2e-20, -1
-0.149758, 0.0132194, 1.40147, 0.05, 0.00537631, -0.128097, -0.253123, 0.283742, 1006.02, 9625.07, 10, 2e-20, 3e-20, 2e-20, 2e-20, -1
-0.213851, 0.267139, 0.049377, 0.05, -0.0530694, -0.283213, -0.0801775, 0.299089, 1014.2, 22721.4, 10, 2e-20, 3e-20, 2e-20, 2e-20, -1
-0.2357, 0.320352, 0.0473228, 0.05, -0.0601768, 0.281174, 0.104925, 0.306087, 1008.96, 14335.6, 10, 2e-20, 3e-20, 2e-20, 2e-20, -1
-0.215661, 0.35785, 0.0742337, 0.05, -0.175748, 0.00343356, 0.36063, 0.40119, 1004.82, 7712.16, 10, 2e-20, 3e-20, 2e-20, 2e-20, -1
-0.231493, 0.297751, 0.0897754, 0.05, 0.0482737, -0.111984, 0.23497, 0.26473, 1007.57, 12116.7, 10, 2e-20, 3e-20, 2e-20, 2e-20, -1
-0.215889, 0.270551, 0.143964, 0.05, 0.306085, 0.109302, 0.187173, 0.375058, 1000.75, 1198.54, 10, 2e-20, 3e-20, 2e-20, 2e-20, -1
-0.227521, 0.319773, 0.161651, 0.05, -0.31434, 0.0910583, -0.137732, 0.355066, 1012.61, 20171.7, 10, 2e-20, 3e-20, 2e-20, 2e-20, -1
-0.283156, 0.313642, 0.165215, 0.05, 0.0464054, -0.118051, 0.0813398, 0.150684, 997.648, -3762.81, 10, 2e-20, 3e-20, 2e-20, 2e-20, -1
-0.239183, 0.222814, 0.134251, 0.05, -0.0293533, -0.200916, -0.272717, 0.340005, 1012.57, 20119.4, 10, 2e-20, 3e-20, 2e-20, 2e-20, -1
-0.26985, 0.260323, 0.15218, 0.05, -0.569368, 0.318039, 0.0312521, 0.652921, 1024.26, 38822.2, 10, 2e-20, 3e-20, 2e-20, 2e-20, -1
-0.230967, 0.185033, 0.17095, 0.05, 0.029612, -0.292784, 0.329162, 0.441528, 1000.41, 650.603, 10, 2e-20, 3e-20, 2e-20, 2e-20, -1
-0.316671, 0.182168, 0.249853, 0.05, -0.222949, 0.213285, -0.0808004, 0.318945, 1011.23, 17964.8, 10, 2e-20, 3e-20, 2e-20, 2e-20, -1
-0.261329, 0.187228, 0.240403, 0.05, 0.0314888, 0.119326, 0.133632, 0.1819, 1006.79, 10869.9, 10, 2e-20, 3e-20, 2e-20, 2e-20, -1
-0.28838, 0.230059, 0.245889, 0.05, -0.00170196, 0.0571448, 0.359808, 0.364322, 1004.25, 6800.24, 10, 2e-20, 3e-20, 2e-20, 2e-20, -1
-0.279123, 0.182752, 0.286957, 0.05, -0.120744, -0.301632, -0.206896, 0.385184, 1014.8, 23683.9, 10, 2e-20, 3e-20, 2e-20, 2e-20, -1
-0.223135, 0.15532, 0.320739, 0.05, 0.134359, -0.0961922, -0.107087, 0.196908, 1012.97, 20759.9, 10, 2e-20, 3e-20, 2e-20, 2e-20, -1
-0.288144, 0.143443, 0.318664, 0.05, 0.0345014, -0.237659, -0.0984135, 0.259533, 1001.88, 3013.87, 10, 2e-20, 3e-20, 2e-20, 2e-20, -1
-0.315079, 0.148058, 0.360891, 0.05, -0.0164901, -0.0153698, 0.0789131, 0.0820697, 1008.55, 13677.2, 10, 2e-20, 3e-20, 2e-20, 2e-20, -1
-0.25643, 0.244964, 0.358333, 0.05, -0.0443799, -0.100049, -0.0171544, 0.110787, 1011.11, 17776.4, 10, 2e-20, 3e-20, 2e-20, 2e-20, -1
-0.288884, 0.203864, 0.374497, 0.05, -0.284049, -0.172282, -0.0369847, 0.334264, 1003.45, 5527.54, 10, 2e-20, 3e-20, 2e-20, 2e-20, -1
-0.267403, 0.232259, 0.40721, 0.05, -0.0649443, 0.0228411, 0.187128, 0.19939, 994.965, -8056.74, 10, 2e-20, 3e-20, 2e-20, 2e-20, -1
-0.236857, 0.192417, 0.431047, 0.05, 0.102299, 0.03138, 0.205096, 0.231331, 1005.32, 8504.32, 10, 2e-20, 3e-20, 2e-20, 2e-20, -1
-0.235422, 0.24231, 0.439502, 0.05, 0.0434117, -0.145276, 0.105605, 0.184776, 998.179, -2913.41, 10, 2e-20, 3e-20, 2e-20, 2e-20, -1
-0.234961, 0.195382, 0.479884, 0.05, 0.0104132, -0.170917, -0.169903, 0.241222, 1008.7, 13927.4, 10, 2e-20, 3e-20, 2e-20, 2e-20, -1
-0.229227, 0.283195, 0.468173, 0.05, -0.0107601, -0.22297, -0.032942, 0.225647, 1007.09, 11350.5, 10, 2e-20, 3e-20, 2e-20, 2e-20, -1
-0.258379, 0.24788, 0.48617, 0.05, 0.105236, 0.000167667, -0.153499, 0.186109, 1007.55, 12086, 10, 2e-20, 3e-20, 2e-20, 2e-20, -1
-0.231008, 0.251854, 0.560722, 0.05, -0.0633445, 0.0960154, -0.16581, 0.201803, 1011.09, 17752, 10, 2e-20, 3e-20, 2e-20, 2e-20, -1
-0.277699, 0.240278, 0.574491, 0.05, -0.212654, 0.0162166, -0.0596875, 0.221466, 1001.83, 2935.96, 10, 2e-20, 3e-20, 2e-20, 2e-20, -1
-0.29629, 0.182457, 0.530175, 0.05, -0.125673, -0.139138, 0.0446941, 0.192745, 1006.94, 11103, 10, 2e-20, 3e-20, 2e-20, 2e-20, -1
-0.248762, 0.216629, 0.602561, 0.05, -0.145305, -0.0218208, -0.0517779, 0.15579, 1001.95, 3124.64, 10, 2e-20, 3e-20, 2e-20, 2e-20, -1
-0.29162, 0.192102, 0.581747, 0.05, -0.107323, 0.0559167, -0.0286127, 0.124353, 1004.96, 7931.36, 10, 2e-20, 3e-20, 2e-20, 2e-20, -1
-0.304009, 0.208417, 0.618392, 0.05, -0.0147855, -0.171684, -0.14685, 0.226404, 999.361, -1022.55, 10, 2e-20, 3e-20, 2e-20, 2e-20, -1
-0.347166, 0.199456, 0.651445, 0.05, 0.0961149, 0.00435651, -0.160745, 0.18734, 991.94, -12895.8, 10, 2e-20, 3e-20, 2e-20, 2e-20, -1
-0.360874, 0.195245, 0.698245, 0.05, -0.0421586, -0.14157, -0.144919, 0.206932, 1007.54, 12061.6, 10, 2e-20, 3e-20, 2e-20, 2e-20, -1
-0.328197, 0.231582, 0.678964, 0.05, 0.106243, 0.0922812, -0.196078, 0.24135, 1000.45, 712.044, 10, 2e-20, 3e-20, 2e-20, 2e-20, -1
-0.317723, 0.214637, 0.725167, 0.05, 0.109705, 0.00205978, -0.131238, 0.171064, 1003.34, 5342.39, 10, 2e-20, 3e-20, 2e-20, 2e-20, -1
-0.281379, 0.240324, 0.699012, 0.05, -0.101762, 0.0255889, -0.0564381, 0.119145, 1004.56, 7302.77, 10, 2e-20, 3e-20, 2e-20, 2e-20, -1
-0.271037, 0.264162, 0.741858, 0.05, -0.131177, -0.0211163, -0.0960798, 0.163966, 1002.55, 4073.78, 10, 2e-20, 3e-20, 2e-20, 2e-20, -1
-0.16972, 0.235242, 0.898049, 0.05, 0.0606273, -0.0129118, -0.0955055, 0.113858, 1003, 4796.34, 10, 2e-20, 3e-20, 2e-20, 2e-20, -1
-0.283038, 0.233751, 0.784889, 0.05, 0.0035797, -0.00155912, -0.112894, 0.112961, 1005.81, 9298.2, 10, 2e-20, 3e-20, 2e-20, 2e-20, -1
-0.26658, 0.21804, 0.843865, 0.05, 0.0356972, -0.090496, -0.0532849, 0.110919, 1008.9, 14241.1, 10, 2e-20, 3e-20, 2e-20, 2e-20, -1
-0.234941, 0.151794, 0.961738, 0.05, 0.071857, -0.0182478, 0.0430939, 0.0857525, 1003.25, 5204.26, 10, 2e-20, 3e-20, 2e-20, 2e-20, -1
-0.193284, 0.119832, 1.03659, 0.05, -0.0654196, -0.0991735, 0.0249897, 0.121407, 997.146, -4567.06, 10, 2e-20, 3e-20, 2e-20, 2e-20, -1
-0.10494, 0.10158, 1.03372, 0.05, 0.0126469, 0.00100418, -0.0376845, 0.0397627, 1003.96, 6335.8, 10, 2e-20, 3e-20, 2e-20, 2e-20, -1
-0.139372, 0.115394, 1.06826, 0.05, 0.0443253, -0.0791314, -0.0289419, 0.0952058, 999.968, -51.6997, 10, 2e-20, 3e-20, 2e-20, 2e-20, -1
-0.15301, 0.0993251, 1.02199, 0.05, 0.0388483, -0.0182876, -0.00447389, 0.0431699, 1005.16, 8252.33, 10, 2e-20, 3e-20, 2e-20, 2e-20, -1
-0.125917, 0.0866571, 1.11005, 0.05, 0.0394231, 0.0181733, -0.0180059, 0.0469964, 1003.14, 5018.76, 10, 2e-20, 3e-20, 2e-20, 2e-20, -1
-0.0943474, 0.101038, 1.1206, 0.05, 0.000166147, -0.00413958, -0.00166677, 0.00446563, 1003.57, 5711.67, 10, 2e-20, 3e-20, 2e-20, 2e-20, -1
-0.090824, 0.115238, 1.19305, 0.05, 0.142724, 0.0802028, -0.0743841, 0.179821, 1002.04, 3266.15, 10, 2e-20, 3e-20, 2e-20, 2e-20, -1
-0.0717095, 0.0727693, 1.32465, 0.05, 0.107636, -0.144472, -0.0343602, 0.183407, 997.171, -4526.57, 10, 2e-20, 3e-20, 2e-20, 2e-20, -1
-0.0587434, 0.0788892, 1.26883, 0.05, 0.0255443, 0.00258939, -0.0427598, 0.049876, 1002.66, 4255.12, 10, 2e-20, 3e-20, 2e-20, 2e-20, -1
-0.131724, 0.209035, 1.24169, 0.05, -0.104202, -0.0261077, -0.0873831, 0.138476, 1002.8, 4479.34, 10, 2e-20, 3e-20, 2e-20, 2e-20, -1
-0.206608, 0.399991, 0.0501686, 0.05, -0.195568, 0.296524, -0.213159, 0.414259, 1021.93, 35094.1, 10, 2e-20, 3e-20, 2e-20, 2e-20, -1
-0.191965, 0.454081, 0.0510232, 0.05, -0.220066, -0.180545, 0.1638, 0.328415, 1003.3, 5279.07, 10, 2e-20, 3e-20, 2e-20, 2e-20, -1
-0.229096, 0.446496, 0.0717033, 0.05, -0.034353, 0.232734, -0.0848716, 0.250097, 1003.49, 5586.31, 10, 2e-20, 3e-20, 2e-20, 2e-20, -1
-0.226127, 0.405262, 0.104605, 0.05, -0.419813, 0.0251889, -0.107961, 0.434204, 1005.66, 9050.69, 10, 2e-20, 3e-20, 2e-20, 2e-20, -1
-0.197348, 0.323256, 0.120707, 0.05, -0.139731, 0.143873, -0.209119, 0.28975, 1000.33, 524.556, 10, 2e-20, 3e-20, 2e-20, 2e-20, -1
-0.185781, 0.375235, 0.119339, 0.05, -0.0310155, -0.19331, 0.0227064, 0.197095, 1007.44, 11911.9, 10, 2e-20, 3e-20, 2e-20, 2e-20, -1
-0.222439, 0.275797, 0.192427, 0.05, -0.263328, -0.328708, -0.324261, 0.53154, 1011.89, 19017.7, 10, 2e-20, 3e-20, 2e-20, 2e-20, -1
-0.275358, 0.274, 0.201758, 0.05, 0.182825, 0.274962, 0.0717409, 0.337899, 1002.21, 3534, 10, 2e-20, 3e-20, 2e-20, 2e-20, -1
-0.269003, 0.220359, 0.179825, 0.05, -0.298244, -0.348027, -0.207985, 0.503319, 1009.43, 15080.1, 10, 2e-20, 3e-20, 2e-20, 2e-20, -1
-0.232615, 0.304696, 0.225292, 0.05, -0.122352, -0.015476, -0.00975816, 0.123712, 1010.41, 16651, 10, 2e-20, 3e-20, 2e-20, 2e-20, -1
-0.212378, 0.309583, 0.270731, 0.05, -0.0593718, -0.000835061, -0.00467848, 0.0595617, 1008, 12804.7, 10, 2e-20, 3e-20, 2e-20, 2e-20, -1
-0.28331, 0.28576, 0.2501, 0.05, -0.0280209, 0.0221184, -0.0611619, 0.0708179, 1008.56, 13689.8, 10, 2e-20, 3e-20, 2e-20, 2e-20, -1
-0.261873, 0.300005, 0.286803, 0.05, -0.0670368, 0.0548132, -0.0069154, 0.0868692, 1000.54, 868.63, 10, 2e-20, 3e-20, 2e-20, 2e-20, -1
-0.232825, 0.264366, 0.26173, 0.05, -0.186708, -0.164774, -0.411671, 0.481127, 1006.75, 10796.3, 10, 2e-20, 3e-20, 2e-20, 2e-20, -1
-0.239619, 0.25944, 0.31436, 0.05, -0.245487, -0.0144508, 0.0439888, 0.249815, 1000.03, 52.0619, 10, 2e-20, 3e-20, 2e-20, 2e-20, -1
-0.261018, 0.173398, 0.347299, 0.05, -0.0290156, -0.145427, 0.0583239, 0.159351, 1001.36, 2182.15, 10, 2e-20, 3e-20, 2e-20, 2e-20, -1
-0.207052, 0.274783, 0.345818, 0.05, 0.198725, 0.1183, 0.0818457, 0.245327, 1005.24, 8385.5, 10, 2e-20, 3e-20, 2e-20, 2e-20, -1
-0.222039, 0.209533, 0.332515, 0.05, 0.214951, -0.189485, 0.0519693, 0.291221, 1000.96, 1537.36, 10, 2e-20, 3e-20, 2e-20, 2e-20, -1
-0.226387, 0.269221, 0.389096, 0.05, 0.173232, -0.133286, -0.0873767, 0.235392, 1016.37, 26197.3, 10, 2e-20, 3e-20, 2e-20, 2e-20, -1
-0.28159, 0.390195, 0.447677, 0.05, -0.218056, -0.247879, -0.0906698, 0.342364, 1006.31, 10092.2, 10, 2e-20, 3e-20, 2e-20, 2e-20, -1
-0.218136, 0.308275, 0.422113, 0.05, 0.0592186, -0.0256462, 0.0566324, 0.0858592, 1005.55, 8879.29, 10, 2e-20, 3e-20, 2e-20, 2e-20, -1
-0.202128, 0.355718, 0.433742, 0.05, 0.0709611, -0.150781, 0.0410486, 0.171626, 998.015, -3175.24, 10, 2e-20, 3e-20, 2e-20, 2e-20, -1
-0.245605, 0.373441, 0.478459, 0.05, 0.150311, -0.0709404, -0.0203346, 0.16745, 1001, 1602.44, 10, 2e-20, 3e-20, 2e-20, 2e-20, -1
-0.265459, 0.324218, 0.487968, 0.05, 0.134507, 0.166222, -0.150541, 0.261505, 1007.5, 12006.4, 10, 2e-20, 3e-20, 2e-20, 2e-20, -1
-0.297084, 0.284665, 0.505234, 0.05, -0.157084, -0.273775, 0.0993924, 0.330918, 1012.41, 19849.6, 10, 2e-20, 3e-20, 2e-20, 2e-20, -1
-0.268292, 0.226465, 0.526824, 0.05, -0.080279, -0.00449719, -0.166308, 0.184725, 1006.49, 10388.5, 10, 2e-20, 3e-20, 2e-20, 2e-20, -1
-0.221995, 0.293905, 0.598541, 0.05, -0.0280001, -0.0792542, -0.0280838, 0.0886224, 1010.6, 16960.5, 10, 2e-20, 3e-20, 2e-20, 2e-20, -1
-0.29037, 0.270498, 0.614285, 0.05, -0.128724, -0.00247894, -0.288965, 0.316349, 1012.02, 19226, 10, 2e-20, 3e-20, 2e-20, 2e-20, -1
-0.334399, 0.257907, 0.635742, 0.05, -0.121433, 0.034689, -0.053399, 0.137116, 1002.84, 4539.14, 10, 2e-20, 3e-20, 2e-20, 2e-20, -1
-0.260424, 0.349293, 0.65709, 0.05, -0.257709, 0.0165329, -0.204014, 0.329103, 1002.67, 4270.93, 10, 2e-20, 3e-20, 2e-20, 2e-20, -1
-0.297327, 0.270217, 0.673603, 0.05, -0.150432, 0.112921, -0.0860954, 0.206866, 1001.05, 1681.14, 10, 2e-20, 3e-20, 2e-20, 2e-20, -1
-0.210174, 0.392518, 0.729795, 0.05, 0.133817, -0.0542965, -0.34243, 0.371637, 996.358, -5826.81, 10, 2e-20, 3e-20, 2e-20, 2e-20, -1
-0.223406, 0.343541, 0.683554, 0.05, 0.122926, -0.0690878, 0.0213347, 0.142615, 1000.73, 1160.18, 10, 2e-20, 3e-20, 2e-20, 2e-20, -1
-0.225293, 0.254742, 0.678302, 0.05, -0.0165416, 0.0777046, -0.151871, 0.171396, 999.532, -748.384, 10, 2e-20, 3e-20, 2e-20, 2e-20, -1
-0.235019, 0.348583, 0.733731, 0.05, 0.0531213, -0.0126183, -0.0591928, 0.0805288, 999.919, -129.521, 10, 2e-20, 3e-20, 2e-20, 2e-20, -1
-0.235842, 0.335335, 0.783204, 0.05, -0.0505144, 0.104905, -0.142548, 0.184056, 1006.99, 11190.6, 10, 2e-20, 3e-20, 2e-20, 2e-20, -1
-0.265521, 0.311831, 0.746893, 0.05, -0.130057, 0.0248249, -0.13528, 0.189293, 1002.68, 4288.62, 10, 2e-20, 3e-20, 2e-20, 2e-20, -1
-0.249997, 0.285699, 0.794244, 0.05, -0.0662862, -0.0845068, 0.00951266, 0.107823, 1001.87, 2999.04, 10, 2e-20, 3e-20, 2e-20, 2e-20, -1
-0.213345, 0.323501, 0.917992, 0.05, 0.0937578, 0.0996629, -0.0431655, 0.14348, 996.811, -5102.23, 10, 2e-20, 3e-20, 2e-20, 2e-20, -1
-0.211243, 0.206619, 0.954361, 0.05, -0.0350634, -0.0459141, 0.0587355, 0.0823857, 1000.87, 1384.47, 10, 2e-20, 3e-20, 2e-20, 2e-20, -1
-0.17035, 0.233733, 0.974026, 0.05, -0.0371034, 0.0355495, -0.11864, 0.12929, 998.089, -3056.88, 10, 2e-20, 3e-20, 2e-20, 2e-20, -1
-0.226334, 0.265802, 0.918647, 0.05, 0.0448189, -0.0843803, -0.221455, 0.241187, 1000.67, 1078.11, 10, 2e-20, 3e-20, 2e-20, 2e-20, -1
-0.124579, 0.2085, 1.0476, 0.05, 0.0971919, 0.104054, -0.160404, 0.214484, 1000.93, 1484.12, 10, 2e-20, 3e-20, 2e-20, 2e-20, -1
-0.196907, 0.162393, 0.993894, 0.05, -0.0905882, -0.128407, -0.128288, 0.20286, 1004.69, 7502.29, 10, 2e-20, 3e-20, 2e-20, 2e-20, -1
-0.13345, 0.136425, 1.11771, 0.05, 0.0875401, -0.106851, -0.057797, 0.149736, 995.623, -7003.85, 10, 2e-20, 3e-20, 2e-20, 2e-20, -1
-0.137465, 0.181098, 1.13772, 0.05, 0.0403197, 0.0251717, -0.144778, 0.152381, 998.396, -2566.01, 10, 2e-20, 3e-20, 2e-20, 2e-20, -1
-0.0863307, 0.133309, 1.24353, 0.05, -0.0130994, -0.00858549, -0.0564257, 0.0585591, 1003.95, 6327.36, 10, 2e-20, 3e-20, 2e-20, 2e-20, -1
-0.122112, 0.177766, 1.17884, 0.05, -0.11275, 0.0723657, -0.113898, 0.175846, 998.665, -2136.17, 10, 2e-20, 3e-20, 2e-20, 2e-20, -1
-0.0706569, 0.130097, 1.28919, 0.05, -0.159782, -0.0421239, -0.109557, 0.198261, 995.814, -6696.98, 10, 2e-20, 3e-20, 2e-20, 2e-20, -1
-0.110341, 0.197875, 1.22156, 0.05, 0.195581, -0.0521081, -0.0878625, 0.220652, 995.257, -7588.97, 10, 2e-20, 3e-20, 2e-20, 2e-20, -1
-0.124088, 0.263994, 1.40365, 0.05, -0.0103931, -0.158552, 0.0128857, 0.159414, 1005.84, 9346.55, 10, 2e-20, 3e-20, 2e-20, 2e-20, -1
-0.197983, 0.503038, 0.107196, 0.05, -0.0776128, 0.0516484, 0.00632634, 0.0934416, 1007.26, 11611.9, 10, 2e-20, 3e-20, 2e-20, 2e-20, -1
-0.27946, 0.45065, 0.167213, 0.05, -0.106416, 0.0528781, 0.0428398, 0.126316, 998.617, -2213.38, 10, 2e-20, 3e-20, 2e-20, 2e-20, -1
-0.231946, 0.440445, 0.158218, 0.05, -0.444804, -0.00041117, -0.097558, 0.455377, 1001.96, 3138.44, 10, 2e-20, 3e-20, 2e-20, 2e-20, -1
-0.310978, 0.444475, 0.0896228, 0.05, -0.266947, -0.0956727, -0.350094, 0.450532, 1022.47, 35945.7, 10, 2e-20, 3e-20, 2e-20, 2e-20, -1
-0.265968, 0.447319, 0.114408, 0.05, 0.0476936, 0.14709, -0.0683752, 0.169072, 1015.92, 25478.6, 10, 2e-20, 3e-20, 2e-20, 2e-20, -1
-0.252156, 0.394858, 0.147416, 0.05, -0.0721669, -0.256403, -0.0938792, 0.282425, 1003.99, 6388.52, 10, 2e-20, 3e-20, 2e-20, 2e-20, -1
-0.246683, 0.352486, 0.183894, 0.05, -0.259013, 0.246593, -0.0291846, 0.358814, 1012.29, 19658.1, 10, 2e-20, 3e-20, 2e-20, 2e-20, -1
-0.279567, 0.326621, 0.215702, 0.05, 0.0938066, 0.157324, -0.18478, 0.260181, 1003.72, 5949.41, 10, 2e-20, 3e-20, 2e-20, 2e-20, -1
-0.254813, 0.386667, 0.264501, 0.05, -0.123855, 0.135969, -0.0341776, 0.187071, 1005.61, 8971.05, 10, 2e-20, 3e-20, 2e-20, 2e-20, -1
-0.235673, 0.349779, 0.245382, 0.05, -0.182593, -0.223854, -0.114717, 0.310823, 1009.8, 15683.7, 10, 2e-20, 3e-20, 2e-20, 2e-20, -1
-0.190043, 0.419603, 0.303502, 0.05, -0.244306, 0.0277466, -0.158428, 0.292497, 1008.57, 13713.4, 10, 2e-20, 3e-20, 2e-20, 2e-20, -1
-0.202863, 0.389314, 0.26868, 0.05, -0.229368, -0.0151459, -0.106529, 0.253352, 1004.69, 7510.06, 10, 2e-20, 3e-20, 2e-20, 2e-20, -1
-0.243137, 0.34811, 0.300281, 0.05, -0.104387, -0.0777594, 0.0307739, 0.133754, 1006.12, 9791.44, 10, 2e-20, 3e-20, 2e-20, 2e-20, -1
-0.223227, 0.389413, 0.320721, 0.05, -0.155886, -0.175891, -0.214721, 0.318345, 1010.49, 16785.8, 10, 2e-20, 3e-20, 2e-20, 2e-20, -1
-0.200362, 0.429148, 0.377052, 0.05, -0.0972873, 0.116647, -0.144103, 0.209372, 1009.78, 15649.6, 10, 2e-20, 3e-20, 2e-20, 2e-20, -1
-0.212205, 0.314327, 0.318938, 0.05, 0.0220092, -0.136116, 0.0655415, 0.152669, 1004, 6399.14, 10, 2e-20, 3e-20, 2e-20, 2e-20, -1
-0.238002, 0.323019, 0.355076, 0.05, 0.100792, 0.0178817, -0.19613, 0.221237, 1003.54, 5663.27, 10, 2e-20, 3e-20, 2e-20, 2e-20, -1
-0.242233, 0.425241, 0.506751, 0.05, -0.044701, -0.0416397, 0.0426586, 0.0745104, 1001.2, 1918.02, 10, 2e-20, 3e-20, 2e-20, 2e-20, -1
-0.248226, 0.321764, 0.394027, 0.05, -0.189756, -0.133822, -0.0255654, 0.233601, 1000.71, 1138.37, 10, 2e-20, 3e-20, 2e-20, 2e-20, -1
-0.205701, 0.427914, 0.52941, 0.05, 0.0150028, -0.124388, -0.200147, 0.236127, 1002.91, 4650.44, 10, 2e-20, 3e-20, 2e-20, 2e-20, -1
-0.197465, 0.413377, 0.579376, 0.05, -0.028286, 0.0264573, -0.0792154, 0.0881769, 999.536, -741.903, 10, 2e-20, 3e-20, 2e-20, 2e-20, -1
-0.212471, 0.371128, 0.523566, 0.05, -0.0614911, 0.0680204, -0.240394, 0.257288, 1008.07, 12915.6, 10, 2e-20, 3e-20, 2e-20, 2e-20, -1
-0.26006, 0.363876, 0.530011, 0.05, 0.138246, 0.0964082, 0.0385048, 0.172885, 1005.94, 9496.34, 10, 2e-20, 3e-20, 2e-20, 2e-20, -1
-0.189734, 0.329518, 0.560688, 0.05, 0.0702146, -0.0743501, -0.158903, 0.188966, 998.005, -3192.31, 10, 2e-20, 3e-20, 2e-20, 2e-20, -1
-0.203132, 0.37381, 0.647833, 0.05, 0.041606, -0.014949, -0.061222, 0.075516, 1001.56, 2500.27, 10, 2e-20, 3e-20, 2e-20, 2e-20, -1
-0.250259, 0.340365, 0.58005, 0.05, -0.174071, -0.0387382, -0.0622679, 0.188888, 1012.15, 19437.8, 10, 2e-20, 3e-20, 2e-20, 2e-20, -1
-0.268933, 0.287298, 0.567614, 0.05, -0.11135, 0.0551053, -0.170155, 0.210685, 1002.45, 3917.47, 10, 2e-20, 3e-20, 2e-20, 2e-20, -1
-0.266017, 0.440589, 0.749451, 0.05, -0.240246, -0.0521437, -0.209454, 0.322968, 1009.34, 14945.1, 10, 2e-20, 3e-20, 2e-20, 2e-20, -1
-0.230439, 0.336941, 0.63243, 0.05, -0.0712735, -0.00844241, -0.128018, 0.146765, 1002.72, 4357.57, 10, 2e-20, 3e-20, 2e-20, 2e-20, -1
-0.22802, 0.435115, 0.852265, 0.05, 0.0160245, -0.0742007, -0.0749002, 0.106642, 1006.6, 10565.7, 10, 2e-20, 3e-20, 2e-20, 2e-20, -1
-0.248545, 0.385712, 0.703397, 0.05, -0.0224445, 0.0836286, -0.10173, 0.133591, 998.237, -2821.53, 10, 2e-20, 3e-20, 2e-20, 2e-20, -1
-0.174933, 0.407262, 0.832561, 0.05, -0.087669, 0.08333, -0.112028, 0.164864, 1007.23, 11574.7, 10, 2e-20, 3e-20, 2e-20, 2e-20, -1
-0.196044, 0.378282, 0.780866, 0.05, -0.0105825, 0.0868798, -0.00570078, 0.0877074, 1003.9, 6240.08, 10, 2e-20, 3e-20, 2e-20, 2e-20, -1
-0.255434, 0.294467, 0.649394, 0.05, -0.0669156, -0.022437, 0.0267648, 0.0754816, 1000.16, 256.363, 10, 2e-20, 3e-20, 2e-20, 2e-20, -1
-0.235883, 0.392115, 0.774874, 0.05, -0.0293724, -0.136666, -0.0540546, 0.149874, 1001.84, 2944.55, 10, 2e-20, 3e-20, 2e-20, 2e-20, -1
-0.250301, 0.386356, 0.862756, 0.05, 0.0418164, 0.105066, 0.00919039, 0.113455, 1002.84, 4545.51, 10, 2e-20, 3e-20, 2e-20, 2e-20, -1
-0.264784, 0.329477, 0.824746, 0.05, -0.0507203, 0.0696204, -0.176651, 0.196532, 1002.8, 4484.63, 10, 2e-20, 3e-20, 2e-20, 2e-20, -1
-0.217655, 0.366325, 0.960062, 0.05, -0.00268684, -0.133321, 0.110466, 0.17316, 1001.84, 2941.05, 10, 2e-20, 3e-20, 2e-20, 2e-20, -1
-0.230876, 0.437474, 1.0614, 0.05, -0.00850567, 0.47612, 0.185359, 0.511, 997.306, -4310.55, 10, 2e-20, 3e-20, 2e-20, 2e-20, -1
-0.180739, 0.271668, 0.935703, 0.05, 0.00878019, -0.0419777, -0.123289, 0.130535, 1002.48, 3966.6, 10, 2e-20, 3e-20, 2e-20, 2e-20, -1
-0.266571, 0.375181, 0.942635, 0.05, 0.0893748, -0.050485, 0.101788, 0.144559, 1005.47, 8756.56, 10, 2e-20, 3e-20, 2e-20, 2e-20, -1
-0.155315, 0.190885, 1.01172, 0.05, 0.0892839, -0.00941497, -0.0845155, 0.123301, 1003.44, 5506.12, 10, 2e-20, 3e-20, 2e-20, 2e-20, -1
-0.17353, 0.31241, 1.0356, 0.05, -0.178113, -0.0707135, -0.0146561, 0.192197, 1007.18, 11494.5, 10, 2e-20, 3e-20, 2e-20, 2e-20, -1
-0.161796, 0.203064, 1.08783, 0.05, -0.0197934, 0.0767797, 0.00920181, 0.0798222, 1002.33, 3734.41, 10, 2e-20, 3e-20, 2e-20, 2e-20, -1
-0.161135, 0.195088, 1.06055, 0.05, -0.0203505, 0.0134426, -0.0820247, 0.0855739, 998.552, -2316.57, 10, 2e-20, 3e-20, 2e-20, 2e-20, -1
-0.139607, 0.297858, 1.07568, 0.05, 0.0786571, 0.0326028, -0.223448, 0.239121, 999.842, -252.56, 10, 2e-20, 3e-20, 2e-20, 2e-20, -1
-0.140798, 0.233684, 1.11618, 0.05, 0.00525691, -0.0732098, -0.177766, 0.192323, 1002.75, 4400.53, 10, 2e-20, 3e-20, 2e-20, 2e-20, -1
-0.159893, 0.260327, 1.15212, 0.05, -0.0334104, -0.0254468, -0.160068, 0.165486, 1000.99, 1590.28, 10, 2e-20, 3e-20, 2e-20, 2e-20, -1
-0.0956388, 0.22441, 1.29368, 0.05, 0.188654, -0.11089, -0.00779624, 0.218969, 1001.32, 2107.4, 10, 2e-20, 3e-20, 2e-20, 2e-20, -1
-0.105465, 0.216801, 1.36763, 0.05, 0.0494504, -0.0615332, -0.0923919, 0.121523, 1001.94, 3097.24, 10, 2e-20, 3e-20, 2e-20, 2e-20, -1
-0.113211, 0.31387, 1.40359, 0.05, 0.0100249, -0.0479653, 0.046334, 0.0674389, 994.996, -8007.1, 10, 2e-20, 3e-20, 2e-20, 2e-20, -1
-0.182035, 0.500754, 0.169445, 0.05, -0.536131, 0.152053, -0.153238, 0.577961, 1012.46, 19941.8, 10, 2e-20, 3e-20, 2e-20, 2e-20, -1
-0.23335, 0.498054, 0.341084, 0.05, 0.0504587, -0.1876, -0.18207, 0.266251, 1014.44, 23100.8, 10, 2e-20, 3e-20, 2e-20, 2e-20, -1
-0.277537, 0.500545, 0.25782, 0.05, -0.0522914, 0.126365, 0.0536044, 0.146888, 1006.64, 10628.9, 10, 2e-20, 3e-20, 2e-20, 2e-20, -1
-0.214693, 0.502209, 0.282477, 0.05, -0.150218, -0.143513, -0.0203568, 0.208748, 1009.76, 15621.7, 10, 2e-20, 3e-20, 2e-20, 2e-20, -1
-0.240339, 0.470483, 0.230039, 0.05, -0.342286, -0.115723, 0.0506259, 0.364848, 994.304, -9113.31, 10, 2e-20, 3e-20, 2e-20, 2e-20, -1
-0.248743, 0.435403, 0.259779, 0.05, 0.174595, -0.145252, -0.224031, 0.319016, 1009.34, 14946.7, 10, 2e-20, 3e-20, 2e-20, 2e-20, -1
-0.253463, 0.428394, 0.20101, 0.05, -0.328631, -0.122705, 0.0947466, 0.363362, 1006.59, 10550.2, 10, 2e-20, 3e-20, 2e-20, 2e-20, -1
-0.224443, 0.397951, 0.223785, 0.05, -0.24808, 0.218429, -0.125957, 0.353723, 1004.55, 7287.55, 10, 2e-20, 3e-20, 2e-20, 2e-20, -1
-0.273185, 0.459851, 0.320126, 0.05, 0.0944214, -0.239617, -0.19145, 0.320912, 1001.3, 2072.64, 10, 2e-20, 3e-20, 2e-20, 2e-20, -1
-0.293414, 0.441254, 0.368441, 0.05, 0.173603, -0.100479, -0.104272, 0.226068, 998.581, -2270.3, 10, 2e-20, 3e-20, 2e-20, 2e-20, -1
-0.243185, 0.4316, 0.349949, 0.05, -0.18375, 0.304048, 0.0112584, 0.355437, 998.891, -1774.42, 10, 2e-20, 3e-20, 2e-20, 2e-20, -1
-0.269917, 0.40583, 0.299163, 0.05, -0.13206, -0.0444712, -0.0181996, 0.14053, 1010.66, 17061.8, 10, 2e-20, 3e-20, 2e-20, 2e-20, -1
-0.252495, 0.430946, 0.393989, 0.05, -0.206824, -0.0611104, -0.0763621, 0.228783, 1013.68, 21882.4, 10, 2e-20, 3e-20, 2e-20, 2e-20, -1
-0.201731, 0.496229, 0.505035, 0.05, -0.0624586, 0.0286247, -0.107224, 0.127348, 1008.58, 13731.6, 10, 2e-20, 3e-20, 2e-20, 2e-20, -1
-0.204277, 0.502361, 0.597466, 0.05, -0.0372286, -0.176639, -0.017363, 0.181352, 1011.58, 18528.2, 10, 2e-20, 3e-20, 2e-20, 2e-20, -1
-0.216931, 0.444255, 0.473236, 0.05, 0.177135, 0.0205328, 0.101215, 0.205043, 1003.02, 4837.77, 10, 2e-20, 3e-20, 2e-20, 2e-20, -1
-0.229263, 0.380147, 0.369385, 0.05, 0.0418392, -0.0145894, -0.237481, 0.24158, 1011.82, 18904.6, 10, 2e-20, 3e-20, 2e-20, 2e-20, -1
-0.264139, 0.45439, 0.502771, 0.05, -0.0308105, -0.125957, 0.316753, 0.342267, 1003.35, 5361.4, 10, 2e-20, 3e-20, 2e-20, 2e-20, -1
-0.217776, 0.415002, 0.629155, 0.05, -0.182341, -0.0143015, -0.0606719, 0.192702, 1012.17, 19472.2, 10, 2e-20, 3e-20, 2e-20, 2e-20, -1
-0.205071, 0.36396, 0.593395, 0.05, -0.137505, 0.0640043, 0.00546833, 0.15177, 1005.57, 8912.4, 10, 2e-20, 3e-20, 2e-20, 2e-20, -1
-0.24159, 0.453123, 0.671681, 0.05, -0.0842093, -0.0732633, -0.0866676, 0.141315, 1004.12, 6590.79, 10, 2e-20, 3e-20, 2e-20, 2e-20, -1
-0.198948, 0.464896, 0.686414, 0.05, 0.0544221, 0.0554633, -0.00584583, 0.0779238, 995.974, -6441.09, 10, 2e-20, 3e-20, 2e-20, 2e-20, -1
-0.217684, 0.410081, 0.674179, 0.05, 0.00198584, -0.0586051, 0.0690591, 0.0905962, 999.128, -1395.79, 10, 2e-20, 3e-20, 2e-20, 2e-20, -1
-0.167471, 0.387696, 0.620741, 0.05, 0.100324, -0.102787, -0.182863, 0.232528, 1000.3, 480.216, 10, 2e-20, 3e-20, 2e-20, 2e-20, -1
-0.220792, 0.438908, 0.753887, 0.05, 0.0542594, 0.0164449, 0.0355192, 0.0669039, 1006.65, 10633.3, 10, 2e-20, 3e-20, 2e-20, 2e-20, -1
-0.255861, 0.382868, 0.619116, 0.05, -0.0792751, -0.0798327, -0.0448623, 0.121122, 1002.6, 4156.55, 10, 2e-20, 3e-20, 2e-20, 2e-20, -1
-0.320986, 0.46783, 0.922468, 0.05, 0.00340363, 0.0359898, -0.366489, 0.368267, 997.974, -3242.37, 10, 2e-20, 3e-20, 2e-20, 2e-20, -1
-0.343019, 0.453298, 1.05762, 0.05, -0.0310571, 0.424399, -0.0866532, 0.434267, 999.505, -792.676, 10, 2e-20, 3e-20, 2e-20, 2e-20, -1
-0.272356, 0.452382, 0.932636, 0.05, 0.0407724, 0.030751, 0.176426, 0.183669, 1008.28, 13241.6, 10, 2e-20, 3e-20, 2e-20, 2e-20, -1
-0.260884, 0.414832, 0.817898, 0.05, 0.105835, -0.0404899, 0.039198, 0.119904, 995.07, -7887.95, 10, 2e-20, 3e-20, 2e-20, 2e-20, -1
-0.346205, 0.445365, 0.971535, 0.05, -0.0448556, -0.145125, -0.0119851, 0.152371, 999.035, -1543.24, 10, 2e-20, 3e-20, 2e-20, 2e-20, -1
-0.277433, 0.434429, 0.86333, 0.05, 0.108903, -0.0747303, -0.0772041, 0.152987, 998.32, -2688.69, 10, 2e-20, 3e-20, 2e-20, 2e-20, -1
-0.227988, 0.432598, 1.14702, 0.05, 0.0546161, -0.114639, 0.266693, 0.295382, 990.415, -15336.4, 10, 2e-20, 3e-20, 2e-20, 2e-20, -1
-0.245933, 0.420139, 0.90405, 0.05, 0.0157733, 0.0753754, -0.338919, 0.347558, 1000.67, 1067.06, 10, 2e-20, 3e-20, 2e-20, 2e-20, -1
-0.223181, 0.424574, 0.928257, 0.05, -0.0287462, 0.20875, 0.0405271, 0.214582, 995.4, -7360.43, 10, 2e-20, 3e-20, 2e-20, 2e-20, -1
-0.230503, 0.414061, 0.968713, 0.05, -0.193422, 0.25604, 0.117361, 0.341675, 1005.92, 9469.68, 10, 2e-20, 3e-20, 2e-20, 2e-20, -1
-0.206645, 0.399073, 1.01522, 0.05, -0.0377896, -0.00741698, 0.0613104, 0.0724019, 1007.87, 12590.3, 10, 2e-20, 3e-20, 2e-20, 2e-20, -1
-0.206919, 0.406078, 1.2714, 0.05, 0.304971, -0.362256, -0.284587, 0.552473, 999.508, -786.988, 10, 2e-20, 3e-20, 2e-20, 2e-20, -1
-0.169381, 0.357282, 1.15429, 0.05, 0.154464, -0.0521431, -0.0991671, 0.19082, 1001.35, 2153.51, 10, 2e-20, 3e-20, 2e-20, 2e-20, -1
-0.209362, 0.342725, 1.00561, 0.05, -0.185452, 0.00911301, -0.285745, 0.340772, 1003.43, 5490.81, 10, 2e-20, 3e-20, 2e-20, 2e-20, -1
-0.176476, 0.368121, 1.0933, 0.05, -0.172825, 0.364125, -0.0836308, 0.411643, 1004.22, 6745.94, 10, 2e-20, 3e-20, 2e-20, 2e-20, -1
-0.168426, 0.359638, 1.0136, 0.05, -0.0262742, -0.0387355, -0.13854, 0.146233, 998.963, -1658.5, 10, 2e-20, 3e-20, 2e-20, 2e-20, -1
-0.185238, 0.402303, 1.1394, 0.05, -0.248286, 0.244241, -0.166959, 0.386232, 1000.42, 678.052, 10, 2e-20, 3e-20, 2e-20, 2e-20, -1
-0.162686, 0.345149, 1.27144, 0.05, 0.198617, -0.137848, -0.268102, 0.361012, 1000.47, 746.603, 10, 2e-20, 3e-20, 2e-20, 2e-20, -1
-0.143813, 0.308185, 1.12627, 0.05, 0.196138, 0.0551111, 0.0223168, 0.204952, 992.572, -11885.1, 10, 2e-20, 3e-20, 2e-20, 2e-20, -1
-0.224885, 0.352174, 1.27071, 0.05, 0.324711, -0.222024, -0.288768, 0.487975, 999.939, -97.7677, 10, 2e-20, 3e-20, 2e-20, 2e-20, -1
-0.164154, 0.376758, 1.32339, 0.05, 0.0535008, -0.0996735, -0.0541149, 0.125402, 1005.35, 8564.4, 10, 2e-20, 3e-20, 2e-20, 2e-20, -1
-0.190235, 0.323853, 1.19336, 0.05, 0.166037, -0.0723651, -0.113298, 0.213639, 998.921, -1726.61, 10, 2e-20, 3e-20, 2e-20, 2e-20, -1
-0.161237, 0.285785, 1.19823, 0.05, 0.254262, -0.125368, -0.222273, 0.360238, 999.876, -198.372, 10, 2e-20, 3e-20, 2e-20, 2e-20, -1
-0.132048, 0.248168, 1.28442, 0.05, 0.0636714, 0.0512842, -0.0458864, 0.0937533, 992.223, -12443.6, 10, 2e-20, 3e-20, 2e-20, 2e-20, -1
-0.0761255, 0.413921, 1.44254, 0.05, 0.245998, 0.060239, 0.124508, 0.282216, 1000.84, 1349.59, 10, 2e-20, 3e-20, 2e-20, 2e-20, -1
-0.252593, 0.498795, 0.106579, 0.05, -0.0879929, -0.0304754, -0.0913066, 0.130416, 1009.39, 15021.7, 10, 2e-20, 3e-20, 2e-20, 2e-20, -1
-0.236672, 0.498191, 0.162542, 0.05, -0.155581, 0.0371181, -0.231929, 0.281734, 1024.26, 38822.4, 10, 2e-20, 3e-20, 2e-20, 2e-20, -1
-0.330242, 0.494411, 0.243636, 0.05, -0.243901, 0.448524, 0.0211159, 0.510987, 1009.98, 15960.9, 10, 2e-20, 3e-20, 2e-20, 2e-20, -1
-0.333869, 0.494623, 0.371668, 0.05, -0.326268, 0.00339597, 0.0629819, 0.332309, 1020.28, 32445.2, 10, 2e-20, 3e-20, 2e-20, 2e-20, -1
-0.304854, 0.492446, 0.426266, 0.05, -0.0745617, -0.18551, 0.0237673, 0.201341, 1014.23, 22760.8, 10, 2e-20, 3e-20, 2e-20, 2e-20, -1
-0.309899, 0.392193, 0.248127, 0.05, -0.0982218, -0.0685794, 0.136682, 0.181748, 1007.51, 12008.4, 10, 2e-20, 3e-20, 2e-20, 2e-20, -1
-0.229677, 0.443669, 0.301307, 0.05, -0.224526, 0.180075, -0.154467, 0.326648, 1006.15, 9842.85, 10, 2e-20, 3e-20, 2e-20, 2e-20, -1
-0.297856, 0.493493, 0.482755, 0.05, -0.244778, 0.000857254, 0.00802219, 0.244911, 1003.26, 5221.16, 10, 2e-20, 3e-20, 2e-20, 2e-20, -1
-0.287804, 0.49542, 0.663885, 0.05, 0.00322656, 0.0485438, -0.0372557, 0.0612772, 1003.49, 5583.1, 10, 2e-20, 3e-20, 2e-20, 2e-20, -1
-0.277406, 0.493139, 0.808287, 0.05, -0.194367, 0.172887, -0.0545476, 0.265789, 1012.32, 19708.3, 10, 2e-20, 3e-20, 2e-20, 2e-20, -1
-0.351031, 0.495752, 0.488192, 0.05, -0.188195, -0.10185, 0.224971, 0.310488, 1015.51, 24820.8, 10, 2e-20, 3e-20, 2e-20, 2e-20, -1
-0.149363, 0.499171, 0.431181, 0.05, -0.212513, -0.00439788, 0.170452, 0.272462, 1006.81, 10892.9, 10, 2e-20, 3e-20, 2e-20, 2e-20, -1
-0.358598, 0.495567, 0.968985, 0.05, -0.0749017, -0.414347, -0.213272, 0.471995, 1014.14, 22620.4, 10, 2e-20, 3e-20, 2e-20, 2e-20, -1
-0.172708, 0.502214, 0.71873, 0.05, -0.0894374, 0.0870227, 0.0820809, 0.149363, 1005.17, 8268.77, 10, 2e-20, 3e-20, 2e-20, 2e-20, -1
-0.206121, 0.496961, 0.890213, 0.05, -0.0737155, 0.100585, -0.031038, 0.128509, 1003.12, 4984.35, 10, 2e-20, 3e-20, 2e-20, 2e-20, -1
-0.199946, 0.454917, 0.603123, 0.05, -0.0956332, -0.0603912, -0.0655925, 0.130749, 1007.52, 12028.5, 10, 2e-20, 3e-20, 2e-20, 2e-20, -1
-0.231589, 0.496368, 0.772049, 0.05, 0.121409, 0.134005, 0.0747226, 0.195655, 997.81, -3504.28, 10, 2e-20, 3e-20, 2e-20, 2e-20, -1
-0.235662, 0.495606, 0.943715, 0.05, 0.131697, -0.218159, -0.0548268, 0.26066, 1013.12, 20984.8, 10, 2e-20, 3e-20, 2e-20, 2e-20, -1
-0.258765, 0.498503, 0.859561, 0.05, -0.0874921, -0.0291789, -0.0288979, 0.0966507, 1010.17, 16271.6, 10, 2e-20, 3e-20, 2e-20, 2e-20, -1
-0.190355, 0.44941, 0.866251, 0.05, -0.0461838, -0.100851, -0.00427424, 0.111006, 1006.19, 9908.34, 10, 2e-20, 3e-20, 2e-20, 2e-20, -1
-0.254855, 0.473664, 1.30407, 0.05, 0.135491, 0.0141092, 0.0768368, 0.156399, 998.283, -2746.97, 10, 2e-20, 3e-20, 2e-20, 2e-20, -1
-0.236253, 0.458129, 0.805889, 0.05, 0.110144, 0.0904975, -0.0197117, 0.14391, 1005.4, 8632.16, 10, 2e-20, 3e-20, 2e-20, 2e-20, -1
-0.246671, 0.496667, 1.06725, 0.05, -0.232375, 0.958058, 0.665722, 1.18956, 1008.56, 13693.9, 10, 2e-20, 3e-20, 2e-20, 2e-20, -1
-0.310458, 0.501308, 1.00349, 0.05, -0.244041, 0.290032, 0.442019, 0.582284, 1012.42, 19874.3, 10, 2e-20, 3e-20, 2e-20, 2e-20, -1
-0.248905, 0.472146, 0.887313, 0.05, -0.0849991, -0.0315295, -0.0892638, 0.127228, 1004.65, 7433.03, 10, 2e-20, 3e-20, 2e-20, 2e-20, -1
-0.271516, 0.485791, 1.16503, 0.05, -0.33447, 1.59683, -0.245703, 1.64988, 1003.74, 5978.05, 10, 2e-20, 3e-20, 2e-20, 2e-20, -1
-0.244564, 0.497592, 0.999981, 0.05, -0.108036, 0.360929, 0.184453, 0.419481, 1006.79, 10858.5, 10, 2e-20, 3e-20, 2e-20, 2e-20, -1
-0.0631636, 0.497454, 1.25922, 0.05, 0.176666, 0.1961, -0.112032, 0.286735, 996.453, -5675.33, 10, 2e-20, 3e-20, 2e-20, 2e-20, -1
-0.279688, 0.49627, 1.21894, 0.05, 0.281251, 0.210492, -0.42134, 0.548577, 1001.98, 3163.32, 10, 2e-20, 3e-20, 2e-20, 2e-20, -1
-0.323893, 0.508324, 1.08564, 0.05, -0.818101, 1.12956, -0.119748, 1.39984, 973.478, -42434.7, 10, 2e-20, 3e-20, 2e-20, 2e-20, -1
-0.861767, -0.438602, 1.48372, 0.05, -0.0314025, 0.0222096, 0.0549404, 0.0670658, 1008, 12792.8, 10, 2e-20, 3e-20, 2e-20, 2e-20, -1
-0.230995, 0.506446, 1.27568, 0.05, 0.188477, -0.313233, -0.298504, 0.471957, 1002.86, 4571.51, 10, 2e-20, 3e-20, 2e-20, 2e-20, -1
-0.0539295, 0.373453, 1.22228, 0.05, 0.0729444, -0.0077946, -0.145542, 0.162985, 993.177, -10916.4, 10, 2e-20, 3e-20, 2e-20, 2e-20, -1
0.217721, 0.364022, 1.31554, 0.05, -0.0350007, -0.033074, 0.0705458, 0.0854145, 1000.66, 1056.35, 10, 2e-20, 3e-20, 2e-20, 2e-20, -1
-0.153432, 0.445847, 1.33739, 0.05, 0.0860328, -0.245017, 0.238532, 0.352608, 997.226, -4437.82, 10, 2e-20, 3e-20, 2e-20, 2e-20, -1
-0.377789, 0.506125, 1.33681, 0.05, -1.16141, -0.801642, -1.24198, 1.8799, 1029.48, 47173.2, 10, 2e-20, 3e-20, 2e-20, 2e-20, -1
-0.17197, 0.501415, 1.31134, 0.05, -0.000515575, -0.0420443, -0.0455572, 0.0619956, 1006.44, 10308.5, 10, 2e-20, 3e-20, 2e-20, 2e-20, -1
-0.0930515, 0.418893, 1.30063, 0.05, -0.0373939, -0.0923931, -0.0438499, 0.108893, 1002.53, 4041.42, 10, 2e-20, 3e-20, 2e-20, 2e-20, -1
-0.124948, 0.429369, 1.39112, 0.05, -0.080446, 0.118209, -0.076009, 0.161933, 1002.73, 4363.08, 10, 2e-20, 3e-20, 2e-20, 2e-20, -1
0.741093, -0.254382, 1.34211, 0.05, -0.299024, 0.0107557, -0.0811732, 0.310032, 1001.67, 2677.54, 10, 2e-20, 3e-20, 2e-20, 2e-20, -1
-0.235831, 0.371152, 1.20308, 0.05, 0.132492, 0.0440809, 0.165456, 0.216501, 1000.83, 1333.66, 10, 2e-20, 3e-20, 2e-20, 2e-20, -1
-0.233712, 0.388406, 1.31713, 0.05, 0.415637, -0.144742, -0.105398, 0.452563, 1004.18, 6691.76, 10, 2e-20, 3e-20, 2e-20, 2e-20, -1
-0.198876, 0.268434, 1.27957, 0.05, 0.16873, -0.197649, 0.0605772, 0.266842, 1005.08, 8134.36, 10, 2e-20, 3e-20, 2e-20, 2e-20, -1
-0.358348, 0.0081497, 1.33651, 0.05, 0.0639591, 0.0329415, 0.265607, 0.275178, 994.083, -9466.52, 10, 2e-20, 3e-20, 2e-20, 2e-20, -1
-0.527264, 0.386132, 1.3354, 0.05, 0.248173, -0.207163, -0.377435, 0.496954, 998.117, -3013.52, 10, 2e-20, 3e-20, 2e-20, 2e-20, -1
-0.528682, 0.337834, 1.35863, 0.05, 0.21782, -0.307552, -0.314405, 0.4908, 1001.44, 2309.15, 10, 2e-20, 3e-20, 2e-20, 2e-20, -1
-0.252198, 0.260721, 1.24941, 0.05, 0.134664, -0.0219657, -0.272161, 0.304448, 996.049, -6321.4, 10, 2e-20, 3e-20, 2e-20, 2e-20, -1
-0.27456, 0.40314, 1.38929, 0.05, 0.189252, -0.128372, -0.215124, 0.313965, 990.914, -14538.4, 10, 2e-20, 3e-20, 2e-20, 2e-20, -1
-0.217135, 0.354091, 1.3321, 0.05, 0.228218, -0.17325, -0.0519538, 0.291202, 991.304, -13913.2, 10, 2e-20, 3e-20, 2e-20, 2e-20, -1
-0.241874, 0.400256, 1.29991, 0.05, 0.228718, 0.0849711, -0.447183, 0.509416, 1001.96, 3139.79, 10, 2e-20, 3e-20, 2e-20, 2e-20, -1
-0.0197624, 0.385516, 1.46151, 0.05, 0.063125, 0.0520548, 0.109979, 0.137076, 998.996, -1606.85, 10, 2e-20, 3e-20, 2e-20, 2e-20, -1
-0.144015, -0.445822, 0.0551321, 0.05, -0.139695, 0.0353423, -0.0794859, 0.164566, 1005.06, 8101.34, 10, 2e-20, 3e-20, 2e-20, 2e-20, -1
-0.159939, -0.494943, 0.0618018, 0.05, -0.134822, 0.0376177, -0.161019, 0.213353, 1005.83, 9328.22, 10, 2e-20, 3e-20, 2e-20, 2e-20, -1
-0.164502, -0.493795, 0.116164, 0.05, -0.320037, -0.220487, 0.0900164, 0.398925, 1009.62, 15385.8, 10, 2e-20, 3e-20, 2e-20, 2e-20, -1
-0.172266, -0.498644, 0.184535, 0.05, -0.0985795, -0.0707383, -0.040847, 0.128025, 1010.33, 16523, 10, 2e-20, 3e-20, 2e-20, 2e-20, -1
-0.123579, -0.499266, 0.313517, 0.05, 0.0958816, -0.092265, -0.000405052, 0.133065, 1003.54, 5664.58, 10, 2e-20, 3e-20, 2e-20, 2e-20, -1
-0.174859, -0.495994, 0.245733, 0.05, -0.0588144, -0.137772, -0.302996, 0.338004, 1011.43, 18289.8, 10, 2e-20, 3e-20, 2e-20, 2e-20, -1
-0.106513, -0.497492, 0.438601, 0.05, -0.197332, 0.0629386, 0.155399, 0.25894, 1010.96, 17532.1, 10, 2e-20, 3e-20, 2e-20, 2e-20, -1
-0.133629, -0.496376, 0.498234, 0.05, -0.0205345, 0.0347979, 0.0455012, 0.0608516, 1006.41, 10258.1, 10, 2e-20, 3e-20, 2e-20, 2e-20, -1
-0.166792, -0.500363, 0.430611, 0.05, -0.163295, 0.0426024, 0.0857862, 0.189313, 1006.48, 10364.8, 10, 2e-20, 3e-20, 2e-20, 2e-20, -1
-0.178781, -0.492514, 0.540461, 0.05, -0.0271464, -0.11166, 0.104889, 0.155585, 1009.87, 15785.2, 10, 2e-20, 3e-20, 2e-20, 2e-20, -1
-0.233343, -0.495747, 0.639899, 0.05, 0.0123729, 0.0313042, 0.0926328, 0.098559, 1004.74, 7580.7, 10, 2e-20, 3e-20, 2e-20, 2e-20, -1
-0.171881, -0.494365, 0.737013, 0.05, -0.109337, -0.00838341, 0.0503049, 0.120646, 1009.27, 14837.5, 10, 2e-20, 3e-20, 2e-20, 2e-20, -1
-0.149518, -0.493421, 0.936218, 0.05, -0.193033, -0.055394, 0.234326, 0.308608, 1007.05, 11281.6, 10, 2e-20, 3e-20, 2e-20, 2e-20, -1
-0.202949, -0.494959, 0.912626, 0.05, 0.131834, 0.0424484, 0.271177, 0.304498, 999.915, -135.64, 10, 2e-20, 3e-20, 2e-20, 2e-20, -1
-0.199137, -0.471038, 0.670875, 0.05, 0.0349478, -0.0459723, 5.71132e-05, 0.0577478, 997.822, -3484.91, 10, 2e-20, 3e-20, 2e-20, 2e-20, -1
-0.256377, -0.494156, 1.08233, 0.05, 0.00899536, 0.0236007, 0.314904, 0.315915, 1006.33, 10133.6, 10, 2e-20, 3e-20, 2e-20, 2e-20, -1
-0.172128, -0.445692, 0.706319, 0.05, -0.105158, -0.0627585, 0.0939691, 0.15436, 999.768, -371.502, 10, 2e-20, 3e-20, 2e-20, 2e-20, -1
-0.202241, -0.493066, 1.10608, 0.05, 0.11965, 0.0444995, 0.178279, 0.219271, 1003.98, 6373.58, 10, 2e-20, 3e-20, 2e-20, 2e-20, -1
-0.182704, -0.462394, 0.788293, 0.05, -0.16843, -0.248426, -0.19404, 0.357401, 1005.35, 8563.28, 10, 2e-20, 3e-20, 2e-20, 2e-20, -1
-0.253272, -0.481497, 1.02924, 0.05, -0.197444, -0.220557, 0.25612, 0.391442, 1004.28, 6849.81, 10, 2e-20, 3e-20, 2e-20, 2e-20, -1
-0.159769, -0.495289, 1.06968, 0.05, 0.0408847, -0.0197587, 0.161088, 0.167366, 1002.97, 4758.03, 10, 2e-20, 3e-20, 2e-20, 2e-20, -1
-0.20394, -0.498082, 0.96843, 0.05, 0.170402, 0.0391519, 0.116385, 0.210036, 999.897, -164.974, 10, 2e-20, 3e-20, 2e-20, 2e-20, -1
-0.104013, -0.496092, 1.06014, 0.05, 0.0272228, -0.0113233, 0.124948, 0.12838, 1002.58, 4130.65, 10, 2e-20, 3e-20, 2e-20, 2e-20, -1
-0.254963, -0.498419, 1.2354, 0.05, 0.0109191, 0.0702298, 0.21238, 0.223956, 1000.27, 429.206, 10, 2e-20, 3e-20, 2e-20, 2e-20, -1
-0.132133, -0.495855, 1.11971, 0.05, -0.074663, -0.0378812, 0.121085, 0.147211, 1008.11, 12982.1, 10, 2e-20, 3e-20, 2e-20, 2e-20, -1
-0.228829, -0.4608, 1.25313, 0.05, -0.035533, 0.0373529, 0.269069, 0.273964, 1001.33, 2132.13, 10, 2e-20, 3e-20, 2e-20, 2e-20, -1
-0.218895, -0.448036, 1.08169, 0.05, -0.074121, 0.0878128, 0.285716, 0.307959, 1002.79, 4466.81, 10, 2e-20, 3e-20, 2e-20, 2e-20, -1
-0.14637, -0.445982, 1.11963, 0.05, 0.0338186, 0.0808235, 0.119542, 0.148211, 1001.34, 2137.2, 10, 2e-20, 3e-20, 2e-20, 2e-20, -1
-0.342375, -0.458066, 1.37145, 0.05, -0.0701503, -0.0453536, 0.343969, 0.353967, 1000.92, 1470.16, 10, 2e-20, 3e-20, 2e-20, 2e-20, -1
-0.280446, -0.497484, 1.29379, 0.05, 0.0498967, 0.0662776, 0.268995, 0.281498, 996.938, -4899.58, 10, 2e-20, 3e-20, 2e-20, 2e-20, -1
-0.0472865, -0.393483, 1.23437, 0.05, -0.0491244, 0.0712908, 0.341938, 0.352729, 1000.19, 300.387, 10, 2e-20, 3e-20, 2e-20, 2e-20, -1
-0.155818, -0.454716, 1.26932, 0.05, -0.0488786, -0.0598646, 0.312816, 0.322221, 997.729, -3633.58, 10, 2e-20, 3e-20, 2e-20, 2e-20, -1
-0.245775, -0.419694, 1.19618, 0.05, 0.0676884, -0.0745411, 0.220855, 0.242724, 1003.74, 5987.27, 10, 2e-20, 3e-20, 2e-20, 2e-20, -1
-0.207719, -0.483539, 1.32498, 0.05, -0.0614421, -0.0274066, 0.390329, 0.396085, 997.347, -4244.58, 10, 2e-20, 3e-20, 2e-20, 2e-20, -1
-0.186665, -0.45489, 1.31933, 0.05, -0.0737209, -0.068439, 0.247945, 0.267574, 1003.97, 6347.66, 10, 2e-20, 3e-20, 2e-20, 2e-20, -1
-0.149749, -0.39538, 1.17286, 0.05, -0.139344, 0.000687728, 0.226194, 0.26567, 1001.88, 3009.22, 10, 2e-20, 3e-20, 2e-20, 2e-20, -1
-0.28537, -0.487786, 1.35019, 0.05, 0.163857, -0.140222, 0.317262, 0.383623, 996.679, -5314.2, 10, 2e-20, 3e-20, 2e-20, 2e-20, -1
-0.247588, -0.455761, 1.30905, 0.05, 0.0314786, -0.0453158, 0.417571, 0.4212, 1001.44, 2310.4, 10, 2e-20, 3e-20, 2e-20, 2e-20, -1
-0.0863205, -0.379981, 1.26603, 0.05, 0.00643, -0.0237421, 0.24463, 0.245863, 1002.2, 3521.42, 10, 2e-20, 3e-20, 2e-20, 2e-20, -1
-0.181255, -0.366297, 1.1389, 0.05, 0.0267956, -0.0730515, 0.0836255, 0.114227, 1002.29, 3664.21, 10, 2e-20, 3e-20, 2e-20, 2e-20, -1
-0.163993, -0.506896, 1.33929, 0.05, -0.164366, 0.179207, 0.0997221, 0.262822, 996.077, -6277.08, 10, 2e-20, 3e-20, 2e-20, 2e-20, -1
-0.143779, -0.445456, 1.34876, 0.05, -0.183711, -0.152036, 0.235333, 0.335031, 1002.9, 4637.63, 10, 2e-20, 3e-20, 2e-20, 2e-20, -1
-0.239367, -0.499684, 1.35362, 0.05, 0.0253867, -0.161702, 0.168081, 0.234613, 997.327, -4276.57, 10, 2e-20, 3e-20, 2e-20, 2e-20, -1
-0.257589, -0.380312, 1.26134, 0.05, -0.0302395, -0.016649, 0.317178, 0.319051, 998.159, -2945.37, 10, 2e-20, 3e-20, 2e-20, 2e-20, -1
-0.17878, -0.281339, 1.34558, 0.05, 0.257577, -0.137752, 0.130126, 0.319772, 994.472, -8844.27, 10, 2e-20, 3e-20, 2e-20, 2e-20, -1
-0.138987, -0.30632, 1.40544, 0.05, -0.0472352, -0.11242, 0.274631, 0.300486, 1002.99, 4785.67, 10, 2e-20, 3e-20, 2e-20, 2e-20, -1
-0.186107, -0.323279, 1.37521, 0.05, -0.0274909, -0.244374, 0.266016, 0.362269, 999.513, -778.701, 10, 2e-20, 3e-20, 2e-20, 2e-20, -1
-0.167788, -0.389578, 1.36363, 0.05, -0.153472, 0.0181605, 0.309118, 0.345597, 1003.92, 6265, 10, 2e-20, 3e-20, 2e-20, 2e-20, -1
-0.115689, -0.309318, 1.37745, 0.05, 0.0338933, -0.0204596, 0.16723, 0.171853, 1004.23, 6765.47, 10, 2e-20, 3e-20, 2e-20, 2e-20, -1
-0.194917, -0.361342, 1.32222, 0.05, -0.0682189, -0.10081, 0.354893, 0.375187, 997.604, -3833.45, 10, 2e-20, 3e-20, 2e-20, 2e-20, -1
-0.0819175, -0.498674, 1.47977, 0.05, -0.0742038, 0.153874, 0.430633, 0.463279, 1013.88, 22205.9, 10, 2e-20, 3e-20, 2e-20, 2e-20, -1
-0.122868, -0.403638, 0.0455583, 0.05, 0.0193646, -0.146897, 0.0496216, 0.156256, 1007.08, 11330.2, 10, 2e-20, 3e-20, 2e-20, 2e-20, -1
-0.150606, -0.430416, 0.103828, 0.05, 0.065398, -0.0444972, -0.257711, 0.269577, 1005.31, 8502.17, 10, 2e-20, 3e-20, 2e-20, 2e-20, -1
-0.20736, -0.43491, 0.163817, 0.05, 0.0246617, -0.0115935, 0.172507, 0.174646, 1004.14, 6626.72, 10, 2e-20, 3e-20, 2e-20, 2e-20, -1
-0.165783, -0.454272, 0.158734, 0.05, 0.0472838, 0.139984, -0.0232265, 0.149569, 1008.78, 14052.7, 10, 2e-20, 3e-20, 2e-20, 2e-20, -1
-0.151216, -0.446399, 0.246122, 0.05, 0.19534, 0.0704615, -0.0661828, 0.217951, 1001.4, 2242.87, 10, 2e-20, 3e-20, 2e-20, 2e-20, -1
-0.118774, -0.447521, 0.338914, 0.05, -0.122172, 0.0615391, -0.014095, 0.13752, 1000.31, 496.354, 10, 2e-20, 3e-20, 2e-20, 2e-20, -1
-0.136849, -0.452622, 0.288951, 0.05, -0.15523, -0.0732155, -0.0599419, 0.181797, 1008.05, 12877.4, 10, 2e-20, 3e-20, 2e-20, 2e-20, -1
-0.16081, -0.465191, 0.377796, 0.05, 0.0235338, -0.0454225, 0.0325717, 0.0606462, 999.81, -303.304, 10, 2e-20, 3e-20, 2e-20, 2e-20, -1
-0.0860583, -0.453335, 0.433466, 0.05, -0.0769419, 0.0497164, 0.0548638, 0.106779, 1005.17, 8268.14, 10, 2e-20, 3e-20, 2e-20, 2e-20, -1
-0.175867, -0.431926, 0.405765, 0.05, -0.0543839, 0.0559267, -0.0294253, 0.0833742, 1008.62, 13793.6, 10, 2e-20, 3e-20, 2e-20, 2e-20, -1
-0.191515, -0.451556, 0.456582, 0.05, 0.127074, -0.118066, -0.133213, 0.218708, 1002.15, 3435.03, 10, 2e-20, 3e-20, 2e-20, 2e-20, -1
-0.186823, -0.438252, 0.509059, 0.05, -0.0747089, 0.053666, -0.0846915, 0.125036, 1001.57, 2509.44, 10, 2e-20, 3e-20, 2e-20, 2e-20, -1
-0.156464, -0.43304, 0.476819, 0.05, -0.0242243, -0.25626, 0.0907143, 0.27292, 1003.6, 5767.32, 10, 2e-20, 3e-20, 2e-20, 2e-20, -1
-0.179388, -0.39161, 0.433618, 0.05, 0.00737312, 0.0162836, -0.0322404, 0.0368641, 997.434, -4106.38, 10, 2e-20, 3e-20, 2e-20, 2e-20, -1
-0.108394, -0.427128, 0.478854, 0.05, -0.00320165, 0.0640789, 0.00809865, 0.0646679, 1002.9, 4637.12, 10, 2e-20, 3e-20, 2e-20, 2e-20, -1
-0.136058, -0.38239, 0.406315, 0.05, 0.0293512, -0.00551395, 0.13635, 0.139582, 1000.25, 405.627, 10, 2e-20, 3e-20, 2e-20, 2e-20, -1
-0.173575, -0.446362, 0.556321, 0.05, -0.156473, -0.0295153, 0.0612725, 0.170615, 1006.96, 11130, 10, 2e-20, 3e-20, 2e-20, 2e-20, -1
-0.134, -0.383263, 0.461454, 0.05, 0.0680412, 0.0963172, 0.0186528, 0.119392, 1006.56, 10490.4, 10, 2e-20, 3e-20, 2e-20, 2e-20, -1
-0.189394, -0.335682, 0.457455, 0.05, 0.0360665, -0.0420891, 0.0320336, 0.0640191, 1002.54, 4071.18, 10, 2e-20, 3e-20, 2e-20, 2e-20, -1
-0.154879, -0.399732, 0.514118, 0.05, 0.127933, -0.0746497, 0.154944, 0.214352, 1003.06, 4896.46, 10, 2e-20, 3e-20, 2e-20, 2e-20, -1
-0.169681, -0.434128, 0.594654, 0.05, -0.151311, 0.0691638, 0.099246, 0.193722, 1008.21, 13132.6, 10, 2e-20, 3e-20, 2e-20, 2e-20, -1
-0.175761, -0.400906, 0.682644, 0.05, -0.111768, -0.0252791, 0.0533112, 0.126385, 998.611, -2221.74, 10, 2e-20, 3e-20, 2e-20, 2e-20, -1
-0.222779, -0.400602, 0.704534, 0.05, -0.0214031, -0.133632, 0.0938974, 0.164719, 1003.86, 6172.91, 10, 2e-20, 3e-20, 2e-20, 2e-20, -1
-0.201364, -0.417877, 0.799625, 0.05, -0.100087, 0.134384, -0.0734189, 0.182939, 1003.26, 5212.8, 10, 2e-20, 3e-20, 2e-20, 2e-20, -1
-0.210679, -0.447817, 0.95982, 0.05, 0.0305743, -0.0878236, 0.148678, 0.175365, 1005.24, 8382.56, 10, 2e-20, 3e-20, 2e-20, 2e-20, -1
-0.18319, -0.40835, 0.84526, 0.05, -0.0124548, -0.0208676, 0.215291, 0.216658, 1002.24, 3582.64, 10, 2e-20, 3e-20, 2e-20, 2e-20, -1
-0.164295, -0.37811, 0.801642, 0.05, -0.06422, 0.051444, -0.0146861, 0.0835845, 997.231, -4429.62, 10, 2e-20, 3e-20, 2e-20, 2e-20, -1
-0.208882, -0.324804, 0.747066, 0.05, 0.000423451, -0.0334004, 0.172053, 0.175266, 1003.1, 4959.89, 10, 2e-20, 3e-20, 2e-20, 2e-20, -1
-0.113004, -0.359657, 0.803816, 0.05, 0.0243648, -0.0231975, -0.00248838, 0.0337336, 1002.52, 4025.21, 10, 2e-20, 3e-20, 2e-20, 2e-20, -1
-0.180658, -0.401442, 0.933568, 0.05, 0.0661905, -0.0318948, 0.11641, 0.137658, 999.757, -388.428, 10, 2e-20, 3e-20, 2e-20, 2e-20, -1
-0.207277, -0.395559, 0.978926, 0.05, 0.0592419, -0.0212487, 0.215524, 0.224525, 1001.6, 2554.02, 10, 2e-20, 3e-20, 2e-20, 2e-20, -1
-0.140756, -0.36514, 0.923907, 0.05, 0.0617919, -0.0226572, 0.0968644, 0.117108, 1004.91, 7862.8, 10, 2e-20, 3e-20, 2e-20, 2e-20, -1
-0.180936, -0.326364, 0.819502, 0.05, -0.000298454, 0.0813236, 0.0442086, 0.0925636, 1000.33, 529.037, 10, 2e-20, 3e-20, 2e-20, 2e-20, -1
-0.150764, -0.334198, 0.882898, 0.05, -0.0379559, -0.0682766, 0.253339, 0.26511, 997.896, -3366.69, 10, 2e-20, 3e-20, 2e-20, 2e-20, -1
-0.159627, -0.373073, 0.978286, 0.05, 0.108896, -0.0828154, 0.128626, 0.18778, 1000.07, 116.733, 10, 2e-20, 3e-20, 2e-20, 2e-20, -1
-0.256703, -0.420269, 1.0842, 0.05, 0.0351824, -0.169022, 0.0498017, 0.179684, 1000.89, 1431.94, 10, 2e-20, 3e-20, 2e-20, 2e-20, -1
-0.240602, -0.419701, 1.03922, 0.05, -0.0444888, -0.114509, 0.272475, 0.298888, 1001.62, 2593.33, 10, 2e-20, 3e-20, 2e-20, 2e-20, -1
-0.21116, -0.400561, 1.08087, 0.05, 0.0440507, -0.0883787, 0.0847814, 0.13015, 1003.74, 5981.1, 10, 2e-20, 3e-20, 2e-20, 2e-20, -1
-0.213355, -0.400598, 1.14348, 0.05, 0.0827691, -0.00264216, 0.161828, 0.181786, 1001.69, 2696.93, 10, 2e-20, 3e-20, 2e-20, 2e-20, -1
-0.201976, -0.358376, 1.09031, 0.05, 0.0881729, -0.127233, 0.153506, 0.218006, 1003.81, 6101.73, 10, 2e-20, 3e-20, 2e-20, 2e-20, -1
-0.225042, -0.370094, 1.0462, 0.05, 0.104711, -0.123228, 0.0123998, 0.162183, 1002.87, 4593.34, 10, 2e-20, 3e-20, 2e-20, 2e-20, -1
-0.18573, -0.332579, 1.05333, 0.05, 0.00404518, -0.0509367, 0.00674792, 0.0515407, 1004.41, 7063.75, 10, 2e-20, 3e-20, 2e-20, 2e-20, -1
-0.190703, -0.379693, 1.19261, 0.05, 0.193541, -0.0114952, 0.221427, 0.294313, 997.362, -4220.09, 10, 2e-20, 3e-20, 2e-20, 2e-20, -1
-0.179658, -0.491359, 1.39971, 0.05, -0.0183059, -0.13989, 0.234466, 0.27364, 1000.63, 1005.92, 10, 2e-20, 3e-20, 2e-20, 2e-20, -1
-0.21392, -0.383085, 1.23603, 0.05, 0.143666, -0.0669731, 0.164151, 0.228191, 1005.19, 8300.98, 10, 2e-20, 3e-20, 2e-20, 2e-20, -1
-0.132494, -0.309639, 1.18177, 0.05, -0.0083761, -0.0184949, 0.142928, 0.144363, 1001.25, 1993.9, 10, 2e-20, 3e-20, 2e-20, 2e-20, -1
-0.182784, -0.367732, 1.27325, 0.05, 0.0183805, -0.0921165, 0.258774, 0.275295, 1003.57, 5708.15, 10, 2e-20, 3e-20, 2e-20, 2e-20, -1
-0.148786, -0.327464, 1.23084, 0.05, -0.133453, 0.0571965, 0.272946, 0.309161, 1002.24, 3580.91, 10, 2e-20, 3e-20, 2e-20, 2e-20, -1
-0.0961168, -0.310206, 1.24159, 0.05, -0.0181945, -0.00763717, 0.148355, 0.149661, 1002.02, 3233.21, 10, 2e-20, 3e-20, 2e-20, 2e-20, -1
-0.115735, -0.321957, 1.27355, 0.05, -0.0186002, -0.075103, 0.146948, 0.166073, 999.46, -864.735, 10, 2e-20, 3e-20, 2e-20, 2e-20, -1
-0.0814282, -0.27049, 1.23896, 0.05, -0.10067, -0.085333, 0.0991988, 0.165096, 1000.66, 1052.31, 10, 2e-20, 3e-20, 2e-20, 2e-20, -1
-0.181714, -0.393102, 0.0482383, 0.05, 0.0127995, -0.29672, -0.0718051, 0.305553, 1007.76, 12409.1, 10, 2e-20, 3e-20, 2e-20, 2e-20, -1
-0.191408, -0.405788, 0.109297, 0.05, 0.0953696, 0.192141, -0.226373, 0.311863, 1008.73, 13971, 10, 2e-20, 3e-20, 2e-20, 2e-20, -1
-0.247679, -0.389406, 0.113456, 0.05, -0.0400566, -0.0687383, 0.10931, 0.135197, 1007.22, 11548.1, 10, 2e-20, 3e-20, 2e-20, 2e-20, -1
-0.225249, -0.390175, 0.161412, 0.05, -0.0330563, -0.0989705, 0.0432451, 0.112951, 1015.25, 24398.2, 10, 2e-20, 3e-20, 2e-20, 2e-20, -1
-0.189646, -0.422661, 0.223922, 0.05, 0.0675139, -0.242196, 0.0197334, 0.252204, 1008.86, 14181.2, 10, 2e-20, 3e-20, 2e-20, 2e-20, -1
-0.212007, -0.368143, 0.202668, 0.05, -0.223751, -0.272648, -0.0498084, 0.356205, 999.184, -1305.1, 10, 2e-20, 3e-20, 2e-20, 2e-20, -1
-0.118221, -0.323338, 0.188919, 0.05, -0.0563038, -0.200362, -0.0740768, 0.220913, 1010.86, 17376.7, 10, 2e-20, 3e-20, 2e-20, 2e-20, -1
-0.166515, -0.378773, 0.227124, 0.05, -0.026277, -0.0187864, -0.0708423, 0.0778591, 1005.86, 9378.59, 10, 2e-20, 3e-20, 2e-20, 2e-20, -1
-0.149411, -0.403247, 0.283542, 0.05, -0.25721, -0.0107705, -0.0436259, 0.261105, 1003.74, 5982.82, 10, 2e-20, 3e-20, 2e-20, 2e-20, -1
-0.191676, -0.365516, 0.273097, 0.05, 0.0907416, -0.075688, -0.0139125, 0.11898, 1001.02, 1626.77, 10, 2e-20, 3e-20, 2e-20, 2e-20, -1
-0.144687, -0.367029, 0.311875, 0.05, -0.00103551, -0.225272, -0.0850439, 0.240793, 1008.39, 13427.7, 10, 2e-20, 3e-20, 2e-20, 2e-20, -1
-0.137113, -0.407978, 0.359561, 0.05, -0.00499783, -0.0651175, -0.109799, 0.127754, 1007.54, 12066.4, 10, 2e-20, 3e-20, 2e-20, 2e-20, -1
-0.166507, -0.323958, 0.309083, 0.05, -0.130543, 0.0453874, -0.0188014, 0.139481, 1009.6, 15354.3, 10, 2e-20, 3e-20, 2e-20, 2e-20, -1
-0.164704, -0.342353, 0.354263, 0.05, -0.0345318, -0.110938, 0.11017, 0.160116, 1001.13, 1808.22, 10, 2e-20, 3e-20, 2e-20, 2e-20, -1
-0.218805, -0.348674, 0.372664, 0.05, 0.0428224, -0.0490758, 0.0800712, 0.103216, 1004.91, 7862.63, 10, 2e-20, 3e-20, 2e-20, 2e-20, -1
-0.248098, -0.292909, 0.370493, 0.05, -0.0945847, -0.0368814, -0.0290776, 0.105603, 999.814, -298.141, 10, 2e-20, 3e-20, 2e-20, 2e-20, -1
-0.173687, -0.343859, 0.403538, 0.05, -0.000548594, -0.244528, -0.0606887, 0.251948, 1004.41, 7052.72, 10, 2e-20, 3e-20, 2e-20, 2e-20, -1
-0.20735, -0.303001, 0.396516, 0.05, -0.152969, -0.00960073, -0.0725627, 0.169579, 1010.76, 17210.8, 10, 2e-20, 3e-20, 2e-20, 2e-20, -1
-0.164129, -0.30059, 0.426793, 0.05, 0.0553777, -0.0353131, 0.0218385, 0.0692144, 1006.53, 10443.1, 10, 2e-20, 3e-20, 2e-20, 2e-20, -1
-0.240935, -0.325426, 0.460147, 0.05, 0.00120094, -0.0130898, -0.0860118, 0.0870105, 1005.35, 8558.76, 10, 2e-20, 3e-20, 2e-20, 2e-20, -1
-0.165433, -0.362129, 0.539451, 0.05, -0.0328286, -0.0243073, 0.107205, 0.114724, 1009.16, 14648.4, 10, 2e-20, 3e-20, 2e-20, 2e-20, -1
-0.184309, -0.380644, 0.598048, 0.05, -0.0708393, -0.187403, 0.0664731, 0.211084, 1003.45, 5520.5, 10, 2e-20, 3e-20, 2e-20, 2e-20, -1
-0.227408, -0.36829, 0.601655, 0.05, 0.0760807, 0.139622, 0.0911608, 0.183283, 1008.87, 14194.9, 10, 2e-20, 3e-20, 2e-20, 2e-20, -1
-0.197085, -0.322391, 0.597236, 0.05, -0.100201, -0.138026, -0.0107325, 0.170899, 1005.47, 8755.87, 10, 2e-20, 3e-20, 2e-20, 2e-20, -1
-0.191767, -0.418837, 0.74316, 0.05, -0.064762, 0.0268102, 0.0509281, 0.0866404, 999.518, -771.563, 10, 2e-20, 3e-20, 2e-20, 2e-20, -1
-0.170673, -0.443181, 0.923668, 0.05, -0.00402483, -0.264415, 0.234571, 0.35349, 1001.52, 2430.04, 10, 2e-20, 3e-20, 2e-20, 2e-20, -1
-0.217317, -0.337132, 0.649655, 0.05, -0.13404, -0.0667464, 0.00947215, 0.150038, 1000.61, 979.467, 10, 2e-20, 3e-20, 2e-20, 2e-20, -1
-0.143138, -0.373935, 0.753469, 0.05, -0.0097586, -0.0723623, 0.0458022, 0.0861938, 1004.69, 7496.11, 10, 2e-20, 3e-20, 2e-20, 2e-20, -1
-0.241458, -0.309748, 0.684156, 0.05, -0.0688829, 0.035001, -0.00620994, 0.0775144, 1002.91, 4649.43, 10, 2e-20, 3e-20, 2e-20, 2e-20, -1
-0.16548, -0.332407, 0.769088, 0.05, 0.0131119, -0.0120161, 0.140353, 0.141476, 999.869, -208.817, 10, 2e-20, 3e-20, 2e-20, 2e-20, -1
-0.182656, -0.29214, 0.786769, 0.05, 0.0383262, 0.065696, 0.213716, 0.226846, 1000.56, 889.997, 10, 2e-20, 3e-20, 2e-20, 2e-20, -1
-0.212256, -0.276954, 0.722531, 0.05, 0.0117038, 0.121294, -0.0621265, 0.136781, 1006.11, 9782.15, 10, 2e-20, 3e-20, 2e-20, 2e-20, -1
-0.196343, -0.232818, 0.720327, 0.05, 0.0255154, -0.0334262, 0.00701983, 0.0426336, 1007.49, 11990.5, 10, 2e-20, 3e-20, 2e-20, 2e-20, -1
-0.229533, -0.231863, 0.761473, 0.05, 0.194331, -0.0437308, -0.00486313, 0.19925, 1007.45, 11920.2, 10, 2e-20, 3e-20, 2e-20, 2e-20, -1
-0.225374, -0.26379, 0.811796, 0.05, 0.147233, -0.00971333, 0.0273497, 0.150066, 1003.23, 5164.42, 10, 2e-20, 3e-20, 2e-20, 2e-20, -1
-0.205567, -0.290657, 0.850029, 0.05, 0.231184, 0.0362076, 0.132526, 0.268924, 1005.79, 9264.95, 10, 2e-20, 3e-20, 2e-20, 2e-20, -1
-0.201492, -0.348034, 0.992524, 0.05, -0.0291801, -0.0106262, 0.187585, 0.190139, 1004.84, 7741.46, 10, 2e-20, 3e-20, 2e-20, 2e-20, -1
-0.176402, -0.303049, 0.907291, 0.05, -0.0149813, -0.141316, 0.0138958, 0.142785, 1001.49, 2389.81, 10, 2e-20, 3e-20, 2e-20, 2e-20, -1
-0.197368, -0.295684, 0.955437, 0.05, 0.021237, 0.056486, 0.159729, 0.170749, 1008.17, 13069.1, 10, 2e-20, 3e-20, 2e-20, 2e-20, -1
-0.156919, -0.334289, 1.00898, 0.05, 0.0266993, 0.0180882, 0.167063, 0.170148, 1003.56, 5688.33, 10, 2e-20, 3e-20, 2e-20, 2e-20, -1
-0.147976, -0.187149, 0.988867, 0.05, -0.037424, -0.0159912, 0.111414, 0.118615, 1003.75, 6007.92, 10, 2e-20, 3e-20, 2e-20, 2e-20, -1
-0.120786, -0.229561, 1.05382, 0.05, -0.0488707, -0.0602972, 0.0142008, 0.0789035, 996.008, -6386.51, 10, 2e-20, 3e-20, 2e-20, 2e-20, -1
-0.11215, -0.331479, 1.0911, 0.05, 0.109173, -0.0277499, 0.153314, 0.190247, 1005.07, 8108.88, 10, 2e-20, 3e-20, 2e-20, 2e-20, -1
-0.144031, -0.283377, 1.07705, 0.05, 0.0260786, -0.137351, 0.102114, 0.173126, 1005.42, 8672.72, 10, 2e-20, 3e-20, 2e-20, 2e-20, -1
-0.128254, -0.296407, 1.13084, 0.05, 0.164926, -0.151372, 0.126213, 0.25699, 1001.42, 2265, 10, 2e-20, 3e-20, 2e-20, 2e-20, -1
-0.182755, -0.325231, 1.18452, 0.05, 0.0122638, -0.220486, 0.196801, 0.295796, 1000.82, 1318.41, 10, 2e-20, 3e-20, 2e-20, 2e-20, -1
-0.106438, -0.206405, 1.12515, 0.05, 0.0507415, 0.0338984, 0.148761, 0.160791, 1005.64, 9027.68, 10, 2e-20, 3e-20, 2e-20, 2e-20, -1
-0.139494, -0.272733, 1.19983, 0.05, 0.0376632, -0.00420744, 0.189409, 0.193163, 1004.51, 7216.03, 10, 2e-20, 3e-20, 2e-20, 2e-20, -1
-0.120214, -0.212261, 1.18215, 0.05, -0.0144394, -0.0437861, 0.0699461, 0.0837746, 1001.71, 2734.04, 10, 2e-20, 3e-20, 2e-20, 2e-20, -1
-0.124568, -0.26049, 1.25566, 0.05, 0.0649664, -0.122427, 0.093401, 0.167131, 1001.31, 2089.62, 10, 2e-20, 3e-20, 2e-20, 2e-20, -1
-0.0952677, -0.246832, 1.37996, 0.05, 0.0331126, -0.164674, 0.108059, 0.199727, 998.212, -2860.41, 10, 2e-20, 3e-20, 2e-20, 2e-20, -1
-0.182245, -0.331437, 0.0477298, 0.05, -0.0422647, -0.081667, 0.151132, 0.176909, 1011.85, 18960.8, 10, 2e-20, 3e-20, 2e-20, 2e-20, -1
-0.215822, -0.369993, 0.0749168, 0.05, -0.161192, -0.160431, -0.0868037, 0.243425, 1003.07, 4917.9, 10, 2e-20, 3e-20, 2e-20, 2e-20, -1
-0.206764, -0.356837, 0.1274, 0.05, 0.0889377, 0.133109, 0.0488331, 0.167369, 1006.59, 10540.6, 10, 2e-20, 3e-20, 2e-20, 2e-20, -1
-0.15784, -0.325284, 0.127707, 0.05, -0.151231, -0.0886676, -0.0788319, 0.192217, 994.609, -8625.67, 10, 2e-20, 3e-20, 2e-20, 2e-20, -1
-0.169153, -0.346695, 0.171082, 0.05, -0.00819256, -0.134169, -0.153263, 0.203858, 997.217, -4452.16, 10, 2e-20, 3e-20, 2e-20, 2e-20, -1
-0.173041, -0.296968, 0.162835, 0.05, 0.118215, -0.366591, 0.111276, 0.400931, 1000.46, 738.187, 10, 2e-20, 3e-20, 2e-20, 2e-20, -1
-0.126601, -0.203031, 0.206631, 0.05, -0.125891, 0.18938, 0.160339, 0.278248, 1001.76, 2823.06, 10, 2e-20, 3e-20, 2e-20, 2e-20, -1
-0.145576, -0.286757, 0.205468, 0.05, -0.102965, -0.179765, -0.124074, 0.241478, 1004.36, 6968.91, 10, 2e-20, 3e-20, 2e-20, 2e-20, -1
-0.170514, -0.327611, 0.223305, 0.05, -0.0498647, -0.0246123, -0.182829, 0.191098, 1000.69, 1111.02, 10, 2e-20, 3e-20, 2e-20, 2e-20, -1
-0.161746, -0.246331, 0.237494, 0.05, -0.06256, 0.32056, 0.151714, 0.360125, 1004.65, 7439.84, 10, 2e-20, 3e-20, 2e-20, 2e-20, -1
-0.196851, -0.287606, 0.216066, 0.05, -0.0468481, -0.245917, 0.0700825, 0.259965, 1003.49, 5578.51, 10, 2e-20, 3e-20, 2e-20, 2e-20, -1
-0.194622, -0.215755, 0.26045, 0.05, -0.0942856, 0.226598, -0.154694, 0.290115, 1002.81, 4490.5, 10, 2e-20, 3e-20, 2e-20, 2e-20, -1
-0.197275, -0.311951, 0.27529, 0.05, -0.14348, -0.198898, 0.0466447, 0.249645, 1005.91, 9462.01, 10, 2e-20, 3e-20, 2e-20, 2e-20, -1
-0.190168, -0.275436, 0.266641, 0.05, -0.02242, 0.00176447, 0.207144, 0.208362, 1005.07, 8116.17, 10, 2e-20, 3e-20, 2e-20, 2e-20, -1
-0.205859, -0.30104, 0.342374, 0.05, -0.131505, 0.12431, -0.0492654, 0.187546, 1010.32, 16518.1, 10, 2e-20, 3e-20, 2e-20, 2e-20, -1
-0.176657, -0.267618, 0.319034, 0.05, -0.0721056, -0.000335163, -0.12998, 0.148641, 1004.66, 7462.87, 10, 2e-20, 3e-20, 2e-20, 2e-20, -1
-0.232362, -0.256398, 0.341582, 0.05, 0.0265014, -0.0540162, 0.0864666, 0.10534, 999.659, -545.44, 10, 2e-20, 3e-20, 2e-20, 2e-20, -1
-0.190744, -0.2395, 0.363197, 0.05, -0.109653, -0.183246, 0.1584, 0.265882, 1005.84, 9345.51, 10, 2e-20, 3e-20, 2e-20, 2e-20, -1
-0.187045, -0.258013, 0.41027, 0.05, -0.220498, 0.247323, -0.170582, 0.372674, 1001.42, 2273.67, 10, 2e-20, 3e-20, 2e-20, 2e-20, -1
-0.204784, -0.338192, 0.508781, 0.05, -0.104793, -0.00261278, 0.0478375, 0.115225, 1004, 6400.86, 10, 2e-20, 3e-20, 2e-20, 2e-20, -1
-0.149409, -0.344682, 0.586904, 0.05, -0.091234, -0.0999178, 0.0926047, 0.16396, 1009.21, 14737, 10, 2e-20, 3e-20, 2e-20, 2e-20, -1
-0.17786, -0.308435, 0.554943, 0.05, -0.0209133, -0.100015, 0.123724, 0.160462, 1006.48, 10368.5, 10, 2e-20, 3e-20, 2e-20, 2e-20, -1
-0.244563, -0.272863, 0.474101, 0.05, 0.0080475, -0.0162042, 0.0224811, 0.0288572, 1006.45, 10327.7, 10, 2e-20, 3e-20, 2e-20, 2e-20, -1
-0.219397, -0.240084, 0.512946, 0.05, -0.0834807, 0.0769332, 0.00966397, 0.113935, 1003.84, 6148.03, 10, 2e-20, 3e-20, 2e-20, 2e-20, -1
-0.24275, -0.280927, 0.581598, 0.05, -0.134683, -0.0581309, 0.0263194, 0.149035, 1004.33, 6931.16, 10, 2e-20, 3e-20, 2e-20, 2e-20, -1
-0.168484, -0.3546, 0.65018, 0.05, -0.0901327, -0.124171, 0.0508385, 0.161638, 1000.82, 1306.25, 10, 2e-20, 3e-20, 2e-20, 2e-20, -1
-0.177318, -0.297236, 0.637414, 0.05, -0.0433024, -0.0734073, 0.113446, 0.141893, 1004.03, 6448.58, 10, 2e-20, 3e-20, 2e-20, 2e-20, -1
-0.199665, -0.267604, 0.553554, 0.05, -0.04192, -0.0441132, 0.108624, 0.124509, 1005.5, 8804.78, 10, 2e-20, 3e-20, 2e-20, 2e-20, -1
-0.189138, -0.312926, 0.688496, 0.05, 0.0575439, 0.110665, -0.0443244, 0.132373, 1000.91, 1457.97, 10, 2e-20, 3e-20, 2e-20, 2e-20, -1
-0.183174, -0.26067, 0.673285, 0.05, -0.167381, 0.0627011, 0.117488, 0.213895, 1005.48, 8761.2, 10, 2e-20, 3e-20, 2e-20, 2e-20, -1
-0.237737, -0.260454, 0.68183, 0.05, 0.130386, -0.0426238, 0.0470308, 0.145014, 1003, 4798.01, 10, 2e-20, 3e-20, 2e-20, 2e-20, -1
-0.215369, -0.178994, 0.651798, 0.05, -0.0484375, -0.196518, 0.0236571, 0.203777, 1002.66, 4258.57, 10, 2e-20, 3e-20, 2e-20, 2e-20, -1
-0.208258, -0.180484, 0.770349, 0.05, -0.0436349, -0.101166, 0.131001, 0.171172, 1000.03, 53.6411, 10, 2e-20, 3e-20, 2e-20, 2e-20, -1
-0.192574, -0.135145, 0.767356, 0.05, -0.0180491, -0.0243753, 0.067048, 0.0735892, 1005.13, 8201.24, 10, 2e-20, 3e-20, 2e-20, 2e-20, -1
-0.1829, -0.246211, 0.772807, 0.05, -0.0108652, 0.00737756, 0.071165, 0.0723667, 1005.79, 9271.73, 10, 2e-20, 3e-20, 2e-20, 2e-20, -1
-0.275909, -0.215627, 0.748509, 0.05, -0.0735347, -0.0758999, 0.0273191, 0.109153, 1006.03, 9641.24, 10, 2e-20, 3e-20, 2e-20, 2e-20, -1
-0.242211, -0.268414, 0.877751, 0.05, -0.0655012, 0.00808152, 0.161586, 0.174544, 1000.95, 1525.6, 10, 2e-20, 3e-20, 2e-20, 2e-20, -1
-0.232255, -0.29925, 0.914356, 0.05, 0.000124171, -0.169843, 0.0431004, 0.175227, 1004.89, 7827.4, 10, 2e-20, 3e-20, 2e-20, 2e-20, -1
-0.221518, -0.213268, 0.916525, 0.05, -0.0141607, -0.141986, 0.0168278, 0.143679, 1004.6, 7359.98, 10, 2e-20, 3e-20, 2e-20, 2e-20, -1
-0.153888, -0.289273, 1.03583, 0.05, 0.0175074, -0.141726, 0.132679, 0.194927, 1002.39, 3829.54, 10, 2e-20, 3e-20, 2e-20, 2e-20, -1
-0.193448, -0.24066, 0.951347, 0.05, 0.0401965, -0.0247712, 0.0577038, 0.0745594, 997.181, -4511, 10, 2e-20, 3e-20, 2e-20, 2e-20, -1
-0.182281, -0.187149, 0.948233, 0.05, -0.00352307, -0.115918, 0.0593872, 0.130293, 1005.07, 8112, 10, 2e-20, 3e-20, 2e-20, 2e-20, -1
-0.123277, -0.115202, 1.00695, 0.05, 0.0140464, -0.0531236, 0.182609, 0.190697, 997.735, -3624.12, 10, 2e-20, 3e-20, 2e-20, 2e-20, -1
-0.217053, -0.165754, 1.06647, 0.05, 0.149172, -0.0672689, 0.0989877, 0.191249, 1002.94, 4708.79, 10, 2e-20, 3e-20, 2e-20, 2e-20, -1
-0.105419, -0.100274, 1.07644, 0.05, -0.00743297, -0.0697678, -0.0631511, 0.0943973, 1000.32, 516.927, 10, 2e-20, 3e-20, 2e-20, 2e-20, -1
-0.136678, -0.229298, 1.09678, 0.05, -0.0293347, 0.0159056, 0.0838038, 0.0902031, 1003.16, 5062.83, 10, 2e-20, 3e-20, 2e-20, 2e-20, -1
-0.105719, -0.161509, 1.09388, 0.05, -0.0373558, -0.0861026, -0.00931916, 0.0943184, 1002.71, 4339.29, 10, 2e-20, 3e-20, 2e-20, 2e-20, -1
-0.12457, -0.16525, 1.15671, 0.05, -0.0161238, -0.0906648, 0.0378515, 0.0995632, 1002.43, 3884.44, 10, 2e-20, 3e-20, 2e-20, 2e-20, -1
-0.109211, -0.153667, 1.21209, 0.05, -0.00104659, -0.16253, 0.052224, 0.170717, 1002.53, 4050.98, 10, 2e-20, 3e-20, 2e-20, 2e-20, -1
-0.0888736, -0.237496, 1.26315, 0.05, 0.00187035, -0.183801, 0.159535, 0.243388, 1001.75, 2795.88, 10, 2e-20, 3e-20, 2e-20, 2e-20, -1
-0.0817107, -0.212689, 1.41781, 0.05, -0.042526, -0.0504387, 0.111319, 0.1294, 996.738, -5219.05, 10, 2e-20, 3e-20, 2e-20, 2e-20, -1
-0.214537, -0.222636, 0.0489796, 0.05, -0.271401, -0.058101, 0.0644671, 0.284939, 1004.86, 7774.64, 10, 2e-20, 3e-20, 2e-20, 2e-20, -1
-0.196623, -0.326324, 0.0920448, 0.05, 0.0709976, 0.0436706, 0.312738, 0.323655, 1002.05, 3276.37, 10, 2e-20, 3e-20, 2e-20, 2e-20, -1
-0.224708, -0.272947, 0.080834, 0.05, 0.10771, 0.153878, -0.164754, 0.249847, 1010.78, 17248.5, 10, 2e-20, 3e-20, 2e-20, 2e-20, -1
-0.181656, -0.264639, 0.10374, 0.05, -0.0840062, 0.129206, -0.073504, 0.170746, 1003.69, 5898.52, 10, 2e-20, 3e-20, 2e-20, 2e-20, -1
-0.228135, -0.230952, 0.102273, 0.05, -0.268849, -0.244176, 0.213626, 0.421352, 1012.58, 20132.5, 10, 2e-20, 3e-20, 2e-20, 2e-20, -1
-0.167855, -0.24383, 0.190088, 0.05, -0.217827, 0.0980167, -0.112258, 0.263928, 1007.77, 12424.7, 10, 2e-20, 3e-20, 2e-20, 2e-20, -1
-0.165554, -0.16029, 0.18747, 0.05, 0.102042, 0.00253003, 0.11389, 0.152938, 1009.86, 15781.5, 10, 2e-20, 3e-20, 2e-20, 2e-20, -1
-0.120366, -0.125758, 0.125242, 0.05, -0.193441, -0.0918017, 0.130433, 0.250719, 1019.18, 30693.2, 10, 2e-20, 3e-20, 2e-20, 2e-20, -1
-0.124989, -0.122698, 0.179179, 0.05, 0.0439272, 0.172136, -0.00337426, 0.177684, 1008.13, 13002.1, 10, 2e-20, 3e-20, 2e-20, 2e-20, -1
-0.127451, -0.0854498, 0.223616, 0.05, -0.021778, 0.0587579, 0.0261334, 0.067895, 1000.64, 1016.65, 10, 2e-20, 3e-20, 2e-20, 2e-20, -1
-0.198214, -0.195999, 0.201068, 0.05, -0.0536327, -0.360382, 0.237892, 0.435137, 1007.49, 11989.8, 10, 2e-20, 3e-20, 2e-20, 2e-20, -1
-0.233821, -0.163639, 0.213562, 0.05, -0.182761, 0.121702, -0.101609, 0.241945, 1004.8, 7683.3, 10, 2e-20, 3e-20, 2e-20, 2e-20, -1
-0.234321, -0.193182, 0.269278, 0.05, 0.0750048, -0.0165861, -0.0138957, 0.0780635, 1012.04, 19264.3, 10, 2e-20, 3e-20, 2e-20, 2e-20, -1
-0.22205, -0.248511, 0.293262, 0.05, -0.055076, -0.125902, 0.0272607, 0.1401, 1007.42, 11872.5, 10, 2e-20, 3e-20, 2e-20, 2e-20, -1
-0.170442, -0.143152, 0.330134, 0.05, -0.00603041, -0.0500606, -0.0709758, 0.0870631, 1007.24, 11589.6, 10, 2e-20, 3e-20, 2e-20, 2e-20, -1
-0.182233, -0.188191, 0.35358, 0.05, -0.160433, 0.235245, 0.297325, 0.411681, 1004.65, 7436.83, 10, 2e-20, 3e-20, 2e-20, 2e-20, -1
-0.156743, -0.157986, 0.377092, 0.05, -0.0474903, 0.119352, 0.205024, 0.24194, 1007.41, 11859, 10, 2e-20, 3e-20, 2e-20, 2e-20, -1
-0.170018, -0.213402, 0.398596, 0.05, -0.118737, -0.0423584, -0.0844102, 0.151716, 1007.51, 12008.8, 10, 2e-20, 3e-20, 2e-20, 2e-20, -1
-0.155371, -0.230895, 0.455646, 0.05, -0.0129151, 0.0215877, -0.0260446, 0.0362098, 1000.51, 809.606, 10, 2e-20, 3e-20, 2e-20, 2e-20, -1
-0.205831, -0.238274, 0.451999, 0.05, 0.0302933, -0.0131969, -0.0316739, 0.0457721, 1000.03, 50.0968, 10, 2e-20, 3e-20, 2e-20, 2e-20, -1
-0.203862, -0.288234, 0.453528, 0.05, -0.00822724, 0.0613473, -0.0740332, 0.0964992, 1004.66, 7455.11, 10, 2e-20, 3e-20, 2e-20, 2e-20, -1
-0.205499, -0.290053, 0.5057, 0.05, -0.106457, -0.180462, 0.112499, 0.237815, 995.918, -6531.2, 10, 2e-20, 3e-20, 2e-20, 2e-20, -1
-0.146392, -0.273334, 0.531193, 0.05, 0.0524119, -0.0841294, 0.0183606, 0.100806, 1004.71, 7530.71, 10, 2e-20, 3e-20, 2e-20, 2e-20, -1
-0.181492, -0.217052, 0.542662, 0.05, 0.0030721, 0.043519, 0.164137, 0.169836, 1000.44, 696.682, 10, 2e-20, 3e-20, 2e-20, 2e-20, -1
-0.264678, -0.143203, 0.513471, 0.05, -0.0416238, 0.202601, -0.148348, 0.254533, 1004.09, 6541.41, 10, 2e-20, 3e-20, 2e-20, 2e-20, -1
-0.140309, -0.21921, 0.563629, 0.05, -0.201583, -0.104655, 0.0152052, 0.227639, 1002.75, 4399.83, 10, 2e-20, 3e-20, 2e-20, 2e-20, -1
-0.216888, -0.149683, 0.554254, 0.05, -0.0128194, 0.0621926, 0.183325, 0.194011, 999.013, -1579.55, 10, 2e-20, 3e-20, 2e-20, 2e-20, -1
-0.219468, -0.196305, 0.591651, 0.05, -0.0203346, -0.0472971, -0.0439866, 0.0677151, 1007.57, 12112.4, 10, 2e-20, 3e-20, 2e-20, 2e-20, -1
-0.218957, -0.277678, 0.629228, 0.05, -0.0733065, -0.0767349, 0.104666, 0.149054, 1007.81, 12493.8, 10, 2e-20, 3e-20, 2e-20, 2e-20, -1
-0.221036, -0.228568, 0.65164, 0.05, 0.0291011, 0.00225474, 0.0672721, 0.0733314, 1007.69, 12304.9, 10, 2e-20, 3e-20, 2e-20, 2e-20, -1
-0.182571, -0.204203, 0.678384, 0.05, -0.0749816, -0.225122, 0.0042307, 0.237318, 1000.55, 874.243, 10, 2e-20, 3e-20, 2e-20, 2e-20, -1
-0.238574, -0.138686, 0.7111, 0.05, -0.0370893, 0.0581866, -0.0208308, 0.0720779, 1008.69, 13910.9, 10, 2e-20, 3e-20, 2e-20, 2e-20, -1
-0.302203, -0.100638, 0.731727, 0.05, 0.0343355, 0.0343531, 0.0687731, 0.084195, 1005.47, 8755.89, 10, 2e-20, 3e-20, 2e-20, 2e-20, -1
-0.265335, -0.119039, 0.80036, 0.05, 0.0711603, 0.0241507, 0.0346539, 0.0827522, 1008.25, 13201.6, 10, 2e-20, 3e-20, 2e-20, 2e-20, -1
-0.218391, -0.208674, 0.812556, 0.05, 0.146764, -0.00310394, 0.0654389, 0.160722, 999.53, -751.556, 10, 2e-20, 3e-20, 2e-20, 2e-20, -1
-0.232067, -0.155721, 0.798032, 0.05, 0.038011, -0.131263, -0.010996, 0.137097, 1003.29, 5267, 10, 2e-20, 3e-20, 2e-20, 2e-20, -1
-0.1806, -0.246193, 0.827172, 0.05, 0.0614699, -0.102456, 0.0994022, 0.155424, 999.445, -888.647, 10, 2e-20, 3e-20, 2e-20, 2e-20, -1
-0.220467, -0.222805, 0.859914, 0.05, 0.0793819, 0.00661199, 0.165481, 0.183655, 1005.68, 9080.78, 10, 2e-20, 3e-20, 2e-20, 2e-20, -1
-0.195246, -0.148058, 0.886241, 0.05, 0.0300084, -0.122906, 0.141988, 0.190176, 1000.33, 532.718, 10, 2e-20, 3e-20, 2e-20, 2e-20, -1
-0.159112, -0.115363, 0.883588, 0.05, -0.0309744, -0.0483765, 0.141133, 0.152375, 1009.29, 14867, 10, 2e-20, 3e-20, 2e-20, 2e-20, -1
-0.172538, -0.0507494, 1.0323, 0.05, -0.0863221, -0.0621727, 0.052194, 0.118495, 1007.97, 12753.4, 10, 2e-20, 3e-20, 2e-20, 2e-20, -1
-0.19582, -0.127174, 0.93354, 0.05, 0.0777318, -0.0495188, 0.11219, 0.145193, 1001.12, 1786.22, 10, 2e-20, 3e-20, 2e-20, 2e-20, -1
-0.169164, -0.116859, 1.01178, 0.05, 0.0497618, -0.103149, -0.0471668, 0.123857, 996.514, -5577.64, 10, 2e-20, 3e-20, 2e-20, 2e-20, -1
-0.144852, -0.172779, 1.10656, 0.05, -0.000528446, -0.0687656, 0.0338893, 0.0766647, 1007.94, 12702.1, 10, 2e-20, 3e-20, 2e-20, 2e-20, -1
-0.135993, -0.0797472, 1.04629, 0.05, 0.154947, -0.150662, 0.0743184, 0.22854, 1001.87, 2987.58, 10, 2e-20, 3e-20, 2e-20, 2e-20, -1
-0.130005, -0.0794069, 1.13576, 0.05, 0.0577365, -0.12724, 0.0547919, 0.150086, 999.728, -435.976, 10, 2e-20, 3e-20, 2e-20, 2e-20, -1
-0.119554, -0.124034, 1.12461, 0.05, -0.139474, -0.0137354, 0.136094, 0.195354, 1001.95, 3126.79, 10, 2e-20, 3e-20, 2e-20, 2e-20, -1
-0.0802904, -0.0479801, 1.07607, 0.05, -0.0665198, -0.135323, 0.0461949, 0.157706, 1004.86, 7779.96, 10, 2e-20, 3e-20, 2e-20, 2e-20, -1
-0.0889736, -0.0462336, 1.14578, 0.05, 0.104128, -0.153892, -0.100434, 0.211216, 1000.09, 146.006, 10, 2e-20, 3e-20, 2e-20, 2e-20, -1
-0.0769425, -0.111204, 1.21561, 0.05, 0.136394, -0.0934718, -0.0167599, 0.166197, 1003.4, 5434.29, 10, 2e-20, 3e-20, 2e-20, 2e-20, -1
-0.0473425, -0.197326, 1.42423, 0.05, -0.107045, 0.0592686, 0.0278314, 0.125483, 996.031, -6351.1, 10, 2e-20, 3e-20, 2e-20, 2e-20, -1
-0.15418, -0.157649, 0.0499922, 0.05, -0.50553, 0.0172539, 0.0345326, 0.507001, 1009.84, 15745, 10, 2e-20, 3e-20, 2e-20, 2e-20, -1
-0.217756, -0.146862, 0.0500679, 0.05, -0.0785807, -0.126152, 0.368921, 0.397734, 1002.2, 3517.9, 10, 2e-20, 3e-20, 2e-20, 2e-20, -1
-0.166917, -0.223476, 0.113209, 0.05, -0.134645, 0.0531205, -0.160045, 0.21579, 1005.67, 9077.98, 10, 2e-20, 3e-20, 2e-20, 2e-20, -1
-0.125593, -0.116209, 0.0817285, 0.05, -0.0264126, -0.0647584, 0.275387, 0.284129, 1009.86, 15769.4, 10, 2e-20, 3e-20, 2e-20, 2e-20, -1
-0.161363, -0.171307, 0.095561, 0.05, -0.0920511, -0.14143, 0.225633, 0.281755, 1010.65, 17043, 10, 2e-20, 3e-20, 2e-20, 2e-20, -1
-0.129881, -0.221799, 0.16485, 0.05, 0.0663364, -0.503149, 0.0807144, 0.513882, 1007.99, 12791.3, 10, 2e-20, 3e-20, 2e-20, 2e-20, -1
-0.122859, -0.175464, 0.156652, 0.05, 0.210481, 0.0657229, 0.229219, 0.318062, 1015.64, 25023.6, 10, 2e-20, 3e-20, 2e-20, 2e-20, -1
-0.165352, -0.0451908, 0.108606, 0.05, 0.157722, -0.0665242, -0.0947801, 0.195665, 1000.68, 1087.93, 10, 2e-20, 3e-20, 2e-20, 2e-20, -1
-0.174001, -0.109365, 0.165572, 0.05, 0.102342, 0.289383, 0.290674, 0.422738, 1004.12, 6589.99, 10, 2e-20, 3e-20, 2e-20, 2e-20, -1
-0.136002, -0.0738182, 0.173433, 0.05, 0.074631, -0.0554502, 0.00395601, 0.09306, 1016.24, 25990.9, 10, 2e-20, 3e-20, 2e-20, 2e-20, -1
-0.161009, -0.119715, 0.22311, 0.05, -0.170567, -0.0578509, -0.124266, 0.218819, 1010.7, 17125.5, 10, 2e-20, 3e-20, 2e-20, 2e-20, -1
-0.189947, -0.15369, 0.238314, 0.05, -0.00752459, 0.169563, 0.0200725, 0.170913, 1004.33, 6933.6, 10, 2e-20, 3e-20, 2e-20, 2e-20, -1
-0.232171, -0.14371, 0.263311, 0.05, 0.130057, -0.150668, 0.202402, 0.28387, 1007.37, 11784.9, 10, 2e-20, 3e-20, 2e-20, 2e-20, -1
-0.213076, -0.207053, 0.317726, 0.05, -0.157984, 0.0179292, 0.0396052, 0.163856, 1013.27, 21226.3, 10, 2e-20, 3e-20, 2e-20, 2e-20, -1
-0.167968, -0.0983517, 0.36201, 0.05, -0.0621085, 0.0388062, 0.000912351, 0.0732408, 1008.58, 13734.7, 10, 2e-20, 3e-20, 2e-20, 2e-20, -1
-0.145804, -0.0778996, 0.395516, 0.05, -0.169367, 0.173129, 0.0709201, 0.252366, 1003.28, 5250.74, 10, 2e-20, 3e-20, 2e-20, 2e-20, -1
-0.158763, -0.140813, 0.420208, 0.05, -0.0607136, 0.0162893, -0.190008, 0.200137, 1000.56, 894.743, 10, 2e-20, 3e-20, 2e-20, 2e-20, -1
-0.176979, -0.187121, 0.440345, 0.05, 0.0433781, -0.0115042, -0.168846, 0.174708, 1002.6, 4163.78, 10, 2e-20, 3e-20, 2e-20, 2e-20, -1
-0.238886, -0.119245, 0.458383, 0.05, 0.107944, -0.079064, 0.0448087, 0.141105, 998.678, -2115.2, 10, 2e-20, 3e-20, 2e-20, 2e-20, -1
-0.249149, -0.216776, 0.478127, 0.05, -0.00184331, 0.2273, 0.102768, 0.249459, 1006.8, 10872.8, 10, 2e-20, 3e-20, 2e-20, 2e-20, -1
-0.1993, -0.200485, 0.4894, 0.05, -0.0545055, -0.0757989, -0.101359, 0.137804, 1001.67, 2679.67, 10, 2e-20, 3e-20, 2e-20, 2e-20, -1
-0.173188, -0.25244, 0.494485, 0.05, 0.0178024, 0.0506284, -0.109932, 0.122333, 1004.82, 7706.59, 10, 2e-20, 3e-20, 2e-20, 2e-20, -1
-0.199564, -0.143569, 0.459204, 0.05, -0.144024, 0.0765278, 0.00825918, 0.163302, 1006.36, 10179.8, 10, 2e-20, 3e-20, 2e-20, 2e-20, -1
-0.208328, -0.0795452, 0.46641, 0.05, -0.0354821, -0.0677432, -0.0250106, 0.080459, 1004.95, 7914.89, 10, 2e-20, 3e-20, 2e-20, 2e-20, -1
-0.268301, -0.0935185, 0.486314, 0.05, 0.051944, -0.0710653, -0.0171721, 0.0896847, 995.803, -6714.5, 10, 2e-20, 3e-20, 2e-20, 2e-20, -1
-0.212928, -0.117674, 0.507239, 0.05, -0.175612, 0.0511869, -0.0584785, 0.19204, 1004.46, 7129.46, 10, 2e-20, 3e-20, 2e-20, 2e-20, -1
-0.251387, -0.110031, 0.5472, 0.05, -0.139412, 0.0107408, -0.133641, 0.193419, 1005.47, 8759.2, 10, 2e-20, 3e-20, 2e-20, 2e-20, -1
-0.186384, -0.124757, 0.590119, 0.05, -0.105418, -0.063727, 0.0487488, 0.132478, 1010.43, 16681.1, 10, 2e-20, 3e-20, 2e-20, 2e-20, -1
-0.237234, -0.146222, 0.597719, 0.05, 0.0320333, -0.00270703, 0.0144356, 0.0352398, 1005.24, 8385.71, 10, 2e-20, 3e-20, 2e-20, 2e-20, -1
-0.239716, -0.101112, 0.59759, 0.05, -0.0182563, -0.0861054, -0.0790409, 0.1183, 1001.36, 2173.41, 10, 2e-20, 3e-20, 2e-20, 2e-20, -1
-0.177686, -0.208131, 0.623996, 0.05, -0.12155, 0.042032, -0.0183445, 0.129914, 1001.44, 2303.05, 10, 2e-20, 3e-20, 2e-20, 2e-20, -1
-0.183563, -0.159355, 0.626511, 0.05, -0.0420252, 0.0538918, -0.113323, 0.132335, 1005.27, 8425.32, 10, 2e-20, 3e-20, 2e-20, 2e-20, -1
-0.269015, -0.0926722, 0.698498, 0.05, -0.0738574, -0.0305481, -0.0585574, 0.0990812, 1012.05, 19272.6, 10, 2e-20, 3e-20, 2e-20, 2e-20, -1
-0.301106, -0.084403, 0.779543, 0.05, -0.0311839, -0.0558119, -0.0243089, 0.0683983, 1001.1, 1755.85, 10, 2e-20, 3e-20, 2e-20, 2e-20, -1
-0.182174, -0.121667, 0.821077, 0.05, 0.0760669, 0.114355, -0.056206, 0.148399, 1000.83, 1321.57, 10, 2e-20, 3e-20, 2e-20, 2e-20, -1
-0.245294, -0.0381289, 0.815873, 0.05, 0.0193112, -0.0954447, 0.0402523, 0.10537, 1009.44, 15102, 10, 2e-20, 3e-20, 2e-20, 2e-20, -1
-0.224512, -0.133235, 0.843082, 0.05, -0.0611619, -0.0502722, 0.0947088, 0.123442, 1005.35, 8552.46, 10, 2e-20, 3e-20, 2e-20, 2e-20, -1
-0.234985, -0.0835817, 0.833519, 0.05, 0.0205006, -0.120648, -0.0312638, 0.126308, 1001.91, 3058, 10, 2e-20, 3e-20, 2e-20, 2e-20, -1
-0.211791, -0.0981299, 0.877429, 0.05, 0.0597292, -0.0823615, 0.011988, 0.102444, 1005.06, 8094.45, 10, 2e-20, 3e-20, 2e-20, 2e-20, -1
-0.242413, -0.104037, 0.919324, 0.05, 0.00512227, -0.0311468, 0.172093, 0.174964, 999.952, -77.3004, 10, 2e-20, 3e-20, 2e-20, 2e-20, -1
-0.160384, -0.0744475, 0.986257, 0.05, -0.0305847, -0.0929076, -0.0804906, 0.126673, 998.106, -3030.64, 10, 2e-20, 3e-20, 2e-20, 2e-20, -1
-0.12265, -0.0417359, 1.02133, 0.05, -0.0960329, -0.0852518, 0.0204026, 0.130025, 1000.97, 1555.02, 10, 2e-20, 3e-20, 2e-20, 2e-20, -1
-0.143542, -0.130913, 1.06186, 0.05, 0.184939, -0.173007, -0.0606425, 0.260406, 1001.89, 3016.56, 10, 2e-20, 3e-20, 2e-20, 2e-20, -1
-0.0659691, -0.0703117, 0.937924, 0.05, 0.0867823, -0.0855025, -0.150243, 0.193429, 999.702, -476.545, 10, 2e-20, 3e-20, 2e-20, 2e-20, -1
-0.101654, -0.00601519, 1.11473, 0.05, 0.031857, -0.0423287, -0.0622828, 0.0817664, 1007.73, 12362.3, 10, 2e-20, 3e-20, 2e-20, 2e-20, -1
-0.0149599, -0.0725441, 1.13396, 0.05, -0.0838155, -0.00289661, 0.107224, 0.136126, 1000.78, 1249.59, 10, 2e-20, 3e-20, 2e-20, 2e-20, -1
-0.0898966, 0.0409677, 1.1336, 0.05, 0.0501238, -0.0667919, 0.0757349, 0.112736, 1000.04, 56.6275, 10, 2e-20, 3e-20, 2e-20, 2e-20, -1
-0.0175741, 0.0289401, 1.14115, 0.05, 0.228524, -0.196462, -0.0227191, 0.30222, 1000.36, 579.444, 10, 2e-20, 3e-20, 2e-20, 2e-20, -1
-0.067278, -0.0575317, 1.20154, 0.05, -0.0444032, -0.116808, -0.0598961, 0.138576, 1002.05, 3276.87, 10, 2e-20, 3e-20, 2e-20, 2e-20, -1
-0.0777454, -0.15652, 1.31581, 0.05, -0.055257, -0.0716249, 0.123096, 0.152761, 1002.92, 4674.66, 10, 2e-20, 3e-20, 2e-20, 2e-20, -1
-0.0819899, -0.160831, 1.4254, 0.05, -0.0525768, -0.076029, 0.014323, 0.0935408, 1002.85, 4552.33, 10, 2e-20, 3e-20, 2e-20, 2e-20, -1
-0.178135, -0.112008, 0.0574475, 0.05, 0.240033, 0.0489529, 0.200727, 0.316708, 999.501, -797.735, 10, 2e-20, 3e-20, 2e-20, 2e-20, -1
-0.212618, -0.106615, 0.0889841, 0.05, 0.07219, 0.0375654, -0.439413, 0.446885, 1013.17, 21065.9, 10, 2e-20, 3e-20, 2e-20, 2e-20, -1
-0.158862, -0.0261348, 0.052398, 0.05, 0.151444, 0.259526, 0.242448, 0.386097, 1002.85, 4558.57, 10, 2e-20, 3e-20, 2e-20, 2e-20, -1
-0.292956, 0.111598, 0.0634206, 0.05, -0.890778, 0.645036, 0.763825, 1.33902, 1004.13, 6612.76, 10, 2e-20, 3e-20, 2e-20, 2e-20, -1
-0.211862, -0.053607, 0.080576, 0.05, 0.112167, -0.298566, -0.0160593, 0.319345, 1004.96, 7943.64, 10, 2e-20, 3e-20, 2e-20, 2e-20, -1
-0.149482, -0.0877129, 0.119206, 0.05, 0.096894, 0.29351, 0.096509, 0.323806, 1002.97, 4744.21, 10, 2e-20, 3e-20, 2e-20, 2e-20, -1
-0.121513, 0.000780651, 0.111519, 0.05, -0.0923036, 0.128164, 0.1352, 0.207906, 1010.85, 17355.5, 10, 2e-20, 3e-20, 2e-20, 2e-20, -1
-0.194867, -0.0117885, 0.0980627, 0.05, 0.0358251, 0.193778, 0.241372, 0.311599, 1006.7, 10715.6, 10, 2e-20, 3e-20, 2e-20, 2e-20, -1
-0.198387, -0.00247174, 0.172433, 0.05, -0.113012, 0.293163, -0.264583, 0.410756, 1020.56, 32893.1, 10, 2e-20, 3e-20, 2e-20, 2e-20, -1
-0.206065, -0.098322, 0.254991, 0.05, -0.100306, -0.190464, -0.169438, 0.273947, 1005.59, 8937.85, 10, 2e-20, 3e-20, 2e-20, 2e-20, -1
-0.20668, -0.0646448, 0.217147, 0.05, 0.0522126, -0.100355, -0.377254, 0.39385, 1008.27, 13227, 10, 2e-20, 3e-20, 2e-20, 2e-20, -1
-0.182499, -0.0808763, 0.292634, 0.05, 0.0784797, 0.225082, -0.110033, 0.262542, 1011.82, 18910.9, 10, 2e-20, 3e-20, 2e-20, 2e-20, -1
-0.211751, -0.157983, 0.312108, 0.05, 0.0672539, 0.232959, -0.0804871, 0.255482, 1007.15, 11446.5, 10, 2e-20, 3e-20, 2e-20, 2e-20, -1
-0.205238, -0.0359375, 0.253744, 0.05, -0.162313, 0.196896, 0.0892629, 0.270336, 1008.43, 13486.4, 10, 2e-20, 3e-20, 2e-20, 2e-20, -1
-0.143639, -0.107956, 0.312952, 0.05, -0.214695, 0.0616016, -0.0869667, 0.239691, 1010.28, 16451.5, 10, 2e-20, 3e-20, 2e-20, 2e-20, -1
-0.163994, -0.0356172, 0.28866, 0.05, -0.0166865, 0.0194582, 0.165914, 0.167882, 1007.6, 12167.7, 10, 2e-20, 3e-20, 2e-20, 2e-20, -1
-0.15961, -0.0578598, 0.330536, 0.05, -0.0619088, 0.306867, 0.0783258, 0.3227, 994.716, -8453.66, 10, 2e-20, 3e-20, 2e-20, 2e-20, -1
-0.190178, -0.0440784, 0.370529, 0.05, 0.0977899, 0.291534, -0.264004, 0.405282, 1002.59, 4144.97, 10, 2e-20, 3e-20, 2e-20, 2e-20, -1
-0.143159, -0.0251024, 0.379314, 0.05, -0.0952342, -0.0856695, -0.129913, 0.182445, 1000.94, 1508.29, 10, 2e-20, 3e-20, 2e-20, 2e-20, -1
-0.162114, -0.0431183, 0.429187, 0.05, -0.044283, 0.0513157, -0.016527, 0.0697669, 995.86, -6624.14, 10, 2e-20, 3e-20, 2e-20, 2e-20, -1
-0.157297, -0.059252, 0.482681, 0.05, 0.051915, 0.0582046, -0.16921, 0.186319, 1012.3, 19687.7, 10, 2e-20, 3e-20, 2e-20, 2e-20, -1
-0.165649, -0.0987651, 0.448721, 0.05, 0.00534063, 0.0424269, -0.334352, 0.337076, 1006.19, 9903.5, 10, 2e-20, 3e-20, 2e-20, 2e-20, -1
-0.152242, -0.0225254, 0.50452, 0.05, 0.0752553, -0.0293843, -0.103614, 0.131388, 1004.07, 6514.31, 10, 2e-20, 3e-20, 2e-20, 2e-20, -1
-0.201817, -0.0383611, 0.491673, 0.05, -0.0809428, 0.0753746, -0.0133037, 0.1114, 1001.58, 2526.6, 10, 2e-20, 3e-20, 2e-20, 2e-20, -1
-0.163706, -0.108395, 0.504408, 0.05, -0.224507, 0.0103907, 0.0635696, 0.233565, 1007.28, 11645.1, 10, 2e-20, 3e-20, 2e-20, 2e-20, -1
-0.230563, -0.0644337, 0.509657, 0.05, 0.0120178, -0.178003, 0.0871211, 0.198544, 1003.59, 5750.93, 10, 2e-20, 3e-20, 2e-20, 2e-20, -1
-0.250162, -0.0210375, 0.546643, 0.05, 0.0257401, 0.0908188, 0.0693377, 0.117125, 1003.27, 5238.44, 10, 2e-20, 3e-20, 2e-20, 2e-20, -1
-0.293681, -0.0330244, 0.554986, 0.05, 0.0576532, 0.080394, -0.0603935, 0.115907, 1000.92, 1474.53, 10, 2e-20, 3e-20, 2e-20, 2e-20, -1
-0.244579, -0.0633761, 0.567304, 0.05, -0.0972461, 0.0901635, -0.113804, 0.17475, 1006.24, 9991.55, 10, 2e-20, 3e-20, 2e-20, 2e-20, -1
-0.283004, -0.0421019, 0.617124, 0.05, -0.0217712, -0.0918132, 0.00783982, 0.0946842, 1000.13, 212.399, 10, 2e-20, 3e-20, 2e-20, 2e-20, -1
-0.259057, -0.0464855, 0.662277, 0.05, -0.0799525, -0.117224, -0.185868, 0.233839, 1005.11, 8176.6, 10, 2e-20, 3e-20, 2e-20, 2e-20, -1
-0.248495, -0.110729, 0.753646, 0.05, -0.0607834, -0.0562881, 0.0408461, 0.0923654, 1007.47, 11945.6, 10, 2e-20, 3e-20, 2e-20, 2e-20, -1
-0.268646, -0.000758541, 0.684969, 0.05, -0.108711, -0.0341419, -0.0116627, 0.114542, 1003.22, 5145.42, 10, 2e-20, 3e-20, 2e-20, 2e-20, -1
-0.313359, -0.0532012, 0.733841, 0.05, 0.172149, -0.0398493, 0.00162455, 0.176708, 1007.68, 12289.3, 10, 2e-20, 3e-20, 2e-20, 2e-20, -1
-0.270026, 0.0358804, 0.718983, 0.05, -0.0676859, -0.135729, 0.00514091, 0.151757, 1000.98, 1574.3, 10, 2e-20, 3e-20, 2e-20, 2e-20, -1
-0.240334, -0.0150748, 0.749355, 0.05, 0.0557625, 5.09015e-05, -0.0284918, 0.0626198, 1006.67, 10667.7, 10, 2e-20, 3e-20, 2e-20, 2e-20, -1
-0.285853, -0.0236001, 0.90266, 0.05, 0.285139, -0.0466193, -0.0110998, 0.289138, 1000.46, 729.262, 10, 2e-20, 3e-20, 2e-20, 2e-20, -1
-0.272575, 0.00338832, 0.819986, 0.05, -0.0504276, 0.0271585, 0.202974, 0.2109, 1005.57, 8907.28, 10, 2e-20, 3e-20, 2e-20, 2e-20, -1
-0.232032, -0.0543265, 0.907895, 0.05, -0.219948, -0.0267284, 0.0578523, 0.228994, 1009.57, 15308.6, 10, 2e-20, 3e-20, 2e-20, 2e-20, -1
-0.254787, -0.0148839, 0.934727, 0.05, -0.0233948, -0.0730308, 0.047602, 0.0902594, 1000.83, 1323.66, 10, 2e-20, 3e-20, 2e-20, 2e-20, -1
-0.204603, -0.0300025, 0.925136, 0.05, -0.0392114, 0.0403349, 0.0715227, 0.0909942, 1003.53, 5640.93, 10, 2e-20, 3e-20, 2e-20, 2e-20, -1
-0.287169, 0.0262997, 0.875717, 0.05, 0.0703824, -0.264978, 0.0191944, 0.274837, 1000.63, 1006.8, 10, 2e-20, 3e-20, 2e-20, 2e-20, -1
-0.161784, -0.0415789, 0.948018, 0.05, 0.149439, -0.223558, -0.068241, 0.277429, 999.118, -1411.56, 10, 2e-20, 3e-20, 2e-20, 2e-20, -1
-0.21989, 0.0124656, 0.961206, 0.05, -0.0346746, -0.14743, 0.033555, 0.155126, 1003.85, 6166.62, 10, 2e-20, 3e-20, 2e-20, 2e-20, -1
-0.176092, 0.0576845, 1.03293, 0.05, -0.0338354, -0.171526, -0.133938, 0.220239, 996.372, -5805.21, 10, 2e-20, 3e-20, 2e-20, 2e-20, -1
-0.107343, -0.00607283, 1.06027, 0.05, -0.0397786, 0.00505648, 0.0711869, 0.0817036, 1005.76, 9213.42, 10, 2e-20, 3e-20, 2e-20, 2e-20, -1
-0.153129, -0.00646943, 1.05751, 0.05, 0.0147548, 0.0231494, 0.0777825, 0.0824847, 998.662, -2141.44, 10, 2e-20, 3e-20, 2e-20, 2e-20, -1
-0.137582, 0.028929, 1.12477, 0.05, -0.08458, -0.0967191, -0.00247084, 0.128509, 998.027, -3156.86, 10, 2e-20, 3e-20, 2e-20, 2e-20, -1
-0.153472, 0.0288326, 1.18441, 0.05, -0.0231479, -0.0273437, 0.0248988, 0.0436286, 1001.33, 2125.57, 10, 2e-20, 3e-20, 2e-20, 2e-20, -1
-0.0503131, -0.0643709, 1.22899, 0.05, -0.0177595, -0.127159, 0.196875, 0.235042, 1002.45, 3914.08, 10, 2e-20, 3e-20, 2e-20, 2e-20, -1
-0.128974, -0.0471717, 1.42532, 0.05, -0.0960348, -0.0646882, -0.0331812, 0.12045, 1000.52, 832.651, 10, 2e-20, 3e-20, 2e-20, 2e-20, -1
-0.279381, 0.0451723, 0.0560632, 0.05, 0.551248, 0.484366, 0.52883, 0.904514, 1018.48, 29572.4, 10, 2e-20, 3e-20, 2e-20, 2e-20, -1
-0.228568, 0.0807463, 0.0519053, 0.05, -0.460962, 0.211228, -0.366174, 0.625449, 1009.96, 15941.3, 10, 2e-20, 3e-20, 2e-20, 2e-20, -1
-0.249878, 0.0936608, 0.087815, 0.05, 0.0375483, -0.100465, -0.270187, 0.290696, 1003.44, 5499.78, 10, 2e-20, 3e-20, 2e-20, 2e-20, -1
-0.198197, 0.0940574, 0.119043, 0.05, -0.314775, -0.140014, -0.0842803, 0.35467, 997.65, -3760.45, 10, 2e-20, 3e-20, 2e-20, 2e-20, -1
-0.167325, 0.167492, 0.104249, 0.05, -0.0685529, -0.142127, -0.156321, 0.222117, 1014.55, 23282.8, 10, 2e-20, 3e-20, 2e-20, 2e-20, -1
-0.142738, 0.0541976, 0.102699, 0.05, -0.217381, -0.0413795, 0.0198083, 0.222169, 1001.08, 1720.44, 10, 2e-20, 3e-20, 2e-20, 2e-20, -1
-0.160025, 0.00896983, 0.0873032, 0.05, 0.132936, 0.0553659, 0.0524672, 0.153265, 994.436, -8902.38, 10, 2e-20, 3e-20, 2e-20, 2e-20, -1
-0.198031, 0.0470072, 0.11441, 0.05, -0.199888, 0.0786336, -0.236012, 0.319124, 1006.95, 11116.4, 10, 2e-20, 3e-20, 2e-20, 2e-20, -1
-0.167729, 0.0216787, 0.139197, 0.05, -0.0263812, 0.309396, -0.0783142, 0.320242, 995.957, -6469.46, 10, 2e-20, 3e-20, 2e-20, 2e-20, -1
-0.177749, 0.0613836, 0.158437, 0.05, -0.121881, -0.00362521, 0.028732, 0.125274, 1008.7, 13912.3, 10, 2e-20, 3e-20, 2e-20, 2e-20, -1
-0.149318, -0.0186822, 0.153196, 0.05, 0.0844783, 0.0109363, -0.00725816, 0.0854919, 1002.5, 4000.31, 10, 2e-20, 3e-20, 2e-20, 2e-20, -1
-0.198905, 0.00405179, 0.221173, 0.05, 0.15088, -0.0649666, -0.0507269, 0.171927, 1002.07, 3308.51, 10, 2e-20, 3e-20, 2e-20, 2e-20, -1
-0.248506, 0.0533863, 0.228454, 0.05, 0.0101081, 0.165054, -0.0299028, 0.168045, 1005.92, 9474.21, 10, 2e-20, 3e-20, 2e-20, 2e-20, -1
-0.166229, 0.051905, 0.300477, 0.05, 0.160555, -0.0166225, 0.0494946, 0.168831, 1006.23, 9961.51, 10, 2e-20, 3e-20, 2e-20, 2e-20, -1
-0.2384, 0.103174, 0.317629, 0.05, -0.220633, 0.0634769, -0.218237, 0.316757, 1012.33, 19731.1, 10, 2e-20, 3e-20, 2e-20, 2e-20, -1
-0.20632, 0.0297151, 0.318066, 0.05, 0.0208119, 0.0254816, -0.203051, 0.205699, 1013.09, 20947.1, 10, 2e-20, 3e-20, 2e-20, 2e-20, -1
-0.175998, -0.0148722, 0.322771, 0.05, -0.281612, -0.19627, 0.0440209, 0.346071, 1004.57, 7318.8, 10, 2e-20, 3e-20, 2e-20, 2e-20, -1
-0.18131, 0.0596722, 0.355954, 0.05, 0.0128662, 0.0198095, -0.0528686, 0.0579055, 1001.29, 2067.16, 10, 2e-20, 3e-20, 2e-20, 2e-20, -1
-0.222087, -0.0150008, 0.341056, 0.05, 0.0622044, 0.00166132, 0.0231392, 0.0663895, 1001.76, 2822.74, 10, 2e-20, 3e-20, 2e-20, 2e-20, -1
-0.183125, 0.00984287, 0.370783, 0.05, -0.0805092, -0.103126, -0.153702, 0.201844, 1000.45, 721.129, 10, 2e-20, 3e-20, 2e-20, 2e-20, -1
-0.184487, 0.0360338, 0.40891, 0.05, 0.0409936, 0.0628016, 0.00700501, 0.0753232, 1004.71, 7530.34, 10, 2e-20, 3e-20, 2e-20, 2e-20, -1
-0.161057, 0.0314377, 0.454034, 0.05, -0.127277, -0.0744395, -0.235717, 0.278034, 1010.19, 16297.3, 10, 2e-20, 3e-20, 2e-20, 2e-20, -1
-0.235745, -0.0237221, 0.454004, 0.05, 0.0397964, 0.208454, -0.0826564, 0.227747, 1009.11, 14573.5, 10, 2e-20, 3e-20, 2e-20, 2e-20, -1
-0.198124, 0.0657758, 0.473841, 0.05, -0.118909, -0.090334, -0.301106, 0.336102, 1008.78, 14040, 10, 2e-20, 3e-20, 2e-20, 2e-20, -1
-0.231822, 0.0224766, 0.465389, 0.05, 0.00870053, 0.0187324, -0.00440862, 0.0211196, 1001.98, 3167.42, 10, 2e-20, 3e-20, 2e-20, 2e-20, -1
-0.232264, 0.0182884, 0.519549, 0.05, -0.157872, -0.0815716, 0.00305257, 0.177727, 1010.11, 16170.3, 10, 2e-20, 3e-20, 2e-20, 2e-20, -1
-0.241464, 0.0293005, 0.568479, 0.05, -0.0531115, -0.123945, -0.0529802, 0.144879, 1007.49, 11981.7, 10, 2e-20, 3e-20, 2e-20, 2e-20, -1
-0.267196, 0.144197, 0.556971, 0.05, -0.053406, -0.0154579, -0.147867, 0.157974, 1008.8, 14081, 10, 2e-20, 3e-20, 2e-20, 2e-20, -1
-0.250475, 0.060266, 0.600714, 0.05, -0.0611408, 0.055125, -0.190726, 0.207734, 1003.16, 5062.05, 10, 2e-20, 3e-20, 2e-20, 2e-20, -1
-0.263786, 0.0748905, 0.640837, 0.05, -0.163013, 0.108284, -0.0400439, 0.199755, 1001.89, 3025.88, 10, 2e-20, 3e-20, 2e-20, 2e-20, -1
-0.2372, -0.0619339, 0.613537, 0.05, 0.0407144, 0.080595, 0.102597, 0.136672, 1004.11, 6578.63, 10, 2e-20, 3e-20, 2e-20, 2e-20, -1
-0.220924, 0.0459504, 0.63759, 0.05, -0.0712007, 0.0503356, -0.0154921, 0.088562, 1004.81, 7697.71, 10, 2e-20, 3e-20, 2e-20, 2e-20, -1
-0.239701, -0.0123891, 0.604446, 0.05, 0.0800339, -0.00226486, -0.103389, 0.130767, 999.132, -1389.44, 10, 2e-20, 3e-20, 2e-20, 2e-20, -1
-0.210556, 0.0792641, 0.666333, 0.05, -0.150565, 0.0460655, -0.0854151, 0.17913, 1000.64, 1023.27, 10, 2e-20, 3e-20, 2e-20, 2e-20, -1
-0.228356, 0.0364525, 0.690047, 0.05, -0.0827662, 0.0432277, -0.053691, 0.107711, 1009.63, 15404.8, 10, 2e-20, 3e-20, 2e-20, 2e-20, -1
-0.207362, 0.0215525, 0.740447, 0.05, -0.0482383, -0.108114, 0.0609088, 0.133137, 1002.25, 3597.68, 10, 2e-20, 3e-20, 2e-20, 2e-20, -1
-0.278311, -0.0334966, 0.774804, 0.05, -0.105756, -0.0843225, -0.114587, 0.177271, 1001.15, 1845.22, 10, 2e-20, 3e-20, 2e-20, 2e-20, -1
-0.234439, 0.0141909, 0.787573, 0.05, -0.0233891, 0.0211639, -0.0100031, 0.0330911, 1003.36, 5376.98, 10, 2e-20, 3e-20, 2e-20, 2e-20, -1
-0.202993, 0.0547909, 0.786054, 0.05, 0.0315563, -0.0389874, 0.0478911, 0.0693496, 1008.83, 14127.5, 10, 2e-20, 3e-20, 2e-20, 2e-20, -1
-0.256764, 0.0048741, 0.868638, 0.05, -0.119417, -0.0469658, 0.0682354, 0.145335, 1006.11, 9777.63, 10, 2e-20, 3e-20, 2e-20, 2e-20, -1
-0.185357, 0.100167, 0.852926, 0.05, 0.0236679, -0.0195348, -0.120073, 0.123933, 1000.96, 1536.48, 10, 2e-20, 3e-20, 2e-20, 2e-20, -1
-0.249088, 0.0445288, 0.830163, 0.05, 0.0173695, -0.194211, -0.0032197, 0.195012, 1001.11, 1777.46, 10, 2e-20, 3e-20, 2e-20, 2e-20, -1
-0.26708, 0.0542755, 0.902409, 0.05, 0.113373, -0.0275837, 0.0131035, 0.117414, 1004.92, 7873.48, 10, 2e-20, 3e-20, 2e-20, 2e-20, -1
-0.21841, 0.066015, 0.963052, 0.05, 0.0253449, -0.217918, -0.0736499, 0.23142, 1000.12, 184.924, 10, 2e-20, 3e-20, 2e-20, 2e-20, -1
-0.195529, 0.0281437, 1.00227, 0.05, -0.0185715, -0.0859454, 0.0295165, 0.0927509, 1002.58, 4125.03, 10, 2e-20, 3e-20, 2e-20, 2e-20, -1
-0.101259, 0.0106735, 1.00291, 0.05, -0.0442213, -0.161146, -0.0716192, 0.181805, 997.993, -3210.7, 10, 2e-20, 3e-20, 2e-20, 2e-20, -1
-0.129325, 0.05689, 0.996747, 0.05, -0.0900753, -0.152563, -0.164691, 0.241893, 1004.49, 7188.64, 10, 2e-20, 3e-20, 2e-20, 2e-20, -1
-0.128748, 0.0326538, 1.03218, 0.05, -0.0343013, -0.224947, 0.0313608, 0.229698, 1000.34, 538.519, 10, 2e-20, 3e-20, 2e-20, 2e-20, -1
-0.124422, 0.0679036, 1.15776, 0.05, -0.0869568, -0.0921461, -0.151065, 0.197163, 1005.42, 8671.74, 10, 2e-20, 3e-20, 2e-20, 2e-20, -1
-0.0680563, 0.00264157, 1.1526, 0.05, 0.0397425, -0.0399347, -0.0158309, 0.0585223, 999.151, -1358.21, 10, 2e-20, 3e-20, 2e-20, 2e-20, -1
0.00395861, 0.00301208, 1.19467, 0.05, 0.0770025, -0.148831, -0.0141754, 0.16817, 999.643, -570.649, 10, 2e-20, 3e-20, 2e-20, 2e-20, -1
-0.186718, 0.118818, 0.0491225, 0.05, -0.591015, -0.233031, 0.102838, 0.643566, 1014.67, 23466.4, 10, 2e-20, 3e-20, 2e-20, 2e-20, -1
-0.168553, 0.22894, 0.0467848, 0.05, -0.0237784, 0.266086, -0.084894, 0.280311, 1008.24, 13188.3, 10, 2e-20, 3e-20, 2e-20, 2e-20, -1
-0.186953, 0.206347, 0.0857401, 0.05, 0.060248, -0.092522, 0.000257186, 0.110409, 1017.57, 28114.6, 10, 2e-20, 3e-20, 2e-20, 2e-20, -1
-0.214247, 0.14823, 0.0828597, 0.05, -0.00945556, 0.16146, -0.170418, 0.234948, 1007.07, 11307.7, 10, 2e-20, 3e-20, 2e-20, 2e-20, -1
-0.170598, 0.247337, 0.122562, 0.05, -0.262564, -0.198944, 0.0574414, 0.334392, 1011.79, 18856.7, 10, 2e-20, 3e-20, 2e-20, 2e-20, -1
-0.206336, 0.22791, 0.1851, 0.05, -0.0896591, -0.0110318, -0.046423, 0.101566, 1004.69, 7505.74, 10, 2e-20, 3e-20, 2e-20, 2e-20, -1
-0.131108, 0.215903, 0.129167, 0.05, 0.135925, -0.100191, 0.032101, 0.171885, 998.514, -2376.94, 10, 2e-20, 3e-20, 2e-20, 2e-20, -1
-0.170814, 0.117077, 0.100258, 0.05, -0.0547057, -0.173734, 0.0884373, 0.202478, 1007.93, 12680.1, 10, 2e-20, 3e-20, 2e-20, 2e-20, -1
-0.217848, 0.0977813, 0.165194, 0.05, -0.420171, -0.0179016, -0.161809, 0.450606, 1013.64, 21831.4, 10, 2e-20, 3e-20, 2e-20, 2e-20, -1
-0.257183, 0.0573538, 0.177798, 0.05, -0.190554, 0.288731, 0.0130731, 0.34619, 1017.16, 27454.8, 10, 2e-20, 3e-20, 2e-20, 2e-20, -1
-0.231397, 0.10329, 0.216077, 0.05, -0.0327677, -0.307457, -0.136718, 0.338076, 1005.51, 8821.29, 10, 2e-20, 3e-20, 2e-20, 2e-20, -1
-0.203648, 0.0457916, 0.188214, 0.05, 0.0341846, 0.124796, -0.212612, 0.24889, 1008.65, 13835.8, 10, 2e-20, 3e-20, 2e-20, 2e-20, -1
-0.196057, 0.0636901, 0.227141, 0.05, 0.134045, -0.0434514, -0.0220683, 0.142629, 1007.54, 12059.4, 10, 2e-20, 3e-20, 2e-20, 2e-20, -1
-0.21614, 0.0333677, 0.264646, 0.05, 0.0237271, -0.114514, 0.0988697, 0.153139, 1007.13, 11410.4, 10, 2e-20, 3e-20, 2e-20, 2e-20, -1
-0.202874, 0.0850977, 0.279733, 0.05, -0.00277598, -0.0671934, -0.0663914, 0.0945012, 1003.47, 5549.86, 10, 2e-20, 3e-20, 2e-20, 2e-20, -1
-0.256333, 0.12278, 0.363681, 0.05, -0.0362374, -0.0378712, -0.126675, 0.137091, 1005.67, 9064.59, 10, 2e-20, 3e-20, 2e-20, 2e-20, -1
-0.210927, 0.102282, 0.363141, 0.05, -0.0334563, -0.038913, 0.146208, 0.154953, 1009.62, 15396.6, 10, 2e-20, 3e-20, 2e-20, 2e-20, -1
-0.214478, 0.153659, 0.377294, 0.05, 0.0554802, -0.148783, -0.0511907, 0.166838, 1007.66, 12258.1, 10, 2e-20, 3e-20, 2e-20, 2e-20, -1
-0.207833, 0.111283, 0.411076, 0.05, -0.0348102, -0.018628, 0.107937, 0.114931, 1006.84, 10943.2, 10, 2e-20, 3e-20, 2e-20, 2e-20, -1
-0.240705, 0.0698772, 0.387933, 0.05, -0.0156196, -0.0797438, -0.229666, 0.243618, 1000.7, 1119.26, 10, 2e-20, 3e-20, 2e-20, 2e-20, -1
-0.163303, 0.0904348, 0.435436, 0.05, -0.111433, 0.077666, 0.039264, 0.141389, 999.235, -1224.78, 10, 2e-20, 3e-20, 2e-20, 2e-20, -1
-0.217875, 0.0669541, 0.433073, 0.05, 0.153257, 0.0498288, 0.0687085, 0.17519, 1000.01, 8.6269, 10, 2e-20, 3e-20, 2e-20, 2e-20, -1
-0.213731, 0.132276, 0.482729, 0.05, -0.246759, 0.0772914, -0.0805561, 0.270838, 1011.99, 19179.3, 10, 2e-20, 3e-20, 2e-20, 2e-20, -1
-0.212755, 0.208226, 0.519748, 0.05, -0.119665, -0.10095, -0.218642, 0.268914, 1000.3, 483.392, 10, 2e-20, 3e-20, 2e-20, 2e-20, -1
-0.245219, 0.0743043, 0.480778, 0.05, 0.0417023, -0.0708777, -0.0761413, 0.112072, 1007.46, 11931.3, 10, 2e-20, 3e-20, 2e-20, 2e-20, -1
-0.242169, 0.166487, 0.514225, 0.05, -0.118243, -0.102285, -0.221584, 0.271188, 1010.4, 16646.6, 10, 2e-20, 3e-20, 2e-20, 2e-20, -1
-0.228333, 0.12216, 0.537027, 0.05, -0.0789986, -0.00414653, -0.0573193, 0.0976907, 1000.76, 1222.4, 10, 2e-20, 3e-20, 2e-20, 2e-20, -1
-0.197988, 0.203426, 0.574117, 0.05, -0.0586162, 0.0105095, 0.00323335, 0.0596386, 998.342, -2652.87, 10, 2e-20, 3e-20, 2e-20, 2e-20, -1
-0.242179, 0.188602, 0.558247, 0.05, -0.178266, -0.105274, 0.0130834, 0.207443, 1009.68, 15491.1, 10, 2e-20, 3e-20, 2e-20, 2e-20, -1
-0.242751, 0.163366, 0.60613, 0.05, -0.135687, 0.0548382, -0.152476, 0.211346, 1001.39, 2223.97, 10, 2e-20, 3e-20, 2e-20, 2e-20, -1
-0.272626, 0.144871, 0.642992, 0.05, -0.183653, -0.0898367, -0.0194727, 0.205374, 1003.82, 6118.63, 10, 2e-20, 3e-20, 2e-20, 2e-20, -1
-0.20115, 0.133076, 0.727454, 0.05, -0.153882, 0.0472146, 0.000189595, 0.160962, 1004.85, 7752.1, 10, 2e-20, 3e-20, 2e-20, 2e-20, -1
-0.201331, 0.12693, 0.67636, 0.05, -0.0750731, -0.253152, -0.143947, 0.300737, 1010.1, 16158.8, 10, 2e-20, 3e-20, 2e-20, 2e-20, -1
-0.232962, 0.0790782, 0.711007, 0.05, -0.16847, 0.0635354, -0.156908, 0.238828, 1007.59, 12150.1, 10, 2e-20, 3e-20, 2e-20, 2e-20, -1
-0.274222, 0.150252, 0.758837, 0.05, 0.0258951, -0.108645, -0.187486, 0.218232, 1004.04, 6464.01, 10, 2e-20, 3e-20, 2e-20, 2e-20, -1
-0.252336, 0.0554533, 0.759902, 0.05, 0.0373528, -0.0669196, -0.111345, 0.135171, 1003.28, 5241.94, 10, 2e-20, 3e-20, 2e-20, 2e-20, -1
-0.2568, 0.147769, 0.80124, 0.05, -0.0973289, -0.101217, 0.0877075, 0.165561, 1000.57, 913.037, 10, 2e-20, 3e-20, 2e-20, 2e-20, -1
-0.225789, 0.0948726, 0.795629, 0.05, 0.0692436, -0.0187964, -0.065114, 0.0968907, 1000.04, 71.461, 10, 2e-20, 3e-20, 2e-20, 2e-20, -1
-0.248824, 0.187744, 0.773986, 0.05, -0.00456303, -0.0741114, -0.122441, 0.143196, 1002.83, 4528.64, 10, 2e-20, 3e-20, 2e-20, 2e-20, -1
-0.212239, 0.134705, 0.819626, 0.05, 0.00680697, -0.183543, -0.134017, 0.227365, 1002.63, 4212.24, 10, 2e-20, 3e-20, 2e-20, 2e-20, -1
-0.274822, 0.127254, 0.845028, 0.05, -0.0094714, -0.0488496, -0.0967205, 0.10877, 1004.74, 7584.57, 10, 2e-20, 3e-20, 2e-20, 2e-20, -1
-0.18152, 0.141263, 0.945813, 0.05, -0.0616778, -0.0557377, -0.0262093, 0.0871652, 1004.34, 6941.4, 10, 2e-20, 3e-20, 2e-20, 2e-20, -1
-0.234225, 0.0863274, 0.848947, 0.05, -0.0229562, -0.0985419, 0.072146, 0.124268, 1007.35, 11766.8, 10, 2e-20, 3e-20, 2e-20, 2e-20, -1
-0.25173, 0.108409, 0.891455, 0.05, 0.0714645, -0.201308, -0.0446037, 0.218224, 1000.2, 317.824, 10, 2e-20, 3e-20, 2e-20, 2e-20, -1
-0.180759, 0.0470394, 0.934396, 0.05, 0.0220312, -0.095538, 0.0478842, 0.109114, 1002.77, 4428.29, 10, 2e-20, 3e-20, 2e-20, 2e-20, -1
-0.128773, 0.0633571, 0.947047, 0.05, -0.0668365, -0.0335374, -0.0951112, 0.120988, 998.361, -2621.93, 10, 2e-20, 3e-20, 2e-20, 2e-20, -1
-0.0909057, 0.0561882, 1.05133, 0.05, 0.0212167, -0.126153, -0.0426353, 0.134842, 997.849, -3441.07, 10, 2e-20, 3e-20, 2e-20, 2e-20, -1
-0.0698837, 0.0703395, 1.15941, 0.05, 0.210345, -0.148068, -0.174979, 0.311106, 999.702, -476.541, 10, 2e-20, 3e-20, 2e-20, 2e-20, -1
-0.0925568, 0.0644834, 1.24579, 0.05, 0.0243213, 0.0269046, 0.135953, 0.140708, 1007.97, 12752.2, 10, 2e-20, 3e-20, 2e-20, 2e-20, -1
-0.0554945, 0.0597427, 1.38779, 0.05, 0.0417744, -0.0189985, -0.0844573, 0.0961202, 996.657, -5348.05, 10, 2e-20, 3e-20, 2e-20, 2e-20, -1
-0.116793, 0.0579885, 1.36006, 0.05, 0.0582178, 0.0241023, -0.0248364, 0.067728, 1001.05, 1681.41, 10, 2e-20, 3e-20, 2e-20, 2e-20, -1
-0.156858, 0.291955, 0.0523516, 0.05, -0.167489, -0.178307, -0.130981, 0.277492, 1010.52, 16826.8, 10, 2e-20, 3e-20, 2e-20, 2e-20, -1
-0.183113, 0.343772, 0.0477918, 0.05, 0.0919526, 0.131716, 0.27991, 0.322729, 1006.68, 10685.8, 10, 2e-20, 3e-20, 2e-20, 2e-20, -1
-0.162249, 0.338107, 0.0904511, 0.05, -0.188492, -0.0707837, 0.0709128, 0.213467, 1011.1, 17758.2, 10, 2e-20, 3e-20, 2e-20, 2e-20, -1
-0.180495, 0.288866, 0.0948691, 0.05, 0.0313511, 0.00668871, -0.00584227, 0.0325847, 1004.45, 7117.61, 10, 2e-20, 3e-20, 2e-20, 2e-20, -1
-0.171666, 0.288277, 0.160886, 0.05, -0.123688, 0.116126, -0.175388, 0.244018, 1007.76, 12414.9, 10, 2e-20, 3e-20, 2e-20, 2e-20, -1
-0.134635, 0.272492, 0.172515, 0.05, -0.035857, 0.100585, -0.245809, 0.268003, 1008.94, 14298.7, 10, 2e-20, 3e-20, 2e-20, 2e-20, -1
-0.15896, 0.227229, 0.169062, 0.05, -0.132678, -0.277745, -0.13276, 0.335218, 1009.91, 15850.4, 10, 2e-20, 3e-20, 2e-20, 2e-20, -1
-0.191107, 0.150114, 0.143467, 0.05, -0.410856, -0.0179726, 0.141177, 0.434807, 1013.21, 21140.4, 10, 2e-20, 3e-20, 2e-20, 2e-20, -1
-0.169542, 0.16797, 0.190135, 0.05, -0.300778, 0.0912622, 0.127112, 0.339048, 1008.37, 13395.6, 10, 2e-20, 3e-20, 2e-20, 2e-20, -1
-0.215016, 0.149695, 0.17755, 0.05, 0.0145621, -0.0990347, -0.341798, 0.356154, 1010.93, 17490.7, 10, 2e-20, 3e-20, 2e-20, 2e-20, -1
-0.168634, 0.149235, 0.235406, 0.05, -0.0223577, -0.143873, -0.00748485, 0.145792, 1005.45, 8720.08, 10, 2e-20, 3e-20, 2e-20, 2e-20, -1
-0.210066, 0.186504, 0.220133, 0.05, 0.142426, 0.173061, -0.182177, 0.288832, 1011.7, 18724.7, 10, 2e-20, 3e-20, 2e-20, 2e-20, -1
-0.146455, 0.178754, 0.272944, 0.05, -0.267175, -0.0568584, 0.0245046, 0.274255, 1008.55, 13677.3, 10, 2e-20, 3e-20, 2e-20, 2e-20, -1
-0.160811, 0.0918002, 0.244869, 0.05, -0.0635876, -0.117682, -0.11811, 0.178445, 1005.08, 8121.79, 10, 2e-20, 3e-20, 2e-20, 2e-20, -1
-0.180399, 0.143656, 0.285871, 0.05, -0.0027806, 0.15182, -0.0836913, 0.173382, 1006.4, 10242, 10, 2e-20, 3e-20, 2e-20, 2e-20, -1
-0.175837, 0.154167, 0.344619, 0.05, -0.0984858, 0.077574, 0.107223, 0.164967, 1014.06, 22495.3, 10, 2e-20, 3e-20, 2e-20, 2e-20, -1
-0.179157, 0.203303, 0.364243, 0.05, -0.0913369, -0.0493847, -0.0694752, 0.124932, 1003.19, 5105.9, 10, 2e-20, 3e-20, 2e-20, 2e-20, -1
-0.226411, 0.207337, 0.381008, 0.05, 0.155448, -0.0643419, -0.0484778, 0.175083, 1008.65, 13834, 10, 2e-20, 3e-20, 2e-20, 2e-20, -1
-0.175256, 0.260589, 0.376794, 0.05, -0.247812, -0.0325113, -0.0230926, 0.251001, 1015.13, 24216, 10, 2e-20, 3e-20, 2e-20, 2e-20, -1
-0.194958, 0.227717, 0.416526, 0.05, -0.232963, 0.0332258, -0.0165286, 0.2359, 1012.34, 19746.2, 10, 2e-20, 3e-20, 2e-20, 2e-20, -1
-0.178787, 0.135173, 0.446177, 0.05, 0.0256942, -0.227591, -0.0951615, 0.24802, 1001.21, 1934.73, 10, 2e-20, 3e-20, 2e-20, 2e-20, -1
-0.176657, 0.285354, 0.489649, 0.05, -0.0736976, -0.00104991, 0.044409, 0.08605, 1004.22, 6756.09, 10, 2e-20, 3e-20, 2e-20, 2e-20, -1
-0.198848, 0.1848, 0.461936, 0.05, -0.201158, -0.0298909, 0.0699497, 0.21506, 1008.04, 12866.9, 10, 2e-20, 3e-20, 2e-20, 2e-20, -1
-0.205594, 0.309923, 0.511447, 0.05, -0.0591767, -0.0410232, -0.0551845, 0.09072, 999.065, -1496.25, 10, 2e-20, 3e-20, 2e-20, 2e-20, -1
-0.199132, 0.235644, 0.478789, 0.05, -0.282238, -0.030795, -0.175327, 0.333686, 1006.47, 10354.8, 10, 2e-20, 3e-20, 2e-20, 2e-20, -1
-0.194515, 0.255881, 0.525333, 0.05, -0.0643613, 0.153476, -0.148613, 0.223121, 1011.37, 18184.4, 10, 2e-20, 3e-20, 2e-20, 2e-20, -1
-0.181727, 0.284945, 0.56689, 0.05, 0.0656492, -0.149369, -0.00340893, 0.163195, 1001.59, 2550.57, 10, 2e-20, 3e-20, 2e-20, 2e-20, -1
-0.197913, 0.242829, 0.59748, 0.05, -0.016388, 0.0366796, -0.0607205, 0.0728075, 992.997, -11204.2, 10, 2e-20, 3e-20, 2e-20, 2e-20, -1
-0.184689, 0.245585, 0.648333, 0.05, -0.225267, 0.027737, -0.0314789, 0.229141, 1004.83, 7720.3, 10, 2e-20, 3e-20, 2e-20, 2e-20, -1
-0.244401, 0.188508, 0.649485, 0.05, -0.299031, 0.0377569, -0.265055, 0.401372, 1006.84, 10942.6, 10, 2e-20, 3e-20, 2e-20, 2e-20, -1
-0.241485, 0.155813, 0.688538, 0.05, -0.234539, -0.184762, 0.0181643, 0.299124, 1002.2, 3519.25, 10, 2e-20, 3e-20, 2e-20, 2e-20, -1
-0.238739, 0.20825, 0.69337, 0.05, -0.0587347, 0.0689707, 0.0524492, 0.104679, 998.729, -2033.44, 10, 2e-20, 3e-20, 2e-20, 2e-20, -1
-0.218622, 0.187106, 0.735467, 0.05, -0.0410081, -0.00398875, -0.0989342, 0.107171, 1003.24, 5183.46, 10, 2e-20, 3e-20, 2e-20, 2e-20, -1
-0.222952, 0.142919, 0.768133, 0.05, -0.0798296, -0.131229, -0.0352078, 0.157586, 1002.92, 4669.59, 10, 2e-20, 3e-20, 2e-20, 2e-20, -1
-0.18635, 0.230152, 0.758491, 0.05, -0.126183, -0.14964, -0.0717892, 0.20849, 1001.9, 3034.95, 10, 2e-20, 3e-20, 2e-20, 2e-20, -1
-0.220735, 0.252821, 0.726725, 0.05, -0.115106, 0.00768507, -0.127512, 0.171953, 999.442, -893.196, 10, 2e-20, 3e-20, 2e-20, 2e-20, -1
-0.187454, 0.178008, 0.779501, 0.05, 0.0147602, -0.0793262, -0.166438, 0.184965, 1001.37, 2189.12, 10, 2e-20, 3e-20, 2e-20, 2e-20, -1
-0.168026, 0.260972, 0.853921, 0.05, 0.0477445, 0.0515468, -0.0938587, 0.117244, 1001.08, 1725.33, 10, 2e-20, 3e-20, 2e-20, 2e-20, -1
-0.227163, 0.211934, 0.807449, 0.05, -0.14592, 0.00596602, -0.0584552, 0.157306, 997.214, -4457.27, 10, 2e-20, 3e-20, 2e-20, 2e-20, -1
-0.209658, 0.22917, 0.848922, 0.05, -0.134121, 0.0347857, -0.139644, 0.19672, 1007.84, 12549.5, 10, 2e-20, 3e-20, 2e-20, 2e-20, -1
-0.15358, 0.101315, 0.967448, 0.05, 0.0927849, -0.177519, -0.12374, 0.235444, 998.028, -3155.98, 10, 2e-20, 3e-20, 2e-20, 2e-20, -1
-0.0983352, 0.15255, 1.06043, 0.05, 0.0203017, -0.182444, -0.0995963, 0.208848, 1000.53, 842.265, 10, 2e-20, 3e-20, 2e-20, 2e-20, -1
-0.180632, 0.093132, 0.926504, 0.05, -0.0389588, -0.131597, -0.12647, 0.186629, 999.564, -698.283, 10, 2e-20, 3e-20, 2e-20, 2e-20, -1
-0.0811685, 0.106762, 1.07191, 0.05, -0.068172, -0.0871148, -0.0858615, 0.140031, 1004.23, 6769.4, 10, 2e-20, 3e-20, 2e-20, 2e-20, -1
-0.044207, 0.0427988, 1.03038, 0.05, -0.0408468, -0.109285, 0.0477462, 0.126061, 1002.61, 4177.67, 10, 2e-20, 3e-20, 2e-20, 2e-20, -1
-0.0645728, 0.0115782, 0.994186, 0.05, -0.180198, -0.188512, -0.162487, 0.307262, 1002.03, 3241.39, 10, 2e-20, 3e-20, 2e-20, 2e-20, -1
-0.0569704, 0.0594022, 1.09809, 0.05, -0.0329484, -0.161448, -0.0839456, 0.184927, 999.858, -227.36, 10, 2e-20, 3e-20, 2e-20, 2e-20, -1
-0.00825864, 0.067066, 1.06691, 0.05, 0.0663973, -0.175297, -0.190638, 0.267358, 997.462, -4060.34, 10, 2e-20, 3e-20, 2e-20, 2e-20, -1
-0.0556542, 0.030621, 1.22387, 0.05, -0.0192206, -0.0901278, -0.108688, 0.142497, 999.091, -1454.39, 10, 2e-20, 3e-20, 2e-20, 2e-20, -1
-0.0448079, 0.13227, 1.22548, 0.05, -0.0797371, -0.0167845, -0.147231, 0.168276, 1003.5, 5605.26, 10, 2e-20, 3e-20, 2e-20, 2e-20, -1
-0.0465614, 0.250267, 1.2578, 0.05, -0.089476, -0.0916339, -0.0570668, 0.140212, 1006.74, 10776.3, 10, 2e-20, 3e-20, 2e-20, 2e-20, -1
-0.150954, 0.402027, 0.0497562, 0.05, -0.239487, 0.184602, -0.111374, 0.322236, 1013.64, 21821.3, 10, 2e-20, 3e-20, 2e-20, 2e-20, -1
-0.142185, 0.463988, 0.0562129, 0.05, 0.113367, 0.0953036, -0.30407, 0.338221, 1005.69, 9100.12, 10, 2e-20, 3e-20, 2e-20, 2e-20, -1
-0.175175, 0.412924, 0.0945431, 0.05, -0.216884, 0.187492, -0.0559733, 0.292104, 1004.33, 6920.82, 10, 2e-20, 3e-20, 2e-20, 2e-20, -1
-0.138345, 0.386446, 0.100007, 0.05, -0.13034, -0.11882, -0.132212, 0.220424, 1008.31, 13296.6, 10, 2e-20, 3e-20, 2e-20, 2e-20, -1
-0.136931, 0.306326, 0.125209, 0.05, -0.51449, 0.0206505, 0.00637907, 0.514944, 1013.08, 20933.8, 10, 2e-20, 3e-20, 2e-20, 2e-20, -1
-0.13441, 0.352766, 0.142822, 0.05, -0.15132, -0.0197182, -0.0130701, 0.153158, 1002.79, 4459.54, 10, 2e-20, 3e-20, 2e-20, 2e-20, -1
-0.173542, 0.308482, 0.21117, 0.05, 0.116564, 0.0796032, -0.0246302, 0.143285, 1003.25, 5203.2, 10, 2e-20, 3e-20, 2e-20, 2e-20, -1
-0.17235, 0.257611, 0.208965, 0.05, 0.0404624, -0.0296935, 0.0214979, 0.0545991, 1015.61, 24982.3, 10, 2e-20, 3e-20, 2e-20, 2e-20, -1
-0.162484, 0.203499, 0.225473, 0.05, 0.0397512, 0.0745739, -0.0250015, 0.0881278, 1000.58, 926.972, 10, 2e-20, 3e-20, 2e-20, 2e-20, -1
-0.244473, 0.236504, 0.222415, 0.05, -0.0229953, 0.0831107, 0.125305, 0.15211, 1006.42, 10277.6, 10, 2e-20, 3e-20, 2e-20, 2e-20, -1
-0.143206, 0.269952, 0.288489, 0.05, -0.10943, -0.0739875, 0.0481174, 0.140586, 1002.57, 4116.23, 10, 2e-20, 3e-20, 2e-20, 2e-20, -1
-0.198044, 0.22853, 0.249884, 0.05, -0.152165, -0.0729388, -0.0259373, 0.170725, 1010.67, 17073.8, 10, 2e-20, 3e-20, 2e-20, 2e-20, -1
-0.193821, 0.262064, 0.295482, 0.05, 0.234719, 0.0648503, -0.00970619, 0.243707, 998.188, -2898.65, 10, 2e-20, 3e-20, 2e-20, 2e-20, -1
-0.216267, 0.178975, 0.267283, 0.05, 0.0954238, -0.29409, 0.251702, 0.398684, 999.47, -848.469, 10, 2e-20, 3e-20, 2e-20, 2e-20, -1
-0.240859, 0.218295, 0.283576, 0.05, -0.0442148, 0.049922, -0.183093, 0.19486, 1013.73, 21961.8, 10, 2e-20, 3e-20, 2e-20, 2e-20, -1
-0.191739, 0.20238, 0.296101, 0.05, 0.0909733, -0.0635923, -0.123499, 0.166048, 1006.8, 10875.6, 10, 2e-20, 3e-20, 2e-20, 2e-20, -1
-0.147999, 0.355089, 0.409692, 0.05, -0.14514, 0.0661638, -0.0913514, 0.183816, 1001.72, 2759.53, 10, 2e-20, 3e-20, 2e-20, 2e-20, -1
-0.174445, 0.237241, 0.32898, 0.05, -0.185994, -0.0839128, -0.0483306, 0.209692, 1007.84, 12548.3, 10, 2e-20, 3e-20, 2e-20, 2e-20, -1
-0.126476, 0.199123, 0.36815, 0.05, 0.0133807, 0.0393384, 0.064892, 0.0770553, 1010.39, 16631.9, 10, 2e-20, 3e-20, 2e-20, 2e-20, -1
-0.164264, 0.329398, 0.455141, 0.05, -0.1472, 0.11119, -0.0289974, 0.186741, 1005.41, 8654.76, 10, 2e-20, 3e-20, 2e-20, 2e-20, -1
-0.172078, 0.308199, 0.404115, 0.05, -0.0590644, 0.150388, -0.245181, 0.29363, 1008.94, 14307.3, 10, 2e-20, 3e-20, 2e-20, 2e-20, -1
-0.210208, 0.329558, 0.474099, 0.05, -0.0573381, 0.0844147, 0.0527044, 0.114853, 1007.62, 12195.9, 10, 2e-20, 3e-20, 2e-20, 2e-20, -1
-0.186161, 0.271914, 0.43799, 0.05, -0.061262, -0.108753, -0.131154, 0.181057, 1007.93, 12681.8, 10, 2e-20, 3e-20, 2e-20, 2e-20, -1
-0.170662, 0.336337, 0.506807, 0.05, 0.0709748, 0.0594703, -0.0532153, 0.106799, 1003.93, 6288.51, 10, 2e-20, 3e-20, 2e-20, 2e-20, -1
-0.246107, 0.28036, 0.51979, 0.05, 0.0335112, -0.0627012, 0.0686952, 0.0988609, 1002.61, 4169.45, 10, 2e-20, 3e-20, 2e-20, 2e-20, -1
-0.179792, 0.330178, 0.618189, 0.05, -0.121495, -0.0561726, 0.00805795, 0.134094, 1002.9, 4637.63, 10, 2e-20, 3e-20, 2e-20, 2e-20, -1
-0.102985, 0.347675, 0.65224, 0.05, -0.00334524, 0.0466694, 0.00601628, 0.0471743, 997.865, -3416.75, 10, 2e-20, 3e-20, 2e-20, 2e-20, -1
-0.162827, 0.280387, 0.607099, 0.05, -0.169679, -0.0416566, -0.291811, 0.340117, 1002.89, 4616.02, 10, 2e-20, 3e-20, 2e-20, 2e-20, -1
-0.203857, 0.297704, 0.652086, 0.05, -0.108827, -0.0301843, -0.0922262, 0.145808, 1002.69, 4302.77, 10, 2e-20, 3e-20, 2e-20, 2e-20, -1
-0.235909, 0.253037, 0.626224, 0.05, -0.0667474, -0.0853011, -0.126452, 0.166498, 1004.59, 7344.05, 10, 2e-20, 3e-20, 2e-20, 2e-20, -1
-0.269392, 0.234085, 0.651642, 0.05, -0.111445, -0.149471, -0.0740174, 0.200599, 1005.39, 8623.08, 10, 2e-20, 3e-20, 2e-20, 2e-20, -1
-0.181947, 0.343619, 0.739933, 0.05, -0.0825328, -0.0074023, -0.317327, 0.327968, 1013.04, 20863.9, 10, 2e-20, 3e-20, 2e-20, 2e-20, -1
-0.181069, 0.288947, 0.740932, 0.05, -0.194779, 0.0459083, -0.0974297, 0.222574, 1003.39, 5418.51, 10, 2e-20, 3e-20, 2e-20, 2e-20, -1
-0.148117, 0.249307, 0.731167, 0.05, -0.0274155, -0.0197768, -0.0858921, 0.0923048, 999.788, -339.462, 10, 2e-20, 3e-20, 2e-20, 2e-20, -1
-0.22141, 0.303057, 0.713501, 0.05, 0.100067, -0.0543418, -0.0672168, 0.132229, 996.673, -5322.66, 10, 2e-20, 3e-20, 2e-20, 2e-20, -1
-0.232007, 0.243079, 0.771337, 0.05, -0.0971316, -0.0237821, -0.0913353, 0.135434, 1004.62, 7387.26, 10, 2e-20, 3e-20, 2e-20, 2e-20, -1
-0.195028, 0.262423, 0.807257, 0.05, 0.0346304, 0.00192, -0.104435, 0.110043, 1000.98, 1569.08, 10, 2e-20, 3e-20, 2e-20, 2e-20, -1
-0.127054, 0.264224, 0.893339, 0.05, -0.101223, 0.0885798, -0.121341, 0.181152, 1002.89, 4616.08, 10, 2e-20, 3e-20, 2e-20, 2e-20, -1
-0.163028, 0.307188, 0.92001, 0.05, 0.0209651, -0.043789, -0.0888291, 0.101231, 994.356, -9031.04, 10, 2e-20, 3e-20, 2e-20, 2e-20, -1
-0.22983, 0.18208, 0.885331, 0.05, -0.198989, -0.16088, -0.158126, 0.300804, 1002.18, 3493.61, 10, 2e-20, 3e-20, 2e-20, 2e-20, -1
-0.195461, 0.188067, 0.924122, 0.05, -0.0569526, -0.112209, 0.0545481, 0.137149, 995.064, -7897.58, 10, 2e-20, 3e-20, 2e-20, 2e-20, -1
-0.149146, 0.145995, 0.993387, 0.05, -0.0284206, -0.108875, 0.0235256, 0.114957, 1001.66, 2656.43, 10, 2e-20, 3e-20, 2e-20, 2e-20, -1
-0.149815, 0.14928, 1.0423, 0.05, -0.0616244, -0.0964995, -0.0784485, 0.138794, 997.589, -3857.96, 10, 2e-20, 3e-20, 2e-20, 2e-20, -1
-0.0911855, 0.158893, 1.11894, 0.05, 0.0607299, -0.0135513, -0.159346, 0.171064, 1002.11, 3374.66, 10, 2e-20, 3e-20, 2e-20, 2e-20, -1
-0.0708453, 0.11928, 1.15256, 0.05, 0.0707218, -0.12402, -0.145183, 0.203619, 1001.87, 2997.49, 10, 2e-20, 3e-20, 2e-20, 2e-20, -1
-0.103321, 0.22158, 1.11887, 0.05, -0.0502581, -0.0063222, -0.184915, 0.191728, 1005.43, 8694.33, 10, 2e-20, 3e-20, 2e-20, 2e-20, -1
-0.0410005, 0.0932466, 1.08703, 0.05, 0.0122231, -0.0664982, -0.069525, 0.0969801, 1005.71, 9135.84, 10, 2e-20, 3e-20, 2e-20, 2e-20, -1
-0.089205, 0.169716, 1.16559, 0.05, 0.0255912, -0.0427329, -0.0154374, 0.0521471, 1003.78, 6046, 10, 2e-20, 3e-20, 2e-20, 2e-20, -1
-0.0612623, 0.0911424, 1.2096, 0.05, 0.110886, -0.109189, -0.0757518, 0.173079, 998.822, -1885.1, 10, 2e-20, 3e-20, 2e-20, 2e-20, -1
-0.0804005, 0.226446, 1.2249, 0.05, 0.16835, -0.0679971, -0.221809, 0.286644, 1003.7, 5914.76, 10, 2e-20, 3e-20, 2e-20, 2e-20, -1
-0.0934328, 0.289122, 1.37918, 0.05, 0.122891, -0.0677941, -0.163625, 0.215572, 1004.46, 7142.31, 10, 2e-20, 3e-20, 2e-20, 2e-20, -1
-0.171721, 0.462708, 0.109403, 0.05, -0.188735, -0.142937, -0.0349003, 0.239311, 1017.28, 27642.1, 10, 2e-20, 3e-20, 2e-20, 2e-20, -1
-0.214754, 0.465033, 0.119046, 0.05, 0.00207926, -0.0249876, -0.317916, 0.318903, 1012.59, 20137.6, 10, 2e-20, 3e-20, 2e-20, 2e-20, -1
-0.208058, 0.462143, 0.19552, 0.05, -0.151658, 0.114413, -0.158708, 0.247545, 1008.77, 14039.5, 10, 2e-20, 3e-20, 2e-20, 2e-20, -1
-0.18333, 0.435132, 0.148553, 0.05, 0.115379, -0.24748, -0.0907884, 0.287752, 1000.38, 602.924, 10, 2e-20, 3e-20, 2e-20, 2e-20, -1
-0.209746, 0.390635, 0.170493, 0.05, -0.186237, -0.0233469, -0.134349, 0.230823, 1008.62, 13799, 10, 2e-20, 3e-20, 2e-20, 2e-20, -1
-0.176175, 0.342204, 0.166178, 0.05, 0.0471508, -0.096673, -0.0154219, 0.108659, 999.923, -122.956, 10, 2e-20, 3e-20, 2e-20, 2e-20, -1
-0.202285, 0.351506, 0.20622, 0.05, 0.209308, -0.0452185, -0.0458535, 0.218991, 1000.41, 656.74, 10, 2e-20, 3e-20, 2e-20, 2e-20, -1
-0.185732, 0.344825, 0.259674, 0.05, -0.00278124, -0.00928758, -0.199511, 0.199746, 1007, 11196, 10, 2e-20, 3e-20, 2e-20, 2e-20, -1
-0.18409, 0.35888, 0.30972, 0.05, -0.132625, -0.028384, 0.0157064, 0.136535, 1000.61, 970.295, 10, 2e-20, 3e-20, 2e-20, 2e-20, -1
-0.14373, 0.371373, 0.280994, 0.05, 0.128247, -0.0311898, -0.0701714, 0.14948, 1000.25, 394.524, 10, 2e-20, 3e-20, 2e-20, 2e-20, -1
-0.132619, 0.416083, 0.308265, 0.05, 0.118588, -0.0521797, 0.118537, 0.175604, 1000.93, 1493.03, 10, 2e-20, 3e-20, 2e-20, 2e-20, -1
-0.161942, 0.314362, 0.300425, 0.05, -0.0469626, -0.157515, -4.47083e-05, 0.164367, 1009.82, 15719.6, 10, 2e-20, 3e-20, 2e-20, 2e-20, -1
-0.167769, 0.322165, 0.350083, 0.05, -0.183812, -0.0707935, 0.0814418, 0.213146, 1004.67, 7477.61, 10, 2e-20, 3e-20, 2e-20, 2e-20, -1
-0.14255, 0.279815, 0.337559, 0.05, -0.0276043, 0.103845, -0.0523212, 0.119513, 1007.2, 11522.2, 10, 2e-20, 3e-20, 2e-20, 2e-20, -1
-0.171262, 0.431285, 0.455716, 0.05, 0.0195854, 0.0255539, 0.187195, 0.189943, 999.211, -1262.75, 10, 2e-20, 3e-20, 2e-20, 2e-20, -1
-0.134077, 0.40932, 0.422617, 0.05, 0.0704979, -0.0821858, 0.0643289, 0.125947, 1004.37, 6999.08, 10, 2e-20, 3e-20, 2e-20, 2e-20, -1
-0.18422, 0.390123, 0.403542, 0.05, 0.0920851, -0.146725, -0.153091, 0.231181, 1002.56, 4090.52, 10, 2e-20, 3e-20, 2e-20, 2e-20, -1
-0.197781, 0.341092, 0.379852, 0.05, 0.223242, -0.0646384, -0.0541351, 0.238633, 997.655, -3752.33, 10, 2e-20, 3e-20, 2e-20, 2e-20, -1
-0.130821, 0.310835, 0.390087, 0.05, -0.0375513, -0.0693325, 4.56211e-05, 0.0788485, 1015.6, 24966.8, 10, 2e-20, 3e-20, 2e-20, 2e-20, -1
-0.108942, 0.427003, 0.554671, 0.05, 0.0205971, 0.0880862, 0.0404533, 0.0990953, 1001.2, 1914.08, 10, 2e-20, 3e-20, 2e-20, 2e-20, -1
-0.201121, 0.392176, 0.475102, 0.05, -0.06695, -0.0182062, 0.171225, 0.184748, 1005.88, 9411.81, 10, 2e-20, 3e-20, 2e-20, 2e-20, -1
-0.15948, 0.390571, 0.503724, 0.05, -0.179813, -0.158528, -0.0483321, 0.24454, 1006.44, 10297.7, 10, 2e-20, 3e-20, 2e-20, 2e-20, -1
-0.172917, 0.379233, 0.554391, 0.05, 0.0411855, 0.119859, -0.040634, 0.133092, 999.829, -274.174, 10, 2e-20, 3e-20, 2e-20, 2e-20, -1
-0.139039, 0.354901, 0.582836, 0.05, -0.0962108, 0.108475, -0.0785911, 0.164924, 1008.3, 13276.2, 10, 2e-20, 3e-20, 2e-20, 2e-20, -1
-0.152814, 0.360038, 0.657986, 0.05, -0.0784913, -0.0136502, -0.065408, 0.10308, 997.127, -4597.53, 10, 2e-20, 3e-20, 2e-20, 2e-20, -1
-0.120869, 0.383657, 0.623025, 0.05, -0.125723, -0.0263689, -0.146664, 0.194967, 1002.05, 3287.57, 10, 2e-20, 3e-20, 2e-20, 2e-20, -1
-0.129905, 0.323203, 0.611585, 0.05, -0.237388, 0.0456009, -0.150258, 0.284623, 1007.69, 12298.7, 10, 2e-20, 3e-20, 2e-20, 2e-20, -1
-0.175347, 0.376559, 0.693048, 0.05, -0.076325, 0.105507, 0.0437305, 0.137367, 1002.51, 4019.09, 10, 2e-20, 3e-20, 2e-20, 2e-20, -1
-0.153522, 0.297414, 0.653918, 0.05, -0.226343, 0.0182334, -0.0721808, 0.238272, 1004.17, 6675.31, 10, 2e-20, 3e-20, 2e-20, 2e-20, -1
-0.151627, 0.422827, 0.788922, 0.05, -0.0530959, 0.0286865, -0.0615297, 0.0861858, 998.756, -1989.95, 10, 2e-20, 3e-20, 2e-20, 2e-20, -1
-0.174624, 0.269349, 0.695782, 0.05, -0.174197, 0.0152922, -0.0647736, 0.186478, 1001.39, 2218.97, 10, 2e-20, 3e-20, 2e-20, 2e-20, -1
-0.17704, 0.323954, 0.691931, 0.05, -0.0962572, 0.0219739, -0.0279478, 0.102613, 997.88, -3392.4, 10, 2e-20, 3e-20, 2e-20, 2e-20, -1
-0.151375, 0.361457, 0.78572, 0.05, -0.00277199, 0.0312096, 0.0492246, 0.0583505, 1008.28, 13240.5, 10, 2e-20, 3e-20, 2e-20, 2e-20, -1
-0.153685, 0.293743, 0.775285, 0.05, -0.0187749, -0.0516594, -0.0115834, 0.0561726, 1001.3, 2072.67, 10, 2e-20, 3e-20, 2e-20, 2e-20, -1
-0.189929, 0.327418, 0.797008, 0.05, 0.0670736, -0.0583071, -0.0262054, 0.092657, 997.243, -4410.83, 10, 2e-20, 3e-20, 2e-20, 2e-20, -1
-0.200444, 0.377979, 0.854765, 0.05, -0.00550408, 0.0655213, -0.0310148, 0.0726997, 1008.2, 13124, 10, 2e-20, 3e-20, 2e-20, 2e-20, -1
-0.214991, 0.294968, 0.764723, 0.05, 0.128037, -0.0164475, -0.266672, 0.296273, 1005.09, 8141.59, 10, 2e-20, 3e-20, 2e-20, 2e-20, -1
-0.193452, 0.316454, 0.841446, 0.05, 0.115266, -0.0317911, -0.115769, 0.166431, 1001.8, 2878.8, 10, 2e-20, 3e-20, 2e-20, 2e-20, -1
-0.1782, 0.346553, 0.886843, 0.05, -0.118979, -0.0372294, -0.142292, 0.18918, 1003.01, 4811.5, 10, 2e-20, 3e-20, 2e-20, 2e-20, -1
-0.165379, 0.192968, 0.967925, 0.05, -0.0449042, -0.00737715, -0.16409, 0.170283, 998.376, -2598.3, 10, 2e-20, 3e-20, 2e-20, 2e-20, -1
-0.127845, 0.234245, 0.992871, 0.05, -0.017417, -0.0359888, -0.158668, 0.163628, 1003.74, 5985.82, 10, 2e-20, 3e-20, 2e-20, 2e-20, -1
-0.11551, 0.186266, 1.0879, 0.05, 0.0890514, 0.0606218, 0.0102442, 0.108213, 1002.63, 4210.51, 10, 2e-20, 3e-20, 2e-20, 2e-20, -1
-0.0832279, 0.218453, 1.08306, 0.05, 0.0608039, -0.135151, -0.164944, 0.221742, 1001.81, 2896.62, 10, 2e-20, 3e-20, 2e-20, 2e-20, -1
-0.144421, 0.262039, 1.03634, 0.05, -0.0481644, -0.0137514, -0.10111, 0.112836, 996.958, -4867.84, 10, 2e-20, 3e-20, 2e-20, 2e-20, -1
-0.156901, 0.251108, 1.0605, 0.05, -0.0296928, 0.0472751, -0.0855955, 0.102192, 1001.93, 3095.66, 10, 2e-20, 3e-20, 2e-20, 2e-20, -1
-0.123645, 0.287805, 1.18424, 0.05, -0.109494, 0.0127263, 0.000155289, 0.110231, 1002.31, 3703.98, 10, 2e-20, 3e-20, 2e-20, 2e-20, -1
-0.102701, 0.265744, 1.08019, 0.05, 0.011136, -0.0161811, -0.146331, 0.147644, 998.739, -2018.05, 10, 2e-20, 3e-20, 2e-20, 2e-20, -1
-0.117119, 0.240104, 1.17122, 0.05, 0.0824453, -0.102879, -0.167953, 0.213517, 1003.28, 5241.04, 10, 2e-20, 3e-20, 2e-20, 2e-20, -1
-0.0666117, 0.179499, 1.21148, 0.05, 0.0681173, -0.0275369, -0.103228, 0.126705, 1000.5, 803.684, 10, 2e-20, 3e-20, 2e-20, 2e-20, -1
-0.0712696, 0.216823, 1.37846, 0.05, -0.0484041, -0.0593161, -0.0192587, 0.0789446, 996.623, -5402.46, 10, 2e-20, 3e-20, 2e-20, 2e-20, -1
-0.0724128, 0.338892, 1.36848, 0.05, 0.191984, -0.0906545, -0.0368179, 0.21548, 1003.03, 4853.24, 10, 2e-20, 3e-20, 2e-20, 2e-20, -1
-0.161616, 0.509742, 0.0430009, 0.05, 0.0873332, 0.0643293, -0.170496, 0.202075, 1008.65, 13832.3, 10, 2e-20, 3e-20, 2e-20, 2e-20, -1
-0.166842, 0.501475, 0.345793, 0.05, 0.0297745, 0.00974052, 0.180341, 0.183042, 1007.38, 11800.3, 10, 2e-20, 3e-20, 2e-20, 2e-20, -1
-0.281307, 0.495234, 0.200647, 0.05, -0.282532, -0.195646, -0.158738, 0.378549, 1015.25, 24399.4, 10, 2e-20, 3e-20, 2e-20, 2e-20, -1
-0.137579, 0.452616, 0.280541, 0.05, 0.0732327, 0.00636162, 0.0989299, 0.12325, 997.302, -4317.32, 10, 2e-20, 3e-20, 2e-20, 2e-20, -1
-0.218921, 0.502778, 0.226472, 0.05, -0.160009, 0.191266, -0.122088, 0.277653, 1011.76, 18813.5, 10, 2e-20, 3e-20, 2e-20, 2e-20, -1
-0.186099, 0.422142, 0.211935, 0.05, -0.271986, -0.15472, 0.0110825, 0.313109, 1021.39, 34225.5, 10, 2e-20, 3e-20, 2e-20, 2e-20, -1
-0.165994, 0.390074, 0.165484, 0.05, -0.00157751, 0.184963, -0.0689931, 0.197418, 1001.5, 2399.09, 10, 2e-20, 3e-20, 2e-20, 2e-20, -1
-0.193742, 0.457416, 0.252769, 0.05, -0.0743622, -0.0853543, 0.120035, 0.164995, 1011.48, 18367.3, 10, 2e-20, 3e-20, 2e-20, 2e-20, -1
-0.200106, 0.459474, 0.347057, 0.05, 0.122124, -0.21084, 0.14253, 0.282281, 1003.65, 5839.15, 10, 2e-20, 3e-20, 2e-20, 2e-20, -1
-0.174537, 0.450704, 0.412919, 0.05, -0.117585, 0.139627, 0.0719859, 0.196224, 1004.69, 7500.14, 10, 2e-20, 3e-20, 2e-20, 2e-20, -1
-0.161356, 0.434445, 0.340373, 0.05, -0.109234, 0.019105, 0.0848141, 0.139609, 999.202, -1277.06, 10, 2e-20, 3e-20, 2e-20, 2e-20, -1
-0.179138, 0.381426, 0.348357, 0.05, -0.0430803, -0.00558798, 0.0763285, 0.0878247, 1002.96, 4743.58, 10, 2e-20, 3e-20, 2e-20, 2e-20, -1
-0.124898, 0.46106, 0.429405, 0.05, -0.197658, -0.0550673, 0.0869658, 0.222854, 1004.71, 7537.72, 10, 2e-20, 3e-20, 2e-20, 2e-20, -1
-0.214568, 0.435264, 0.427483, 0.05, -0.0219042, 0.0161327, -0.150876, 0.153309, 1002.59, 4151.71, 10, 2e-20, 3e-20, 2e-20, 2e-20, -1
-0.24887, 0.497201, 0.708971, 0.05, -0.066282, 0.00987937, -0.162464, 0.175743, 1000.49, 789.07, 10, 2e-20, 3e-20, 2e-20, 2e-20, -1
-0.221448, 0.500048, 0.656955, 0.05, -0.0726603, 0.0046707, 0.119371, 0.139824, 1002.85, 4563.3, 10, 2e-20, 3e-20, 2e-20, 2e-20, -1
-0.197187, 0.476655, 0.553028, 0.05, -0.0516361, -0.0173555, 0.0528356, 0.0758887, 997.609, -3825.79, 10, 2e-20, 3e-20, 2e-20, 2e-20, -1
-0.235722, 0.388959, 0.425646, 0.05, -0.127579, -0.0722184, -0.0304439, 0.149728, 1005.32, 8516.82, 10, 2e-20, 3e-20, 2e-20, 2e-20, -1
-0.137982, 0.464725, 0.722045, 0.05, -0.0937654, 0.176555, 0.132183, 0.239658, 1003.7, 5914.83, 10, 2e-20, 3e-20, 2e-20, 2e-20, -1
-0.166076, 0.436829, 0.631467, 0.05, 0.0791401, 0.0978699, -0.1632, 0.206097, 999.238, -1219.26, 10, 2e-20, 3e-20, 2e-20, 2e-20, -1
-0.165214, 0.432886, 0.665202, 0.05, -0.0172041, -0.019869, 0.00292542, 0.0264446, 1005.2, 8322.02, 10, 2e-20, 3e-20, 2e-20, 2e-20, -1
-0.141255, 0.411245, 0.592372, 0.05, -0.0764871, -0.200332, -0.157023, 0.265781, 1001.37, 2194.22, 10, 2e-20, 3e-20, 2e-20, 2e-20, -1
-0.188825, 0.430328, 0.708868, 0.05, -0.0697862, -0.260467, -0.0888664, 0.283919, 999.119, -1409.16, 10, 2e-20, 3e-20, 2e-20, 2e-20, -1
-0.147068, 0.420322, 0.701382, 0.05, -0.191064, -0.0717249, -0.0766467, 0.218002, 1006.03, 9642.27, 10, 2e-20, 3e-20, 2e-20, 2e-20, -1
-0.174558, 0.440031, 0.751514, 0.05, 0.021706, 0.0326127, -0.0162258, 0.042403, 1001.03, 1646.54, 10, 2e-20, 3e-20, 2e-20, 2e-20, -1
-0.157703, 0.388741, 0.741024, 0.05, -0.0648395, 0.0547637, -0.285267, 0.297625, 1009.33, 14929.8, 10, 2e-20, 3e-20, 2e-20, 2e-20, -1
-0.149851, 0.439791, 0.880595, 0.05, -0.00600428, 0.0291687, 0.0263514, 0.0397651, 1002.98, 4760.77, 10, 2e-20, 3e-20, 2e-20, 2e-20, -1
-0.274614, 0.488102, 1.02945, 0.05, 0.435918, 0.489251, 0.494309, 0.820812, 997.192, -4492.61, 10, 2e-20, 3e-20, 2e-20, 2e-20, -1
-0.201499, 0.424261, 0.796286, 0.05, -0.0105011, -0.062058, 0.0198951, 0.0660097, 998.253, -2794.88, 10, 2e-20, 3e-20, 2e-20, 2e-20, -1
-0.134323, 0.43868, 0.926068, 0.05, 0.00914566, -0.267289, -0.134878, 0.299532, 997.587, -3860.54, 10, 2e-20, 3e-20, 2e-20, 2e-20, -1
-0.152414, 0.451455, 0.966767, 0.05, -0.0138774, 0.0184686, -0.10871, 0.111138, 997.275, -4359.63, 10, 2e-20, 3e-20, 2e-20, 2e-20, -1
-0.192991, 0.415861, 0.893663, 0.05, -0.0241954, -0.0994935, -0.151792, 0.183099, 1000.25, 392.673, 10, 2e-20, 3e-20, 2e-20, 2e-20, -1
-0.238085, 0.4508, 1.01222, 0.05, 0.255772, -0.0642059, -0.172169, 0.314934, 992.494, -12009.2, 10, 2e-20, 3e-20, 2e-20, 2e-20, -1
-0.225515, 0.36851, 0.822076, 0.05, 0.0229794, 0.0840177, -0.149066, 0.172649, 993.125, -11000.3, 10, 2e-20, 3e-20, 2e-20, 2e-20, -1
-0.180908, 0.416308, 0.979741, 0.05, -0.137405, 0.063076, -0.170195, 0.227651, 1006.87, 10999.6, 10, 2e-20, 3e-20, 2e-20, 2e-20, -1
-0.184533, 0.438281, 1.10602, 0.05, -0.390616, 0.0515258, -0.0113596, 0.394164, 1010.26, 16422.1, 10, 2e-20, 3e-20, 2e-20, 2e-20, -1
-0.217128, 0.375186, 0.907907, 0.05, 0.0474143, -0.0507432, -0.217364, 0.228189, 1001.04, 1664.56, 10, 2e-20, 3e-20, 2e-20, 2e-20, -1
-0.152156, 0.386451, 1.01656, 0.05, 0.0380497, 0.0650523, -0.0263025, 0.0798211, 1000.92, 1471.84, 10, 2e-20, 3e-20, 2e-20, 2e-20, -1
-0.181048, 0.322164, 0.973642, 0.05, -0.00933905, 0.0633707, -0.124491, 0.140004, 1005.42, 8664.52, 10, 2e-20, 3e-20, 2e-20, 2e-20, -1
-0.144979, 0.394953, 1.1925, 0.05, -0.225986, 0.162622, -0.23774, 0.366109, 1004.74, 7590.95, 10, 2e-20, 3e-20, 2e-20, 2e-20, -1
-0.191783, 0.399501, 1.0692, 0.05, -0.0500332, -0.000428256, -0.00146656, 0.0500565, 996.545, -5528.21, 10, 2e-20, 3e-20, 2e-20, 2e-20, -1
-0.111588, 0.432591, 1.32613, 0.05, 0.158846, -0.0947477, -0.0880927, 0.204864, 1002.69, 4311.39, 10, 2e-20, 3e-20, 2e-20, 2e-20, -1
-0.134319, 0.369797, 1.22394, 0.05, 0.121572, 0.0580209, -0.187252, 0.230672, 993.948, -9683.32, 10, 2e-20, 3e-20, 2e-20, 2e-20, -1
-0.119582, 0.335558, 1.15954, 0.05, -0.113962, -0.0323363, -0.203592, 0.235548, 1007.18, 11492.7, 10, 2e-20, 3e-20, 2e-20, 2e-20, -1
-0.130375, 0.361636, 1.1424, 0.05, -0.0696461, -0.0191844, 0.00591884, 0.0724821, 1005.67, 9070.65, 10, 2e-20, 3e-20, 2e-20, 2e-20, -1
-0.0891891, 0.307661, 1.21767, 0.05, -0.0774749, 0.0370613, -0.0675593, 0.109271, 1001.17, 1868.9, 10, 2e-20, 3e-20, 2e-20, 2e-20, -1
-0.137423, 0.330121, 1.19873, 0.05, 0.0966545, -0.174422, -0.0764115, 0.213551, 996.563, -5499.62, 10, 2e-20, 3e-20, 2e-20, 2e-20, -1
-0.097056, 0.263788, 1.2542, 0.05, 0.134883, 0.0236863, -0.1634, 0.2132, 996.508, -5587.73, 10, 2e-20, 3e-20, 2e-20, 2e-20, -1
-0.137464, 0.319481, 1.30509, 0.05, 0.090733, -0.0515674, -0.269975, 0.289445, 1003.25, 5207.07, 10, 2e-20, 3e-20, 2e-20, 2e-20, -1
-0.0982823, 0.249239, 1.33899, 0.05, 8.34637e-05, -0.218098, -0.0553347, 0.225008, 1000.23, 362.391, 10, 2e-20, 3e-20, 2e-20, 2e-20, -1
-0.11817, 0.371216, 1.39417, 0.05, 0.221283, -0.124794, -0.0293537, 0.255737, 1003.39, 5419.78, 10, 2e-20, 3e-20, 2e-20, 2e-20, -1
-0.152228, 0.457349, 0.178822, 0.05, 0.0235453, -0.265489, -0.277981, 0.385113, 998.745, -2008.7, 10, 2e-20, 3e-20, 2e-20, 2e-20, -1
-0.10421, 0.499055, 0.171453, 0.05, -0.0763778, -0.187998, -0.241371, 0.315336, 1018.57, 29707.2, 10, 2e-20, 3e-20, 2e-20, 2e-20, -1
-0.156969, 0.496772, 0.225254, 0.05, -0.0497727, -0.235779, 0.338612, 0.415605, 1012.8, 20474.9, 10, 2e-20, 3e-20, 2e-20, 2e-20, -1
-0.283858, 0.490967, 0.36096, 0.05, -0.210658, -0.394876, 0.120275, 0.463433, 1002.99, 4783.38, 10, 2e-20, 3e-20, 2e-20, 2e-20, -1
-0.250246, 0.489449, 0.406757, 0.05, -0.236837, -0.146536, 0.249808, 0.374123, 1021.34, 34151.4, 10, 2e-20, 3e-20, 2e-20, 2e-20, -1
-0.256701, 0.48889, 0.288417, 0.05, -0.223337, -0.0171588, -0.0421275, 0.227923, 1006.98, 11167, 10, 2e-20, 3e-20, 2e-20, 2e-20, -1
-0.182528, 0.471477, 0.304622, 0.05, 0.0194148, -0.084947, -0.0844529, 0.121348, 1003.39, 5430.85, 10, 2e-20, 3e-20, 2e-20, 2e-20, -1
-0.246008, 0.494807, 0.467505, 0.05, 0.0358848, 0.118365, 0.157997, 0.200652, 1013.37, 21395, 10, 2e-20, 3e-20, 2e-20, 2e-20, -1
-0.195481, 0.493566, 0.450227, 0.05, 0.11098, 0.0165354, 0.208034, 0.236364, 1006.43, 10289.5, 10, 2e-20, 3e-20, 2e-20, 2e-20, -1
-0.167394, 0.494155, 0.653833, 0.05, 0.0855508, -0.0778206, -0.0266512, 0.118681, 1003.27, 5227.37, 10, 2e-20, 3e-20, 2e-20, 2e-20, -1
-0.204071, 0.49685, 0.832365, 0.05, 0.150736, 0.0496331, -0.123715, 0.201221, 1008.6, 13758.4, 10, 2e-20, 3e-20, 2e-20, 2e-20, -1
-0.136581, 0.497107, 0.610515, 0.05, 0.166937, 0.0847359, 0.0652369, 0.198252, 999.354, -1033.83, 10, 2e-20, 3e-20, 2e-20, 2e-20, -1
-0.161254, 0.493867, 0.903295, 0.05, -0.0163519, 0.0682229, -0.183351, 0.196315, 1004.62, 7398.44, 10, 2e-20, 3e-20, 2e-20, 2e-20, -1
-0.210261, 0.477201, 0.732902, 0.05, 0.0386389, 0.205003, -0.162623, 0.264509, 1003.32, 5307.64, 10, 2e-20, 3e-20, 2e-20, 2e-20, -1
-0.108375, 0.492824, 0.9241, 0.05, 0.0975467, -0.02656, -0.119383, 0.156439, 1012.06, 19289.4, 10, 2e-20, 3e-20, 2e-20, 2e-20, -1
-0.916808, -0.295183, 1.27852, 0.05, 0.174031, -0.0289046, 0.0816488, 0.194394, 1003.66, 5863.92, 10, 2e-20, 3e-20, 2e-20, 2e-20, -1
-0.173075, 0.497376, 0.780562, 0.05, 0.0480307, 0.0287945, -0.0648824, 0.0857076, 1006.23, 9964.03, 10, 2e-20, 3e-20, 2e-20, 2e-20, -1
-0.22854, 0.497078, 1.1793, 0.05, -0.843928, 0.910375, -0.259253, 1.26815, 1009.37, 14995.7, 10, 2e-20, 3e-20, 2e-20, 2e-20, -1
-0.169796, 0.461496, 0.817775, 0.05, -0.0545527, 0.0882112, -0.115085, 0.154925, 1005.83, 9327.72, 10, 2e-20, 3e-20, 2e-20, 2e-20, -1
-0.170284, 0.498983, 0.962119, 0.05, -0.135199, -0.0193994, 0.0786532, 0.157612, 1009.85, 15757.6, 10, 2e-20, 3e-20, 2e-20, 2e-20, -1
-0.135608, 0.500197, 1.04718, 0.05, -0.495407, -0.0818932, -0.0272515, 0.502869, 1005.48, 8771.42, 10, 2e-20, 3e-20, 2e-20, 2e-20, -1
-0.199229, 0.498183, 1.01291, 0.05, 0.156232, -0.00636825, 0.276023, 0.317235, 1001.94, 3111.44, 10, 2e-20, 3e-20, 2e-20, 2e-20, -1
-0.171596, 0.496377, 1.15617, 0.05, -0.141897, 0.00450066, -0.0246059, 0.144085, 1004.99, 7986.3, 10, 2e-20, 3e-20, 2e-20, 2e-20, -1
-0.171311, 0.479751, 1.23724, 0.05, -0.183353, 0.161998, -0.534966, 0.58826, 996.219, -6049.07, 10, 2e-20, 3e-20, 2e-20, 2e-20, -1
-0.187484, 0.459734, 0.923094, 0.05, -0.155758, -0.0154278, 0.0860916, 0.178634, 999.293, -1130.8, 10, 2e-20, 3e-20, 2e-20, 2e-20, -1
-0.174664, 0.500213, 1.22109, 0.05, 0.0390761, 0.1497, 0.288796, 0.327628, 1000.06, 102.865, 10, 2e-20, 3e-20, 2e-20, 2e-20, -1
-0.231906, 0.486677, 1.23032, 0.05, 0.0852347, -0.0441095, 0.135012, 0.165647, 1004.23, 6763.92, 10, 2e-20, 3e-20, 2e-20, 2e-20, -1
-0.0922974, 0.399034, 1.24193, 0.05, 0.0231016, 0.0180922, -0.0717208, 0.0774912, 1007.85, 12565.9, 10, 2e-20, 3e-20, 2e-20, 2e-20, -1
-0.107261, 0.423557, 1.19685, 0.05, -0.106346, -0.100009, 0.0580536, 0.157104, 1001.28, 2049.25, 10, 2e-20, 3e-20, 2e-20, 2e-20, -1
-0.230194, 0.478927, 1.12384, 0.05, -0.0412571, 1.30343, 0.241116, 1.32618, 1004.66, 7456.14, 10, 2e-20, 3e-20, 2e-20, 2e-20, -1
-0.105358, 0.500823, 1.44269, 0.05, 0.216755, -0.0928406, 0.184069, 0.299138, 998.471, -2446.77, 10, 2e-20, 3e-20, 2e-20, 2e-20, -1
-0.17405, 0.447496, 1.1767, 0.05, -0.230708, 0.0246796, -0.0642279, 0.24075, 1002.06, 3293.04, 10, 2e-20, 3e-20, 2e-20, 2e-20, -1
-0.229657, 0.437562, 1.23442, 0.05, -0.055711, 0.0818377, 0.012986, 0.0998487, 996.421, -5725.72, 10, 2e-20, 3e-20, 2e-20, 2e-20, -1
-0.124767, 0.43949, 1.25297, 0.05, 0.112412, -0.0281442, -0.167096, 0.203346, 1003.53, 5655.6, 10, 2e-20, 3e-20, 2e-20, 2e-20, -1
-0.0551341, 0.388008, 1.13783, 0.05, 0.125509, 0.0858673, -0.0802441, 0.171944, 1004.06, 6495.67, 10, 2e-20, 3e-20, 2e-20, 2e-20, -1
-0.21517, 0.43494, 1.19722, 0.05, -0.112287, -0.0219956, -0.874764, 0.882215, 992.123, -12603.6, 10, 2e-20, 3e-20, 2e-20, 2e-20, -1
-0.127373, 0.377172, 1.30113, 0.05, 0.277055, -0.167398, 0.0432288, 0.326573, 992.301, -12318.5, 10, 2e-20, 3e-20, 2e-20, 2e-20, -1
-0.185844, 0.452993, 1.26716, 0.05, -0.0583252, -0.143205, -0.0891577, 0.17849, 1007.32, 11719.7, 10, 2e-20, 3e-20, 2e-20, 2e-20, -1
-0.130899, 0.473669, 1.29707, 0.05, 0.0914461, -0.0995147, -0.155558, 0.206067, 996.637, -5380.81, 10, 2e-20, 3e-20, 2e-20, 2e-20, -1
-0.189352, 0.490221, 1.44239, 0.05, 0.0211652, 0.073195, -0.0737825, 0.106063, 996.676, -5318.54, 10, 2e-20, 3e-20, 2e-20, 2e-20, -1
-0.245855, 0.371737, 1.3986, 0.05, -0.00541634, -0.399141, 0.250448, 0.47124, 1002.57, 4109.93, 10, 2e-20, 3e-20, 2e-20, 2e-20, -1
-0.177385, 0.509517, 1.39032, 0.05, -0.0826765, -0.184837, -0.047267, 0.207929, 1002.69, 4310.64, 10, 2e-20, 3e-20, 2e-20, 2e-20, -1
-0.126684, 0.292343, 1.25287, 0.05, 0.17911, 0.0923285, -0.230937, 0.306492, 1001.82, 2916.9, 10, 2e-20, 3e-20, 2e-20, 2e-20, -1
-0.148606, 0.330212, 1.2497, 0.05, 0.267165, 0.0194699, -0.00555862, 0.267931, 1001.73, 2763.55, 10, 2e-20, 3e-20, 2e-20, 2e-20, -1
-0.266957, 0.365868, 1.31952, 0.05, -0.0584689, -0.158072, -0.0816957, 0.187296, 1008.9, 14232.5, 10, 2e-20, 3e-20, 2e-20, 2e-20, -1
-0.824557, 0.406593, 1.20662, 0.05, 0.336903, 0.0915341, -0.269243, 0.440879, 999.898, -162.994, 10, 2e-20, 3e-20, 2e-20, 2e-20, -1
-0.199648, 0.353634, 1.39407, 0.05, 0.37184, -0.208637, -0.00364832, 0.426389, 999.855, -231.783, 10, 2e-20, 3e-20, 2e-20, 2e-20, -1
-0.446592, 0.236916, 1.33141, 0.05, 0.300862, -0.0542135, 0.0494447, 0.30968, 999.801, -318.715, 10, 2e-20, 3e-20, 2e-20, 2e-20, -1
-0.255732, 0.323881, 1.33866, 0.05, 0.356551, -0.00390305, -0.0931037, 0.368527, 1001.6, 2559.21, 10, 2e-20, 3e-20, 2e-20, 2e-20, -1
-0.123349, 0.399571, 1.45483, 0.05, 0.148799, 0.0691328, 0.0120452, 0.164516, 994.123, -9402.55, 10, 2e-20, 3e-20, 2e-20, 2e-20, -1
-0.171175, 0.34338, 1.4241, 0.05, 0.283045, -0.148931, -0.125372, 0.34353, 1004.34, 6937.02, 10, 2e-20, 3e-20, 2e-20, 2e-20, -1
-0.0829707, -0.450888, 0.0534043, 0.05, -0.154206, 0.0946603, -0.224154, 0.288071, 1008.67, 13876.6, 10, 2e-20, 3e-20, 2e-20, 2e-20, -1
-0.10778, -0.491475, 0.0638563, 0.05, -0.161959, -0.101415, -0.0342011, 0.194128, 1002.87, 4592.46, 10, 2e-20, 3e-20, 2e-20, 2e-20, -1
-0.115558, -0.49333, 0.127017, 0.05, -0.0294053, -0.286826, -0.101209, 0.305576, 1007.93, 12683.6, 10, 2e-20, 3e-20, 2e-20, 2e-20, -1
-0.115253, -0.493848, 0.184035, 0.05, -0.135916, -0.0017117, 0.0787562, 0.157094, 1012.81, 20490.5, 10, 2e-20, 3e-20, 2e-20, 2e-20, -1
-0.119437, -0.496754, 0.241544, 0.05, -0.0842065, 0.130753, 0.087956, 0.178671, 1009.92, 15870.3, 10, 2e-20, 3e-20, 2e-20, 2e-20, -1
-0.0538702, -0.497076, 0.244705, 0.05, -0.0299368, 0.0285204, -0.240298, 0.24383, 1009.41, 15053.9, 10, 2e-20, 3e-20, 2e-20, 2e-20, -1
-0.118887, -0.496145, 0.375049, 0.05, -0.061291, -0.0580121, -0.0230233, 0.0874761, 1010.96, 17534.2, 10, 2e-20, 3e-20, 2e-20, 2e-20, -1
-0.0601208, -0.495885, 0.397147, 0.05, 0.0259416, -0.132569, -0.138355, 0.193364, 1010.49, 16785.7, 10, 2e-20, 3e-20, 2e-20, 2e-20, -1
-0.0427423, -0.498269, 0.459245, 0.05, 0.0640401, 0.142466, 0.123597, 0.199183, 1005.84, 9339.52, 10, 2e-20, 3e-20, 2e-20, 2e-20, -1
-0.182701, -0.497064, 0.60083, 0.05, -0.157871, -0.02972, 0.19343, 0.251439, 1011.62, 18598.2, 10, 2e-20, 3e-20, 2e-20, 2e-20, -1
-0.159772, -0.494424, 0.668333, 0.05, -0.0843603, 0.0498807, 0.0670333, 0.118736, 1006.99, 11177.3, 10, 2e-20, 3e-20, 2e-20, 2e-20, -1
-0.107958, -0.494584, 0.702473, 0.05, -0.0498235, -0.0151199, 0.021828, 0.0564575, 1007.89, 12620.7, 10, 2e-20, 3e-20, 2e-20, 2e-20, -1
-0.153917, -0.495707, 0.872604, 0.05, -0.0270421, 0.0500062, 0.239164, 0.245828, 1003.5, 5592.32, 10, 2e-20, 3e-20, 2e-20, 2e-20, -1
-0.150913, -0.494901, 0.806282, 0.05, 0.0865112, -0.0625318, 0.0977279, 0.144724, 1004.31, 6902.15, 10, 2e-20, 3e-20, 2e-20, 2e-20, -1
-0.14998, -0.468566, 0.614226, 0.05, -0.106184, -0.0579626, 0.165688, 0.205152, 999.094, -1449.13, 10, 2e-20, 3e-20, 2e-20, 2e-20, -1
-0.0992905, -0.495786, 0.960834, 0.05, -0.207836, -0.00240374, 0.331614, 0.391369, 1005.2, 8319.09, 10, 2e-20, 3e-20, 2e-20, 2e-20, -1
-0.128259, -0.461499, 0.743417, 0.05, -0.0104318, 0.0711192, 0.0469817, 0.0858722, 1005.11, 8169.77, 10, 2e-20, 3e-20, 2e-20, 2e-20, -1
-0.206748, -0.495314, 1.03122, 0.05, -0.067873, -0.0434243, 0.26959, 0.281373, 1000.84, 1348.63, 10, 2e-20, 3e-20, 2e-20, 2e-20, -1
-0.144202, -0.447449, 0.874648, 0.05, -0.0939784, 0.047828, 0.0966678, 0.143053, 1005.64, 9029.41, 10, 2e-20, 3e-20, 2e-20, 2e-20, -1
-0.0986446, -0.497913, 0.833831, 0.05, -0.0630138, 0.0178818, 0.0638012, 0.091439, 1002.43, 3888.49, 10, 2e-20, 3e-20, 2e-20, 2e-20, -1
-0.0852596, -0.495114, 1.14678, 0.05, -0.0901949, 0.0659102, 0.0445906, 0.120281, 1003.5, 5592.59, 10, 2e-20, 3e-20, 2e-20, 2e-20, -1
-0.145227, -0.499908, 1.00688, 0.05, -0.0684698, 0.104577, 0.211392, 0.245583, 997.577, -3876.14, 10, 2e-20, 3e-20, 2e-20, 2e-20, -1
-0.171383, -0.470113, 0.983277, 0.05, -0.0713427, 0.0864524, 0.0664657, 0.130313, 1001.32, 2118, 10, 2e-20, 3e-20, 2e-20, 2e-20, -1
-0.230159, -0.500364, 1.18441, 0.05, 0.146107, 0.000219164, 0.197278, 0.245491, 998.285, -2743.25, 10, 2e-20, 3e-20, 2e-20, 2e-20, -1
-0.175859, -0.454042, 1.0521, 0.05, -0.00603123, -0.175877, 0.260941, 0.314737, 1003.86, 6176.11, 10, 2e-20, 3e-20, 2e-20, 2e-20, -1
-0.195135, -0.493015, 1.24775, 0.05, 0.166889, -0.00891393, 0.120748, 0.206183, 1002.2, 3519.06, 10, 2e-20, 3e-20, 2e-20, 2e-20, -1
-0.175488, -0.492522, 1.20258, 0.05, 0.0356219, -0.063229, 0.320666, 0.328776, 992.72, -11647.7, 10, 2e-20, 3e-20, 2e-20, 2e-20, -1
-0.152662, -0.443518, 1.22198, 0.05, 0.021398, -0.118981, 0.23222, 0.261802, 1002.72, 4351.49, 10, 2e-20, 3e-20, 2e-20, 2e-20, -1
-0.458445, -0.395928, 1.45994, 0.05, -0.164628, 0.00827623, 0.514346, 0.540114, 1004.55, 7275.78, 10, 2e-20, 3e-20, 2e-20, 2e-20, -1
-0.0752668, -0.479851, 1.22196, 0.05, -0.177074, 0.106969, 0.247424, 0.322516, 1005.53, 8847.44, 10, 2e-20, 3e-20, 2e-20, 2e-20, -1
-0.145525, -0.502313, 1.24256, 0.05, -0.0111325, -0.0857957, 0.220173, 0.236561, 998.488, -2419.12, 10, 2e-20, 3e-20, 2e-20, 2e-20, -1
-0.227462, -0.451868, 1.19824, 0.05, 0.162225, -0.0475868, 0.330784, 0.371483, 1002.05, 3278.12, 10, 2e-20, 3e-20, 2e-20, 2e-20, -1
-0.192711, -0.427782, 1.23835, 0.05, 0.0407157, 0.0432248, 0.203115, 0.211617, 997.097, -4645.18, 10, 2e-20, 3e-20, 2e-20, 2e-20, -1
-0.135649, -0.474576, 1.35535, 0.05, -0.0990082, -0.0871075, 0.253435, 0.285691, 997.64, -3775.76, 10, 2e-20, 3e-20, 2e-20, 2e-20, -1
-0.17394, -0.419293, 1.3034, 0.05, -0.0153505, -0.0236207, 0.294535, 0.295879, 1000.58, 934.629, 10, 2e-20, 3e-20, 2e-20, 2e-20, -1
-0.117489, -0.399417, 1.22168, 0.05, 0.0951904, 0.0176606, 0.236493, 0.255542, 1006.01, 9611.1, 10, 2e-20, 3e-20, 2e-20, 2e-20, -1
-0.0898272, -0.504992, 1.2964, 0.05, -0.0957022, -0.16878, 0.0850683, 0.211854, 995.902, -6556.13, 10, 2e-20, 3e-20, 2e-20, 2e-20, -1
-0.122667, -0.385939, 1.12488, 0.05, -0.143876, -0.105735, 0.123095, 0.21687, 1000.62, 992.156, 10, 2e-20, 3e-20, 2e-20, 2e-20, -1
0.00262268, -0.341377, 1.50925, 0.05, -0.0716735, -0.0821953, 0.170837, 0.202678, 1004.73, 7567.5, 10, 2e-20, 3e-20, 2e-20, 2e-20, -1
-0.170482, -0.497232, 1.41677, 0.05, -0.0854926, -0.197258, 0.367259, 0.425557, 999.887, -181.262, 10, 2e-20, 3e-20, 2e-20, 2e-20, -1
-0.123723, -0.512759, 1.33787, 0.05, 0.0404282, 0.101912, 0.0246939, 0.112385, 1003.21, 5141.51, 10, 2e-20, 3e-20, 2e-20, 2e-20, -1
-0.190689, -0.451794, 1.38494, 0.05, -0.230406, -0.0419548, 0.412871, 0.474668, 1003.9, 6247.4, 10, 2e-20, 3e-20, 2e-20, 2e-20, -1
-0.19867, -0.343421, 1.25574, 0.05, 0.0953967, -0.0325718, 0.156887, 0.186481, 1003.57, 5709.55, 10, 2e-20, 3e-20, 2e-20, 2e-20, -1
0.0320336, -0.499035, 1.43207, 0.05, -0.235396, -0.00907398, 0.1396, 0.273828, 1000.79, 1259.14, 10, 2e-20, 3e-20, 2e-20, 2e-20, -1
-0.0122289, -0.304944, 1.35677, 0.05, 0.0120712, 0.0369144, 0.18102, 0.185139, 1000.34, 544.92, 10, 2e-20, 3e-20, 2e-20, 2e-20, -1
-0.245063, -0.519452, 1.33993, 0.05, 0.0624163, -0.0343924, 0.264417, 0.273852, 996.148, -6163.66, 10, 2e-20, 3e-20, 2e-20, 2e-20, -1
0.0518822, -0.33873, 1.351, 0.05, -0.182318, 0.109015, 0.0716337, 0.224177, 998.887, -1781.3, 10, 2e-20, 3e-20, 2e-20, 2e-20, -1
-0.278009, -0.471722, 1.40248, 0.05, -0.00433877, 0.118811, 0.547634, 0.56039, 1006.04, 9656.21, 10, 2e-20, 3e-20, 2e-20, 2e-20, -1
-0.146882, -0.431277, 1.46164, 0.05, -0.0605669, -0.29767, 0.488202, 0.574993, 998.47, -2447.36, 10, 2e-20, 3e-20, 2e-20, 2e-20, -1
0.00740771, -0.258417, 1.38355, 0.05, -0.130044, 0.0875213, 0.140775, 0.210687, 1002.8, 4473.44, 10, 2e-20, 3e-20, 2e-20, 2e-20, -1
-0.0860407, -0.362629, 1.4998, 0.05, -0.136345, -0.249119, 0.202302, 0.348678, 1000.31, 500.906, 10, 2e-20, 3e-20, 2e-20, 2e-20, -1
-0.0655079, -0.395931, 0.047923, 0.05, -0.121461, 0.231745, 0.0531815, 0.266996, 1009.14, 14631.2, 10, 2e-20, 3e-20, 2e-20, 2e-20, -1
-0.110845, -0.43994, 0.104597, 0.05, 0.0562144, -0.160394, -0.0296711, 0.17253, 1003.48, 5561.12, 10, 2e-20, 3e-20, 2e-20, 2e-20, -1
-0.144349, -0.411038, 0.159319, 0.05, 0.21058, 0.0600046, -0.0289401, 0.220866, 1003.01, 4811.89, 10, 2e-20, 3e-20, 2e-20, 2e-20, -1
-0.111958, -0.444377, 0.152291, 0.05, -0.266537, 0.258946, 0.0638396, 0.377055, 1006.88, 11000.5, 10, 2e-20, 3e-20, 2e-20, 2e-20, -1
-0.0779588, -0.451796, 0.200896, 0.05, -0.0323392, -0.227448, 0.0525635, 0.235672, 1008.72, 13946.1, 10, 2e-20, 3e-20, 2e-20, 2e-20, -1
-0.0971769, -0.488371, 0.283576, 0.05, -0.134206, -0.00290281, 0.0395998, 0.139957, 998.625, -2199.85, 10, 2e-20, 3e-20, 2e-20, 2e-20, -1
-0.0969387, -0.420128, 0.280867, 0.05, -0.0649504, 0.0510984, -0.0411739, 0.0923303, 1004.07, 6509.78, 10, 2e-20, 3e-20, 2e-20, 2e-20, -1
-0.0739364, -0.443962, 0.33376, 0.05, 0.014564, 0.011451, 0.000813766, 0.0185445, 1003.45, 5519.03, 10, 2e-20, 3e-20, 2e-20, 2e-20, -1
-0.119309, -0.445203, 0.396835, 0.05, 0.00526284, 0.146909, 0.132939, 0.198199, 997.72, -3648.78, 10, 2e-20, 3e-20, 2e-20, 2e-20, -1
-0.0701384, -0.441059, 0.384311, 0.05, -0.0242781, 0.194653, -0.0660733, 0.20699, 1004.78, 7645.81, 10, 2e-20, 3e-20, 2e-20, 2e-20, -1
-0.141143, -0.454755, 0.524888, 0.05, -0.0656507, -0.0629921, -0.0154355, 0.0922837, 1002.56, 4091.14, 10, 2e-20, 3e-20, 2e-20, 2e-20, -1
-0.1163, -0.443388, 0.566412, 0.05, 0.0265843, 0.04999, 0.130812, 0.142539, 1004.12, 6595.64, 10, 2e-20, 3e-20, 2e-20, 2e-20, -1
-0.130712, -0.420071, 0.434233, 0.05, -0.0151888, -0.0187019, 0.0811308, 0.0846325, 1002.55, 4076.22, 10, 2e-20, 3e-20, 2e-20, 2e-20, -1
-0.0591893, -0.437471, 0.467675, 0.05, -0.0107244, -0.0297308, 0.113156, 0.117487, 1002.41, 3854.81, 10, 2e-20, 3e-20, 2e-20, 2e-20, -1
-0.0615291, -0.429421, 0.544771, 0.05, 0.0457334, -0.176987, 0.203, 0.273175, 1003.55, 5686.33, 10, 2e-20, 3e-20, 2e-20, 2e-20, -1
-0.095352, -0.40654, 0.394028, 0.05, 0.0643955, -0.0495298, 0.0317709, 0.0872317, 1008.57, 13712.8, 10, 2e-20, 3e-20, 2e-20, 2e-20, -1
-0.106294, -0.403049, 0.531474, 0.05, -0.0357572, -0.0483776, -0.062991, 0.0871025, 1005.67, 9072.64, 10, 2e-20, 3e-20, 2e-20, 2e-20, -1
-0.115327, -0.437372, 0.623241, 0.05, -0.0970511, -0.201357, 0.0678692, 0.233602, 1002.73, 4367.38, 10, 2e-20, 3e-20, 2e-20, 2e-20, -1
-0.0955181, -0.405375, 0.586584, 0.05, -0.119936, -0.0983551, 0.0292771, 0.157846, 1002.13, 3400.22, 10, 2e-20, 3e-20, 2e-20, 2e-20, -1
-0.166704, -0.436614, 0.645163, 0.05, -0.136392, -0.165157, 0.0365358, 0.217289, 1003.08, 4922.94, 10, 2e-20, 3e-20, 2e-20, 2e-20, -1
-0.150378, -0.423704, 0.75549, 0.05, -0.064064, 0.0905101, 0.0738877, 0.13325, 1000.05, 76.2002, 10, 2e-20, 3e-20, 2e-20, 2e-20, -1
-0.0979089, -0.439487, 0.87275, 0.05, 0.00981636, 0.0187894, 0.19802, 0.199152, 1003.92, 6265.09, 10, 2e-20, 3e-20, 2e-20, 2e-20, -1
-0.120451, -0.45545, 0.828673, 0.05, 0.111478, 0.0737424, 0.147042, 0.198712, 1001.67, 2669.64, 10, 2e-20, 3e-20, 2e-20, 2e-20, -1
-0.157391, -0.43382, 0.81447, 0.05, 0.0798089, -0.0615044, 0.155295, 0.185118, 1000.95, 1517.9, 10, 2e-20, 3e-20, 2e-20, 2e-20, -1
-0.133441, -0.447265, 1.00812, 0.05, -0.0235863, -0.0474599, 0.0445582, 0.0692401, 1001.55, 2476.87, 10, 2e-20, 3e-20, 2e-20, 2e-20, -1
-0.222446, -0.441867, 1.00825, 0.05, 0.0696871, -0.127281, 0.217151, 0.261173, 997.499, -4002.21, 10, 2e-20, 3e-20, 2e-20, 2e-20, -1
-0.13386, -0.409102, 0.901378, 0.05, 0.0734624, 0.179419, 0.162089, 0.252707, 999.419, -930.185, 10, 2e-20, 3e-20, 2e-20, 2e-20, -1
-0.129629, -0.412149, 0.950382, 0.05, -0.0105723, 0.14058, 0.21966, 0.261007, 1002.83, 4535.83, 10, 2e-20, 3e-20, 2e-20, 2e-20, -1
-0.179412, -0.431706, 1.1453, 0.05, 0.098777, -0.0163553, 0.134709, 0.167842, 1000.03, 54.1424, 10, 2e-20, 3e-20, 2e-20, 2e-20, -1
-0.173837, -0.42717, 1.09672, 0.05, -0.0522175, 0.0881949, 0.202613, 0.227062, 999.029, -1553.49, 10, 2e-20, 3e-20, 2e-20, 2e-20, -1
-0.185591, -0.434157, 1.18698, 0.05, 0.154658, -0.0378112, 0.273059, 0.316085, 1002.55, 4083.31, 10, 2e-20, 3e-20, 2e-20, 2e-20, -1
-0.143091, -0.406356, 1.04194, 0.05, 0.0139616, 0.0359018, 0.201743, 0.205387, 998.622, -2205.17, 10, 2e-20, 3e-20, 2e-20, 2e-20, -1
-0.150991, -0.345639, 0.837133, 0.05, -0.092592, -0.0741049, 0.189177, 0.223278, 1003.61, 5770.36, 10, 2e-20, 3e-20, 2e-20, 2e-20, -1
-0.190764, -0.416019, 1.02972, 0.05, -0.0872585, 0.132397, 0.0886503, 0.181664, 1000.16, 256.686, 10, 2e-20, 3e-20, 2e-20, 2e-20, -1
-0.177828, -0.376455, 1.0293, 0.05, -0.0945493, -0.0236134, 0.0943159, 0.13562, 1004.07, 6505.06, 10, 2e-20, 3e-20, 2e-20, 2e-20, -1
-0.27204, -0.439511, 1.25337, 0.05, 0.0461613, -0.0355265, 0.298366, 0.303998, 994.789, -8338.17, 10, 2e-20, 3e-20, 2e-20, 2e-20, -1
-0.134406, -0.362604, 1.05965, 0.05, 0.114344, -0.0982971, 0.131086, 0.199801, 1000.59, 937.905, 10, 2e-20, 3e-20, 2e-20, 2e-20, -1
-0.0954459, -0.307904, 0.989663, 0.05, -0.0657313, -0.0311345, 0.196682, 0.209699, 999.834, -265.248, 10, 2e-20, 3e-20, 2e-20, 2e-20, -1
-0.112912, -0.32387, 1.03961, 0.05, 0.0118372, -0.0767186, 0.237174, 0.249554, 1005.82, 9308.03, 10, 2e-20, 3e-20, 2e-20, 2e-20, -1
-0.134252, -0.350124, 1.15442, 0.05, 0.000616732, -0.0755508, 0.147423, 0.165656, 1000, 2.34472, 10, 2e-20, 3e-20, 2e-20, 2e-20, -1
-0.110369, -0.276003, 1.03022, 0.05, -0.0214521, -0.0797716, 0.0704778, 0.108586, 1003.07, 4916.38, 10, 2e-20, 3e-20, 2e-20, 2e-20, -1
-0.157255, -0.333322, 1.09367, 0.05, 0.0456851, -0.0529347, 0.284537, 0.293003, 1009.53, 15240.2, 10, 2e-20, 3e-20, 2e-20, 2e-20, -1
-0.16286, -0.375895, 1.21864, 0.05, -0.0785798, 0.0425273, 0.302101, 0.315037, 1000.61, 968.068, 10, 2e-20, 3e-20, 2e-20, 2e-20, -1
-0.151659, -0.394974, 1.26525, 0.05, -0.126926, 0.00329545, 0.239383, 0.270971, 999.286, -1142.66, 10, 2e-20, 3e-20, 2e-20, 2e-20, -1
-0.132336, -0.372761, 1.26592, 0.05, 0.0285658, 0.0227879, 0.147826, 0.152276, 1000.89, 1427.41, 10, 2e-20, 3e-20, 2e-20, 2e-20, -1
-0.117057, -0.350065, 1.21451, 0.05, 0.0115203, -0.0773587, 0.270901, 0.281966, 999.769, -370.396, 10, 2e-20, 3e-20, 2e-20, 2e-20, -1
-0.151349, -0.387266, 1.32785, 0.05, -0.199199, -0.113124, 0.214733, 0.313987, 999.886, -182.614, 10, 2e-20, 3e-20, 2e-20, 2e-20, -1
-0.0267117, -0.282024, 1.19309, 0.05, 0.00666355, 0.0195941, 0.0352485, 0.0408753, 1002.18, 3488.8, 10, 2e-20, 3e-20, 2e-20, 2e-20, -1
-0.116907, -0.366691, 1.31297, 0.05, -0.0382861, -0.0542854, 0.244207, 0.25308, 1002.45, 3912.2, 10, 2e-20, 3e-20, 2e-20, 2e-20, -1
-0.0945986, -0.298104, 1.18905, 0.05, 0.0163723, -0.0165835, 0.141972, 0.143872, 999.442, -892.701, 10, 2e-20, 3e-20, 2e-20, 2e-20, -1
-0.0510397, -0.290335, 1.3752, 0.05, -0.0808384, -0.14998, 0.278356, 0.326361, 1000.81, 1297.59, 10, 2e-20, 3e-20, 2e-20, 2e-20, -1
-0.124315, -0.345633, 0.0497867, 0.05, -0.199397, 0.0595292, 0.0475326, 0.213453, 1006.78, 10852, 10, 2e-20, 3e-20, 2e-20, 2e-20, -1
-0.145685, -0.379511, 0.0786252, 0.05, -0.106183, -0.102814, 0.0733236, 0.164991, 999.321, -1085.62, 10, 2e-20, 3e-20, 2e-20, 2e-20, -1
-0.155846, -0.375384, 0.119879, 0.05, 0.0287207, 0.0121295, -0.078158, 0.0841467, 1010.62, 16994.6, 10, 2e-20, 3e-20, 2e-20, 2e-20, -1
-0.176388, -0.395863, 0.173851, 0.05, -0.06925, 0.154895, -0.0651978, 0.181766, 1004.1, 6555.47, 10, 2e-20, 3e-20, 2e-20, 2e-20, -1
-0.138126, -0.449014, 0.200656, 0.05, -0.0932535, -0.0680265, 0.0614211, 0.130753, 1005.84, 9337.25, 10, 2e-20, 3e-20, 2e-20, 2e-20, -1
-0.122543, -0.405611, 0.231044, 0.05, -0.0665435, -0.169815, -0.0642011, 0.193357, 1006.89, 11029.8, 10, 2e-20, 3e-20, 2e-20, 2e-20, -1
-0.0823026, -0.345328, 0.223152, 0.05, -0.0212611, -0.153407, -0.0936157, 0.180969, 1005.13, 8214.04, 10, 2e-20, 3e-20, 2e-20, 2e-20, -1
-0.0963718, -0.36847, 0.267318, 0.05, -0.0590165, 0.128434, 0.04668, 0.148853, 1006.17, 9876.59, 10, 2e-20, 3e-20, 2e-20, 2e-20, -1
-0.106248, -0.393501, 0.322992, 0.05, -0.16068, -0.0178855, 0.00470571, 0.161741, 999.946, -87.0919, 10, 2e-20, 3e-20, 2e-20, 2e-20, -1
-0.14834, -0.355697, 0.265197, 0.05, 0.15725, -0.300175, -0.083194, 0.348932, 1008.5, 13606.7, 10, 2e-20, 3e-20, 2e-20, 2e-20, -1
-0.14355, -0.294869, 0.271865, 0.05, -0.00341895, -0.0388745, -0.0254633, 0.0465972, 1009.56, 15302.5, 10, 2e-20, 3e-20, 2e-20, 2e-20, -1
-0.0597465, -0.375285, 0.316463, 0.05, -0.0927517, 0.0748283, -0.0212415, 0.121051, 1003.41, 5461.32, 10, 2e-20, 3e-20, 2e-20, 2e-20, -1
-0.107086, -0.33128, 0.30229, 0.05, 0.0578483, -0.226919, -0.0695462, 0.244286, 1002.1, 3353.74, 10, 2e-20, 3e-20, 2e-20, 2e-20, -1
-0.109535, -0.358672, 0.3608, 0.05, -0.00258938, 0.0141439, 0.0951732, 0.0962533, 1007.18, 11483.6, 10, 2e-20, 3e-20, 2e-20, 2e-20, -1
-0.123016, -0.316206, 0.382681, 0.05, 0.0621547, 0.0230712, 0.0106479, 0.0671481, 1005.45, 8724.58, 10, 2e-20, 3e-20, 2e-20, 2e-20, -1
-0.161089, -0.288116, 0.368546, 0.05, 0.0347877, 0.0890709, -0.12923, 0.160761, 1005.06, 8098.49, 10, 2e-20, 3e-20, 2e-20, 2e-20, -1
-0.130813, -0.341535, 0.43118, 0.05, 0.0132685, -0.225912, -0.041841, 0.230136, 1012.76, 20412.7, 10, 2e-20, 3e-20, 2e-20, 2e-20, -1
-0.0818388, -0.397027, 0.444496, 0.05, 0.0604821, 0.0386986, 0.0515501, 0.0883916, 1002.12, 3399.44, 10, 2e-20, 3e-20, 2e-20, 2e-20, -1
-0.0852581, -0.365178, 0.40906, 0.05, -0.157289, -0.137308, 0.0431396, 0.213201, 1002.01, 3210.25, 10, 2e-20, 3e-20, 2e-20, 2e-20, -1
-0.0968187, -0.372272, 0.496973, 0.05, -0.0949341, -0.286394, 0.147923, 0.336028, 1003.19, 5103.83, 10, 2e-20, 3e-20, 2e-20, 2e-20, -1
-0.145426, -0.400852, 0.566731, 0.05, -0.0342682, -0.0490325, 0.130964, 0.143979, 1007.26, 11618.6, 10, 2e-20, 3e-20, 2e-20, 2e-20, -1
-0.126249, -0.416092, 0.669193, 0.05, -0.0330394, -0.251871, 0.135095, 0.287717, 1007.63, 12203.5, 10, 2e-20, 3e-20, 2e-20, 2e-20, -1
-0.11979, -0.409794, 0.793451, 0.05, 0.0308067, -0.0445082, 0.0138455, 0.0558724, 1003.62, 5795.74, 10, 2e-20, 3e-20, 2e-20, 2e-20, -1
-0.0886819, -0.3813, 0.681689, 0.05, -0.0210857, -0.131445, 0.125632, 0.183046, 999.222, -1245.05, 10, 2e-20, 3e-20, 2e-20, 2e-20, -1
-0.111552, -0.411436, 0.72375, 0.05, -0.163939, -0.0494109, 0.129893, 0.214918, 998.755, -1992.43, 10, 2e-20, 3e-20, 2e-20, 2e-20, -1
-0.0828682, -0.395763, 0.826234, 0.05, -0.0300165, 0.00057313, 0.0471209, 0.0558722, 1003.61, 5782.55, 10, 2e-20, 3e-20, 2e-20, 2e-20, -1
-0.0916146, -0.367215, 0.747286, 0.05, -0.0805498, 0.00844667, 0.0620632, 0.102037, 1005.87, 9389.71, 10, 2e-20, 3e-20, 2e-20, 2e-20, -1
-0.129901, -0.396547, 0.848991, 0.05, -0.138471, -0.0491724, 0.129284, 0.195721, 1003.1, 4963.55, 10, 2e-20, 3e-20, 2e-20, 2e-20, -1
-0.083273, -0.441831, 0.983211, 0.05, -0.10917, -0.154425, 0.276485, 0.334976, 1003.76, 6009.75, 10, 2e-20, 3e-20, 2e-20, 2e-20, -1
-0.101957, -0.364538, 0.87062, 0.05, -0.000791312, -0.0402438, 0.15355, 0.158738, 1002.81, 4496.05, 10, 2e-20, 3e-20, 2e-20, 2e-20, -1
-0.0893736, -0.380111, 0.93337, 0.05, -0.0638797, 0.0455022, 0.179331, 0.195731, 1003.71, 5941.95, 10, 2e-20, 3e-20, 2e-20, 2e-20, -1
-0.0670496, -0.340581, 0.883498, 0.05, -0.0107237, 0.118235, 0.150149, 0.191414, 1004.33, 6923.71, 10, 2e-20, 3e-20, 2e-20, 2e-20, -1
-0.0874747, -0.250667, 0.793946, 0.05, 0.162404, -0.123128, 0.0737442, 0.216735, 1001.24, 1976.15, 10, 2e-20, 3e-20, 2e-20, 2e-20, -1
-0.110944, -0.398492, 0.993125, 0.05, -0.130743, 0.082918, 0.113821, 0.192157, 1005.28, 8443.07, 10, 2e-20, 3e-20, 2e-20, 2e-20, -1
-0.121409, -0.35939, 1.00663, 0.05, -0.014547, 0.0018275, 0.148717, 0.149438, 1002.49, 3977.17, 10, 2e-20, 3e-20, 2e-20, 2e-20, -1
-0.108754, -0.329485, 0.909517, 0.05, 0.068608, -0.131096, 0.152658, 0.212598, 998.055, -3111.62, 10, 2e-20, 3e-20, 2e-20, 2e-20, -1
-0.151019, -0.327226, 0.957109, 0.05, 0.0916673, -0.0904547, 0.0809717, 0.152123, 1007.98, 12761.6, 10, 2e-20, 3e-20, 2e-20, 2e-20, -1
-0.13434, -0.289239, 0.88986, 0.05, 0.0612414, -0.0701315, -0.0547296, 0.108001, 1000.09, 145.448, 10, 2e-20, 3e-20, 2e-20, 2e-20, -1
-0.113497, -0.291295, 0.937592, 0.05, 0.0646669, -0.0108246, 0.155391, 0.168657, 1004.78, 7647.72, 10, 2e-20, 3e-20, 2e-20, 2e-20, -1
-0.144407, -0.28199, 0.984563, 0.05, -0.0314549, -0.00105587, 0.159356, 0.162435, 1004.59, 7350.4, 10, 2e-20, 3e-20, 2e-20, 2e-20, -1
-0.122205, -0.227745, 0.998471, 0.05, 0.0737134, -0.168875, 0.00304625, 0.184287, 1003.29, 5263.19, 10, 2e-20, 3e-20, 2e-20, 2e-20, -1
-0.0670768, -0.218895, 0.971917, 0.05, -0.227315, -0.202309, 0.0884085, 0.316887, 1000.65, 1045.07, 10, 2e-20, 3e-20, 2e-20, 2e-20, -1
-0.0776222, -0.319936, 1.07447, 0.05, -0.166739, -0.0598697, 0.169364, 0.245093, 1000.4, 638.56, 10, 2e-20, 3e-20, 2e-20, 2e-20, -1
-0.0783752, -0.238306, 1.02752, 0.05, -0.0407974, -0.131998, 0.064377, 0.152421, 997.525, -3959.77, 10, 2e-20, 3e-20, 2e-20, 2e-20, -1
-0.0873108, -0.363313, 1.19291, 0.05, 0.101181, -0.0740853, 0.111771, 0.167985, 1000.35, 558.845, 10, 2e-20, 3e-20, 2e-20, 2e-20, -1
-0.115826, -0.253847, 1.14431, 0.05, 0.0791047, -0.0837526, 0.164926, 0.201178, 1000.67, 1064.25, 10, 2e-20, 3e-20, 2e-20, 2e-20, -1
-0.0667221, -0.18622, 1.11928, 0.05, 0.0542737, -0.0718931, 0.0972515, 0.13256, 998.638, -2179.15, 10, 2e-20, 3e-20, 2e-20, 2e-20, -1
-0.0662137, -0.262049, 1.16531, 0.05, -0.0295198, -0.0506662, 0.0768578, 0.0966727, 994.267, -9172.97, 10, 2e-20, 3e-20, 2e-20, 2e-20, -1
-0.0527184, -0.241664, 1.20834, 0.05, -0.0236888, -0.126506, 0.100041, 0.163013, 1003.4, 5444.16, 10, 2e-20, 3e-20, 2e-20, 2e-20, -1
-0.095604, -0.251969, 1.1994, 0.05, 0.0691328, -0.09821, 0.0829901, 0.145986, 1000.69, 1108.42, 10, 2e-20, 3e-20, 2e-20, 2e-20, -1
-0.0784347, -0.353427, 1.39987, 0.05, -0.0162126, -0.219623, 0.154233, 0.268858, 999.217, -1252.08, 10, 2e-20, 3e-20, 2e-20, 2e-20, -1
-0.15491, -0.245136, 0.0530683, 0.05, 0.140092, -0.139452, -0.243158, 0.313366, 1010.5, 16806.8, 10, 2e-20, 3e-20, 2e-20, 2e-20, -1
-0.10612, -0.339543, 0.0954478, 0.05, -0.0636374, 0.152079, 0.000973821, 0.16486, 1003.38, 5408.14, 10, 2e-20, 3e-20, 2e-20, 2e-20, -1
-0.117175, -0.349417, 0.150125, 0.05, 0.110115, 0.0265929, -0.220817, 0.248179, 1007.86, 12574.7, 10, 2e-20, 3e-20, 2e-20, 2e-20, -1
-0.113553, -0.299286, 0.125524, 0.05, -0.0488488, -0.31881, -0.21678, 0.388612, 1004.39, 7021.51, 10, 2e-20, 3e-20, 2e-20, 2e-20, -1
-0.122986, -0.372731, 0.197263, 0.05, -0.118174, -0.100151, 0.0142426, 0.155558, 1004.85, 7761.01, 10, 2e-20, 3e-20, 2e-20, 2e-20, -1
-0.100199, -0.278853, 0.165072, 0.05, -0.102135, -0.169397, 0.155489, 0.251602, 1002.33, 3732.23, 10, 2e-20, 3e-20, 2e-20, 2e-20, -1
-0.0779704, -0.21786, 0.21019, 0.05, 0.0569872, -0.0433845, -0.00125138, 0.0716332, 1009.36, 14979.5, 10, 2e-20, 3e-20, 2e-20, 2e-20, -1
-0.106814, -0.258337, 0.21033, 0.05, 0.157488, 0.143122, -0.0369738, 0.215994, 1006.85, 10958.1, 10, 2e-20, 3e-20, 2e-20, 2e-20, -1
-0.123718, -0.320827, 0.243255, 0.05, 0.222849, -0.282001, -0.0360784, 0.361231, 1007.18, 11488.9, 10, 2e-20, 3e-20, 2e-20, 2e-20, -1
-0.111459, -0.217535, 0.25112, 0.05, 0.0230767, -0.148448, 0.023881, 0.152117, 998.957, -1668.5, 10, 2e-20, 3e-20, 2e-20, 2e-20, -1
-0.109132, -0.26268, 0.253656, 0.05, 0.246595, 0.0794584, -0.15795, 0.303432, 1003.74, 5976.16, 10, 2e-20, 3e-20, 2e-20, 2e-20, -1
-0.0986074, -0.212609, 0.290203, 0.05, 0.0143657, -0.049843, 0.0956097, 0.108775, 999.475, -840.638, 10, 2e-20, 3e-20, 2e-20, 2e-20, -1
-0.109474, -0.260956, 0.301634, 0.05, -0.0753895, 0.0310175, 0.0902248, 0.121598, 1005.56, 8890.17, 10, 2e-20, 3e-20, 2e-20, 2e-20, -1
-0.147131, -0.239407, 0.280792, 0.05, -0.117693, 0.02437, 0.117115, 0.167814, 1002.27, 3626.86, 10, 2e-20, 3e-20, 2e-20, 2e-20, -1
-0.126145, -0.295987, 0.325016, 0.05, 0.0146802, -0.0402357, 0.0450882, 0.0621882, 998.773, -1962.84, 10, 2e-20, 3e-20, 2e-20, 2e-20, -1
-0.0925166, -0.209805, 0.334861, 0.05, -0.099254, 0.0423989, 0.0855217, 0.137706, 1001.4, 2244.7, 10, 2e-20, 3e-20, 2e-20, 2e-20, -1
-0.0764042, -0.266244, 0.335193, 0.05, 0.0196192, -0.0782383, 0.112618, 0.138524, 1004.27, 6834.55, 10, 2e-20, 3e-20, 2e-20, 2e-20, -1
-0.121721, -0.256629, 0.354988, 0.05, -0.0466109, -0.0479727, 0.136442, 0.151956, 1012.17, 19473.5, 10, 2e-20, 3e-20, 2e-20, 2e-20, -1
-0.0956552, -0.302528, 0.427485, 0.05, -0.0550593, 0.00659035, -0.0735829, 0.0921379, 1011.89, 19019.7, 10, 2e-20, 3e-20, 2e-20, 2e-20, -1
-0.104746, -0.327852, 0.475147, 0.05, -0.15576, -0.103162, 0.104271, 0.213953, 1006.38, 10208, 10, 2e-20, 3e-20, 2e-20, 2e-20, -1
-0.103689, -0.355934, 0.548311, 0.05, -0.182571, -0.0445487, -0.0193013, 0.188917, 1005.37, 8584.37, 10, 2e-20, 3e-20, 2e-20, 2e-20, -1
-0.141514, -0.389326, 0.621651, 0.05, -0.204215, -0.0418954, -0.044589, 0.213183, 1009.44, 15103.8, 10, 2e-20, 3e-20, 2e-20, 2e-20, -1
-0.0980417, -0.356436, 0.596579, 0.05, -0.00388444, 0.105044, 0.162607, 0.193624, 1004.27, 6837.96, 10, 2e-20, 3e-20, 2e-20, 2e-20, -1
-0.140669, -0.310822, 0.621487, 0.05, -0.00673851, -0.0226279, -0.076454, 0.0800165, 1001.09, 1745.89, 10, 2e-20, 3e-20, 2e-20, 2e-20, -1
-0.0761725, -0.33915, 0.63646, 0.05, -0.00837935, -0.119668, 0.0180801, 0.121316, 1007.06, 11296, 10, 2e-20, 3e-20, 2e-20, 2e-20, -1
-0.135606, -0.380279, 0.704889, 0.05, -0.0102523, -0.029665, 0.0929765, 0.0981313, 1004.67, 7474.85, 10, 2e-20, 3e-20, 2e-20, 2e-20, -1
-0.122448, -0.354384, 0.648541, 0.05, -0.00406227, -0.0700495, 0.125194, 0.143516, 1000.92, 1469.72, 10, 2e-20, 3e-20, 2e-20, 2e-20, -1
-0.103613, -0.340631, 0.699462, 0.05, -0.155664, 0.0547459, 0.104449, 0.195289, 1003.23, 5168.28, 10, 2e-20, 3e-20, 2e-20, 2e-20, -1
-0.122938, -0.321766, 0.745899, 0.05, 0.031092, -0.00189939, -0.00795477, 0.0321496, 1001.85, 2955.21, 10, 2e-20, 3e-20, 2e-20, 2e-20, -1
-0.168908, -0.292609, 0.730343, 0.05, 0.0538306, -0.00474874, -0.0201578, 0.0576769, 1009.07, 14506.5, 10, 2e-20, 3e-20, 2e-20, 2e-20, -1
-0.0935832, -0.319815, 0.794092, 0.05, -0.00226478, -0.0417616, -0.0106957, 0.0431689, 1005.64, 9016.49, 10, 2e-20, 3e-20, 2e-20, 2e-20, -1
-0.137802, -0.263107, 0.753616, 0.05, 0.0346156, -0.0468642, 0.0876041, 0.105209, 1000.59, 949.085, 10, 2e-20, 3e-20, 2e-20, 2e-20, -1
-0.152564, -0.213351, 0.747506, 0.05, -0.134083, -0.0770827, 0.044975, 0.161067, 1004.22, 6752.26, 10, 2e-20, 3e-20, 2e-20, 2e-20, -1
-0.134678, -0.183288, 0.821199, 0.05, -0.0780295, 0.0811091, 0.127496, 0.170066, 999.574, -682.133, 10, 2e-20, 3e-20, 2e-20, 2e-20, -1
-0.111622, -0.319028, 0.84545, 0.05, 0.0889418, 0.0800847, 0.220363, 0.250767, 1002.47, 3951.23, 10, 2e-20, 3e-20, 2e-20, 2e-20, -1
-0.133575, -0.236575, 0.801632, 0.05, -0.101482, -0.102347, 0.113005, 0.183149, 1003.81, 6099.1, 10, 2e-20, 3e-20, 2e-20, 2e-20, -1
-0.134277, -0.295904, 0.798033, 0.05, -0.0811365, -0.00954021, 0.0558743, 0.0989751, 1003.22, 5147.74, 10, 2e-20, 3e-20, 2e-20, 2e-20, -1
-0.19645, -0.257941, 0.893985, 0.05, 0.0195128, 0.0295076, 0.0708519, 0.0791924, 1001.96, 3141.77, 10, 2e-20, 3e-20, 2e-20, 2e-20, -1
-0.143466, -0.242195, 0.897392, 0.05, -0.0147561, 0.00234895, 0.056769, 0.0587025, 1000.52, 830.935, 10, 2e-20, 3e-20, 2e-20, 2e-20, -1
-0.156794, -0.26894, 0.936154, 0.05, -0.0478703, -0.00449984, 0.209872, 0.21531, 1002.2, 3515.12, 10, 2e-20, 3e-20, 2e-20, 2e-20, -1
-0.13914, -0.16697, 0.918755, 0.05, 0.0509074, -0.115822, -0.00548123, 0.126635, 999.861, -222.561, 10, 2e-20, 3e-20, 2e-20, 2e-20, -1
-0.143028, -0.222547, 0.946347, 0.05, 0.0733883, -0.0804221, 0.108897, 0.153987, 995.857, -6628.91, 10, 2e-20, 3e-20, 2e-20, 2e-20, -1
-0.112981, -0.152756, 0.977509, 0.05, -0.00433339, -0.037858, 0.00814712, 0.0389664, 998.346, -2646.97, 10, 2e-20, 3e-20, 2e-20, 2e-20, -1
-0.0532336, -0.200141, 1.0219, 0.05, 0.0688382, -0.0372522, 0.0792449, 0.111383, 1001.19, 1911.77, 10, 2e-20, 3e-20, 2e-20, 2e-20, -1
-0.08918, -0.19454, 1.05864, 0.05, 0.0934878, -0.0323158, 0.106039, 0.145012, 1001.19, 1909.13, 10, 2e-20, 3e-20, 2e-20, 2e-20, -1
-0.0992219, -0.263541, 1.08283, 0.05, 0.0367431, -0.127299, 0.148111, 0.198726, 1002.47, 3954.91, 10, 2e-20, 3e-20, 2e-20, 2e-20, -1
-0.0950175, -0.13958, 1.0451, 0.05, -0.0121501, 0.118794, -0.024086, 0.121819, 1001.06, 1690.77, 10, 2e-20, 3e-20, 2e-20, 2e-20, -1
-0.0871336, -0.148199, 1.16155, 0.05, 0.00660119, -0.130401, 0.0957905, 0.161938, 999.686, -502.663, 10, 2e-20, 3e-20, 2e-20, 2e-20, -1
-0.0843275, -0.196143, 1.20815, 0.05, 0.0217593, -0.122895, 0.0345821, 0.129509, 1000.03, 53.9293, 10, 2e-20, 3e-20, 2e-20, 2e-20, -1
-0.0814789, -0.279567, 1.30528, 0.05, -0.0229101, -0.0906898, 0.210127, 0.230006, 1002.46, 3938.34, 10, 2e-20, 3e-20, 2e-20, 2e-20, -1
-0.092512, -0.416382, 1.4558, 0.05, -0.197603, -0.0579071, 0.301146, 0.364814, 1004.83, 7721.17, 10, 2e-20, 3e-20, 2e-20, 2e-20, -1
-0.165145, -0.202221, 0.0570078, 0.05, -0.24673, -0.0266606, 0.185609, 0.309899, 1007.02, 11234.3, 10, 2e-20, 3e-20, 2e-20, 2e-20, -1
-0.199702, -0.280291, 0.0461498, 0.05, -0.136593, -0.182815, -0.138928, 0.267171, 1002.68, 4291.09, 10, 2e-20, 3e-20, 2e-20, 2e-20, -1
-0.151632, -0.307909, 0.0854755, 0.05, 0.169137, -0.0187315, 0.155235, 0.23034, 1006.85, 10960.8, 10, 2e-20, 3e-20, 2e-20, 2e-20, -1
-0.12273, -0.256174, 0.0937563, 0.05, -0.0202426, -0.295581, 0.215745, 0.366502, 1008.35, 13356.1, 10, 2e-20, 3e-20, 2e-20, 2e-20, -1
-0.146829, -0.268824, 0.138714, 0.05, -0.0674944, -0.185358, 0.274257, 0.337832, 999.929, -113.824, 10, 2e-20, 3e-20, 2e-20, 2e-20, -1
-0.0857723, -0.243096, 0.15774, 0.05, -0.0577598, -0.0842123, -0.283298, 0.301141, 1009.07, 14509, 10, 2e-20, 3e-20, 2e-20, 2e-20, -1
-0.11975, -0.151886, 0.221877, 0.05, -0.00249716, -0.090281, -0.0025365, 0.0903512, 1002.52, 4036.24, 10, 2e-20, 3e-20, 2e-20, 2e-20, -1
-0.08076, -0.120872, 0.154384, 0.05, 0.086737, 0.062022, 0.0297678, 0.110707, 1015.48, 24769.5, 10, 2e-20, 3e-20, 2e-20, 2e-20, -1
-0.0799566, -0.172606, 0.23227, 0.05, -0.0283992, -0.22178, -0.176529, 0.284878, 998.915, -1735.55, 10, 2e-20, 3e-20, 2e-20, 2e-20, -1
-0.0862943, -0.127194, 0.212091, 0.05, 0.0677232, -0.00471131, -0.0789693, 0.104138, 998.866, -1815.11, 10, 2e-20, 3e-20, 2e-20, 2e-20, -1
-0.156456, -0.187483, 0.238496, 0.05, -0.059347, 0.0280598, -0.0188326, 0.0682941, 1005.63, 9000.77, 10, 2e-20, 3e-20, 2e-20, 2e-20, -1
-0.115827, -0.167765, 0.272698, 0.05, -0.175516, -0.0599508, 0.170754, 0.252104, 1002.32, 3708.66, 10, 2e-20, 3e-20, 2e-20, 2e-20, -1
-0.167002, -0.186668, 0.288644, 0.05, -0.0187431, 0.353308, 0.0225194, 0.354521, 1007.25, 11604, 10, 2e-20, 3e-20, 2e-20, 2e-20, -1
-0.152187, -0.224301, 0.32684, 0.05, 0.0132231, -0.155076, 0.0155601, 0.156415, 1001.52, 2424.26, 10, 2e-20, 3e-20, 2e-20, 2e-20, -1
-0.125325, -0.208466, 0.372187, 0.05, 0.142671, 0.0253841, 0.00162198, 0.144921, 1007.48, 11963.4, 10, 2e-20, 3e-20, 2e-20, 2e-20, -1
-0.0691995, -0.2243, 0.374581, 0.05, -0.0908194, 0.0338255, -0.0885175, 0.131254, 1007.38, 11815.5, 10, 2e-20, 3e-20, 2e-20, 2e-20, -1
-0.136169, -0.254927, 0.402711, 0.05, 0.116091, 0.129217, -0.0654267, 0.18562, 1005.24, 8386.04, 10, 2e-20, 3e-20, 2e-20, 2e-20, -1
-0.12418, -0.197351, 0.414991, 0.05, -0.0683104, 0.0875679, 0.0163729, 0.112261, 1005.79, 9271.03, 10, 2e-20, 3e-20, 2e-20, 2e-20, -1
-0.130765, -0.272755, 0.451841, 0.05, 0.0128242, -0.0083232, 0.133189, 0.134064, 1002.22, 3547.93, 10, 2e-20, 3e-20, 2e-20, 2e-20, -1
-0.15981, -0.298215, 0.482316, 0.05, 0.165386, -0.0934627, 0.0188706, 0.190903, 1003.06, 4889, 10, 2e-20, 3e-20, 2e-20, 2e-20, -1
-0.152923, -0.349744, 0.486922, 0.05, 0.079857, -0.0450343, 0.0198013, 0.0937941, 1005.74, 9188.59, 10, 2e-20, 3e-20, 2e-20, 2e-20, -1
-0.133966, -0.322524, 0.524547, 0.05, 0.115076, -0.00697157, -0.00386087, 0.115351, 1004.14, 6630.72, 10, 2e-20, 3e-20, 2e-20, 2e-20, -1
-0.117675, -0.306921, 0.576596, 0.05, 0.0449934, -0.0464469, 0.0172833, 0.0669361, 1003.57, 5705.59, 10, 2e-20, 3e-20, 2e-20, 2e-20, -1
-0.157481, -0.265585, 0.585656, 0.05, -0.0317972, -0.0936478, 0.0134463, 0.0998087, 1001.13, 1807.67, 10, 2e-20, 3e-20, 2e-20, 2e-20, -1
-0.105192, -0.263048, 0.61581, 0.05, -0.0541072, -0.015806, 0.0406966, 0.0695243, 1002.57, 4113.03, 10, 2e-20, 3e-20, 2e-20, 2e-20, -1
-0.108651, -0.304848, 0.652878, 0.05, -0.0131898, 0.0190322, 0.16918, 0.170758, 1003.09, 4947.32, 10, 2e-20, 3e-20, 2e-20, 2e-20, -1
-0.196957, -0.244252, 0.600361, 0.05, -0.0969686, -0.000839028, -0.0922547, 0.133845, 1006.34, 10138.7, 10, 2e-20, 3e-20, 2e-20, 2e-20, -1
-0.13784, -0.268253, 0.655699, 0.05, 0.096091, -0.0398452, 0.150575, 0.183014, 1001.82, 2905.05, 10, 2e-20, 3e-20, 2e-20, 2e-20, -1
-0.14897, -0.330378, 0.691815, 0.05, 0.0192662, -0.0442318, 0.0326771, 0.0582703, 1003.54, 5662.03, 10, 2e-20, 3e-20, 2e-20, 2e-20, -1
-0.119663, -0.288631, 0.703557, 0.05, 0.0452287, -0.184818, 0.00740921, 0.190416, 1007.54, 12059.2, 10, 2e-20, 3e-20, 2e-20, 2e-20, -1
-0.144397, -0.243004, 0.701355, 0.05, -0.103369, 0.0383605, 0.0178863, 0.111699, 1002.81, 4490.52, 10, 2e-20, 3e-20, 2e-20, 2e-20, -1
-0.123287, -0.1976, 0.709618, 0.05, -0.0171761, 0.00926591, -0.149418, 0.150687, 1004.46, 7134.76, 10, 2e-20, 3e-20, 2e-20, 2e-20, -1
-0.187649, -0.178484, 0.719658, 0.05, -0.0505139, -0.12253, -0.025285, 0.134924, 1001.88, 3006.56, 10, 2e-20, 3e-20, 2e-20, 2e-20, -1
-0.192244, -0.172198, 0.836665, 0.05, 0.00224165, -0.184775, 0.0948829, 0.207725, 998.486, -2422.38, 10, 2e-20, 3e-20, 2e-20, 2e-20, -1
-0.167912, -0.199977, 0.799264, 0.05, -0.163259, -0.0934725, 0.0330047, 0.190997, 999.2, -1280.04, 10, 2e-20, 3e-20, 2e-20, 2e-20, -1
-0.172672, -0.216685, 0.862224, 0.05, -0.152638, -0.0901783, 0.0260805, 0.179195, 1006.94, 11100, 10, 2e-20, 3e-20, 2e-20, 2e-20, -1
-0.160973, -0.28297, 0.846825, 0.05, -0.135072, 0.0281344, 0.0945848, 0.167279, 1005.65, 9045.86, 10, 2e-20, 3e-20, 2e-20, 2e-20, -1
-0.151621, -0.165563, 0.868525, 0.05, 0.0370081, -0.087911, 0.142934, 0.171838, 1005.07, 8118.4, 10, 2e-20, 3e-20, 2e-20, 2e-20, -1
-0.175668, -0.199076, 0.906003, 0.05, -0.0674873, -0.0547617, -0.00848216, 0.0873232, 1001.19, 1902.15, 10, 2e-20, 3e-20, 2e-20, 2e-20, -1
-0.108085, -0.118911, 0.86531, 0.05, -0.0198988, -0.0830106, -0.0908011, 0.124626, 998.105, -3031.49, 10, 2e-20, 3e-20, 2e-20, 2e-20, -1
-0.161284, -0.0920117, 0.932907, 0.05, -0.10918, -0.0696991, -0.0640638, 0.144507, 1007.55, 12080.4, 10, 2e-20, 3e-20, 2e-20, 2e-20, -1
-0.156162, -0.140045, 0.96293, 0.05, -0.113021, 0.0724321, 0.00131377, 0.134245, 1004.62, 7386.27, 10, 2e-20, 3e-20, 2e-20, 2e-20, -1
-0.115763, -0.0835932, 0.967763, 0.05, -0.1199, -0.0107979, -0.112559, 0.164809, 1002.15, 3434.95, 10, 2e-20, 3e-20, 2e-20, 2e-20, -1
-0.131664, -0.173916, 1.04143, 0.05, -0.195812, 0.0851545, 0.0483066, 0.218923, 1003.7, 5913.6, 10, 2e-20, 3e-20, 2e-20, 2e-20, -1
-0.0753055, -0.11123, 0.947337, 0.05, -0.00593392, -0.0711288, -0.0371307, 0.0804563, 1000.45, 720.64, 10, 2e-20, 3e-20, 2e-20, 2e-20, -1
-0.0743311, -0.11477, 1.00432, 0.05, -0.0207889, -0.131305, 0.181128, 0.224679, 1004.77, 7635.94, 10, 2e-20, 3e-20, 2e-20, 2e-20, -1
-0.0747103, -0.122524, 1.10834, 0.05, -0.0163009, -0.0636643, 0.0508883, 0.0831173, 1000.01, 21.8841, 10, 2e-20, 3e-20, 2e-20, 2e-20, -1
-0.0733344, -0.101076, 1.15902, 0.05, -0.0261036, -0.00418537, 0.0912975, 0.0950482, 1001.42, 2270.77, 10, 2e-20, 3e-20, 2e-20, 2e-20, -1
-0.0767223, -0.156785, 1.25424, 0.05, 0.16675, -0.0456292, 0.0368819, 0.176771, 999.895, -168.368, 10, 2e-20, 3e-20, 2e-20, 2e-20, -1
-0.0502849, -0.231616, 1.36003, 0.05, -0.067259, -0.0296256, 0.0515349, 0.0897624, 998.992, -1613.35, 10, 2e-20, 3e-20, 2e-20, 2e-20, -1
-0.0990359, -0.347255, 1.42143, 0.05, -0.1073, -0.140088, 0.383078, 0.421767, 1000.53, 842.412, 10, 2e-20, 3e-20, 2e-20, 2e-20, -1
-0.0982337, -0.150417, 0.0548364, 0.05, 0.335256, 0.20338, -0.13847, 0.415854, 1008.37, 13393.3, 10, 2e-20, 3e-20, 2e-20, 2e-20, -1
-0.0808841, -0.229821, 0.106095, 0.05, -0.256882, -0.462756, -0.235948, 0.579485, 1015, 24001.4, 10, 2e-20, 3e-20, 2e-20, 2e-20, -1
-0.130475, -0.207005, 0.116981, 0.05, -0.205219, 0.213845, -0.326869, 0.441235, 1009.5, 15204.6, 10, 2e-20, 3e-20, 2e-20, 2e-20, -1
-0.10577, -0.167556, 0.105661, 0.05, -0.422203, 0.30995, -0.265686, 0.587293, 1004.1, 6553.19, 10, 2e-20, 3e-20, 2e-20, 2e-20, -1
-0.0743134, -0.172899, 0.114939, 0.05, 0.172873, -0.231529, -0.0887601, 0.302273, 999.624, -601.732, 10, 2e-20, 3e-20, 2e-20, 2e-20, -1
-0.0419357, -0.263454, 0.144664, 0.05, -0.0163809, -0.12724, -0.0851328, 0.153968, 1009.79, 15663.8, 10, 2e-20, 3e-20, 2e-20, 2e-20, -1
-0.0803062, -0.170434, 0.17904, 0.05, -0.0246143, -0.249252, -0.216524, 0.331082, 1008.18, 13093.2, 10, 2e-20, 3e-20, 2e-20, 2e-20, -1
-0.104903, -0.0237199, 0.157269, 0.05, 0.0616143, -0.182618, -0.00957285, 0.19297, 1007.1, 11358.6, 10, 2e-20, 3e-20, 2e-20, 2e-20, -1
-0.0887703, -0.0773346, 0.176731, 0.05, 0.0935355, 0.0895301, 0.209719, 0.246468, 1011.37, 18197, 10, 2e-20, 3e-20, 2e-20, 2e-20, -1
-0.0830975, -0.0828739, 0.242149, 0.05, -0.193331, -0.0521386, -0.116936, 0.231882, 1006.23, 9971.66, 10, 2e-20, 3e-20, 2e-20, 2e-20, -1
-0.1172, -0.122016, 0.267887, 0.05, -0.12368, 0.0898931, -0.115905, 0.191863, 1011.21, 17934.2, 10, 2e-20, 3e-20, 2e-20, 2e-20, -1
-0.169937, -0.135003, 0.278978, 0.05, 0.00252276, -0.0859382, -0.165639, 0.186623, 1003.05, 4878.18, 10, 2e-20, 3e-20, 2e-20, 2e-20, -1
-0.131522, -0.175157, 0.325319, 0.05, 0.0290487, 0.0704671, -0.0038049, 0.0763146, 1005.1, 8153.48, 10, 2e-20, 3e-20, 2e-20, 2e-20, -1
-0.105733, -0.097151, 0.382897, 0.05, -0.0234258, -0.0323228, -0.145028, 0.150422, 1001.65, 2635.87, 10, 2e-20, 3e-20, 2e-20, 2e-20, -1
-0.110661, -0.150991, 0.393137, 0.05, -0.18374, -0.131358, -0.0100276, 0.226088, 1007.85, 12552, 10, 2e-20, 3e-20, 2e-20, 2e-20, -1
-0.0912661, -0.0496714, 0.372959, 0.05, -0.208392, 0.0449176, -0.114163, 0.241822, 1003.15, 5042.97, 10, 2e-20, 3e-20, 2e-20, 2e-20, -1
-0.0750587, -0.07826, 0.424395, 0.05, 0.041754, 0.0781668, -0.0838783, 0.122021, 1001.02, 1634.23, 10, 2e-20, 3e-20, 2e-20, 2e-20, -1
-0.0950337, -0.157176, 0.443544, 0.05, -0.0219248, -0.209978, -0.108622, 0.237424, 1004.39, 7031.49, 10, 2e-20, 3e-20, 2e-20, 2e-20, -1
-0.153587, -0.146169, 0.467176, 0.05, -0.0402012, 0.0339115, -0.108078, 0.120196, 1001.74, 2791.72, 10, 2e-20, 3e-20, 2e-20, 2e-20, -1
-0.128975, -0.187691, 0.468644, 0.05, 0.176653, -0.0395622, -0.0147624, 0.18163, 1002.65, 4242.86, 10, 2e-20, 3e-20, 2e-20, 2e-20, -1
-0.144683, -0.1704, 0.511883, 0.05, -0.0507949, -0.0841046, -0.0843339, 0.129483, 1000.16, 252.658, 10, 2e-20, 3e-20, 2e-20, 2e-20, -1
-0.142123, -0.220681, 0.507983, 0.05, -0.00433372, 0.0773391, 0.0209896, 0.0802538, 1010.52, 16838.4, 10, 2e-20, 3e-20, 2e-20, 2e-20, -1
-0.0960711, -0.203378, 0.530157, 0.05, 0.0625194, -0.0374212, -0.262923, 0.272832, 1004.39, 7025.34, 10, 2e-20, 3e-20, 2e-20, 2e-20, -1
-0.195403, -0.167831, 0.508673, 0.05, -0.0871168, -0.000201751, -0.164144, 0.18583, 1003.91, 6261.37, 10, 2e-20, 3e-20, 2e-20, 2e-20, -1
-0.121204, -0.167669, 0.556419, 0.05, 0.0334913, 0.0630373, -0.214313, 0.225888, 1010.78, 17240.5, 10, 2e-20, 3e-20, 2e-20, 2e-20, -1
-0.10027, -0.215968, 0.585421, 0.05, -0.0142185, -0.159014, 0.0752375, 0.176488, 1003.52, 5635.76, 10, 2e-20, 3e-20, 2e-20, 2e-20, -1
-0.177916, -0.180199, 0.577432, 0.05, -0.103467, -0.0757588, 0.0731367, 0.147627, 1005.96, 9531.47, 10, 2e-20, 3e-20, 2e-20, 2e-20, -1
-0.1351, -0.184909, 0.604275, 0.05, -0.0912007, -0.0404507, 0.144481, 0.17558, 1006.57, 10508.3, 10, 2e-20, 3e-20, 2e-20, 2e-20, -1
-0.104742, -0.220051, 0.647224, 0.05, -0.0415732, -0.0266461, 0.0791483, 0.0932888, 1007.92, 12675.5, 10, 2e-20, 3e-20, 2e-20, 2e-20, -1
-0.142874, -0.139167, 0.62777, 0.05, -0.00267406, -0.12264, -0.0284717, 0.12593, 1001.66, 2655.84, 10, 2e-20, 3e-20, 2e-20, 2e-20, -1
-0.152212, -0.235035, 0.630375, 0.05, 0.0859385, -0.0558169, -0.0534446, 0.115574, 1000.4, 637.199, 10, 2e-20, 3e-20, 2e-20, 2e-20, -1
-0.134347, -0.194719, 0.659788, 0.05, 0.0976278, -0.0379235, 0.0304382, 0.109068, 1004.3, 6880.46, 10, 2e-20, 3e-20, 2e-20, 2e-20, -1
-0.148118, -0.153685, 0.681183, 0.05, 0.0149479, -0.0650263, 0.0376639, 0.0766187, 1009.73, 15568.8, 10, 2e-20, 3e-20, 2e-20, 2e-20, -1
-0.153799, -0.17489, 0.757032, 0.05, 0.00688283, -0.0606705, 0.103191, 0.119903, 1007.2, 11514.6, 10, 2e-20, 3e-20, 2e-20, 2e-20, -1
-0.197597, -0.108419, 0.733234, 0.05, 0.120768, -0.00699048, -0.0867952, 0.148886, 1008.11, 12980.4, 10, 2e-20, 3e-20, 2e-20, 2e-20, -1
-0.151514, -0.144027, 0.801899, 0.05, 0.122611, -0.0500308, 0.0349159, 0.136951, 1000.63, 1011.19, 10, 2e-20, 3e-20, 2e-20, 2e-20, -1
-0.252128, -0.0718134, 0.779494, 0.05, 0.0330754, -0.166896, 0.0928011, 0.193805, 997.925, -3320.43, 10, 2e-20, 3e-20, 2e-20, 2e-20, -1
-0.145144, -0.101896, 0.83272, 0.05, 0.052668, -0.03572, 0.0504443, 0.0812063, 1008.93, 14280.3, 10, 2e-20, 3e-20, 2e-20, 2e-20, -1
-0.180254, -0.0662946, 0.828498, 0.05, -0.114999, -0.0599206, -0.0412234, 0.136068, 1001.14, 1822.12, 10, 2e-20, 3e-20, 2e-20, 2e-20, -1
-0.171654, -0.0715497, 0.88061, 0.05, 0.0156771, -0.0962261, 0.053061, 0.110999, 1003, 4796.87, 10, 2e-20, 3e-20, 2e-20, 2e-20, -1
-0.119771, -0.120487, 0.926359, 0.05, -0.159492, -0.0538715, -0.0826285, 0.187529, 1005.19, 8302.6, 10, 2e-20, 3e-20, 2e-20, 2e-20, -1
-0.111731, -0.0603355, 0.922095, 0.05, -0.129477, -0.0625929, 0.0719897, 0.160825, 998.943, -1690.75, 10, 2e-20, 3e-20, 2e-20, 2e-20, -1
-0.0898143, -0.0676003, 1.00545, 0.05, 0.0410079, -0.164506, 0.0144568, 0.170155, 1003.22, 5149.13, 10, 2e-20, 3e-20, 2e-20, 2e-20, -1
-0.00687814, -0.0767882, 0.942464, 0.05, -0.0403766, -0.135685, -0.0704439, 0.158123, 998.173, -2923.4, 10, 2e-20, 3e-20, 2e-20, 2e-20, -1
-0.0202361, -0.0854073, 0.943619, 0.05, 0.0320637, -0.044694, -0.0655812, 0.0855951, 999.778, -355.079, 10, 2e-20, 3e-20, 2e-20, 2e-20, -1
-0.072128, -0.0264977, 1.02518, 0.05, -0.0138159, -0.0282463, 0.0311278, 0.0442457, 998.051, -3118.25, 10, 2e-20, 3e-20, 2e-20, 2e-20, -1
-0.0290533, -0.053973, 1.01399, 0.05, 0.0175903, -0.087811, -0.10615, 0.138882, 1001.57, 2519.41, 10, 2e-20, 3e-20, 2e-20, 2e-20, -1
-0.0491169, -0.00400302, 1.11998, 0.05, -0.093866, -0.196047, -0.0712875, 0.228752, 1003.56, 5692.06, 10, 2e-20, 3e-20, 2e-20, 2e-20, -1
-0.00281717, -0.00659815, 1.12607, 0.05, 0.115268, -0.136358, -0.0361972, 0.182183, 1001.34, 2148.34, 10, 2e-20, 3e-20, 2e-20, 2e-20, -1
0.00238445, -0.0353225, 1.16659, 0.05, -0.116448, 0.0633674, -0.0866521, 0.15838, 1003.98, 6368.01, 10, 2e-20, 3e-20, 2e-20, 2e-20, -1
-0.0331506, -0.112854, 1.31416, 0.05, -0.00245349, 0.0713862, 0.12861, 0.147114, 1001.52, 2431.42, 10, 2e-20, 3e-20, 2e-20, 2e-20, -1
-0.0417099, -0.0536664, 0.0478107, 0.05, -0.0833333, 0.0623105, -0.0857673, 0.134845, 1006.54, 10458, 10, 2e-20, 3e-20, 2e-20, 2e-20, -1
-0.115926, -0.0964896, 0.0460508, 0.05, 0.0111694, 0.213286, 0.118247, 0.244127, 1010.63, 17003.5, 10, 2e-20, 3e-20, 2e-20, 2e-20, -1
-0.0757493, -0.0701718, 0.0900367, 0.05, -0.197509, 0.010558, -0.237249, 0.308883, 1013.27, 21229.3, 10, 2e-20, 3e-20, 2e-20, 2e-20, -1
-0.14766, -0.0686234, 0.060268, 0.05, -0.185523, -0.686992, 0.0653032, 0.714591, 1011.59, 18542.5, 10, 2e-20, 3e-20, 2e-20, 2e-20, -1
-0.0919543, -0.0833609, 0.124139, 0.05, -0.0179471, -0.0278866, -0.267462, 0.269511, 1013.09, 20940.1, 10, 2e-20, 3e-20, 2e-20, 2e-20, -1
-0.116957, -0.053427, 0.113035, 0.05, -0.068171, 0.0295782, 0.162851, 0.179005, 1012, 19198.3, 10, 2e-20, 3e-20, 2e-20, 2e-20, -1
-0.0726716, 0.0171243, 0.125258, 0.05, -0.322157, 0.00252877, -0.374445, 0.493964, 1011.4, 18244.6, 10, 2e-20, 3e-20, 2e-20, 2e-20, -1
-0.1605, -0.0378104, 0.21447, 0.05, 0.0532197, -0.15012, 0.0159797, 0.160074, 1004.09, 6550.99, 10, 2e-20, 3e-20, 2e-20, 2e-20, -1
-0.105374, -0.0371532, 0.204777, 0.05, -0.102998, 0.0158928, -0.03157, 0.108894, 1007.91, 12655.4, 10, 2e-20, 3e-20, 2e-20, 2e-20, -1
-0.167799, -0.0694325, 0.2441, 0.05, 0.10583, -0.124617, 0.239711, 0.290157, 1002.07, 3306, 10, 2e-20, 3e-20, 2e-20, 2e-20, -1
-0.127418, -0.0310621, 0.251063, 0.05, 0.0961631, 0.0296946, 0.0612723, 0.117828, 1005.47, 8755.34, 10, 2e-20, 3e-20, 2e-20, 2e-20, -1
-0.124625, -0.0772696, 0.278345, 0.05, -0.0354078, 0.31129, 0.174433, 0.358584, 1005.6, 8962.2, 10, 2e-20, 3e-20, 2e-20, 2e-20, -1
-0.125457, -0.133176, 0.346561, 0.05, -0.0679162, -0.151424, 0.0846672, 0.186307, 1005.03, 8040.47, 10, 2e-20, 3e-20, 2e-20, 2e-20, -1
-0.0962058, -0.0354253, 0.285661, 0.05, 0.0925379, -0.103662, 0.197206, 0.241245, 1001.19, 1908.8, 10, 2e-20, 3e-20, 2e-20, 2e-20, -1
-0.113334, -0.0706878, 0.330596, 0.05, -0.0594659, 0.227554, -0.0679722, 0.24482, 1007.9, 12633.4, 10, 2e-20, 3e-20, 2e-20, 2e-20, -1
-0.129719, 0.00493808, 0.285105, 0.05, -0.174451, 0.165123, -0.0195179, 0.240998, 1004.52, 7237.87, 10, 2e-20, 3e-20, 2e-20, 2e-20, -1
-0.11564, -0.0193842, 0.335675, 0.05, -0.0222146, -0.0860221, 0.14922, 0.173666, 1008.99, 14391.1, 10, 2e-20, 3e-20, 2e-20, 2e-20, -1
-0.118764, -0.112362, 0.431993, 0.05, -0.227407, 0.00280619, -0.147417, 0.271023, 999.66, -543.67, 10, 2e-20, 3e-20, 2e-20, 2e-20, -1
-0.106074, -0.0298543, 0.424101, 0.05, -0.27699, -0.0468051, -0.0559808, 0.28644, 1005.55, 8872.5, 10, 2e-20, 3e-20, 2e-20, 2e-20, -1
-0.117895, -0.0691594, 0.456026, 0.05, -0.222652, 0.0461889, -0.191103, 0.297032, 1003.27, 5233.07, 10, 2e-20, 3e-20, 2e-20, 2e-20, -1
-0.123918, -0.00391124, 0.460962, 0.05, -0.163632, -0.060247, 0.0366169, 0.178174, 1002.91, 4659.97, 10, 2e-20, 3e-20, 2e-20, 2e-20, -1
-0.119326, -0.124604, 0.49363, 0.05, 0.0742636, -0.0911915, 0.15476, 0.194375, 1006.22, 9955.18, 10, 2e-20, 3e-20, 2e-20, 2e-20, -1
-0.126461, 0.0391313, 0.501252, 0.05, 0.0675648, -0.0829625, 0.074651, 0.130463, 1002.16, 3454.18, 10, 2e-20, 3e-20, 2e-20, 2e-20, -1
-0.101226, -0.0819981, 0.51084, 0.05, -0.0892153, -0.113176, 0.0530414, 0.153563, 1001.5, 2396.03, 10, 2e-20, 3e-20, 2e-20, 2e-20, -1
-0.164482, -0.140348, 0.548708, 0.05, -0.0588661, 0.00741131, 0.0504734, 0.0778955, 1004.35, 6967.88, 10, 2e-20, 3e-20, 2e-20, 2e-20, -1
-0.157198, -0.0674179, 0.5339, 0.05, -0.0338142, -0.0525818, 0.00227584, 0.0625574, 1002.11, 3381.59, 10, 2e-20, 3e-20, 2e-20, 2e-20, -1
-0.127851, -0.110266, 0.549474, 0.05, 0.0332718, -0.0224217, -0.00622645, 0.0406019, 998.022, -3164.47, 10, 2e-20, 3e-20, 2e-20, 2e-20, -1
-0.198488, -0.0933264, 0.545499, 0.05, -0.0630552, 0.00513729, -0.189609, 0.199884, 1003.21, 5130.57, 10, 2e-20, 3e-20, 2e-20, 2e-20, -1
-0.190695, -0.0703122, 0.584546, 0.05, 0.0663097, -0.00786654, 0.113158, 0.131391, 1007.46, 11930.1, 10, 2e-20, 3e-20, 2e-20, 2e-20, -1
-0.191478, -0.0968457, 0.633273, 0.05, -0.166698, -0.0151059, 0.00127273, 0.167386, 1006.67, 10672.1, 10, 2e-20, 3e-20, 2e-20, 2e-20, -1
-0.197872, -0.142263, 0.679503, 0.05, -0.0513351, 0.109472, 0.0474258, 0.129879, 1004.65, 7439.82, 10, 2e-20, 3e-20, 2e-20, 2e-20, -1
-0.230963, -0.0887738, 0.665015, 0.05, 0.00286304, -0.0709147, 0.0748831, 0.103172, 1007.02, 11231.9, 10, 2e-20, 3e-20, 2e-20, 2e-20, -1
-0.229177, 5.02873e-05, 0.653119, 0.05, -0.0699213, -0.212803, -0.134797, 0.261428, 1005.56, 8892.77, 10, 2e-20, 3e-20, 2e-20, 2e-20, -1
-0.266893, -0.0453164, 0.721866, 0.05, -0.163428, 0.0323159, -0.00203542, 0.166605, 1006.24, 9989.58, 10, 2e-20, 3e-20, 2e-20, 2e-20, -1
-0.216663, -0.0113043, 0.704806, 0.05, 0.0477348, -0.0792451, 0.0454886, 0.10309, 1002.22, 3550.72, 10, 2e-20, 3e-20, 2e-20, 2e-20, -1
-0.232185, -0.0711578, 0.718013, 0.05, 0.0422007, -0.0937089, -0.132186, 0.167438, 1001.65, 2638.86, 10, 2e-20, 3e-20, 2e-20, 2e-20, -1
-0.19313, -0.0587244, 0.70887, 0.05, -0.0285508, -0.0833857, 0.054716, 0.103741, 999.583, -667.894, 10, 2e-20, 3e-20, 2e-20, 2e-20, -1
-0.256399, -0.0451119, 0.861751, 0.05, -0.23958, -0.0812224, 0.138968, 0.288631, 1011.47, 18356.8, 10, 2e-20, 3e-20, 2e-20, 2e-20, -1
-0.203125, -0.0452942, 0.867249, 0.05, 0.0718893, -0.095209, -0.0251474, 0.121923, 1002.02, 3237.04, 10, 2e-20, 3e-20, 2e-20, 2e-20, -1
-0.197862, -0.0151664, 0.826215, 0.05, 0.179244, -0.0333171, 0.0635284, 0.193066, 1003.5, 5604.06, 10, 2e-20, 3e-20, 2e-20, 2e-20, -1
-0.155007, -0.0353069, 0.898198, 0.05, -0.0867172, -0.123719, -0.0583074, 0.161944, 998.73, -2032.79, 10, 2e-20, 3e-20, 2e-20, 2e-20, -1
-0.215529, 0.00731349, 0.87024, 0.05, -0.0634763, 0.0859012, -0.0034653, 0.106866, 1002.57, 4105.65, 10, 2e-20, 3e-20, 2e-20, 2e-20, -1
-0.0757905, -0.03615, 0.841974, 0.05, 0.135077, -0.1025, -0.0119011, 0.169981, 1001.44, 2309.75, 10, 2e-20, 3e-20, 2e-20, 2e-20, -1
-0.182353, 0.00190449, 0.915318, 0.05, 0.040941, -0.043181, -0.114371, 0.128924, 1006.13, 9805.38, 10, 2e-20, 3e-20, 2e-20, 2e-20, -1
-0.0714287, -0.0194163, 0.910372, 0.05, -0.0322162, -0.0958272, -0.0639776, 0.119641, 997.177, -4516.02, 10, 2e-20, 3e-20, 2e-20, 2e-20, -1
-0.121019, -0.0316936, 0.969129, 0.05, 0.0189686, -0.0789121, -0.0459142, 0.0932472, 999.617, -612.697, 10, 2e-20, 3e-20, 2e-20, 2e-20, -1
-0.0746469, -0.0300047, 0.967602, 0.05, -0.0687637, -0.0287623, -0.0698057, 0.10212, 1000.44, 702.851, 10, 2e-20, 3e-20, 2e-20, 2e-20, -1
-0.108151, 0.0659117, 1.1986, 0.05, -0.0198101, -0.0860354, 0.0181898, 0.090141, 1001.4, 2239.89, 10, 2e-20, 3e-20, 2e-20, 2e-20, -1
-0.0770375, 0.027546, 1.18539, 0.05, 0.0935024, 0.0494188, -0.217698, 0.242027, 1001.2, 1919.97, 10, 2e-20, 3e-20, 2e-20, 2e-20, -1
-0.150115, 0.0635466, 1.24126, 0.05, -0.0423545, -0.0762166, 0.0233945, 0.0902783, 993.788, -9939.37, 10, 2e-20, 3e-20, 2e-20, 2e-20, -1
-0.093511, 0.00488992, 1.42636, 0.05, -0.0953861, -0.0474659, -0.0704209, 0.127713, 1000.45, 717.699, 10, 2e-20, 3e-20, 2e-20, 2e-20, -1
-0.0938801, -0.0379619, 0.0512596, 0.05, -0.457772, -0.22595, -0.289588, 0.586915, 1012.81, 20500, 10, 2e-20, 3e-20, 2e-20, 2e-20, -1
-0.149443, 0.0796258, 0.0524206, 0.05, -0.190601, 0.091982, 0.383698, 0.438194, 1014.77, 23630.8, 10, 2e-20, 3e-20, 2e-20, 2e-20, -1
-0.20166, 0.0262883, 0.0465085, 0.05, -0.451465, 0.252728, 0.187517, 0.550322, 1008.07, 12916.1, 10, 2e-20, 3e-20, 2e-20, 2e-20, -1
-0.101562, -0.00285519, 0.075324, 0.05, 0.144487, 0.0393232, 0.209251, 0.257311, 1006.21, 9938.72, 10, 2e-20, 3e-20, 2e-20, 2e-20, -1
-0.129684, 0.0947701, 0.116683, 0.05, 0.144781, -0.029358, -0.0807264, 0.168345, 1010.96, 17532.6, 10, 2e-20, 3e-20, 2e-20, 2e-20, -1
-0.0898666, 0.0526537, 0.103276, 0.05, -0.251695, -0.224132, -0.0188584, 0.337552, 1000.83, 1334.24, 10, 2e-20, 3e-20, 2e-20, 2e-20, -1
-0.0403185, -0.0155153, 0.0868786, 0.05, -0.104771, -0.301318, 0.214414, 0.384373, 1006.63, 10604.8, 10, 2e-20, 3e-20, 2e-20, 2e-20, -1
-0.127866, 0.0504624, 0.148988, 0.05, -0.0497688, -0.155284, -0.00921215, 0.163325, 997.652, -3757.02, 10, 2e-20, 3e-20, 2e-20, 2e-20, -1
-0.0789049, 0.0549235, 0.154859, 0.05, -0.236475, 0.0404444, -0.386725, 0.455097, 1001.99, 3182.58, 10, 2e-20, 3e-20, 2e-20, 2e-20, -1
-0.114704, 0.019561, 0.181823, 0.05, -0.273597, -0.17242, -0.112859, 0.342522, 1003.9, 6247.01, 10, 2e-20, 3e-20, 2e-20, 2e-20, -1
-0.147459, 0.0565888, 0.206115, 0.05, 0.0133179, 0.284452, -0.0861579, 0.297512, 1013.57, 21707.8, 10, 2e-20, 3e-20, 2e-20, 2e-20, -1
-0.174338, 0.00732399, 0.264609, 0.05, -0.0387722, -0.0812515, 0.0447793, 0.10055, 1011.56, 18489.4, 10, 2e-20, 3e-20, 2e-20, 2e-20, -1
-0.144343, 0.0448516, 0.254953, 0.05, -0.0363025, -0.120591, 0.129392, 0.180561, 1004.26, 6814.79, 10, 2e-20, 3e-20, 2e-20, 2e-20, -1
-0.0957507, 0.0377628, 0.257856, 0.05, -0.0548167, -0.0883463, 0.0781003, 0.130037, 1008.35, 13362, 10, 2e-20, 3e-20, 2e-20, 2e-20, -1
-0.112872, 0.0517784, 0.305932, 0.05, -0.111094, 0.0239942, -0.0655173, 0.131188, 1006.66, 10663.8, 10, 2e-20, 3e-20, 2e-20, 2e-20, -1
-0.100114, 0.098462, 0.335041, 0.05, -0.0451827, -0.0211775, 0.0123767, 0.0514115, 1005.06, 8089.43, 10, 2e-20, 3e-20, 2e-20, 2e-20, -1
-0.144099, 0.0217423, 0.337609, 0.05, -0.0274976, 0.0749587, 0.187214, 0.203529, 1010.97, 17546.6, 10, 2e-20, 3e-20, 2e-20, 2e-20, -1
-0.152443, 0.101384, 0.348191, 0.05, 0.0216165, -0.190639, -0.171228, 0.257157, 1009.52, 15234.7, 10, 2e-20, 3e-20, 2e-20, 2e-20, -1
-0.103594, 0.0194, 0.373027, 0.05, -0.0522372, 0.0640531, -0.0973089, 0.127674, 1011.11, 17768.6, 10, 2e-20, 3e-20, 2e-20, 2e-20, -1
-0.168628, 0.0853763, 0.391236, 0.05, -0.0957864, -0.233231, 0.110246, 0.275183, 1009.27, 14828.1, 10, 2e-20, 3e-20, 2e-20, 2e-20, -1
-0.13398, 0.0115562, 0.410369, 0.05, 0.0103414, 0.0819087, -0.0924405, 0.12394, 1008.89, 14227, 10, 2e-20, 3e-20, 2e-20, 2e-20, -1
-0.142422, 0.0713137, 0.476295, 0.05, -0.0197582, 0.077489, -0.0656217, 0.103446, 1009.31, 14891.7, 10, 2e-20, 3e-20, 2e-20, 2e-20, -1
-0.18616, 0.0985352, 0.496515, 0.05, 0.0367104, 0.0446049, 0.00421876, 0.0579228, 1003.6, 5758.42, 10, 2e-20, 3e-20, 2e-20, 2e-20, -1
-0.233172, 0.0719029, 0.528551, 0.05, -0.148005, -0.083326, 0.113933, 0.204523, 1000.07, 109.636, 10, 2e-20, 3e-20, 2e-20, 2e-20, -1
-0.11155, -0.034444, 0.505385, 0.05, -0.164933, 0.14281, -0.095643, 0.238213, 1003.22, 5152.98, 10, 2e-20, 3e-20, 2e-20, 2e-20, -1
-0.189423, 0.0159429, 0.496584, 0.05, -0.20738, 0.0366881, -0.179278, 0.276574, 1006.7, 10712.4, 10, 2e-20, 3e-20, 2e-20, 2e-20, -1
-0.200561, -0.036097, 0.540107, 0.05, -0.176178, -0.0959551, 0.112106, 0.229813, 1007.75, 12394.5, 10, 2e-20, 3e-20, 2e-20, 2e-20, -1
-0.118336, -0.0570684, 0.564049, 0.05, -0.151834, -0.0521542, 0.0239858, 0.162323, 1005.97, 9553.42, 10, 2e-20, 3e-20, 2e-20, 2e-20, -1
-0.200715, -0.00175437, 0.572034, 0.05, -0.216569, 0.0578623, 0.0123962, 0.224508, 1009.98, 15961.6, 10, 2e-20, 3e-20, 2e-20, 2e-20, -1
-0.206392, 0.0630046, 0.581271, 0.05, -0.20564, -0.0754852, -0.132762, 0.256148, 1007.48, 11968.7, 10, 2e-20, 3e-20, 2e-20, 2e-20, -1
-0.196514, -0.035294, 0.622151, 0.05, -0.0138384, -0.0161944, -0.0482052, 0.0527021, 1006.5, 10403.3, 10, 2e-20, 3e-20, 2e-20, 2e-20, -1
-0.150131, 0.10627, 0.637712, 0.05, -0.00284968, -0.198049, -0.108467, 0.225824, 1000.12, 189.321, 10, 2e-20, 3e-20, 2e-20, 2e-20, -1
-0.187847, 0.015601, 0.62459, 0.05, -0.151378, -0.168164, 0.00141531, 0.226266, 1006.88, 11005, 10, 2e-20, 3e-20, 2e-20, 2e-20, -1
-0.158466, 0.147681, 0.654749, 0.05, -0.147587, 0.0311176, -0.209449, 0.258106, 1003.87, 6197.57, 10, 2e-20, 3e-20, 2e-20, 2e-20, -1
-0.163358, 0.0873083, 0.681025, 0.05, -0.120658, -0.13366, -0.210828, 0.277258, 992.19, -12496.4, 10, 2e-20, 3e-20, 2e-20, 2e-20, -1
-0.155106, 0.139744, 0.708356, 0.05, -0.0438921, 0.00884993, -0.0282386, 0.0529363, 1001.43, 2289.67, 10, 2e-20, 3e-20, 2e-20, 2e-20, -1
-0.186749, 0.0679072, 0.724651, 0.05, -0.0630677, -0.180726, -0.0837038, 0.208916, 998.086, -3062.88, 10, 2e-20, 3e-20, 2e-20, 2e-20, -1
-0.197281, -0.0386771, 0.785847, 0.05, -0.0194092, -0.126136, -0.0725111, 0.146782, 1008.22, 13145.9, 10, 2e-20, 3e-20, 2e-20, 2e-20, -1
-0.171296, 0.116157, 0.79855, 0.05, -0.0799813, -0.0299513, 0.0475419, 0.0977462, 1007.08, 11321.5, 10, 2e-20, 3e-20, 2e-20, 2e-20, -1
-0.190569, 0.00775964, 0.809871, 0.05, 0.0247478, 0.0813204, 0.0763528, 0.114259, 1004.49, 7183.34, 10, 2e-20, 3e-20, 2e-20, 2e-20, -1
-0.149717, 0.154836, 0.850777, 0.05, -0.0349511, -0.161294, -0.00653097, 0.165167, 999.689, -498.05, 10, 2e-20, 3e-20, 2e-20, 2e-20, -1
-0.136916, 0.105316, 0.834611, 0.05, -0.17595, -0.1195, -0.122085, 0.245241, 1004.06, 6503.13, 10, 2e-20, 3e-20, 2e-20, 2e-20, -1
-0.199828, 0.0504888, 0.842763, 0.05, 0.0144966, -0.224858, -0.0354789, 0.228101, 1002.23, 3562.78, 10, 2e-20, 3e-20, 2e-20, 2e-20, -1
-0.216786, 0.0738685, 0.89999, 0.05, -0.16617, -0.0453913, 0.0207938, 0.173509, 1003.66, 5856.62, 10, 2e-20, 3e-20, 2e-20, 2e-20, -1
-0.230402, 0.0272675, 0.913316, 0.05, -0.0319588, -0.125045, -0.0275676, 0.131976, 1005.14, 8218.39, 10, 2e-20, 3e-20, 2e-20, 2e-20, -1
-0.137296, 0.0952978, 0.883951, 0.05, 0.0272463, 0.010482, -0.0362726, 0.046561, 1003.48, 5561.97, 10, 2e-20, 3e-20, 2e-20, 2e-20, -1
-0.098393, 0.018502, 0.954731, 0.05, -0.0393718, -0.138482, 0.0286004, 0.146783, 1001.17, 1870.04, 10, 2e-20, 3e-20, 2e-20, 2e-20, -1
-0.0664682, 0.0140957, 1.07401, 0.05, -0.0215542, -0.0991728, -0.0414792, 0.109637, 1007.58, 12123, 10, 2e-20, 3e-20, 2e-20, 2e-20, -1
-0.108492, 0.0499442, 1.09371, 0.05, -0.0268295, -0.146288, -0.0351974, 0.152836, 997.031, -4751.03, 10, 2e-20, 3e-20, 2e-20, 2e-20, -1
-0.0497155, -0.0915842, 1.44195, 0.05, 0.0279309, -0.103198, -0.10804, 0.151996, 998.27, -2767.99, 10, 2e-20, 3e-20, 2e-20, 2e-20, -1
-0.0667647, 0.16071, 1.36068, 0.05, -0.0435931, -0.197628, -0.0453456, 0.207397, 1000.69, 1104.57, 10, 2e-20, 3e-20, 2e-20, 2e-20, -1
-0.131954, 0.165982, 0.0471127, 0.05, -0.341897, -0.185628, -0.198957, 0.436961, 1012.58, 20135.6, 10, 2e-20, 3e-20, 2e-20, 2e-20, -1
-0.116513, 0.2436, 0.0489362, 0.05, -0.01326, -0.0929918, -0.0534435, 0.108072, 1013.67, 21875.9, 10, 2e-20, 3e-20, 2e-20, 2e-20, -1
-0.144859, 0.206782, 0.0746021, 0.05, -0.127728, 0.159779, -0.278804, 0.345797, 1008.79, 14057.6, 10, 2e-20, 3e-20, 2e-20, 2e-20, -1
-0.191025, 0.0610409, 0.0789018, 0.05, -0.0751181, -0.163445, 0.221542, 0.285373, 1010.69, 17102.1, 10, 2e-20, 3e-20, 2e-20, 2e-20, -1
-0.125163, 0.127331, 0.0810515, 0.05, -0.0213502, -0.19367, -0.167657, 0.257047, 1009.58, 15321.9, 10, 2e-20, 3e-20, 2e-20, 2e-20, -1
-0.0996344, 0.241423, 0.169061, 0.05, 0.132245, -0.198827, 0.085027, 0.253476, 1000.35, 560.121, 10, 2e-20, 3e-20, 2e-20, 2e-20, -1
-0.115129, 0.170014, 0.107922, 0.05, 0.183902, -0.000642132, 0.0074212, 0.184053, 1004.32, 6915.39, 10, 2e-20, 3e-20, 2e-20, 2e-20, -1
-0.0770009, 0.10819, 0.112968, 0.05, -0.138105, 0.133585, -0.029891, 0.194452, 1010, 15999.7, 10, 2e-20, 3e-20, 2e-20, 2e-20, -1
-0.107933, 0.127344, 0.146964, 0.05, 0.116656, -0.0233283, -0.00360627, 0.11902, 1010.64, 17016.8, 10, 2e-20, 3e-20, 2e-20, 2e-20, -1
-0.155857, 0.108286, 0.159023, 0.05, -0.194606, -0.28822, 0.0872958, 0.358556, 1008.92, 14273, 10, 2e-20, 3e-20, 2e-20, 2e-20, -1
-0.180849, 0.109334, 0.203647, 0.05, -0.135763, 0.00243783, 0.0576749, 0.147526, 1006.49, 10376.5, 10, 2e-20, 3e-20, 2e-20, 2e-20, -1
-0.149833, 0.00891393, 0.210997, 0.05, -0.115317, 0.0702957, -0.110221, 0.174322, 1009.73, 15568.8, 10, 2e-20, 3e-20, 2e-20, 2e-20, -1
-0.132945, 0.126322, 0.200211, 0.05, 0.177469, -0.0900367, 0.334317, 0.389063, 1004.88, 7812.49, 10, 2e-20, 3e-20, 2e-20, 2e-20, -1
-0.10869, 0.0817846, 0.232716, 0.05, -0.00516616, -0.127362, -0.0479165, 0.136175, 998.697, -2085.33, 10, 2e-20, 3e-20, 2e-20, 2e-20, -1
-0.140549, 0.0942427, 0.293874, 0.05, -0.153008, -0.213464, -0.00545874, 0.262694, 1011.59, 18537, 10, 2e-20, 3e-20, 2e-20, 2e-20, -1
-0.187405, 0.103926, 0.317924, 0.05, 0.201001, -0.0477136, -0.0274413, 0.208402, 1005.01, 8013.1, 10, 2e-20, 3e-20, 2e-20, 2e-20, -1
-0.12123, 0.105762, 0.395672, 0.05, -0.0416788, 0.133987, 0.0409103, 0.146162, 1004.69, 7497.32, 10, 2e-20, 3e-20, 2e-20, 2e-20, -1
-0.0757591, 0.175825, 0.378001, 0.05, -0.249143, 0.0215083, -0.119072, 0.276971, 1001.48, 2372.85, 10, 2e-20, 3e-20, 2e-20, 2e-20, -1
-0.118438, 0.145167, 0.427383, 0.05, -0.289709, 0.111138, -0.102788, 0.326877, 1005.67, 9076.76, 10, 2e-20, 3e-20, 2e-20, 2e-20, -1
-0.123952, 0.0537469, 0.412839, 0.05, -0.0620122, -0.081695, -0.145936, 0.178373, 1007.55, 12074.7, 10, 2e-20, 3e-20, 2e-20, 2e-20, -1
-0.105944, 0.0929788, 0.442227, 0.05, -0.185116, 0.0288965, -0.189144, 0.26623, 1000.09, 149.402, 10, 2e-20, 3e-20, 2e-20, 2e-20, -1
-0.145464, 0.0830601, 0.524767, 0.05, -0.0449939, -0.150347, -0.0184634, 0.158018, 994.939, -8097.21, 10, 2e-20, 3e-20, 2e-20, 2e-20, -1
-0.131315, 0.124129, 0.471307, 0.05, -0.246373, 0.168558, -0.151216, 0.334631, 1006.37, 10184.2, 10, 2e-20, 3e-20, 2e-20, 2e-20, -1
-0.143278, 0.13222, 0.512816, 0.05, 0.0110942, -0.0197644, 0.00781063, 0.0239733, 1003.83, 6129.65, 10, 2e-20, 3e-20, 2e-20, 2e-20, -1
-0.190819, 0.0548159, 0.533168, 0.05, 0.063717, 0.0141372, 0.0968381, 0.116779, 1001.26, 2010.71, 10, 2e-20, 3e-20, 2e-20, 2e-20, -1
-0.19022, 0.156612, 0.525644, 0.05, -0.0998868, -0.16673, -0.143228, 0.241434, 1006.88, 11005.8, 10, 2e-20, 3e-20, 2e-20, 2e-20, -1
-0.147533, 0.125125, 0.559651, 0.05, -0.0471828, -0.0555866, -0.0909668, 0.116581, 1001.85, 2955.28, 10, 2e-20, 3e-20, 2e-20, 2e-20, -1
-0.163683, 0.0162706, 0.534837, 0.05, 0.0156014, 0.110002, -0.0725765, 0.132707, 1003.41, 5450.95, 10, 2e-20, 3e-20, 2e-20, 2e-20, -1
-0.19913, 0.151078, 0.572773, 0.05, -0.0680543, -0.134312, -0.0242213, 0.152505, 998.984, -1625.49, 10, 2e-20, 3e-20, 2e-20, 2e-20, -1
-0.232856, 0.108177, 0.589231, 0.05, -0.134459, -0.1673, -0.176112, 0.27764, 1004.64, 7419.1, 10, 2e-20, 3e-20, 2e-20, 2e-20, -1
-0.223646, 0.122491, 0.635886, 0.05, -0.145273, -0.193694, -0.0815849, 0.255495, 1010.07, 16109.1, 10, 2e-20, 3e-20, 2e-20, 2e-20, -1
-0.195918, 0.178473, 0.683627, 0.05, 0.161389, 0.141394, 0.00449452, 0.214613, 1006.32, 10115.3, 10, 2e-20, 3e-20, 2e-20, 2e-20, -1
-0.182254, 0.156868, 0.622192, 0.05, 0.0465031, 0.0132746, -0.0819195, 0.0951291, 1003.03, 4849.1, 10, 2e-20, 3e-20, 2e-20, 2e-20, -1
-0.121144, 0.202143, 0.712738, 0.05, -0.0388234, -0.111973, 0.00960243, 0.118901, 1003.59, 5743.8, 10, 2e-20, 3e-20, 2e-20, 2e-20, -1
-0.145479, 0.15113, 0.761837, 0.05, -0.0305706, 0.00562332, 0.0527951, 0.0612658, 1002.52, 4024.5, 10, 2e-20, 3e-20, 2e-20, 2e-20, -1
-0.224631, 0.0929818, 0.751277, 0.05, -0.187773, -0.0125041, -0.0060404, 0.188286, 1006.93, 11081.4, 10, 2e-20, 3e-20, 2e-20, 2e-20, -1
-0.158258, 0.209327, 0.824247, 0.05, 0.0559884, 0.0322956, -0.0536151, 0.0839779, 1002.12, 3390.19, 10, 2e-20, 3e-20, 2e-20, 2e-20, -1
-0.165919, 0.103255, 0.754205, 0.05, 0.0329882, -0.0855751, 0.206909, 0.226324, 1007.29, 11665.2, 10, 2e-20, 3e-20, 2e-20, 2e-20, -1
-0.129533, 0.216866, 0.862279, 0.05, -0.0565266, -0.0279955, -0.0856481, 0.10637, 997.086, -4661.91, 10, 2e-20, 3e-20, 2e-20, 2e-20, -1
-0.194889, 0.181368, 0.829664, 0.05, -0.023476, -0.0843301, -0.0565009, 0.104188, 1009.33, 14924.4, 10, 2e-20, 3e-20, 2e-20, 2e-20, -1
-0.2099, 0.141937, 0.865301, 0.05, -0.0975507, -0.0705623, 0.0307474, 0.12426, 1001.26, 2021.93, 10, 2e-20, 3e-20, 2e-20, 2e-20, -1
-0.217868, 0.141449, 0.912597, 0.05, -0.0239812, -0.0797934, -0.0808178, 0.116076, 1005.04, 8062.58, 10, 2e-20, 3e-20, 2e-20, 2e-20, -1
-0.170555, 0.126928, 0.891611, 0.05, -0.0194187, -0.0507421, -0.0155294, 0.0565067, 1003.19, 5104.81, 10, 2e-20, 3e-20, 2e-20, 2e-20, -1
-0.0825553, 0.0616132, 0.99857, 0.05, -0.0315298, -0.0683103, 0.00108198, 0.0752436, 1000.92, 1474.85, 10, 2e-20, 3e-20, 2e-20, 2e-20, -1
-0.12645, 0.11613, 0.923282, 0.05, -0.116902, -0.213406, -0.0791009, 0.255861, 1004.72, 7546.33, 10, 2e-20, 3e-20, 2e-20, 2e-20, -1
-0.070009, 0.0605274, 0.951072, 0.05, -0.0946117, -0.0761902, -0.178041, 0.215534, 1004.36, 6975.8, 10, 2e-20, 3e-20, 2e-20, 2e-20, -1
-0.0153086, 0.0611333, 0.912349, 0.05, -0.0354432, 0.0175497, 0.00462412, 0.0398195, 1003.1, 4957.66, 10, 2e-20, 3e-20, 2e-20, 2e-20, -1
-0.027247, -0.033085, 0.937046, 0.05, -0.0244976, -0.110985, -0.0884192, 0.144, 1001.07, 1717.12, 10, 2e-20, 3e-20, 2e-20, 2e-20, -1
-0.043229, 0.0750767, 1.30084, 0.05, 0.103612, -0.0198733, -0.058216, 0.120497, 997.274, -4361.08, 10, 2e-20, 3e-20, 2e-20, 2e-20, -1
-0.0601787, 0.105552, 1.34397, 0.05, 0.0110819, -0.0977435, 0.0881378, 0.132079, 1005.79, 9271.86, 10, 2e-20, 3e-20, 2e-20, 2e-20, -1
-0.0394367, 0.142296, 1.3243, 0.05, 0.150115, -0.184346, -0.10345, 0.259268, 1002.47, 3945, 10, 2e-20, 3e-20, 2e-20, 2e-20, -1
-0.0985533, 0.303391, 0.0516309, 0.05, -0.243255, 0.026013, -0.126896, 0.275595, 1014.91, 23848.8, 10, 2e-20, 3e-20, 2e-20, 2e-20, -1
-0.132369, 0.35108, 0.0490152, 0.05, -0.210878, -0.120669, 0.0698756, 0.25281, 1002.28, 3642.69, 10, 2e-20, 3e-20, 2e-20, 2e-20, -1
-0.110336, 0.34035, 0.0952335, 0.05, -0.168816, 0.0240296, -0.133376, 0.216484, 1004.78, 7654.13, 10, 2e-20, 3e-20, 2e-20, 2e-20, -1
-0.137771, 0.258059, 0.0942245, 0.05, -0.111306, 0.0328258, -0.0173262, 0.117332, 1010.99, 17590.2, 10, 2e-20, 3e-20, 2e-20, 2e-20, -1
-0.0895621, 0.244157, 0.12262, 0.05, -0.186916, -0.0674304, 0.161402, 0.255998, 1013.39, 21427.2, 10, 2e-20, 3e-20, 2e-20, 2e-20, -1
-0.100326, 0.302553, 0.15952, 0.05, -0.00587808, -0.0847062, -0.151087, 0.173312, 1008.61, 13773.9, 10, 2e-20, 3e-20, 2e-20, 2e-20, -1
-0.109526, 0.296382, 0.214025, 0.05, -0.0359543, -0.0518067, -0.08279, 0.104071, 1007.38, 11812.4, 10, 2e-20, 3e-20, 2e-20, 2e-20, -1
-0.147093, 0.161324, 0.149253, 0.05, -0.0647066, 0.103214, -0.039281, 0.127997, 1008.33, 13335.8, 10, 2e-20, 3e-20, 2e-20, 2e-20, -1
-0.126202, 0.192173, 0.188497, 0.05, -0.035066, 0.18328, -0.000931695, 0.186607, 1009.68, 15482, 10, 2e-20, 3e-20, 2e-20, 2e-20, -1
-0.102148, 0.179295, 0.15812, 0.05, -0.168324, 0.0283633, -0.099124, 0.197391, 1004.07, 6506.11, 10, 2e-20, 3e-20, 2e-20, 2e-20, -1
-0.109685, 0.279414, 0.257413, 0.05, 0.177255, -0.0732854, 0.0384057, 0.195615, 1007.63, 12206.6, 10, 2e-20, 3e-20, 2e-20, 2e-20, -1
-0.108556, 0.16022, 0.226975, 0.05, -0.0482199, -0.141054, 0.00819623, 0.149293, 1001.47, 2350.91, 10, 2e-20, 3e-20, 2e-20, 2e-20, -1
-0.111699, 0.201534, 0.248378, 0.05, -0.0561363, -0.119449, -0.307151, 0.334307, 1006.02, 9626.48, 10, 2e-20, 3e-20, 2e-20, 2e-20, -1
-0.128391, 0.123704, 0.257984, 0.05, -0.0790607, 0.0168239, -0.0184079, 0.0829004, 1009.86, 15783, 10, 2e-20, 3e-20, 2e-20, 2e-20, -1
-0.130777, 0.141988, 0.312122, 0.05, -0.0654816, 0.0287141, -0.0195373, 0.0741218, 1003.1, 4952.13, 10, 2e-20, 3e-20, 2e-20, 2e-20, -1
-0.113072, 0.147279, 0.357578, 0.05, -0.0734776, -0.071231, 0.0998334, 0.142967, 1006.03, 9646.39, 10, 2e-20, 3e-20, 2e-20, 2e-20, -1
-0.156071, 0.144307, 0.389369, 0.05, 0.180218, -0.0513701, 0.0629576, 0.197689, 999.584, -664.91, 10, 2e-20, 3e-20, 2e-20, 2e-20, -1
-0.144474, 0.211489, 0.40614, 0.05, 0.0872803, 0.0182639, -0.141414, 0.16718, 999.756, -389.772, 10, 2e-20, 3e-20, 2e-20, 2e-20, -1
-0.187643, 0.177708, 0.411892, 0.05, -0.0797141, -0.10845, -0.0853465, 0.159373, 1009.05, 14477.5, 10, 2e-20, 3e-20, 2e-20, 2e-20, -1
-0.10397, 0.233424, 0.434137, 0.05, -0.0742599, 0.0422041, -0.174683, 0.194448, 1006.4, 10237, 10, 2e-20, 3e-20, 2e-20, 2e-20, -1
-0.144191, 0.173935, 0.449863, 0.05, 0.112562, -0.139406, 0.00649484, 0.179294, 999.113, -1419.31, 10, 2e-20, 3e-20, 2e-20, 2e-20, -1
-0.0941957, 0.259771, 0.471166, 0.05, -0.0185526, 0.0187155, 0.0913333, 0.0950591, 1000.83, 1332.95, 10, 2e-20, 3e-20, 2e-20, 2e-20, -1
-0.155332, 0.22463, 0.455795, 0.05, -0.0785872, -0.105943, -0.157113, 0.205145, 1006.95, 11124.7, 10, 2e-20, 3e-20, 2e-20, 2e-20, -1
-0.142434, 0.245844, 0.492795, 0.05, 0.109303, 0.172178, -0.0128427, 0.204346, 1000.41, 660.217, 10, 2e-20, 3e-20, 2e-20, 2e-20, -1
-0.163115, 0.174414, 0.494818, 0.05, -0.0155847, -0.174423, -0.364763, 0.404621, 999.252, -1196.84, 10, 2e-20, 3e-20, 2e-20, 2e-20, -1
-0.162254, 0.210087, 0.531949, 0.05, 0.0601382, 0.0248711, 0.00410761, 0.0652077, 1003.93, 6291.78, 10, 2e-20, 3e-20, 2e-20, 2e-20, -1
-0.111165, 0.221166, 0.554271, 0.05, -0.0427653, -0.0797151, -0.100587, 0.135281, 1000.84, 1346.09, 10, 2e-20, 3e-20, 2e-20, 2e-20, -1
-0.153047, 0.173539, 0.579476, 0.05, 0.0181498, -0.067361, -0.0907703, 0.114482, 1003.47, 5553.36, 10, 2e-20, 3e-20, 2e-20, 2e-20, -1
-0.135479, 0.244386, 0.630726, 0.05, 0.0138354, -0.0655521, -0.226391, 0.236096, 1004.32, 6919.16, 10, 2e-20, 3e-20, 2e-20, 2e-20, -1
-0.138714, 0.190947, 0.618806, 0.05, -0.156651, -0.0666973, -0.0351284, 0.173845, 1006.82, 10905, 10, 2e-20, 3e-20, 2e-20, 2e-20, -1
-0.127851, 0.114461, 0.599854, 0.05, -0.166107, 0.140897, -0.131509, 0.254437, 1005.62, 8984.64, 10, 2e-20, 3e-20, 2e-20, 2e-20, -1
-0.131381, 0.255319, 0.686643, 0.05, -0.0320102, -0.073837, -0.098474, 0.127176, 1004.72, 7552.63, 10, 2e-20, 3e-20, 2e-20, 2e-20, -1
-0.0869656, 0.268284, 0.701432, 0.05, 0.0363541, 0.059752, -0.112481, 0.132454, 1006.92, 11072.6, 10, 2e-20, 3e-20, 2e-20, 2e-20, -1
-0.160564, 0.185432, 0.733964, 0.05, -0.169831, -0.0243982, -0.0473941, 0.178, 1006, 9596.86, 10, 2e-20, 3e-20, 2e-20, 2e-20, -1
-0.141935, 0.258746, 0.810877, 0.05, -0.0304303, -0.0110203, -0.0483953, 0.0582199, 1001.86, 2973.11, 10, 2e-20, 3e-20, 2e-20, 2e-20, -1
-0.155757, 0.226206, 0.780846, 0.05, 0.0150539, -0.00515452, 0.00572674, 0.0169111, 1000.55, 877.061, 10, 2e-20, 3e-20, 2e-20, 2e-20, -1
-0.09894, 0.309287, 0.882138, 0.05, 0.034707, -0.0679095, 0.0059958, 0.0764998, 1004.45, 7126.21, 10, 2e-20, 3e-20, 2e-20, 2e-20, -1
-0.110682, 0.270936, 0.844185, 0.05, -0.0647003, -0.0123575, -0.10384, 0.122969, 1000.91, 1463.03, 10, 2e-20, 3e-20, 2e-20, 2e-20, -1
-0.170019, 0.186754, 0.878102, 0.05, 0.0977955, -0.149327, 0.0408703, 0.18312, 1001.18, 1890.49, 10, 2e-20, 3e-20, 2e-20, 2e-20, -1
-0.142774, 0.231776, 0.933212, 0.05, -0.0685839, -0.112602, -0.0123247, 0.13242, 997.949, -3281.6, 10, 2e-20, 3e-20, 2e-20, 2e-20, -1
-0.143076, 0.172134, 0.923844, 0.05, 0.0195199, -0.0917334, -0.126448, 0.157433, 1000.15, 247.848, 10, 2e-20, 3e-20, 2e-20, 2e-20, -1
-0.114497, 0.107424, 0.987768, 0.05, 0.00060728, -0.0827307, -0.0196049, 0.085024, 1000.98, 1563.61, 10, 2e-20, 3e-20, 2e-20, 2e-20, -1
-0.116205, 0.139037, 0.959626, 0.05, -0.0574829, -0.0408633, -0.00179318, 0.0705501, 992.804, -11514, 10, 2e-20, 3e-20, 2e-20, 2e-20, -1
-0.0181038, 0.0804339, 0.953726, 0.05, 0.131178, -0.0979566, -0.163911, 0.231668, 1003.66, 5851.28, 10, 2e-20, 3e-20, 2e-20, 2e-20, -1
-0.047466, 0.0173257, 0.943541, 0.05, -0.0607869, -0.156857, -0.0831459, 0.18765, 1001.62, 2584.35, 10, 2e-20, 3e-20, 2e-20, 2e-20, -1
0.0114344, 0.00320962, 0.948986, 0.05, 0.0366583, -0.134369, -0.0917083, 0.166761, 1003.13, 5015.58, 10, 2e-20, 3e-20, 2e-20, 2e-20, -1
-0.0258105, -0.0194237, 0.972379, 0.05, -0.0283006, -0.143404, -0.0988954, 0.176482, 1001.73, 2772.92, 10, 2e-20, 3e-20, 2e-20, 2e-20, -1
-0.0191424, 0.0262062, 1.08857, 0.05, 0.0660835, -0.118661, -0.186166, 0.230446, 1001.85, 2963.41, 10, 2e-20, 3e-20, 2e-20, 2e-20, -1
-0.040697, 0.130478, 1.28005, 0.05, 0.0761247, -0.174149, -0.0860474, 0.208631, 999.895, -167.293, 10, 2e-20, 3e-20, 2e-20, 2e-20, -1
-0.0603775, 0.0281826, 1.29078, 0.05, 0.0505181, -0.14455, 0.110722, 0.188961, 997.924, -3321.9, 10, 2e-20, 3e-20, 2e-20, 2e-20, -1
-0.0684134, 0.259247, 1.43636, 0.05, -0.0450025, -0.00574611, 0.0555377, 0.0717125, 998.826, -1877.86, 10, 2e-20, 3e-20, 2e-20, 2e-20, -1
-0.103449, 0.43545, 0.0502425, 0.05, -0.166954, 0.303074, 0.0186042, 0.346517, 1015, 24001.3, 10, 2e-20, 3e-20, 2e-20, 2e-20, -1
-0.0729905, 0.501595, 0.0532067, 0.05, -0.137981, -0.0831474, -0.143899, 0.216007, 1012.2, 19521.8, 10, 2e-20, 3e-20, 2e-20, 2e-20, -1
-0.147319, 0.496418, 0.143118, 0.05, -0.0466281, 0.12547, -0.205623, 0.245352, 1002.4, 3834.65, 10, 2e-20, 3e-20, 2e-20, 2e-20, -1
-0.126921, 0.438853, 0.103259, 0.05, 0.13628, 0.206992, -0.290951, 0.382192, 1008.57, 13716.2, 10, 2e-20, 3e-20, 2e-20, 2e-20, -1
-0.0984133, 0.292699, 0.105002, 0.05, -0.24, 0.00293832, 0.0698505, 0.249976, 1007.14, 11420.8, 10, 2e-20, 3e-20, 2e-20, 2e-20, -1
-0.0850563, 0.374524, 0.125187, 0.05, 0.0393471, -0.0026289, -0.090939, 0.0991211, 1010.83, 17323.7, 10, 2e-20, 3e-20, 2e-20, 2e-20, -1
-0.132351, 0.336752, 0.194543, 0.05, -0.260592, -0.0327432, 0.045062, 0.266479, 1009.95, 15927.5, 10, 2e-20, 3e-20, 2e-20, 2e-20, -1
-0.142708, 0.3182, 0.248654, 0.05, -0.353416, 0.107275, -0.165666, 0.404792, 1013.56, 21688.7, 10, 2e-20, 3e-20, 2e-20, 2e-20, -1
-0.122241, 0.246368, 0.221657, 0.05, 0.0291323, -0.294942, -0.00496606, 0.296419, 1004.83, 7730.06, 10, 2e-20, 3e-20, 2e-20, 2e-20, -1
-0.174478, 0.275022, 0.249174, 0.05, -0.107811, 0.16365, -0.026991, 0.197821, 1008.66, 13851.5, 10, 2e-20, 3e-20, 2e-20, 2e-20, -1
-0.129931, 0.367538, 0.325851, 0.05, 0.108593, -0.0626483, -0.124383, 0.176602, 1006.32, 10106.8, 10, 2e-20, 3e-20, 2e-20, 2e-20, -1
-0.0925273, 0.259198, 0.298856, 0.05, 0.0852922, 0.0727671, 0.17464, 0.207531, 1000.92, 1472.47, 10, 2e-20, 3e-20, 2e-20, 2e-20, -1
-0.0814268, 0.278412, 0.345747, 0.05, -0.132712, -0.120823, -0.225638, 0.288311, 1011.64, 18622.3, 10, 2e-20, 3e-20, 2e-20, 2e-20, -1
-0.147839, 0.227901, 0.274711, 0.05, -0.254643, -0.162967, -0.0959172, 0.317177, 1008.75, 13997.8, 10, 2e-20, 3e-20, 2e-20, 2e-20, -1
-0.121182, 0.233893, 0.33043, 0.05, 0.1911, -0.0672116, 0.108675, 0.229884, 1003.19, 5097.92, 10, 2e-20, 3e-20, 2e-20, 2e-20, -1
-0.149138, 0.191686, 0.323528, 0.05, -0.174289, -0.142472, -0.061555, 0.233375, 1011.23, 17966, 10, 2e-20, 3e-20, 2e-20, 2e-20, -1
-0.0994482, 0.379418, 0.406851, 0.05, -0.126884, 0.0861973, -0.0760481, 0.17121, 1006.16, 9860.5, 10, 2e-20, 3e-20, 2e-20, 2e-20, -1
-0.079081, 0.229945, 0.362754, 0.05, -0.141029, 0.0378487, -0.13751, 0.200576, 1007.62, 12189.1, 10, 2e-20, 3e-20, 2e-20, 2e-20, -1
-0.140701, 0.265077, 0.414077, 0.05, 0.0985865, -0.0670761, -0.0925144, 0.150922, 1000.18, 288.79, 10, 2e-20, 3e-20, 2e-20, 2e-20, -1
-0.0953341, 0.295736, 0.427593, 0.05, -0.0551356, -0.16289, 0.0447203, 0.177688, 996.693, -5291.71, 10, 2e-20, 3e-20, 2e-20, 2e-20, -1
-0.137028, 0.288747, 0.457128, 0.05, 0.0952312, -0.248494, -0.0485314, 0.270506, 1001.12, 1786.34, 10, 2e-20, 3e-20, 2e-20, 2e-20, -1
-0.124481, 0.294504, 0.507166, 0.05, -0.112124, 0.0353533, -0.142108, 0.184435, 1003.99, 6379.31, 10, 2e-20, 3e-20, 2e-20, 2e-20, -1
-0.0887105, 0.316953, 0.543648, 0.05, -0.127485, 0.022916, -0.0351271, 0.134207, 997.349, -4241.56, 10, 2e-20, 3e-20, 2e-20, 2e-20, -1
-0.141383, 0.320047, 0.547702, 0.05, 0.0143639, 0.10856, -0.209478, 0.236374, 1007.24, 11590.2, 10, 2e-20, 3e-20, 2e-20, 2e-20, -1
-0.0968828, 0.244703, 0.519392, 0.05, 0.0613548, -0.0388579, -0.255091, 0.265227, 1004.32, 6916.36, 10, 2e-20, 3e-20, 2e-20, 2e-20, -1
-0.145889, 0.263984, 0.5415, 0.05, -0.119613, 0.00963431, -0.107818, 0.161322, 1002.73, 4360.24, 10, 2e-20, 3e-20, 2e-20, 2e-20, -1
-0.156114, 0.227245, 0.585037, 0.05, -0.0743275, 0.0484075, -0.114721, 0.145013, 1000.96, 1534.81, 10, 2e-20, 3e-20, 2e-20, 2e-20, -1
-0.108799, 0.290972, 0.659578, 0.05, 0.0850734, -0.105541, 0.0658423, 0.150704, 1002.98, 4765.23, 10, 2e-20, 3e-20, 2e-20, 2e-20, -1
-0.0794682, 0.367723, 0.735611, 0.05, -0.0933187, -0.101273, 0.0118927, 0.138224, 1002.21, 3539.11, 10, 2e-20, 3e-20, 2e-20, 2e-20, -1
-0.0809158, 0.325831, 0.685093, 0.05, -0.162949, -0.112753, -0.09322, 0.218987, 1001.66, 2658.81, 10, 2e-20, 3e-20, 2e-20, 2e-20, -1
-0.201156, 0.198762, 0.631477, 0.05, -0.00770026, -0.125161, -0.103644, 0.162686, 1006.52, 10436.3, 10, 2e-20, 3e-20, 2e-20, 2e-20, -1
-0.133338, 0.299466, 0.725969, 0.05, 0.0316122, 0.0693115, -0.121736, 0.143607, 1005.02, 8029.89, 10, 2e-20, 3e-20, 2e-20, 2e-20, -1
-0.100371, 0.275082, 0.756307, 0.05, 0.00818602, 0.0998736, -0.0737818, 0.124441, 999.289, -1136.84, 10, 2e-20, 3e-20, 2e-20, 2e-20, -1
-0.182388, 0.220432, 0.705172, 0.05, -0.069423, -0.148615, -0.15345, 0.224617, 1002.95, 4725.36, 10, 2e-20, 3e-20, 2e-20, 2e-20, -1
-0.110163, 0.331227, 0.84038, 0.05, -0.110449, 0.0636594, -0.0253292, 0.129973, 1005.07, 8114.62, 10, 2e-20, 3e-20, 2e-20, 2e-20, -1
-0.147756, 0.314592, 0.818863, 0.05, -0.0805338, -0.00902595, -0.00271424, 0.0810834, 1001.37, 2199.52, 10, 2e-20, 3e-20, 2e-20, 2e-20, -1
-0.14758, 0.3057, 0.870656, 0.05, -0.0549635, -0.0141501, -0.158232, 0.168103, 1006.06, 9688.87, 10, 2e-20, 3e-20, 2e-20, 2e-20, -1
-0.178845, 0.356852, 0.943615, 0.05, -0.0181115, 0.110061, -0.0097833, 0.11197, 998.742, -2012.09, 10, 2e-20, 3e-20, 2e-20, 2e-20, -1
-0.113174, 0.302508, 0.930122, 0.05, 0.118198, -0.0100678, -0.0699331, 0.137705, 1000.53, 849.865, 10, 2e-20, 3e-20, 2e-20, 2e-20, -1
-0.142075, 0.281673, 0.965585, 0.05, 0.0252616, -0.0263784, -0.185758, 0.189314, 995.922, -6525.3, 10, 2e-20, 3e-20, 2e-20, 2e-20, -1
-0.0703199, 0.199134, 1.0434, 0.05, 0.0360997, 0.0577953, -0.0654969, 0.0945163, 1003.07, 4908.64, 10, 2e-20, 3e-20, 2e-20, 2e-20, -1
-0.102966, 0.17145, 1.00963, 0.05, 0.0846746, -0.033265, -0.137053, 0.164499, 1003.85, 6167.13, 10, 2e-20, 3e-20, 2e-20, 2e-20, -1
-0.0418345, 0.159809, 1.05617, 0.05, -0.00251887, 0.0579351, -0.0311145, 0.0658098, 1000.07, 119.579, 10, 2e-20, 3e-20, 2e-20, 2e-20, -1
-0.0485956, 0.0932579, 1.025, 0.05, -0.0656259, -0.0388002, -0.0603092, 0.0972082, 1003.25, 5193.74, 10, 2e-20, 3e-20, 2e-20, 2e-20, -1
-0.00464847, 0.131071, 1.09902, 0.05, 0.00508717, 0.0800397, -0.0993482, 0.12768, 1003.07, 4919.88, 10, 2e-20, 3e-20, 2e-20, 2e-20, -1
-0.0532636, 0.138652, 1.10186, 0.05, -0.0170541, 0.00604722, 0.00908292, 0.0202462, 999.841, -253.701, 10, 2e-20, 3e-20, 2e-20, 2e-20, -1
-0.0152285, 0.00390009, 1.01216, 0.05, -0.0330046, -0.138953, -0.078348, 0.162898, 998.661, -2142.2, 10, 2e-20, 3e-20, 2e-20, 2e-20, -1
-0.033829, 0.150357, 1.14294, 0.05, 0.0435808, -0.0663383, -0.189918, 0.205837, 999.145, -1368.05, 10, 2e-20, 3e-20, 2e-20, 2e-20, -1
-0.0481446, 0.15654, 1.18061, 0.05, 1.61316e-05, -0.00540426, 0.0157636, 0.0166643, 1007.35, 11759.9, 10, 2e-20, 3e-20, 2e-20, 2e-20, -1
-0.0594566, 0.237032, 1.31153, 0.05, 0.110734, -0.0874489, -0.0443044, 0.147892, 1002.87, 4592.02, 10, 2e-20, 3e-20, 2e-20, 2e-20, -1
-0.0703559, 0.293621, 1.41693, 0.05, 0.0703901, -0.00466127, 0.0294439, 0.0764423, 994.002, -9597.14, 10, 2e-20, 3e-20, 2e-20, 2e-20, -1
-0.0510803, 0.460372, 0.138595, 0.05, -0.160554, -0.00122066, 0.109111, 0.194125, 1004.24, 6783.71, 10, 2e-20, 3e-20, 2e-20, 2e-20, -1
-0.104604, 0.49582, 0.276979, 0.05, -0.194512, -0.176507, 0.0882483, 0.277087, 1014.35, 22960.7, 10, 2e-20, 3e-20, 2e-20, 2e-20, -1
-0.139264, 0.441925, 0.22824, 0.05, 0.077169, 0.241488, -0.0684222, 0.262589, 1003.28, 5245.17, 10, 2e-20, 3e-20, 2e-20, 2e-20, -1
-0.101704, 0.443838, 0.195286, 0.05, -0.0792331, 0.0395765, -0.00120959, 0.0885757, 1006.56, 10493.2, 10, 2e-20, 3e-20, 2e-20, 2e-20, -1
-0.126986, 0.412268, 0.14846, 0.05, -0.39262, 0.0197041, 0.259264, 0.47091, 1013.55, 21679.2, 10, 2e-20, 3e-20, 2e-20, 2e-20, -1
-0.0967706, 0.36943, 0.176719, 0.05, -0.0792941, -0.0018695, -0.164291, 0.182435, 1005.02, 8033.74, 10, 2e-20, 3e-20, 2e-20, 2e-20, -1
-0.156073, 0.372249, 0.22842, 0.05, -0.230037, -0.151693, -0.152038, 0.314711, 1005.65, 9040.55, 10, 2e-20, 3e-20, 2e-20, 2e-20, -1
-0.105757, 0.359644, 0.248941, 0.05, -0.079429, -0.0180414, 0.0103687, 0.0821095, 1011.49, 18390.9, 10, 2e-20, 3e-20, 2e-20, 2e-20, -1
-0.0733121, 0.449713, 0.305882, 0.05, -0.176677, -0.0858755, -0.0646013, 0.206792, 1005.47, 8755.5, 10, 2e-20, 3e-20, 2e-20, 2e-20, -1
-0.0946305, 0.388158, 0.296426, 0.05, -0.277088, -0.0101376, -0.00495572, 0.277318, 1008.35, 13359.9, 10, 2e-20, 3e-20, 2e-20, 2e-20, -1
-0.0976676, 0.439644, 0.383513, 0.05, -0.147556, -0.148172, -0.0411441, 0.213121, 1000.24, 386.566, 10, 2e-20, 3e-20, 2e-20, 2e-20, -1
-0.139952, 0.401281, 0.371113, 0.05, 0.00474241, -0.0258992, -0.0936974, 0.0973266, 1006.98, 11165, 10, 2e-20, 3e-20, 2e-20, 2e-20, -1
-0.107429, 0.317256, 0.338774, 0.05, -3.20721e-05, -0.0494303, -0.161064, 0.168479, 1004.58, 7331.35, 10, 2e-20, 3e-20, 2e-20, 2e-20, -1
-0.0824628, 0.321344, 0.38681, 0.05, 0.0536192, 0.00597018, -0.125574, 0.136673, 1006.68, 10681.6, 10, 2e-20, 3e-20, 2e-20, 2e-20, -1
-0.0891814, 0.432732, 0.430452, 0.05, -0.185166, -0.0549927, -0.0423821, 0.197755, 1008.23, 13162.9, 10, 2e-20, 3e-20, 2e-20, 2e-20, -1
-0.109965, 0.393993, 0.469549, 0.05, -0.153649, -0.0837716, -0.0121374, 0.175422, 1010.08, 16124.5, 10, 2e-20, 3e-20, 2e-20, 2e-20, -1
-0.131202, 0.442746, 0.475783, 0.05, -0.257487, -0.042362, -0.269876, 0.375403, 1009.47, 15149.6, 10, 2e-20, 3e-20, 2e-20, 2e-20, -1
-0.157733, 0.38006, 0.453265, 0.05, -0.00608692, 0.0140287, -0.0266294, 0.030708, 1007.59, 12141.7, 10, 2e-20, 3e-20, 2e-20, 2e-20, -1
-0.118073, 0.255551, 0.377328, 0.05, 0.0107079, -0.198853, 0.0426803, 0.203663, 1006.96, 11130.8, 10, 2e-20, 3e-20, 2e-20, 2e-20, -1
-0.11375, 0.425483, 0.50804, 0.05, -0.0661112, -0.0207904, -0.0315768, 0.0761579, 1001.75, 2803.2, 10, 2e-20, 3e-20, 2e-20, 2e-20, -1
-0.115302, 0.343958, 0.441848, 0.05, -0.114799, 0.0750327, 0.0158739, 0.13806, 1002.91, 4660.82, 10, 2e-20, 3e-20, 2e-20, 2e-20, -1
-0.124722, 0.352467, 0.496556, 0.05, -0.127036, -0.162405, 0.0897836, 0.224888, 1003.61, 5779.95, 10, 2e-20, 3e-20, 2e-20, 2e-20, -1
-0.117922, 0.374942, 0.542149, 0.05, -0.317248, -0.117638, -0.18044, 0.383463, 1006.31, 10102.9, 10, 2e-20, 3e-20, 2e-20, 2e-20, -1
-0.0675177, 0.382521, 0.635745, 0.05, -0.00844974, -0.110171, -0.119554, 0.162795, 1006.05, 9677.76, 10, 2e-20, 3e-20, 2e-20, 2e-20, -1
-0.0697735, 0.383889, 0.686087, 0.05, 0.0550429, -0.0563279, -0.06957, 0.105083, 1001.42, 2267.95, 10, 2e-20, 3e-20, 2e-20, 2e-20, -1
-0.104704, 0.304243, 0.576347, 0.05, -0.141074, -0.12728, -0.197204, 0.273846, 1003.26, 5210.68, 10, 2e-20, 3e-20, 2e-20, 2e-20, -1
-0.115525, 0.269281, 0.584064, 0.05, -0.0631309, -0.0217701, 0.0137521, 0.0681804, 1003.65, 5837.73, 10, 2e-20, 3e-20, 2e-20, 2e-20, -1
-0.0450193, 0.33827, 0.648823, 0.05, 0.0201844, 0.0964309, -0.122157, 0.156935, 1001.4, 2236.95, 10, 2e-20, 3e-20, 2e-20, 2e-20, -1
-0.115084, 0.409502, 0.760883, 0.05, 0.10745, 0.0382964, -0.068385, 0.132998, 1000.78, 1245.03, 10, 2e-20, 3e-20, 2e-20, 2e-20, -1
-0.121937, 0.397737, 0.822132, 0.05, 0.0252752, -0.0553299, 0.0786439, 0.0994238, 1004.91, 7851.11, 10, 2e-20, 3e-20, 2e-20, 2e-20, -1
-0.129223, 0.331867, 0.695778, 0.05, 0.0513953, 0.0335731, -0.149745, 0.16184, 1009.97, 15947.8, 10, 2e-20, 3e-20, 2e-20, 2e-20, -1
-0.122869, 0.343153, 0.74948, 0.05, 0.156298, -0.0238984, -0.165734, 0.229059, 1001.25, 1994.63, 10, 2e-20, 3e-20, 2e-20, 2e-20, -1
-0.106993, 0.302268, 0.797901, 0.05, 0.0372517, -0.0988637, -0.147764, 0.181648, 1000.92, 1472.43, 10, 2e-20, 3e-20, 2e-20, 2e-20, -1
-0.11192, 0.228685, 0.757135, 0.05, 0.0358346, -0.0958606, -0.0845503, 0.132748, 1000.98, 1561.39, 10, 2e-20, 3e-20, 2e-20, 2e-20, -1
-0.156012, 0.360352, 0.838486, 0.05, 0.0351442, -0.0870684, -0.153612, 0.180035, 1001.9, 3042.95, 10, 2e-20, 3e-20, 2e-20, 2e-20, -1
-0.163973, 0.399161, 0.926066, 0.05, 0.00853845, 0.0638743, 0.00577099, 0.0647004, 1001.99, 3178.13, 10, 2e-20, 3e-20, 2e-20, 2e-20, -1
-0.132693, 0.351727, 0.920108, 0.05, -0.000138545, -0.00942939, 0.0743297, 0.0749256, 1003.45, 5523.79, 10, 2e-20, 3e-20, 2e-20, 2e-20, -1
-0.108203, 0.34894, 1.01759, 0.05, -0.0779148, -0.209291, -0.172396, 0.282124, 996.874, -5001.08, 10, 2e-20, 3e-20, 2e-20, 2e-20, -1
-0.0963765, 0.273057, 0.97583, 0.05, -0.00317082, 0.0544091, -0.140322, 0.150535, 1000.52, 831.955, 10, 2e-20, 3e-20, 2e-20, 2e-20, -1
-0.0950773, 0.24363, 1.03163, 0.05, 0.0268708, 0.0265679, -0.162929, 0.167254, 998.212, -2861.32, 10, 2e-20, 3e-20, 2e-20, 2e-20, -1
-0.103705, 0.302267, 1.04429, 0.05, 0.115681, 0.111331, -0.15501, 0.22317, 1004.73, 7575.85, 10, 2e-20, 3e-20, 2e-20, 2e-20, -1
-0.0606105, 0.29799, 1.08394, 0.05, 0.160271, -0.116334, -0.13481, 0.239571, 997.82, -3488.15, 10, 2e-20, 3e-20, 2e-20, 2e-20, -1
-0.0521567, 0.188893, 1.09907, 0.05, 0.00818724, -0.0626454, -0.152569, 0.165133, 1004.21, 6734.7, 10, 2e-20, 3e-20, 2e-20, 2e-20, -1
-0.113804, 0.281401, 1.12478, 0.05, -0.0118997, 0.00775937, -0.0874315, 0.0885781, 1006.51, 10421, 10, 2e-20, 3e-20, 2e-20, 2e-20, -1
-0.0640842, 0.256383, 1.11249, 0.05, 0.0126879, 0.0713243, -0.0328555, 0.0795464, 999.167, -1332.04, 10, 2e-20, 3e-20, 2e-20, 2e-20, -1
-0.0852564, 0.285215, 1.16562, 0.05, 0.106788, -0.111416, -0.279694, 0.319446, 998.471, -2445.66, 10, 2e-20, 3e-20, 2e-20, 2e-20, -1
-0.0583346, 0.207081, 1.13909, 0.05, 0.0768063, -0.0166653, -0.130098, 0.151995, 1002.64, 4229.17, 10, 2e-20, 3e-20, 2e-20, 2e-20, -1
-0.0774745, 0.259254, 1.21121, 0.05, -0.00091131, -0.239981, -0.199243, 0.311913, 999.518, -771.157, 10, 2e-20, 3e-20, 2e-20, 2e-20, -1
-0.0823578, 0.225179, 1.16691, 0.05, 0.0563678, 0.0222778, -0.0503092, 0.0787696, 997.592, -3853.42, 10, 2e-20, 3e-20, 2e-20, 2e-20, -1
-0.0612767, 0.25999, 1.37071, 0.05, 0.0627174, -0.100813, -0.081061, 0.143762, 999.854, -234.12, 10, 2e-20, 3e-20, 2e-20, 2e-20, -1
-0.0692349, 0.361917, 1.4368, 0.05, 0.0646477, -0.102987, -0.105333, 0.160875, 996.605, -5431.21, 10, 2e-20, 3e-20, 2e-20, 2e-20, -1
-0.106733, 0.499673, 0.045865, 0.05, -0.236421, -0.183672, -0.226692, 0.375526, 1011.72, 18752.2, 10, 2e-20, 3e-20, 2e-20, 2e-20, -1
-0.119564, 0.49896, 0.383228, 0.05, -0.414061, 0.0204231, 0.0537032, 0.418029, 1013.62, 21786.7, 10, 2e-20, 3e-20, 2e-20, 2e-20, -1
-0.0526575, 0.497041, 0.293161, 0.05, -0.0638649, 0.00676372, 0.0985768, 0.117651, 1006.21, 9939.39, 10, 2e-20, 3e-20, 2e-20, 2e-20, -1
-0.101541, 0.44492, 0.266456, 0.05, -0.28987, 0.0336274, 0.00118021, 0.291817, 1002.49, 3978.25, 10, 2e-20, 3e-20, 2e-20, 2e-20, -1
-0.158303, 0.499641, 0.286025, 0.05, 0.224658, -0.190772, -0.0808485, 0.305617, 1009.36, 14971.3, 10, 2e-20, 3e-20, 2e-20, 2e-20, -1
-0.103526, 0.399965, 0.23679, 0.05, -0.0182553, -0.110186, 0.030221, 0.115705, 998.475, -2439.75, 10, 2e-20, 3e-20, 2e-20, 2e-20, -1
-0.136075, 0.399375, 0.199056, 0.05, -0.206559, -0.13093, -0.407652, 0.475384, 1009, 14393.7, 10, 2e-20, 3e-20, 2e-20, 2e-20, -1
-0.164, 0.415934, 0.258875, 0.05, -0.461064, 0.128785, -0.0796707, 0.485296, 1008.15, 13042, 10, 2e-20, 3e-20, 2e-20, 2e-20, -1
-0.0954052, 0.501732, 0.505539, 0.05, 0.126077, 0.0387421, 0.0948328, 0.162449, 999.283, -1147.74, 10, 2e-20, 3e-20, 2e-20, 2e-20, -1
-0.148526, 0.49829, 0.487848, 0.05, -0.135537, -0.0711567, -0.163855, 0.224237, 1005.49, 8776.42, 10, 2e-20, 3e-20, 2e-20, 2e-20, -1
-0.143419, 0.452387, 0.377698, 0.05, -0.0288476, 0.0556872, -0.0835516, 0.104471, 1006.2, 9917.34, 10, 2e-20, 3e-20, 2e-20, 2e-20, -1
-0.122342, 0.355748, 0.369467, 0.05, -0.120028, -0.0923352, -0.155646, 0.217159, 1006.47, 10355.7, 10, 2e-20, 3e-20, 2e-20, 2e-20, -1
-0.0870483, 0.389268, 0.3554, 0.05, 0.0371185, 0.0433283, -0.0382441, 0.0686858, 1006.18, 9886.7, 10, 2e-20, 3e-20, 2e-20, 2e-20, -1
-0.154619, 0.453636, 0.581691, 0.05, -0.149231, -0.0700794, -0.20216, 0.260863, 1006.17, 9864.76, 10, 2e-20, 3e-20, 2e-20, 2e-20, -1
-0.1204, 0.448746, 0.649675, 0.05, 0.200253, -0.0596915, 0.0880379, 0.226749, 998.113, -3019.26, 10, 2e-20, 3e-20, 2e-20, 2e-20, -1
-0.177122, 0.451951, 0.498681, 0.05, -0.028741, -0.147422, -0.222124, 0.268139, 999.142, -1373.25, 10, 2e-20, 3e-20, 2e-20, 2e-20, -1
-0.156389, 0.428952, 0.538673, 0.05, -0.138685, -0.12384, 0.0808167, 0.202734, 1005.06, 8098.8, 10, 2e-20, 3e-20, 2e-20, 2e-20, -1
-0.0841737, 0.433889, 0.629867, 0.05, -0.121388, 0.0606419, 0.0550168, 0.146421, 1007.19, 11499.2, 10, 2e-20, 3e-20, 2e-20, 2e-20, -1
-0.131716, 0.467837, 0.765751, 0.05, -0.0705455, 0.05182, -0.00104751, 0.087539, 1005.98, 9573.59, 10, 2e-20, 3e-20, 2e-20, 2e-20, -1
-0.091374, 0.388498, 0.587094, 0.05, -0.119023, 0.0327694, 0.0403507, 0.129879, 1003.11, 4970, 10, 2e-20, 3e-20, 2e-20, 2e-20, -1
-0.0714729, 0.435889, 0.839843, 0.05, -0.0783011, -0.0524317, 0.00704284, 0.0944974, 1002.03, 3254.38, 10, 2e-20, 3e-20, 2e-20, 2e-20, -1
-0.0890268, 0.447123, 0.682507, 0.05, -0.0583024, -0.023259, -0.282538, 0.289427, 1008.55, 13685.6, 10, 2e-20, 3e-20, 2e-20, 2e-20, -1
-0.0728743, 0.415788, 0.749018, 0.05, -0.0959976, 0.0812913, -0.111856, 0.168332, 998.838, -1859.52, 10, 2e-20, 3e-20, 2e-20, 2e-20, -1
-0.116982, 0.400336, 0.666514, 0.05, -0.00151024, -0.0418156, -0.258593, 0.261957, 1005.54, 8859.46, 10, 2e-20, 3e-20, 2e-20, 2e-20, -1
-0.0809511, 0.501058, 1.01238, 0.05, -0.0828767, -0.0807816, -0.0450829, 0.124204, 1009.07, 14507.1, 10, 2e-20, 3e-20, 2e-20, 2e-20, -1
-0.117888, 0.377591, 0.709169, 0.05, -0.108267, -0.151034, 0.0406149, 0.190217, 1004.39, 7029.68, 10, 2e-20, 3e-20, 2e-20, 2e-20, -1
-0.126219, 0.449145, 0.846927, 0.05, 0.022252, -0.0443474, -0.103071, 0.114392, 1000.39, 617.21, 10, 2e-20, 3e-20, 2e-20, 2e-20, -1
-0.126007, 0.44368, 1.001, 0.05, -0.0964433, -0.00895139, 0.11202, 0.148088, 998.856, -1830.72, 10, 2e-20, 3e-20, 2e-20, 2e-20, -1
-0.171399, 0.44361, 1.06377, 0.05, -0.33308, 0.0943036, -0.156929, 0.380082, 1003.13, 5007.68, 10, 2e-20, 3e-20, 2e-20, 2e-20, -1
-0.142041, 0.392433, 0.877351, 0.05, 0.0478209, 0.066121, -0.177635, 0.195481, 1001.5, 2400.92, 10, 2e-20, 3e-20, 2e-20, 2e-20, -1
-0.125526, 0.3631, 0.87972, 0.05, 0.15298, 0.0199174, -0.36688, 0.397996, 995.392, -7372.89, 10, 2e-20, 3e-20, 2e-20, 2e-20, -1
-0.150835, 0.395957, 0.97228, 0.05, 0.045354, -0.0784965, -0.333046, 0.345164, 999.319, -1089.48, 10, 2e-20, 3e-20, 2e-20, 2e-20, -1
-0.149255, 0.417183, 1.13185, 0.05, 0.0325218, -0.0445778, -0.097464, 0.112, 989.029, -17553.6, 10, 2e-20, 3e-20, 2e-20, 2e-20, -1
-0.195448, 0.440173, 1.03068, 0.05, -0.106665, -0.117, 0.0264084, 0.160511, 1001.26, 2023.94, 10, 2e-20, 3e-20, 2e-20, 2e-20, -1
-0.157419, 0.43311, 1.19704, 0.05, 0.0867861, -0.398252, 0.0210524, 0.408141, 994.411, -8943.19, 10, 2e-20, 3e-20, 2e-20, 2e-20, -1
-0.138467, 0.392764, 1.06506, 0.05, -0.282834, 0.00824047, -0.0105291, 0.28315, 1001.68, 2693.88, 10, 2e-20, 3e-20, 2e-20, 2e-20, -1
-0.135816, 0.437437, 1.0902, 0.05, 0.0612279, -0.0519961, -0.15527, 0.174818, 1003.55, 5681.25, 10, 2e-20, 3e-20, 2e-20, 2e-20, -1
-0.122494, 0.299865, 1.00932, 0.05, 0.0667702, 0.162037, -0.12358, 0.214444, 1001.82, 2914.5, 10, 2e-20, 3e-20, 2e-20, 2e-20, -1
-0.0645103, 0.308777, 0.999738, 0.05, -0.0263018, -0.0971525, -0.00175448, 0.100665, 998.574, -2281.03, 10, 2e-20, 3e-20, 2e-20, 2e-20, -1
-0.128154, 0.377061, 1.10629, 0.05, 0.00929638, 0.0681545, -0.209964, 0.220944, 996.582, -5469.14, 10, 2e-20, 3e-20, 2e-20, 2e-20, -1
-0.14348, 0.344072, 1.05592, 0.05, -0.0832643, 0.0381281, -0.236934, 0.254017, 994.902, -8157.13, 10, 2e-20, 3e-20, 2e-20, 2e-20, -1
-0.123846, 0.486625, 1.363, 0.05, 0.0132034, -0.115683, -0.0102564, 0.116885, 1000.87, 1399.57, 10, 2e-20, 3e-20, 2e-20, 2e-20, -1
-0.104524, 0.362368, 1.25837, 0.05, 0.112451, -0.108399, -0.108785, 0.190341, 1001.61, 2581.95, 10, 2e-20, 3e-20, 2e-20, 2e-20, -1
-0.121491, 0.501727, 1.36331, 0.05, -0.0254619, 0.0135944, 0.111093, 0.114782, 1002.13, 3404.96, 10, 2e-20, 3e-20, 2e-20, 2e-20, -1
-0.0772355, 0.453515, 1.40988, 0.05, 0.174362, 0.106257, 0.0598394, 0.212775, 1000.79, 1258.59, 10, 2e-20, 3e-20, 2e-20, 2e-20, -1
-0.0318938, 0.458648, 1.37027, 0.05, -0.0460812, -0.0168591, -0.00817283, 0.0497443, 998.701, -2078.3, 10, 2e-20, 3e-20, 2e-20, 2e-20, -1
-0.0915713, 0.347594, 1.2005, 0.05, 0.0707068, -0.149424, -0.104878, 0.195771, 1001.77, 2838.49, 10, 2e-20, 3e-20, 2e-20, 2e-20, -1
-0.111921, 0.377541, 1.34862, 0.05, 0.0622922, -0.0348477, -0.0845663, 0.110662, 1001.53, 2455.57, 10, 2e-20, 3e-20, 2e-20, 2e-20, -1
-0.0979099, 0.300683, 1.25813, 0.05, 0.0943886, -0.0339783, -0.226669, 0.247876, 1004.07, 6509.44, 10, 2e-20, 3e-20, 2e-20, 2e-20, -1
-0.0963344, 0.3342, 1.31907, 0.05, 0.103535, 0.136061, 0.0931645, 0.194709, 1004.75, 7598.28, 10, 2e-20, 3e-20, 2e-20, 2e-20, -1
-0.0669427, 0.377893, 1.38001, 0.05, 0.0870477, -0.0619233, 0.0839794, 0.135884, 996.491, -5614.91, 10, 2e-20, 3e-20, 2e-20, 2e-20, -1
-0.104107, 0.455275, 0.141562, 0.05, -0.18781, 0.216812, -0.118358, 0.310304, 1013.62, 21790.2, 10, 2e-20, 3e-20, 2e-20, 2e-20, -1
-0.0515261, 0.498211, 0.171403, 0.05, -0.273826, -0.107338, 0.051904, 0.298658, 1015.18, 24287.3, 10, 2e-20, 3e-20, 2e-20, 2e-20, -1
-0.0980772, 0.493355, 0.225948, 0.05, -0.147683, -0.10129, 0.0194282, 0.180132, 1017.42, 27873.9, 10, 2e-20, 3e-20, 2e-20, 2e-20, -1
-0.194614, 0.494805, 0.393784, 0.05, 0.109693, -0.0258153, 0.108666, 0.156549, 1011.22, 17955.1, 10, 2e-20, 3e-20, 2e-20, 2e-20, -1
-0.036326, 0.494132, 0.463731, 0.05, -0.0542643, -0.0881458, -0.0140438, 0.104458, 1016.3, 26077.6, 10, 2e-20, 3e-20, 2e-20, 2e-20, -1
-0.123468, 0.470668, 0.333689, 0.05, -0.101226, -0.0627343, 0.12048, 0.169404, 1008.4, 13442.6, 10, 2e-20, 3e-20, 2e-20, 2e-20, -1
-0.102122, 0.502288, 0.327032, 0.05, -0.0865165, 0.149331, 0.156053, 0.232675, 1002.55, 4084.61, 10, 2e-20, 3e-20, 2e-20, 2e-20, -1
-0.0934839, 0.497857, 0.44826, 0.05, -0.0628815, 0.00792771, 0.176555, 0.187587, 1007.95, 12725.6, 10, 2e-20, 3e-20, 2e-20, 2e-20, -1
-0.0598792, 0.495758, 0.699634, 0.05, -0.0651729, -0.0688373, 0.165066, 0.190349, 1003.96, 6331.05, 10, 2e-20, 3e-20, 2e-20, 2e-20, -1
-0.0264338, 0.496534, 0.755962, 0.05, -0.125156, -0.0442468, 0.0963808, 0.164046, 1009.62, 15398.7, 10, 2e-20, 3e-20, 2e-20, 2e-20, -1
-0.0843651, 0.495804, 0.643298, 0.05, -0.0290292, -0.161327, -0.142744, 0.217359, 1005.36, 8582.5, 10, 2e-20, 3e-20, 2e-20, 2e-20, -1
-0.15889, 0.500709, 0.554086, 0.05, -0.0397983, 0.0293893, 0.0976301, 0.10945, 1012.94, 20696.6, 10, 2e-20, 3e-20, 2e-20, 2e-20, -1
-0.0994326, 0.499897, 0.749649, 0.05, -0.128212, -0.040577, 0.295156, 0.324349, 1012.55, 20072.2, 10, 2e-20, 3e-20, 2e-20, 2e-20, -1
-0.119517, 0.495315, 0.686904, 0.05, -0.0640279, -0.0210481, -0.184505, 0.19643, 1010.29, 16467.2, 10, 2e-20, 3e-20, 2e-20, 2e-20, -1
-0.145342, 0.497346, 0.856298, 0.05, -0.0636415, 0.050148, -0.119045, 0.144003, 1009.02, 14436.7, 10, 2e-20, 3e-20, 2e-20, 2e-20, -1
0.825638, -0.336881, 1.25876, 0.05, -0.06242, 0.0889355, -0.0843348, 0.137543, 1001.01, 1620.64, 10, 2e-20, 3e-20, 2e-20, 2e-20, -1
-0.120902, 0.499031, 0.807408, 0.05, -0.0109842, 0.0659849, -0.0679005, 0.095316, 1000.79, 1260.79, 10, 2e-20, 3e-20, 2e-20, 2e-20, -1
-0.197185, 0.502376, 1.08231, 0.05, -0.00158371, 0.259329, -0.0292267, 0.260976, 1005.36, 8578.27, 10, 2e-20, 3e-20, 2e-20, 2e-20, -1
-0.101961, 0.451204, 0.801773, 0.05, -0.0728965, 0.130013, -0.109747, 0.185099, 1009.5, 15199, 10, 2e-20, 3e-20, 2e-20, 2e-20, -1
-0.125577, 0.49765, 0.989035, 0.05, -0.0911368, 0.0845645, 0.0350982, 0.129186, 1006.91, 11049.3, 10, 2e-20, 3e-20, 2e-20, 2e-20, -1
-0.0966678, 0.460877, 1.15079, 0.05, 0.301038, -0.01944, 0.137451, 0.331504, 998.194, -2889.77, 10, 2e-20, 3e-20, 2e-20, 2e-20, -1
-0.133637, 0.494904, 1.10704, 0.05, -0.225311, -0.134315, 0.198634, 0.32903, 1007.8, 12485.9, 10, 2e-20, 3e-20, 2e-20, 2e-20, -1
-0.274692, 0.488205, 1.43389, 0.05, -0.191239, 0.0375498, -0.591678, 0.622949, 1001.72, 2747.3, 10, 2e-20, 3e-20, 2e-20, 2e-20, -1
-0.191155, 0.479213, 1.12543, 0.05, 0.318119, -0.186049, 0.487701, 0.611283, 1001.71, 2735.2, 10, 2e-20, 3e-20, 2e-20, 2e-20, -1
-0.207037, 0.455542, 0.971826, 0.05, -0.176162, -0.226367, 0.17294, 0.334938, 1005.26, 8415.5, 10, 2e-20, 3e-20, 2e-20, 2e-20, -1
-0.114456, 0.504623, 1.24074, 0.05, -0.0574452, 0.0802171, 0.0611824, 0.116095, 1007.82, 12512.9, 10, 2e-20, 3e-20, 2e-20, 2e-20, -1
-0.135684, 0.445771, 1.14758, 0.05, 0.0231178, 0.229984, -0.0213553, 0.232127, 993.772, -9965.28, 10, 2e-20, 3e-20, 2e-20, 2e-20, -1
-0.0446156, 0.470114, 1.46164, 0.05, -0.0823286, -0.0584269, 0.248293, 0.268032, 994.797, -8324.56, 10, 2e-20, 3e-20, 2e-20, 2e-20, -1
-0.0938836, 0.413966, 1.1137, 0.05, 0.00177967, -0.00844523, 0.120092, 0.120401, 1006.82, 10914.1, 10, 2e-20, 3e-20, 2e-20, 2e-20, -1
-0.0309476, 0.407504, 1.25764, 0.05, -0.0547027, -0.169364, 0.0459879, 0.183824, 1004.15, 6644.46, 10, 2e-20, 3e-20, 2e-20, 2e-20, -1
-0.19117, 0.489609, 1.34783, 0.05, 0.179198, 0.197984, -0.241856, 0.360284, 1000.16, 249.287, 10, 2e-20, 3e-20, 2e-20, 2e-20, -1
-0.164066, 0.466128, 1.02286, 0.05, -0.0829477, -0.10433, 0.170264, 0.216229, 997.427, -4116.03, 10, 2e-20, 3e-20, 2e-20, 2e-20, -1
-0.0994705, 0.341115, 1.07882, 0.05, -0.149758, -0.0662412, -0.228515, 0.281131, 1003.68, 5882.8, 10, 2e-20, 3e-20, 2e-20, 2e-20, -1
0.00557858, 0.424515, 1.2162, 0.05, -0.0555153, -0.0940938, 0.00145203, 0.10926, 999.653, -555.021, 10, 2e-20, 3e-20, 2e-20, 2e-20, -1
-0.0555877, 0.34502, 1.11527, 0.05, 0.101841, 0.0810251, -0.0470527, 0.138386, 996.156, -6151.05, 10, 2e-20, 3e-20, 2e-20, 2e-20, -1
-0.136189, 0.532293, 1.32222, 0.05, -0.0209455, 0.136148, -0.21565, 0.25589, 1001.23, 1966.1, 10, 2e-20, 3e-20, 2e-20, 2e-20, -1
-0.101835, 0.332781, 1.12016, 0.05, -0.0952701, -0.153401, -0.039818, 0.184916, 1002.02, 3224.48, 10, 2e-20, 3e-20, 2e-20, 2e-20, -1
-0.773777, -0.397451, 4.0472, 0.05, -0.00280652, 0.00294085, -0.0142888, 0.0148558, 999.873, -202.966, 10, 2e-20, 3e-20, 2e-20, 2e-20, -1
-0.773798, -0.397393, 4.04082, 0.05, -0.00273296, 0.00308187, -0.0160898, 0.0166086, 999.857, -228.137, 10, 2e-20, 3e-20, 2e-20, 2e-20, -1
-0.201565, 0.396172, 1.36208, 0.05, 0.479002, -0.103852, -0.0325912, 0.491213, 996.889, -4977.34, 10, 2e-20, 3e-20, 2e-20, 2e-20, -1
-0.694933, 0.197014, 1.35305, 0.05, 0.0159635, -0.30394, -0.0563668, 0.309534, 1001.38, 2206.19, 10, 2e-20, 3e-20, 2e-20, 2e-20, -1
-0.315991, 0.465683, 1.4331, 0.05, 0.230289, 0.0451154, -0.396878, 0.461065, 994.609, -8625.25, 10, 2e-20, 3e-20, 2e-20, 2e-20, -1
-0.862525, 0.421839, 1.3031, 0.05, -0.0530702, 0.114564, -0.356575, 0.378269, 1006.95, 11112.2, 10, 2e-20, 3e-20, 2e-20, 2e-20, -1
-0.0218481, 0.497435, 1.45408, 0.05, 0.112235, 0.108475, 0.287542, 0.327176, 1004.26, 6820.07, 10, 2e-20, 3e-20, 2e-20, 2e-20, -1
-0.212149, 0.330177, 1.25599, 0.05, 0.23582, -0.0483696, -0.198512, 0.312022, 1004.53, 7242.23, 10, 2e-20, 3e-20, 2e-20, 2e-20, -1
-0.85442, 0.326091, 1.26909, 0.05, 0.0865891, -0.186309, -0.283655, 0.350241, 995.455, -7271.65, 10, 2e-20, 3e-20, 2e-20, 2e-20, -1
-0.239336, 0.43004, 1.3896, 0.05, -0.328022, -0.030527, 0.24726, 0.411908, 1022.6, 36163.9, 10, 2e-20, 3e-20, 2e-20, 2e-20, -1
-0.402278, 0.29195, 1.31765, 0.05, -0.0183435, -0.173211, -0.100638, 0.201163, 1002.63, 4208.75, 10, 2e-20, 3e-20, 2e-20, 2e-20, -1
-0.40435, 0.28261, 1.37792, 0.05, 0.11575, -0.111847, -0.222618, 0.274712, 999.408, -946.468, 10, 2e-20, 3e-20, 2e-20, 2e-20, -1
-0.328116, 0.458444, 1.4178, 0.05, 0.0602293, -0.0607035, -0.0925659, 0.12602, 994.783, -8347.5, 10, 2e-20, 3e-20, 2e-20, 2e-20, -1
0.0349987, 0.485602, 1.48044, 0.05, 0.276855, 0.29951, -0.258, 0.482617, 1013.57, 21705, 10, 2e-20, 3e-20, 2e-20, 2e-20, -1
-0.0347263, -0.441866, 0.0530812, 0.05, -0.0621719, -0.0338179, -0.0145084, 0.0722461, 1003.19, 5102.01, 10, 2e-20, 3e-20, 2e-20, 2e-20, -1
-0.0581659, -0.495989, 0.062868, 0.05, -0.122003, 0.0375721, -0.0954317, 0.159385, 1010.77, 17239.4, 10, 2e-20, 3e-20, 2e-20, 2e-20, -1
-0.0622949, -0.492665, 0.120568, 0.05, -0.539638, -0.0441875, 0.222407, 0.585343, 1004.99, 7986.29, 10, 2e-20, 3e-20, 2e-20, 2e-20, -1
-0.0586014, -0.494633, 0.179821, 0.05, -0.152577, 0.091552, -0.148898, 0.232018, 1002.57, 4119.3, 10, 2e-20, 3e-20, 2e-20, 2e-20, -1
-0.00383826, -0.491323, 0.228577, 0.05, -0.0179726, -0.0020615, 0.116755, 0.118149, 1004.88, 7805.97, 10, 2e-20, 3e-20, 2e-20, 2e-20, -1
-0.0638102, -0.494265, 0.331834, 0.05, -0.0381403, 0.0872905, 0.0998429, 0.137996, 1004.49, 7186.99, 10, 2e-20, 3e-20, 2e-20, 2e-20, -1
-0.0151526, -0.497012, 0.513216, 0.05, -0.0607261, 0.0508883, 0.160056, 0.178593, 1000.48, 771.467, 10, 2e-20, 3e-20, 2e-20, 2e-20, -1
-0.12236, -0.496147, 0.568767, 0.05, -0.0509668, 0.0363968, 0.165936, 0.177361, 1009.44, 15110.5, 10, 2e-20, 3e-20, 2e-20, 2e-20, -1
-0.0700063, -0.501078, 0.52846, 0.05, 0.0293648, 0.00970181, 0.125802, 0.129547, 997.003, -4795.37, 10, 2e-20, 3e-20, 2e-20, 2e-20, -1
-0.0508878, -0.49849, 0.591057, 0.05, 0.00354519, 0.126809, 0.126475, 0.179134, 1006.36, 10182.9, 10, 2e-20, 3e-20, 2e-20, 2e-20, -1
-0.106857, -0.495012, 0.634869, 0.05, -0.246592, 0.0404395, 0.120669, 0.277496, 1008.7, 13916.4, 10, 2e-20, 3e-20, 2e-20, 2e-20, -1
-0.0488334, -0.494681, 0.710356, 0.05, -0.0378907, -0.0508695, 0.139193, 0.152965, 1007.65, 12244.6, 10, 2e-20, 3e-20, 2e-20, 2e-20, -1
-0.0566274, -0.495779, 0.777969, 0.05, -0.0567292, 0.0487765, 0.160733, 0.177292, 1003.45, 5523.54, 10, 2e-20, 3e-20, 2e-20, 2e-20, -1
-0.107625, -0.496488, 0.768622, 0.05, -0.0154948, 0.00288576, 0.0849993, 0.0864482, 999.928, -115.012, 10, 2e-20, 3e-20, 2e-20, 2e-20, -1
-0.0544549, -0.495591, 0.655518, 0.05, -0.129306, -0.178697, 0.079932, 0.23461, 999.259, -1184.94, 10, 2e-20, 3e-20, 2e-20, 2e-20, -1
-0.0969947, -0.49645, 0.892259, 0.05, 0.0343473, 0.0480444, 0.251156, 0.258006, 1007.63, 12202.6, 10, 2e-20, 3e-20, 2e-20, 2e-20, -1
-0.11679, -0.450641, 0.687037, 0.05, -0.0147736, -0.00790593, 0.0945619, 0.096035, 1005.11, 8179.81, 10, 2e-20, 3e-20, 2e-20, 2e-20, -1
-0.0575617, -0.498039, 1.08906, 0.05, 0.037211, 0.0148551, 0.157048, 0.162079, 1002.46, 3932.97, 10, 2e-20, 3e-20, 2e-20, 2e-20, -1
-0.0537375, -0.497516, 1.01846, 0.05, -0.201081, 0.0608112, 0.113641, 0.238843, 1008.17, 13074.4, 10, 2e-20, 3e-20, 2e-20, 2e-20, -1
-0.0494632, -0.49818, 0.949689, 0.05, -0.105626, -0.0434789, 0.113783, 0.161226, 1003.77, 6024.98, 10, 2e-20, 3e-20, 2e-20, 2e-20, -1
-0.0461211, -0.498575, 1.18435, 0.05, -0.0301111, 0.117497, 0.0723606, 0.141238, 1009.78, 15642.1, 10, 2e-20, 3e-20, 2e-20, 2e-20, -1
-0.0262864, -0.493906, 1.12737, 0.05, 0.00175614, 0.020527, 0.168397, 0.169652, 1001.76, 2821.66, 10, 2e-20, 3e-20, 2e-20, 2e-20, -1
-0.0905815, -0.460851, 1.10057, 0.05, -0.0826452, 0.085582, 0.0666918, 0.13639, 1000.82, 1304.8, 10, 2e-20, 3e-20, 2e-20, 2e-20, -1
-0.0648344, -0.448382, 1.16078, 0.05, -0.0606835, 0.0940507, 0.242403, 0.266997, 999.925, -119.902, 10, 2e-20, 3e-20, 2e-20, 2e-20, -1
-0.125409, -0.442979, 1.06599, 0.05, 0.0339892, 0.0326101, 0.242775, 0.247302, 1006.81, 10891.7, 10, 2e-20, 3e-20, 2e-20, 2e-20, -1
0.0284216, -0.497852, 1.2787, 0.05, -0.199555, 0.221718, 0.371193, 0.476199, 1000.53, 852.378, 10, 2e-20, 3e-20, 2e-20, 2e-20, -1
-0.126246, -0.466649, 1.1773, 0.05, -0.117258, 0.0201937, 0.156662, 0.196724, 996.772, -5164.39, 10, 2e-20, 3e-20, 2e-20, 2e-20, -1
-0.115043, -0.503436, 1.20337, 0.05, -0.224512, 0.03643, 0.272183, 0.354706, 1006.26, 10017.4, 10, 2e-20, 3e-20, 2e-20, 2e-20, -1
-0.106006, -0.49466, 1.26335, 0.05, -0.140549, -0.0888886, 0.210053, 0.267913, 1002.16, 3450.24, 10, 2e-20, 3e-20, 2e-20, 2e-20, -1
-0.113767, -0.423218, 1.17615, 0.05, 0.0523072, 0.0153501, 0.236006, 0.242219, 1004.45, 7120.1, 10, 2e-20, 3e-20, 2e-20, 2e-20, -1
-0.101588, -0.439672, 1.23892, 0.05, 0.0313569, -0.00153705, 0.24182, 0.24385, 1000.98, 1574.92, 10, 2e-20, 3e-20, 2e-20, 2e-20, -1
-0.0321412, -0.460361, 1.26073, 0.05, 0.0273289, -0.0111801, 0.162983, 0.165636, 999.582, -668.017, 10, 2e-20, 3e-20, 2e-20, 2e-20, -1
-0.0678595, -0.422903, 1.28342, 0.05, -0.0272776, 0.104235, 0.161689, 0.194299, 1003.65, 5842.92, 10, 2e-20, 3e-20, 2e-20, 2e-20, -1
-0.107091, -0.455709, 1.3079, 0.05, -0.0429369, -0.188984, 0.282491, 0.342578, 1012.12, 19391.2, 10, 2e-20, 3e-20, 2e-20, 2e-20, -1
-0.0382949, -0.356931, 1.15026, 0.05, -0.0897545, 0.00408706, 0.0693602, 0.113505, 1001.39, 2230.3, 10, 2e-20, 3e-20, 2e-20, 2e-20, -1
-0.158417, -0.498556, 1.28829, 0.05, -0.0740802, 0.00983819, 0.0512256, 0.090602, 1002.67, 4270.1, 10, 2e-20, 3e-20, 2e-20, 2e-20, -1
-0.101658, -0.409871, 1.33226, 0.05, -0.0946786, -0.112255, 0.345936, 0.375815, 1004.59, 7337.83, 10, 2e-20, 3e-20, 2e-20, 2e-20, -1
-0.119364, -0.422381, 1.27736, 0.05, 0.0393492, 0.132724, 0.266587, 0.300387, 998.088, -3059.52, 10, 2e-20, 3e-20, 2e-20, 2e-20, -1
-0.0894133, -0.447807, 1.3757, 0.05, 0.0310352, -0.102836, 0.168185, 0.199561, 995.227, -7636.49, 10, 2e-20, 3e-20, 2e-20, 2e-20, -1
-0.135861, -0.417466, 1.38264, 0.05, -0.163326, -0.196952, 0.373281, 0.452553, 998.045, -3128.66, 10, 2e-20, 3e-20, 2e-20, 2e-20, -1
-0.0834244, -0.506696, 1.34463, 0.05, 0.0392847, 0.129156, 0.105482, 0.171321, 999.125, -1399.67, 10, 2e-20, 3e-20, 2e-20, 2e-20, -1
-0.11885, -0.509323, 1.40263, 0.05, -0.0669909, -0.127917, 0.105587, 0.178883, 1008.89, 14223.2, 10, 2e-20, 3e-20, 2e-20, 2e-20, -1
-0.0435428, -0.487945, 1.33567, 0.05, -0.0493475, 0.117553, 0.178187, 0.2191, 998.063, -3099.42, 10, 2e-20, 3e-20, 2e-20, 2e-20, -1
-0.109743, -0.465436, 1.43231, 0.05, -0.0627017, -0.258446, 0.278127, 0.384812, 1000.49, 780.876, 10, 2e-20, 3e-20, 2e-20, 2e-20, -1
-0.13253, -0.379027, 1.39951, 0.05, -0.165713, -0.112598, 0.353553, 0.406373, 1001.52, 2429.8, 10, 2e-20, 3e-20, 2e-20, 2e-20, -1
-0.153608, -0.478807, 1.46367, 0.05, -0.144176, -0.523374, 0.485952, 0.728599, 1005.13, 8213.7, 10, 2e-20, 3e-20, 2e-20, 2e-20, -1
-0.112997, -0.42236, 1.48185, 0.05, -0.136976, -0.320372, 0.232526, 0.41889, 998.057, -3109.06, 10, 2e-20, 3e-20, 2e-20, 2e-20, -1
0.0456712, -0.35464, 1.3764, 0.05, -0.214322, -0.0429395, 0.229188, 0.316709, 999.595, -648.336, 10, 2e-20, 3e-20, 2e-20, 2e-20, -1
-0.0890824, -0.275196, 1.33767, 0.05, 0.0149312, -0.0318019, 0.266276, 0.268584, 1004.98, 7973.68, 10, 2e-20, 3e-20, 2e-20, 2e-20, -1
0.0547875, -0.332254, 1.43234, 0.05, -0.242429, 0.159989, -0.0798884, 0.301248, 988.573, -18282.4, 10, 2e-20, 3e-20, 2e-20, 2e-20, -1
-0.035728, -0.345008, 1.43061, 0.05, -0.125368, -0.31231, 0.261981, 0.426484, 994.911, -8141.72, 10, 2e-20, 3e-20, 2e-20, 2e-20, -1
-0.0236192, -0.40358, 0.0923972, 0.05, -0.0611849, -0.0173287, -0.047792, 0.0795484, 1000.88, 1408.64, 10, 2e-20, 3e-20, 2e-20, 2e-20, -1
-0.0608833, -0.439352, 0.108586, 0.05, -0.0351231, 0.0233628, -0.28141, 0.284554, 1000.66, 1054.56, 10, 2e-20, 3e-20, 2e-20, 2e-20, -1
-0.0475848, -0.401088, 0.139096, 0.05, -0.0968859, -0.000899926, -0.0605789, 0.114269, 1009.74, 15576.8, 10, 2e-20, 3e-20, 2e-20, 2e-20, -1
-0.0598932, -0.448441, 0.147098, 0.05, -0.170306, -0.0574375, 0.157948, 0.239271, 1003.48, 5567.11, 10, 2e-20, 3e-20, 2e-20, 2e-20, -1
-0.0442808, -0.438293, 0.23518, 0.05, 0.0465273, -0.209931, 0.167303, 0.272445, 1001.29, 2059.98, 10, 2e-20, 3e-20, 2e-20, 2e-20, -1
-0.0634421, -0.455129, 0.283529, 0.05, -0.0681334, -0.0169951, -0.0286414, 0.0758374, 1000.73, 1163.1, 10, 2e-20, 3e-20, 2e-20, 2e-20, -1
-0.0495306, -0.395507, 0.26409, 0.05, -0.0803821, 0.0854804, -0.152753, 0.192618, 1012.09, 19340.9, 10, 2e-20, 3e-20, 2e-20, 2e-20, -1
-0.0291768, -0.459094, 0.367371, 0.05, -0.025815, 0.0742335, 0.124257, 0.147026, 1006.11, 9774.11, 10, 2e-20, 3e-20, 2e-20, 2e-20, -1
-0.0321141, -0.453205, 0.420779, 0.05, 0.0236293, 0.0885465, 0.124586, 0.154662, 1001.01, 1615.67, 10, 2e-20, 3e-20, 2e-20, 2e-20, -1
-0.00766601, -0.455069, 0.465914, 0.05, -0.0324264, 0.075218, -0.0220137, 0.0848165, 1004.56, 7293.36, 10, 2e-20, 3e-20, 2e-20, 2e-20, -1
-0.080339, -0.482219, 0.486681, 0.05, 0.0308627, -0.0710289, 0.11592, 0.139409, 1007.36, 11773, 10, 2e-20, 3e-20, 2e-20, 2e-20, -1
-0.064117, -0.46642, 0.541201, 0.05, 0.0337441, -0.0428332, 0.294042, 0.299056, 999.975, -39.4338, 10, 2e-20, 3e-20, 2e-20, 2e-20, -1
-0.0907816, -0.447155, 0.508566, 0.05, -0.139829, -0.0184914, 0.0360104, 0.145571, 1004.33, 6921.54, 10, 2e-20, 3e-20, 2e-20, 2e-20, -1
-0.0295633, -0.438596, 0.497273, 0.05, 0.00761609, -0.0741906, -0.0817827, 0.110683, 1004.5, 7201.74, 10, 2e-20, 3e-20, 2e-20, 2e-20, -1
-0.0407538, -0.444891, 0.587575, 0.05, -0.0730778, -0.0848732, -0.0183542, 0.113493, 1004.4, 7042.35, 10, 2e-20, 3e-20, 2e-20, 2e-20, -1
-0.019714, -0.403705, 0.534908, 0.05, -0.0203548, -0.109981, 0.0410322, 0.119137, 1007.6, 12152.3, 10, 2e-20, 3e-20, 2e-20, 2e-20, -1
-0.0797989, -0.458969, 0.597228, 0.05, -0.0807649, 0.00819895, 0.028728, 0.0861132, 997.904, -3354.26, 10, 2e-20, 3e-20, 2e-20, 2e-20, -1
-0.052016, -0.444185, 0.655739, 0.05, -0.021593, 0.0685177, 0.102191, 0.124915, 1003.1, 4962.25, 10, 2e-20, 3e-20, 2e-20, 2e-20, -1
-0.0741647, -0.447401, 0.658111, 0.05, -0.230725, -0.0287263, 0.0821985, 0.246609, 1005.8, 9275.99, 10, 2e-20, 3e-20, 2e-20, 2e-20, -1
-0.0987947, -0.440197, 0.781084, 0.05, -0.116234, -0.0699137, 0.164988, 0.213586, 1003.49, 5589.2, 10, 2e-20, 3e-20, 2e-20, 2e-20, -1
-0.0774528, -0.452373, 0.823834, 0.05, -0.0515778, 0.0101674, 0.0924121, 0.106319, 1000, 7.57331, 10, 2e-20, 3e-20, 2e-20, 2e-20, -1
-0.059702, -0.46163, 0.897042, 0.05, 0.108777, 0.241117, 0.166204, 0.3124, 1003.98, 6372.96, 10, 2e-20, 3e-20, 2e-20, 2e-20, -1
-0.099243, -0.48097, 1.01174, 0.05, -0.102928, 0.11731, 0.141724, 0.210811, 999.507, -788.832, 10, 2e-20, 3e-20, 2e-20, 2e-20, -1
-0.117211, -0.454427, 0.932616, 0.05, -0.0209663, -0.0659818, 0.194165, 0.206139, 999.002, -1596.52, 10, 2e-20, 3e-20, 2e-20, 2e-20, -1
-0.0737279, -0.40208, 0.890997, 0.05, 0.0318701, -0.0203665, 0.274543, 0.277136, 998.43, -2511.2, 10, 2e-20, 3e-20, 2e-20, 2e-20, -1
-0.0352994, -0.45357, 1.04372, 0.05, -0.0599835, 0.0250235, 0.103541, 0.122249, 998.092, -3052.85, 10, 2e-20, 3e-20, 2e-20, 2e-20, -1
-0.085681, -0.439924, 0.941221, 0.05, 0.111718, 0.186951, 0.169795, 0.276155, 1003.33, 5335.1, 10, 2e-20, 3e-20, 2e-20, 2e-20, -1
-0.165469, -0.423087, 0.984083, 0.05, 0.054234, -0.0166194, 0.124672, 0.136969, 998.747, -2005.12, 10, 2e-20, 3e-20, 2e-20, 2e-20, -1
-0.0983147, -0.421128, 1.1223, 0.05, -0.103763, 0.0304646, 0.151759, 0.186348, 1000.59, 951.982, 10, 2e-20, 3e-20, 2e-20, 2e-20, -1
-0.0307228, -0.379459, 0.887032, 0.05, -0.0115839, 0.0187293, 0.12999, 0.131842, 999.229, -1234.36, 10, 2e-20, 3e-20, 2e-20, 2e-20, -1
-0.00967717, -0.373803, 0.924144, 0.05, -0.0181026, 0.0507502, 0.299884, 0.304687, 1000.65, 1046.67, 10, 2e-20, 3e-20, 2e-20, 2e-20, -1
-0.0729583, -0.392798, 1.17583, 0.05, -0.0659043, 0.0962931, 0.232092, 0.259774, 998.541, -2335.13, 10, 2e-20, 3e-20, 2e-20, 2e-20, -1
-0.0837184, -0.436193, 1.0407, 0.05, -0.109551, -0.0102544, 0.146492, 0.183212, 1001.72, 2753.45, 10, 2e-20, 3e-20, 2e-20, 2e-20, -1
-0.062231, -0.39269, 1.06632, 0.05, -0.120921, -0.00289246, 0.0589689, 0.134565, 1002.75, 4398.66, 10, 2e-20, 3e-20, 2e-20, 2e-20, -1
-0.161107, -0.389122, 1.09832, 0.05, -0.0176148, -0.0630437, 0.200074, 0.210509, 1002.23, 3566.26, 10, 2e-20, 3e-20, 2e-20, 2e-20, -1
-0.0783004, -0.366526, 1.11471, 0.05, -0.0730565, 0.0501173, 0.10871, 0.140239, 1002.63, 4201.79, 10, 2e-20, 3e-20, 2e-20, 2e-20, -1
-0.0414024, -0.353264, 1.0832, 0.05, 0.131343, -0.19051, 0.268402, 0.354379, 996.072, -6285.36, 10, 2e-20, 3e-20, 2e-20, 2e-20, -1
-0.0637959, -0.285087, 1.0225, 0.05, -0.117582, 0.0328433, 0.0516726, 0.132568, 1000.12, 188.978, 10, 2e-20, 3e-20, 2e-20, 2e-20, -1
-0.0582156, -0.275801, 1.06499, 0.05, -0.101466, 0.0618939, 0.184439, 0.219417, 1001.84, 2936.9, 10, 2e-20, 3e-20, 2e-20, 2e-20, -1
-0.0248921, -0.293536, 1.13828, 0.05, -0.0832451, -0.0530513, 0.149151, 0.178858, 1001.25, 1997.56, 10, 2e-20, 3e-20, 2e-20, 2e-20, -1
-0.0783196, -0.287261, 1.11531, 0.05, -0.0504931, -0.161989, 0.238474, 0.292677, 1008.29, 13265.5, 10, 2e-20, 3e-20, 2e-20, 2e-20, -1
-0.0172411, -0.358644, 1.24419, 0.05, 0.106304, 0.0546614, 0.211695, 0.243112, 1000.99, 1587.42, 10, 2e-20, 3e-20, 2e-20, 2e-20, -1
-0.0267829, -0.385417, 1.29341, 0.05, -0.135324, 0.0616266, 0.0881387, 0.172855, 1000.97, 1553.99, 10, 2e-20, 3e-20, 2e-20, 2e-20, -1
-0.063933, -0.336578, 1.22267, 0.05, -0.0449191, -0.103958, 0.311844, 0.33177, 1005.95, 9518.97, 10, 2e-20, 3e-20, 2e-20, 2e-20, -1
-0.0600136, -0.310735, 1.16627, 0.05, -0.0547928, -0.0499363, -0.0314877, 0.0805442, 1004.76, 7611.96, 10, 2e-20, 3e-20, 2e-20, 2e-20, -1
-0.0415743, -0.298377, 1.23904, 0.05, 0.0632677, -0.0799034, 0.200809, 0.225192, 1005.18, 8295.19, 10, 2e-20, 3e-20, 2e-20, 2e-20, -1
-0.0715061, -0.33702, 1.28811, 0.05, -0.0089772, -0.122963, 0.171483, 0.211204, 999.417, -932.225, 10, 2e-20, 3e-20, 2e-20, 2e-20, -1
-0.027574, -0.231482, 1.1652, 0.05, -0.0942179, -0.0386057, 0.0861874, 0.133401, 1002.59, 4149.83, 10, 2e-20, 3e-20, 2e-20, 2e-20, -1
-0.0555799, -0.344682, 1.28785, 0.05, 0.0152417, -0.191616, 0.0894411, 0.212011, 1003.54, 5669.95, 10, 2e-20, 3e-20, 2e-20, 2e-20, -1
-0.0193555, -0.323593, 1.29098, 0.05, 0.138265, 0.000232871, 0.0958616, 0.168246, 995.027, -7956.81, 10, 2e-20, 3e-20, 2e-20, 2e-20, -1
-0.103722, -0.332026, 1.34025, 0.05, -0.0599805, -0.0549271, 0.353899, 0.363124, 1001.13, 1800.72, 10, 2e-20, 3e-20, 2e-20, 2e-20, -1
0.0237984, -0.386399, 0.0465655, 0.05, 0.0700392, 0.148698, -0.0932407, 0.188972, 1004.03, 6448.64, 10, 2e-20, 3e-20, 2e-20, 2e-20, -1
-0.0952828, -0.404192, 0.0878728, 0.05, 0.0398706, -0.22546, -0.268025, 0.352504, 1008.37, 13389.5, 10, 2e-20, 3e-20, 2e-20, 2e-20, -1
-0.10371, -0.387596, 0.130728, 0.05, 0.13631, -0.0302345, 0.086698, 0.16435, 1011.25, 17993.5, 10, 2e-20, 3e-20, 2e-20, 2e-20, -1
-0.0916693, -0.412012, 0.177047, 0.05, -0.115466, -0.0618569, -0.118729, 0.176791, 1010.21, 16332.8, 10, 2e-20, 3e-20, 2e-20, 2e-20, -1
-0.093242, -0.449775, 0.241334, 0.05, -0.199018, -0.138148, 0.0161054, 0.242801, 1007.5, 12000.5, 10, 2e-20, 3e-20, 2e-20, 2e-20, -1
-0.0758357, -0.39065, 0.220079, 0.05, -0.043233, 0.102979, 0.150304, 0.187257, 1014.28, 22846.1, 10, 2e-20, 3e-20, 2e-20, 2e-20, -1
-0.0378114, -0.342931, 0.246305, 0.05, -0.0360822, -0.0945836, 0.119099, 0.156309, 1007.25, 11599.6, 10, 2e-20, 3e-20, 2e-20, 2e-20, -1
-0.0109264, -0.379895, 0.295388, 0.05, -0.0139847, 0.0437917, -0.0823428, 0.094306, 1001.21, 1940.23, 10, 2e-20, 3e-20, 2e-20, 2e-20, -1
-0.0322718, -0.424791, 0.317231, 0.05, -0.10304, -0.035305, 0.0466568, 0.118493, 1005.19, 8298.37, 10, 2e-20, 3e-20, 2e-20, 2e-20, -1
-0.0577926, -0.339187, 0.291481, 0.05, -0.00976603, -0.0889987, 0.430226, 0.439444, 1003.34, 5338.44, 10, 2e-20, 3e-20, 2e-20, 2e-20, -1
-0.0240848, -0.334192, 0.323865, 0.05, -0.0385105, 0.00319514, 0.158729, 0.163365, 1007.01, 11219.6, 10, 2e-20, 3e-20, 2e-20, 2e-20, -1
-0.0608401, -0.400804, 0.355013, 0.05, 0.0382604, -0.135673, 0.100217, 0.172958, 996.9, -4959.42, 10, 2e-20, 3e-20, 2e-20, 2e-20, -1
-0.051475, -0.355002, 0.368371, 0.05, -0.025391, -0.0027527, -0.143485, 0.14574, 1006.99, 11182.2, 10, 2e-20, 3e-20, 2e-20, 2e-20, -1
-0.0353269, -0.400849, 0.401142, 0.05, -0.0846717, -0.0491054, -0.0308128, 0.102616, 1005.23, 8370.8, 10, 2e-20, 3e-20, 2e-20, 2e-20, -1
-0.0305435, -0.391026, 0.450291, 0.05, -0.0114558, -0.0556557, 0.0561313, 0.0798718, 1006.68, 10688.1, 10, 2e-20, 3e-20, 2e-20, 2e-20, -1
-0.0513911, -0.325461, 0.404525, 0.05, -0.0211166, 0.116627, -0.0419007, 0.125711, 1010.9, 17441.7, 10, 2e-20, 3e-20, 2e-20, 2e-20, -1
-0.0515308, -0.394281, 0.501088, 0.05, -0.18997, 0.00262844, 0.0420186, 0.194579, 1000.7, 1113.04, 10, 2e-20, 3e-20, 2e-20, 2e-20, -1
-0.0572959, -0.382539, 0.562573, 0.05, -0.0278342, -0.0880264, 0.0157108, 0.0936495, 1004.41, 7059.61, 10, 2e-20, 3e-20, 2e-20, 2e-20, -1
-0.0645442, -0.349885, 0.452914, 0.05, -0.0345393, -0.10641, 0.0810244, 0.138134, 1000.82, 1316.11, 10, 2e-20, 3e-20, 2e-20, 2e-20, -1
-0.0513807, -0.347376, 0.524586, 0.05, 0.0496641, 0.0360917, -0.131524, 0.145148, 1009.98, 15961.2, 10, 2e-20, 3e-20, 2e-20, 2e-20, -1
-0.0601876, -0.415685, 0.703146, 0.05, -0.126725, -0.0151891, 0.0841465, 0.152874, 1002.55, 4082.84, 10, 2e-20, 3e-20, 2e-20, 2e-20, -1
-0.0429655, -0.373807, 0.652545, 0.05, -0.00874649, -0.0705095, 0.0312949, 0.0776368, 1007.74, 12388.3, 10, 2e-20, 3e-20, 2e-20, 2e-20, -1
-0.071196, -0.403942, 0.758869, 0.05, -0.0165513, -0.050447, 0.166798, 0.175045, 1003.54, 5659.97, 10, 2e-20, 3e-20, 2e-20, 2e-20, -1
-0.0693746, -0.314978, 0.589412, 0.05, -0.0731948, -0.13695, -0.0575329, 0.165598, 1003.21, 5143.5, 10, 2e-20, 3e-20, 2e-20, 2e-20, -1
-0.0336155, -0.403696, 0.794196, 0.05, -0.0272565, 0.0603427, 0.101869, 0.121497, 1006.67, 10673.8, 10, 2e-20, 3e-20, 2e-20, 2e-20, -1
-0.0601427, -0.360427, 0.792792, 0.05, 0.0633198, -0.0321312, 0.0764624, 0.104347, 1008.72, 13949.9, 10, 2e-20, 3e-20, 2e-20, 2e-20, -1
-0.038374, -0.380043, 0.840419, 0.05, -0.0184678, 0.0255359, -0.0266584, 0.0412773, 1002.98, 4760.74, 10, 2e-20, 3e-20, 2e-20, 2e-20, -1
-0.0409095, -0.421954, 0.925346, 0.05, -0.067192, 0.13788, 0.0714222, 0.169194, 1002.08, 3325.36, 10, 2e-20, 3e-20, 2e-20, 2e-20, -1
-0.0483537, -0.396467, 0.967444, 0.05, -0.0925059, 0.0678548, 0.252851, 0.27766, 1002.38, 3805.38, 10, 2e-20, 3e-20, 2e-20, 2e-20, -1
-0.0607839, -0.332936, 0.838974, 0.05, -0.0408233, 0.0500521, 0.134535, 0.149236, 1004.76, 7620.63, 10, 2e-20, 3e-20, 2e-20, 2e-20, -1
-0.090267, -0.280462, 0.760397, 0.05, -0.0761632, -0.0476597, 0.157526, 0.181347, 1001.97, 3150.98, 10, 2e-20, 3e-20, 2e-20, 2e-20, -1
-0.0088884, -0.337515, 0.821712, 0.05, -0.200314, -0.00845136, -0.0691588, 0.212085, 997.766, -3574.65, 10, 2e-20, 3e-20, 2e-20, 2e-20, -1
-0.0501243, -0.349333, 0.946248, 0.05, -0.00453895, 0.00901013, 0.100328, 0.100834, 998.826, -1878.37, 10, 2e-20, 3e-20, 2e-20, 2e-20, -1
-0.105707, -0.392287, 1.0686, 0.05, 0.0420602, -0.0222449, 0.160839, 0.167729, 1000.02, 37.5296, 10, 2e-20, 3e-20, 2e-20, 2e-20, -1
-0.0323879, -0.421852, 1.18142, 0.05, -0.00770759, 0.062665, 0.351968, 0.357586, 1005.54, 8864.71, 10, 2e-20, 3e-20, 2e-20, 2e-20, -1
-0.0372798, -0.370731, 0.999822, 0.05, -0.00720784, -0.0425693, 0.141115, 0.147572, 1010.55, 16886, 10, 2e-20, 3e-20, 2e-20, 2e-20, -1
-0.0496269, -0.407961, 1.11907, 0.05, -0.0880073, 0.0051901, 0.153763, 0.177243, 1006.58, 10526, 10, 2e-20, 3e-20, 2e-20, 2e-20, -1
-0.0729925, -0.390196, 1.01479, 0.05, 0.0560857, 0.0576496, 0.237318, 0.250577, 998.929, -1714.04, 10, 2e-20, 3e-20, 2e-20, 2e-20, -1
-0.0710512, -0.346894, 1.03294, 0.05, -0.159166, -0.0858712, 0.14427, 0.231347, 998.225, -2840.37, 10, 2e-20, 3e-20, 2e-20, 2e-20, -1
-0.0356191, -0.24302, 1.00816, 0.05, -0.0398662, -0.120488, 0.0648348, 0.142514, 1002.53, 4046.45, 10, 2e-20, 3e-20, 2e-20, 2e-20, -1
-0.0271617, -0.190863, 1.08117, 0.05, -0.101131, -0.12207, 0.146348, 0.215746, 1004.66, 7450.51, 10, 2e-20, 3e-20, 2e-20, 2e-20, -1
-0.0484673, -0.160083, 1.0177, 0.05, -0.0549107, 0.0164578, 0.0345796, 0.0669462, 1001.72, 2759.78, 10, 2e-20, 3e-20, 2e-20, 2e-20, -1
-0.0902317, -0.332095, 1.14156, 0.05, -0.0722238, 0.114673, 0.0669064, 0.151138, 1004.73, 7573.01, 10, 2e-20, 3e-20, 2e-20, 2e-20, -1
-0.0663109, -0.225723, 1.08148, 0.05, 0.059538, -0.0370402, 0.124499, 0.142887, 1002.56, 4092.28, 10, 2e-20, 3e-20, 2e-20, 2e-20, -1
0.00586666, -0.331082, 1.25281, 0.05, 0.0297571, -0.0403683, 0.17666, 0.18364, 998.636, -2182.26, 10, 2e-20, 3e-20, 2e-20, 2e-20, -1
-0.0555239, -0.388297, 1.33493, 0.05, -0.184066, -0.192268, 0.227815, 0.350353, 994.74, -8415.2, 10, 2e-20, 3e-20, 2e-20, 2e-20, -1
-0.0114224, -0.210224, 1.12119, 0.05, -0.0619799, 0.0475601, 0.154074, 0.172749, 1002.39, 3823.61, 10, 2e-20, 3e-20, 2e-20, 2e-20, -1
-0.0686904, -0.234417, 1.13313, 0.05, 0.0246607, -0.11272, 0.130887, 0.174486, 999.384, -986.02, 10, 2e-20, 3e-20, 2e-20, 2e-20, -1
-0.0180614, -0.227564, 1.23728, 0.05, 0.0136426, -0.0746499, 0.213426, 0.226516, 1000.16, 260.492, 10, 2e-20, 3e-20, 2e-20, 2e-20, -1
-0.0552188, -0.318336, 1.33888, 0.05, -0.0920131, -0.0203532, 0.330248, 0.343431, 1002.9, 4636.89, 10, 2e-20, 3e-20, 2e-20, 2e-20, -1
-0.0715482, -0.369501, 1.49145, 0.05, -0.0718682, -0.280533, 0.46102, 0.544429, 1002.1, 3353.45, 10, 2e-20, 3e-20, 2e-20, 2e-20, -1
-0.0743435, -0.341763, 0.0501499, 0.05, -0.031218, -0.347351, 0.10686, 0.364755, 1002.04, 3270.48, 10, 2e-20, 3e-20, 2e-20, 2e-20, -1
-0.0594359, -0.374625, 0.0963398, 0.05, 0.0308728, 0.0961606, 0.00285086, 0.101035, 1010.71, 17141.5, 10, 2e-20, 3e-20, 2e-20, 2e-20, -1
-0.0647321, -0.329559, 0.12375, 0.05, 0.0230365, 0.265573, 0.113455, 0.28971, 1010.67, 17076.7, 10, 2e-20, 3e-20, 2e-20, 2e-20, -1
-0.0310438, -0.338409, 0.151173, 0.05, -0.149143, -0.0421704, 0.257975, 0.300954, 1011.56, 18491.9, 10, 2e-20, 3e-20, 2e-20, 2e-20, -1
-0.0671126, -0.369511, 0.167434, 0.05, -0.140199, 0.084407, -0.112948, 0.198841, 1010.04, 16070.4, 10, 2e-20, 3e-20, 2e-20, 2e-20, -1
-0.0693549, -0.315851, 0.172232, 0.05, 0.0876259, -0.0172134, -0.237285, 0.253533, 1009.52, 15234.9, 10, 2e-20, 3e-20, 2e-20, 2e-20, -1
-0.0739935, -0.293584, 0.220079, 0.05, 0.161565, -0.0627148, -0.22942, 0.287524, 1011.8, 18877.1, 10, 2e-20, 3e-20, 2e-20, 2e-20, -1
-0.0415398, -0.258437, 0.23894, 0.05, -0.106072, -0.111466, -0.240987, 0.285921, 1010.7, 17123.6, 10, 2e-20, 3e-20, 2e-20, 2e-20, -1
-0.0777114, -0.301593, 0.265466, 0.05, 0.00513805, -0.118561, -0.00927404, 0.119034, 1006.5, 10396.2, 10, 2e-20, 3e-20, 2e-20, 2e-20, -1
-0.0531146, -0.215168, 0.256461, 0.05, 0.0320202, 0.0427576, -0.0363216, 0.0645969, 1008.09, 12949.5, 10, 2e-20, 3e-20, 2e-20, 2e-20, -1
-0.0438406, -0.294507, 0.308433, 0.05, 0.197911, -0.0284175, 0.114711, 0.23051, 1001.67, 2667.1, 10, 2e-20, 3e-20, 2e-20, 2e-20, -1
-0.0500805, -0.218521, 0.310319, 0.05, -0.0932038, -0.176964, -0.026521, 0.201759, 997.388, -4178.54, 10, 2e-20, 3e-20, 2e-20, 2e-20, -1
-0.0400472, -0.297258, 0.358636, 0.05, -0.0232453, -0.219924, 0.206661, 0.30268, 1003.64, 5822.44, 10, 2e-20, 3e-20, 2e-20, 2e-20, -1
-0.0599505, -0.258309, 0.285466, 0.05, -0.0801948, 0.0217724, -0.0625251, 0.103993, 1002.21, 3536.31, 10, 2e-20, 3e-20, 2e-20, 2e-20, -1
-0.0803334, -0.321671, 0.342725, 0.05, -0.00768852, 0.0596103, 0.0651412, 0.0886334, 1008.39, 13417.1, 10, 2e-20, 3e-20, 2e-20, 2e-20, -1
-0.0307679, -0.245473, 0.357467, 0.05, -0.0223297, -0.0234584, 0.0530114, 0.0621218, 1008.81, 14103.5, 10, 2e-20, 3e-20, 2e-20, 2e-20, -1
-0.0809292, -0.280802, 0.384544, 0.05, -0.0912497, -0.0377421, 0.0174802, 0.100282, 1004.32, 6919.45, 10, 2e-20, 3e-20, 2e-20, 2e-20, -1
-0.0423776, -0.279039, 0.434342, 0.05, 0.0679402, 0.0467418, 0.00652772, 0.0827241, 1011.38, 18202.7, 10, 2e-20, 3e-20, 2e-20, 2e-20, -1
-0.050794, -0.30824, 0.481626, 0.05, 0.0262181, 0.112844, 0.0663849, 0.133522, 1004.88, 7804.82, 10, 2e-20, 3e-20, 2e-20, 2e-20, -1
-0.0308607, -0.343902, 0.575183, 0.05, 0.114994, 0.144318, 0.113168, 0.216468, 1005.73, 9166.78, 10, 2e-20, 3e-20, 2e-20, 2e-20, -1
-0.0397531, -0.399903, 0.60779, 0.05, -0.00893189, -0.0802162, 0.211504, 0.226381, 1003.4, 5440.88, 10, 2e-20, 3e-20, 2e-20, 2e-20, -1
-0.0836351, -0.396994, 0.634451, 0.05, 0.0545039, -0.0162296, 0.15687, 0.16686, 1002.33, 3727.24, 10, 2e-20, 3e-20, 2e-20, 2e-20, -1
-0.0312317, -0.340469, 0.617589, 0.05, -0.0457213, -0.144732, 0.0983408, 0.180856, 1009.31, 14898.2, 10, 2e-20, 3e-20, 2e-20, 2e-20, -1
-0.103902, -0.261125, 0.558684, 0.05, -0.0426689, -0.136527, -0.01458, 0.14378, 995.589, -7057.8, 10, 2e-20, 3e-20, 2e-20, 2e-20, -1
-0.0607852, -0.25956, 0.587276, 0.05, -0.0081777, -0.137508, -0.00997497, 0.138112, 1005.06, 8094, 10, 2e-20, 3e-20, 2e-20, 2e-20, -1
-0.0351398, -0.369865, 0.744535, 0.05, -0.00982719, -0.106601, 0.199704, 0.226588, 1004.46, 7133.7, 10, 2e-20, 3e-20, 2e-20, 2e-20, -1
-0.0547684, -0.349899, 0.702248, 0.05, 0.0114639, -0.0388327, -0.027039, 0.0486879, 999.997, -4.5175, 10, 2e-20, 3e-20, 2e-20, 2e-20, -1
-0.0593971, -0.289711, 0.631526, 0.05, -0.108401, -0.0278659, 0.0281268, 0.115406, 1007.64, 12216, 10, 2e-20, 3e-20, 2e-20, 2e-20, -1
-0.0647667, -0.318842, 0.743842, 0.05, -0.124872, -0.0833848, 0.124205, 0.194867, 1001.38, 2208.18, 10, 2e-20, 3e-20, 2e-20, 2e-20, -1
-0.0199267, -0.331194, 0.770108, 0.05, -0.0211753, -0.12599, 0.0820315, 0.151826, 1002.44, 3906.25, 10, 2e-20, 3e-20, 2e-20, 2e-20, -1
-0.0903292, -0.237105, 0.739654, 0.05, -0.086117, -0.0831512, 0.0353312, 0.124814, 1004.51, 7220.29, 10, 2e-20, 3e-20, 2e-20, 2e-20, -1
-0.0489818, -0.298484, 0.794069, 0.05, -0.0137014, -0.0338655, 0.0635121, 0.0732693, 1005.88, 9400.24, 10, 2e-20, 3e-20, 2e-20, 2e-20, -1
-0.0171835, -0.304303, 0.854171, 0.05, -0.016853, -0.050432, 0.119122, 0.130451, 1001.05, 1684.99, 10, 2e-20, 3e-20, 2e-20, 2e-20, -1
-0.0675871, -0.286772, 0.829999, 0.05, -0.0270394, 0.0511421, 0.182772, 0.191708, 998.544, -2329.26, 10, 2e-20, 3e-20, 2e-20, 2e-20, -1
-0.0797225, -0.288793, 0.881271, 0.05, 0.0320424, -0.0934191, 0.0495973, 0.110516, 1001.52, 2438.05, 10, 2e-20, 3e-20, 2e-20, 2e-20, -1
-0.0423453, -0.247864, 0.809154, 0.05, -0.070953, 0.00279356, 0.062585, 0.094652, 1001.22, 1945.18, 10, 2e-20, 3e-20, 2e-20, 2e-20, -1
-0.028609, -0.328276, 0.897729, 0.05, -0.146907, -0.04921, 0.136129, 0.206239, 1007.33, 11721.6, 10, 2e-20, 3e-20, 2e-20, 2e-20, -1
-0.102128, -0.344709, 0.963255, 0.05, 0.0152392, -0.185081, 0.047381, 0.191656, 999.527, -757.105, 10, 2e-20, 3e-20, 2e-20, 2e-20, -1
-0.0477643, -0.32097, 0.987465, 0.05, 0.00697354, -0.102186, -0.0530773, 0.115359, 997.585, -3864.58, 10, 2e-20, 3e-20, 2e-20, 2e-20, -1
-0.0969237, -0.257915, 0.9675, 0.05, 0.00266632, 0.0300502, 0.0802527, 0.0857358, 1006.89, 11027.4, 10, 2e-20, 3e-20, 2e-20, 2e-20, -1
-0.0477486, -0.265783, 0.960578, 0.05, 0.00509391, -0.12255, 0.127497, 0.176918, 1000.52, 828.796, 10, 2e-20, 3e-20, 2e-20, 2e-20, -1
-0.0274858, -0.194722, 0.965867, 0.05, 0.00577033, 0.017391, 0.0735899, 0.0758368, 1002.53, 4044.94, 10, 2e-20, 3e-20, 2e-20, 2e-20, -1
-0.0920419, -0.180835, 1.00219, 0.05, -0.0103689, -0.00720452, 0.00135966, 0.0126991, 999.792, -332.662, 10, 2e-20, 3e-20, 2e-20, 2e-20, -1
-0.0227243, -0.107478, 0.99712, 0.05, -0.0839764, -0.122524, -0.10824, 0.183793, 1002.85, 4564.49, 10, 2e-20, 3e-20, 2e-20, 2e-20, -1
-0.0426055, -0.140835, 0.975433, 0.05, 0.0332779, -0.0448285, 0.0488594, 0.0741907, 1001.4, 2237.25, 10, 2e-20, 3e-20, 2e-20, 2e-20, -1
-0.062606, -0.193005, 1.16422, 0.05, -0.0820548, 0.00890838, 0.0830234, 0.117069, 1003.96, 6339.27, 10, 2e-20, 3e-20, 2e-20, 2e-20, -1
-0.0593937, -0.15457, 1.06666, 0.05, -0.0037308, -0.0639893, -0.0932977, 0.113195, 998.208, -2866.73, 10, 2e-20, 3e-20, 2e-20, 2e-20, -1
-0.0300083, -0.151596, 1.11365, 0.05, 0.00652242, -0.104722, 0.183086, 0.211021, 998.401, -2557.73, 10, 2e-20, 3e-20, 2e-20, 2e-20, -1
-0.0150021, -0.186167, 1.17861, 0.05, 0.0150931, -0.0667432, 0.0651564, 0.0944871, 998.761, -1982.71, 10, 2e-20, 3e-20, 2e-20, 2e-20, -1
-0.0473508, -0.269003, 1.27692, 0.05, 0.0518657, -0.046465, 0.152358, 0.167517, 1000.55, 886.147, 10, 2e-20, 3e-20, 2e-20, 2e-20, -1
0.00494872, -0.333892, 1.48228, 0.05, -0.0411258, -0.117569, 0.169809, 0.210592, 1004.52, 7229.83, 10, 2e-20, 3e-20, 2e-20, 2e-20, -1
-0.102261, -0.262357, 0.0517556, 0.05, -0.0133314, -0.309361, -0.141796, 0.340571, 1004.04, 6459.47, 10, 2e-20, 3e-20, 2e-20, 2e-20, -1
-0.137393, -0.29084, 0.0477468, 0.05, -0.0876551, -0.189539, 0.235706, 0.314906, 1005.49, 8790.52, 10, 2e-20, 3e-20, 2e-20, 2e-20, -1
-0.0461154, -0.283266, 0.0970473, 0.05, 0.121993, -0.216331, -0.142205, 0.286188, 1013.58, 21729.1, 10, 2e-20, 3e-20, 2e-20, 2e-20, -1
-0.0204539, -0.243395, 0.0869612, 0.05, 0.118228, 0.122607, -0.286649, 0.333433, 1001.16, 1850.54, 10, 2e-20, 3e-20, 2e-20, 2e-20, -1
-0.0818519, -0.284349, 0.104642, 0.05, -0.369614, 0.158697, 0.125607, 0.421398, 1003.75, 5992.97, 10, 2e-20, 3e-20, 2e-20, 2e-20, -1
-0.0361764, -0.292152, 0.184015, 0.05, 0.0859573, 0.309107, -0.0165114, 0.321261, 1010.48, 16775.5, 10, 2e-20, 3e-20, 2e-20, 2e-20, -1
-0.0394204, -0.245026, 0.194661, 0.05, 0.00460497, 0.0531243, -0.0930991, 0.107289, 1010.89, 17416.7, 10, 2e-20, 3e-20, 2e-20, 2e-20, -1
-0.0295251, -0.156077, 0.180766, 0.05, -0.178315, -0.177558, 0.00686768, 0.251734, 1014.38, 23000.8, 10, 2e-20, 3e-20, 2e-20, 2e-20, -1
-0.0358028, -0.191013, 0.212742, 0.05, -0.258522, -0.175489, -0.0841064, 0.323579, 1011.88, 19013.1, 10, 2e-20, 3e-20, 2e-20, 2e-20, -1
0.00161229, -0.145193, 0.217535, 0.05, -0.204763, 0.0472077, 0.0861603, 0.227113, 1007.99, 12780.9, 10, 2e-20, 3e-20, 2e-20, 2e-20, -1
-0.00591328, -0.195012, 0.237784, 0.05, -0.141235, 0.00147768, -0.258574, 0.294635, 1008.23, 13173.4, 10, 2e-20, 3e-20, 2e-20, 2e-20, -1
-0.0499923, -0.169895, 0.279899, 0.05, 0.0982767, 0.0797041, -0.163533, 0.206771, 1008.59, 13738.9, 10, 2e-20, 3e-20, 2e-20, 2e-20, -1
-0.0292928, -0.182653, 0.329831, 0.05, 0.102632, -0.0186893, 0.22742, 0.250204, 1003.68, 5894.91, 10, 2e-20, 3e-20, 2e-20, 2e-20, -1
-0.0268311, -0.239725, 0.409359, 0.05, -0.0980017, -0.211427, 0.120486, 0.262341, 1004.57, 7307.72, 10, 2e-20, 3e-20, 2e-20, 2e-20, -1
-0.0736166, -0.199265, 0.413842, 0.05, -0.021962, 0.167943, 0.0871425, 0.190476, 1003.49, 5588.61, 10, 2e-20, 3e-20, 2e-20, 2e-20, -1
-0.0878337, -0.247172, 0.416999, 0.05, -0.0162362, -0.149591, -0.0793777, 0.170123, 1004.08, 6527.89, 10, 2e-20, 3e-20, 2e-20, 2e-20, -1
-0.050647, -0.224115, 0.447518, 0.05, -0.0604167, -0.0197799, 0.160202, 0.172354, 1003.81, 6094.41, 10, 2e-20, 3e-20, 2e-20, 2e-20, -1
-0.10554, -0.228684, 0.459003, 0.05, 0.00873581, 0.115767, -0.0343924, 0.121083, 1002.74, 4381.33, 10, 2e-20, 3e-20, 2e-20, 2e-20, -1
-0.0705252, -0.259566, 0.473007, 0.05, 0.111396, -0.157337, -0.0861146, 0.211139, 1003.1, 4958.63, 10, 2e-20, 3e-20, 2e-20, 2e-20, -1
-0.10347, -0.284775, 0.495084, 0.05, -0.0363884, -0.078975, 0.135128, 0.160688, 1005.06, 8088.11, 10, 2e-20, 3e-20, 2e-20, 2e-20, -1
-0.0843621, -0.313214, 0.532357, 0.05, -0.113112, 0.152767, 0.0123934, 0.190488, 999.498, -803.749, 10, 2e-20, 3e-20, 2e-20, 2e-20, -1
-0.0536244, -0.295167, 0.541489, 0.05, -0.0575154, -0.00464883, 0.0100056, 0.0585641, 1007.45, 11922.8, 10, 2e-20, 3e-20, 2e-20, 2e-20, -1
-0.0589529, -0.245174, 0.538216, 0.05, -0.0181436, -0.113825, 0.00856914, 0.11558, 991.291, -13934.6, 10, 2e-20, 3e-20, 2e-20, 2e-20, -1
-0.0175268, -0.18083, 0.50839, 0.05, 0.122891, -0.0397814, 0.0329096, 0.133296, 1002.83, 4524.89, 10, 2e-20, 3e-20, 2e-20, 2e-20, -1
0.00141849, -0.128829, 0.55585, 0.05, 0.0187396, -0.102173, 0.110464, 0.151633, 999.501, -799.15, 10, 2e-20, 3e-20, 2e-20, 2e-20, -1
-0.060239, -0.191, 0.55231, 0.05, 0.0102563, 0.105141, -0.104877, 0.148859, 1002.32, 3707.23, 10, 2e-20, 3e-20, 2e-20, 2e-20, -1
-0.0840501, -0.132483, 0.545946, 0.05, -0.04386, -0.234982, -0.0212987, 0.239987, 1001.32, 2113.22, 10, 2e-20, 3e-20, 2e-20, 2e-20, -1
-0.0586411, -0.209376, 0.610449, 0.05, 0.0819229, -0.139188, 0.0957692, 0.187767, 1000.91, 1455.54, 10, 2e-20, 3e-20, 2e-20, 2e-20, -1
-0.0696943, -0.298834, 0.682475, 0.05, -0.112877, -0.0733493, 0.0926351, 0.163409, 1001.81, 2897.24, 10, 2e-20, 3e-20, 2e-20, 2e-20, -1
-0.0547443, -0.275163, 0.720168, 0.05, -0.170495, -0.0716658, -0.0920416, 0.206582, 1001.2, 1922.46, 10, 2e-20, 3e-20, 2e-20, 2e-20, -1
-0.0906924, -0.242856, 0.690773, 0.05, -0.0530149, 0.00450243, -0.0764651, 0.0931545, 1001.78, 2840.77, 10, 2e-20, 3e-20, 2e-20, 2e-20, -1
-0.0658592, -0.162981, 0.772601, 0.05, -0.025175, -0.0315652, 0.0607963, 0.0729817, 1003.22, 5157.38, 10, 2e-20, 3e-20, 2e-20, 2e-20, -1
-0.103442, -0.197777, 0.770057, 0.05, 0.0358676, 0.00839772, 0.0401583, 0.0544949, 1000.08, 129.588, 10, 2e-20, 3e-20, 2e-20, 2e-20, -1
-0.121879, -0.21893, 0.856988, 0.05, -0.0663049, -0.0736901, 0.167661, 0.194773, 1007.77, 12433.3, 10, 2e-20, 3e-20, 2e-20, 2e-20, -1
-0.0263776, -0.205699, 0.824867, 0.05, -0.17993, -0.0616933, -0.0265796, 0.192061, 1001.85, 2963.8, 10, 2e-20, 3e-20, 2e-20, 2e-20, -1
-0.111662, -0.165858, 0.853713, 0.05, -0.0886027, 0.0567497, 0.0257728, 0.108329, 1004.87, 7792.15, 10, 2e-20, 3e-20, 2e-20, 2e-20, -1
-0.118832, -0.266943, 0.839634, 0.05, -0.0824589, -0.0623277, 0.166227, 0.195744, 1003.33, 5321.54, 10, 2e-20, 3e-20, 2e-20, 2e-20, -1
-0.0764755, -0.191346, 0.87283, 0.05, -0.0952075, -0.0632323, 0.00714042, 0.114515, 1003.96, 6342.23, 10, 2e-20, 3e-20, 2e-20, 2e-20, -1
-0.0651525, -0.304017, 0.928341, 0.05, -0.0555401, -0.137326, 0.0251448, 0.150251, 997.14, -4576.54, 10, 2e-20, 3e-20, 2e-20, 2e-20, -1
-0.0747121, -0.241915, 0.853066, 0.05, 0.0258937, -0.124979, 0.0467122, 0.135913, 997.746, -3606.05, 10, 2e-20, 3e-20, 2e-20, 2e-20, -1
-0.0953902, -0.245277, 0.907797, 0.05, 0.00211592, -0.0441932, 0.0496408, 0.0664961, 1004.87, 7799.74, 10, 2e-20, 3e-20, 2e-20, 2e-20, -1
-0.102148, -0.202801, 0.937509, 0.05, -0.0633174, -0.119486, -0.0456577, 0.142726, 997.289, -4337.73, 10, 2e-20, 3e-20, 2e-20, 2e-20, -1
-0.0176647, -0.182486, 0.906144, 0.05, 0.0142497, -0.21843, 0.0356978, 0.221786, 997.547, -3925.32, 10, 2e-20, 3e-20, 2e-20, 2e-20, -1
-0.076424, -0.167991, 0.949699, 0.05, -0.131188, -0.163299, -0.0132642, 0.209887, 1002.44, 3900.55, 10, 2e-20, 3e-20, 2e-20, 2e-20, -1
-0.0691127, -0.0877712, 1.04936, 0.05, -0.129927, -0.129511, 0.0138181, 0.18397, 1000.18, 282.468, 10, 2e-20, 3e-20, 2e-20, 2e-20, -1
-0.0340599, -0.0434653, 1.09553, 0.05, -0.043341, -0.0313661, -0.0316316, 0.0621517, 992.959, -11266.4, 10, 2e-20, 3e-20, 2e-20, 2e-20, -1
-0.0314357, -0.103112, 1.10321, 0.05, 0.150442, 0.00644375, 0.031822, 0.153905, 998.554, -2313.03, 10, 2e-20, 3e-20, 2e-20, 2e-20, -1
-0.0496457, -0.148346, 1.20913, 0.05, 0.00672864, -0.0111025, 0.049908, 0.0515689, 1002.26, 3614.55, 10, 2e-20, 3e-20, 2e-20, 2e-20, -1
-0.0373845, -0.14273, 1.16072, 0.05, 0.0508095, -0.0802533, 0.0832469, 0.126302, 1005.32, 8509.94, 10, 2e-20, 3e-20, 2e-20, 2e-20, -1
-0.0512777, -0.204959, 1.24569, 0.05, 0.0532678, -0.0693054, 0.184532, 0.204188, 998.773, -1963.87, 10, 2e-20, 3e-20, 2e-20, 2e-20, -1
-0.0403208, -0.249667, 1.41442, 0.05, -0.154013, -0.116418, -0.0053117, 0.193136, 1002.02, 3225.5, 10, 2e-20, 3e-20, 2e-20, 2e-20, -1
-0.0515692, -0.167523, 0.0527454, 0.05, -0.242285, -0.248096, -0.0205021, 0.347381, 1007.14, 11426.1, 10, 2e-20, 3e-20, 2e-20, 2e-20, -1
-0.020934, -0.204854, 0.046098, 0.05, -0.267084, -0.197066, -0.226312, 0.401729, 1015.79, 25271.8, 10, 2e-20, 3e-20, 2e-20, 2e-20, -1
-0.0375097, -0.204945, 0.100931, 0.05, -0.140621, 0.132601, 0.0425875, 0.197917, 1000.56, 900.489, 10, 2e-20, 3e-20, 2e-20, 2e-20, -1
-0.0623687, -0.125914, 0.102193, 0.05, 0.099568, -0.0330161, 0.25791, 0.278426, 1006.57, 10512, 10, 2e-20, 3e-20, 2e-20, 2e-20, -1
-0.032498, -0.13928, 0.139381, 0.05, 0.0987487, 0.116641, 0.0863397, 0.175531, 1013.36, 21374.4, 10, 2e-20, 3e-20, 2e-20, 2e-20, -1
-0.0194038, -0.22173, 0.147911, 0.05, -0.146323, -0.0299996, -0.0193928, 0.15062, 1001.12, 1786.45, 10, 2e-20, 3e-20, 2e-20, 2e-20, -1
-0.0589946, -0.203989, 0.157748, 0.05, 0.120682, 0.127644, -0.0535162, 0.183633, 1008.97, 14346.8, 10, 2e-20, 3e-20, 2e-20, 2e-20, -1
-0.0677987, -0.0325651, 0.127613, 0.05, 0.291789, -0.156517, 0.173217, 0.373688, 1007.32, 11705.6, 10, 2e-20, 3e-20, 2e-20, 2e-20, -1
-0.0449056, -0.104074, 0.198909, 0.05, -0.123499, -0.101338, -0.00873919, 0.159993, 1012.2, 19521.3, 10, 2e-20, 3e-20, 2e-20, 2e-20, -1
-0.0441903, -0.134391, 0.240006, 0.05, -0.0473653, -0.054099, 0.00906871, 0.0724735, 1000.83, 1330.39, 10, 2e-20, 3e-20, 2e-20, 2e-20, -1
-0.0690899, -0.118342, 0.286878, 0.05, -0.0691891, -0.11349, -0.160091, 0.208078, 1006.2, 9912.26, 10, 2e-20, 3e-20, 2e-20, 2e-20, -1
-0.0881807, -0.155625, 0.313569, 0.05, -0.11617, -0.225479, 0.00537884, 0.253703, 1002.18, 3493.92, 10, 2e-20, 3e-20, 2e-20, 2e-20, -1
-0.076037, -0.170986, 0.36246, 0.05, -0.142918, -0.166696, 0.0522475, 0.225706, 1008.47, 13559.4, 10, 2e-20, 3e-20, 2e-20, 2e-20, -1
-0.0322316, -0.183821, 0.386306, 0.05, -0.0191998, 0.0426126, 0.0858282, 0.097729, 1011.16, 17851.3, 10, 2e-20, 3e-20, 2e-20, 2e-20, -1
-0.059666, -0.132538, 0.392204, 0.05, -0.0144472, -0.145581, -0.090071, 0.171801, 1007.61, 12179.1, 10, 2e-20, 3e-20, 2e-20, 2e-20, -1
-0.0454104, -0.115596, 0.434408, 0.05, 0.0404831, -0.0577237, 0.0243789, 0.0746005, 1004.75, 7597.8, 10, 2e-20, 3e-20, 2e-20, 2e-20, -1
-0.0424205, -0.170131, 0.433929, 0.05, 0.0461345, -0.146887, -0.0183524, 0.155052, 1001.35, 2166.59, 10, 2e-20, 3e-20, 2e-20, 2e-20, -1
-0.0742024, -0.194162, 0.48006, 0.05, 0.0204775, -0.0638398, -0.0845798, 0.107929, 1005.76, 9218.51, 10, 2e-20, 3e-20, 2e-20, 2e-20, -1
-0.0812165, -0.110992, 0.46814, 0.05, -0.0218725, -0.00316538, -0.0660587, 0.0696576, 998.677, -2116.94, 10, 2e-20, 3e-20, 2e-20, 2e-20, -1
-0.101977, -0.24657, 0.509269, 0.05, -0.0231932, -0.0565518, -0.000840581, 0.0611288, 1000.69, 1110.03, 10, 2e-20, 3e-20, 2e-20, 2e-20, -1
-0.0483578, -0.149637, 0.480257, 0.05, -0.0044274, -0.135921, -0.0440498, 0.14295, 1002.07, 3309.83, 10, 2e-20, 3e-20, 2e-20, 2e-20, -1
-0.0460327, -0.220531, 0.496639, 0.05, 0.000564697, 0.0278957, -0.0831373, 0.0876943, 1007.98, 12775.6, 10, 2e-20, 3e-20, 2e-20, 2e-20, -1
-0.0868649, -0.160107, 0.506143, 0.05, 0.0267873, -0.130235, 0.170355, 0.216101, 1006.7, 10726, 10, 2e-20, 3e-20, 2e-20, 2e-20, -1
-0.0384105, -0.139718, 0.530461, 0.05, -0.084415, -0.0975944, 0.150313, 0.198103, 1004.38, 7010.91, 10, 2e-20, 3e-20, 2e-20, 2e-20, -1
-0.136267, -0.104464, 0.591009, 0.05, -0.134154, 0.0469581, 0.036656, 0.146786, 1003.24, 5183.24, 10, 2e-20, 3e-20, 2e-20, 2e-20, -1
-0.0653179, -0.00684672, 0.537906, 0.05, -0.0245656, -0.312678, 0.00910864, 0.313774, 1001.88, 3010.67, 10, 2e-20, 3e-20, 2e-20, 2e-20, -1
-0.0623304, -0.160025, 0.589642, 0.05, 0.0186046, -0.0167635, -0.153892, 0.155916, 1001.72, 2752.14, 10, 2e-20, 3e-20, 2e-20, 2e-20, -1
-0.06258, -0.117622, 0.609508, 0.05, -0.0186475, -0.121733, 0.132199, 0.180674, 1008.91, 14259.5, 10, 2e-20, 3e-20, 2e-20, 2e-20, -1
-0.0675819, -0.248335, 0.651048, 0.05, -0.148541, 0.0297261, 0.0753097, 0.169174, 1004.07, 6514.7, 10, 2e-20, 3e-20, 2e-20, 2e-20, -1
-0.103162, -0.143553, 0.594284, 0.05, -0.0297931, 0.00831298, -0.0234052, 0.0387884, 1003.05, 4877.21, 10, 2e-20, 3e-20, 2e-20, 2e-20, -1
-0.0870456, -0.17226, 0.628406, 0.05, -0.167047, -0.0336405, 0.0310152, 0.1732, 1005.72, 9149.94, 10, 2e-20, 3e-20, 2e-20, 2e-20, -1
-0.0507099, -0.206522, 0.671082, 0.05, -0.0075889, -0.0889116, 0.0573273, 0.106063, 1003.46, 5535.39, 10, 2e-20, 3e-20, 2e-20, 2e-20, -1
-0.0730796, -0.193662, 0.719095, 0.05, -0.0350488, -0.0618978, -0.0250985, 0.07543, 1002.76, 4415.12, 10, 2e-20, 3e-20, 2e-20, 2e-20, -1
-0.0814654, -0.199107, 0.816266, 0.05, 0.0295977, -0.0424189, 0.0366366, 0.0633848, 998.343, -2651.08, 10, 2e-20, 3e-20, 2e-20, 2e-20, -1
-0.116427, -0.138664, 0.766535, 0.05, -0.0942985, 0.106176, 0.0609197, 0.154521, 1010.57, 16909, 10, 2e-20, 3e-20, 2e-20, 2e-20, -1
-0.0507172, -0.15755, 0.832683, 0.05, -0.138998, -0.0814995, -0.0112351, 0.16152, 1000.49, 790.711, 10, 2e-20, 3e-20, 2e-20, 2e-20, -1
-0.0991969, -0.136152, 0.812814, 0.05, -0.0704171, 0.0331477, 0.0701554, 0.104781, 1007.63, 12203.5, 10, 2e-20, 3e-20, 2e-20, 2e-20, -1
0.0253094, -0.14649, 0.770526, 0.05, 0.0569127, -0.301393, -0.0152024, 0.307096, 1003.71, 5929.28, 10, 2e-20, 3e-20, 2e-20, 2e-20, -1
-0.0389877, -0.216084, 0.87686, 0.05, 0.0541371, -0.0796839, 0.0731594, 0.120965, 998.589, -2257.73, 10, 2e-20, 3e-20, 2e-20, 2e-20, -1
-0.00487504, -0.239376, 0.90704, 0.05, 0.0662026, 0.049188, -0.00818849, 0.0828812, 1004.8, 7676.81, 10, 2e-20, 3e-20, 2e-20, 2e-20, -1
-0.104562, -0.191388, 0.901785, 0.05, -0.041205, -0.0855158, 0.134317, 0.164475, 1002.17, 3473.39, 10, 2e-20, 3e-20, 2e-20, 2e-20, -1
-0.0504776, -0.176021, 0.90063, 0.05, 0.0549937, -0.0906059, -0.0173878, 0.107406, 1000.5, 803.269, 10, 2e-20, 3e-20, 2e-20, 2e-20, -1
-0.0492853, -0.223182, 0.930224, 0.05, -0.102211, -0.0563254, -0.0693118, 0.135734, 999.386, -981.855, 10, 2e-20, 3e-20, 2e-20, 2e-20, -1
-0.079898, -0.135632, 0.896125, 0.05, -0.125687, -0.0542277, -0.0451601, 0.144143, 1001.95, 3113.22, 10, 2e-20, 3e-20, 2e-20, 2e-20, -1
-0.0353698, -0.141884, 0.931399, 0.05, -0.0187112, -0.114479, 0.030096, 0.119839, 1005.27, 8427.07, 10, 2e-20, 3e-20, 2e-20, 2e-20, -1
0.0132323, -0.0359451, 0.991021, 0.05, -0.0113881, -0.0974239, -0.11435, 0.150655, 1003.69, 5897.92, 10, 2e-20, 3e-20, 2e-20, 2e-20, -1
-0.042623, -0.0477925, 1.1525, 0.05, 0.080399, -0.0152142, 0.0129645, 0.0828466, 997.307, -4308, 10, 2e-20, 3e-20, 2e-20, 2e-20, -1
-0.0744713, -0.0726719, 1.11393, 0.05, -0.0489183, 0.0770077, 0.036996, 0.0984474, 999.992, -13.0195, 10, 2e-20, 3e-20, 2e-20, 2e-20, -1
-0.0455443, -0.224879, 1.29698, 0.05, -0.0693045, -0.066111, 0.114893, 0.14958, 1002.42, 3876.73, 10, 2e-20, 3e-20, 2e-20, 2e-20, -1
-0.0460807, -0.173033, 1.28053, 0.05, 0.0228767, 0.00120305, 0.076601, 0.0799531, 1003.45, 5526.36, 10, 2e-20, 3e-20, 2e-20, 2e-20, -1
-0.0640813, -0.327494, 1.44597, 0.05, -0.00935085, -0.181414, 0.253846, 0.312148, 1004.3, 6876.46, 10, 2e-20, 3e-20, 2e-20, 2e-20, -1
-0.12893, 0.0261129, 0.0468396, 0.05, 0.0197216, 0.099115, 0.106392, 0.146738, 1017.63, 28201.9, 10, 2e-20, 3e-20, 2e-20, 2e-20, -1
-0.0584281, -0.10803, 0.0548413, 0.05, 0.538263, 0.142112, -0.0787046, 0.562243, 1013.33, 21330.5, 10, 2e-20, 3e-20, 2e-20, 2e-20, -1
-0.0614511, 0.0106745, 0.0503266, 0.05, -0.0394504, -0.0642133, -0.0706129, 0.103276, 1006.89, 11022, 10, 2e-20, 3e-20, 2e-20, 2e-20, -1
-0.06392, 0.0606277, 0.0521964, 0.05, -0.286232, 0.0832347, -0.0817054, 0.309084, 1019.18, 30692.3, 10, 2e-20, 3e-20, 2e-20, 2e-20, -1
-0.0251591, -0.0643611, 0.0934171, 0.05, 0.128058, -0.119306, 0.275933, 0.32676, 1012.59, 20145.4, 10, 2e-20, 3e-20, 2e-20, 2e-20, -1
-0.0483678, -0.0835831, 0.134728, 0.05, -0.0199479, 0.291361, 0.242189, 0.3794, 1009.04, 14461.9, 10, 2e-20, 3e-20, 2e-20, 2e-20, -1
-0.0225853, -0.00471779, 0.139627, 0.05, -0.0715102, -0.231526, -0.0549247, 0.248464, 1007.41, 11848, 10, 2e-20, 3e-20, 2e-20, 2e-20, -1
-0.0540175, -0.0391795, 0.185431, 0.05, 0.318283, 0.268387, 0.0220778, 0.416921, 1007.55, 12084.6, 10, 2e-20, 3e-20, 2e-20, 2e-20, -1
-0.0627535, -0.0417895, 0.240923, 0.05, -0.189534, 0.150284, -0.133079, 0.276077, 1014.79, 23669.1, 10, 2e-20, 3e-20, 2e-20, 2e-20, -1
-0.0716117, -0.0681493, 0.306629, 0.05, -0.111319, 0.11482, 0.0115674, 0.160341, 1004.42, 7076.75, 10, 2e-20, 3e-20, 2e-20, 2e-20, -1
-0.0387687, -0.0397265, 0.294224, 0.05, 0.0152465, 0.118308, 0.103717, 0.158071, 1003, 4799.67, 10, 2e-20, 3e-20, 2e-20, 2e-20, -1
-0.0826047, 0.01008, 0.30298, 0.05, -0.0911095, -0.0145967, 0.0637143, 0.112132, 1010.36, 16575.3, 10, 2e-20, 3e-20, 2e-20, 2e-20, -1
-0.0850201, -0.108672, 0.333856, 0.05, 0.116356, 0.180061, 0.0895445, 0.232333, 999.053, -1515.29, 10, 2e-20, 3e-20, 2e-20, 2e-20, -1
-0.0516649, 0.0486312, 0.280284, 0.05, 0.0058546, -0.0634346, -0.0815022, 0.103445, 1008.58, 13733.4, 10, 2e-20, 3e-20, 2e-20, 2e-20, -1
-0.0487777, -0.0456369, 0.342825, 0.05, -0.0397667, -0.0417749, -0.0846267, 0.102412, 1007.68, 12283.1, 10, 2e-20, 3e-20, 2e-20, 2e-20, -1
-0.0717916, 0.0509704, 0.332687, 0.05, -0.237485, -0.0585212, 0.116403, 0.270876, 1005.59, 8949.17, 10, 2e-20, 3e-20, 2e-20, 2e-20, -1
-0.0509625, -0.0836491, 0.37548, 0.05, -0.0710577, -0.0381651, -0.159139, 0.178413, 1007.68, 12285.2, 10, 2e-20, 3e-20, 2e-20, 2e-20, -1
-0.0666089, -0.00848234, 0.400326, 0.05, -0.0374698, 0.000449931, -0.0200087, 0.0424799, 996.957, -4869.41, 10, 2e-20, 3e-20, 2e-20, 2e-20, -1
-0.0339711, -0.0520521, 0.416074, 0.05, -0.0724997, -0.079942, -0.202524, 0.229484, 1003.94, 6310.39, 10, 2e-20, 3e-20, 2e-20, 2e-20, -1
-0.0744443, -0.0458144, 0.469264, 0.05, 0.0245377, 0.0993423, -0.0430346, 0.111009, 1003.14, 5020.81, 10, 2e-20, 3e-20, 2e-20, 2e-20, -1
-0.0818484, 0.00884775, 0.494555, 0.05, -0.180728, 0.0685609, -0.294566, 0.352324, 1005.69, 9111.77, 10, 2e-20, 3e-20, 2e-20, 2e-20, -1
-0.0479222, -0.0971612, 0.486729, 0.05, 0.0537085, 0.070236, -0.0987319, 0.132536, 1006.32, 10104.5, 10, 2e-20, 3e-20, 2e-20, 2e-20, -1
-0.0442353, -0.0449147, 0.51117, 0.05, -0.045729, -0.073697, 0.0140412, 0.0878609, 1005.84, 9343.41, 10, 2e-20, 3e-20, 2e-20, 2e-20, -1
-0.0716074, -0.0546093, 0.545204, 0.05, -0.0159138, 0.233542, -0.0214002, 0.23506, 1003.11, 4983.71, 10, 2e-20, 3e-20, 2e-20, 2e-20, -1
-0.0530039, -0.0957093, 0.536859, 0.05, -0.00405911, -0.0549873, -0.0817452, 0.098602, 1009.15, 14646.9, 10, 2e-20, 3e-20, 2e-20, 2e-20, -1
-0.0220264, -0.00651598, 0.500539, 0.05, -0.155548, -0.187456, -0.129115, 0.275691, 999.1, -1439.36, 10, 2e-20, 3e-20, 2e-20, 2e-20, -1
-0.127746, 0.0438658, 0.558475, 0.05, -0.197438, -0.0895302, -0.300343, 0.37041, 1007.1, 11353.7, 10, 2e-20, 3e-20, 2e-20, 2e-20, -1
-0.151374, -0.0226326, 0.565861, 0.05, -0.0710947, -0.130972, -0.0489839, 0.156868, 999.565, -696.625, 10, 2e-20, 3e-20, 2e-20, 2e-20, -1
-0.0810157, -0.0964021, 0.580411, 0.05, -0.126907, 0.0879978, -0.0411292, 0.159815, 1008.73, 13962, 10, 2e-20, 3e-20, 2e-20, 2e-20, -1
-0.144886, -0.0572721, 0.608032, 0.05, -0.137514, -0.0385396, -0.10075, 0.174774, 1003.01, 4819.83, 10, 2e-20, 3e-20, 2e-20, 2e-20, -1
-0.105898, -0.0759025, 0.634279, 0.05, -0.0250592, -0.0482247, -0.0744421, 0.0921695, 1006.11, 9775.77, 10, 2e-20, 3e-20, 2e-20, 2e-20, -1
-0.0988886, -0.132722, 0.658195, 0.05, -0.0397424, -0.046927, -0.0132555, 0.0629071, 1009.24, 14784.5, 10, 2e-20, 3e-20, 2e-20, 2e-20, -1
-0.021187, -0.141666, 0.669232, 0.05, -0.0334005, -0.14738, -0.0849691, 0.173367, 1010.43, 16683.6, 10, 2e-20, 3e-20, 2e-20, 2e-20, -1
-0.181491, -0.0996913, 0.687872, 0.05, -0.274102, -0.0827923, 0.0718937, 0.29522, 1003.57, 5704.87, 10, 2e-20, 3e-20, 2e-20, 2e-20, -1
-0.145285, -0.103652, 0.650576, 0.05, -0.00143278, -0.107387, -0.105066, 0.150243, 1000.65, 1040.82, 10, 2e-20, 3e-20, 2e-20, 2e-20, -1
-0.158832, -0.135919, 0.728946, 0.05, 0.0125955, 0.0311142, 0.0105962, 0.0351997, 1002.76, 4419.55, 10, 2e-20, 3e-20, 2e-20, 2e-20, -1
-0.206278, -0.0964186, 0.792654, 0.05, -0.0422948, 0.156216, 0.115461, 0.198805, 1007.13, 11402.7, 10, 2e-20, 3e-20, 2e-20, 2e-20, -1
-0.203337, -0.0612771, 0.756914, 0.05, 0.1925, 0.00149228, 0.0850405, 0.210453, 1006.48, 10374.1, 10, 2e-20, 3e-20, 2e-20, 2e-20, -1
-0.0953612, -0.0922231, 0.822389, 0.05, 0.0439643, -0.140367, 0.033623, 0.150885, 1002.25, 3595.96, 10, 2e-20, 3e-20, 2e-20, 2e-20, -1
-0.120044, -0.0731678, 0.875819, 0.05, -0.0763729, -0.110722, 0.0272708, 0.137244, 1006.53, 10451.3, 10, 2e-20, 3e-20, 2e-20, 2e-20, -1
-0.128454, -0.0273841, 0.858148, 0.05, -0.179164, 0.168344, 0.0924057, 0.262637, 1004.52, 7232.24, 10, 2e-20, 3e-20, 2e-20, 2e-20, -1
0.0106079, -0.161649, 0.822289, 0.05, 0.0772604, -0.149494, -0.00657283, 0.168407, 1002.23, 3560.78, 10, 2e-20, 3e-20, 2e-20, 2e-20, -1
-0.0437414, -0.118553, 0.860941, 0.05, -0.119104, 0.00605417, -0.0534176, 0.130674, 1007.44, 11898.4, 10, 2e-20, 3e-20, 2e-20, 2e-20, -1
-0.165145, 0.005777, 0.86338, 0.05, -0.055622, -0.121368, -0.0160248, 0.134465, 1003.1, 4963.52, 10, 2e-20, 3e-20, 2e-20, 2e-20, -1
-0.0646257, -0.0723531, 0.850297, 0.05, 0.0245707, -0.0230885, -0.0258117, 0.0424622, 1002.1, 3365.9, 10, 2e-20, 3e-20, 2e-20, 2e-20, -1
-0.073994, -0.0644741, 0.883208, 0.05, 0.132342, -0.201277, -0.14938, 0.283445, 999.895, -168.099, 10, 2e-20, 3e-20, 2e-20, 2e-20, -1
-0.02396, -0.023974, 0.881427, 0.05, 0.0517535, -0.235561, -0.141393, 0.27957, 1010.09, 16148.4, 10, 2e-20, 3e-20, 2e-20, 2e-20, -1
-0.152867, 0.0125838, 0.958963, 0.05, 0.0187589, -0.0390853, -0.0268501, 0.050995, 1007.2, 11513.7, 10, 2e-20, 3e-20, 2e-20, 2e-20, -1
-0.0498432, 0.0452525, 1.16009, 0.05, -0.154885, 0.0737284, -0.00647121, 0.17166, 998.624, -2201.65, 10, 2e-20, 3e-20, 2e-20, 2e-20, -1
-0.0159319, -0.218812, 1.47112, 0.05, -0.107783, -0.0685727, 0.0570534, 0.139909, 996.42, -5728.52, 10, 2e-20, 3e-20, 2e-20, 2e-20, -1
0.016166, 0.252384, 1.46372, 0.05, -0.0619036, 0.0572228, -0.0221097, 0.0871513, 998.681, -2110.31, 10, 2e-20, 3e-20, 2e-20, 2e-20, -1
-0.0426847, 0.149838, 0.0514719, 0.05, -0.357626, 0.0128537, -0.0722395, 0.365075, 1007.37, 11789.4, 10, 2e-20, 3e-20, 2e-20, 2e-20, -1
-0.0909266, 0.122634, 0.0480844, 0.05, -0.166482, -0.119537, -0.0830591, 0.221143, 1012.44, 19907.2, 10, 2e-20, 3e-20, 2e-20, 2e-20, -1
-0.10351, 0.0819341, 0.0708214, 0.05, -0.311247, -0.0885243, -0.0588084, 0.328892, 1006.45, 10325.4, 10, 2e-20, 3e-20, 2e-20, 2e-20, -1
-0.04072, 0.0995038, 0.0866534, 0.05, -0.00566069, -0.0878133, -0.0192367, 0.0900737, 1001.02, 1631.55, 10, 2e-20, 3e-20, 2e-20, 2e-20, -1
-0.0754329, 0.154802, 0.0885636, 0.05, 0.0315298, -0.0426759, -0.00212912, 0.0531027, 1007.55, 12078.2, 10, 2e-20, 3e-20, 2e-20, 2e-20, -1
-0.0403351, 0.0653165, 0.126302, 0.05, 0.0426067, -0.0534808, -0.136912, 0.153038, 994.527, -8757.01, 10, 2e-20, 3e-20, 2e-20, 2e-20, -1
-0.0380672, 0.0347389, 0.0937144, 0.05, 0.165577, 0.153737, 0.103746, 0.248624, 999.941, -94.6485, 10, 2e-20, 3e-20, 2e-20, 2e-20, -1
-0.0375468, 0.0562179, 0.179763, 0.05, -0.00849831, 0.132013, 0.20807, 0.246562, 1005.34, 8550.35, 10, 2e-20, 3e-20, 2e-20, 2e-20, -1
-0.0626973, 0.00870842, 0.177051, 0.05, 0.168137, -0.104342, 0.180396, 0.267768, 1003.01, 4811.94, 10, 2e-20, 3e-20, 2e-20, 2e-20, -1
-0.0276236, -0.0117506, 0.222567, 0.05, 0.0556765, 0.0199231, -0.00500925, 0.0593456, 1000.67, 1076.6, 10, 2e-20, 3e-20, 2e-20, 2e-20, -1
-0.0366127, -0.0835116, 0.262188, 0.05, 0.151909, -0.112012, 0.0173845, 0.18954, 994.982, -8029.15, 10, 2e-20, 3e-20, 2e-20, 2e-20, -1
-0.0484924, 0.00286614, 0.260752, 0.05, 0.0629432, -0.10717, 0.10617, 0.163461, 1002.56, 4098.97, 10, 2e-20, 3e-20, 2e-20, 2e-20, -1
-0.0954327, 0.00139639, 0.229256, 0.05, 0.00696295, 0.0778813, -0.0724454, 0.106594, 1003.06, 4900.91, 10, 2e-20, 3e-20, 2e-20, 2e-20, -1
-0.037847, 0.0856645, 0.304861, 0.05, 0.026177, -0.0375116, 0.00799798, 0.0464362, 1005.13, 8209.12, 10, 2e-20, 3e-20, 2e-20, 2e-20, -1
-0.0306208, 0.103997, 0.353022, 0.05, 0.000630251, -0.0799013, 0.0554188, 0.0972412, 1001.35, 2155.93, 10, 2e-20, 3e-20, 2e-20, 2e-20, -1
-0.0231531, 0.0523987, 0.338911, 0.05, -0.123934, 0.000142825, -0.132152, 0.181173, 1004.94, 7903.43, 10, 2e-20, 3e-20, 2e-20, 2e-20, -1
-0.0668178, -0.00408887, 0.347552, 0.05, -0.178402, 0.0265672, -0.0838776, 0.198918, 1006.02, 9639.15, 10, 2e-20, 3e-20, 2e-20, 2e-20, -1
-0.126991, 0.0612299, 0.360562, 0.05, -0.120587, -0.146665, -0.000537793, 0.189874, 1003.35, 5367.64, 10, 2e-20, 3e-20, 2e-20, 2e-20, -1
-0.0580581, 0.0365155, 0.373152, 0.05, -0.153164, -0.0245632, -0.00400321, 0.155173, 1002.49, 3976.71, 10, 2e-20, 3e-20, 2e-20, 2e-20, -1
-0.0672485, 0.047738, 0.417463, 0.05, 0.0103372, -0.0384783, -0.111481, 0.118387, 999.603, -635.246, 10, 2e-20, 3e-20, 2e-20, 2e-20, -1
-0.0599762, 0.00287024, 0.449104, 0.05, -0.0104698, 0.114331, 0.150119, 0.188989, 1005.39, 8626.28, 10, 2e-20, 3e-20, 2e-20, 2e-20, -1
-0.0802125, 0.0779279, 0.488912, 0.05, 0.0542403, -0.183387, 0.177891, 0.261186, 994.941, -8095.08, 10, 2e-20, 3e-20, 2e-20, 2e-20, -1
-0.111434, 0.00104957, 0.542948, 0.05, -0.164323, 0.0526788, -0.0679942, 0.185473, 1006.16, 9858.54, 10, 2e-20, 3e-20, 2e-20, 2e-20, -1
-0.0966245, 0.1274, 0.552512, 0.05, -0.199864, 0.0155645, -0.0245248, 0.201964, 999.955, -72.6917, 10, 2e-20, 3e-20, 2e-20, 2e-20, -1
-0.0319074, 0.086267, 0.496538, 0.05, -0.0520109, -0.0387411, -0.0828982, 0.105253, 1005.01, 8014.37, 10, 2e-20, 3e-20, 2e-20, 2e-20, -1
-0.0983791, 0.0901519, 0.529131, 0.05, -0.158784, -0.020129, -0.158468, 0.225232, 1007.16, 11463.7, 10, 2e-20, 3e-20, 2e-20, 2e-20, -1
-0.158668, 0.0731837, 0.573874, 0.05, -0.0531606, -0.0840064, -0.203625, 0.226597, 1006.54, 10460.6, 10, 2e-20, 3e-20, 2e-20, 2e-20, -1
-0.1889, 0.104436, 0.548527, 0.05, 0.0096212, -0.120566, -0.0435251, 0.128543, 1005.64, 9030.33, 10, 2e-20, 3e-20, 2e-20, 2e-20, -1
-0.176396, 0.109884, 0.59865, 0.05, -0.057869, 0.0716242, -0.0947961, 0.132156, 1002.04, 3259.55, 10, 2e-20, 3e-20, 2e-20, 2e-20, -1
-0.0922916, 0.195325, 0.635854, 0.05, -0.117259, 0.117763, 0.0485151, 0.173123, 994.406, -8950.96, 10, 2e-20, 3e-20, 2e-20, 2e-20, -1
-0.15933, -0.0128052, 0.60989, 0.05, -0.170562, -0.102371, -0.0716087, 0.211422, 1003.24, 5183.6, 10, 2e-20, 3e-20, 2e-20, 2e-20, -1
-0.102718, 0.222541, 0.669786, 0.05, -0.0108174, -0.0092615, -0.220275, 0.220735, 1000.61, 977.166, 10, 2e-20, 3e-20, 2e-20, 2e-20, -1
-0.164302, 0.0316424, 0.588162, 0.05, 0.0138918, -0.0910977, -0.14384, 0.170826, 1004.6, 7363.33, 10, 2e-20, 3e-20, 2e-20, 2e-20, -1
-0.103163, 0.136986, 0.642531, 0.05, -0.0815644, -0.201331, -0.112559, 0.244655, 1000.93, 1484.31, 10, 2e-20, 3e-20, 2e-20, 2e-20, -1
-0.201156, -0.0367536, 0.665782, 0.05, -0.169661, -0.00276862, -0.192908, 0.256916, 1004.75, 7607.86, 10, 2e-20, 3e-20, 2e-20, 2e-20, -1
-0.114551, 0.00420042, 0.611872, 0.05, -0.0157631, -0.0686589, -0.0805511, 0.107009, 1003.59, 5742.86, 10, 2e-20, 3e-20, 2e-20, 2e-20, -1
-0.160299, -0.0566119, 0.659244, 0.05, -0.167683, -0.147012, -0.078099, 0.236283, 998.618, -2210.92, 10, 2e-20, 3e-20, 2e-20, 2e-20, -1
-0.135143, 0.051152, 0.633009, 0.05, -0.0758401, -0.0142763, -0.0237168, 0.0807343, 1009.14, 14617.3, 10, 2e-20, 3e-20, 2e-20, 2e-20, -1
-0.0999665, 0.141163, 0.712718, 0.05, -0.026979, -0.10884, -0.0864969, 0.141618, 1009.14, 14622.7, 10, 2e-20, 3e-20, 2e-20, 2e-20, -1
-0.132051, -0.0934405, 0.700163, 0.05, -0.049356, -0.148874, 0.232878, 0.280769, 1002.56, 4096.27, 10, 2e-20, 3e-20, 2e-20, 2e-20, -1
-0.163573, 0.0390136, 0.753873, 0.05, -0.0523898, -0.104128, -0.0110006, 0.117083, 999.572, -684.043, 10, 2e-20, 3e-20, 2e-20, 2e-20, -1
-0.151643, -0.00851107, 0.769447, 0.05, -0.093186, -0.0481364, -0.136979, 0.172523, 1000.26, 422.909, 10, 2e-20, 3e-20, 2e-20, 2e-20, -1
-0.167444, -0.0181787, 0.738379, 0.05, -0.269651, -0.141397, -0.0748738, 0.313545, 1008.44, 13499.8, 10, 2e-20, 3e-20, 2e-20, 2e-20, -1
-0.11893, 0.0509018, 0.847455, 0.05, 0.0599944, -0.135592, -0.0860226, 0.171418, 1002.03, 3243.07, 10, 2e-20, 3e-20, 2e-20, 2e-20, -1
-0.132411, 0.00841427, 0.817235, 0.05, -0.00631459, 0.195892, 0.203882, 0.28281, 1005.99, 9584.74, 10, 2e-20, 3e-20, 2e-20, 2e-20, -1
-0.115853, 0.00122755, 0.909874, 0.05, -0.0949586, -0.108097, -0.0066139, 0.144034, 1002.58, 4128.52, 10, 2e-20, 3e-20, 2e-20, 2e-20, -1
-0.0838092, 0.000949527, 0.858978, 0.05, -0.0502826, 0.0104244, -0.126207, 0.136255, 1004.77, 7634.1, 10, 2e-20, 3e-20, 2e-20, 2e-20, -1
-0.14026, 0.0400697, 0.895113, 0.05, 0.122665, -0.194214, -0.0889463, 0.246327, 1005.07, 8119.65, 10, 2e-20, 3e-20, 2e-20, 2e-20, -1
-0.0313135, -0.0133603, 1.05121, 0.05, -0.0158297, -0.0502842, -0.0106103, 0.0537741, 1004.09, 6548.43, 10, 2e-20, 3e-20, 2e-20, 2e-20, -1
-0.0338732, 0.0744722, 1.15224, 0.05, -0.11715, 0.0568025, 0.0500932, 0.139499, 1003.19, 5102.98, 10, 2e-20, 3e-20, 2e-20, 2e-20, -1
-0.0437227, 0.127665, 1.39095, 0.05, -0.0296754, -0.193968, -0.0264015, 0.197993, 999.88, -191.662, 10, 2e-20, 3e-20, 2e-20, 2e-20, -1
-0.0722771, 0.197728, 0.0472487, 0.05, -0.031213, 0.0877171, 0.310701, 0.324351, 1005.18, 8283.43, 10, 2e-20, 3e-20, 2e-20, 2e-20, -1
-0.0455766, 0.260135, 0.0500179, 0.05, 0.0636927, -0.0746054, -0.00704971, 0.0983485, 1010.36, 16574.4, 10, 2e-20, 3e-20, 2e-20, 2e-20, -1
-0.0956614, 0.208103, 0.0810863, 0.05, 0.016609, -0.0596193, -0.206033, 0.215128, 1008.75, 13996.2, 10, 2e-20, 3e-20, 2e-20, 2e-20, -1
-0.0359256, 0.143803, 0.119025, 0.05, 0.0202169, 0.107979, 0.157706, 0.192196, 1006.97, 11153.5, 10, 2e-20, 3e-20, 2e-20, 2e-20, -1
-0.0405121, 0.229934, 0.0958823, 0.05, 0.0324878, 0.0134423, -0.237423, 0.240012, 1007.36, 11769.6, 10, 2e-20, 3e-20, 2e-20, 2e-20, -1
-0.0628511, 0.248318, 0.202011, 0.05, -0.383192, -0.174528, -0.117076, 0.437039, 1011.82, 18919.9, 10, 2e-20, 3e-20, 2e-20, 2e-20, -1
-0.0659935, 0.192983, 0.124771, 0.05, -0.106429, -0.162337, 0.0389099, 0.197976, 1005.48, 8763.59, 10, 2e-20, 3e-20, 2e-20, 2e-20, -1
-0.05736, 0.104757, 0.159501, 0.05, -0.0164905, 0.273023, 0.0252752, 0.274686, 1008.07, 12908.3, 10, 2e-20, 3e-20, 2e-20, 2e-20, -1
-0.106754, 0.082698, 0.182229, 0.05, -0.424971, -0.0354989, 0.0394791, 0.428274, 1012.7, 20317.7, 10, 2e-20, 3e-20, 2e-20, 2e-20, -1
-0.0563507, 0.0880039, 0.213545, 0.05, -0.0262216, -0.0781839, 0.058409, 0.101054, 1006.07, 9712.49, 10, 2e-20, 3e-20, 2e-20, 2e-20, -1
-0.0719994, 0.0416852, 0.216295, 0.05, -0.0246017, 0.0451778, 0.145462, 0.15429, 1002.96, 4736.52, 10, 2e-20, 3e-20, 2e-20, 2e-20, -1
-0.0287464, 0.0487681, 0.234367, 0.05, -0.133078, 0.00360276, 0.0460836, 0.140878, 1004.94, 7906.97, 10, 2e-20, 3e-20, 2e-20, 2e-20, -1
-0.0721809, 0.125778, 0.243941, 0.05, -0.135859, 0.112273, -0.119454, 0.212913, 999.734, -425.012, 10, 2e-20, 3e-20, 2e-20, 2e-20, -1
-0.0845314, 0.09058, 0.280277, 0.05, -0.116124, -0.0461719, -0.00415284, 0.125036, 1006.49, 10377, 10, 2e-20, 3e-20, 2e-20, 2e-20, -1
-0.0671728, 0.12951, 0.310783, 0.05, -0.117052, 0.187455, -0.023846, 0.222282, 1008.78, 14043.9, 10, 2e-20, 3e-20, 2e-20, 2e-20, -1
-0.0655188, 0.12644, 0.366667, 0.05, -0.222503, -0.0678749, -0.102948, 0.254387, 1008.92, 14268.7, 10, 2e-20, 3e-20, 2e-20, 2e-20, -1
-0.0796944, 0.0818578, 0.380088, 0.05, -0.0981012, -0.107391, 0.0171032, 0.146455, 1006.84, 10937.2, 10, 2e-20, 3e-20, 2e-20, 2e-20, -1
-0.10021, 0.188024, 0.419491, 0.05, -0.287596, -0.162452, 0.0462716, 0.333531, 1006.75, 10806, 10, 2e-20, 3e-20, 2e-20, 2e-20, -1
-0.0904415, 0.171007, 0.462619, 0.05, -0.247836, -0.0363864, -0.106107, 0.272039, 1009.21, 14730.6, 10, 2e-20, 3e-20, 2e-20, 2e-20, -1
-0.0746192, 0.127242, 0.417113, 0.05, -0.132124, -0.0655902, -0.00602504, 0.147632, 1015.43, 24684.2, 10, 2e-20, 3e-20, 2e-20, 2e-20, -1
-0.0422775, 0.144039, 0.454287, 0.05, -0.220468, -0.100697, 0.0270636, 0.243882, 999.356, -1031.02, 10, 2e-20, 3e-20, 2e-20, 2e-20, -1
-0.0965344, 0.0422233, 0.452932, 0.05, 0.0672311, -0.227336, 0.109298, 0.261051, 999.356, -1029.7, 10, 2e-20, 3e-20, 2e-20, 2e-20, -1
-0.0841817, 0.128153, 0.490397, 0.05, -0.0573927, 0.0863348, -0.0138128, 0.104587, 1006.33, 10130, 10, 2e-20, 3e-20, 2e-20, 2e-20, -1
-0.0339861, 0.134359, 0.502279, 0.05, -0.0124743, -0.0543452, 0.0110316, 0.0568393, 1001.95, 3126.52, 10, 2e-20, 3e-20, 2e-20, 2e-20, -1
-0.0582769, 0.140031, 0.586924, 0.05, -0.046533, -0.0040869, -0.112463, 0.121778, 1001.25, 1994.94, 10, 2e-20, 3e-20, 2e-20, 2e-20, -1
-0.124265, 0.172135, 0.53601, 0.05, -0.0296286, -0.142027, 0.0379007, 0.149953, 998.872, -1805, 10, 2e-20, 3e-20, 2e-20, 2e-20, -1
-0.0742811, 0.188214, 0.55934, 0.05, -0.0951455, -0.162053, -0.246685, 0.310109, 1008.84, 14144.8, 10, 2e-20, 3e-20, 2e-20, 2e-20, -1
-0.0517483, 0.210546, 0.610904, 0.05, 0.0597698, -0.0371031, 0.0311714, 0.0769463, 996.245, -6007.49, 10, 2e-20, 3e-20, 2e-20, 2e-20, -1
-0.0884895, 0.258545, 0.62764, 0.05, 0.00690405, -0.100211, -0.0607781, 0.117405, 1004.69, 7502.1, 10, 2e-20, 3e-20, 2e-20, 2e-20, -1
-0.105505, 0.159794, 0.596142, 0.05, -0.106099, -0.171062, -0.193034, 0.278893, 1009.59, 15346.3, 10, 2e-20, 3e-20, 2e-20, 2e-20, -1
-0.0593543, 0.224797, 0.661833, 0.05, -0.16537, 0.0522261, -0.205739, 0.269079, 1007.78, 12455, 10, 2e-20, 3e-20, 2e-20, 2e-20, -1
-0.0373417, 0.25789, 0.727646, 0.05, -0.00984967, 0.0439857, -0.17291, 0.178688, 1001.33, 2134.93, 10, 2e-20, 3e-20, 2e-20, 2e-20, -1
-0.0698046, 0.223035, 0.711221, 0.05, 0.0353714, -0.036966, 0.0670967, 0.0843776, 1006.71, 10739.2, 10, 2e-20, 3e-20, 2e-20, 2e-20, -1
-0.184152, 0.0722957, 0.624594, 0.05, -0.0535221, -0.0386384, 0.0768142, 0.101282, 1002.46, 3937.32, 10, 2e-20, 3e-20, 2e-20, 2e-20, -1
-0.114921, 0.177345, 0.77221, 0.05, -0.169835, 0.00150254, -0.252002, 0.303893, 997.729, -3634.3, 10, 2e-20, 3e-20, 2e-20, 2e-20, -1
-0.120803, 0.17278, 0.671809, 0.05, -0.100876, 0.0847165, -0.173648, 0.21796, 1004.22, 6749.07, 10, 2e-20, 3e-20, 2e-20, 2e-20, -1
-0.0567136, 0.158802, 0.760895, 0.05, -0.0524521, 0.077113, -0.172077, 0.195724, 998.577, -2277.1, 10, 2e-20, 3e-20, 2e-20, 2e-20, -1
-0.0919741, 0.0706889, 0.588787, 0.05, -0.131037, -0.0132853, -0.0348989, 0.136254, 1008, 12794.1, 10, 2e-20, 3e-20, 2e-20, 2e-20, -1
-0.141254, 0.156637, 0.81119, 0.05, -0.210368, -0.187291, -0.0756618, 0.291646, 1002.47, 3955.06, 10, 2e-20, 3e-20, 2e-20, 2e-20, -1
-0.0972293, 0.130214, 0.777861, 0.05, -0.227508, -0.0786521, -0.0523532, 0.246347, 1006.15, 9841.21, 10, 2e-20, 3e-20, 2e-20, 2e-20, -1
-0.0827438, 0.20211, 0.8502, 0.05, 0.086637, 0.137603, 0.136249, 0.212142, 1001.27, 2031.78, 10, 2e-20, 3e-20, 2e-20, 2e-20, -1
-0.0898656, 0.150033, 0.835667, 0.05, -0.010966, -0.0463518, -0.020697, 0.0519337, 1003.91, 6250.14, 10, 2e-20, 3e-20, 2e-20, 2e-20, -1
-0.155513, 0.0606554, 0.80699, 0.05, -0.0149718, -0.0385099, 0.0651174, 0.0771197, 1008.39, 13426.3, 10, 2e-20, 3e-20, 2e-20, 2e-20, -1
-0.0189549, 0.037662, 0.972276, 0.05, -0.00995897, -0.0508483, -0.186306, 0.193377, 1003.94, 6297.91, 10, 2e-20, 3e-20, 2e-20, 2e-20, -1
-0.174223, 0.0553286, 0.879027, 0.05, -0.160531, -0.200795, -0.104451, 0.277487, 1003.73, 5962.72, 10, 2e-20, 3e-20, 2e-20, 2e-20, -1
-0.059692, 0.0610409, 0.903829, 0.05, 0.0216068, 0.0195089, -0.0797111, 0.0848606, 1000.65, 1032.63, 10, 2e-20, 3e-20, 2e-20, 2e-20, -1
-0.0827177, 0.0413504, 0.873757, 0.05, -0.157211, -0.0573194, -0.187862, 0.251581, 1005.44, 8700.69, 10, 2e-20, 3e-20, 2e-20, 2e-20, -1
-0.0456733, 0.0252882, 0.891698, 0.05, -0.130212, -0.164685, -0.0507778, 0.215997, 1004.97, 7955.62, 10, 2e-20, 3e-20, 2e-20, 2e-20, -1
0.0160497, -0.0406938, 0.924796, 0.05, -0.0014656, -0.168383, -0.196715, 0.258944, 997.283, -4347.87, 10, 2e-20, 3e-20, 2e-20, 2e-20, -1
0.0274172, 0.0418426, 0.899956, 0.05, 0.0706061, -0.040827, 0.0437705, 0.0925631, 1001.83, 2929.05, 10, 2e-20, 3e-20, 2e-20, 2e-20, -1
-0.0168994, 0.136989, 1.38001, 0.05, -0.0690751, -0.175293, -0.0645639, 0.199167, 998.087, -3060.69, 10, 2e-20, 3e-20, 2e-20, 2e-20, -1
-0.0515028, 0.332314, 0.0517821, 0.05, 0.00675698, -0.24752, 0.0778536, 0.259563, 1009.55, 15280.9, 10, 2e-20, 3e-20, 2e-20, 2e-20, -1
-0.101039, 0.371049, 0.0513226, 0.05, -0.0398485, -0.0159058, 0.101482, 0.11018, 1013.53, 21646, 10, 2e-20, 3e-20, 2e-20, 2e-20, -1
-0.0897253, 0.403883, 0.0930864, 0.05, 0.0691525, -0.00212546, -0.0424586, 0.0811746, 1000.75, 1205.23, 10, 2e-20, 3e-20, 2e-20, 2e-20, -1
-0.0744566, 0.263465, 0.0755337, 0.05, -0.0517051, -0.118143, 0.0807703, 0.152168, 1008.89, 14229.6, 10, 2e-20, 3e-20, 2e-20, 2e-20, -1
-0.049552, 0.228972, 0.158474, 0.05, 0.0317955, -0.0139242, 0.141055, 0.145263, 1006.5, 10400, 10, 2e-20, 3e-20, 2e-20, 2e-20, -1
-0.0552358, 0.287438, 0.13532, 0.05, 0.0232592, -0.0441553, -0.0759185, 0.0908532, 1007.16, 11457.8, 10, 2e-20, 3e-20, 2e-20, 2e-20, -1
-0.0584073, 0.28836, 0.236076, 0.05, -0.105306, -0.00769671, 0.177512, 0.20654, 1013.3, 21272.6, 10, 2e-20, 3e-20, 2e-20, 2e-20, -1
-0.0595105, 0.161405, 0.160707, 0.05, 0.218182, -0.145947, -0.14819, 0.301437, 1003.31, 5296.23, 10, 2e-20, 3e-20, 2e-20, 2e-20, -1
-0.0802223, 0.195447, 0.199065, 0.05, -0.0598966, 0.209255, 0.147979, 0.263198, 1002.5, 4005.95, 10, 2e-20, 3e-20, 2e-20, 2e-20, -1
-0.0807672, 0.133569, 0.195639, 0.05, -0.0879667, -0.0929382, -0.0161426, 0.128981, 1008.26, 13216.9, 10, 2e-20, 3e-20, 2e-20, 2e-20, -1
-0.0451342, 0.227281, 0.291603, 0.05, -0.134566, 0.0718053, -0.157147, 0.218996, 1008.62, 13790, 10, 2e-20, 3e-20, 2e-20, 2e-20, -1
-0.0596283, 0.189952, 0.247642, 0.05, -0.135094, -0.219587, 0.00221152, 0.257825, 1001.1, 1766.92, 10, 2e-20, 3e-20, 2e-20, 2e-20, -1
-0.00771522, 0.189954, 0.278235, 0.05, -0.0846374, 0.0455169, 0.0189023, 0.0979417, 1003.62, 5799.96, 10, 2e-20, 3e-20, 2e-20, 2e-20, -1
-0.0927915, 0.155701, 0.278469, 0.05, 0.191752, -0.0130557, -0.11298, 0.222943, 1000.41, 655.707, 10, 2e-20, 3e-20, 2e-20, 2e-20, -1
-0.052068, 0.175348, 0.299479, 0.05, -0.213797, -0.306431, -0.048465, 0.376773, 1007.46, 11933.9, 10, 2e-20, 3e-20, 2e-20, 2e-20, -1
-0.033483, 0.159588, 0.345973, 0.05, -0.0912674, -0.0642331, -0.279647, 0.301095, 1003.7, 5919.13, 10, 2e-20, 3e-20, 2e-20, 2e-20, -1
-0.0340669, 0.165034, 0.400985, 0.05, 0.0442807, 0.00458908, -0.00721195, 0.0450983, 1005.02, 8028.02, 10, 2e-20, 3e-20, 2e-20, 2e-20, -1
-0.0581457, 0.214357, 0.405741, 0.05, -0.0590384, 0.110994, -0.072866, 0.145309, 1007.25, 11607.3, 10, 2e-20, 3e-20, 2e-20, 2e-20, -1
-0.0695639, 0.265996, 0.403043, 0.05, -0.214328, -0.157399, -0.058338, 0.27224, 1012.87, 20588.1, 10, 2e-20, 3e-20, 2e-20, 2e-20, -1
-0.0516804, 0.242172, 0.449185, 0.05, -0.0422979, 0.0560618, -0.00512769, 0.0704154, 1001.79, 2860.01, 10, 2e-20, 3e-20, 2e-20, 2e-20, -1
-0.084496, 0.172428, 0.510643, 0.05, -0.0134323, -0.0399077, -0.0582457, 0.0718722, 1003.14, 5020.53, 10, 2e-20, 3e-20, 2e-20, 2e-20, -1
-0.0781051, 0.21337, 0.480693, 0.05, -0.00768327, 0.0478655, -0.00540489, 0.0487786, 997.375, -4199.84, 10, 2e-20, 3e-20, 2e-20, 2e-20, -1
-0.122372, 0.202906, 0.489317, 0.05, -0.100929, -0.193957, -0.0770358, 0.23182, 1006.6, 10563.8, 10, 2e-20, 3e-20, 2e-20, 2e-20, -1
-0.0501844, 0.237072, 0.513472, 0.05, -0.195794, -0.0479139, 0.0176007, 0.202338, 1001.63, 2602.14, 10, 2e-20, 3e-20, 2e-20, 2e-20, -1
-0.0430397, 0.187594, 0.519905, 0.05, -0.10458, -0.0310583, -0.0341178, 0.114305, 1006.81, 10897.7, 10, 2e-20, 3e-20, 2e-20, 2e-20, -1
-0.0386256, 0.222104, 0.564006, 0.05, 0.00279598, 0.0473517, -0.280512, 0.284494, 1003.76, 6010.37, 10, 2e-20, 3e-20, 2e-20, 2e-20, -1
-0.0490247, 0.272691, 0.646716, 0.05, -0.0358821, -0.114123, -0.0695233, 0.138366, 1001.75, 2798.56, 10, 2e-20, 3e-20, 2e-20, 2e-20, -1
-0.0976833, 0.218059, 0.591387, 0.05, -0.143769, 0.0488833, -0.0743355, 0.16907, 1004.62, 7387.37, 10, 2e-20, 3e-20, 2e-20, 2e-20, -1
-0.0212991, 0.306716, 0.724471, 0.05, -0.0268385, -0.219223, -0.183317, 0.287027, 1003.05, 4878.38, 10, 2e-20, 3e-20, 2e-20, 2e-20, -1
-0.0733361, 0.309516, 0.730161, 0.05, -0.0996845, 0.0249681, -0.0438551, 0.11173, 1001.28, 2041.58, 10, 2e-20, 3e-20, 2e-20, 2e-20, -1
-0.155611, 0.207223, 0.664497, 0.05, -0.0518345, -0.107834, 0.0168376, 0.120824, 1002.62, 4186.32, 10, 2e-20, 3e-20, 2e-20, 2e-20, -1
-0.0439737, 0.289461, 0.684327, 0.05, -0.0100741, -0.171094, -0.0121096, 0.171818, 999.708, -467.789, 10, 2e-20, 3e-20, 2e-20, 2e-20, -1
-0.060603, 0.327564, 0.814868, 0.05, 0.133623, 0.0629292, -0.196347, 0.245697, 1004.25, 6806.17, 10, 2e-20, 3e-20, 2e-20, 2e-20, -1
-0.0423547, 0.287056, 0.768368, 0.05, -0.119309, 0.0452057, -0.119641, 0.174906, 1003.86, 6182.26, 10, 2e-20, 3e-20, 2e-20, 2e-20, -1
-0.0768599, 0.191995, 0.74195, 0.05, -3.90796e-06, 0.0567854, 0.0141953, 0.0585328, 1001.39, 2228.77, 10, 2e-20, 3e-20, 2e-20, 2e-20, -1
-0.0723178, 0.200793, 0.800451, 0.05, 0.201141, -0.0961581, 0.00147316, 0.222949, 997.431, -4110.42, 10, 2e-20, 3e-20, 2e-20, 2e-20, -1
-0.0837528, 0.245011, 0.881157, 0.05, -0.0148488, -0.0606821, -0.228218, 0.236614, 998.657, -2149.46, 10, 2e-20, 3e-20, 2e-20, 2e-20, -1
-0.0746201, 0.127403, 0.925766, 0.05, 0.0485995, -0.158336, -0.0790724, 0.183534, 1007.88, 12605.6, 10, 2e-20, 3e-20, 2e-20, 2e-20, -1
-0.105704, 0.20131, 0.899018, 0.05, -0.132812, -0.127005, -0.120725, 0.219872, 1001.22, 1944.63, 10, 2e-20, 3e-20, 2e-20, 2e-20, -1
-0.064838, 0.103604, 0.968853, 0.05, 0.0324532, 0.000482027, 0.00196131, 0.032516, 1012.32, 19716.7, 10, 2e-20, 3e-20, 2e-20, 2e-20, -1
-0.1194, 0.153208, 0.886175, 0.05, -0.193369, -0.0683553, -0.0545551, 0.212227, 1005.52, 8832.69, 10, 2e-20, 3e-20, 2e-20, 2e-20, -1
-0.0170847, 0.105412, 0.982524, 0.05, -0.0127146, -0.0112637, -0.21062, 0.211304, 997.721, -3646.65, 10, 2e-20, 3e-20, 2e-20, 2e-20, -1
-0.100173, 0.0712086, 0.914322, 0.05, -0.133005, -0.084068, -0.00215731, 0.157361, 997.533, -3947.52, 10, 2e-20, 3e-20, 2e-20, 2e-20, -1
0.00907804, 0.115737, 1.01413, 0.05, 0.126589, -0.0766744, 0.0115023, 0.148446, 1000.15, 232.443, 10, 2e-20, 3e-20, 2e-20, 2e-20, -1
-0.00432813, 0.0677893, 1.00577, 0.05, 0.0982164, -0.0805972, -0.00500454, 0.127151, 1003.08, 4923.97, 10, 2e-20, 3e-20, 2e-20, 2e-20, -1
0.0549617, -0.0348769, 0.936543, 0.05, -0.00228766, 0.01859, -0.144709, 0.145916, 1003.64, 5824.67, 10, 2e-20, 3e-20, 2e-20, 2e-20, -1
0.0258466, -0.0182147, 1.03404, 0.05, 0.0297218, -0.144858, -0.161971, 0.219321, 1001.44, 2311.18, 10, 2e-20, 3e-20, 2e-20, 2e-20, -1
-0.0198702, 0.1127, 1.04852, 0.05, -0.0079155, -0.0314709, -0.0776561, 0.0841637, 1010.47, 16744.5, 10, 2e-20, 3e-20, 2e-20, 2e-20, -1
-0.0230348, 0.0769641, 1.2184, 0.05, -0.0127065, -0.207565, 0.0491536, 0.213684, 1001.3, 2084.22, 10, 2e-20, 3e-20, 2e-20, 2e-20, -1
-0.0442768, 0.193248, 1.35244, 0.05, 0.0854742, 0.0105903, -0.0618408, 0.10603, 997.908, -3347.09, 10, 2e-20, 3e-20, 2e-20, 2e-20, -1
-0.0282051, 0.256399, 1.40784, 0.05, -0.0459917, -0.0558885, 0.127829, 0.146898, 995.818, -6691.48, 10, 2e-20, 3e-20, 2e-20, 2e-20, -1
-0.058426, 0.394321, 0.0509203, 0.05, -0.263009, 0.0240328, 0.252488, 0.365378, 1007.28, 11650.1, 10, 2e-20, 3e-20, 2e-20, 2e-20, -1
-0.0455538, 0.451447, 0.0531571, 0.05, -0.344608, 0.132718, -0.0653533, 0.37502, 1019.15, 30633.5, 10, 2e-20, 3e-20, 2e-20, 2e-20, -1
-0.078252, 0.456366, 0.0914969, 0.05, -0.255543, -0.0425352, -0.112806, 0.282554, 1015.54, 24867.2, 10, 2e-20, 3e-20, 2e-20, 2e-20, -1
-0.0489439, 0.414637, 0.109002, 0.05, -0.191159, -0.215661, -0.213415, 0.358604, 1016.01, 25617.1, 10, 2e-20, 3e-20, 2e-20, 2e-20, -1
-0.031926, 0.287616, 0.0949457, 0.05, 0.0382783, 0.0754925, -0.0554214, 0.101172, 1007.65, 12240.6, 10, 2e-20, 3e-20, 2e-20, 2e-20, -1
-0.0602986, 0.32957, 0.103376, 0.05, -0.0879955, -0.0387483, -0.217461, 0.237768, 1009.78, 15640.8, 10, 2e-20, 3e-20, 2e-20, 2e-20, -1
-0.0541864, 0.29363, 0.184989, 0.05, -0.104658, -0.00455494, -0.208612, 0.233437, 1010.41, 16656.9, 10, 2e-20, 3e-20, 2e-20, 2e-20, -1
-0.0714728, 0.327417, 0.261061, 0.05, 0.0351719, -0.141149, 0.00961639, 0.145783, 998.784, -1945.4, 10, 2e-20, 3e-20, 2e-20, 2e-20, -1
-0.0743681, 0.238148, 0.251263, 0.05, 0.0362811, -0.0171625, -0.0984091, 0.106279, 1008.16, 13053.4, 10, 2e-20, 3e-20, 2e-20, 2e-20, -1
-0.111065, 0.32623, 0.290744, 0.05, -0.0143838, 0.0616911, 0.0835234, 0.104828, 1004.64, 7424.02, 10, 2e-20, 3e-20, 2e-20, 2e-20, -1
-0.0726215, 0.356286, 0.319314, 0.05, -0.304353, -0.145114, 0.116096, 0.356605, 1001.71, 2743.3, 10, 2e-20, 3e-20, 2e-20, 2e-20, -1
-0.0605639, 0.29254, 0.295058, 0.05, -0.187731, -0.0624021, -0.0520267, 0.204558, 1013.27, 21229.1, 10, 2e-20, 3e-20, 2e-20, 2e-20, -1
-0.0548732, 0.327565, 0.347588, 0.05, -0.0190065, 0.00318621, -0.015744, 0.0248852, 1007.67, 12271.2, 10, 2e-20, 3e-20, 2e-20, 2e-20, -1
-0.0998992, 0.207839, 0.292515, 0.05, 0.0502211, -0.002836, 0.0227479, 0.0552057, 1003.99, 6389.18, 10, 2e-20, 3e-20, 2e-20, 2e-20, -1
-0.0445104, 0.208633, 0.33548, 0.05, -0.136917, 0.00730818, 0.0663747, 0.152333, 1003.98, 6372.83, 10, 2e-20, 3e-20, 2e-20, 2e-20, -1
-0.0931716, 0.184867, 0.327697, 0.05, -0.0797627, -0.177921, 0.0300074, 0.197278, 998.152, -2956.63, 10, 2e-20, 3e-20, 2e-20, 2e-20, -1
-0.0344803, 0.285198, 0.367131, 0.05, 0.0369543, 0.0603312, -0.132946, 0.1506, 998.583, -2266.71, 10, 2e-20, 3e-20, 2e-20, 2e-20, -1
-0.022007, 0.235634, 0.376209, 0.05, -0.112879, 0.00671568, -0.0147588, 0.114038, 998.266, -2774.24, 10, 2e-20, 3e-20, 2e-20, 2e-20, -1
-0.0337105, 0.321207, 0.400314, 0.05, -0.0887131, 0.170416, -0.168151, 0.255316, 1009.32, 14913.1, 10, 2e-20, 3e-20, 2e-20, 2e-20, -1
-0.0891499, 0.321801, 0.482449, 0.05, -0.00997686, 0.101731, -0.00275698, 0.102256, 1001.73, 2760.61, 10, 2e-20, 3e-20, 2e-20, 2e-20, -1
-0.0225422, 0.316633, 0.507911, 0.05, -0.0495609, 0.0688014, -0.0478149, 0.0973457, 1002.36, 3779.4, 10, 2e-20, 3e-20, 2e-20, 2e-20, -1
-0.0381383, 0.342742, 0.548377, 0.05, 0.130155, -0.00900216, 0.0262234, 0.133075, 997.813, -3499.64, 10, 2e-20, 3e-20, 2e-20, 2e-20, -1
-0.0650219, 0.289678, 0.511678, 0.05, -0.100273, -0.276982, -0.214802, 0.364573, 1012.27, 19625.5, 10, 2e-20, 3e-20, 2e-20, 2e-20, -1
-0.0657525, 0.267439, 0.555394, 0.05, 0.055912, -0.161159, -0.0536494, 0.17882, 1002.04, 3260.05, 10, 2e-20, 3e-20, 2e-20, 2e-20, -1
-0.0537901, 0.271217, 0.591726, 0.05, -0.101215, -0.0801308, -0.174717, 0.217236, 998.416, -2535.1, 10, 2e-20, 3e-20, 2e-20, 2e-20, -1
-0.00565984, 0.297232, 0.648435, 0.05, 0.0700064, 0.0407451, -0.136027, 0.158317, 998.58, -2271.58, 10, 2e-20, 3e-20, 2e-20, 2e-20, -1
-0.0806712, 0.311915, 0.622565, 0.05, 0.00135448, -0.0646288, 0.0121746, 0.0657795, 1004.42, 7068.75, 10, 2e-20, 3e-20, 2e-20, 2e-20, -1
-0.0916473, 0.393304, 0.859007, 0.05, 0.000473569, 0.117593, -0.114775, 0.164322, 1003.28, 5243.08, 10, 2e-20, 3e-20, 2e-20, 2e-20, -1
-0.104195, 0.396587, 0.931287, 0.05, -0.0569863, 0.166525, -0.0241544, 0.177655, 1006.59, 10542.5, 10, 2e-20, 3e-20, 2e-20, 2e-20, -1
-0.0776025, 0.400911, 0.797415, 0.05, 0.0330428, 0.0201404, -0.0469721, 0.0608592, 1013.09, 20947.1, 10, 2e-20, 3e-20, 2e-20, 2e-20, -1
-0.0409163, 0.386557, 0.845364, 0.05, -0.11136, -0.0700301, -0.17805, 0.221375, 1002.96, 4728.82, 10, 2e-20, 3e-20, 2e-20, 2e-20, -1
-0.0724146, 0.332213, 0.768456, 0.05, -0.0237661, -0.0276973, -0.169877, 0.173754, 1003.94, 6300.5, 10, 2e-20, 3e-20, 2e-20, 2e-20, -1
-0.0277641, 0.320974, 0.843144, 0.05, 0.0235994, 0.0669432, -0.141197, 0.158034, 998.283, -2747.9, 10, 2e-20, 3e-20, 2e-20, 2e-20, -1
-0.0548413, 0.237821, 0.765679, 0.05, 0.0112094, -0.126235, -0.196903, 0.234162, 1004.96, 7940.14, 10, 2e-20, 3e-20, 2e-20, 2e-20, -1
-0.0908601, 0.253175, 0.806031, 0.05, -0.0679214, 0.0642049, -0.0173859, 0.0950677, 1005.62, 8998.39, 10, 2e-20, 3e-20, 2e-20, 2e-20, -1
-0.118451, 0.207251, 0.811806, 0.05, -0.168383, -0.113254, 0.0397187, 0.206778, 1008.38, 13411.8, 10, 2e-20, 3e-20, 2e-20, 2e-20, -1
-0.0662403, 0.285832, 0.853795, 0.05, 0.036207, 0.0190108, -0.0614036, 0.073775, 1004.61, 7369.64, 10, 2e-20, 3e-20, 2e-20, 2e-20, -1
-0.0303427, 0.248932, 0.890266, 0.05, -0.0432393, -0.0386493, -0.107951, 0.122543, 1001.47, 2353.28, 10, 2e-20, 3e-20, 2e-20, 2e-20, -1
-0.0720981, 0.195506, 0.923201, 0.05, -0.0142405, -0.00811621, -0.00716893, 0.0178902, 1002.81, 4492.7, 10, 2e-20, 3e-20, 2e-20, 2e-20, -1
-0.0707953, 0.135099, 1.01017, 0.05, 0.0463853, -0.182272, -0.0692072, 0.20041, 999.613, -618.546, 10, 2e-20, 3e-20, 2e-20, 2e-20, -1
-0.0262037, 0.156414, 1.02019, 0.05, -0.00737299, -0.0586327, -0.145201, 0.156765, 1004.98, 7960.36, 10, 2e-20, 3e-20, 2e-20, 2e-20, -1
0.0170567, 0.14803, 0.979171, 0.05, 0.110973, 0.0193117, -0.22758, 0.253931, 999.357, -1028.28, 10, 2e-20, 3e-20, 2e-20, 2e-20, -1
0.00292107, 0.195301, 1.01323, 0.05, -0.000787752, 0.0269229, -0.0778947, 0.08242, 1004.44, 7108.16, 10, 2e-20, 3e-20, 2e-20, 2e-20, -1
-0.0165935, 0.204627, 1.06416, 0.05, -0.0240091, -0.148345, -0.0255475, 0.152431, 1007.16, 11461.9, 10, 2e-20, 3e-20, 2e-20, 2e-20, -1
0.013074, 0.16561, 1.07626, 0.05, 0.127969, 0.0666144, -0.104365, 0.178061, 999.74, -415.691, 10, 2e-20, 3e-20, 2e-20, 2e-20, -1
0.0199955, 0.0553774, 1.02471, 0.05, 0.103164, -0.0366161, -0.0235266, 0.111969, 999.515, -775.402, 10, 2e-20, 3e-20, 2e-20, 2e-20, -1
-0.00895169, 0.122396, 1.1864, 0.05, 0.0469874, -0.113121, -0.0299785, 0.126107, 1001.74, 2777.73, 10, 2e-20, 3e-20, 2e-20, 2e-20, -1
-0.0391854, 0.218556, 1.18715, 0.05, 0.00324833, -0.0757383, -0.0524451, 0.092181, 1004.31, 6891.57, 10, 2e-20, 3e-20, 2e-20, 2e-20, -1
-0.0235263, 0.169585, 1.23244, 0.05, -0.0742961, -0.121244, -0.25802, 0.294609, 1002.52, 4031.08, 10, 2e-20, 3e-20, 2e-20, 2e-20, -1
-0.0388375, 0.307725, 1.39518, 0.05, -0.0541487, -0.0320704, -0.027569, 0.0687069, 999.318, -1090.92, 10, 2e-20, 3e-20, 2e-20, 2e-20, -1
-0.0445912, 0.332056, 1.4527, 0.05, -0.0745207, -0.151539, -0.0111707, 0.16924, 998.796, -1926.6, 10, 2e-20, 3e-20, 2e-20, 2e-20, -1
-0.140365, 0.499316, 0.0928339, 0.05, -0.204385, 0.0371529, -0.208309, 0.294187, 1008.93, 14289.9, 10, 2e-20, 3e-20, 2e-20, 2e-20, -1
-0.0674944, 0.447769, 0.223866, 0.05, -0.0986151, -0.126204, -0.104041, 0.190989, 1006.87, 10991.6, 10, 2e-20, 3e-20, 2e-20, 2e-20, -1
-0.0256838, 0.475965, 0.190595, 0.05, 0.0898125, -0.300284, -0.065843, 0.320269, 1005, 7999.72, 10, 2e-20, 3e-20, 2e-20, 2e-20, -1
-0.0717788, 0.419684, 0.162728, 0.05, -0.310001, 0.0497338, -0.0156765, 0.314356, 1013.28, 21253.7, 10, 2e-20, 3e-20, 2e-20, 2e-20, -1
-0.061736, 0.337707, 0.154677, 0.05, -0.297916, 0.0408759, 0.115161, 0.322005, 1013.15, 21043.6, 10, 2e-20, 3e-20, 2e-20, 2e-20, -1
-0.0781968, 0.337122, 0.211411, 0.05, -0.0296808, -0.0654414, -0.109394, 0.130884, 1004.74, 7580.31, 10, 2e-20, 3e-20, 2e-20, 2e-20, -1
-0.0405715, 0.360994, 0.23894, 0.05, 0.0539202, -0.0748702, 0.160452, 0.185088, 1012.63, 20207, 10, 2e-20, 3e-20, 2e-20, 2e-20, -1
-0.0418804, 0.363318, 0.292951, 0.05, -0.0500332, -0.0587608, -0.24716, 0.258929, 1007.29, 11663.9, 10, 2e-20, 3e-20, 2e-20, 2e-20, -1
-0.0918145, 0.429331, 0.337624, 0.05, -0.0981184, -0.122821, 0.0519191, 0.165553, 1006.44, 10301.4, 10, 2e-20, 3e-20, 2e-20, 2e-20, -1
-0.0472169, 0.413287, 0.315525, 0.05, -0.0157268, -0.0204416, 0.102481, 0.105677, 1005, 8007.79, 10, 2e-20, 3e-20, 2e-20, 2e-20, -1
-0.0503706, 0.453962, 0.359735, 0.05, -0.140548, -0.00723075, -0.126048, 0.188929, 1008.01, 12816.4, 10, 2e-20, 3e-20, 2e-20, 2e-20, -1
-0.0523341, 0.429293, 0.398406, 0.05, -0.0825449, 0.0425308, 0.0479842, 0.104523, 1005.07, 8107.57, 10, 2e-20, 3e-20, 2e-20, 2e-20, -1
-0.0463102, 0.439906, 0.451273, 0.05, 0.0331856, 0.0860205, 0.133402, 0.162163, 998.386, -2581.69, 10, 2e-20, 3e-20, 2e-20, 2e-20, -1
-0.058008, 0.370573, 0.392167, 0.05, -0.114093, -0.0982514, -0.126676, 0.196768, 1003.9, 6246.07, 10, 2e-20, 3e-20, 2e-20, 2e-20, -1
-0.0720355, 0.405669, 0.498521, 0.05, 0.137153, 0.0023165, -0.0620051, 0.150536, 998.189, -2897.27, 10, 2e-20, 3e-20, 2e-20, 2e-20, -1
-0.0406882, 0.257249, 0.327621, 0.05, -0.160407, -0.0452884, 0.049876, 0.17398, 1005.09, 8138.6, 10, 2e-20, 3e-20, 2e-20, 2e-20, -1
-0.00910044, 0.368348, 0.426241, 0.05, -0.190588, -0.0606556, 0.0346696, 0.202989, 1003.12, 4989.1, 10, 2e-20, 3e-20, 2e-20, 2e-20, -1
-0.0693472, 0.38698, 0.441824, 0.05, -0.0112043, -0.0738667, -0.0386012, 0.0840945, 997.868, -3410.5, 10, 2e-20, 3e-20, 2e-20, 2e-20, -1
-0.0611996, 0.338299, 0.435016, 0.05, 0.107479, 0.0148224, 0.0353535, 0.114111, 1000.16, 248.429, 10, 2e-20, 3e-20, 2e-20, 2e-20, -1
-0.0744243, 0.357795, 0.522928, 0.05, 0.0230065, -0.0132796, -0.304317, 0.305474, 1005.95, 9518.17, 10, 2e-20, 3e-20, 2e-20, 2e-20, -1
-0.054275, 0.354987, 0.480549, 0.05, -0.0743017, 2.51427e-05, -0.0219061, 0.0774637, 1004.56, 7298.19, 10, 2e-20, 3e-20, 2e-20, 2e-20, -1
-0.0703937, 0.348254, 0.586509, 0.05, 0.103729, 0.0673543, -0.0456757, 0.131843, 1003.32, 5308.17, 10, 2e-20, 3e-20, 2e-20, 2e-20, -1
-0.0357538, 0.384961, 0.752453, 0.05, -0.0428674, -0.0316623, -0.118047, 0.129519, 1004.93, 7880.11, 10, 2e-20, 3e-20, 2e-20, 2e-20, -1
-0.017909, 0.384156, 0.634394, 0.05, -0.0922599, -0.0802948, -0.13263, 0.180416, 1007.69, 12310.7, 10, 2e-20, 3e-20, 2e-20, 2e-20, -1
-0.0399321, 0.347685, 0.703759, 0.05, -0.049228, -0.0566107, -0.157272, 0.174249, 1007.19, 11500.9, 10, 2e-20, 3e-20, 2e-20, 2e-20, -1
-0.0332597, 0.315688, 0.601329, 0.05, 0.107476, -0.0341849, -0.197638, 0.227553, 1003.61, 5776.19, 10, 2e-20, 3e-20, 2e-20, 2e-20, -1
-0.021632, 0.340631, 0.761998, 0.05, -0.0898388, 0.0258853, 0.0686406, 0.115985, 1005.55, 8885.27, 10, 2e-20, 3e-20, 2e-20, 2e-20, -1
-0.0439337, 0.37839, 0.799419, 0.05, -0.00717499, -0.130324, -0.0658647, 0.146199, 1003.71, 5932.2, 10, 2e-20, 3e-20, 2e-20, 2e-20, -1
-0.0586312, 0.394233, 0.911287, 0.05, -0.0819261, 0.0563535, -0.173564, 0.20003, 1004.24, 6777.65, 10, 2e-20, 3e-20, 2e-20, 2e-20, -1
-0.0983422, 0.446625, 0.973564, 0.05, 0.0618771, -0.0436616, -0.0821854, 0.111757, 1002.06, 3293.57, 10, 2e-20, 3e-20, 2e-20, 2e-20, -1
-0.103019, 0.3585, 0.798645, 0.05, 0.114499, 0.0346005, -0.118623, 0.16846, 1005.49, 8784.12, 10, 2e-20, 3e-20, 2e-20, 2e-20, -1
-0.068706, 0.349926, 0.865256, 0.05, -0.0566572, -0.00601446, -0.250562, 0.256958, 998.467, -2452.48, 10, 2e-20, 3e-20, 2e-20, 2e-20, -1
-0.0795977, 0.430668, 1.06011, 0.05, -0.0686034, 0.0717969, 0.0722286, 0.122793, 1006.45, 10321.1, 10, 2e-20, 3e-20, 2e-20, 2e-20, -1
-0.0609816, 0.294547, 0.902802, 0.05, -0.0857559, 0.112839, -0.0456037, 0.148884, 1003.29, 5259.39, 10, 2e-20, 3e-20, 2e-20, 2e-20, -1
-0.0858577, 0.34909, 0.916344, 0.05, 0.128675, -0.137168, -0.0764429, 0.203017, 1000.59, 946.695, 10, 2e-20, 3e-20, 2e-20, 2e-20, -1
-0.0906407, 0.38469, 1.05026, 0.05, 0.00596727, -0.0440422, 0.036042, 0.0572219, 1002.89, 4630.65, 10, 2e-20, 3e-20, 2e-20, 2e-20, -1
-0.0970886, 0.248104, 0.932977, 0.05, -0.108533, 0.0233522, 0.00171513, 0.11103, 1002.72, 4354.37, 10, 2e-20, 3e-20, 2e-20, 2e-20, -1
-0.081287, 0.216951, 0.988233, 0.05, -0.127766, -0.0732083, -0.0922733, 0.173776, 1009.83, 15732.3, 10, 2e-20, 3e-20, 2e-20, 2e-20, -1
-0.111801, 0.192826, 0.957663, 0.05, -0.00913702, 0.0775844, -0.0447555, 0.0900326, 1004.31, 6890.1, 10, 2e-20, 3e-20, 2e-20, 2e-20, -1
-0.038877, 0.210791, 0.993187, 0.05, -0.0231158, -0.0450947, -0.145278, 0.153862, 999.073, -1483.42, 10, 2e-20, 3e-20, 2e-20, 2e-20, -1
-0.0393895, 0.239012, 1.0316, 0.05, -0.0224312, 0.0214464, -0.0769357, 0.0829591, 1004.85, 7762.55, 10, 2e-20, 3e-20, 2e-20, 2e-20, -1
-0.0448949, 0.251332, 1.06989, 0.05, 0.0170272, -0.020633, -0.325402, 0.3265, 998.599, -2242.29, 10, 2e-20, 3e-20, 2e-20, 2e-20, -1
-0.0198658, 0.293529, 1.06707, 0.05, 0.00335083, 0.0256634, -0.0940242, 0.0975212, 1004.04, 6467.82, 10, 2e-20, 3e-20, 2e-20, 2e-20, -1
-0.0517384, 0.261428, 1.15807, 0.05, 0.0587251, 0.0632223, -0.241324, 0.256287, 1001.12, 1785.25, 10, 2e-20, 3e-20, 2e-20, 2e-20, -1
0.0010349, 0.183542, 1.1225, 0.05, 0.0414136, -0.170961, -0.222893, 0.283944, 1001.59, 2538.17, 10, 2e-20, 3e-20, 2e-20, 2e-20, -1
-0.063843, 0.299069, 1.13235, 0.05, 0.160262, -0.180505, -0.123022, 0.270925, 1000.55, 884.844, 10, 2e-20, 3e-20, 2e-20, 2e-20, -1
-0.0127573, 0.184034, 1.1583, 0.05, 0.160994, -0.0416604, 0.0391045, 0.170832, 1006.72, 10748.4, 10, 2e-20, 3e-20, 2e-20, 2e-20, -1
-0.0474741, 0.288533, 1.20813, 0.05, 0.0513668, -0.0432332, -0.136368, 0.151999, 1000.27, 430.506, 10, 2e-20, 3e-20, 2e-20, 2e-20, -1
-0.018248, 0.285221, 1.19125, 0.05, 0.13583, -0.0783512, -0.288397, 0.32827, 999.729, -433.705, 10, 2e-20, 3e-20, 2e-20, 2e-20, -1
-0.0497124, 0.283869, 1.28699, 0.05, 0.0418893, -0.165212, -0.244267, 0.297852, 990.511, -15181.8, 10, 2e-20, 3e-20, 2e-20, 2e-20, -1
0.000623085, 0.356381, 1.38322, 0.05, 0.144607, 0.058999, 0.0845664, 0.177605, 999.364, -1017.34, 10, 2e-20, 3e-20, 2e-20, 2e-20, -1
-0.037641, 0.500467, 0.114769, 0.05, -0.0259273, -0.158234, -0.170117, 0.233773, 1015.04, 24064.7, 10, 2e-20, 3e-20, 2e-20, 2e-20, -1
-0.00142052, 0.497578, 0.350991, 0.05, -0.200155, 0.0190891, 0.158605, 0.25609, 1007.79, 12460, 10, 2e-20, 3e-20, 2e-20, 2e-20, -1
-0.0544023, 0.498746, 0.349989, 0.05, -0.00886662, 0.0720809, 0.0158804, 0.0743402, 1002.6, 4153.77, 10, 2e-20, 3e-20, 2e-20, 2e-20, -1
-0.0263823, 0.425765, 0.244899, 0.05, -0.139276, -0.0377762, -0.0972094, 0.173996, 1005.28, 8442.09, 10, 2e-20, 3e-20, 2e-20, 2e-20, -1
-0.0435824, 0.450042, 0.277366, 0.05, -0.167474, -0.125104, -0.036051, 0.212128, 1007.04, 11262.6, 10, 2e-20, 3e-20, 2e-20, 2e-20, -1
-0.0288501, 0.428635, 0.197934, 0.05, 0.120857, 0.103053, -0.0457092, 0.165274, 1001.85, 2961.62, 10, 2e-20, 3e-20, 2e-20, 2e-20, -1
-0.0393701, 0.381169, 0.150134, 0.05, 0.013356, -0.0604814, -0.0095202, 0.0626659, 1003.5, 5593.28, 10, 2e-20, 3e-20, 2e-20, 2e-20, -1
-0.0636242, 0.392349, 0.205356, 0.05, -0.0941677, -0.0805999, 0.0847506, 0.150155, 1016.11, 25772.4, 10, 2e-20, 3e-20, 2e-20, 2e-20, -1
-0.00366161, 0.437737, 0.421445, 0.05, 0.0236611, 0.0498011, 0.0182945, 0.0580921, 1010.57, 16908.7, 10, 2e-20, 3e-20, 2e-20, 2e-20, -1
-0.127522, 0.472617, 0.530557, 0.05, -0.0203808, 0.0226754, 0.100173, 0.10471, 1001.52, 2425.46, 10, 2e-20, 3e-20, 2e-20, 2e-20, -1
-0.0834008, 0.459178, 0.479672, 0.05, 0.0986349, -0.0512924, -0.0607534, 0.126692, 999.911, -141.789, 10, 2e-20, 3e-20, 2e-20, 2e-20, -1
-0.0377183, 0.444537, 0.509716, 0.05, -0.216369, -0.0448942, -0.0834488, 0.236209, 1007.42, 11878.5, 10, 2e-20, 3e-20, 2e-20, 2e-20, -1
-0.0747104, 0.457407, 0.536674, 0.05, -0.0774969, -0.118296, -0.0423732, 0.147632, 1000.39, 619.374, 10, 2e-20, 3e-20, 2e-20, 2e-20, -1
-0.110945, 0.455041, 0.600424, 0.05, 0.100575, 0.0372634, 0.0182186, 0.108792, 1003.33, 5328.48, 10, 2e-20, 3e-20, 2e-20, 2e-20, -1
-0.044394, 0.432126, 0.659119, 0.05, -0.0654613, -0.0855813, -0.0421798, 0.115709, 1005.21, 8335.05, 10, 2e-20, 3e-20, 2e-20, 2e-20, -1
-0.0664201, 0.437047, 0.581552, 0.05, -0.108739, 0.113427, -0.152169, 0.218735, 1000.2, 323.595, 10, 2e-20, 3e-20, 2e-20, 2e-20, -1
-0.0596323, 0.399581, 0.546707, 0.05, -0.0620015, 0.187253, -0.153755, 0.250097, 1004.55, 7282.4, 10, 2e-20, 3e-20, 2e-20, 2e-20, -1
-0.0326901, 0.39704, 0.594199, 0.05, -0.0475377, 0.089029, 0.114084, 0.152319, 1002.66, 4262.94, 10, 2e-20, 3e-20, 2e-20, 2e-20, -1
-0.0584816, 0.433815, 0.704899, 0.05, -0.00695265, -0.0326742, 0.0289875, 0.0442291, 1003.2, 5115.23, 10, 2e-20, 3e-20, 2e-20, 2e-20, -1
-0.103551, 0.429847, 0.7158, 0.05, 0.0330186, 0.0657501, 0.188173, 0.202045, 998.761, -1982.64, 10, 2e-20, 3e-20, 2e-20, 2e-20, -1
-0.0737402, 0.439115, 0.935582, 0.05, -0.0529698, -0.087768, -0.14246, 0.17551, 1007.66, 12260.1, 10, 2e-20, 3e-20, 2e-20, 2e-20, -1
-0.0330532, 0.441335, 0.838503, 0.05, 0.154255, 0.00393695, -0.117511, 0.193956, 995.652, -6956.91, 10, 2e-20, 3e-20, 2e-20, 2e-20, -1
-0.056671, 0.440817, 0.973734, 0.05, 0.0351157, 0.0457437, -0.0925613, 0.109056, 999.996, -6.32222, 10, 2e-20, 3e-20, 2e-20, 2e-20, -1
-0.0178935, 0.432503, 0.933616, 0.05, -0.0153232, -0.121035, -0.0197501, 0.123589, 1002.96, 4734.06, 10, 2e-20, 3e-20, 2e-20, 2e-20, -1
-0.0233364, 0.458405, 1.00565, 0.05, -0.0410847, -0.0474898, -0.173702, 0.184705, 1005.2, 8313.2, 10, 2e-20, 3e-20, 2e-20, 2e-20, -1
-0.0612336, 0.444196, 0.882706, 0.05, -0.0770663, -0.0143264, -0.0205507, 0.0810357, 1003.79, 6070.03, 10, 2e-20, 3e-20, 2e-20, 2e-20, -1
-0.101664, 0.433664, 0.888958, 0.05, 0.121069, -0.0266217, -0.0074032, 0.124182, 998.238, -2819.47, 10, 2e-20, 3e-20, 2e-20, 2e-20, -1
-0.072674, 0.462619, 1.02438, 0.05, -0.0839343, 0.0462697, 0.0154246, 0.0970761, 1005.23, 8372.21, 10, 2e-20, 3e-20, 2e-20, 2e-20, -1
-0.123461, 0.417912, 1.03266, 0.05, -0.179123, 0.211395, 0.0940716, 0.292613, 1005.18, 8282.77, 10, 2e-20, 3e-20, 2e-20, 2e-20, -1
-0.107756, 0.384613, 0.974589, 0.05, -0.207009, -0.0237652, -0.246863, 0.323046, 1005.34, 8547.87, 10, 2e-20, 3e-20, 2e-20, 2e-20, -1
-0.0446567, 0.445809, 1.13683, 0.05, 0.0539167, 0.0983542, 0.0753007, 0.135095, 1001.94, 3101.71, 10, 2e-20, 3e-20, 2e-20, 2e-20, -1
-0.0215569, 0.432548, 1.15427, 0.05, 0.202253, -0.21348, 0.101389, 0.311062, 999.743, -411.144, 10, 2e-20, 3e-20, 2e-20, 2e-20, -1
-0.0544058, 0.356286, 1.01567, 0.05, 0.0545375, -0.129124, -0.261367, 0.29658, 1000.63, 1009.41, 10, 2e-20, 3e-20, 2e-20, 2e-20, -1
-0.137458, 0.339804, 0.975149, 0.05, -0.0888262, -0.00537515, -0.164628, 0.18714, 1001.55, 2472.99, 10, 2e-20, 3e-20, 2e-20, 2e-20, -1
-0.0190584, 0.404912, 1.06177, 0.05, -0.052229, 0.0571558, 0.0436499, 0.0888817, 998.101, -3038.79, 10, 2e-20, 3e-20, 2e-20, 2e-20, -1
-0.0885097, 0.33859, 0.967867, 0.05, -0.0824093, -0.0988659, -0.0954593, 0.160244, 1001.01, 1619.57, 10, 2e-20, 3e-20, 2e-20, 2e-20, -1
-0.0622538, 0.303319, 0.949036, 0.05, -0.051772, 0.0238162, -0.178309, 0.187195, 1004.85, 7762.66, 10, 2e-20, 3e-20, 2e-20, 2e-20, -1
-0.0530274, 0.25935, 0.987071, 0.05, 0.0247495, 0.0106224, -0.00424058, 0.0272646, 1001.78, 2845, 10, 2e-20, 3e-20, 2e-20, 2e-20, -1
-0.0313056, 0.332174, 0.980691, 0.05, 0.0653708, 0.032613, -0.161888, 0.177608, 1000.39, 629.317, 10, 2e-20, 3e-20, 2e-20, 2e-20, -1
-0.0106871, 0.288228, 1.00341, 0.05, 0.00525787, -0.00139623, -0.137537, 0.137645, 1003.98, 6361.7, 10, 2e-20, 3e-20, 2e-20, 2e-20, -1
-0.0549155, 0.343629, 1.06097, 0.05, 0.0872851, 0.00873402, -0.146532, 0.170782, 1007.18, 11492.7, 10, 2e-20, 3e-20, 2e-20, 2e-20, -1
-0.0623796, 0.29142, 1.03677, 0.05, 0.0623015, -0.0444719, -0.137558, 0.157421, 1005.3, 8474.84, 10, 2e-20, 3e-20, 2e-20, 2e-20, -1
-0.0184785, 0.371309, 1.17415, 0.05, 0.110897, 0.0994712, 0.00576465, 0.149083, 999.493, -811.801, 10, 2e-20, 3e-20, 2e-20, 2e-20, -1
-0.0846705, 0.468574, 1.3454, 0.05, 0.17908, -0.121566, -0.013673, 0.216876, 999.541, -733.889, 10, 2e-20, 3e-20, 2e-20, 2e-20, -1
-0.0684712, 0.333726, 1.16634, 0.05, 0.0330923, 0.00200528, -0.0777341, 0.0845087, 1001.85, 2965.18, 10, 2e-20, 3e-20, 2e-20, 2e-20, -1
-0.0832599, 0.419876, 1.36186, 0.05, 0.106277, 0.0406937, 0.0733618, 0.135399, 1001.29, 2070.73, 10, 2e-20, 3e-20, 2e-20, 2e-20, -1
-0.0181982, 0.357537, 1.26375, 0.05, -0.00401645, -0.0107277, -0.172989, 0.173368, 1004.97, 7944.94, 10, 2e-20, 3e-20, 2e-20, 2e-20, -1
-0.0422478, 0.329933, 1.16767, 0.05, 0.157697, -0.197025, -0.123698, 0.281049, 998.6, -2240.01, 10, 2e-20, 3e-20, 2e-20, 2e-20, -1
-0.0534137, 0.325001, 1.31236, 0.05, 0.187074, 0.0509421, 0.11819, 0.22707, 998.329, -2673.41, 10, 2e-20, 3e-20, 2e-20, 2e-20, -1
-0.0789643, 0.287381, 1.31979, 0.05, 0.00178655, -0.181747, -0.0618723, 0.191998, 1001.99, 3179.08, 10, 2e-20, 3e-20, 2e-20, 2e-20, -1
-0.0346769, 0.421636, 1.44921, 0.05, 0.0780456, 0.0904676, 0.082868, 0.145405, 1001.58, 2532.45, 10, 2e-20, 3e-20, 2e-20, 2e-20, -1
-0.0918582, 0.500076, 0.110432, 0.05, -0.19811, -0.180392, 0.0722873, 0.277515, 1015.59, 24949.6, 10, 2e-20, 3e-20, 2e-20, 2e-20, -1
-0.0436183, 0.495626, 0.237431, 0.05, -0.161833, -0.0181969, 0.0807342, 0.181767, 1020.51, 32809.1, 10, 2e-20, 3e-20, 2e-20, 2e-20, -1
0.00263774, 0.495286, 0.295465, 0.05, -0.00806616, -0.0775996, 0.144716, 0.164406, 1014.39, 23028.9, 10, 2e-20, 3e-20, 2e-20, 2e-20, -1
-0.0139053, 0.490972, 0.409576, 0.05, -0.00907287, -0.0774232, 0.116654, 0.140303, 1021.49, 34377.9, 10, 2e-20, 3e-20, 2e-20, 2e-20, -1
-0.0710396, 0.49046, 0.402971, 0.05, 0.0838639, 0.132406, -0.0764872, 0.174398, 1014.35, 22953.4, 10, 2e-20, 3e-20, 2e-20, 2e-20, -1
-0.0675349, 0.402672, 0.267247, 0.05, -0.0801073, -0.0670098, -0.154645, 0.186608, 1005.23, 8368.57, 10, 2e-20, 3e-20, 2e-20, 2e-20, -1
-0.0107843, 0.451057, 0.321008, 0.05, -0.059322, -0.107915, 0.0530803, 0.134098, 1002.88, 4605.36, 10, 2e-20, 3e-20, 2e-20, 2e-20, -1
-0.0445573, 0.49812, 0.526534, 0.05, 0.0058142, -0.0275881, -0.082581, 0.0872612, 1007.2, 11522.5, 10, 2e-20, 3e-20, 2e-20, 2e-20, -1
-0.0977536, 0.497641, 0.56489, 0.05, 0.0193413, 0.0315416, -0.0783127, 0.0866131, 1005.74, 9190.46, 10, 2e-20, 3e-20, 2e-20, 2e-20, -1
-0.05621, 0.496934, 0.596243, 0.05, -0.236348, 0.0201096, -0.173581, 0.293931, 1008.57, 13711.2, 10, 2e-20, 3e-20, 2e-20, 2e-20, -1
-0.0633922, 0.497536, 0.807434, 0.05, -0.0949432, 0.125972, -0.0537, 0.166634, 1006.8, 10876.8, 10, 2e-20, 3e-20, 2e-20, 2e-20, -1
-0.0403559, 0.493327, 0.653016, 0.05, -0.0843759, 0.00678191, -0.144081, 0.167107, 1003.48, 5569.1, 10, 2e-20, 3e-20, 2e-20, 2e-20, -1
-0.00931176, 0.498216, 0.979258, 0.05, 0.000234155, -0.028996, -0.101316, 0.105384, 1004.84, 7742.35, 10, 2e-20, 3e-20, 2e-20, 2e-20, -1
-0.0873574, 0.493422, 0.86403, 0.05, -0.134962, 0.0825399, -0.0518343, 0.166476, 1007.88, 12615.6, 10, 2e-20, 3e-20, 2e-20, 2e-20, -1
-0.0717209, 0.464488, 0.745437, 0.05, -0.0800137, -0.11375, 0.0186105, 0.140313, 1004.71, 7539.99, 10, 2e-20, 3e-20, 2e-20, 2e-20, -1
-0.0585482, 0.494015, 0.959471, 0.05, 0.0571955, -0.0369913, 0.0680165, 0.0962597, 1006.95, 11114.1, 10, 2e-20, 3e-20, 2e-20, 2e-20, -1
-0.0509859, 0.450916, 0.790565, 0.05, -0.0207749, 0.130825, -0.119276, 0.178251, 1006.21, 9939.38, 10, 2e-20, 3e-20, 2e-20, 2e-20, -1
-0.0171558, 0.495582, 1.23282, 0.05, 0.262842, -0.0548039, 0.0376009, 0.271115, 1000.96, 1533.88, 10, 2e-20, 3e-20, 2e-20, 2e-20, -1
-0.0450963, 0.496418, 0.897557, 0.05, -0.0411634, 0.0637379, 0.106717, 0.13094, 1005.73, 9168.79, 10, 2e-20, 3e-20, 2e-20, 2e-20, -1
-0.0740021, 0.503815, 1.07401, 0.05, 0.258681, -0.161571, 0.203879, 0.366862, 1005.83, 9331.04, 10, 2e-20, 3e-20, 2e-20, 2e-20, -1
-0.063249, 0.499968, 1.13867, 0.05, 0.0844363, -0.138101, 0.175304, 0.238606, 1001.7, 2724.24, 10, 2e-20, 3e-20, 2e-20, 2e-20, -1
-0.121065, 0.500629, 1.17449, 0.05, -0.309916, 0.107932, -0.0303986, 0.329577, 1000.7, 1119.21, 10, 2e-20, 3e-20, 2e-20, 2e-20, -1
-0.122373, 0.46867, 1.21199, 0.05, -0.360951, -0.144669, -0.0182105, 0.389289, 1008.89, 14226.9, 10, 2e-20, 3e-20, 2e-20, 2e-20, -1
-0.0754567, 0.444422, 1.17979, 0.05, 0.0963563, -0.0321587, -0.0156772, 0.102784, 999.196, -1285.76, 10, 2e-20, 3e-20, 2e-20, 2e-20, -1
-0.117489, 0.46347, 1.06125, 0.05, 0.0529637, -0.381207, -0.200351, 0.433894, 998.252, -2797.37, 10, 2e-20, 3e-20, 2e-20, 2e-20, -1
-0.0104522, 0.511754, 1.30269, 0.05, 0.0238289, -0.0322889, 0.0674288, 0.0784667, 1005.97, 9547.31, 10, 2e-20, 3e-20, 2e-20, 2e-20, -1
-0.0695503, 0.448067, 1.23876, 0.05, -0.0389133, -0.089261, -0.0217747, 0.0997793, 1006.31, 10103, 10, 2e-20, 3e-20, 2e-20, 2e-20, -1
-0.0619964, 0.446389, 1.28485, 0.05, -0.00932792, -0.0866629, 0.00760188, 0.0874944, 997.108, -4626.77, 10, 2e-20, 3e-20, 2e-20, 2e-20, -1
-0.019943, 0.445367, 1.30391, 0.05, 0.142369, -0.145828, 0.277949, 0.34466, 1000.48, 765.2, 10, 2e-20, 3e-20, 2e-20, 2e-20, -1
-0.0424362, 0.406866, 1.19873, 0.05, 0.0922812, 0.0302465, -0.121811, 0.155784, 1001.69, 2700.86, 10, 2e-20, 3e-20, 2e-20, 2e-20, -1
0.353976, 0.240316, 1.29475, 0.05, -0.204074, -0.0453968, 0.0825365, 0.224765, 1000.23, 371.869, 10, 2e-20, 3e-20, 2e-20, 2e-20, -1
-0.0585406, 0.397319, 1.08926, 0.05, 0.0440187, 0.0441422, 0.0408016, 0.0745047, 1001.63, 2610.13, 10, 2e-20, 3e-20, 2e-20, 2e-20, -1
0.00954236, 0.426948, 1.35663, 0.05, 0.0387752, -0.13762, -0.0859892, 0.166844, 1003.62, 5785.21, 10, 2e-20, 3e-20, 2e-20, 2e-20, -1
-0.173618, 0.504529, 1.27678, 0.05, 0.184094, 0.105974, -0.120751, 0.24434, 1001.6, 2563.35, 10, 2e-20, 3e-20, 2e-20, 2e-20, -1
-0.0909851, 0.39165, 1.168, 0.05, -0.104126, 0.0322622, -0.0647812, 0.126806, 999.985, -23.5879, 10, 2e-20, 3e-20, 2e-20, 2e-20, -1
0.0888882, 0.451626, 1.34436, 0.05, -0.0711664, -0.0300963, -0.0111317, 0.0780663, 1002.29, 3670.63, 10, 2e-20, 3e-20, 2e-20, 2e-20, -1
0.00555088, 0.423163, 1.26441, 0.05, 0.0229914, 0.0923833, 0.0387708, 0.102793, 1002.37, 3786.94, 10, 2e-20, 3e-20, 2e-20, 2e-20, -1
-0.0683724, 0.507369, 1.30573, 0.05, -0.0789058, 0.0646861, 0.034616, 0.107744, 1002.15, 3439.06, 10, 2e-20, 3e-20, 2e-20, 2e-20, -1
-0.00554294, 0.396902, 1.13106, 0.05, 0.0154346, 0.0643833, -0.0512024, 0.0836966, 1000.89, 1427.79, 10, 2e-20, 3e-20, 2e-20, 2e-20, -1
-0.0512887, 0.450662, 1.33386, 0.05, 0.117352, -0.0387954, 0.0954065, 0.156138, 998.505, -2392, 10, 2e-20, 3e-20, 2e-20, 2e-20, -1
0.0478167, 0.508495, 1.44676, 0.05, 0.245291, 0.527995, -0.127726, 0.596037, 1000.53, 844.339, 10, 2e-20, 3e-20, 2e-20, 2e-20, -1
-0.0658675, 0.514807, 1.3492, 0.05, 0.0217888, -0.00443983, 0.0588326, 0.0628946, 999.143, -1371.96, 10, 2e-20, 3e-20, 2e-20, 2e-20, -1
-0.300173, 0.34071, 1.24236, 0.05, -0.0605277, -0.0229239, -0.198117, 0.208422, 1004.24, 6779.21, 10, 2e-20, 3e-20, 2e-20, 2e-20, -1
-0.162846, 0.380314, 1.37221, 0.05, 0.230573, 0.0617178, -0.0969003, 0.25761, 1005.68, 9082.62, 10, 2e-20, 3e-20, 2e-20, 2e-20, -1
-0.318086, 0.448107, 1.38218, 0.05, 0.0124878, -0.090546, -0.449433, 0.458634, 1001.58, 2525.67, 10, 2e-20, 3e-20, 2e-20, 2e-20, -1
0.303521, 0.500936, 1.45789, 0.05, -0.0282584, -0.036618, 0.0164049, 0.0490769, 993.3, -10720.8, 10, 2e-20, 3e-20, 2e-20, 2e-20, -1
-0.288489, 0.346066, 1.16267, 0.05, 0.0204118, -0.0882687, -0.213171, 0.231624, 1002.05, 3286.99, 10, 2e-20, 3e-20, 2e-20, 2e-20, -1
-0.194176, 0.323059, 1.36062, 0.05, 0.149322, -0.152041, -0.145482, 0.258028, 1005.89, 9427.87, 10, 2e-20, 3e-20, 2e-20, 2e-20, -1
-0.253259, 0.365087, 1.40759, 0.05, -0.0908507, -0.0848237, -0.407868, 0.426386, 1007.31, 11696, 10, 2e-20, 3e-20, 2e-20, 2e-20, -1
-0.0575099, 0.505178, 1.40745, 0.05, -0.0597116, -0.129808, -0.075851, 0.161769, 1002.79, 4457.5, 10, 2e-20, 3e-20, 2e-20, 2e-20, -1
-0.181213, 0.393704, 1.45065, 0.05, 0.133388, 0.0143516, -0.23895, 0.274035, 994.379, -8994.13, 10, 2e-20, 3e-20, 2e-20, 2e-20, -1
0.0268892, -0.448428, 0.0506119, 0.05, -0.341794, -0.138502, -0.0719623, 0.375746, 1003.8, 6082.85, 10, 2e-20, 3e-20, 2e-20, 2e-20, -1
-0.00564062, -0.493427, 0.057754, 0.05, -0.0822153, 0.0336707, 0.233993, 0.250292, 1014.81, 23693.5, 10, 2e-20, 3e-20, 2e-20, 2e-20, -1
-0.00911309, -0.491311, 0.115589, 0.05, -0.0396649, 0.0258126, -0.07944, 0.0924679, 1009.45, 15120.5, 10, 2e-20, 3e-20, 2e-20, 2e-20, -1
-0.00084094, -0.495256, 0.174847, 0.05, -0.157768, -0.140193, 0.00111236, 0.211059, 1014.42, 23066.2, 10, 2e-20, 3e-20, 2e-20, 2e-20, -1
-0.00338243, -0.498865, 0.364657, 0.05, -0.06977, -0.096389, 0.157642, 0.197509, 1007.91, 12652.5, 10, 2e-20, 3e-20, 2e-20, 2e-20, -1
-0.0141249, -0.494157, 0.298973, 0.05, -0.242724, 0.0531541, 0.0988813, 0.267428, 1014.2, 22714.6, 10, 2e-20, 3e-20, 2e-20, 2e-20, -1
0.0292899, -0.498164, 0.477043, 0.05, -0.10411, 0.0970989, 0.232805, 0.272883, 1007.69, 12305, 10, 2e-20, 3e-20, 2e-20, 2e-20, -1
0.00727179, -0.496099, 0.569748, 0.05, -0.145216, 0.095716, 0.160718, 0.236811, 1008.11, 12970.2, 10, 2e-20, 3e-20, 2e-20, 2e-20, -1
0.0642895, -0.498859, 0.54196, 0.05, -0.158851, 0.054153, 0.316085, 0.357877, 1004.95, 7912.1, 10, 2e-20, 3e-20, 2e-20, 2e-20, -1
0.0474274, -0.493466, 0.608376, 0.05, -0.168976, -0.0565893, -0.0762422, 0.193825, 1009.91, 15857.4, 10, 2e-20, 3e-20, 2e-20, 2e-20, -1
-0.00895609, -0.495797, 0.634549, 0.05, 0.0216743, -0.0614669, 0.140565, 0.15494, 1005.31, 8497.8, 10, 2e-20, 3e-20, 2e-20, 2e-20, -1
-0.0027663, -0.495751, 0.758596, 0.05, -0.014262, 0.0565309, 0.175626, 0.18505, 1010.16, 16250.3, 10, 2e-20, 3e-20, 2e-20, 2e-20, -1
-0.0441861, -0.495017, 0.838009, 0.05, 0.137616, 0.00880417, 0.138809, 0.195662, 1004.24, 6778.71, 10, 2e-20, 3e-20, 2e-20, 2e-20, -1
-0.070197, -0.45412, 0.732659, 0.05, -0.0280541, -0.061318, 0.0921175, 0.11416, 1004.33, 6928.25, 10, 2e-20, 3e-20, 2e-20, 2e-20, -1
-0.0138571, -0.450958, 0.710074, 0.05, 0.00921246, 0.0713131, 0.173711, 0.188005, 997.277, -4356.23, 10, 2e-20, 3e-20, 2e-20, 2e-20, -1
-0.0300469, -0.496476, 0.89129, 0.05, 0.0408865, 0.107687, 0.162201, 0.198941, 1006.73, 10769.9, 10, 2e-20, 3e-20, 2e-20, 2e-20, -1
-0.0425344, -0.447244, 0.780015, 0.05, -0.014694, 0.00774221, 0.179576, 0.180343, 1005.45, 8727.63, 10, 2e-20, 3e-20, 2e-20, 2e-20, -1
0.022854, -0.498438, 1.09782, 0.05, -0.0772938, 0.133947, 0.0285798, 0.157267, 1003.59, 5746.06, 10, 2e-20, 3e-20, 2e-20, 2e-20, -1
-0.0106677, -0.494884, 1.05852, 0.05, -0.0705086, -0.0419251, 0.207293, 0.222934, 1004.39, 7025.31, 10, 2e-20, 3e-20, 2e-20, 2e-20, -1
-0.0197745, -0.463865, 0.940148, 0.05, 0.0157485, 0.00203628, 0.0432534, 0.0460762, 1005.76, 9221.71, 10, 2e-20, 3e-20, 2e-20, 2e-20, -1
-0.0881977, -0.410307, 1.40896, 0.05, -0.00324506, -0.147651, 0.277924, 0.314727, 996.993, -4811.27, 10, 2e-20, 3e-20, 2e-20, 2e-20, -1
0.0251352, -0.454398, 1.05442, 0.05, -0.00973221, 0.0589066, 0.283287, 0.28951, 1009.71, 15530.7, 10, 2e-20, 3e-20, 2e-20, 2e-20, -1
0.0458415, -0.495575, 1.15621, 0.05, 0.180658, -0.0531376, 0.469909, 0.506237, 1000.14, 228.551, 10, 2e-20, 3e-20, 2e-20, 2e-20, -1
0.00691001, -0.499489, 1.21626, 0.05, 0.245851, 0.145381, 0.263083, 0.388318, 997.857, -3428.18, 10, 2e-20, 3e-20, 2e-20, 2e-20, -1
0.064097, -0.503491, 1.25181, 0.05, 0.338769, 0.123994, 0.525272, 0.63722, 1005.83, 9320.01, 10, 2e-20, 3e-20, 2e-20, 2e-20, -1
-0.0397416, -0.511292, 1.24118, 0.05, 0.0632018, 0.076324, 0.162785, 0.190575, 1003.28, 5242.48, 10, 2e-20, 3e-20, 2e-20, 2e-20, -1
0.00197152, -0.492969, 1.17008, 0.05, -0.0138779, 0.0216316, 0.216089, 0.217612, 999.492, -812.72, 10, 2e-20, 3e-20, 2e-20, 2e-20, -1
0.121246, -0.472493, 1.32916, 0.05, 0.33886, 0.361676, 0.581191, 0.763819, 1010.92, 17471.2, 10, 2e-20, 3e-20, 2e-20, 2e-20, -1
0.0161302, -0.468001, 1.47759, 0.05, 0.249382, -0.372624, 0.325846, 0.554271, 995.395, -7368.62, 10, 2e-20, 3e-20, 2e-20, 2e-20, -1
-0.0629883, -0.433638, 1.21808, 0.05, -0.0473559, 0.079254, 0.190875, 0.212031, 1002.31, 3703.89, 10, 2e-20, 3e-20, 2e-20, 2e-20, -1
0.0561823, -0.437438, 1.11753, 0.05, -0.0522201, 0.0175649, 0.0646388, 0.0849331, 996.99, -4815.6, 10, 2e-20, 3e-20, 2e-20, 2e-20, -1
0.125448, -0.469224, 1.37804, 0.05, 0.659871, -0.354321, 0.979483, 1.23303, 1005.42, 8669.38, 10, 2e-20, 3e-20, 2e-20, 2e-20, -1
-0.0428605, -0.490679, 1.28702, 0.05, -0.0376912, 0.085377, 0.182392, 0.204883, 998.518, -2370.77, 10, 2e-20, 3e-20, 2e-20, 2e-20, -1
-0.00114549, -0.422813, 1.25736, 0.05, 0.0714572, -0.112825, 0.353902, 0.378262, 1004.6, 7359.46, 10, 2e-20, 3e-20, 2e-20, 2e-20, -1
-0.0530481, -0.447871, 1.32236, 0.05, -0.0390128, -0.000705687, 0.368253, 0.370315, 997.373, -4203.43, 10, 2e-20, 3e-20, 2e-20, 2e-20, -1
0.0390285, -0.399078, 1.22158, 0.05, 0.16697, -0.102087, 0.244412, 0.313111, 1001.33, 2127.32, 10, 2e-20, 3e-20, 2e-20, 2e-20, -1
-0.0198685, -0.432311, 1.32413, 0.05, -0.0179954, -0.19679, 0.228113, 0.301804, 1000.67, 1067.49, 10, 2e-20, 3e-20, 2e-20, 2e-20, -1
-0.0257915, -0.337943, 1.19524, 0.05, 0.0209911, -0.254547, 0.285213, 0.382859, 1004.56, 7289.21, 10, 2e-20, 3e-20, 2e-20, 2e-20, -1
0.0475266, -0.457149, 1.45744, 0.05, 0.431402, 0.289073, 0.55611, 0.760874, 996.479, -5633.26, 10, 2e-20, 3e-20, 2e-20, 2e-20, -1
0.0297791, -0.453355, 1.3085, 0.05, -0.0215062, 0.229371, 0.185973, 0.296074, 1000.97, 1548.9, 10, 2e-20, 3e-20, 2e-20, 2e-20, -1
-0.0509926, -0.430247, 1.42845, 0.05, -0.144714, -0.31653, 0.274856, 0.443486, 997.657, -3748.94, 10, 2e-20, 3e-20, 2e-20, 2e-20, -1
-0.0951424, -0.466423, 1.47566, 0.05, -0.185858, -0.29092, 0.442416, 0.561168, 994.482, -8829, 10, 2e-20, 3e-20, 2e-20, 2e-20, -1
0.0909846, -0.518871, 1.37093, 0.05, 0.629514, 0.266612, -0.0455511, 0.68516, 1002.63, 4212.08, 10, 2e-20, 3e-20, 2e-20, 2e-20, -1
-0.0609395, -0.484526, 1.39956, 0.05, 0.159041, -0.0758354, 0.164869, 0.241303, 994.115, -9416.4, 10, 2e-20, 3e-20, 2e-20, 2e-20, -1
-0.0966949, -0.493086, 1.40038, 0.05, 0.17741, -0.178876, 0.22761, 0.339525, 1002.88, 4603.83, 10, 2e-20, 3e-20, 2e-20, 2e-20, -1
0.0781476, -0.399594, 1.44421, 0.05, 0.119278, 0.0867697, 0.101887, 0.179269, 1000.13, 203.523, 10, 2e-20, 3e-20, 2e-20, 2e-20, -1
-0.0347046, -0.401218, 1.47659, 0.05, -0.0201927, -0.180432, 0.215387, 0.2817, 995.28, -7552.73, 10, 2e-20, 3e-20, 2e-20, 2e-20, -1
0.00952292, -0.318523, 1.31462, 0.05, 0.0439414, 0.031692, 0.0539042, 0.0764257, 995.623, -7002.5, 10, 2e-20, 3e-20, 2e-20, 2e-20, -1
-0.00111565, -0.321678, 1.4162, 0.05, 0.0305544, -0.0570364, 0.246633, 0.254979, 1006.18, 9889.37, 10, 2e-20, 3e-20, 2e-20, 2e-20, -1
-0.01459, -0.395745, 1.43237, 0.05, -0.051653, -0.0657206, 0.292227, 0.303947, 1001.2, 1919.09, 10, 2e-20, 3e-20, 2e-20, 2e-20, -1
0.0198724, -0.363263, 1.42978, 0.05, -0.215693, -0.153007, 0.152078, 0.305061, 1006.8, 10881.4, 10, 2e-20, 3e-20, 2e-20, 2e-20, -1
-0.00263569, -0.399359, 0.0446495, 0.05, -0.190835, 0.10393, -0.113631, 0.245217, 1000.48, 762.72, 10, 2e-20, 3e-20, 2e-20, 2e-20, -1
-0.0130702, -0.441276, 0.104201, 0.05, 0.0328592, -0.0920919, 0.145754, 0.175514, 1004.79, 7663.12, 10, 2e-20, 3e-20, 2e-20, 2e-20, -1
-0.0340566, -0.401177, 0.198067, 0.05, 0.0593815, -0.0192366, 0.00295753, 0.0624897, 1009.01, 14423.4, 10, 2e-20, 3e-20, 2e-20, 2e-20, -1
-0.0287825, -0.448322, 0.195933, 0.05, 0.0345574, -0.0199094, 0.11077, 0.117731, 1003.95, 6316.07, 10, 2e-20, 3e-20, 2e-20, 2e-20, -1
-0.01941, -0.444192, 0.277476, 0.05, -0.0908291, 0.017429, 0.00679374, 0.0927354, 1002.47, 3956.74, 10, 2e-20, 3e-20, 2e-20, 2e-20, -1
0.0427008, -0.447398, 0.379852, 0.05, 0.0507754, -0.0332978, -0.107095, 0.123111, 1005.2, 8325.25, 10, 2e-20, 3e-20, 2e-20, 2e-20, -1
0.0207473, -0.419986, 0.295791, 0.05, -0.0473034, -0.0874665, 0.000560579, 0.09944, 1008.06, 12901.7, 10, 2e-20, 3e-20, 2e-20, 2e-20, -1
0.0185728, -0.455426, 0.408449, 0.05, -0.123019, -0.0642777, -0.0029228, 0.13883, 995.544, -7129.04, 10, 2e-20, 3e-20, 2e-20, 2e-20, -1
0.0391559, -0.450462, 0.462253, 0.05, -0.0411084, 0.0880081, 0.0556866, 0.111966, 1003.11, 4979.24, 10, 2e-20, 3e-20, 2e-20, 2e-20, -1
0.0495008, -0.473345, 0.517906, 0.05, -0.156244, -0.134364, 0.254418, 0.327405, 1002.23, 3566.35, 10, 2e-20, 3e-20, 2e-20, 2e-20, -1
-0.0119285, -0.456766, 0.543667, 0.05, -0.0514078, 0.0444469, 0.128948, 0.145759, 1005.65, 9034.68, 10, 2e-20, 3e-20, 2e-20, 2e-20, -1
0.0347224, -0.445669, 0.619432, 0.05, -0.0905377, 0.0797282, -0.0774801, 0.143377, 1004.05, 6477.62, 10, 2e-20, 3e-20, 2e-20, 2e-20, -1
0.0378465, -0.44473, 0.549592, 0.05, -0.0610988, -0.154565, -0.0380295, 0.170499, 1005.15, 8245.53, 10, 2e-20, 3e-20, 2e-20, 2e-20, -1
0.0170022, -0.434753, 0.503819, 0.05, -0.00211448, -0.173137, 0.0718291, 0.187457, 1002.76, 4408.31, 10, 2e-20, 3e-20, 2e-20, 2e-20, -1
0.00495839, -0.433996, 0.583104, 0.05, -0.0478787, -0.103549, 0.0792772, 0.138923, 1002.87, 4589.01, 10, 2e-20, 3e-20, 2e-20, 2e-20, -1
0.0205979, -0.391116, 0.526587, 0.05, -0.0653506, 0.00436139, 0.0397313, 0.0766048, 997.117, -4613.22, 10, 2e-20, 3e-20, 2e-20, 2e-20, -1
-0.0185446, -0.44621, 0.630736, 0.05, -0.0287016, 0.0140286, -0.241458, 0.243562, 1000.47, 759.158, 10, 2e-20, 3e-20, 2e-20, 2e-20, -1
0.0112287, -0.442493, 0.661169, 0.05, -0.138847, -0.0748593, -0.00404337, 0.157794, 999.672, -525.447, 10, 2e-20, 3e-20, 2e-20, 2e-20, -1
0.0357405, -0.460177, 0.727125, 0.05, -0.0169274, 0.0558106, 0.214215, 0.222013, 998.972, -1645.6, 10, 2e-20, 3e-20, 2e-20, 2e-20, -1
-0.0148267, -0.447038, 0.822877, 0.05, -0.00136562, -0.0693039, 0.214283, 0.225216, 1005.19, 8305.84, 10, 2e-20, 3e-20, 2e-20, 2e-20, -1
0.00147062, -0.450579, 0.887038, 0.05, -0.149482, 0.0515402, 0.025351, 0.160138, 1003.87, 6192.38, 10, 2e-20, 3e-20, 2e-20, 2e-20, -1
0.00616062, -0.443769, 0.993304, 0.05, -0.136558, -0.0257082, 0.113331, 0.179312, 1001.22, 1953.59, 10, 2e-20, 3e-20, 2e-20, 2e-20, -1
0.00114843, -0.413049, 0.959075, 0.05, -0.0440896, 0.0359666, 0.16291, 0.172561, 1002.69, 4307.08, 10, 2e-20, 3e-20, 2e-20, 2e-20, -1
0.0573799, -0.441612, 0.989889, 0.05, -0.0901081, -0.0916169, 0.0529781, 0.138996, 998.439, -2497.32, 10, 2e-20, 3e-20, 2e-20, 2e-20, -1
0.0779211, -0.436569, 1.0689, 0.05, -0.106007, -0.0327571, 0.135703, 0.175288, 1005.43, 8687.79, 10, 2e-20, 3e-20, 2e-20, 2e-20, -1
-0.0542379, -0.439318, 1.0836, 0.05, -0.0951739, 0.0312716, 0.116026, 0.15329, 1003.45, 5514.64, 10, 2e-20, 3e-20, 2e-20, 2e-20, -1
-0.0113949, -0.423126, 0.862168, 0.05, -0.0469666, -0.0739483, 0.125547, 0.153089, 999.131, -1389.64, 10, 2e-20, 3e-20, 2e-20, 2e-20, -1
0.0384532, -0.381576, 0.926948, 0.05, -0.0988436, 0.0458839, 0.23826, 0.261999, 1005.69, 9103.44, 10, 2e-20, 3e-20, 2e-20, 2e-20, -1
-0.0232751, -0.445285, 1.12796, 0.05, 0.0335605, -0.107398, 0.141207, 0.180555, 1002.72, 4346.21, 10, 2e-20, 3e-20, 2e-20, 2e-20, -1
0.0248906, -0.41385, 1.02254, 0.05, -0.193948, -0.020211, 0.157275, 0.250519, 1004.61, 7370.11, 10, 2e-20, 3e-20, 2e-20, 2e-20, -1
-0.0285187, -0.417435, 1.02334, 0.05, -0.0155927, 0.0270917, 0.0779625, 0.0839955, 1003.03, 4840.46, 10, 2e-20, 3e-20, 2e-20, 2e-20, -1
0.0714938, -0.384147, 1.06383, 0.05, -0.0153687, -0.0253816, 0.101017, 0.105285, 997.062, -4700.75, 10, 2e-20, 3e-20, 2e-20, 2e-20, -1
-0.0156037, -0.455277, 1.21041, 0.05, 0.0644255, 0.0161272, 0.312143, 0.31913, 1001.22, 1953.35, 10, 2e-20, 3e-20, 2e-20, 2e-20, -1
0.0230917, -0.455307, 1.24875, 0.05, -0.0379108, 0.120636, 0.296841, 0.322653, 1003.77, 6034.84, 10, 2e-20, 3e-20, 2e-20, 2e-20, -1
-0.00817399, -0.387453, 1.1956, 0.05, -0.0549837, 0.0524687, 0.272472, 0.282873, 994.578, -8674.74, 10, 2e-20, 3e-20, 2e-20, 2e-20, -1
-0.0299619, -0.307376, 1.09662, 0.05, 0.0297839, -0.183165, 0.249458, 0.310911, 1005.73, 9163.15, 10, 2e-20, 3e-20, 2e-20, 2e-20, -1
-0.0171921, -0.234966, 1.06225, 0.05, 0.0189774, -0.0332867, 0.076883, 0.0859019, 1005.61, 8973.11, 10, 2e-20, 3e-20, 2e-20, 2e-20, -1
-0.00459602, -0.158122, 1.0502, 0.05, -0.0589912, -0.155264, 0.00356577, 0.166131, 999.401, -958.526, 10, 2e-20, 3e-20, 2e-20, 2e-20, -1
0.0243295, -0.315161, 1.15226, 0.05, -0.0566894, -0.0250113, 0.243512, 0.251272, 998.209, -2866.25, 10, 2e-20, 3e-20, 2e-20, 2e-20, -1
0.0179516, -0.306858, 1.1209, 0.05, -0.129971, -0.160805, 0.120965, 0.239548, 1001.22, 1946.13, 10, 2e-20, 3e-20, 2e-20, 2e-20, -1
0.0120418, -0.339565, 1.19195, 0.05, 0.0406713, -0.0899741, 0.353232, 0.366773, 1005.02, 8026.24, 10, 2e-20, 3e-20, 2e-20, 2e-20, -1
0.0293745, -0.382514, 1.24473, 0.05, 0.0337476, 0.109723, 0.20443, 0.234456, 1003.31, 5290.41, 10, 2e-20, 3e-20, 2e-20, 2e-20, -1
0.00647124, -0.404739, 1.30821, 0.05, 0.0442366, -0.10518, 0.258739, 0.282782, 1001.33, 2128.5, 10, 2e-20, 3e-20, 2e-20, 2e-20, -1
0.00495377, -0.484512, 1.31318, 0.05, -0.169846, 0.0532048, 0.181521, 0.254221, 996.85, -5039.7, 10, 2e-20, 3e-20, 2e-20, 2e-20, -1
-0.0102039, -0.530742, 1.28935, 0.05, 0.0140657, 0.138787, 0.177504, 0.225759, 1002.06, 3301.55, 10, 2e-20, 3e-20, 2e-20, 2e-20, -1
-0.00352257, -0.453455, 1.44638, 0.05, -0.165875, -0.24613, 0.294964, 0.418447, 997.972, -3244.76, 10, 2e-20, 3e-20, 2e-20, 2e-20, -1
-0.0800566, -0.370424, 1.35394, 0.05, -0.074734, -0.0363125, 0.367238, 0.376521, 995.34, -7456.6, 10, 2e-20, 3e-20, 2e-20, 2e-20, -1
0.00151734, -0.429486, 1.38086, 0.05, -0.0106695, -0.390766, 0.224358, 0.45072, 1000.14, 217.666, 10, 2e-20, 3e-20, 2e-20, 2e-20, -1
-0.150409, -0.44763, 1.42063, 0.05, -0.155485, -0.0931024, 0.361876, 0.404719, 1002.47, 3950.66, 10, 2e-20, 3e-20, 2e-20, 2e-20, -1
-0.00460921, -0.41054, 1.36818, 0.05, 0.0340863, -0.0246058, 0.200649, 0.205006, 1000.88, 1410.29, 10, 2e-20, 3e-20, 2e-20, 2e-20, -1
-0.0262061, -0.487265, 1.41504, 0.05, -0.224444, -0.137661, 0.112477, 0.286316, 995.22, -7648.71, 10, 2e-20, 3e-20, 2e-20, 2e-20, -1
-0.0204128, -0.352955, 0.0486703, 0.05, 0.0431331, -0.00560149, 0.178886, 0.184098, 1005.92, 9465.86, 10, 2e-20, 3e-20, 2e-20, 2e-20, -1
0.00496408, -0.370348, 0.103293, 0.05, -0.0455542, 0.0700173, 0.252686, 0.266135, 1006.34, 10144.5, 10, 2e-20, 3e-20, 2e-20, 2e-20, -1
-0.00650228, -0.377969, 0.153698, 0.05, -0.0272287, -0.0678057, -0.0602133, 0.0946819, 1006.06, 9697.19, 10, 2e-20, 3e-20, 2e-20, 2e-20, -1
-0.000604786, -0.385963, 0.244806, 0.05, -0.0415089, -0.0318801, -0.0349353, 0.062927, 1008.17, 13067.5, 10, 2e-20, 3e-20, 2e-20, 2e-20, -1
0.00457339, -0.460806, 0.334415, 0.05, -0.140573, -0.177134, 0.0948099, 0.245206, 1001.1, 1757.42, 10, 2e-20, 3e-20, 2e-20, 2e-20, -1
0.0198174, -0.361218, 0.199793, 0.05, 0.0741338, -0.0837573, -0.198817, 0.228121, 1002.77, 4432.86, 10, 2e-20, 3e-20, 2e-20, 2e-20, -1
-0.0166203, -0.298665, 0.254506, 0.05, 0.138276, -0.120854, -0.113935, 0.216118, 1008.54, 13669.5, 10, 2e-20, 3e-20, 2e-20, 2e-20, -1
0.0115367, -0.340686, 0.269719, 0.05, 0.0209103, 0.116832, -0.0877883, 0.147627, 1009.8, 15675.8, 10, 2e-20, 3e-20, 2e-20, 2e-20, -1
0.00113529, -0.419117, 0.362325, 0.05, -0.172873, 0.190064, 0.135289, 0.290366, 1007.04, 11270.5, 10, 2e-20, 3e-20, 2e-20, 2e-20, -1
-0.0101723, -0.372338, 0.355861, 0.05, 0.0622533, 0.0897278, -0.0787456, 0.134638, 1011.22, 17952.8, 10, 2e-20, 3e-20, 2e-20, 2e-20, -1
0.0252991, -0.340944, 0.324657, 0.05, -0.120337, -0.00660991, 0.201835, 0.235079, 1010.02, 16032.8, 10, 2e-20, 3e-20, 2e-20, 2e-20, -1
0.0331029, -0.391641, 0.395098, 0.05, -0.0701337, 0.0910239, 0.0249452, 0.117585, 1005.25, 8402.2, 10, 2e-20, 3e-20, 2e-20, 2e-20, -1
-0.00466385, -0.356129, 0.407158, 0.05, 0.110048, -0.173759, 0.039103, 0.209361, 1003.01, 4809.5, 10, 2e-20, 3e-20, 2e-20, 2e-20, -1
0.00949915, -0.415341, 0.43132, 0.05, -0.128931, 0.170582, -0.103916, 0.237739, 1006.57, 10517.8, 10, 2e-20, 3e-20, 2e-20, 2e-20, -1
0.0290632, -0.346451, 0.444076, 0.05, 0.0600859, 0.0344625, -0.0439779, 0.082049, 1008.75, 13992.6, 10, 2e-20, 3e-20, 2e-20, 2e-20, -1
-0.0167518, -0.327362, 0.442827, 0.05, 0.10181, 0.0678862, 0.0352375, 0.12734, 1004.69, 7503.7, 10, 2e-20, 3e-20, 2e-20, 2e-20, -1
-0.0204732, -0.353436, 0.486849, 0.05, -0.0542065, -0.106255, 0.092346, 0.150852, 1002.84, 4543.06, 10, 2e-20, 3e-20, 2e-20, 2e-20, -1
0.00088399, -0.385357, 0.572412, 0.05, 0.105674, 0.0230101, 0.179738, 0.209767, 1000.63, 1013.74, 10, 2e-20, 3e-20, 2e-20, 2e-20, -1
0.0461785, -0.351362, 0.508063, 0.05, 0.149082, -0.102212, -0.0211111, 0.181985, 1001.3, 2086.15, 10, 2e-20, 3e-20, 2e-20, 2e-20, -1
0.0473942, -0.358811, 0.569067, 0.05, -0.0185641, -0.0783281, 0.130292, 0.153154, 1013.98, 22366.3, 10, 2e-20, 3e-20, 2e-20, 2e-20, -1
0.00138962, -0.443745, 0.76313, 0.05, -0.0306127, -0.058636, 0.0151029, 0.0678485, 1003.94, 6301.36, 10, 2e-20, 3e-20, 2e-20, 2e-20, -1
-0.0144036, -0.403655, 0.73549, 0.05, -0.0796687, -0.155232, 0.0263702, 0.176464, 1003.76, 6013.17, 10, 2e-20, 3e-20, 2e-20, 2e-20, -1
-0.0428614, -0.448786, 0.985379, 0.05, 0.00366827, 0.138493, 0.190553, 0.235594, 997.297, -4325.2, 10, 2e-20, 3e-20, 2e-20, 2e-20, -1
0.0198567, -0.356514, 0.744414, 0.05, -0.0335964, -0.0482929, 0.186799, 0.195844, 1002.32, 3713.2, 10, 2e-20, 3e-20, 2e-20, 2e-20, -1
-0.0547256, -0.432833, 0.84875, 0.05, 0.110752, 0.0514485, 0.225304, 0.256271, 998.22, -2847.89, 10, 2e-20, 3e-20, 2e-20, 2e-20, -1
0.0156767, -0.417401, 0.906471, 0.05, -0.0630015, -0.0106514, 0.162619, 0.174722, 1004.03, 6446.91, 10, 2e-20, 3e-20, 2e-20, 2e-20, -1
0.00610249, -0.369364, 0.866231, 0.05, 0.0612897, 0.0529342, 0.161963, 0.181082, 1007.59, 12147.1, 10, 2e-20, 3e-20, 2e-20, 2e-20, -1
0.0568443, -0.386155, 0.978926, 0.05, -0.00764843, 0.0430147, 0.0425514, 0.0609868, 1001.17, 1872.35, 10, 2e-20, 3e-20, 2e-20, 2e-20, -1
0.0659626, -0.434839, 1.02293, 0.05, -0.0543729, -0.0551217, 0.20844, 0.222356, 1001, 1603.41, 10, 2e-20, 3e-20, 2e-20, 2e-20, -1
-0.00943148, -0.44528, 1.08796, 0.05, 0.0810472, -0.0428204, 0.240748, 0.257608, 1000.69, 1105.85, 10, 2e-20, 3e-20, 2e-20, 2e-20, -1
0.0188241, -0.33859, 0.952229, 0.05, 0.0150802, 0.0162658, -0.0380422, 0.0440363, 999.734, -425.064, 10, 2e-20, 3e-20, 2e-20, 2e-20, -1
0.00694155, -0.383235, 0.980576, 0.05, -0.0411551, -0.0129746, 0.099508, 0.108462, 1005.51, 8817.08, 10, 2e-20, 3e-20, 2e-20, 2e-20, -1
0.0197842, -0.431949, 1.1599, 0.05, -0.0908708, -0.0173208, 0.192186, 0.213291, 1003.15, 5044.41, 10, 2e-20, 3e-20, 2e-20, 2e-20, -1
0.0145398, -0.448888, 1.13283, 0.05, -0.154063, 0.0138257, 0.0576248, 0.165067, 999.728, -434.872, 10, 2e-20, 3e-20, 2e-20, 2e-20, -1
0.019543, -0.43775, 1.19294, 0.05, -0.109304, -0.16209, 0.245535, 0.31386, 1001.7, 2717.55, 10, 2e-20, 3e-20, 2e-20, 2e-20, -1
-0.0101102, -0.401645, 1.08166, 0.05, -0.123782, 0.108652, 0.220109, 0.274909, 1000.7, 1116.23, 10, 2e-20, 3e-20, 2e-20, 2e-20, -1
0.0367636, -0.393339, 1.10475, 0.05, -0.14085, -0.0428057, 0.0684745, 0.162357, 1002.09, 3347.52, 10, 2e-20, 3e-20, 2e-20, 2e-20, -1
-0.00973397, -0.375459, 1.04414, 0.05, -0.18119, -0.136223, 0.224751, 0.319217, 1001.94, 3108.67, 10, 2e-20, 3e-20, 2e-20, 2e-20, -1
-0.0146693, -0.280146, 1.04942, 0.05, 0.227353, 0.0476803, 0.0877099, 0.248306, 993.578, -10274.6, 10, 2e-20, 3e-20, 2e-20, 2e-20, -1
-0.00300028, -0.205093, 1.02357, 0.05, 0.0103695, -0.11325, 0.0258646, 0.116628, 1004.4, 7042.02, 10, 2e-20, 3e-20, 2e-20, 2e-20, -1
-0.00195361, -0.162295, 0.994723, 0.05, 0.0379749, -0.0223918, 0.080499, 0.09178, 1003.3, 5281.3, 10, 2e-20, 3e-20, 2e-20, 2e-20, -1
0.035745, -0.13979, 1.0102, 0.05, 0.0474434, -0.127401, 0.00854095, 0.136216, 1000.23, 370.668, 10, 2e-20, 3e-20, 2e-20, 2e-20, -1
-0.03354, -0.252402, 1.11188, 0.05, 0.0027417, -0.0521227, 0.0971858, 0.110315, 1000.36, 578.671, 10, 2e-20, 3e-20, 2e-20, 2e-20, -1
0.0276163, -0.201946, 1.06258, 0.05, 0.0282414, -0.179082, 0.0769397, 0.196946, 1002.99, 4782.39, 10, 2e-20, 3e-20, 2e-20, 2e-20, -1
0.0142421, -0.251362, 1.1467, 0.05, -0.0886659, -0.0282452, 0.127244, 0.15764, 999.702, -477.025, 10, 2e-20, 3e-20, 2e-20, 2e-20, -1
-0.0248047, -0.467815, 1.37342, 0.05, -0.125224, -0.0919211, 0.364882, 0.396572, 998.676, -2118.26, 10, 2e-20, 3e-20, 2e-20, 2e-20, -1
0.0063818, -0.288439, 1.18282, 0.05, -0.000182925, -0.133969, 0.118441, 0.178818, 1000.16, 262.595, 10, 2e-20, 3e-20, 2e-20, 2e-20, -1
-0.0501134, -0.430991, 1.38177, 0.05, -0.135375, -0.257168, 0.167329, 0.335352, 997.187, -4500.08, 10, 2e-20, 3e-20, 2e-20, 2e-20, -1
0.0307492, -0.275516, 1.2257, 0.05, -0.111594, -0.147951, 0.0923227, 0.207042, 999.671, -525.953, 10, 2e-20, 3e-20, 2e-20, 2e-20, -1
-0.0162468, -0.356309, 1.34375, 0.05, -0.183266, 0.0674411, 0.282497, 0.343423, 1004.16, 6663.96, 10, 2e-20, 3e-20, 2e-20, 2e-20, -1
-0.00694645, -0.283532, 1.23715, 0.05, -0.0125536, -0.0741028, 0.225624, 0.237813, 1001.21, 1930.98, 10, 2e-20, 3e-20, 2e-20, 2e-20, -1
-0.050995, -0.24806, 0.0492376, 0.05, -0.101369, 0.0487616, 0.0475361, 0.122119, 1008.36, 13371.4, 10, 2e-20, 3e-20, 2e-20, 2e-20, -1
-0.0267606, -0.335315, 0.0960295, 0.05, 0.0960872, 0.205722, -0.267835, 0.351127, 1003.69, 5901.88, 10, 2e-20, 3e-20, 2e-20, 2e-20, -1
0.0362035, -0.346512, 0.146393, 0.05, -0.127278, 0.204626, -0.0152442, 0.241462, 1000.48, 773.814, 10, 2e-20, 3e-20, 2e-20, 2e-20, -1
0.0061715, -0.310028, 0.163995, 0.05, 0.227955, 0.0665555, -0.124681, 0.268214, 1006.28, 10045.7, 10, 2e-20, 3e-20, 2e-20, 2e-20, -1
-0.0302017, -0.349295, 0.204872, 0.05, -0.175458, 0.0493108, 0.00241915, 0.182271, 1008.91, 14257.6, 10, 2e-20, 3e-20, 2e-20, 2e-20, -1
0.00680277, -0.315396, 0.212451, 0.05, 0.0266185, -0.0245616, -0.0551054, 0.0659425, 1010.87, 17390.6, 10, 2e-20, 3e-20, 2e-20, 2e-20, -1
0.0119059, -0.26358, 0.217921, 0.05, -0.135364, -0.0253034, 0.139403, 0.195951, 1008.04, 12866.1, 10, 2e-20, 3e-20, 2e-20, 2e-20, -1
0.0425642, -0.214635, 0.23376, 0.05, 0.0237675, -0.249065, -0.0734968, 0.260768, 1008.25, 13197.1, 10, 2e-20, 3e-20, 2e-20, 2e-20, -1
0.00678135, -0.292002, 0.297027, 0.05, -0.0360028, -0.19892, -0.0197311, 0.203113, 1011.33, 18128.8, 10, 2e-20, 3e-20, 2e-20, 2e-20, -1
0.0103991, -0.24979, 0.25923, 0.05, 0.0118783, -0.239048, -0.197694, 0.310432, 1007.72, 12351.6, 10, 2e-20, 3e-20, 2e-20, 2e-20, -1
-0.00893486, -0.247857, 0.30496, 0.05, -0.0251939, -0.21209, 0.182842, 0.281155, 997.708, -3667.03, 10, 2e-20, 3e-20, 2e-20, 2e-20, -1
0.000142321, -0.218088, 0.280913, 0.05, -0.0134295, 0.0707052, 0.162373, 0.177608, 1000.19, 305.969, 10, 2e-20, 3e-20, 2e-20, 2e-20, -1
0.00392911, -0.322784, 0.367836, 0.05, -0.223685, 0.00620818, -0.107429, 0.248222, 1013.87, 22198.1, 10, 2e-20, 3e-20, 2e-20, 2e-20, -1
0.00542837, -0.274904, 0.344196, 0.05, -0.102728, -0.0766271, 0.141436, 0.190864, 1009, 14404.9, 10, 2e-20, 3e-20, 2e-20, 2e-20, -1
0.0417676, -0.287102, 0.380371, 0.05, -0.0310526, 0.0795952, 0.0914697, 0.125165, 1006.46, 10335.4, 10, 2e-20, 3e-20, 2e-20, 2e-20, -1
0.0315541, -0.192886, 0.310693, 0.05, 0.0292739, -0.0559059, 0.111121, 0.12779, 1007.31, 11703.7, 10, 2e-20, 3e-20, 2e-20, 2e-20, -1
-0.00849751, -0.289217, 0.398971, 0.05, -0.0852765, -0.0922147, -0.0243632, 0.127942, 1004.36, 6970.91, 10, 2e-20, 3e-20, 2e-20, 2e-20, -1
-0.00241289, -0.255668, 0.459879, 0.05, -0.0593565, -0.17841, 0.0267122, 0.189912, 1013.63, 21804.3, 10, 2e-20, 3e-20, 2e-20, 2e-20, -1
0.00839229, -0.305755, 0.486438, 0.05, -0.0381426, 0.0463736, -0.0582988, 0.0836906, 1008.22, 13157.7, 10, 2e-20, 3e-20, 2e-20, 2e-20, -1
0.00276096, -0.33885, 0.531446, 0.05, -0.069408, -0.134777, 0.094726, 0.17876, 1003.7, 5918.43, 10, 2e-20, 3e-20, 2e-20, 2e-20, -1
-0.0128562, -0.408106, 0.678314, 0.05, -0.133085, 0.00521083, 0.0581979, 0.145347, 1001.02, 1626.52, 10, 2e-20, 3e-20, 2e-20, 2e-20, -1
-0.00725445, -0.362207, 0.697282, 0.05, -0.102342, -0.0533789, -0.103398, 0.154966, 1006.61, 10571.8, 10, 2e-20, 3e-20, 2e-20, 2e-20, -1
0.0201494, -0.339099, 0.644605, 0.05, -0.0157398, -0.0275873, 0.099512, 0.104458, 1007.16, 11453.1, 10, 2e-20, 3e-20, 2e-20, 2e-20, -1
-0.0258335, -0.323169, 0.667964, 0.05, -0.00216031, -0.0926823, 0.169194, 0.192928, 999.245, -1207.54, 10, 2e-20, 3e-20, 2e-20, 2e-20, -1
-0.0139413, -0.31361, 0.722286, 0.05, 0.0290671, -0.0036788, -0.079712, 0.0849261, 1001.23, 1972.42, 10, 2e-20, 3e-20, 2e-20, 2e-20, -1
0.0188585, -0.411971, 0.804332, 0.05, 0.0264302, -0.00198065, 0.0474502, 0.0543507, 1003.58, 5728.67, 10, 2e-20, 3e-20, 2e-20, 2e-20, -1
0.0167878, -0.300617, 0.687379, 0.05, -0.069897, -0.0342584, 0.00767661, 0.0782186, 1006.05, 9681.07, 10, 2e-20, 3e-20, 2e-20, 2e-20, -1
0.00961234, -0.372792, 0.794648, 0.05, -0.0393242, 0.150495, 0.0656509, 0.168834, 1002.54, 4070.56, 10, 2e-20, 3e-20, 2e-20, 2e-20, -1
0.0541737, -0.347011, 0.873472, 0.05, -0.0980777, 0.0729399, 0.0185541, 0.123627, 1006.31, 10090.6, 10, 2e-20, 3e-20, 2e-20, 2e-20, -1
0.0227339, -0.328349, 0.898728, 0.05, 0.0490089, -0.0318969, 0.16177, 0.172014, 999.385, -984.279, 10, 2e-20, 3e-20, 2e-20, 2e-20, -1
-0.0442575, -0.21266, 0.77464, 0.05, -0.116004, -0.121723, 0.0958525, 0.193548, 1003.14, 5021.69, 10, 2e-20, 3e-20, 2e-20, 2e-20, -1
0.0895607, -0.280454, 0.870706, 0.05, -0.114936, -0.0361695, 0.0723571, 0.140549, 1004.56, 7303.03, 10, 2e-20, 3e-20, 2e-20, 2e-20, -1
0.0415686, -0.369581, 1.02271, 0.05, 0.0825552, 0.0679983, 0.0789796, 0.132955, 998.57, -2288.36, 10, 2e-20, 3e-20, 2e-20, 2e-20, -1
0.00618806, -0.337262, 0.990509, 0.05, -0.0608361, 0.0950421, 0.132632, 0.174141, 1005.2, 8315.05, 10, 2e-20, 3e-20, 2e-20, 2e-20, -1
0.0283988, -0.415101, 1.07433, 0.05, -0.0741348, -0.0949874, 0.266902, 0.29284, 1000.73, 1169.83, 10, 2e-20, 3e-20, 2e-20, 2e-20, -1
0.0395187, -0.289122, 0.863089, 0.05, 0.0237565, 0.0253951, 0.124363, 0.129133, 1001.27, 2024.05, 10, 2e-20, 3e-20, 2e-20, 2e-20, -1
0.0616897, -0.329065, 0.945584, 0.05, -0.00575969, 0.0146061, 0.183805, 0.184474, 998.146, -2966.23, 10, 2e-20, 3e-20, 2e-20, 2e-20, -1
0.00228478, -0.351081, 1.10649, 0.05, -0.119652, -0.0719346, 0.130836, 0.191335, 999.956, -70.3681, 10, 2e-20, 3e-20, 2e-20, 2e-20, -1
-0.00891444, -0.396881, 1.13636, 0.05, -0.0468182, 0.0747951, 0.123413, 0.151713, 996.594, -5449.26, 10, 2e-20, 3e-20, 2e-20, 2e-20, -1
-0.0186958, -0.32591, 1.0366, 0.05, -0.0259965, -0.163955, 0.0817048, 0.18502, 1005.68, 9095.47, 10, 2e-20, 3e-20, 2e-20, 2e-20, -1
-0.0106839, -0.279939, 0.991397, 0.05, -0.032214, -0.0753086, 0.0378898, 0.0902483, 1011.24, 17984.4, 10, 2e-20, 3e-20, 2e-20, 2e-20, -1
0.0569052, -0.167718, 0.929073, 0.05, -0.111373, -0.0974199, -0.0463255, 0.155051, 1006.44, 10303.7, 10, 2e-20, 3e-20, 2e-20, 2e-20, -1
-0.0215039, -0.069418, 1.05596, 0.05, -0.0693515, 0.035926, -0.058902, 0.0978251, 993.788, -9938.47, 10, 2e-20, 3e-20, 2e-20, 2e-20, -1
0.0578265, -0.146204, 1.05162, 0.05, -0.00218535, -0.111496, -0.0591423, 0.12623, 1000.67, 1068.86, 10, 2e-20, 3e-20, 2e-20, 2e-20, -1
0.0189251, -0.116875, 1.05983, 0.05, 0.10942, -0.0409453, 0.0297372, 0.120555, 1002.73, 4361.79, 10, 2e-20, 3e-20, 2e-20, 2e-20, -1
0.0404329, -0.201837, 1.11573, 0.05, -0.00849189, -0.0256855, 0.171411, 0.173533, 1001.73, 2770.01, 10, 2e-20, 3e-20, 2e-20, 2e-20, -1
0.0308257, -0.159793, 1.08486, 0.05, 0.0541303, -0.0631315, 0.0514211, 0.0977743, 998.419, -2529.94, 10, 2e-20, 3e-20, 2e-20, 2e-20, -1
0.00788312, -0.176878, 1.12637, 0.05, -0.0538019, -0.0558523, 0.14913, 0.168089, 999.909, -145.001, 10, 2e-20, 3e-20, 2e-20, 2e-20, -1
0.0143113, -0.233393, 1.19659, 0.05, -0.0431092, -0.0230062, 0.0998576, 0.111172, 998.809, -1905.41, 10, 2e-20, 3e-20, 2e-20, 2e-20, -1
0.0102791, -0.144697, 1.18925, 0.05, -0.115487, -0.0456434, -0.0139903, 0.124965, 1002.89, 4630.51, 10, 2e-20, 3e-20, 2e-20, 2e-20, -1
0.0241671, -0.232329, 1.25433, 0.05, -0.118, 0.0180174, 0.074117, 0.140506, 998.861, -1822.04, 10, 2e-20, 3e-20, 2e-20, 2e-20, -1
-0.097309, -0.208128, 0.0536704, 0.05, -0.257684, -0.144448, -0.0111458, 0.295618, 1014.95, 23917, 10, 2e-20, 3e-20, 2e-20, 2e-20, -1
-0.071558, -0.298444, 0.0545608, 0.05, -0.124566, -0.173282, -0.00143112, 0.213414, 1008.05, 12883.4, 10, 2e-20, 3e-20, 2e-20, 2e-20, -1
0.036671, -0.267893, 0.0960445, 0.05, 0.171468, -0.239799, -0.169234, 0.33992, 1003.27, 5231.59, 10, 2e-20, 3e-20, 2e-20, 2e-20, -1
0.0393367, -0.229197, 0.130536, 0.05, 0.177975, -0.00913259, 0.0890882, 0.199237, 1009.76, 15614.6, 10, 2e-20, 3e-20, 2e-20, 2e-20, -1
0.00269165, -0.266943, 0.122948, 0.05, -0.176152, 0.0906083, -0.00663383, 0.1982, 1008.62, 13796.7, 10, 2e-20, 3e-20, 2e-20, 2e-20, -1
0.0209034, -0.270734, 0.174834, 0.05, -0.158583, 0.144926, 0.364484, 0.423084, 1006.03, 9645.52, 10, 2e-20, 3e-20, 2e-20, 2e-20, -1
0.0314187, -0.150637, 0.178276, 0.05, -0.0323007, 0.232336, -0.172072, 0.290916, 1006.88, 11014.8, 10, 2e-20, 3e-20, 2e-20, 2e-20, -1
-0.00275735, -0.102848, 0.167996, 0.05, 0.0922261, -0.185426, -0.0478373, 0.212548, 1002.97, 4757.72, 10, 2e-20, 3e-20, 2e-20, 2e-20, -1
0.0302724, -0.0688098, 0.176642, 0.05, -0.18841, 0.212329, -0.146793, 0.319578, 1002.52, 4036.32, 10, 2e-20, 3e-20, 2e-20, 2e-20, -1
0.0249892, -0.104815, 0.207955, 0.05, -0.114494, -0.00435969, -0.305965, 0.326715, 1003.99, 6384.06, 10, 2e-20, 3e-20, 2e-20, 2e-20, -1
0.0458676, -0.160154, 0.230582, 0.05, 0.101988, -0.0192912, 0.104496, 0.147286, 1014.46, 23134, 10, 2e-20, 3e-20, 2e-20, 2e-20, -1
0.0193016, -0.1707, 0.274367, 0.05, 0.0264678, 0.194865, 0.0217452, 0.197853, 1004.29, 6866.96, 10, 2e-20, 3e-20, 2e-20, 2e-20, -1
-0.0140767, -0.141698, 0.297257, 0.05, 0.0322028, 0.135038, -0.243372, 0.280182, 1006.83, 10931.7, 10, 2e-20, 3e-20, 2e-20, 2e-20, -1
0.00920513, -0.215358, 0.351389, 0.05, -0.0499527, 0.00787121, -0.0153304, 0.0528417, 1012.66, 20253.2, 10, 2e-20, 3e-20, 2e-20, 2e-20, -1
0.0019077, -0.151014, 0.407131, 0.05, 0.123923, -0.0843016, 0.11168, 0.186912, 1005.39, 8618.81, 10, 2e-20, 3e-20, 2e-20, 2e-20, -1
0.0114503, -0.201745, 0.405272, 0.05, -0.0235394, 0.162, -0.0907803, 0.187188, 1006.15, 9832.09, 10, 2e-20, 3e-20, 2e-20, 2e-20, -1
-0.00440554, -0.203864, 0.457772, 0.05, -0.110657, 0.0322054, 0.0312766, 0.119417, 1009.69, 15503.7, 10, 2e-20, 3e-20, 2e-20, 2e-20, -1
0.0352717, -0.230126, 0.480639, 0.05, -0.0578897, -0.0369834, -0.0429646, 0.0810244, 1002.98, 4768.25, 10, 2e-20, 3e-20, 2e-20, 2e-20, -1
-0.0279071, -0.268518, 0.503642, 0.05, -0.0682206, -0.0226831, 0.0559719, 0.0911122, 1007.06, 11302.8, 10, 2e-20, 3e-20, 2e-20, 2e-20, -1
-0.00280038, -0.226651, 0.52432, 0.05, 0.0106376, -0.0530004, 0.0321204, 0.0628803, 1002.59, 4148.92, 10, 2e-20, 3e-20, 2e-20, 2e-20, -1
0.0119533, -0.332645, 0.593615, 0.05, 0.0300172, -0.100002, 0.0971515, 0.142618, 1002.93, 4692.26, 10, 2e-20, 3e-20, 2e-20, 2e-20, -1
-0.00278482, -0.292289, 0.546621, 0.05, -0.121842, 0.0426836, -0.0374052, 0.134411, 1008.72, 13945, 10, 2e-20, 3e-20, 2e-20, 2e-20, -1
-0.0187237, -0.283289, 0.588675, 0.05, -0.0327114, -0.00131487, -0.00202638, 0.0328005, 1004.09, 6548.45, 10, 2e-20, 3e-20, 2e-20, 2e-20, -1
0.0351045, -0.279172, 0.608038, 0.05, 0.026075, 0.0653327, 0.0301598, 0.0765368, 1005.17, 8271, 10, 2e-20, 3e-20, 2e-20, 2e-20, -1
-0.0184195, -0.237188, 0.627027, 0.05, -0.0626152, 0.00909115, 0.0870382, 0.107606, 1009.61, 15384, 10, 2e-20, 3e-20, 2e-20, 2e-20, -1
-0.00710731, -0.287554, 0.639365, 0.05, 0.115939, -0.0326471, -0.00986804, 0.120851, 1003.59, 5736.03, 10, 2e-20, 3e-20, 2e-20, 2e-20, -1
-0.00351846, -0.286051, 0.779972, 0.05, 0.123022, -0.0297255, 0.0773728, 0.148339, 1003.26, 5220.51, 10, 2e-20, 3e-20, 2e-20, 2e-20, -1
-0.0351445, -0.213673, 0.725418, 0.05, -0.000225524, -0.00234685, 0.0606582, 0.060704, 1004.95, 7924.14, 10, 2e-20, 3e-20, 2e-20, 2e-20, -1
0.0303704, -0.32683, 0.828482, 0.05, 0.0842962, -0.013227, 0.038861, 0.0937603, 1000.6, 954.476, 10, 2e-20, 3e-20, 2e-20, 2e-20, -1
0.00849557, -0.265632, 0.824838, 0.05, -0.0217704, -0.127182, 0.0740811, 0.148786, 999.193, -1290.79, 10, 2e-20, 3e-20, 2e-20, 2e-20, -1
0.0767922, -0.257879, 0.807648, 0.05, -0.02321, -0.0808625, 0.000332978, 0.0841282, 1002.46, 3938.55, 10, 2e-20, 3e-20, 2e-20, 2e-20, -1
0.00172531, -0.219388, 0.786174, 0.05, -0.115131, -0.0749225, -0.0067331, 0.137528, 1001.79, 2866.84, 10, 2e-20, 3e-20, 2e-20, 2e-20, -1
0.0375128, -0.229507, 0.815683, 0.05, -0.0168475, 0.0128178, -0.11074, 0.112745, 1000.69, 1111.05, 10, 2e-20, 3e-20, 2e-20, 2e-20, -1
0.0492948, -0.186863, 0.790565, 0.05, 0.108499, -0.0714097, 0.0122998, 0.130471, 1004.89, 7829.36, 10, 2e-20, 3e-20, 2e-20, 2e-20, -1
0.00506294, -0.208803, 0.857495, 0.05, -0.0856974, -0.00339845, 0.151729, 0.174291, 1006.47, 10354.2, 10, 2e-20, 3e-20, 2e-20, 2e-20, -1
-0.0269275, -0.261791, 0.858848, 0.05, -0.0974885, 0.0751336, 0.00480674, 0.123175, 999.789, -338.15, 10, 2e-20, 3e-20, 2e-20, 2e-20, -1
-0.00164711, -0.28172, 0.897897, 0.05, 0.161181, -0.0175219, 0.145199, 0.217644, 999.397, -964.982, 10, 2e-20, 3e-20, 2e-20, 2e-20, -1
-0.0478113, -0.264823, 0.909104, 0.05, -0.139659, -0.0820985, 0.0102574, 0.162327, 1004.18, 6687.21, 10, 2e-20, 3e-20, 2e-20, 2e-20, -1
-0.012881, -0.305843, 0.944646, 0.05, -0.14868, 0.05823, 0.148809, 0.218268, 1003.4, 5445.21, 10, 2e-20, 3e-20, 2e-20, 2e-20, -1
0.00880686, -0.27206, 0.937456, 0.05, -0.111291, 0.0163626, 0.173994, 0.207189, 1002.36, 3771.43, 10, 2e-20, 3e-20, 2e-20, 2e-20, -1
0.012287, -0.16149, 0.942031, 0.05, -0.0891594, -0.136312, -0.0366397, 0.166951, 1001.29, 2067.95, 10, 2e-20, 3e-20, 2e-20, 2e-20, -1
0.0469209, -0.0602986, 0.890593, 0.05, -0.034381, -0.100153, -0.182625, 0.211103, 1001.5, 2392.94, 10, 2e-20, 3e-20, 2e-20, 2e-20, -1
-0.0462411, -0.0681266, 0.978297, 0.05, -0.0201609, -0.100816, -0.108518, 0.149487, 1007.22, 11559.9, 10, 2e-20, 3e-20, 2e-20, 2e-20, -1
-0.0102245, -0.154823, 1.29592, 0.05, 0.0167837, -0.0330654, 0.0112741, 0.0387571, 1001.47, 2359.45, 10, 2e-20, 3e-20, 2e-20, 2e-20, -1
-0.0301367, -0.118888, 1.05033, 0.05, -0.244951, -0.012383, 0.000918198, 0.245266, 1004.74, 7585.08, 10, 2e-20, 3e-20, 2e-20, 2e-20, -1
0.0102369, -0.121474, 1.12763, 0.05, -0.00628576, -0.0051014, 0.00423302, 0.00913529, 1003.33, 5328.07, 10, 2e-20, 3e-20, 2e-20, 2e-20, -1
-0.014736, -0.16876, 1.22827, 0.05, -0.147073, -0.0659104, 0.0652012, 0.173856, 997.034, -4745.1, 10, 2e-20, 3e-20, 2e-20, 2e-20, -1
0.0321801, -0.139816, 1.12679, 0.05, 0.0361471, -0.0551535, 0.207595, 0.217817, 1001.83, 2923.4, 10, 2e-20, 3e-20, 2e-20, 2e-20, -1
-0.0157175, -0.269991, 1.29971, 0.05, -0.214225, -0.219793, 0.169236, 0.350489, 1004.4, 7037.98, 10, 2e-20, 3e-20, 2e-20, 2e-20, -1
-0.0184572, -0.253197, 1.33894, 0.05, -0.129907, -0.103466, 0.256748, 0.305778, 1004.49, 7191.04, 10, 2e-20, 3e-20, 2e-20, 2e-20, -1
-0.0539233, -0.311498, 1.48519, 0.05, 0.111424, -0.139277, 0.211426, 0.276612, 999.011, -1582.65, 10, 2e-20, 3e-20, 2e-20, 2e-20, -1
0.00428256, -0.146934, 0.0504919, 0.05, -0.206735, -0.3757, -0.163875, 0.459069, 1004.5, 7193.91, 10, 2e-20, 3e-20, 2e-20, 2e-20, -1
0.0201613, -0.202372, 0.0925416, 0.05, -0.022071, -0.123549, -0.127677, 0.179034, 1002.15, 3437.69, 10, 2e-20, 3e-20, 2e-20, 2e-20, -1
-0.0200781, -0.174234, 0.0924297, 0.05, -0.150633, 0.121123, -0.065294, 0.204021, 1001.21, 1939.3, 10, 2e-20, 3e-20, 2e-20, 2e-20, -1
-0.0117509, -0.126694, 0.0929248, 0.05, 0.255671, 0.275894, -0.294724, 0.477857, 1003.55, 5676.8, 10, 2e-20, 3e-20, 2e-20, 2e-20, -1
0.0159284, -0.158886, 0.12186, 0.05, -0.0744526, -0.20986, -0.0560933, 0.229632, 1006.33, 10128.8, 10, 2e-20, 3e-20, 2e-20, 2e-20, -1
0.00448846, -0.184617, 0.154625, 0.05, -0.339981, -0.41539, 0.060562, 0.540188, 1004.22, 6756.29, 10, 2e-20, 3e-20, 2e-20, 2e-20, -1
0.0045793, -0.222476, 0.189645, 0.05, 0.155398, 0.19288, 0.128357, 0.278975, 1014.16, 22655.3, 10, 2e-20, 3e-20, 2e-20, 2e-20, -1
0.0143146, -0.0294234, 0.194716, 0.05, 0.00504551, -0.135899, -0.0376143, 0.141098, 1013.71, 21931.5, 10, 2e-20, 3e-20, 2e-20, 2e-20, -1
-0.0171494, -0.0687023, 0.209923, 0.05, 0.23167, -0.0502799, -0.0756133, 0.24883, 1004.48, 7161.45, 10, 2e-20, 3e-20, 2e-20, 2e-20, -1
0.00783147, -0.0515142, 0.247368, 0.05, 0.0159862, 0.102385, 0.0134021, 0.104488, 1005.86, 9383.59, 10, 2e-20, 3e-20, 2e-20, 2e-20, -1
0.00668608, -0.116864, 0.257063, 0.05, -0.0229572, 0.0910521, 0.211273, 0.231201, 1007.09, 11336.1, 10, 2e-20, 3e-20, 2e-20, 2e-20, -1
0.0144306, -0.112901, 0.323637, 0.05, -0.0546698, 0.119798, -0.0940917, 0.161845, 1010.82, 17314.3, 10, 2e-20, 3e-20, 2e-20, 2e-20, -1
-0.0449324, -0.133616, 0.342017, 0.05, -0.0893032, 0.158955, 0.0591083, 0.191665, 1005.66, 9054.39, 10, 2e-20, 3e-20, 2e-20, 2e-20, -1
-0.00767849, -0.115257, 0.370203, 0.05, -0.01028, 0.0444048, 0.0391064, 0.0600564, 1004.11, 6569.51, 10, 2e-20, 3e-20, 2e-20, 2e-20, -1
0.00048956, -0.0968687, 0.416128, 0.05, 0.0789843, 0.00798731, 0.0504705, 0.0940723, 999.293, -1131.21, 10, 2e-20, 3e-20, 2e-20, 2e-20, -1
-0.00301654, -0.0642196, 0.37402, 0.05, -0.0715284, -0.00630517, 0.00578171, 0.0720382, 1003.73, 5968.89, 10, 2e-20, 3e-20, 2e-20, 2e-20, -1
0.0496404, -0.0769109, 0.434043, 0.05, -0.0747402, -0.0275986, -0.0223667, 0.082753, 1006.92, 11078.9, 10, 2e-20, 3e-20, 2e-20, 2e-20, -1
-0.00171845, -0.146953, 0.459956, 0.05, 0.0737291, -0.0493025, -0.0575103, 0.105708, 1001, 1603.77, 10, 2e-20, 3e-20, 2e-20, 2e-20, -1
0.00152241, -0.0920978, 0.45982, 0.05, 0.0834822, -0.00489869, 0.0474105, 0.0961303, 1009.15, 14644.7, 10, 2e-20, 3e-20, 2e-20, 2e-20, -1
0.0339799, -0.176081, 0.483538, 0.05, -0.076966, 0.0045088, 0.201672, 0.215906, 1004.96, 7929.37, 10, 2e-20, 3e-20, 2e-20, 2e-20, -1
-0.0230081, -0.228987, 0.57197, 0.05, 0.0264119, -0.12632, 0.0460998, 0.137039, 1006.03, 9642.03, 10, 2e-20, 3e-20, 2e-20, 2e-20, -1
0.0204005, -0.250289, 0.566441, 0.05, 0.0415801, 0.00883703, -0.00529651, 0.0428375, 1003.76, 6015.16, 10, 2e-20, 3e-20, 2e-20, 2e-20, -1
-0.0170448, -0.172189, 0.568276, 0.05, 0.0141726, 0.0297536, -0.00272532, 0.0330691, 1003.27, 5227.7, 10, 2e-20, 3e-20, 2e-20, 2e-20, -1
0.0320396, -0.103437, 0.56619, 0.05, -0.0321313, -0.115716, -0.0546312, 0.131936, 1004.67, 7477.88, 10, 2e-20, 3e-20, 2e-20, 2e-20, -1
-0.0269216, -0.178583, 0.638452, 0.05, 0.124379, -0.0309657, -0.0144078, 0.128983, 999.862, -220.281, 10, 2e-20, 3e-20, 2e-20, 2e-20, -1
-0.0172245, -0.144192, 0.606277, 0.05, 0.0731916, -0.233838, -0.0237362, 0.246172, 997.928, -3314.66, 10, 2e-20, 3e-20, 2e-20, 2e-20, -1
-0.00677848, -0.263305, 0.714398, 0.05, 0.0690272, -0.11071, -0.037275, 0.135687, 1003.4, 5436.26, 10, 2e-20, 3e-20, 2e-20, 2e-20, -1
-0.0355596, -0.254719, 0.675801, 0.05, -0.0229753, -0.0492025, 0.0359295, 0.0651128, 1001.53, 2448.48, 10, 2e-20, 3e-20, 2e-20, 2e-20, -1
-0.00594563, -0.210746, 0.689697, 0.05, -0.0608466, -0.0254195, 0.0825855, 0.105683, 1001.61, 2568.25, 10, 2e-20, 3e-20, 2e-20, 2e-20, -1
0.0197658, -0.173564, 0.696033, 0.05, 0.00259092, -0.101034, -0.0578454, 0.116451, 1008.38, 13405.9, 10, 2e-20, 3e-20, 2e-20, 2e-20, -1
-0.0378676, -0.252974, 0.758754, 0.05, 0.0140936, 0.0199295, 0.125053, 0.127413, 1004.87, 7794.29, 10, 2e-20, 3e-20, 2e-20, 2e-20, -1
-0.0161001, -0.17247, 0.775486, 0.05, -0.115081, -0.206557, -0.00908637, 0.236626, 1001.07, 1717.51, 10, 2e-20, 3e-20, 2e-20, 2e-20, -1
0.0681649, -0.176365, 0.737042, 0.05, -0.0625689, -0.211447, 0.151024, 0.267269, 1002.29, 3659.82, 10, 2e-20, 3e-20, 2e-20, 2e-20, -1
-0.0254959, -0.121935, 0.787838, 0.05, -0.215773, -0.144907, -0.00212776, 0.259924, 1006.97, 11144.5, 10, 2e-20, 3e-20, 2e-20, 2e-20, -1
0.0338099, -0.140811, 0.726269, 0.05, -0.0171149, -0.106622, -0.120831, 0.162053, 1007.13, 11408.4, 10, 2e-20, 3e-20, 2e-20, 2e-20, -1
0.0350199, -0.24449, 0.86896, 0.05, 0.0668177, -0.128748, 0.101841, 0.177235, 1002.45, 3925.32, 10, 2e-20, 3e-20, 2e-20, 2e-20, -1
0.078312, -0.122358, 0.777136, 0.05, 0.113864, -0.16151, 0.0865354, 0.215729, 1003.55, 5682.31, 10, 2e-20, 3e-20, 2e-20, 2e-20, -1
-0.0344007, -0.148566, 0.722448, 0.05, -0.0241877, -0.129913, -0.0625261, 0.146191, 1007.57, 12109.6, 10, 2e-20, 3e-20, 2e-20, 2e-20, -1
0.0330092, -0.191208, 0.896014, 0.05, -0.157817, -0.161532, 0.0684642, 0.235979, 1007.55, 12081, 10, 2e-20, 3e-20, 2e-20, 2e-20, -1
0.0321348, -0.111651, 0.81025, 0.05, 0.183289, -0.0590388, 0.14552, 0.241364, 1003.21, 5142.13, 10, 2e-20, 3e-20, 2e-20, 2e-20, -1
0.00504812, -0.213828, 0.94688, 0.05, 0.0338155, -0.117486, -0.165843, 0.206035, 1002.56, 4101.13, 10, 2e-20, 3e-20, 2e-20, 2e-20, -1
0.00160043, -0.147517, 0.865138, 0.05, 0.0460651, -0.193575, 0.0285667, 0.201021, 1007.96, 12736.3, 10, 2e-20, 3e-20, 2e-20, 2e-20, -1
-0.0172478, -0.206156, 1.40627, 0.05, -0.0775189, 0.202667, 0.0933867, 0.236229, 997.832, -3469.05, 10, 2e-20, 3e-20, 2e-20, 2e-20, -1
-0.0307778, -0.0981434, 1.18034, 0.05, -0.0100618, -0.00404893, 0.0374642, 0.0390025, 999.313, -1099.82, 10, 2e-20, 3e-20, 2e-20, 2e-20, -1
-0.0157487, -0.124859, 1.24283, 0.05, -0.153563, 0.0569497, 0.0342261, 0.167321, 1000.03, 44.2652, 10, 2e-20, 3e-20, 2e-20, 2e-20, -1
-0.0198141, -0.0414785, 1.20926, 0.05, 0.173417, 0.0178793, 0.0452942, 0.180124, 1003.71, 5931.53, 10, 2e-20, 3e-20, 2e-20, 2e-20, -1
-0.0338124, -0.176799, 1.32189, 0.05, -0.0465611, -0.0569017, 0.161325, 0.177289, 999.942, -92.7711, 10, 2e-20, 3e-20, 2e-20, 2e-20, -1
0.0238402, -0.169994, 1.31181, 0.05, -0.110474, 0.0148685, -0.0454298, 0.120372, 999.798, -323.167, 10, 2e-20, 3e-20, 2e-20, 2e-20, -1
-0.0084467, -0.209203, 1.29833, 0.05, -0.0453907, 0.0249043, 0.0254403, 0.0576866, 1000.6, 956.913, 10, 2e-20, 3e-20, 2e-20, 2e-20, -1
0.00117313, -0.207599, 1.35096, 0.05, -0.0186963, -0.0914056, 0.167353, 0.191603, 996.218, -6051.39, 10, 2e-20, 3e-20, 2e-20, 2e-20, -1
-0.0348368, -0.256639, 1.47328, 0.05, -0.0895529, -0.0926843, 0.27537, 0.304037, 992.709, -11665.9, 10, 2e-20, 3e-20, 2e-20, 2e-20, -1
-0.0128485, -0.00546345, 0.0449578, 0.05, -0.10594, -0.0287557, -0.0170283, 0.111086, 1011.66, 18659.4, 10, 2e-20, 3e-20, 2e-20, 2e-20, -1
-0.00239397, -0.0955057, 0.0508679, 0.05, 0.144823, -0.177251, 0.131858, 0.264155, 1018.05, 28886, 10, 2e-20, 3e-20, 2e-20, 2e-20, -1
0.0026935, -0.0166714, 0.0948055, 0.05, 0.0849636, -0.0655898, 0.0108861, 0.107886, 1001.49, 2379.3, 10, 2e-20, 3e-20, 2e-20, 2e-20, -1
0.0170312, 0.0396374, 0.100524, 0.05, -0.283663, -0.0323584, -0.0525528, 0.290299, 1012.07, 19313.1, 10, 2e-20, 3e-20, 2e-20, 2e-20, -1
0.00111222, -0.0833458, 0.12404, 0.05, -0.111981, -0.340963, 0.0101811, 0.359025, 1006.43, 10288, 10, 2e-20, 3e-20, 2e-20, 2e-20, -1
0.0237727, -0.0348359, 0.14072, 0.05, -0.242335, -0.0627987, 0.164459, 0.299527, 1008.76, 14014.5, 10, 2e-20, 3e-20, 2e-20, 2e-20, -1
-0.0199452, -0.0522531, 0.154334, 0.05, 0.0914802, -0.146621, -0.151345, 0.229721, 1016.89, 27027.6, 10, 2e-20, 3e-20, 2e-20, 2e-20, -1
0.049133, 0.000942877, 0.203883, 0.05, -0.0556568, -0.177034, 0.131768, 0.2276, 1006.49, 10389.1, 10, 2e-20, 3e-20, 2e-20, 2e-20, -1
0.0179283, 0.0761999, 0.238759, 0.05, -0.189711, 0.088021, 0.126893, 0.244622, 1006.38, 10215.3, 10, 2e-20, 3e-20, 2e-20, 2e-20, -1
0.000418643, -0.0131139, 0.282441, 0.05, -0.17201, 0.0342663, -0.207959, 0.272045, 1008.51, 13623.6, 10, 2e-20, 3e-20, 2e-20, 2e-20, -1
0.00845541, 0.01718, 0.242184, 0.05, -0.104393, -0.106422, 0.177346, 0.231679, 1001.16, 1855.68, 10, 2e-20, 3e-20, 2e-20, 2e-20, -1
0.00734568, -0.0737038, 0.294439, 0.05, -0.0684817, 0.0589909, 0.0323079, 0.0959869, 1007.34, 11747.6, 10, 2e-20, 3e-20, 2e-20, 2e-20, -1
-0.031787, -0.0883416, 0.322548, 0.05, -0.029624, -0.0143099, -0.00305226, 0.0330405, 1009.84, 15746.5, 10, 2e-20, 3e-20, 2e-20, 2e-20, -1
-0.0335297, 0.00391854, 0.31423, 0.05, 0.0240232, -0.169336, -0.200047, 0.263193, 1004.32, 6918.89, 10, 2e-20, 3e-20, 2e-20, 2e-20, -1
0.0375744, -0.0701316, 0.347649, 0.05, 0.0538407, -0.0325835, 0.0114777, 0.0639706, 1003.89, 6227.36, 10, 2e-20, 3e-20, 2e-20, 2e-20, -1
0.00516881, -0.0376325, 0.335249, 0.05, -0.103461, -0.0805913, -0.0248262, 0.133475, 1007.05, 11277.1, 10, 2e-20, 3e-20, 2e-20, 2e-20, -1
0.037096, -0.000317526, 0.381065, 0.05, -0.195466, 0.00379269, -0.0432945, 0.200239, 1008.65, 13840.8, 10, 2e-20, 3e-20, 2e-20, 2e-20, -1
0.0127339, -0.0326575, 0.415424, 0.05, -0.0112608, -0.103954, -0.0569209, 0.119051, 1005.65, 9036.96, 10, 2e-20, 3e-20, 2e-20, 2e-20, -1
0.0333154, 0.0286597, 0.432682, 0.05, 0.0520111, 0.0220898, -0.0633351, 0.084879, 1001.64, 2631.8, 10, 2e-20, 3e-20, 2e-20, 2e-20, -1
-0.0274244, -0.0488242, 0.462186, 0.05, 0.0778175, -0.044669, 0.0192107, 0.0917602, 1000.02, 35.2712, 10, 2e-20, 3e-20, 2e-20, 2e-20, -1
-0.00331175, -0.000713806, 0.453951, 0.05, -0.146467, -0.122084, -0.0968614, 0.213867, 1007.41, 11863.2, 10, 2e-20, 3e-20, 2e-20, 2e-20, -1
0.00594693, -0.124058, 0.501827, 0.05, -0.0404936, -0.108373, 0.0238237, 0.118119, 1001.73, 2770.41, 10, 2e-20, 3e-20, 2e-20, 2e-20, -1
0.0292284, -0.0428372, 0.464188, 0.05, -0.00685097, -0.10101, -0.0304822, 0.105731, 998.794, -1929.03, 10, 2e-20, 3e-20, 2e-20, 2e-20, -1
0.0472133, -0.1386, 0.527991, 0.05, -0.0618615, -0.175452, 0.0397252, 0.190232, 1008.24, 13177.8, 10, 2e-20, 3e-20, 2e-20, 2e-20, -1
0.0277055, -0.0637608, 0.536423, 0.05, -0.0444514, -0.109807, 0.127058, 0.173716, 1012.81, 20497.8, 10, 2e-20, 3e-20, 2e-20, 2e-20, -1
0.000799131, 0.0892007, 0.516391, 0.05, -0.198156, 0.101639, -0.119368, 0.252676, 1002.61, 4179.32, 10, 2e-20, 3e-20, 2e-20, 2e-20, -1
0.00874276, 0.0323947, 0.517148, 0.05, 0.0675953, -0.0916293, -0.0684787, 0.13287, 999.645, -567.52, 10, 2e-20, 3e-20, 2e-20, 2e-20, -1
-0.0781563, 0.047696, 0.531872, 0.05, -0.384132, 0.115218, -0.178879, 0.439125, 1007.22, 11557.4, 10, 2e-20, 3e-20, 2e-20, 2e-20, -1
0.0464407, 0.011168, 0.543239, 0.05, -0.0146737, 0.10495, -0.00853123, 0.106313, 1006.44, 10299.4, 10, 2e-20, 3e-20, 2e-20, 2e-20, -1
-0.0200807, -0.0814732, 0.572899, 0.05, -0.0451022, -0.0765292, -0.121256, 0.150313, 1009.7, 15517.3, 10, 2e-20, 3e-20, 2e-20, 2e-20, -1
0.0136483, -0.197948, 0.738889, 0.05, 0.0592329, -0.0949575, 0.0192311, 0.113557, 1011.59, 18543.3, 10, 2e-20, 3e-20, 2e-20, 2e-20, -1
0.0374874, -0.130566, 0.666967, 0.05, -0.0653437, -0.155126, 0.0463744, 0.174598, 1014.16, 22649.2, 10, 2e-20, 3e-20, 2e-20, 2e-20, -1
-0.0746142, -0.173011, 0.67143, 0.05, -0.0740883, -0.0349224, 0.033099, 0.0883414, 1007.35, 11759.4, 10, 2e-20, 3e-20, 2e-20, 2e-20, -1
0.0874364, -0.127768, 0.727288, 0.05, 0.0303823, -0.0462166, -0.0143327, 0.0571357, 1002.86, 4572.82, 10, 2e-20, 3e-20, 2e-20, 2e-20, -1
-0.0335632, 0.0811944, 0.569367, 0.05, -0.00649067, 0.0967615, 0.0593938, 0.113721, 1010.79, 17264, 10, 2e-20, 3e-20, 2e-20, 2e-20, -1
-0.127028, -0.023469, 0.65366, 0.05, 0.0769765, 0.0937465, -0.133731, 0.180548, 1009.19, 14704.7, 10, 2e-20, 3e-20, 2e-20, 2e-20, -1
-0.10503, -0.151798, 0.717587, 0.05, -0.0357847, -0.0637666, -0.00308165, 0.0731862, 1004.84, 7739.07, 10, 2e-20, 3e-20, 2e-20, 2e-20, -1
-0.0540422, 0.163266, 0.683012, 0.05, -0.0338676, -0.104018, 0.0241204, 0.112021, 1011.43, 18285.7, 10, 2e-20, 3e-20, 2e-20, 2e-20, -1
-0.045339, 0.0187463, 0.575599, 0.05, -0.0174423, -0.17791, 0.0936818, 0.201823, 1004.91, 7860.77, 10, 2e-20, 3e-20, 2e-20, 2e-20, -1
-0.144825, -0.0402596, 0.707302, 0.05, -0.23074, -0.014292, 0.362225, 0.429712, 1004.28, 6840.65, 10, 2e-20, 3e-20, 2e-20, 2e-20, -1
-0.0379386, 0.150729, 0.813991, 0.05, 0.223933, -0.00132929, 0.126866, 0.257377, 1005.42, 8679.3, 10, 2e-20, 3e-20, 2e-20, 2e-20, -1
-0.00825783, -0.0247364, 0.564887, 0.05, -0.225014, 0.0118315, -0.175549, 0.285637, 1024.55, 39286.3, 10, 2e-20, 3e-20, 2e-20, 2e-20, -1
-0.00415558, -0.120932, 0.908976, 0.05, 0.0467606, -0.113556, -0.0236158, 0.125057, 1002.26, 3608.42, 10, 2e-20, 3e-20, 2e-20, 2e-20, -1
0.133423, -0.115481, 0.792987, 0.05, -0.109082, -0.00810397, 0.0692269, 0.129448, 1017.85, 28567.9, 10, 2e-20, 3e-20, 2e-20, 2e-20, -1
0.0103083, -0.116926, 0.958499, 0.05, -0.0824952, -0.0842017, -0.0192372, 0.119438, 997.151, -4558.94, 10, 2e-20, 3e-20, 2e-20, 2e-20, -1
0.0405931, -0.115606, 0.884648, 0.05, 0.0818763, 0.0550906, -0.0293464, 0.102956, 1001.34, 2151.09, 10, 2e-20, 3e-20, 2e-20, 2e-20, -1
0.000492018, -0.0707379, 0.879523, 0.05, -0.0302448, -0.0080599, -0.015387, 0.0348779, 1003.53, 5640.97, 10, 2e-20, 3e-20, 2e-20, 2e-20, -1
0.0977989, -0.10318, 0.890835, 0.05, -0.0447714, -0.0488216, -0.0794289, 0.103426, 1001.45, 2327.45, 10, 2e-20, 3e-20, 2e-20, 2e-20, -1
0.0110884, -0.0969306, 1.17055, 0.05, -0.0639904, -0.0107174, -0.0256419, 0.0697649, 999.607, -628.848, 10, 2e-20, 3e-20, 2e-20, 2e-20, -1
-0.0466857, -0.0908356, 0.898175, 0.05, -0.0304857, 0.115503, -0.0355344, 0.124632, 1003.48, 5570.45, 10, 2e-20, 3e-20, 2e-20, 2e-20, -1
0.417679, -0.197153, 1.48118, 0.05, -0.355182, 0.376872, -0.119997, 0.531588, 1001.79, 2858.66, 10, 2e-20, 3e-20, 2e-20, 2e-20, -1
0.00263428, 0.0504549, 0.0526884, 0.05, -0.183791, -0.0561913, 0.106056, 0.21951, 1023.1, 36958.1, 10, 2e-20, 3e-20, 2e-20, 2e-20, -1
0.0434731, 0.103999, 0.0538309, 0.05, -0.207411, 0.227299, 0.0881392, 0.320082, 1014.5, 23202.4, 10, 2e-20, 3e-20, 2e-20, 2e-20, -1
-0.0180053, 0.104386, 0.0491105, 0.05, -0.0343523, -0.082854, -0.0468732, 0.101203, 1009.58, 15332.5, 10, 2e-20, 3e-20, 2e-20, 2e-20, -1
0.00848395, 0.0989319, 0.0949762, 0.05, -0.0123837, 0.215894, 0.0530673, 0.222665, 1007.02, 11230.1, 10, 2e-20, 3e-20, 2e-20, 2e-20, -1
-0.00798835, 0.147054, 0.160274, 0.05, -0.198901, 0.184584, -0.0475769, 0.275493, 1005.45, 8715.18, 10, 2e-20, 3e-20, 2e-20, 2e-20, -1
-0.00506992, 0.0420082, 0.144748, 0.05, -0.204312, 0.127337, -0.156657, 0.287227, 1001.94, 3096.93, 10, 2e-20, 3e-20, 2e-20, 2e-20, -1
0.0290375, 0.0130099, 0.156854, 0.05, -0.0813793, -0.153491, 0.165024, 0.239614, 1007.01, 11222.3, 10, 2e-20, 3e-20, 2e-20, 2e-20, -1
0.0530694, 0.0483639, 0.134832, 0.05, -0.12618, 0.133284, -0.00952833, 0.183784, 1000.42, 666.501, 10, 2e-20, 3e-20, 2e-20, 2e-20, -1
-0.0110621, 0.0136208, 0.191639, 0.05, -0.155769, -0.099817, 0.0325599, 0.187849, 1011.11, 17770.8, 10, 2e-20, 3e-20, 2e-20, 2e-20, -1
0.0166592, 0.0583325, 0.195391, 0.05, 0.046716, -0.0447545, -0.158488, 0.171183, 1009.45, 15114.7, 10, 2e-20, 3e-20, 2e-20, 2e-20, -1
-0.0300768, 0.0979691, 0.254737, 0.05, 0.0317287, -0.0504744, -0.104251, 0.120095, 1007.4, 11835.4, 10, 2e-20, 3e-20, 2e-20, 2e-20, -1
-0.00125157, 0.0447408, 0.288133, 0.05, -0.196803, -0.213757, -0.0600482, 0.296697, 1008.67, 13879.8, 10, 2e-20, 3e-20, 2e-20, 2e-20, -1
-0.0171948, 0.133413, 0.299468, 0.05, -0.13601, 0.0116949, 0.00262038, 0.136537, 1002.18, 3490.56, 10, 2e-20, 3e-20, 2e-20, 2e-20, -1
0.0134249, 0.0156984, 0.330774, 0.05, -0.0154598, -0.103812, -0.0497548, 0.116153, 1004.24, 6783.59, 10, 2e-20, 3e-20, 2e-20, 2e-20, -1
0.0404568, 0.0660465, 0.353987, 0.05, 0.0778041, -0.0513532, 0.076531, 0.120614, 1001.89, 3031.64, 10, 2e-20, 3e-20, 2e-20, 2e-20, -1
-0.0183534, -0.0101598, 0.372101, 0.05, 0.00129224, -0.0763557, -0.0748979, 0.106965, 1002.46, 3937.77, 10, 2e-20, 3e-20, 2e-20, 2e-20, -1
0.00297363, 0.0418734, 0.379484, 0.05, -0.0318273, -0.0947023, -0.0386266, 0.107115, 1006.84, 10936.5, 10, 2e-20, 3e-20, 2e-20, 2e-20, -1
-0.0324409, 0.0790944, 0.395317, 0.05, -0.16467, -0.148594, -0.035915, 0.224692, 1004.1, 6563.28, 10, 2e-20, 3e-20, 2e-20, 2e-20, -1
-0.0193264, 0.0112779, 0.410908, 0.05, -0.221519, -0.0580626, -0.00800969, 0.229142, 1000.26, 411.173, 10, 2e-20, 3e-20, 2e-20, 2e-20, -1
-0.0147491, 0.0554301, 0.436735, 0.05, -0.177256, -0.0717792, 0.14151, 0.237901, 1002.55, 4080.83, 10, 2e-20, 3e-20, 2e-20, 2e-20, -1
-0.0512419, 0.0882747, 0.447979, 0.05, -0.0743735, -0.0962344, -0.00778716, 0.121873, 998.083, -3066.47, 10, 2e-20, 3e-20, 2e-20, 2e-20, -1
0.0453527, 0.0177366, 0.479369, 0.05, -0.0855196, -0.0832807, -0.0944658, 0.152227, 1005.83, 9321.43, 10, 2e-20, 3e-20, 2e-20, 2e-20, -1
-0.00747109, -0.077376, 0.508725, 0.05, -0.046306, 0.074127, -0.151089, 0.174548, 1009.65, 15444.3, 10, 2e-20, 3e-20, 2e-20, 2e-20, -1
0.0521836, 0.0674177, 0.518649, 0.05, 0.00348815, 0.0165809, 0.0452898, 0.0483556, 1002.59, 4147, 10, 2e-20, 3e-20, 2e-20, 2e-20, -1
0.0738086, -0.0916587, 0.536335, 0.05, 0.0889289, -0.099237, 0.0451658, 0.140699, 1007.9, 12633.7, 10, 2e-20, 3e-20, 2e-20, 2e-20, -1
0.0303182, 0.0755884, 0.564648, 0.05, -0.114475, 0.119241, 0.0840743, 0.185449, 1002.09, 3350.46, 10, 2e-20, 3e-20, 2e-20, 2e-20, -1
-0.0328751, 0.0391448, 0.52709, 0.05, -0.139897, 0.125542, -0.142713, 0.236007, 1003.79, 6063.18, 10, 2e-20, 3e-20, 2e-20, 2e-20, -1
-0.0472926, 0.160363, 0.626985, 0.05, 0.0591502, -0.0901941, -0.138, 0.17515, 1002.76, 4410.38, 10, 2e-20, 3e-20, 2e-20, 2e-20, -1
0.00974134, 0.0352857, 0.570251, 0.05, 0.0361818, -0.0586875, 0.145526, 0.161032, 1003.39, 5421.54, 10, 2e-20, 3e-20, 2e-20, 2e-20, -1
0.0169753, 0.237525, 0.72876, 0.05, -0.00584947, 0.059097, -0.000443239, 0.0593874, 1003.45, 5525.78, 10, 2e-20, 3e-20, 2e-20, 2e-20, -1
-0.0918204, 0.00269482, 0.592966, 0.05, -0.0245937, -0.0883685, -0.0806467, 0.122138, 1000.62, 991.433, 10, 2e-20, 3e-20, 2e-20, 2e-20, -1
0.00323181, 0.167343, 0.657698, 0.05, -0.0865312, -0.0326817, -0.231691, 0.249472, 1010.62, 16999.7, 10, 2e-20, 3e-20, 2e-20, 2e-20, -1
-0.0729959, -0.0449485, 0.596206, 0.05, -0.0690619, 0.0255045, -0.115995, 0.137386, 1010.93, 17481.3, 10, 2e-20, 3e-20, 2e-20, 2e-20, -1
-0.0460124, 0.122764, 0.540889, 0.05, -0.0543361, 0.100075, -0.120277, 0.165632, 998.717, -2052.32, 10, 2e-20, 3e-20, 2e-20, 2e-20, -1
0.00561721, 0.17821, 0.712891, 0.05, -0.226789, -0.0686335, 0.0112086, 0.237212, 1004.98, 7962.79, 10, 2e-20, 3e-20, 2e-20, 2e-20, -1
0.00768888, 0.169369, 0.78575, 0.05, -0.0712669, 0.05494, -0.00840914, 0.0903775, 1006.09, 9749.54, 10, 2e-20, 3e-20, 2e-20, 2e-20, -1
0.121191, 0.0556754, 0.620848, 0.05, -0.12307, -0.0319486, 0.00199594, 0.127165, 1008.24, 13181.9, 10, 2e-20, 3e-20, 2e-20, 2e-20, -1
-0.0353939, 0.197431, 0.883055, 0.05, 0.0674248, -0.0846953, -0.175351, 0.206076, 1001.48, 2367.5, 10, 2e-20, 3e-20, 2e-20, 2e-20, -1
-0.0332127, 0.162201, 0.977576, 0.05, -0.0191733, -0.0432666, -0.0401845, 0.0620839, 1002.37, 3791.87, 10, 2e-20, 3e-20, 2e-20, 2e-20, -1
0.155381, 0.0762818, 0.679846, 0.05, 0.0482023, -0.0301346, -0.0248748, 0.0620509, 1007.68, 12285.6, 10, 2e-20, 3e-20, 2e-20, 2e-20, -1
0.152349, 0.104024, 0.729723, 0.05, 0.0787763, 0.0201975, 0.0461453, 0.0935042, 1012.11, 19378.9, 10, 2e-20, 3e-20, 2e-20, 2e-20, -1
0.138022, 0.100837, 0.799497, 0.05, -0.0401218, -0.138234, -0.04427, 0.150593, 1013.88, 22211.3, 10, 2e-20, 3e-20, 2e-20, 2e-20, -1
-0.068742, 0.158215, 0.885998, 0.05, 0.147589, -0.0659585, -0.0609079, 0.17275, 1003.71, 5942.57, 10, 2e-20, 3e-20, 2e-20, 2e-20, -1
0.0202717, 0.0965069, 0.88859, 0.05, -0.0978508, 0.0831394, 0.00229277, 0.128422, 1002.48, 3964.34, 10, 2e-20, 3e-20, 2e-20, 2e-20, -1
-0.141522, -0.082327, 0.762186, 0.05, -0.0976214, -0.197881, -0.00904056, 0.220836, 1008.63, 13807.1, 10, 2e-20, 3e-20, 2e-20, 2e-20, -1
-0.0117271, 0.137744, 0.926955, 0.05, 0.0108289, -0.0991457, -0.135766, 0.168462, 1006.04, 9657.19, 10, 2e-20, 3e-20, 2e-20, 2e-20, -1
-0.13217, -0.0495959, 0.809701, 0.05, -0.0801215, -0.250217, -0.0951889, 0.279444, 1008.05, 12880.8, 10, 2e-20, 3e-20, 2e-20, 2e-20, -1
0.0997952, 0.159351, 0.884133, 0.05, 0.0819841, 0.0275068, -0.0809085, 0.118424, 1006.35, 10156.1, 10, 2e-20, 3e-20, 2e-20, 2e-20, -1
-0.162004, 0.0215273, 0.680875, 0.05, 0.00353574, 0.0392384, 0.00562365, 0.0397967, 1018.51, 29622.8, 10, 2e-20, 3e-20, 2e-20, 2e-20, -1
0.0596479, -0.0293531, 0.980359, 0.05, -0.0224236, -0.0844818, 0.0352842, 0.0942601, 1003.33, 5331.59, 10, 2e-20, 3e-20, 2e-20, 2e-20, -1
0.0852123, -0.0626076, 0.862529, 0.05, 0.00378247, -0.144573, -0.0299123, 0.147683, 1003.77, 6034.49, 10, 2e-20, 3e-20, 2e-20, 2e-20, -1
0.0152438, 0.154955, 0.053076, 0.05, -0.111869, -0.130834, 0.110387, 0.204493, 1009.46, 15140, 10, 2e-20, 3e-20, 2e-20, 2e-20, -1
-0.0123348, 0.206107, 0.0490444, 0.05, -0.120762, 0.0442249, -0.0361802, 0.133598, 1004.08, 6528.46, 10, 2e-20, 3e-20, 2e-20, 2e-20, -1
-0.0288598, 0.183134, 0.0903047, 0.05, 0.0730233, -0.0492711, -0.0845743, 0.122118, 1005.7, 9113.29, 10, 2e-20, 3e-20, 2e-20, 2e-20, -1
0.0100145, 0.154154, 0.102341, 0.05, -0.161417, -0.133421, -0.0591487, 0.217612, 1009.72, 15555.8, 10, 2e-20, 3e-20, 2e-20, 2e-20, -1
0.00308886, 0.239551, 0.0611453, 0.05, -0.0736699, -0.157857, -0.117684, 0.210228, 1007.59, 12150.5, 10, 2e-20, 3e-20, 2e-20, 2e-20, -1
-0.0105997, 0.246464, 0.189701, 0.05, 0.11388, -0.203016, -0.0969303, 0.25215, 1002.47, 3959.69, 10, 2e-20, 3e-20, 2e-20, 2e-20, -1
0.0051, 0.212009, 0.112443, 0.05, -0.283532, -0.014902, -0.00584621, 0.283984, 1004.69, 7503.29, 10, 2e-20, 3e-20, 2e-20, 2e-20, -1
0.000274347, 0.0992008, 0.13804, 0.05, -0.0218244, -0.131291, -0.101123, 0.167151, 1010.85, 17365.3, 10, 2e-20, 3e-20, 2e-20, 2e-20, -1
-0.0101008, 0.103064, 0.188624, 0.05, -0.132645, 0.0188602, 0.236462, 0.271781, 1009.56, 15295.8, 10, 2e-20, 3e-20, 2e-20, 2e-20, -1
0.00818729, 0.132723, 0.224004, 0.05, -0.0782798, -0.046983, -0.0558645, 0.107033, 1004.26, 6816.64, 10, 2e-20, 3e-20, 2e-20, 2e-20, -1
0.00912682, 0.212435, 0.237416, 0.05, -0.104781, 0.170725, -0.0235032, 0.201689, 1006.48, 10362.5, 10, 2e-20, 3e-20, 2e-20, 2e-20, -1
0.0236085, 0.100794, 0.279605, 0.05, -0.195697, 0.00216728, -0.162951, 0.254667, 1005.21, 8330.5, 10, 2e-20, 3e-20, 2e-20, 2e-20, -1
-0.0293515, 0.151665, 0.253108, 0.05, -0.245132, 0.00975917, -0.0313964, 0.247327, 1007.18, 11493, 10, 2e-20, 3e-20, 2e-20, 2e-20, -1
0.0140048, 0.0903102, 0.323908, 0.05, -0.248029, -0.0243456, -0.159551, 0.295918, 1002.35, 3755.79, 10, 2e-20, 3e-20, 2e-20, 2e-20, -1
0.0158498, 0.145316, 0.339226, 0.05, -0.0972547, -0.0409076, 0.0862221, 0.136258, 1003.66, 5849.57, 10, 2e-20, 3e-20, 2e-20, 2e-20, -1
0.0119876, 0.111615, 0.376406, 0.05, -0.0162407, 0.0428716, -0.0105633, 0.0470459, 1006.27, 10034.6, 10, 2e-20, 3e-20, 2e-20, 2e-20, -1
-0.0155051, 0.119269, 0.415548, 0.05, -0.0919338, 0.0182829, -0.173751, 0.197422, 1007.82, 12512.8, 10, 2e-20, 3e-20, 2e-20, 2e-20, -1
0.0337445, 0.163497, 0.447104, 0.05, -0.138495, 0.0627034, -0.151742, 0.214798, 1005.39, 8630.09, 10, 2e-20, 3e-20, 2e-20, 2e-20, -1
-0.00359757, 0.171442, 0.480746, 0.05, -0.024776, -0.134114, 0.0695304, 0.153085, 1004.95, 7913.65, 10, 2e-20, 3e-20, 2e-20, 2e-20, -1
0.0229498, 0.0772354, 0.414547, 0.05, 0.077496, 0.00811897, -0.0114435, 0.078756, 998.13, -2992.13, 10, 2e-20, 3e-20, 2e-20, 2e-20, -1
0.040305, 0.11416, 0.439592, 0.05, -0.00930249, 0.00972681, -0.0177568, 0.0222811, 996.718, -5251.47, 10, 2e-20, 3e-20, 2e-20, 2e-20, -1
-0.0368414, 0.0402802, 0.478297, 0.05, -0.242288, -0.0205727, -0.276413, 0.368145, 1008.72, 13952.8, 10, 2e-20, 3e-20, 2e-20, 2e-20, -1
0.022852, 0.0625098, 0.473484, 0.05, -0.113075, 0.0703722, -0.0620836, 0.146944, 1007.39, 11826.2, 10, 2e-20, 3e-20, 2e-20, 2e-20, -1
0.0426598, 0.114673, 0.535539, 0.05, 0.0306805, -0.01436, 0.0506466, 0.060931, 1008.72, 13949.7, 10, 2e-20, 3e-20, 2e-20, 2e-20, -1
0.0663516, 0.087478, 0.592691, 0.05, 0.0145045, -0.0367207, -0.0471429, 0.0614918, 1002.92, 4666.89, 10, 2e-20, 3e-20, 2e-20, 2e-20, -1
-0.00658186, 0.194519, 0.61407, 0.05, 0.0218422, -0.0651732, -0.137127, 0.15339, 1000.75, 1201.12, 10, 2e-20, 3e-20, 2e-20, 2e-20, -1
0.0160531, 0.12754, 0.581199, 0.05, 0.0176649, -0.136287, -0.105682, 0.173364, 1009.31, 14892.9, 10, 2e-20, 3e-20, 2e-20, 2e-20, -1
0.0344492, 0.229207, 0.675868, 0.05, 0.00427926, -0.0231343, -0.0991868, 0.101939, 1001.22, 1946.68, 10, 2e-20, 3e-20, 2e-20, 2e-20, -1
-0.0141106, 0.216063, 0.760106, 0.05, 0.0373719, 0.00640103, -0.0586483, 0.0698373, 1003.61, 5774.56, 10, 2e-20, 3e-20, 2e-20, 2e-20, -1
-0.00114142, 0.266162, 0.800698, 0.05, 0.0647221, -0.0427103, -0.0633321, 0.10012, 1003.22, 5149.68, 10, 2e-20, 3e-20, 2e-20, 2e-20, -1
-0.0288812, 0.170876, 0.743729, 0.05, -0.0744705, 0.0242625, -0.0737181, 0.107559, 997.792, -3532.92, 10, 2e-20, 3e-20, 2e-20, 2e-20, -1
-0.0156543, 0.268056, 0.842533, 0.05, -0.0542101, -0.014011, -0.185431, 0.1937, 1004, 6403.49, 10, 2e-20, 3e-20, 2e-20, 2e-20, -1
-0.0229022, 0.220763, 0.6951, 0.05, -0.0720441, -0.0386734, -0.104355, 0.132574, 1007.02, 11229.4, 10, 2e-20, 3e-20, 2e-20, 2e-20, -1
-0.0517286, 0.233362, 0.846022, 0.05, -0.0294345, -0.122687, -0.143792, 0.191298, 995.218, -7650.99, 10, 2e-20, 3e-20, 2e-20, 2e-20, -1
0.0209337, 0.222429, 0.885365, 0.05, 0.00531559, 0.00132003, 0.00375256, 0.00663925, 998.851, -1838.31, 10, 2e-20, 3e-20, 2e-20, 2e-20, -1
-0.0687771, 0.16802, 0.96206, 0.05, 0.00445723, 0.0382608, 0.00107209, 0.0385345, 1001.42, 2274.36, 10, 2e-20, 3e-20, 2e-20, 2e-20, -1
0.00229235, 0.213807, 0.850768, 0.05, -0.179504, -0.0508198, -0.0460354, 0.192155, 1005.46, 8742.4, 10, 2e-20, 3e-20, 2e-20, 2e-20, -1
-0.0287626, 0.19939, 0.933558, 0.05, 0.0185043, 0.00367345, -0.0145677, 0.0238353, 999.937, -101.102, 10, 2e-20, 3e-20, 2e-20, 2e-20, -1
-0.0086816, 0.23941, 0.958981, 0.05, 0.0524635, -0.121991, -0.0689405, 0.149623, 996.796, -5125.79, 10, 2e-20, 3e-20, 2e-20, 2e-20, -1
0.0582709, 0.197177, 0.946229, 0.05, -0.0140704, 0.0134533, -0.0556947, 0.0589988, 999.505, -792.68, 10, 2e-20, 3e-20, 2e-20, 2e-20, -1
0.0323979, 0.156111, 1.03225, 0.05, 0.206093, -0.106311, -0.0476242, 0.236737, 1005.3, 8483.36, 10, 2e-20, 3e-20, 2e-20, 2e-20, -1
0.0119654, 0.197191, 0.918084, 0.05, -0.0785814, -0.0551093, -0.148362, 0.176701, 1002.73, 4362.41, 10, 2e-20, 3e-20, 2e-20, 2e-20, -1
-0.0381178, 0.106261, 0.889707, 0.05, -0.0301393, -0.0933332, -0.0313135, 0.102956, 1000.73, 1170.27, 10, 2e-20, 3e-20, 2e-20, 2e-20, -1
0.0453761, 0.151447, 0.953937, 0.05, 0.0118879, -0.0638869, 0.0766862, 0.100517, 1003.18, 5088.03, 10, 2e-20, 3e-20, 2e-20, 2e-20, -1
-0.000410885, 0.0147176, 0.912769, 0.05, -0.0803012, -0.0385376, -0.0201828, 0.0913278, 999.593, -651.904, 10, 2e-20, 3e-20, 2e-20, 2e-20, -1
0.0275736, 0.0690005, 0.939319, 0.05, -0.0524677, -0.0623601, 0.0612599, 0.101953, 1001.42, 2279.64, 10, 2e-20, 3e-20, 2e-20, 2e-20, -1
-0.0897623, 0.0993265, 0.869739, 0.05, -0.0604535, -0.222847, 0.00117214, 0.230904, 1004.67, 7470.41, 10, 2e-20, 3e-20, 2e-20, 2e-20, -1
-0.00430832, -0.072493, 1.2149, 0.05, -0.04162, 0.0116404, 0.0566126, 0.071223, 998.137, -2980.65, 10, 2e-20, 3e-20, 2e-20, 2e-20, -1
0.0376835, -0.00312293, 0.876951, 0.05, 0.01024, -0.152475, -0.0296523, 0.155669, 1006.08, 9723.91, 10, 2e-20, 3e-20, 2e-20, 2e-20, -1
-0.0535149, -0.442842, 1.49139, 0.05, -0.030143, -0.421536, 0.481366, 0.640558, 1004.37, 6988.65, 10, 2e-20, 3e-20, 2e-20, 2e-20, -1
-0.0602474, -0.25535, 1.46861, 0.05, -0.069462, -0.134114, -0.0433185, 0.157124, 998.124, -3001.2, 10, 2e-20, 3e-20, 2e-20, 2e-20, -1
-0.00125735, 0.300823, 0.0548483, 0.05, -0.282543, 0.00132408, -0.0501078, 0.286955, 1011.45, 18314.1, 10, 2e-20, 3e-20, 2e-20, 2e-20, -1
0.00582953, 0.357605, 0.0472922, 0.05, -0.00172626, -0.283314, 0.0234571, 0.284289, 1005.83, 9332.96, 10, 2e-20, 3e-20, 2e-20, 2e-20, -1
0.0183229, 0.353997, 0.0868826, 0.05, -0.0989909, 0.0522839, -0.109838, 0.156835, 1001.8, 2882.88, 10, 2e-20, 3e-20, 2e-20, 2e-20, -1
0.0117207, 0.306216, 0.107663, 0.05, -0.150416, 0.0506916, -0.177917, 0.23843, 1020.61, 32970.4, 10, 2e-20, 3e-20, 2e-20, 2e-20, -1
-0.0129346, 0.260697, 0.13771, 0.05, -0.250779, -0.0401577, -0.0333675, 0.256157, 1005.25, 8399.62, 10, 2e-20, 3e-20, 2e-20, 2e-20, -1
-0.00407753, 0.304255, 0.167441, 0.05, 0.00985854, -0.00802644, -0.0404141, 0.0423664, 1014.86, 23783.9, 10, 2e-20, 3e-20, 2e-20, 2e-20, -1
0.0305262, 0.25829, 0.212526, 0.05, -0.0915858, -0.00805782, 0.0387557, 0.0997742, 1008.96, 14334.7, 10, 2e-20, 3e-20, 2e-20, 2e-20, -1
-0.0187773, 0.195913, 0.154062, 0.05, -0.205353, -0.0709015, 0.0157221, 0.217817, 1009.04, 14459.2, 10, 2e-20, 3e-20, 2e-20, 2e-20, -1
-0.0328955, 0.204532, 0.210338, 0.05, -0.0738562, -0.160909, -0.024417, 0.178725, 1007.03, 11241, 10, 2e-20, 3e-20, 2e-20, 2e-20, -1
-0.0391316, 0.152534, 0.205019, 0.05, -0.0100788, 0.0655248, 0.0621268, 0.090856, 1003.43, 5495.35, 10, 2e-20, 3e-20, 2e-20, 2e-20, -1
-0.00525309, 0.275352, 0.295197, 0.05, 0.0696176, -0.0980944, -0.0995918, 0.156165, 1002.43, 3891.63, 10, 2e-20, 3e-20, 2e-20, 2e-20, -1
0.00655255, 0.226799, 0.307864, 0.05, 0.107522, 0.0293284, 0.0474225, 0.12112, 1002.84, 4547.53, 10, 2e-20, 3e-20, 2e-20, 2e-20, -1
0.0274222, 0.19793, 0.312342, 0.05, -0.104239, 0.20229, -0.0648906, 0.236639, 1005.5, 8795.13, 10, 2e-20, 3e-20, 2e-20, 2e-20, -1
0.0232412, 0.150743, 0.285175, 0.05, -0.0407626, -0.0706647, 0.00123826, 0.0815881, 1000.51, 818.341, 10, 2e-20, 3e-20, 2e-20, 2e-20, -1
-0.000690867, 0.19683, 0.356229, 0.05, -0.0950584, -0.024143, -0.0511663, 0.110621, 1014.11, 22576.3, 10, 2e-20, 3e-20, 2e-20, 2e-20, -1
0.0143052, 0.16005, 0.402068, 0.05, 0.0699836, -0.0636275, 0.0362543, 0.101294, 1004.61, 7381.94, 10, 2e-20, 3e-20, 2e-20, 2e-20, -1
-0.00055, 0.210615, 0.413979, 0.05, -0.00558194, 0.036566, 0.013483, 0.0393703, 1010.35, 16567.4, 10, 2e-20, 3e-20, 2e-20, 2e-20, -1
-0.0404425, 0.191466, 0.447987, 0.05, -0.177849, 0.0618921, -0.131773, 0.229837, 1001.32, 2119.42, 10, 2e-20, 3e-20, 2e-20, 2e-20, -1
-0.0114359, 0.220771, 0.488025, 0.05, -0.0736327, -0.0171129, -0.0711969, 0.103844, 1004.46, 7131.88, 10, 2e-20, 3e-20, 2e-20, 2e-20, -1
-0.013122, 0.267394, 0.502949, 0.05, -0.0809283, -0.0676274, -0.0112342, 0.106062, 1002.2, 3517.2, 10, 2e-20, 3e-20, 2e-20, 2e-20, -1
-0.000638726, 0.111301, 0.462025, 0.05, -0.00734366, -0.163485, 0.188407, 0.249556, 1005.01, 8008.78, 10, 2e-20, 3e-20, 2e-20, 2e-20, -1
-0.00751633, 0.255432, 0.544607, 0.05, -0.0688671, -0.00424102, -0.00816103, 0.0694785, 1006.25, 9995.22, 10, 2e-20, 3e-20, 2e-20, 2e-20, -1
0.00489339, 0.196192, 0.535979, 0.05, -0.12084, -0.0553603, -0.0733965, 0.151836, 1005.44, 8702.07, 10, 2e-20, 3e-20, 2e-20, 2e-20, -1
0.0190183, 0.285934, 0.582399, 0.05, -0.117225, 0.0146024, -0.173713, 0.210074, 1003.92, 6270.1, 10, 2e-20, 3e-20, 2e-20, 2e-20, -1
0.00258468, 0.148717, 0.530314, 0.05, -0.129785, -0.0793179, -0.0139748, 0.152744, 1003.95, 6318.34, 10, 2e-20, 3e-20, 2e-20, 2e-20, -1
-0.0199543, 0.169693, 0.570471, 0.05, -0.0667525, -0.11537, 0.0186682, 0.13459, 1003.35, 5363.18, 10, 2e-20, 3e-20, 2e-20, 2e-20, -1
0.0332356, 0.178799, 0.598668, 0.05, -0.189226, -0.0590178, -0.0474206, 0.203809, 1007.9, 12634.4, 10, 2e-20, 3e-20, 2e-20, 2e-20, -1
0.00636851, 0.28497, 0.757171, 0.05, 0.0928971, -0.120151, 0.0241705, 0.153787, 997.459, -4065.44, 10, 2e-20, 3e-20, 2e-20, 2e-20, -1
0.00464956, 0.27301, 0.693082, 0.05, -0.110887, 0.0314407, -0.140486, 0.181716, 1007.01, 11217.6, 10, 2e-20, 3e-20, 2e-20, 2e-20, -1
-0.00576185, 0.326186, 0.802623, 0.05, -0.0937747, 0.0196142, -0.0110663, 0.0964411, 1002.18, 3482.25, 10, 2e-20, 3e-20, 2e-20, 2e-20, -1
0.0354233, 0.304543, 0.818759, 0.05, -0.0985704, -0.0639858, -0.0511281, 0.128158, 1000.86, 1370.82, 10, 2e-20, 3e-20, 2e-20, 2e-20, -1
-0.053622, 0.272992, 0.810901, 0.05, 0.00302237, 0.0246384, 0.0957482, 0.0989136, 1004.72, 7557.25, 10, 2e-20, 3e-20, 2e-20, 2e-20, -1
-0.0105268, 0.30254, 0.880237, 0.05, 0.0971517, 0.0804684, -0.167438, 0.209641, 1004.56, 7293.68, 10, 2e-20, 3e-20, 2e-20, 2e-20, -1
0.0270643, 0.262623, 0.853915, 0.05, 0.0787872, 0.0172554, -0.0318668, 0.0867218, 1002.26, 3608.31, 10, 2e-20, 3e-20, 2e-20, 2e-20, -1
0.0306076, 0.313091, 0.960325, 0.05, -0.0183872, 0.12376, -0.0387052, 0.130969, 999.041, -1534.45, 10, 2e-20, 3e-20, 2e-20, 2e-20, -1
0.0366068, 0.256494, 0.90412, 0.05, 0.102697, -0.139576, -0.155956, 0.233132, 1001.56, 2503.82, 10, 2e-20, 3e-20, 2e-20, 2e-20, -1
-0.0255483, 0.317017, 0.930873, 0.05, -0.0905275, -0.0507523, -0.173127, 0.201851, 1002.73, 4364.32, 10, 2e-20, 3e-20, 2e-20, 2e-20, -1
-0.014065, 0.286759, 0.96644, 0.05, 0.108957, -0.0267817, -0.0801762, 0.137902, 997.742, -3613.43, 10, 2e-20, 3e-20, 2e-20, 2e-20, -1
0.0474276, 0.270049, 1.00788, 0.05, 0.0320784, -0.0824773, -0.163374, 0.185803, 1005.83, 9333.61, 10, 2e-20, 3e-20, 2e-20, 2e-20, -1
0.0208206, 0.241246, 0.997029, 0.05, 0.0429061, 0.0379453, -0.198902, 0.206985, 1005.01, 8012.26, 10, 2e-20, 3e-20, 2e-20, 2e-20, -1
0.027846, 0.147386, 1.12598, 0.05, -0.00357739, -0.0858021, 0.0207237, 0.0883418, 1001.7, 2723.49, 10, 2e-20, 3e-20, 2e-20, 2e-20, -1
0.0283669, 0.214003, 1.08544, 0.05, 0.0586474, -0.11479, -0.125229, 0.179718, 1005.68, 9089.08, 10, 2e-20, 3e-20, 2e-20, 2e-20, -1
0.0292101, 0.0155445, 0.990858, 0.05, 0.0199423, -0.0741713, -0.0674445, 0.102215, 1004.04, 6470.52, 10, 2e-20, 3e-20, 2e-20, 2e-20, -1
0.0325878, 0.121581, 1.06451, 0.05, -0.00549454, 0.0587743, -0.212799, 0.220835, 1001.57, 2515.05, 10, 2e-20, 3e-20, 2e-20, 2e-20, -1
0.0293256, 0.0823239, 1.0814, 0.05, -0.0711345, -0.164288, -0.12112, 0.21615, 1002.22, 3553.06, 10, 2e-20, 3e-20, 2e-20, 2e-20, -1
-0.0157275, 0.209268, 1.32648, 0.05, -0.032533, -0.0428746, -0.121438, 0.13283, 1003.61, 5769.98, 10, 2e-20, 3e-20, 2e-20, 2e-20, -1
-0.02911, 0.0411992, 1.26596, 0.05, 0.0698872, -0.175758, -0.17334, 0.256557, 997.65, -3760.74, 10, 2e-20, 3e-20, 2e-20, 2e-20, -1
-0.0246611, 0.106559, 1.13784, 0.05, -0.0401405, -0.0297226, -0.0681043, 0.0844564, 1003.98, 6373.84, 10, 2e-20, 3e-20, 2e-20, 2e-20, -1
0.00704357, 0.243585, 1.2261, 0.05, 0.0959221, -0.0616537, -0.237929, 0.263842, 999.354, -1034.37, 10, 2e-20, 3e-20, 2e-20, 2e-20, -1
0.000299355, 0.261033, 1.27924, 0.05, 0.0500993, -0.0435247, -0.0390794, 0.0770165, 999.51, -783.458, 10, 2e-20, 3e-20, 2e-20, 2e-20, -1
0.00495507, 0.253265, 1.3062, 0.05, -0.114954, 0.113086, -0.0711792, 0.176265, 1000.27, 427.553, 10, 2e-20, 3e-20, 2e-20, 2e-20, -1
-0.00662174, 0.409136, 0.052404, 0.05, 0.0792679, -0.108227, 0.0870425, 0.159915, 1008.41, 13458, 10, 2e-20, 3e-20, 2e-20, 2e-20, -1
-0.0226045, 0.498769, 0.0557377, 0.05, -0.137532, -0.0862431, 0.00877859, 0.162573, 1018.31, 29301.6, 10, 2e-20, 3e-20, 2e-20, 2e-20, -1
0.0181274, 0.457622, 0.0506803, 0.05, -0.000969065, -0.0555841, 0.00841957, 0.0562265, 1015.19, 24296, 10, 2e-20, 3e-20, 2e-20, 2e-20, -1
-0.0322547, 0.370342, 0.0839117, 0.05, -0.160666, 0.00415616, 0.0255486, 0.162738, 1011.43, 18292.8, 10, 2e-20, 3e-20, 2e-20, 2e-20, -1
-0.019075, 0.340248, 0.125568, 0.05, 0.0605008, -0.0579087, 0.00129137, 0.0837582, 1004.22, 6753.48, 10, 2e-20, 3e-20, 2e-20, 2e-20, -1
0.00245151, 0.394963, 0.113116, 0.05, -0.026877, -0.0558976, 0.00885558, 0.0626525, 1005.68, 9085.95, 10, 2e-20, 3e-20, 2e-20, 2e-20, -1
-0.0241936, 0.348819, 0.188335, 0.05, 0.0604155, -0.0955993, -0.0964815, 0.148654, 1005.26, 8419.05, 10, 2e-20, 3e-20, 2e-20, 2e-20, -1
-0.00899125, 0.293158, 0.217971, 0.05, -0.040216, 0.0220364, -0.025419, 0.0524314, 999.544, -729.037, 10, 2e-20, 3e-20, 2e-20, 2e-20, -1
-0.022161, 0.250699, 0.253045, 0.05, -0.0583194, -0.0353723, -0.0166401, 0.0702086, 1007.73, 12372.9, 10, 2e-20, 3e-20, 2e-20, 2e-20, -1
0.032496, 0.257265, 0.263302, 0.05, -0.124457, -0.0208125, -0.0380469, 0.131796, 1006.79, 10862.8, 10, 2e-20, 3e-20, 2e-20, 2e-20, -1
-0.0229661, 0.31904, 0.313231, 0.05, -0.0604252, -0.11156, 0.0300528, 0.130384, 1002.43, 3888.17, 10, 2e-20, 3e-20, 2e-20, 2e-20, -1
0.02711, 0.315891, 0.328403, 0.05, -0.153735, 0.0694371, 0.0244563, 0.170452, 1004.65, 7446.09, 10, 2e-20, 3e-20, 2e-20, 2e-20, -1
0.0118207, 0.264929, 0.341585, 0.05, 0.0209465, -0.110674, 0.0363416, 0.118356, 1001.51, 2417.79, 10, 2e-20, 3e-20, 2e-20, 2e-20, -1
0.0323911, 0.237434, 0.385108, 0.05, -0.0338129, 0.150239, -0.104086, 0.185873, 1006.73, 10772.4, 10, 2e-20, 3e-20, 2e-20, 2e-20, -1
0.0201233, 0.293979, 0.381439, 0.05, -0.104277, -0.0337713, -0.213577, 0.240061, 1006.46, 10334.3, 10, 2e-20, 3e-20, 2e-20, 2e-20, -1
-0.019512, 0.269035, 0.412272, 0.05, 0.0386037, -0.174577, 0.0560813, 0.187383, 1004.76, 7613.84, 10, 2e-20, 3e-20, 2e-20, 2e-20, -1
-0.0076401, 0.317863, 0.43875, 0.05, -0.131141, 0.052648, 0.0107757, 0.141725, 1008.62, 13790.6, 10, 2e-20, 3e-20, 2e-20, 2e-20, -1
-0.00705567, 0.257231, 0.449757, 0.05, -0.079311, -0.0792271, -0.0918844, 0.144948, 1002.2, 3524.5, 10, 2e-20, 3e-20, 2e-20, 2e-20, -1
-0.047809, 0.293131, 0.462392, 0.05, -0.211354, -0.0848735, -0.0987786, 0.248256, 1009.42, 15069, 10, 2e-20, 3e-20, 2e-20, 2e-20, -1
0.0186442, 0.302605, 0.478895, 0.05, 0.0889709, -0.113091, -0.124629, 0.190362, 1002.76, 4418.06, 10, 2e-20, 3e-20, 2e-20, 2e-20, -1
-0.0174836, 0.302199, 0.556785, 0.05, -0.0453669, -0.295242, -0.0361927, 0.300892, 1005.41, 8650.1, 10, 2e-20, 3e-20, 2e-20, 2e-20, -1
0.00673716, 0.406956, 0.666335, 0.05, -0.0706041, -0.0273452, 0.00103862, 0.0757217, 1005.32, 8515.65, 10, 2e-20, 3e-20, 2e-20, 2e-20, -1
7.28028e-05, 0.351971, 0.670615, 0.05, -0.00929638, -0.0424505, -0.195877, 0.200639, 1010.49, 16779.7, 10, 2e-20, 3e-20, 2e-20, 2e-20, -1
0.00998905, 0.333097, 0.6235, 0.05, -0.131854, -0.104285, -0.0159803, 0.168867, 1001.6, 2564.48, 10, 2e-20, 3e-20, 2e-20, 2e-20, -1
-0.00916762, 0.25252, 0.608685, 0.05, 0.102625, -0.0809131, -0.108192, 0.16966, 1002.85, 4564.47, 10, 2e-20, 3e-20, 2e-20, 2e-20, -1
-0.0109285, 0.231002, 0.653321, 0.05, 0.00430954, -0.0196229, -0.251586, 0.252387, 1004.5, 7196.73, 10, 2e-20, 3e-20, 2e-20, 2e-20, -1
0.00496833, 0.368349, 0.727131, 0.05, 0.205702, 0.0698076, -0.106976, 0.242137, 1003.69, 5911.51, 10, 2e-20, 3e-20, 2e-20, 2e-20, -1
0.0217423, 0.322953, 0.700959, 0.05, -0.032098, 0.0108737, -0.0584386, 0.0675543, 1003.01, 4816.2, 10, 2e-20, 3e-20, 2e-20, 2e-20, -1
-0.00554608, 0.383483, 0.903289, 0.05, 0.0652541, -0.125926, -0.111018, 0.180112, 1005.09, 8142.04, 10, 2e-20, 3e-20, 2e-20, 2e-20, -1
0.0299188, 0.330624, 0.751094, 0.05, -0.0187191, 0.0866019, -0.00950285, 0.08911, 998.239, -2818.32, 10, 2e-20, 3e-20, 2e-20, 2e-20, -1
0.00810372, 0.34811, 0.863893, 0.05, -0.0362708, -0.0404225, -0.0651218, 0.0847962, 1001.3, 2075.81, 10, 2e-20, 3e-20, 2e-20, 2e-20, -1
0.0445523, 0.29939, 0.872165, 0.05, -0.0523268, 0.0266413, -0.0443228, 0.0735688, 998.308, -2707.99, 10, 2e-20, 3e-20, 2e-20, 2e-20, -1
-0.0350363, 0.350684, 0.901081, 0.05, 0.0112521, -0.181875, -0.178261, 0.254916, 1000.11, 174.298, 10, 2e-20, 3e-20, 2e-20, 2e-20, -1
-0.0531824, 0.246156, 0.935247, 0.05, 0.1138, -0.018228, -0.128309, 0.17247, 1003.68, 5894.15, 10, 2e-20, 3e-20, 2e-20, 2e-20, -1
-0.0265119, 0.402997, 1.01508, 0.05, 0.145303, 0.0497453, -0.0399656, 0.158698, 1002.47, 3951.82, 10, 2e-20, 3e-20, 2e-20, 2e-20, -1
0.0473649, 0.358256, 0.961079, 0.05, -0.0789872, -0.0200775, -0.12233, 0.146992, 998.989, -1618.2, 10, 2e-20, 3e-20, 2e-20, 2e-20, -1
-0.00654081, 0.360826, 0.947809, 0.05, 0.0200657, -0.0167771, -0.121009, 0.123804, 999.57, -687.619, 10, 2e-20, 3e-20, 2e-20, 2e-20, -1
0.00955119, 0.337147, 0.984957, 0.05, 0.0255393, -0.0489491, -0.125399, 0.137015, 1004.39, 7027.7, 10, 2e-20, 3e-20, 2e-20, 2e-20, -1
0.0042382, 0.280519, 1.03033, 0.05, 0.0704559, 0.0308778, -0.125822, 0.147474, 1000.93, 1481.57, 10, 2e-20, 3e-20, 2e-20, 2e-20, -1
0.00611518, 0.247342, 1.0441, 0.05, 0.105366, -0.139309, -0.0947974, 0.198735, 1003.06, 4900.99, 10, 2e-20, 3e-20, 2e-20, 2e-20, -1
0.0200604, 0.334256, 1.06573, 0.05, -0.0181655, -0.00453381, -0.110272, 0.11185, 1002.36, 3769.56, 10, 2e-20, 3e-20, 2e-20, 2e-20, -1
0.0329204, 0.278422, 1.07625, 0.05, 0.0748197, 0.0323184, -0.129874, 0.153329, 1001.41, 2263.11, 10, 2e-20, 3e-20, 2e-20, 2e-20, -1
-0.0204015, 0.230876, 1.1121, 0.05, 0.0577366, -0.223111, -0.131733, 0.265454, 1003.53, 5641.75, 10, 2e-20, 3e-20, 2e-20, 2e-20, -1
-0.0192302, 0.287565, 1.1197, 0.05, -0.0244499, 0.155746, 0.0157233, 0.158436, 1003.55, 5673.02, 10, 2e-20, 3e-20, 2e-20, 2e-20, -1
0.0298093, 0.215931, 1.13904, 0.05, 0.0229092, -0.115134, -0.0156511, 0.11843, 1004.23, 6772.71, 10, 2e-20, 3e-20, 2e-20, 2e-20, -1
-0.0118781, 0.224358, 1.2222, 0.05, -0.0715022, 0.0195125, -0.167945, 0.183572, 1001.51, 2413.47, 10, 2e-20, 3e-20, 2e-20, 2e-20, -1
0.0120509, 0.210828, 1.18528, 0.05, 0.0340882, -0.0737056, -0.0788655, 0.1132, 1000.66, 1061.69, 10, 2e-20, 3e-20, 2e-20, 2e-20, -1
0.00560398, 0.256059, 1.10401, 0.05, 0.0890656, 0.0617108, -0.192799, 0.221162, 1003.84, 6137.93, 10, 2e-20, 3e-20, 2e-20, 2e-20, -1
-0.00541537, 0.251671, 1.16095, 0.05, 0.0205622, -0.0371546, -0.114433, 0.122058, 998.99, -1615.78, 10, 2e-20, 3e-20, 2e-20, 2e-20, -1
-0.0175829, 0.299602, 1.24579, 0.05, -0.133715, -0.00712369, -0.113218, 0.175353, 1000.29, 465.91, 10, 2e-20, 3e-20, 2e-20, 2e-20, -1
-0.0221801, 0.301678, 1.34143, 0.05, 0.144992, -0.00650717, 0.00673995, 0.145295, 1004.14, 6622.4, 10, 2e-20, 3e-20, 2e-20, 2e-20, -1
0.00846457, 0.504036, 0.16894, 0.05, 0.122896, 0.0444172, -0.129598, 0.184043, 1004.15, 6634.68, 10, 2e-20, 3e-20, 2e-20, 2e-20, -1
0.0270743, 0.459731, 0.178798, 0.05, -0.106772, 0.0672976, -0.0991331, 0.160489, 1004.71, 7534.03, 10, 2e-20, 3e-20, 2e-20, 2e-20, -1
0.0210339, 0.469488, 0.13281, 0.05, -0.101506, 0.0706894, 0.004971, 0.123795, 1005.66, 9063.47, 10, 2e-20, 3e-20, 2e-20, 2e-20, -1
0.0114016, 0.498832, 0.105659, 0.05, 0.0796848, -0.12151, 0.0329502, 0.148997, 1014.16, 22649.7, 10, 2e-20, 3e-20, 2e-20, 2e-20, -1
-0.0160495, 0.450225, 0.100221, 0.05, -0.00103936, 0.163492, 0.123535, 0.204918, 1000.94, 1505.05, 10, 2e-20, 3e-20, 2e-20, 2e-20, -1
0.00981704, 0.3854, 0.164967, 0.05, -0.281602, 0.00169811, -0.195196, 0.342643, 1013.27, 21228.7, 10, 2e-20, 3e-20, 2e-20, 2e-20, -1
0.00950244, 0.33597, 0.229664, 0.05, -0.0775099, 0.116568, -0.0153377, 0.140823, 1011.11, 17770.6, 10, 2e-20, 3e-20, 2e-20, 2e-20, -1
-0.0202001, 0.309792, 0.259185, 0.05, -0.23616, -0.0194811, 0.0110453, 0.23722, 1005.37, 8598.65, 10, 2e-20, 3e-20, 2e-20, 2e-20, -1
-0.00419407, 0.399472, 0.317303, 0.05, 0.0209705, 0.0464676, 0.0674626, 0.0845589, 1003.01, 4815.7, 10, 2e-20, 3e-20, 2e-20, 2e-20, -1
0.00458465, 0.350267, 0.28877, 0.05, 0.105663, -0.0616839, -0.0398393, 0.128673, 1004.82, 7710.74, 10, 2e-20, 3e-20, 2e-20, 2e-20, -1
0.0388508, 0.422703, 0.334337, 0.05, -0.136649, -0.0482861, 0.00686259, 0.145091, 1001.98, 3162.01, 10, 2e-20, 3e-20, 2e-20, 2e-20, -1
-0.0352364, 0.380238, 0.351042, 0.05, -0.0767651, -0.104363, -0.0332001, 0.133741, 1002.14, 3429.25, 10, 2e-20, 3e-20, 2e-20, 2e-20, -1
0.0175673, 0.364994, 0.344387, 0.05, -0.165465, -0.0222738, -0.16274, 0.233151, 1006.41, 10249.4, 10, 2e-20, 3e-20, 2e-20, 2e-20, -1
-0.0145073, 0.3937, 0.391152, 0.05, -0.0570137, -0.0568879, -0.055368, 0.0977364, 999.456, -869.655, 10, 2e-20, 3e-20, 2e-20, 2e-20, -1
-0.0244708, 0.391995, 0.460168, 0.05, -0.0170744, -0.0265188, 0.0468441, 0.0564726, 1000.63, 1002.35, 10, 2e-20, 3e-20, 2e-20, 2e-20, -1
-0.00794875, 0.333945, 0.361087, 0.05, -0.0796844, -0.0667276, -0.125156, 0.162685, 1005.78, 9246.74, 10, 2e-20, 3e-20, 2e-20, 2e-20, -1
0.0268742, 0.340814, 0.400596, 0.05, -0.0149964, -0.0303219, -0.0616923, 0.070358, 1003.16, 5055.53, 10, 2e-20, 3e-20, 2e-20, 2e-20, -1
0.0145702, 0.344424, 0.530425, 0.05, 0.0503749, -0.0140494, -0.0387938, 0.0651151, 996.893, -4970.66, 10, 2e-20, 3e-20, 2e-20, 2e-20, -1
0.000251644, 0.350307, 0.479059, 0.05, -0.0904977, 0.0850453, -0.0988224, 0.158709, 1007.1, 11355.5, 10, 2e-20, 3e-20, 2e-20, 2e-20, -1
0.00582775, 0.43629, 0.59672, 0.05, -0.0234791, 0.000335317, 0.0868266, 0.0899457, 1004.1, 6560.17, 10, 2e-20, 3e-20, 2e-20, 2e-20, -1
-0.00123807, 0.352925, 0.587246, 0.05, -0.209654, -0.0591186, 0.00987558, 0.218053, 1005.93, 9480.17, 10, 2e-20, 3e-20, 2e-20, 2e-20, -1
-0.00208702, 0.389053, 0.555964, 0.05, 0.0164094, 0.0875939, -0.0328555, 0.0949813, 1004.14, 6630.36, 10, 2e-20, 3e-20, 2e-20, 2e-20, -1
-0.0273587, 0.473311, 0.91594, 0.05, -0.094975, 0.0617961, 0.0558089, 0.126308, 1001.37, 2184.55, 10, 2e-20, 3e-20, 2e-20, 2e-20, -1
-0.00161043, 0.388001, 0.794896, 0.05, -0.0978017, -0.0815095, -0.0649711, 0.142934, 1006.46, 10331.1, 10, 2e-20, 3e-20, 2e-20, 2e-20, -1
0.0411092, 0.459139, 0.916402, 0.05, -0.0166523, -0.0363324, -0.0728199, 0.0830668, 1000.83, 1328.25, 10, 2e-20, 3e-20, 2e-20, 2e-20, -1
0.0141925, 0.432925, 0.83614, 0.05, 0.0483957, 0.0500599, -0.0484121, 0.0848049, 1000.59, 950.467, 10, 2e-20, 3e-20, 2e-20, 2e-20, -1
0.00435135, 0.37965, 0.840265, 0.05, -0.0499373, -0.0305604, -0.101504, 0.117178, 1002.75, 4392.69, 10, 2e-20, 3e-20, 2e-20, 2e-20, -1
0.0474376, 0.396087, 0.848487, 0.05, 0.0144173, 0.0926955, -0.138913, 0.167622, 1000.59, 950.439, 10, 2e-20, 3e-20, 2e-20, 2e-20, -1
-0.0798988, 0.466331, 1.10234, 0.05, 0.138468, -0.0260339, 0.139914, 0.198563, 995.469, -7250.32, 10, 2e-20, 3e-20, 2e-20, 2e-20, -1
-0.0268642, 0.405301, 0.965601, 0.05, -0.132866, -0.102869, -0.039734, 0.172668, 1004.39, 7019.91, 10, 2e-20, 3e-20, 2e-20, 2e-20, -1
0.0344514, 0.368714, 0.90966, 0.05, 0.0551458, -0.116801, -0.107404, 0.167985, 1000.49, 783.662, 10, 2e-20, 3e-20, 2e-20, 2e-20, -1
-0.0758268, 0.403624, 1.00167, 0.05, 0.0714142, -0.0503924, 0.0417574, 0.0968662, 1000.53, 854.407, 10, 2e-20, 3e-20, 2e-20, 2e-20, -1
0.0259312, 0.3194, 0.914445, 0.05, 0.120284, 0.057357, -0.0971862, 0.164934, 1000.43, 684.399, 10, 2e-20, 3e-20, 2e-20, 2e-20, -1
0.000425268, 0.26868, 0.923507, 0.05, -0.031242, -0.127545, -0.0972361, 0.163397, 1003.3, 5284.25, 10, 2e-20, 3e-20, 2e-20, 2e-20, -1
-0.0531587, 0.36637, 0.956919, 0.05, 0.0380908, -0.0562072, -0.168701, 0.181852, 1000.26, 411.211, 10, 2e-20, 3e-20, 2e-20, 2e-20, -1
0.0453228, 0.322284, 1.02065, 0.05, -0.0233353, 0.0227455, -0.0953484, 0.100763, 1000.78, 1245.59, 10, 2e-20, 3e-20, 2e-20, 2e-20, -1
0.0425549, 0.202824, 1.03474, 0.05, 0.00873879, 0.0293257, -0.0469861, 0.0560719, 1004.02, 6432.83, 10, 2e-20, 3e-20, 2e-20, 2e-20, -1
-0.0132914, 0.330256, 1.0365, 0.05, 0.103521, -0.016267, -0.155189, 0.187256, 1002.25, 3602.53, 10, 2e-20, 3e-20, 2e-20, 2e-20, -1
0.0320821, 0.432322, 1.1564, 0.05, 0.119472, -0.035368, -0.131759, 0.181342, 1001.86, 2980.13, 10, 2e-20, 3e-20, 2e-20, 2e-20, -1
0.076762, 0.352882, 1.05609, 0.05, 0.0288566, 0.0903477, -0.0802517, 0.124241, 999.964, -57.6167, 10, 2e-20, 3e-20, 2e-20, 2e-20, -1
-0.00729228, 0.373844, 1.08274, 0.05, 0.000585779, -0.020068, -0.0462642, 0.0504326, 1003.27, 5237.95, 10, 2e-20, 3e-20, 2e-20, 2e-20, -1
0.0318099, 0.410246, 1.06026, 0.05, 0.14082, 0.0462753, -0.127064, 0.195236, 1003.92, 6274.66, 10, 2e-20, 3e-20, 2e-20, 2e-20, -1
-0.0145107, 0.333682, 1.10527, 0.05, 0.105629, -0.24939, -0.0623631, 0.277925, 1000.56, 900.205, 10, 2e-20, 3e-20, 2e-20, 2e-20, -1
0.042472, 0.38458, 1.08154, 0.05, 0.206724, -0.021209, -0.030485, 0.210033, 1003.21, 5130.13, 10, 2e-20, 3e-20, 2e-20, 2e-20, -1
0.024375, 0.386032, 1.17683, 0.05, -0.0222496, -0.101105, 0.0132557, 0.104369, 1005.08, 8122.92, 10, 2e-20, 3e-20, 2e-20, 2e-20, -1
0.00582476, 0.364166, 1.24092, 0.05, 0.0253313, -0.0725662, -0.133266, 0.153842, 1001.03, 1640.55, 10, 2e-20, 3e-20, 2e-20, 2e-20, -1
-0.0104454, 0.341388, 1.20689, 0.05, 0.000917302, -0.0146564, -0.112781, 0.113733, 998.437, -2500.08, 10, 2e-20, 3e-20, 2e-20, 2e-20, -1
-0.0281717, 0.33141, 1.29157, 0.05, 0.0540978, -0.0825879, -0.0831912, 0.129105, 1002.4, 3838.52, 10, 2e-20, 3e-20, 2e-20, 2e-20, -1
0.016473, 0.315437, 1.27623, 0.05, 0.0556628, -0.0904301, -0.0757475, 0.130436, 1000.1, 166.675, 10, 2e-20, 3e-20, 2e-20, 2e-20, -1
0.0531704, 0.409004, 1.366, 0.05, 0.0561391, -0.135153, 0.010744, 0.146743, 999.93, -111.686, 10, 2e-20, 3e-20, 2e-20, 2e-20, -1
-0.0289672, 0.356317, 1.4002, 0.05, -0.127674, -0.0826988, 0.193082, 0.245806, 1005.64, 9019.77, 10, 2e-20, 3e-20, 2e-20, 2e-20, -1
0.065181, 0.501016, 0.126826, 0.05, -0.0533251, 0.0152989, 0.057721, 0.0800583, 1018.5, 29596.2, 10, 2e-20, 3e-20, 2e-20, 2e-20, -1
0.0544984, 0.501173, 0.360187, 0.05, 0.187207, 0.0742271, 0.11393, 0.231379, 1000.41, 648.976, 10, 2e-20, 3e-20, 2e-20, 2e-20, -1
0.103665, 0.473196, 0.292124, 0.05, -0.0548147, 0.0757854, 0.0556853, 0.108853, 1006.48, 10371.9, 10, 2e-20, 3e-20, 2e-20, 2e-20, -1
0.0441707, 0.448324, 0.301088, 0.05, -0.0598285, -0.0411037, 0.0595426, 0.0938844, 1006.57, 10518.7, 10, 2e-20, 3e-20, 2e-20, 2e-20, -1
0.00770638, 0.441429, 0.274669, 0.05, -0.0393523, -0.115452, 0.00476813, 0.122068, 1003.78, 6055.6, 10, 2e-20, 3e-20, 2e-20, 2e-20, -1
0.0525249, 0.435664, 0.254822, 0.05, -0.140062, -0.0561154, -0.0675107, 0.1653, 1002.31, 3691.57, 10, 2e-20, 3e-20, 2e-20, 2e-20, -1
-0.0137932, 0.429738, 0.152615, 0.05, 0.00206162, 0.030161, 0.0177038, 0.0350338, 1007.81, 12495.5, 10, 2e-20, 3e-20, 2e-20, 2e-20, -1
0.00118288, 0.387284, 0.213014, 0.05, -0.243399, -0.0980429, 0.00089118, 0.262405, 1011.77, 18837.5, 10, 2e-20, 3e-20, 2e-20, 2e-20, -1
0.0338697, 0.474658, 0.362069, 0.05, -0.171629, -0.09019, 0.149125, 0.2446, 1002.1, 3364.33, 10, 2e-20, 3e-20, 2e-20, 2e-20, -1
-0.00828027, 0.431129, 0.357797, 0.05, 0.0697151, -0.0354888, -0.131439, 0.152957, 1001.99, 3187.75, 10, 2e-20, 3e-20, 2e-20, 2e-20, -1
0.0249659, 0.430944, 0.377819, 0.05, -0.107885, -0.0335954, -0.064128, 0.129924, 1007.36, 11777.4, 10, 2e-20, 3e-20, 2e-20, 2e-20, -1
-0.025085, 0.450139, 0.559371, 0.05, -0.0304539, 0.0956952, -0.0340515, 0.10604, 1000.31, 489.458, 10, 2e-20, 3e-20, 2e-20, 2e-20, -1
-0.00297333, 0.437497, 0.478038, 0.05, -0.241205, 0.00332346, -0.167644, 0.293761, 1007.76, 12417.9, 10, 2e-20, 3e-20, 2e-20, 2e-20, -1
-0.0358987, 0.454069, 0.61818, 0.05, -0.0566677, -0.016662, -0.0769297, 0.0969898, 1000.52, 824.928, 10, 2e-20, 3e-20, 2e-20, 2e-20, -1
0.0553657, 0.451985, 0.586141, 0.05, -0.107343, -0.152265, -0.0176737, 0.187135, 1001.11, 1770.37, 10, 2e-20, 3e-20, 2e-20, 2e-20, -1
-0.026867, 0.383987, 0.514346, 0.05, -0.153905, 0.0123193, -0.241317, 0.286483, 1009.55, 15280.2, 10, 2e-20, 3e-20, 2e-20, 2e-20, -1
0.0288759, 0.458591, 0.552644, 0.05, 0.0322958, -0.0437638, 0.00688994, 0.0548248, 1001.91, 3052.09, 10, 2e-20, 3e-20, 2e-20, 2e-20, -1
-0.0160812, 0.455887, 0.706651, 0.05, -0.0241791, -0.0584871, 0.0922079, 0.111838, 998.619, -2209.62, 10, 2e-20, 3e-20, 2e-20, 2e-20, -1
-0.0318979, 0.397624, 0.698804, 0.05, -0.0457145, 0.115954, -0.00391131, 0.124701, 1004.91, 7863.6, 10, 2e-20, 3e-20, 2e-20, 2e-20, -1
-0.0059045, 0.440558, 0.800677, 0.05, 0.0155089, -0.113362, 0.041972, 0.121873, 1000.77, 1230.31, 10, 2e-20, 3e-20, 2e-20, 2e-20, -1
0.0340554, 0.495147, 0.950753, 0.05, -0.00536124, -0.0264223, -0.178637, 0.18066, 1003.76, 6013.1, 10, 2e-20, 3e-20, 2e-20, 2e-20, -1
0.013794, 0.499985, 0.903039, 0.05, 0.0961384, -0.0808493, -0.154002, 0.198735, 1003.56, 5694.46, 10, 2e-20, 3e-20, 2e-20, 2e-20, -1
0.00842531, 0.449265, 0.949222, 0.05, 0.0763612, -0.0966382, -0.135461, 0.183084, 999.35, -1040.31, 10, 2e-20, 3e-20, 2e-20, 2e-20, -1
-0.023501, 0.42452, 0.881575, 0.05, 0.0347863, 0.0515492, -0.184555, 0.194751, 1008.16, 13054.7, 10, 2e-20, 3e-20, 2e-20, 2e-20, -1
-0.0301932, 0.469603, 1.07992, 0.05, 0.109231, -0.131716, 0.0160998, 0.171871, 1004.68, 7480.06, 10, 2e-20, 3e-20, 2e-20, 2e-20, -1
0.0275425, 0.419421, 0.887338, 0.05, 0.00861923, 0.128328, -0.143783, 0.192914, 1004.44, 7107.29, 10, 2e-20, 3e-20, 2e-20, 2e-20, -1
0.0308239, 0.449498, 0.980349, 0.05, -0.0167757, -0.0318717, -0.00856704, 0.0370219, 1005.96, 9538.29, 10, 2e-20, 3e-20, 2e-20, 2e-20, -1
0.0824387, 0.441138, 1.03262, 0.05, -0.0652488, 0.0996373, -0.116677, 0.166729, 1000.37, 587.173, 10, 2e-20, 3e-20, 2e-20, 2e-20, -1
0.0751053, 0.414023, 0.979553, 0.05, 0.0308077, 0.094571, -0.12162, 0.157112, 1001.69, 2703.02, 10, 2e-20, 3e-20, 2e-20, 2e-20, -1
0.0244517, 0.392224, 0.968823, 0.05, -0.0806695, 0.0461103, -0.12633, 0.156821, 998.647, -2164.78, 10, 2e-20, 3e-20, 2e-20, 2e-20, -1
0.0167262, 0.431094, 1.10877, 0.05, 0.0745484, 0.069289, -0.0877293, 0.134368, 1003.37, 5390.64, 10, 2e-20, 3e-20, 2e-20, 2e-20, -1
0.0943451, 0.398489, 1.00161, 0.05, 0.0329641, 0.0229172, -0.076984, 0.0868237, 1000.83, 1330.62, 10, 2e-20, 3e-20, 2e-20, 2e-20, -1
0.0394894, 0.434002, 1.021, 0.05, -0.0430626, -0.0431316, -0.097624, 0.115088, 998.375, -2600.27, 10, 2e-20, 3e-20, 2e-20, 2e-20, -1
0.0267957, 0.392218, 0.996692, 0.05, -0.072288, 0.110072, -0.0267392, 0.134374, 1003.72, 5958.74, 10, 2e-20, 3e-20, 2e-20, 2e-20, -1
0.0868639, 0.356094, 1.00065, 0.05, 0.12549, -0.000743654, -0.182284, 0.221305, 1001.53, 2450.42, 10, 2e-20, 3e-20, 2e-20, 2e-20, -1
0.0802123, 0.421088, 1.05491, 0.05, -0.100821, 0.0216784, -0.116709, 0.155743, 1001.74, 2786.52, 10, 2e-20, 3e-20, 2e-20, 2e-20, -1
-0.000138624, 0.363815, 1.02706, 0.05, 0.0863845, 0.0517606, -0.110966, 0.14985, 1002.67, 4266.96, 10, 2e-20, 3e-20, 2e-20, 2e-20, -1
0.0976247, 0.423745, 1.08445, 0.05, 0.0465076, 0.136166, 0.140468, 0.201085, 1004.28, 6854.45, 10, 2e-20, 3e-20, 2e-20, 2e-20, -1
0.0477172, 0.377431, 1.02115, 0.05, -0.00586108, -0.00862164, 0.0280034, 0.029881, 1005.28, 8449.56, 10, 2e-20, 3e-20, 2e-20, 2e-20, -1
0.0969073, 0.382526, 1.09546, 0.05, -0.0448844, -0.0318374, -0.0543095, 0.0773159, 1000.02, 31.632, 10, 2e-20, 3e-20, 2e-20, 2e-20, -1
-0.0538466, 0.383997, 1.28858, 0.05, 0.0480005, -0.0665055, -0.0328573, 0.0883551, 1000.82, 1315.93, 10, 2e-20, 3e-20, 2e-20, 2e-20, -1
-0.0202774, 0.402874, 1.32639, 0.05, 0.0509839, 0.119998, -0.0528666, 0.14069, 1001.7, 2725.43, 10, 2e-20, 3e-20, 2e-20, 2e-20, -1
0.0381207, 0.382775, 1.22292, 0.05, 0.0632526, -0.0348988, -0.0356235, 0.0805472, 1002.09, 3344.97, 10, 2e-20, 3e-20, 2e-20, 2e-20, -1
0.0150154, 0.374932, 1.30752, 0.05, 0.0844548, 0.175053, -0.0258484, 0.196073, 996.844, -5049.32, 10, 2e-20, 3e-20, 2e-20, 2e-20, -1
0.0793641, 0.374605, 1.31304, 0.05, -0.0741115, -0.0751915, -0.0797288, 0.132299, 1002.53, 4051.69, 10, 2e-20, 3e-20, 2e-20, 2e-20, -1
-0.076094, 0.391586, 1.32633, 0.05, 0.0652418, -0.107629, -0.189699, 0.227654, 997.338, -4258.52, 10, 2e-20, 3e-20, 2e-20, 2e-20, -1
-0.0451106, 0.424143, 1.38527, 0.05, 0.0797872, 0.0709616, 0.0312597, 0.11126, 1004.61, 7374.53, 10, 2e-20, 3e-20, 2e-20, 2e-20, -1
-0.0561425, 0.326097, 1.23654, 0.05, 0.0018773, -0.0842213, -0.181738, 0.200313, 1001.39, 2228.75, 10, 2e-20, 3e-20, 2e-20, 2e-20, -1
0.00725031, 0.352956, 1.32439, 0.05, 0.102612, -0.147953, 0.134062, 0.224481, 994.777, -8356.23, 10, 2e-20, 3e-20, 2e-20, 2e-20, -1
0.0498443, 0.384154, 1.27284, 0.05, 0.0667147, -0.0447941, -0.135038, 0.157139, 1001.57, 2517.39, 10, 2e-20, 3e-20, 2e-20, 2e-20, -1
-0.00287056, 0.501501, 1.40707, 0.05, 0.184722, 0.20955, -0.0327568, 0.281259, 1006.84, 10945.3, 10, 2e-20, 3e-20, 2e-20, 2e-20, -1
0.013631, 0.448888, 0.225387, 0.05, -0.00816858, -0.206702, -0.0381239, 0.210347, 1004.61, 7372.24, 10, 2e-20, 3e-20, 2e-20, 2e-20, -1
0.0110877, 0.495046, 0.238748, 0.05, 0.171668, 0.0124223, -0.00439217, 0.172173, 1018.13, 29003.9, 10, 2e-20, 3e-20, 2e-20, 2e-20, -1
0.0574259, 0.498559, 0.302044, 0.05, 0.117074, -0.0208925, -0.132147, 0.17778, 1015.19, 24306.5, 10, 2e-20, 3e-20, 2e-20, 2e-20, -1
0.0106107, 0.490388, 0.484659, 0.05, -0.129867, 0.171259, 0.0483302, 0.220297, 1008.63, 13814.4, 10, 2e-20, 3e-20, 2e-20, 2e-20, -1
0.0136639, 0.497104, 0.62832, 0.05, 0.0518258, -0.0952823, 0.029448, 0.112391, 1014.67, 23473.8, 10, 2e-20, 3e-20, 2e-20, 2e-20, -1
0.0382846, 0.381474, 0.244589, 0.05, 0.123599, -0.0525276, 0.0665042, 0.149862, 1005.52, 8829.72, 10, 2e-20, 3e-20, 2e-20, 2e-20, -1
-0.00614471, 0.390181, 0.269603, 0.05, -0.00123923, -0.0429565, -0.143203, 0.149512, 1002.45, 3914.86, 10, 2e-20, 3e-20, 2e-20, 2e-20, -1
0.00753416, 0.501422, 0.53656, 0.05, 0.148718, 0.030668, -0.00393147, 0.151898, 1006.79, 10859.2, 10, 2e-20, 3e-20, 2e-20, 2e-20, -1
0.0560083, 0.502283, 0.569545, 0.05, -0.118979, -0.0595513, -0.0700933, 0.150384, 1007.21, 11534.9, 10, 2e-20, 3e-20, 2e-20, 2e-20, -1
-0.00296581, 0.499106, 0.694137, 0.05, 0.147178, -0.0306164, 0.12937, 0.198331, 1001.05, 1674.75, 10, 2e-20, 3e-20, 2e-20, 2e-20, -1
0.00807242, 0.491888, 0.791517, 0.05, -0.00885836, -0.0120122, 0.100189, 0.101295, 1004.47, 7156.02, 10, 2e-20, 3e-20, 2e-20, 2e-20, -1
-0.00534423, 0.495809, 0.580034, 0.05, -0.0345961, -0.0479262, -0.0559822, 0.0814115, 1004.49, 7186.75, 10, 2e-20, 3e-20, 2e-20, 2e-20, -1
0.0333251, 0.495738, 1.23264, 0.05, 0.317547, 0.0652218, -0.0207647, 0.32484, 1001.74, 2778.69, 10, 2e-20, 3e-20, 2e-20, 2e-20, -1
-0.0173418, 0.496184, 0.842524, 0.05, -0.0922474, 0.00140523, 0.00465454, 0.0923755, 1009.6, 15361.8, 10, 2e-20, 3e-20, 2e-20, 2e-20, -1
-0.0101031, 0.495086, 1.16908, 0.05, -0.0174027, -0.00290107, 0.108815, 0.110236, 1012.66, 20251.4, 10, 2e-20, 3e-20, 2e-20, 2e-20, -1
0.311633, 0.177741, 1.33611, 0.05, -0.176533, -0.0773593, 0.103538, 0.218789, 999.735, -424.332, 10, 2e-20, 3e-20, 2e-20, 2e-20, -1
-0.0236972, 0.430007, 0.747342, 0.05, -0.11531, -0.00265467, -0.0882667, 0.145239, 1001.17, 1865.67, 10, 2e-20, 3e-20, 2e-20, 2e-20, -1
-0.0660239, 0.49616, 1.19793, 0.05, 0.220348, 0.108482, -0.100862, 0.265509, 998.656, -2149.66, 10, 2e-20, 3e-20, 2e-20, 2e-20, -1
-0.0230758, 0.501827, 1.04032, 0.05, 0.121076, -0.0320892, -0.131233, 0.181414, 1005.47, 8753.06, 10, 2e-20, 3e-20, 2e-20, 2e-20, -1
0.0164686, 0.494764, 1.0616, 0.05, 0.217829, -0.0635055, 0.0456894, 0.231452, 1003.94, 6301.86, 10, 2e-20, 3e-20, 2e-20, 2e-20, -1
0.232362, 0.0275007, 1.45475, 0.05, -0.149011, 0.0281425, 0.709287, 0.725317, 1001.6, 2557.64, 10, 2e-20, 3e-20, 2e-20, 2e-20, -1
0.0367517, 0.469759, 1.06357, 0.05, 0.0501251, 0.23495, -0.111105, 0.264686, 1002.87, 4584.37, 10, 2e-20, 3e-20, 2e-20, 2e-20, -1
-0.00822021, 0.493704, 1.28365, 0.05, -0.0297375, -0.134184, -0.101482, 0.170846, 1002.1, 3365.7, 10, 2e-20, 3e-20, 2e-20, 2e-20, -1
-0.0075695, 0.448103, 1.09819, 0.05, 0.0264858, 0.0492332, -0.114831, 0.127717, 1001.96, 3139.59, 10, 2e-20, 3e-20, 2e-20, 2e-20, -1
0.0109188, 0.442724, 1.02847, 0.05, 0.193297, 0.1176, -0.0899374, 0.24348, 997.898, -3363.48, 10, 2e-20, 3e-20, 2e-20, 2e-20, -1
0.190843, 0.162866, 1.33942, 0.05, -0.205622, -0.138056, 0.248703, 0.350988, 999.44, -896.048, 10, 2e-20, 3e-20, 2e-20, 2e-20, -1
-0.0302376, 0.456654, 1.2028, 0.05, 0.122385, -0.000745444, -0.0728424, 0.142424, 1006.46, 10328.8, 10, 2e-20, 3e-20, 2e-20, 2e-20, -1
0.188543, 0.226475, 1.32526, 0.05, -0.109385, -0.102257, 0.266015, 0.305263, 995.824, -6681.13, 10, 2e-20, 3e-20, 2e-20, 2e-20, -1
0.0951119, 0.432424, 1.20856, 0.05, -0.0379431, -0.0518736, 0.00794453, 0.0647585, 999.647, -565.262, 10, 2e-20, 3e-20, 2e-20, 2e-20, -1
0.0596335, 0.431493, 1.27164, 0.05, 0.176863, 0.0101591, 0.0594013, 0.186848, 999.644, -568.86, 10, 2e-20, 3e-20, 2e-20, 2e-20, -1
0.0525906, 0.496356, 1.31396, 0.05, 0.141226, 0.0184546, 0.194597, 0.24115, 1000.43, 685.275, 10, 2e-20, 3e-20, 2e-20, 2e-20, -1
0.0363553, 0.418103, 1.32013, 0.05, 0.0717626, 0.0413091, 0.0452114, 0.0943418, 1003.08, 4934.8, 10, 2e-20, 3e-20, 2e-20, 2e-20, -1
-0.00813448, 0.407385, 1.40328, 0.05, 0.116651, 0.0391562, 0.0935623, 0.154578, 998.115, -3015.69, 10, 2e-20, 3e-20, 2e-20, 2e-20, -1
0.199029, 0.454693, 1.448, 0.05, -0.0161423, 0.0696836, 0.0353425, 0.0797839, 994.184, -9305.84, 10, 2e-20, 3e-20, 2e-20, 2e-20, -1
0.100927, 0.431162, 1.25999, 0.05, -0.112941, 0.0844391, -0.0419665, 0.147128, 1001.15, 1844.61, 10, 2e-20, 3e-20, 2e-20, 2e-20, -1
0.333403, 0.249559, 1.24073, 0.05, -0.23363, 0.0697888, -0.0428254, 0.247563, 997.704, -3673.25, 10, 2e-20, 3e-20, 2e-20, 2e-20, -1
0.0264336, 0.445251, 1.19142, 0.05, 0.00734208, 0.189671, -0.0200483, 0.190869, 1006.17, 9871.16, 10, 2e-20, 3e-20, 2e-20, 2e-20, -1
0.228253, 0.263676, 1.29779, 0.05, -0.169545, -0.0247338, -0.0415039, 0.176294, 998.33, -2671.79, 10, 2e-20, 3e-20, 2e-20, 2e-20, -1
-0.396094, -0.38953, 4.0613, 0.05, -0.0028393, -0.00418982, -2.91607e-05, 0.00506133, 999.904, -153.615, 10, 2e-20, 3e-20, 2e-20, 2e-20, -1
-0.117863, 0.454976, 1.45342, 0.05, 0.261877, -0.0509101, 0.116108, 0.290951, 998.952, -1676.66, 10, 2e-20, 3e-20, 2e-20, 2e-20, -1
0.217701, 0.401405, 1.44485, 0.05, -0.260006, 0.185342, -0.11292, 0.338683, 999.489, -817.703, 10, 2e-20, 3e-20, 2e-20, 2e-20, -1
-0.0809737, 0.344121, 1.27427, 0.05, 0.0979237, 0.000266545, -0.130142, 0.162868, 1004.71, 7543.74, 10, 2e-20, 3e-20, 2e-20, 2e-20, -1
0.738755, -0.0401378, 1.34566, 0.05, -0.142647, -0.0268271, -0.0713791, 0.161749, 998.09, -3056.19, 10, 2e-20, 3e-20, 2e-20, 2e-20, -1
-0.0800362, 0.494074, 1.30739, 0.05, -0.0205584, 0.0481446, -0.0949578, 0.108432, 1003.11, 4975.43, 10, 2e-20, 3e-20, 2e-20, 2e-20, -1
0.223734, 0.492702, 1.45329, 0.05, 0.017695, -0.0914331, 0.125814, 0.156532, 997.333, -4266.87, 10, 2e-20, 3e-20, 2e-20, 2e-20, -1
0.283737, 0.370495, 1.33223, 0.05, -0.181464, -0.0170789, 0.01096, 0.182595, 999.335, -1063.55, 10, 2e-20, 3e-20, 2e-20, 2e-20, -1
0.168316, 0.380026, 1.37748, 0.05, -0.178141, 0.00291334, 0.0380263, 0.182178, 999.369, -1010.04, 10, 2e-20, 3e-20, 2e-20, 2e-20, -1
-0.00447094, 0.456721, 1.43333, 0.05, 0.0354551, -0.094682, 0.138243, 0.171268, 999.608, -626.955, 10, 2e-20, 3e-20, 2e-20, 2e-20, -1
0.716808, -0.364004, 1.36687, 0.05, -0.147068, -0.0109801, 0.0595653, 0.159052, 997.493, -4010.49, 10, 2e-20, 3e-20, 2e-20, 2e-20, -1
0.0842854, 0.499489, 1.3956, 0.05, -0.105674, 0.146474, 0.208267, 0.275675, 1001.22, 1953.22, 10, 2e-20, 3e-20, 2e-20, 2e-20, -1
0.0326213, 0.42381, 1.45617, 0.05, 0.0726264, 0.0503815, 0.115359, 0.145329, 1001.9, 3047.35, 10, 2e-20, 3e-20, 2e-20, 2e-20, -1
0.0359718, -0.447484, 0.0955943, 0.05, -0.0145259, 0.0526325, -0.0680284, 0.0872299, 1000.71, 1143.45, 10, 2e-20, 3e-20, 2e-20, 2e-20, -1
0.0491039, -0.500058, 0.0603823, 0.05, 0.0289501, 0.0469217, -0.0699334, 0.0890529, 1008.93, 14286, 10, 2e-20, 3e-20, 2e-20, 2e-20, -1
0.0454559, -0.494698, 0.118165, 0.05, -0.276758, -0.157163, -0.101368, 0.334022, 1009.13, 14604.6, 10, 2e-20, 3e-20, 2e-20, 2e-20, -1
0.0542246, -0.494279, 0.173138, 0.05, -0.240738, 0.107258, -0.145816, 0.3012, 1007.75, 12399.5, 10, 2e-20, 3e-20, 2e-20, 2e-20, -1
0.0206672, -0.494001, 0.247306, 0.05, -0.2939, -0.143087, -0.0665341, 0.333583, 1008.4, 13433.3, 10, 2e-20, 3e-20, 2e-20, 2e-20, -1
0.0473819, -0.494945, 0.301543, 0.05, 0.00173576, -0.12722, -0.0114506, 0.127746, 1004.26, 6811.96, 10, 2e-20, 3e-20, 2e-20, 2e-20, -1
0.00036407, -0.497458, 0.419678, 0.05, -0.161035, 0.0564446, 0.11507, 0.205814, 1005.2, 8326.37, 10, 2e-20, 3e-20, 2e-20, 2e-20, -1
0.060782, -0.495339, 0.42298, 0.05, 0.0439583, 0.105025, 0.0940098, 0.147649, 1009.84, 15737, 10, 2e-20, 3e-20, 2e-20, 2e-20, -1
0.0973297, -0.497265, 0.593203, 0.05, -0.102659, -0.0527969, 0.079861, 0.140372, 1003.79, 6071.73, 10, 2e-20, 3e-20, 2e-20, 2e-20, -1
0.120777, -0.498579, 0.657188, 0.05, 0.0189732, 0.0143189, 0.060661, 0.0651519, 1006.78, 10854, 10, 2e-20, 3e-20, 2e-20, 2e-20, -1
0.0606392, -0.49398, 0.665598, 0.05, -0.0821717, -0.114641, 0.0699782, 0.157454, 1008.34, 13340.4, 10, 2e-20, 3e-20, 2e-20, 2e-20, -1
0.00918997, -0.493606, 0.689821, 0.05, 0.0253231, -0.147878, 0.0831103, 0.171513, 1005.7, 9120.69, 10, 2e-20, 3e-20, 2e-20, 2e-20, -1
0.00993816, -0.49316, 0.81577, 0.05, 0.0880933, 0.0189594, 0.0529358, 0.104509, 1009.1, 14561.1, 10, 2e-20, 3e-20, 2e-20, 2e-20, -1
0.062022, -0.49589, 0.797731, 0.05, -0.132676, 0.014409, 0.245453, 0.279388, 1006.63, 10611.3, 10, 2e-20, 3e-20, 2e-20, 2e-20, -1
0.0536094, -0.500541, 0.74421, 0.05, -0.0741992, 0.0682193, 0.138341, 0.171166, 1004.63, 7407.5, 10, 2e-20, 3e-20, 2e-20, 2e-20, -1
0.0243187, -0.4959, 0.872398, 0.05, -0.0851993, -0.0398478, 0.113543, 0.147441, 1010, 16000.5, 10, 2e-20, 3e-20, 2e-20, 2e-20, -1
0.0470185, -0.451692, 0.783785, 0.05, -0.0611161, -0.0662284, 0.114016, 0.145331, 1002.46, 3930.92, 10, 2e-20, 3e-20, 2e-20, 2e-20, -1
0.0401085, -0.495728, 1.02718, 0.05, -0.0382067, 0.0998183, 0.18567, 0.214235, 1009.08, 14520.5, 10, 2e-20, 3e-20, 2e-20, 2e-20, -1
-0.00388005, -0.493916, 0.99297, 0.05, 0.0964593, 0.0378211, 0.0727054, 0.126574, 995.846, -6646.6, 10, 2e-20, 3e-20, 2e-20, 2e-20, -1
0.0226414, -0.49714, 0.935721, 0.05, -0.0236289, 0.0317638, 0.137626, 0.143206, 1004.48, 7162.72, 10, 2e-20, 3e-20, 2e-20, 2e-20, -1
0.084594, -0.49532, 1.20858, 0.05, 0.368945, 0.0949392, 0.309261, 0.49069, 1000.14, 218.492, 10, 2e-20, 3e-20, 2e-20, 2e-20, -1
0.0635741, -0.479837, 1.09204, 0.05, -0.14705, 0.0750447, 0.167645, 0.235288, 1006.28, 10050.1, 10, 2e-20, 3e-20, 2e-20, 2e-20, -1
0.0974972, -0.493273, 1.01212, 0.05, -0.0149342, 0.00234761, -0.0437819, 0.0463184, 1004.79, 7666.89, 10, 2e-20, 3e-20, 2e-20, 2e-20, -1
0.0601144, -0.453718, 1.20912, 0.05, -0.33254, 0.12851, 0.250131, 0.435504, 1002.37, 3786.76, 10, 2e-20, 3e-20, 2e-20, 2e-20, -1
0.116053, -0.452047, 1.10129, 0.05, -0.172388, -0.00159716, 0.238937, 0.294637, 1003.9, 6240.82, 10, 2e-20, 3e-20, 2e-20, 2e-20, -1
0.0958406, -0.49166, 1.30609, 0.05, 0.366436, -0.249844, 0.250971, 0.509592, 1003.91, 6261.41, 10, 2e-20, 3e-20, 2e-20, 2e-20, -1
0.0836145, -0.453129, 1.15542, 0.05, -0.126444, 0.013677, 0.14684, 0.194261, 1001.74, 2784.33, 10, 2e-20, 3e-20, 2e-20, 2e-20, -1
0.223762, -0.499213, 1.26318, 0.05, -0.214572, -0.0891604, 0.21296, 0.315187, 997.565, -3896.06, 10, 2e-20, 3e-20, 2e-20, 2e-20, -1
0.1622, -0.458124, 1.27394, 0.05, 0.00175146, -0.0638355, 0.506923, 0.510929, 1000.04, 68.533, 10, 2e-20, 3e-20, 2e-20, 2e-20, -1
0.0693612, -0.408042, 1.15146, 0.05, 0.0142075, -0.0174018, 0.307788, 0.308606, 1004.49, 7189.91, 10, 2e-20, 3e-20, 2e-20, 2e-20, -1
0.0846777, -0.463337, 1.27432, 0.05, 0.082716, -0.079087, 0.524112, 0.536461, 1002.22, 3556.44, 10, 2e-20, 3e-20, 2e-20, 2e-20, -1
0.0642644, -0.419101, 1.31369, 0.05, 0.26284, -0.343905, 0.502453, 0.663185, 1009.67, 15477.1, 10, 2e-20, 3e-20, 2e-20, 2e-20, -1
0.101627, -0.39863, 1.26863, 0.05, -0.208148, -0.225815, 0.38227, 0.490355, 1003.53, 5647.05, 10, 2e-20, 3e-20, 2e-20, 2e-20, -1
0.163864, -0.483483, 1.33689, 0.05, -0.195484, -0.737614, 0.665722, 1.01266, 994.74, -8416.66, 10, 2e-20, 3e-20, 2e-20, 2e-20, -1
0.0274446, -0.369228, 1.154, 0.05, -0.153085, 0.0165555, 0.177605, 0.235059, 1006.07, 9717.16, 10, 2e-20, 3e-20, 2e-20, 2e-20, -1
0.050371, -0.427848, 1.39625, 0.05, 0.274507, -0.176079, 0.344103, 0.474094, 1001.75, 2794.49, 10, 2e-20, 3e-20, 2e-20, 2e-20, -1
0.0506807, -0.496652, 1.32879, 0.05, 0.184939, 0.00623975, 0.280012, 0.335631, 1006.05, 9687.17, 10, 2e-20, 3e-20, 2e-20, 2e-20, -1
0.0732287, -0.348089, 1.25936, 0.05, -0.0369375, -0.100717, 0.214936, 0.24022, 1000.86, 1379.98, 10, 2e-20, 3e-20, 2e-20, 2e-20, -1
-0.00611673, -0.384736, 1.47676, 0.05, -0.517453, -0.0661594, 0.268698, 0.586799, 1000.8, 1281.6, 10, 2e-20, 3e-20, 2e-20, 2e-20, -1
0.0757386, -0.364396, 1.36112, 0.05, -0.379298, -0.0915718, 0.181811, 0.430474, 1001.09, 1746.92, 10, 2e-20, 3e-20, 2e-20, 2e-20, -1
0.064047, -0.358602, 1.30976, 0.05, 0.00954971, 0.210691, 0.169816, 0.270776, 1001.51, 2416.75, 10, 2e-20, 3e-20, 2e-20, 2e-20, -1
0.0510049, -0.497406, 1.34965, 0.05, 0.0625513, 0.166517, 0.106305, 0.207223, 996.073, -6283.16, 10, 2e-20, 3e-20, 2e-20, 2e-20, -1
0.0176109, -0.462902, 1.35685, 0.05, 0.0980767, -0.0585517, 0.329401, 0.348644, 1008.97, 14348.4, 10, 2e-20, 3e-20, 2e-20, 2e-20, -1
0.112578, -0.420473, 1.42607, 0.05, 0.287737, 0.354682, -0.738326, 0.868169, 994.367, -9012.27, 10, 2e-20, 3e-20, 2e-20, 2e-20, -1
-0.029551, -0.481484, 1.45822, 0.05, 0.0458219, -0.271719, 0.117892, 0.299715, 1001.34, 2144.73, 10, 2e-20, 3e-20, 2e-20, 2e-20, -1
0.106335, -0.34846, 1.36834, 0.05, -0.606686, 0.608386, -0.106605, 0.865775, 994.465, -8855.89, 10, 2e-20, 3e-20, 2e-20, 2e-20, -1
0.0704543, -0.294983, 1.37415, 0.05, 0.079275, 0.0759975, 0.114426, 0.158598, 999.604, -634.389, 10, 2e-20, 3e-20, 2e-20, 2e-20, -1
-0.0229669, -0.506734, 1.35777, 0.05, 0.192861, -0.107042, 0.374975, 0.43504, 1003.48, 5561.02, 10, 2e-20, 3e-20, 2e-20, 2e-20, -1
0.130304, -0.295664, 1.42594, 0.05, -0.362384, 0.186321, 0.458262, 0.613223, 998.959, -1664.87, 10, 2e-20, 3e-20, 2e-20, 2e-20, -1
0.0970694, -0.332986, 1.449, 0.05, -0.161456, 0.327204, 0.144072, 0.392285, 992.801, -11518.7, 10, 2e-20, 3e-20, 2e-20, 2e-20, -1
0.130942, -0.467232, 1.41683, 0.05, 0.119873, 0.102489, -0.416466, 0.445328, 996.209, -6066.13, 10, 2e-20, 3e-20, 2e-20, 2e-20, -1
0.0241479, -0.417524, 0.131087, 0.05, 0.0711417, 0.19081, -0.134173, 0.243869, 998.907, -1748.85, 10, 2e-20, 3e-20, 2e-20, 2e-20, -1
0.0484573, -0.443293, 0.161418, 0.05, 0.133864, 0.00194895, -0.206248, 0.245889, 1002.37, 3795.33, 10, 2e-20, 3e-20, 2e-20, 2e-20, -1
0.0568924, -0.386185, 0.113594, 0.05, 0.0676444, -0.0712298, 0.101178, 0.141019, 1003.62, 5784.93, 10, 2e-20, 3e-20, 2e-20, 2e-20, -1
-0.00739296, -0.441243, 0.151647, 0.05, 0.0547672, 0.00667398, 0.113316, 0.126034, 1005.33, 8521.06, 10, 2e-20, 3e-20, 2e-20, 2e-20, -1
0.0120699, -0.441802, 0.240428, 0.05, -0.224332, -0.0975821, 0.111026, 0.268653, 1005.97, 9545.2, 10, 2e-20, 3e-20, 2e-20, 2e-20, -1
0.0494286, -0.446677, 0.275225, 0.05, 0.0378693, 0.0980874, 0.152701, 0.185399, 995.715, -6855.43, 10, 2e-20, 3e-20, 2e-20, 2e-20, -1
0.0861503, -0.393901, 0.270476, 0.05, -0.179794, 0.208172, -0.118106, 0.299351, 1009.19, 14696.7, 10, 2e-20, 3e-20, 2e-20, 2e-20, -1
0.0515247, -0.440265, 0.326837, 0.05, 0.0600109, 0.169017, 0.131163, 0.222198, 1003.72, 5950.1, 10, 2e-20, 3e-20, 2e-20, 2e-20, -1
0.0860038, -0.432805, 0.402222, 0.05, -0.00419836, -0.0484879, 0.139988, 0.148207, 1003.57, 5715.16, 10, 2e-20, 3e-20, 2e-20, 2e-20, -1
0.0807909, -0.447794, 0.449122, 0.05, 0.0517015, 0.205536, 0.0546677, 0.218876, 1009.21, 14738.3, 10, 2e-20, 3e-20, 2e-20, 2e-20, -1
0.122983, -0.453614, 0.462476, 0.05, -0.0117043, -0.0991831, 0.0205176, 0.101957, 1005.05, 8076.14, 10, 2e-20, 3e-20, 2e-20, 2e-20, -1
0.0904128, -0.449261, 0.552402, 0.05, -0.0183508, -0.0250132, 0.105745, 0.110202, 1000.47, 747.968, 10, 2e-20, 3e-20, 2e-20, 2e-20, -1
0.0900487, -0.447713, 0.504244, 0.05, -0.0510797, -0.0118227, 0.162141, 0.170407, 1003.11, 4972.67, 10, 2e-20, 3e-20, 2e-20, 2e-20, -1
0.0551372, -0.418611, 0.503724, 0.05, -0.0038898, 0.0413305, 0.0245077, 0.0482076, 1004.98, 7968.02, 10, 2e-20, 3e-20, 2e-20, 2e-20, -1
0.0759951, -0.444676, 0.58828, 0.05, -0.109843, -0.0987945, 0.047762, 0.155265, 1007.28, 11646.6, 10, 2e-20, 3e-20, 2e-20, 2e-20, -1
0.0558636, -0.408671, 0.561748, 0.05, -0.0626155, 0.0382633, 0.0801212, 0.108647, 1001.03, 1649.4, 10, 2e-20, 3e-20, 2e-20, 2e-20, -1
0.0763898, -0.4638, 0.711065, 0.05, -0.0736223, -0.0183012, 0.0198173, 0.0784086, 1003.15, 5044.58, 10, 2e-20, 3e-20, 2e-20, 2e-20, -1
0.0899853, -0.419861, 0.618932, 0.05, -0.0621683, 0.113889, 0.14276, 0.192915, 1000.43, 686.139, 10, 2e-20, 3e-20, 2e-20, 2e-20, -1
0.0565043, -0.439945, 0.663637, 0.05, 0.0288309, 0.0156656, 0.0528978, 0.0622479, 1004.79, 7659.26, 10, 2e-20, 3e-20, 2e-20, 2e-20, -1
0.122135, -0.441226, 0.718843, 0.05, 0.0276847, -0.0545808, 0.0684401, 0.0918127, 1004.76, 7621.5, 10, 2e-20, 3e-20, 2e-20, 2e-20, -1
0.0330202, -0.441339, 0.83863, 0.05, -0.112074, -0.0348404, 0.220973, 0.250207, 1001.93, 3091.6, 10, 2e-20, 3e-20, 2e-20, 2e-20, -1
0.0588541, -0.460082, 0.884324, 0.05, -0.079163, -0.111665, 0.0762903, 0.156704, 1006.82, 10906.3, 10, 2e-20, 3e-20, 2e-20, 2e-20, -1
0.0336702, -0.445156, 0.947839, 0.05, -0.032143, 0.034332, 0.174232, 0.180467, 1001.97, 3157.88, 10, 2e-20, 3e-20, 2e-20, 2e-20, -1
0.103471, -0.429282, 0.88009, 0.05, 0.127674, 0.0419954, 0.144245, 0.197157, 1001.15, 1840.02, 10, 2e-20, 3e-20, 2e-20, 2e-20, -1
0.0403745, -0.38946, 0.847109, 0.05, -0.0216342, 0.157379, 0.0483994, 0.166068, 1005.01, 8008.44, 10, 2e-20, 3e-20, 2e-20, 2e-20, -1
0.112086, -0.449478, 1.03489, 0.05, -0.0212885, -0.0253129, 0.14833, 0.151973, 1007.38, 11802.7, 10, 2e-20, 3e-20, 2e-20, 2e-20, -1
0.0589849, -0.411119, 0.894407, 0.05, -0.0306406, 0.048259, 0.0552623, 0.0795092, 1009.16, 14658.6, 10, 2e-20, 3e-20, 2e-20, 2e-20, -1
0.133156, -0.411653, 0.986376, 0.05, -0.0995222, -0.0657327, 0.0623413, 0.13458, 1008.69, 13911.9, 10, 2e-20, 3e-20, 2e-20, 2e-20, -1
0.0953976, -0.390206, 1.01999, 0.05, -0.103391, 0.00799315, 0.107037, 0.149032, 1004.42, 7071.46, 10, 2e-20, 3e-20, 2e-20, 2e-20, -1
0.102983, -0.322566, 0.795853, 0.05, -0.022981, 0.0229557, 0.194283, 0.19698, 1004.26, 6812.57, 10, 2e-20, 3e-20, 2e-20, 2e-20, -1
0.0795737, -0.365302, 0.929334, 0.05, -0.1449, 0.00556526, 0.220732, 0.264102, 1002.97, 4748.87, 10, 2e-20, 3e-20, 2e-20, 2e-20, -1
0.102222, -0.43157, 1.22145, 0.05, -0.0520478, -0.0105907, 0.200787, 0.207693, 997.862, -3420.51, 10, 2e-20, 3e-20, 2e-20, 2e-20, -1
0.117887, -0.38525, 0.931686, 0.05, 0.129391, -0.147845, 0.0796364, 0.211996, 999.938, -99.325, 10, 2e-20, 3e-20, 2e-20, 2e-20, -1
0.0699139, -0.430547, 1.26836, 0.05, -0.273813, 0.23635, 0.210764, 0.418636, 995.345, -7447.23, 10, 2e-20, 3e-20, 2e-20, 2e-20, -1
0.12232, -0.402831, 1.13766, 0.05, -0.0469866, -0.0745378, 0.242994, 0.258476, 999.838, -259.373, 10, 2e-20, 3e-20, 2e-20, 2e-20, -1
0.100435, -0.373131, 1.16202, 0.05, -0.114731, -0.0384698, 0.296276, 0.320035, 1005.25, 8392.95, 10, 2e-20, 3e-20, 2e-20, 2e-20, -1
0.0251765, -0.310508, 1.06869, 0.05, -0.135735, 0.107018, 0.195838, 0.261208, 1004.97, 7945.72, 10, 2e-20, 3e-20, 2e-20, 2e-20, -1
0.0296816, -0.269323, 1.02059, 0.05, -0.0443245, 0.0213393, 0.137399, 0.14594, 1001.66, 2656.7, 10, 2e-20, 3e-20, 2e-20, 2e-20, -1
0.024569, -0.262216, 1.07379, 0.05, 0.00378806, -0.0236696, 0.093522, 0.0965451, 1000.38, 607.252, 10, 2e-20, 3e-20, 2e-20, 2e-20, -1
0.059489, -0.350246, 1.18843, 0.05, -0.0402764, 0.00506182, 0.190303, 0.194584, 1000.76, 1217.45, 10, 2e-20, 3e-20, 2e-20, 2e-20, -1
0.0173814, -0.249939, 1.10697, 0.05, -0.0786513, -0.0474444, 0.0889806, 0.127885, 1006.1, 9754.42, 10, 2e-20, 3e-20, 2e-20, 2e-20, -1
0.0971794, -0.340768, 1.22289, 0.05, -0.139169, -0.208838, 0.1812, 0.30954, 1003.89, 6226.82, 10, 2e-20, 3e-20, 2e-20, 2e-20, -1
0.0372455, -0.376565, 1.27236, 0.05, 0.0809157, -0.198663, 0.361024, 0.419943, 1005.86, 9380.49, 10, 2e-20, 3e-20, 2e-20, 2e-20, -1
0.0850679, -0.325523, 1.17661, 0.05, -0.0911233, 0.12571, 0.032235, 0.158573, 996.141, -6174.2, 10, 2e-20, 3e-20, 2e-20, 2e-20, -1
0.0636264, -0.278355, 1.20296, 0.05, -0.0874431, -0.121356, -0.0755517, 0.167576, 1000.42, 678.939, 10, 2e-20, 3e-20, 2e-20, 2e-20, -1
0.134209, -0.337821, 1.30404, 0.05, -0.201, -0.0902229, 0.248517, 0.332117, 995.688, -6899.01, 10, 2e-20, 3e-20, 2e-20, 2e-20, -1
0.0557401, -0.31008, 1.31284, 0.05, -0.112451, 0.0667574, 0.0828557, 0.154812, 1004.01, 6420.7, 10, 2e-20, 3e-20, 2e-20, 2e-20, -1
0.0442497, -0.321888, 1.22331, 0.05, -0.207371, -0.120976, 0.180572, 0.300407, 1006.18, 9881.47, 10, 2e-20, 3e-20, 2e-20, 2e-20, -1
0.0349306, -0.267754, 1.33221, 0.05, -0.0321345, -0.0777057, 0.25633, 0.26977, 1008.85, 14159.5, 10, 2e-20, 3e-20, 2e-20, 2e-20, -1
0.0424672, -0.309716, 1.27365, 0.05, -0.19706, -0.164763, 0.22289, 0.340087, 1002.33, 3729.3, 10, 2e-20, 3e-20, 2e-20, 2e-20, -1
0.0423676, -0.290986, 1.3827, 0.05, -0.196009, -0.194088, 0.389102, 0.476959, 999.844, -249.884, 10, 2e-20, 3e-20, 2e-20, 2e-20, -1
0.0399862, -0.396322, 0.0715388, 0.05, -0.00535507, -0.0589058, -0.249622, 0.256534, 1003.8, 6082.37, 10, 2e-20, 3e-20, 2e-20, 2e-20, -1
0.0906561, -0.405922, 0.136109, 0.05, 0.0594776, -0.0046563, 0.0783342, 0.0984658, 1004.89, 7818.34, 10, 2e-20, 3e-20, 2e-20, 2e-20, -1
0.0833106, -0.413299, 0.194803, 0.05, -0.162915, 0.0260747, -0.0260709, 0.167035, 1004.61, 7372.72, 10, 2e-20, 3e-20, 2e-20, 2e-20, -1
0.010525, -0.416983, 0.193797, 0.05, 0.130454, -0.226275, -0.038045, 0.263943, 1005.41, 8656.74, 10, 2e-20, 3e-20, 2e-20, 2e-20, -1
0.075782, -0.440888, 0.239324, 0.05, 0.0836514, -0.0589202, -0.0893585, 0.135846, 1000.95, 1527.68, 10, 2e-20, 3e-20, 2e-20, 2e-20, -1
0.0458622, -0.40233, 0.233453, 0.05, -0.0402962, 0.118617, 0.037647, 0.13081, 1003.01, 4820.87, 10, 2e-20, 3e-20, 2e-20, 2e-20, -1
0.0597665, -0.362613, 0.241981, 0.05, -0.00871013, -0.188013, 0.235619, 0.301565, 1001.04, 1656.48, 10, 2e-20, 3e-20, 2e-20, 2e-20, -1
0.0486354, -0.374774, 0.292111, 0.05, 0.0200927, -0.0837232, -0.0472111, 0.0981946, 1005.96, 9543.87, 10, 2e-20, 3e-20, 2e-20, 2e-20, -1
0.0378999, -0.388723, 0.342253, 0.05, -0.159905, 0.0914937, -0.0420624, 0.18897, 1007.14, 11417.5, 10, 2e-20, 3e-20, 2e-20, 2e-20, -1
0.0958132, -0.339568, 0.282398, 0.05, -0.0146912, -0.124643, -0.0977319, 0.15907, 1001.41, 2256.62, 10, 2e-20, 3e-20, 2e-20, 2e-20, -1
0.0737145, -0.341538, 0.324379, 0.05, -0.168753, -0.0926876, -0.0697056, 0.204762, 1001.42, 2274.05, 10, 2e-20, 3e-20, 2e-20, 2e-20, -1
0.0704462, -0.388461, 0.378329, 0.05, -0.100641, -0.00288992, 0.0607823, 0.117607, 999.402, -956.627, 10, 2e-20, 3e-20, 2e-20, 2e-20, -1
0.0421231, -0.342737, 0.381079, 0.05, -0.0838214, -0.0555132, 0.0551884, 0.114689, 1006.53, 10455.9, 10, 2e-20, 3e-20, 2e-20, 2e-20, -1
0.0581625, -0.402427, 0.44091, 0.05, -0.0496334, -0.0251114, -0.0039739, 0.055766, 1004.09, 6545.84, 10, 2e-20, 3e-20, 2e-20, 2e-20, -1
0.0141094, -0.387735, 0.47785, 0.05, -0.010498, 0.0343986, 0.0421851, 0.0554351, 1001.86, 2980.96, 10, 2e-20, 3e-20, 2e-20, 2e-20, -1
0.0683649, -0.316689, 0.416693, 0.05, -0.23902, -0.0211454, 0.0178067, 0.240613, 1005.46, 8732.25, 10, 2e-20, 3e-20, 2e-20, 2e-20, -1
0.0828236, -0.381054, 0.523715, 0.05, -0.0195935, -0.0474915, -0.0536904, 0.0743102, 1001.4, 2232.36, 10, 2e-20, 3e-20, 2e-20, 2e-20, -1
0.0347607, -0.395298, 0.61148, 0.05, -0.00635364, -0.0364122, 0.0779363, 0.0862571, 1004.87, 7796.72, 10, 2e-20, 3e-20, 2e-20, 2e-20, -1
0.0681701, -0.360909, 0.471391, 0.05, -0.147781, -0.051124, 0.154852, 0.220073, 1007.33, 11720.6, 10, 2e-20, 3e-20, 2e-20, 2e-20, -1
0.0829606, -0.332785, 0.539723, 0.05, 0.0108876, -0.084879, -0.0877764, 0.122587, 1006.74, 10776.3, 10, 2e-20, 3e-20, 2e-20, 2e-20, -1
0.037471, -0.410071, 0.696576, 0.05, -0.124797, -0.0428044, 0.23013, 0.265267, 1005.36, 8575.01, 10, 2e-20, 3e-20, 2e-20, 2e-20, -1
0.0558638, -0.381717, 0.655884, 0.05, 0.0347084, -0.094326, -0.100331, 0.142016, 1003, 4798.78, 10, 2e-20, 3e-20, 2e-20, 2e-20, -1
0.076132, -0.423667, 0.738013, 0.05, -0.125332, 0.0527674, 0.0721394, 0.153937, 1001.59, 2536.51, 10, 2e-20, 3e-20, 2e-20, 2e-20, -1
0.0956264, -0.294212, 0.580379, 0.05, 0.00314759, 0.0644144, 0.00314828, 0.0645681, 1002.52, 4037.73, 10, 2e-20, 3e-20, 2e-20, 2e-20, -1
0.0333218, -0.409078, 0.752013, 0.05, 0.0618749, -0.0730879, -0.0127088, 0.0966015, 1002.85, 4560.01, 10, 2e-20, 3e-20, 2e-20, 2e-20, -1
0.0694051, -0.387678, 0.780979, 0.05, 0.0644314, 0.0116858, 0.0896913, 0.111052, 1001.77, 2839.65, 10, 2e-20, 3e-20, 2e-20, 2e-20, -1
0.051123, -0.336652, 0.780743, 0.05, 0.0445824, -0.0678879, 0.0575817, 0.0995591, 1005.91, 9454.93, 10, 2e-20, 3e-20, 2e-20, 2e-20, -1
0.0754626, -0.365089, 0.820082, 0.05, 0.0364739, -0.0614274, 0.015658, 0.0731359, 1002.92, 4679.37, 10, 2e-20, 3e-20, 2e-20, 2e-20, -1
0.0846175, -0.410445, 0.956602, 0.05, -0.0761419, 0.0153471, 0.236384, 0.248818, 1002.1, 3357.76, 10, 2e-20, 3e-20, 2e-20, 2e-20, -1
0.0866481, -0.310509, 0.753017, 0.05, -0.0643318, 0.14882, 0.0335449, 0.165563, 1006.01, 9623.55, 10, 2e-20, 3e-20, 2e-20, 2e-20, -1
0.116393, -0.270718, 0.733666, 0.05, 0.0126006, -0.0335077, 0.00564635, 0.0362412, 1001.74, 2789.1, 10, 2e-20, 3e-20, 2e-20, 2e-20, -1
0.043605, -0.288462, 0.792112, 0.05, -0.00822092, -0.0886803, -0.00606181, 0.0892666, 1005.72, 9150.04, 10, 2e-20, 3e-20, 2e-20, 2e-20, -1
0.0813587, -0.342129, 0.99243, 0.05, -0.0927398, -0.0174311, -0.0135462, 0.095331, 1005.34, 8544.35, 10, 2e-20, 3e-20, 2e-20, 2e-20, -1
0.125686, -0.36536, 0.977354, 0.05, -0.0761457, 0.0690792, 0.0511823, 0.114847, 1007.01, 11221.8, 10, 2e-20, 3e-20, 2e-20, 2e-20, -1
0.0712122, -0.397627, 1.20412, 0.05, -0.0638502, 0.0493494, 0.246249, 0.259134, 1001.57, 2511.88, 10, 2e-20, 3e-20, 2e-20, 2e-20, -1
0.0355787, -0.353442, 1.05986, 0.05, -0.192495, 0.0162195, 0.233515, 0.303062, 1004.81, 7692.77, 10, 2e-20, 3e-20, 2e-20, 2e-20, -1
0.0637524, -0.359609, 1.11555, 0.05, -0.0882174, 0.0302592, 0.251678, 0.268402, 1007.54, 12059.1, 10, 2e-20, 3e-20, 2e-20, 2e-20, -1
0.0797135, -0.332463, 1.06941, 0.05, -0.000698174, -0.0615325, 0.226235, 0.234454, 1007.13, 11404.5, 10, 2e-20, 3e-20, 2e-20, 2e-20, -1
0.0943592, -0.30448, 1.03103, 0.05, -0.0519636, -0.025801, -0.053696, 0.0790517, 1000.1, 167.74, 10, 2e-20, 3e-20, 2e-20, 2e-20, -1
0.0464907, -0.180841, 0.983954, 0.05, -0.0437273, -0.03558, 0.116032, 0.129001, 1000.4, 647.288, 10, 2e-20, 3e-20, 2e-20, 2e-20, -1
0.0430113, -0.216344, 1.01178, 0.05, -0.0318724, -0.122306, 0.0504471, 0.136087, 1003.43, 5495.09, 10, 2e-20, 3e-20, 2e-20, 2e-20, -1
0.0864461, -0.139723, 1.0059, 0.05, -0.129705, -0.104992, -0.0346814, 0.170439, 1001.4, 2237.31, 10, 2e-20, 3e-20, 2e-20, 2e-20, -1
0.0881899, -0.328865, 1.12927, 0.05, -0.00599639, 0.00068645, 0.297049, 0.297111, 1000.6, 959.582, 10, 2e-20, 3e-20, 2e-20, 2e-20, -1
0.0664773, -0.249961, 1.10491, 0.05, -0.169316, 0.0808215, 0.0607232, 0.197199, 1002.95, 4726.37, 10, 2e-20, 3e-20, 2e-20, 2e-20, -1
0.057385, -0.285505, 1.15648, 0.05, -0.00459887, -0.150307, 0.246434, 0.288692, 1002.24, 3582.71, 10, 2e-20, 3e-20, 2e-20, 2e-20, -1
0.0197529, -0.367299, 1.32009, 0.05, 0.0696074, 0.0196067, 0.0707316, 0.101156, 995.649, -6961.97, 10, 2e-20, 3e-20, 2e-20, 2e-20, -1
0.082864, -0.203893, 1.09171, 0.05, -0.136625, -0.0126762, 0.0410905, 0.143232, 1000.81, 1296.85, 10, 2e-20, 3e-20, 2e-20, 2e-20, -1
0.0569877, -0.234462, 1.15421, 0.05, -0.11102, 0.0431276, 0.12789, 0.17476, 1004.11, 6578.02, 10, 2e-20, 3e-20, 2e-20, 2e-20, -1
0.0598939, -0.230421, 1.21193, 0.05, -0.112444, 0.0865785, 0.0903087, 0.168212, 1005.77, 9236.02, 10, 2e-20, 3e-20, 2e-20, 2e-20, -1
0.027487, -0.265681, 1.28391, 0.05, -0.0409377, -0.200531, 0.174309, 0.268835, 1000.65, 1040.96, 10, 2e-20, 3e-20, 2e-20, 2e-20, -1
0.0930458, -0.264832, 1.41807, 0.05, -0.0169895, -0.0360311, 0.068371, 0.0791294, 999.378, -995.054, 10, 2e-20, 3e-20, 2e-20, 2e-20, -1
0.0082703, -0.312048, 0.113833, 0.05, 0.0913996, 0.0291289, -0.247787, 0.265708, 1007.86, 12575, 10, 2e-20, 3e-20, 2e-20, 2e-20, -1
0.0473417, -0.340769, 0.089028, 0.05, -0.203886, -0.35393, -0.0695243, 0.414331, 1005.24, 8389.83, 10, 2e-20, 3e-20, 2e-20, 2e-20, -1
0.0888906, -0.353804, 0.135353, 0.05, -0.124971, -0.132253, -0.037709, 0.185824, 1001.95, 3124.73, 10, 2e-20, 3e-20, 2e-20, 2e-20, -1
0.0752051, -0.313591, 0.116111, 0.05, 0.163008, -0.165082, 0.249481, 0.340682, 1003.63, 5813.88, 10, 2e-20, 3e-20, 2e-20, 2e-20, -1
0.052602, -0.388895, 0.167671, 0.05, -0.0357589, -0.113059, -0.263624, 0.289065, 1001.5, 2403.74, 10, 2e-20, 3e-20, 2e-20, 2e-20, -1
0.0559363, -0.319154, 0.169358, 0.05, 0.0398927, -0.101922, -0.0253374, 0.112345, 1002.45, 3912.14, 10, 2e-20, 3e-20, 2e-20, 2e-20, -1
0.0466278, -0.314391, 0.228517, 0.05, -0.112225, -0.0521687, -0.11566, 0.169391, 1006.67, 10679.2, 10, 2e-20, 3e-20, 2e-20, 2e-20, -1
0.0597898, -0.264063, 0.239865, 0.05, -0.0135517, -0.245127, -0.0381798, 0.248452, 1011.02, 17629.8, 10, 2e-20, 3e-20, 2e-20, 2e-20, -1
0.0523067, -0.313126, 0.275819, 0.05, -0.0159922, -0.00879236, -0.150393, 0.151497, 1006.32, 10104.5, 10, 2e-20, 3e-20, 2e-20, 2e-20, -1
0.0637716, -0.220226, 0.282524, 0.05, -0.0949125, -0.161323, -0.109963, 0.217083, 1006.35, 10163.7, 10, 2e-20, 3e-20, 2e-20, 2e-20, -1
0.0948351, -0.292914, 0.290186, 0.05, -0.133743, 0.0479332, -0.098866, 0.173087, 1002.28, 3649.5, 10, 2e-20, 3e-20, 2e-20, 2e-20, -1
0.0849379, -0.180094, 0.309937, 0.05, 0.00658791, 0.201382, 0.0570842, 0.20942, 1002.81, 4490.16, 10, 2e-20, 3e-20, 2e-20, 2e-20, -1
0.0488792, -0.295553, 0.330645, 0.05, -0.0786833, -0.0760928, 0.0860821, 0.139253, 1009.04, 14470.8, 10, 2e-20, 3e-20, 2e-20, 2e-20, -1
0.0526794, -0.264922, 0.288379, 0.05, 0.14333, 0.0105064, 0.0721181, 0.160794, 1003.85, 6156.41, 10, 2e-20, 3e-20, 2e-20, 2e-20, -1
0.0841894, -0.317696, 0.357078, 0.05, -0.0633661, -0.0683898, 0.117409, 0.149924, 1008.7, 13923.3, 10, 2e-20, 3e-20, 2e-20, 2e-20, -1
0.0496807, -0.240309, 0.330638, 0.05, -0.146014, 0.0123046, 0.124363, 0.192192, 1006.21, 9935.91, 10, 2e-20, 3e-20, 2e-20, 2e-20, -1
0.102801, -0.282098, 0.392451, 0.05, -0.145954, 0.0923205, 0.0717143, 0.186999, 1006.69, 10700.1, 10, 2e-20, 3e-20, 2e-20, 2e-20, -1
0.0268513, -0.293929, 0.438956, 0.05, 0.0238741, -0.00315503, -0.0917255, 0.094834, 1007.46, 11932.1, 10, 2e-20, 3e-20, 2e-20, 2e-20, -1
0.0577981, -0.305066, 0.488721, 0.05, 0.061035, 0.028008, -0.00517579, 0.0673536, 1007.02, 11224.7, 10, 2e-20, 3e-20, 2e-20, 2e-20, -1
0.0459676, -0.3046, 0.555153, 0.05, 0.0842304, 0.0396915, 0.0513403, 0.10633, 1002.13, 3401.44, 10, 2e-20, 3e-20, 2e-20, 2e-20, -1
0.00255334, -0.385299, 0.63436, 0.05, -0.00725964, -0.0627819, -0.0818931, 0.103444, 1007.65, 12244.4, 10, 2e-20, 3e-20, 2e-20, 2e-20, -1
0.0826246, -0.372685, 0.612801, 0.05, -0.067267, -0.105767, 0.179829, 0.219203, 1006.05, 9673.36, 10, 2e-20, 3e-20, 2e-20, 2e-20, -1
0.0586327, -0.325034, 0.601264, 0.05, -0.0576504, -0.00155348, 0.194756, 0.203115, 1004.68, 7488.96, 10, 2e-20, 3e-20, 2e-20, 2e-20, -1
0.0523091, -0.208067, 0.569396, 0.05, 0.0153264, 0.0827416, 0.0299324, 0.0893142, 1007.29, 11660.7, 10, 2e-20, 3e-20, 2e-20, 2e-20, -1
0.0500419, -0.23418, 0.623538, 0.05, 0.063093, -0.0289654, 0.0271784, 0.0745546, 1006.78, 10849.7, 10, 2e-20, 3e-20, 2e-20, 2e-20, -1
0.0626361, -0.37524, 0.730723, 0.05, -0.0554108, -0.132167, 0.153649, 0.21011, 1004.29, 6864.01, 10, 2e-20, 3e-20, 2e-20, 2e-20, -1
0.0373019, -0.350755, 0.69552, 0.05, -0.0758824, -0.0618434, -0.000784958, 0.0978947, 1003.99, 6383.33, 10, 2e-20, 3e-20, 2e-20, 2e-20, -1
0.06576, -0.324368, 0.649206, 0.05, -0.109499, -0.0456332, 0.00319451, 0.11867, 1002.23, 3575.2, 10, 2e-20, 3e-20, 2e-20, 2e-20, -1
0.0693801, -0.305676, 0.707197, 0.05, -0.0963763, 0.0412416, 0.0453442, 0.114216, 999.952, -76.9042, 10, 2e-20, 3e-20, 2e-20, 2e-20, -1
0.0322167, -0.305201, 0.742544, 0.05, -0.131757, 0.00510488, 0.129434, 0.184768, 1004.91, 7856.3, 10, 2e-20, 3e-20, 2e-20, 2e-20, -1
0.0713486, -0.263215, 0.755062, 0.05, 0.00941477, 0.0200198, 0.0433398, 0.0486597, 1001.48, 2367.51, 10, 2e-20, 3e-20, 2e-20, 2e-20, -1
0.119857, -0.27764, 0.787481, 0.05, 0.00270783, 0.125775, -0.00688604, 0.125992, 1002.29, 3659.04, 10, 2e-20, 3e-20, 2e-20, 2e-20, -1
0.0752589, -0.306989, 0.831131, 0.05, -0.0971653, -0.0243844, 0.141895, 0.173695, 1003.49, 5587.75, 10, 2e-20, 3e-20, 2e-20, 2e-20, -1
0.124693, -0.293154, 0.83858, 0.05, -0.0221661, -0.000491999, 0.0560104, 0.060239, 998.044, -3128.81, 10, 2e-20, 3e-20, 2e-20, 2e-20, -1
0.0947991, -0.332341, 0.890537, 0.05, 0.00180741, 0.100361, -0.0207278, 0.102495, 1001.59, 2538.07, 10, 2e-20, 3e-20, 2e-20, 2e-20, -1
0.0935103, -0.236054, 0.837879, 0.05, 0.036936, -0.132691, 0.0637032, 0.151754, 1001.39, 2226.94, 10, 2e-20, 3e-20, 2e-20, 2e-20, -1
0.105095, -0.30182, 0.921666, 0.05, -0.0449042, 0.0673565, 0.113323, 0.139267, 1001.85, 2964.08, 10, 2e-20, 3e-20, 2e-20, 2e-20, -1
0.0947096, -0.295286, 0.975294, 0.05, -0.04005, -0.0975517, 0.0692243, 0.126144, 995.227, -7636.58, 10, 2e-20, 3e-20, 2e-20, 2e-20, -1
0.0396236, -0.31843, 1.01448, 0.05, -0.00631681, 0.0535574, 0.140361, 0.150364, 1000.33, 534.81, 10, 2e-20, 3e-20, 2e-20, 2e-20, -1
0.133684, -0.261909, 0.939309, 0.05, -0.0692683, -0.0318747, 0.0026584, 0.0762965, 1003.77, 6033.35, 10, 2e-20, 3e-20, 2e-20, 2e-20, -1
0.0856566, -0.253041, 0.949162, 0.05, 0.0212989, -0.0339799, 0.0309006, 0.0506273, 998.72, -2047.36, 10, 2e-20, 3e-20, 2e-20, 2e-20, -1
0.0126526, -0.235818, 0.981531, 0.05, 0.0486852, -0.233975, 0.0318373, 0.241098, 1002.2, 3527.58, 10, 2e-20, 3e-20, 2e-20, 2e-20, -1
0.125893, -0.210348, 0.958532, 0.05, -0.115251, -0.00321612, -0.0476742, 0.124763, 1002.53, 4050.37, 10, 2e-20, 3e-20, 2e-20, 2e-20, -1
0.0127572, -0.0923656, 1.01217, 0.05, 0.0112454, -0.0657965, 0.00847973, 0.0672871, 996.002, -6396.28, 10, 2e-20, 3e-20, 2e-20, 2e-20, -1
0.0577776, -0.133744, 0.958936, 0.05, -0.105976, -0.0768622, 0.109799, 0.170864, 1006.67, 10674.1, 10, 2e-20, 3e-20, 2e-20, 2e-20, -1
0.0704032, -0.178687, 1.03872, 0.05, -0.108274, -0.0274693, 0.092684, 0.145149, 1001.7, 2724.3, 10, 2e-20, 3e-20, 2e-20, 2e-20, -1
0.0626444, -0.097398, 0.99895, 0.05, 0.000173096, -0.134229, -0.00208583, 0.134246, 1000.59, 938.438, 10, 2e-20, 3e-20, 2e-20, 2e-20, -1
0.0897019, -0.157319, 1.09322, 0.05, -0.121427, -0.113804, 0.151594, 0.225115, 1004.53, 7252.54, 10, 2e-20, 3e-20, 2e-20, 2e-20, -1
0.03802, -0.18983, 1.17853, 0.05, -0.0135218, -0.00040894, 0.0868365, 0.0878839, 1001.81, 2888.3, 10, 2e-20, 3e-20, 2e-20, 2e-20, -1
0.0307444, -0.21853, 1.30534, 0.05, -0.048317, 0.166804, 0.200563, 0.265299, 1004.12, 6591.41, 10, 2e-20, 3e-20, 2e-20, 2e-20, -1
-0.0139946, -0.281769, 1.43742, 0.05, 0.0983314, -0.0884508, 0.258028, 0.28995, 999.359, -1025.66, 10, 2e-20, 3e-20, 2e-20, 2e-20, -1
0.0293061, -0.211537, 0.0531264, 0.05, 0.241117, 0.218157, -0.0519574, 0.329286, 1010.59, 16943.1, 10, 2e-20, 3e-20, 2e-20, 2e-20, -1
0.0140893, -0.259256, 0.0559066, 0.05, 0.191078, 0.0340373, -0.0158939, 0.194735, 1013.47, 21556.1, 10, 2e-20, 3e-20, 2e-20, 2e-20, -1
0.0671837, -0.301445, 0.0703892, 0.05, -0.0858855, 0.155927, -0.0263649, 0.179957, 1007.99, 12781.5, 10, 2e-20, 3e-20, 2e-20, 2e-20, -1
0.0732204, -0.217311, 0.0952627, 0.05, -0.0458261, -0.0276045, 0.0815667, 0.0975457, 1007.13, 11400.5, 10, 2e-20, 3e-20, 2e-20, 2e-20, -1
0.091468, -0.265421, 0.11196, 0.05, -0.420616, 0.0491217, -0.175876, 0.458544, 1006.1, 9764.99, 10, 2e-20, 3e-20, 2e-20, 2e-20, -1
0.0760421, -0.284395, 0.196757, 0.05, 0.0360173, -0.277608, 0.156135, 0.320533, 1005.98, 9574.91, 10, 2e-20, 3e-20, 2e-20, 2e-20, -1
0.0590922, -0.237067, 0.176946, 0.05, -0.106244, -0.168752, 0.085427, 0.21694, 1007.05, 11279.8, 10, 2e-20, 3e-20, 2e-20, 2e-20, -1
0.0469908, -0.114722, 0.157407, 0.05, -0.222782, 0.0847499, -0.116507, 0.265308, 1014.97, 23952.7, 10, 2e-20, 3e-20, 2e-20, 2e-20, -1
0.0470885, -0.192497, 0.189825, 0.05, -0.00243509, 0.0534096, -0.11669, 0.128355, 1003.95, 6327.97, 10, 2e-20, 3e-20, 2e-20, 2e-20, -1
0.084441, -0.154043, 0.199479, 0.05, -0.0230012, -0.178638, -0.159095, 0.240316, 1006.24, 9976.19, 10, 2e-20, 3e-20, 2e-20, 2e-20, -1
0.0853633, -0.182763, 0.253905, 0.05, 0.0328476, 0.0333157, 0.212544, 0.217633, 1006.57, 10504.8, 10, 2e-20, 3e-20, 2e-20, 2e-20, -1
0.0675477, -0.137006, 0.27421, 0.05, -0.0903924, -0.143102, 0.123797, 0.209701, 1003.88, 6210.27, 10, 2e-20, 3e-20, 2e-20, 2e-20, -1
0.0132489, -0.160737, 0.35588, 0.05, 0.0331312, -0.248766, 0.12441, 0.280107, 1006.04, 9661.65, 10, 2e-20, 3e-20, 2e-20, 2e-20, -1
0.0256549, -0.246139, 0.394727, 0.05, 0.237343, -0.205907, -0.0144014, 0.314542, 1005.24, 8377.13, 10, 2e-20, 3e-20, 2e-20, 2e-20, -1
0.0819273, -0.199289, 0.400226, 0.05, -0.0683864, -0.184969, 0.0105449, 0.197487, 1002.3, 3678.45, 10, 2e-20, 3e-20, 2e-20, 2e-20, -1
0.0746691, -0.244107, 0.38375, 0.05, -0.0667715, 0.0217543, 0.133919, 0.151215, 1004.32, 6908.35, 10, 2e-20, 3e-20, 2e-20, 2e-20, -1
0.0459682, -0.199294, 0.430023, 0.05, 0.0573031, 0.0159962, -0.025594, 0.0647656, 1001.65, 2642.11, 10, 2e-20, 3e-20, 2e-20, 2e-20, -1
0.0840813, -0.228311, 0.445624, 0.05, -0.0346978, -0.0155646, -0.0776568, 0.0864683, 1003.45, 5513.19, 10, 2e-20, 3e-20, 2e-20, 2e-20, -1
0.0482985, -0.251, 0.439527, 0.05, -0.127312, -0.0402492, -0.101008, 0.167425, 1002.12, 3393.01, 10, 2e-20, 3e-20, 2e-20, 2e-20, -1
0.0836716, -0.257055, 0.494774, 0.05, 0.0418936, -0.120001, -0.0246033, 0.129463, 1007.26, 11616.2, 10, 2e-20, 3e-20, 2e-20, 2e-20, -1
0.0844031, -0.281056, 0.524094, 0.05, -0.0316625, -0.0448822, -0.00711922, 0.055386, 1001.31, 2093.85, 10, 2e-20, 3e-20, 2e-20, 2e-20, -1
0.0320301, -0.266547, 0.517012, 0.05, -0.0581473, 0.0122714, -0.0204263, 0.0628405, 1003.26, 5211.32, 10, 2e-20, 3e-20, 2e-20, 2e-20, -1
0.0663775, -0.256114, 0.567245, 0.05, 0.0466664, -0.0790702, 0.106926, 0.140936, 1002.89, 4619.26, 10, 2e-20, 3e-20, 2e-20, 2e-20, -1
0.0257759, -0.184299, 0.535786, 0.05, -0.0987115, 0.0362549, -0.0309646, 0.109623, 1008.04, 12856.7, 10, 2e-20, 3e-20, 2e-20, 2e-20, -1
0.0949912, -0.13249, 0.552356, 0.05, -0.032387, -0.0392637, 0.1266, 0.136448, 1000.75, 1206.7, 10, 2e-20, 3e-20, 2e-20, 2e-20, -1
0.0493271, -0.158801, 0.578559, 0.05, -0.0300542, -0.0867535, -0.106204, 0.140388, 1009.42, 15070, 10, 2e-20, 3e-20, 2e-20, 2e-20, -1
0.101013, -0.167394, 0.582767, 0.05, 0.0620945, 0.00855009, -0.0335567, 0.0710977, 1000.69, 1102.8, 10, 2e-20, 3e-20, 2e-20, 2e-20, -1
0.010764, -0.204745, 0.597944, 0.05, -0.0300675, 0.0397148, -0.0137979, 0.0516885, 1011.42, 18269.2, 10, 2e-20, 3e-20, 2e-20, 2e-20, -1
0.0553388, -0.278279, 0.656438, 0.05, -0.100489, -0.049757, 0.0141873, 0.113027, 1003.22, 5145.15, 10, 2e-20, 3e-20, 2e-20, 2e-20, -1
0.0470471, -0.256585, 0.704731, 0.05, -0.0914066, 0.00169286, 0.0227741, 0.0942162, 1004.55, 7274.33, 10, 2e-20, 3e-20, 2e-20, 2e-20, -1
0.0568031, -0.213247, 0.698298, 0.05, -0.0261448, -0.0128074, -0.0476048, 0.0558014, 1007.34, 11751.1, 10, 2e-20, 3e-20, 2e-20, 2e-20, -1
0.0228718, -0.247021, 0.750627, 0.05, 0.016668, -0.0497426, -0.00302106, 0.0525479, 1004.12, 6593.55, 10, 2e-20, 3e-20, 2e-20, 2e-20, -1
0.112372, -0.222374, 0.790654, 0.05, -0.0936406, 0.0182405, -0.0145106, 0.0964979, 1005.05, 8085.38, 10, 2e-20, 3e-20, 2e-20, 2e-20, -1
0.142543, -0.164073, 0.836498, 0.05, -0.0180753, -0.0788118, 0.057915, 0.0994594, 998.505, -2391.88, 10, 2e-20, 3e-20, 2e-20, 2e-20, -1
0.0664352, -0.159427, 0.828241, 0.05, -0.00204232, -0.0410941, -0.0409883, 0.058077, 1002.63, 4200.76, 10, 2e-20, 3e-20, 2e-20, 2e-20, -1
0.0548449, -0.194579, 0.84577, 0.05, 0.0285183, -0.00465412, 0.00626187, 0.0295662, 1002.84, 4538.05, 10, 2e-20, 3e-20, 2e-20, 2e-20, -1
0.149016, -0.249146, 0.829655, 0.05, -0.154106, -0.0751228, 0.139114, 0.220782, 1009.57, 15317.1, 10, 2e-20, 3e-20, 2e-20, 2e-20, -1
0.105633, -0.185823, 0.840006, 0.05, -0.00910366, -0.0865149, -0.10065, 0.133034, 1002.06, 3290.98, 10, 2e-20, 3e-20, 2e-20, 2e-20, -1
0.0402007, -0.286375, 0.970633, 0.05, -0.0620611, -0.0352491, 0.154998, 0.170641, 999.728, -434.406, 10, 2e-20, 3e-20, 2e-20, 2e-20, -1
0.0556541, -0.288503, 0.914561, 0.05, -0.114309, -0.0408012, -0.0360054, 0.126601, 1000.41, 661.384, 10, 2e-20, 3e-20, 2e-20, 2e-20, -1
0.046413, -0.234974, 0.927577, 0.05, -0.0945855, -0.00257725, -0.0542839, 0.109086, 1002.26, 3623.29, 10, 2e-20, 3e-20, 2e-20, 2e-20, -1
0.149852, -0.194515, 0.893571, 0.05, -0.055051, -0.0561096, -0.0652232, 0.102142, 1002.3, 3679.53, 10, 2e-20, 3e-20, 2e-20, 2e-20, -1
0.0655518, -0.206755, 0.964265, 0.05, -0.020144, -0.0340724, 0.0716989, 0.081899, 999.297, -1124.27, 10, 2e-20, 3e-20, 2e-20, 2e-20, -1
0.111122, -0.164215, 0.968828, 0.05, -0.0265562, -0.0834664, -0.0455194, 0.0987111, 998.247, -2804.47, 10, 2e-20, 3e-20, 2e-20, 2e-20, -1
0.0643293, -0.0608157, 1.02861, 0.05, 0.0138832, 0.0568554, -0.0389872, 0.0703227, 1000.98, 1565.61, 10, 2e-20, 3e-20, 2e-20, 2e-20, -1
0.013563, -0.0814634, 1.09459, 0.05, 0.0394363, -0.0450679, -8.5778e-05, 0.0598861, 1003.57, 5714.9, 10, 2e-20, 3e-20, 2e-20, 2e-20, -1
0.0281496, -0.0698583, 1.04844, 0.05, 0.0415539, 0.0468841, 0.0534664, 0.082362, 1002.92, 4670.57, 10, 2e-20, 3e-20, 2e-20, 2e-20, -1
0.0629742, -0.116257, 1.08788, 0.05, -0.1116, 0.0519497, 0.033269, 0.127515, 1002.07, 3318.45, 10, 2e-20, 3e-20, 2e-20, 2e-20, -1
0.0607066, -0.13995, 1.17435, 0.05, -0.0587263, -0.0534726, 0.0555422, 0.0969177, 1006.13, 9809.49, 10, 2e-20, 3e-20, 2e-20, 2e-20, -1
0.0471767, -0.222018, 1.38545, 0.05, -0.0149752, 0.0250505, -0.0676754, 0.0737004, 999.652, -556.503, 10, 2e-20, 3e-20, 2e-20, 2e-20, -1
0.032785, -0.303961, 1.46654, 0.05, -0.156284, -0.0671129, 0.0502573, 0.177354, 994.784, -8345.67, 10, 2e-20, 3e-20, 2e-20, 2e-20, -1
0.0482484, -0.164144, 0.0564464, 0.05, 0.0243308, 0.0341439, -0.229359, 0.233159, 1011.89, 19027.6, 10, 2e-20, 3e-20, 2e-20, 2e-20, -1
0.0863137, -0.19481, 0.0476158, 0.05, -0.119122, 0.399029, -0.163365, 0.447328, 1012.85, 20559.8, 10, 2e-20, 3e-20, 2e-20, 2e-20, -1
0.0992118, -0.17331, 0.095353, 0.05, -0.250513, 0.0846216, -0.182951, 0.321542, 1010.95, 17519, 10, 2e-20, 3e-20, 2e-20, 2e-20, -1
0.0375748, -0.109345, 0.10536, 0.05, -0.229627, 0.166385, 0.201947, 0.348131, 1013.95, 22320.2, 10, 2e-20, 3e-20, 2e-20, 2e-20, -1
0.0602621, -0.151209, 0.107457, 0.05, 0.245664, 0.0160122, -0.229186, 0.336353, 1005.27, 8424.91, 10, 2e-20, 3e-20, 2e-20, 2e-20, -1
0.0673168, -0.275905, 0.142503, 0.05, -0.229615, -0.168097, -0.154258, 0.323689, 1002.25, 3597.94, 10, 2e-20, 3e-20, 2e-20, 2e-20, -1
0.0645921, -0.189749, 0.142576, 0.05, -0.205698, 0.146513, -0.164285, 0.301277, 1011.23, 17960.2, 10, 2e-20, 3e-20, 2e-20, 2e-20, -1
0.0491891, -0.00475069, 0.109858, 0.05, -0.240229, -0.12712, -0.0556205, 0.277422, 1012.31, 19694.7, 10, 2e-20, 3e-20, 2e-20, 2e-20, -1
0.0804796, -0.0672496, 0.177288, 0.05, 0.000476383, -0.071549, 0.0422862, 0.0831121, 1009.45, 15117.9, 10, 2e-20, 3e-20, 2e-20, 2e-20, -1
0.0750086, -0.108762, 0.217308, 0.05, 0.130063, -0.260792, -0.297517, 0.416468, 1007.29, 11669.1, 10, 2e-20, 3e-20, 2e-20, 2e-20, -1
0.049076, -0.0900304, 0.256501, 0.05, -0.235916, -0.0821956, -0.0653732, 0.258237, 1004.55, 7282.48, 10, 2e-20, 3e-20, 2e-20, 2e-20, -1
0.0511244, -0.147595, 0.322931, 0.05, 0.0388252, -0.0158667, -0.136788, 0.143074, 1006.65, 10633.6, 10, 2e-20, 3e-20, 2e-20, 2e-20, -1
0.0705731, -0.10979, 0.354422, 0.05, -0.0655257, 0.0807882, 0.0279686, 0.107715, 1011.29, 18062.5, 10, 2e-20, 3e-20, 2e-20, 2e-20, -1
0.0537683, -0.153105, 0.385992, 0.05, -0.0540219, 0.059725, 0.296832, 0.307562, 1003.9, 6238.91, 10, 2e-20, 3e-20, 2e-20, 2e-20, -1
0.0459327, -0.0989611, 0.390819, 0.05, 0.025933, -0.144308, 0.0273367, 0.149146, 1003.07, 4905.72, 10, 2e-20, 3e-20, 2e-20, 2e-20, -1
0.0842821, -0.11098, 0.432896, 0.05, -0.16394, -0.0285346, -0.074672, 0.182391, 1007.62, 12189.6, 10, 2e-20, 3e-20, 2e-20, 2e-20, -1
0.0445928, -0.144751, 0.434533, 0.05, -0.0595768, -0.0692612, -0.296364, 0.310126, 1007.38, 11805.2, 10, 2e-20, 3e-20, 2e-20, 2e-20, -1
0.0764473, -0.178164, 0.456436, 0.05, -0.0325865, -0.0365338, 0.0392742, 0.0627619, 1004.85, 7756.15, 10, 2e-20, 3e-20, 2e-20, 2e-20, -1
0.0946609, -0.0870414, 0.470568, 0.05, 0.0789268, 0.0458129, 0.0114406, 0.0919736, 1001.16, 1855.51, 10, 2e-20, 3e-20, 2e-20, 2e-20, -1
0.102347, -0.211259, 0.491215, 0.05, -0.0220757, 0.0266144, 0.00473403, 0.0349009, 1000.15, 245.722, 10, 2e-20, 3e-20, 2e-20, 2e-20, -1
0.0546298, -0.125695, 0.473014, 0.05, -0.137176, -0.145495, -0.134938, 0.241235, 1002.37, 3796.31, 10, 2e-20, 3e-20, 2e-20, 2e-20, -1
0.0587774, -0.222134, 0.518689, 0.05, -0.135563, 0.129214, 0.100488, 0.212536, 1004.15, 6647.71, 10, 2e-20, 3e-20, 2e-20, 2e-20, -1
0.0785767, -0.172641, 0.504671, 0.05, -0.0503813, -0.0924305, 0.10795, 0.150781, 1009.37, 14999.7, 10, 2e-20, 3e-20, 2e-20, 2e-20, -1
0.101367, -0.126167, 0.500384, 0.05, 0.101964, -0.0508016, -0.00849518, 0.114235, 1000.6, 954.943, 10, 2e-20, 3e-20, 2e-20, 2e-20, -1
0.119257, -0.0813648, 0.55511, 0.05, -0.155438, -0.11493, -0.0264397, 0.195112, 1008.14, 13026.4, 10, 2e-20, 3e-20, 2e-20, 2e-20, -1
0.0178003, -0.0202768, 0.502871, 0.05, -0.0449312, -0.184313, -0.0801696, 0.205954, 1001.68, 2684.26, 10, 2e-20, 3e-20, 2e-20, 2e-20, -1
0.0300749, -0.169205, 0.62797, 0.05, -0.0176016, -0.175142, -0.0873184, 0.196492, 1003.56, 5699.28, 10, 2e-20, 3e-20, 2e-20, 2e-20, -1
0.0792449, -0.0968872, 0.592328, 0.05, 0.00311964, 0.0151839, -0.252091, 0.252567, 1007.82, 12519.9, 10, 2e-20, 3e-20, 2e-20, 2e-20, -1
0.0153192, -0.251122, 0.66683, 0.05, -0.0514507, -0.092984, 0.0762062, 0.130769, 1007.17, 11471.5, 10, 2e-20, 3e-20, 2e-20, 2e-20, -1
0.029789, -0.127909, 0.615435, 0.05, -0.155795, -0.0717164, -0.0767172, 0.187885, 1006.29, 10058.8, 10, 2e-20, 3e-20, 2e-20, 2e-20, -1
0.0240472, -0.205456, 0.650785, 0.05, -0.118933, 0.0681347, -0.0172485, 0.138148, 999.079, -1473.19, 10, 2e-20, 3e-20, 2e-20, 2e-20, -1
0.0745109, -0.169719, 0.677835, 0.05, 0.073946, -0.137293, 0.0666589, 0.16959, 1006.22, 9944.58, 10, 2e-20, 3e-20, 2e-20, 2e-20, -1
0.134793, -0.185759, 0.761606, 0.05, -0.100805, -0.0870424, 0.0366985, 0.138148, 1005.68, 9083.41, 10, 2e-20, 3e-20, 2e-20, 2e-20, -1
0.0638976, -0.21375, 0.762668, 0.05, 0.000121274, 0.060409, 0.157724, 0.168897, 1002.88, 4603.79, 10, 2e-20, 3e-20, 2e-20, 2e-20, -1
0.100496, -0.168325, 0.789611, 0.05, -0.0790745, -0.142143, -0.0536927, 0.17129, 1006.57, 10511.7, 10, 2e-20, 3e-20, 2e-20, 2e-20, -1
0.076415, -0.121635, 0.836092, 0.05, 0.0462457, -0.0631462, 0.142715, 0.162769, 1003.24, 5181.67, 10, 2e-20, 3e-20, 2e-20, 2e-20, -1
0.191591, -0.100708, 0.792602, 0.05, -0.0341993, 0.0877658, 0.0109975, 0.0948334, 1001.59, 2537.61, 10, 2e-20, 3e-20, 2e-20, 2e-20, -1
0.0700191, -0.154598, 0.882114, 0.05, -0.114263, 0.0271658, 0.0110043, 0.117962, 1004.73, 7570.19, 10, 2e-20, 3e-20, 2e-20, 2e-20, -1
0.0745383, -0.241045, 0.888959, 0.05, 0.0162873, -0.10395, 0.0652657, 0.123816, 995.115, -7815.28, 10, 2e-20, 3e-20, 2e-20, 2e-20, -1
0.0950153, -0.202748, 0.875343, 0.05, 0.0652498, -0.129138, 0.0448508, 0.151479, 999.505, -791.791, 10, 2e-20, 3e-20, 2e-20, 2e-20, -1
0.142016, -0.212653, 0.850045, 0.05, -0.0314817, -0.0989081, 0.0813496, 0.131877, 1005.22, 8349.06, 10, 2e-20, 3e-20, 2e-20, 2e-20, -1
0.100821, -0.193299, 0.922798, 0.05, 0.0249405, -0.186951, 0.101568, 0.214216, 1006.87, 10988.4, 10, 2e-20, 3e-20, 2e-20, 2e-20, -1
0.114438, -0.22503, 0.90884, 0.05, -0.00063134, -0.0763428, 0.0796757, 0.110349, 1000.32, 507.875, 10, 2e-20, 3e-20, 2e-20, 2e-20, -1
0.105785, -0.0837453, 0.934818, 0.05, 0.0495558, -0.0881453, -0.0322843, 0.106149, 1006.53, 10454.1, 10, 2e-20, 3e-20, 2e-20, 2e-20, -1
0.101176, -0.138841, 0.946617, 0.05, -0.0398151, -0.104541, 0.0475557, 0.121555, 999.521, -766.812, 10, 2e-20, 3e-20, 2e-20, 2e-20, -1
0.0564733, -0.0775109, 0.946029, 0.05, 0.0309576, -0.123926, -0.094105, 0.158656, 1005.05, 8078, 10, 2e-20, 3e-20, 2e-20, 2e-20, -1
0.138555, -0.0526658, 0.95878, 0.05, -0.01685, -0.00181382, -0.0615929, 0.0638819, 1004.37, 6988.27, 10, 2e-20, 3e-20, 2e-20, 2e-20, -1
0.011895, -0.136118, 1.28366, 0.05, -0.079134, -0.0110751, 0.0237085, 0.0833483, 1000.55, 876.835, 10, 2e-20, 3e-20, 2e-20, 2e-20, -1
0.0357503, -0.109594, 1.20703, 0.05, 0.0191308, 0.0400893, 0.0431596, 0.0619346, 1001.16, 1859.01, 10, 2e-20, 3e-20, 2e-20, 2e-20, -1
0.0201016, -0.188218, 1.25186, 0.05, -0.0905719, -0.0427887, 0.106902, 0.146499, 1002.61, 4174.99, 10, 2e-20, 3e-20, 2e-20, 2e-20, -1
0.0112309, -0.264191, 1.47498, 0.05, -0.0166313, -0.148746, -0.0611638, 0.161688, 987.017, -20773.3, 10, 2e-20, 3e-20, 2e-20, 2e-20, -1
0.0488895, 0.0052566, 0.0522811, 0.05, 0.0476513, 0.119663, 0.123021, 0.178112, 1005.94, 9497.15, 10, 2e-20, 3e-20, 2e-20, 2e-20, -1
0.0530981, -0.108526, 0.0529713, 0.05, 0.134891, 0.14135, 0.135399, 0.237715, 1012.72, 20349.6, 10, 2e-20, 3e-20, 2e-20, 2e-20, -1
0.0260375, -0.0439048, 0.0457543, 0.05, -0.090709, -0.13686, 0.130072, 0.209469, 1007.44, 11910.7, 10, 2e-20, 3e-20, 2e-20, 2e-20, -1
0.0675916, 0.0581906, 0.051882, 0.05, -0.116068, -0.127149, -0.283972, 0.332082, 1014.5, 23204.7, 10, 2e-20, 3e-20, 2e-20, 2e-20, -1
0.0271495, -0.0615047, 0.0864885, 0.05, -0.021777, -0.241992, -0.0248287, 0.244235, 1007.1, 11367.3, 10, 2e-20, 3e-20, 2e-20, 2e-20, -1
0.0577683, -0.0655941, 0.126054, 0.05, -0.23253, -0.0617702, 0.00598514, 0.240669, 1004.2, 6713.06, 10, 2e-20, 3e-20, 2e-20, 2e-20, -1
0.0726728, -0.0164895, 0.15736, 0.05, -0.211566, -0.172208, 0.152623, 0.312585, 1012.03, 19255.1, 10, 2e-20, 3e-20, 2e-20, 2e-20, -1
0.105324, -0.0262739, 0.199178, 0.05, -0.124728, 0.104978, 0.254473, 0.302215, 1010.32, 16511.9, 10, 2e-20, 3e-20, 2e-20, 2e-20, -1
0.0529988, -0.0485337, 0.22154, 0.05, -0.186839, -0.0470536, -0.0960977, 0.215308, 1007.01, 11214.6, 10, 2e-20, 3e-20, 2e-20, 2e-20, -1
0.102128, -0.0863462, 0.296022, 0.05, 0.0064919, -0.0107803, 0.0723035, 0.0733904, 1000.89, 1425.22, 10, 2e-20, 3e-20, 2e-20, 2e-20, -1
0.0690319, -0.0510393, 0.275787, 0.05, 0.0235094, 0.160397, 0.0148191, 0.162786, 1006.62, 10594.5, 10, 2e-20, 3e-20, 2e-20, 2e-20, -1
0.0420522, -0.029671, 0.30991, 0.05, 0.0194786, -0.0468491, -0.123005, 0.133058, 996.254, -5992.85, 10, 2e-20, 3e-20, 2e-20, 2e-20, -1
0.0553843, -0.0917027, 0.305098, 0.05, 0.0474098, -0.0171493, 0.114323, 0.124946, 1004.26, 6813.34, 10, 2e-20, 3e-20, 2e-20, 2e-20, -1
0.0381834, 0.0397911, 0.277183, 0.05, -0.136768, -0.0751866, 0.0199944, 0.157348, 1003.52, 5632.11, 10, 2e-20, 3e-20, 2e-20, 2e-20, -1
0.0826463, -0.0575798, 0.330093, 0.05, -0.0557669, -0.154223, -0.0755468, 0.18056, 1003.99, 6389.22, 10, 2e-20, 3e-20, 2e-20, 2e-20, -1
0.0892937, -0.00666805, 0.304471, 0.05, -0.1557, 0.0827872, -0.0532289, 0.1842, 1006.01, 9623.55, 10, 2e-20, 3e-20, 2e-20, 2e-20, -1
0.0535564, -0.0451214, 0.389998, 0.05, -0.0694165, -0.0539492, -0.0290199, 0.0925814, 1012.06, 19294.1, 10, 2e-20, 3e-20, 2e-20, 2e-20, -1
0.103626, -0.0213636, 0.401541, 0.05, 0.00356968, -0.0146777, 0.0145002, 0.0209388, 1006.61, 10574.2, 10, 2e-20, 3e-20, 2e-20, 2e-20, -1
0.0877197, -0.0413597, 0.451475, 0.05, -0.0997527, -0.0570744, 0.0765856, 0.138107, 1006.67, 10675.1, 10, 2e-20, 3e-20, 2e-20, 2e-20, -1
0.139167, -0.0359869, 0.452405, 0.05, -0.0511447, -0.0522204, 0.056147, 0.0921696, 1007.47, 11956.1, 10, 2e-20, 3e-20, 2e-20, 2e-20, -1
0.094857, 0.0393378, 0.456632, 0.05, 0.0576898, 0.0212686, -0.0995603, 0.117016, 1011.78, 18841.4, 10, 2e-20, 3e-20, 2e-20, 2e-20, -1
0.0472454, -0.0875231, 0.492994, 0.05, -0.0915853, 0.0703494, 0.0258631, 0.118346, 1001.32, 2116.37, 10, 2e-20, 3e-20, 2e-20, 2e-20, -1
0.0623587, -0.0272778, 0.502466, 0.05, -0.171549, -0.151027, 0.169035, 0.284272, 1010.46, 16742.5, 10, 2e-20, 3e-20, 2e-20, 2e-20, -1
0.0919372, -0.0549523, 0.512516, 0.05, 0.0736462, -0.0972411, -0.0239541, 0.124312, 1002.57, 4115.49, 10, 2e-20, 3e-20, 2e-20, 2e-20, -1
0.12496, -0.0242377, 0.492564, 0.05, 0.0333224, -0.00143728, 0.129638, 0.13386, 1008.08, 12923.9, 10, 2e-20, 3e-20, 2e-20, 2e-20, -1
0.0889517, 0.0139481, 0.499321, 0.05, 0.0619414, -0.135412, 0.0268645, 0.15131, 1004.34, 6938.58, 10, 2e-20, 3e-20, 2e-20, 2e-20, -1
0.09881, 0.0824892, 0.557133, 0.05, 0.0045899, -0.0894645, -0.130489, 0.158279, 1009.42, 15064.3, 10, 2e-20, 3e-20, 2e-20, 2e-20, -1
0.114231, -0.000906399, 0.53332, 0.05, 0.0231261, 0.0126428, -0.167311, 0.169374, 1006.68, 10682.3, 10, 2e-20, 3e-20, 2e-20, 2e-20, -1
0.125216, -0.034231, 0.559038, 0.05, -0.133852, -0.0683318, -0.048103, 0.157795, 998.797, -1925.25, 10, 2e-20, 3e-20, 2e-20, 2e-20, -1
0.116478, -0.00717019, 0.606181, 0.05, -0.0795351, -0.015578, 0.10291, 0.130992, 1008.41, 13460.7, 10, 2e-20, 3e-20, 2e-20, 2e-20, -1
0.129094, -0.068382, 0.607064, 0.05, -0.101854, -0.0331946, -0.0631501, 0.124354, 1008.56, 13691.4, 10, 2e-20, 3e-20, 2e-20, 2e-20, -1
0.125615, -0.161767, 0.675445, 0.05, 0.0351997, -0.0480514, 0.0241448, 0.0642723, 1004.01, 6413.48, 10, 2e-20, 3e-20, 2e-20, 2e-20, -1
0.0942409, -0.114355, 0.672535, 0.05, 0.0619253, -0.152355, 0.085941, 0.18556, 1007.82, 12506.9, 10, 2e-20, 3e-20, 2e-20, 2e-20, -1
0.142107, -0.154201, 0.730738, 0.05, -0.0348525, -0.137592, 0.0513737, 0.150949, 1003.53, 5645.23, 10, 2e-20, 3e-20, 2e-20, 2e-20, -1
0.0640107, -0.0327008, 0.570864, 0.05, 0.210886, 0.00275827, -0.0639608, 0.22039, 1016.98, 27162.2, 10, 2e-20, 3e-20, 2e-20, 2e-20, -1
0.103391, -0.178876, 0.720222, 0.05, 0.0648848, 0.0180528, -0.000446249, 0.0673509, 1001.18, 1887.74, 10, 2e-20, 3e-20, 2e-20, 2e-20, -1
0.128533, -0.108009, 0.728802, 0.05, -0.0459027, -0.0326958, 0.0385457, 0.0682777, 1012.17, 19474.8, 10, 2e-20, 3e-20, 2e-20, 2e-20, -1
0.180342, -0.0224872, 0.717847, 0.05, -0.00862635, -0.0645368, 0.0183425, 0.0676451, 1007.8, 12483.8, 10, 2e-20, 3e-20, 2e-20, 2e-20, -1
0.161054, -0.0409767, 0.807636, 0.05, -0.000425783, -0.0513528, -0.12405, 0.13426, 997.149, -4562, 10, 2e-20, 3e-20, 2e-20, 2e-20, -1
0.201733, -0.0531363, 0.913684, 0.05, -0.0834118, -0.106259, 0.163697, 0.212238, 1001.64, 2626.48, 10, 2e-20, 3e-20, 2e-20, 2e-20, -1
0.206516, -0.0439381, 0.860629, 0.05, 0.00800974, -0.0565025, 0.0849791, 0.102363, 1004.87, 7786.54, 10, 2e-20, 3e-20, 2e-20, 2e-20, -1
0.137399, -0.0868071, 0.849584, 0.05, -0.109939, -0.0507843, -0.0428822, 0.12847, 1005.88, 9404.57, 10, 2e-20, 3e-20, 2e-20, 2e-20, -1
0.114747, -0.160263, 0.906122, 0.05, 0.059378, -0.0646532, 0.0466401, 0.0994036, 1003.57, 5710.44, 10, 2e-20, 3e-20, 2e-20, 2e-20, -1
0.171631, -0.00567387, 0.770319, 0.05, -0.0974982, -0.179133, 0.0969273, 0.225808, 1005.22, 8346.25, 10, 2e-20, 3e-20, 2e-20, 2e-20, -1
0.0551328, -0.0987736, 0.931906, 0.05, -0.0418963, -0.124545, -0.109215, 0.170865, 1004.66, 7450.45, 10, 2e-20, 3e-20, 2e-20, 2e-20, -1
0.148149, 0.0211669, 0.811209, 0.05, -0.0988829, -0.0111153, -0.039619, 0.107103, 1010.42, 16666.8, 10, 2e-20, 3e-20, 2e-20, 2e-20, -1
0.0684549, 0.0671288, 0.872021, 0.05, 0.159705, -0.0358612, -0.0740144, 0.179639, 1007.17, 11472.9, 10, 2e-20, 3e-20, 2e-20, 2e-20, -1
0.102161, -0.018116, 0.956281, 0.05, -0.0852943, -0.102878, 0.0348618, 0.13811, 997.268, -4371.12, 10, 2e-20, 3e-20, 2e-20, 2e-20, -1
-0.091444, -0.289847, 1.43165, 0.05, 0.0150561, 0.0047493, 0.110475, 0.111597, 999.888, -179.262, 10, 2e-20, 3e-20, 2e-20, 2e-20, -1
-0.0128555, -0.0756628, 1.27284, 0.05, -0.0100582, 0.0197486, -0.0975919, 0.100077, 1002.77, 4436.86, 10, 2e-20, 3e-20, 2e-20, 2e-20, -1
-0.0402042, 0.217244, 1.46825, 0.05, -0.190304, 0.0341364, -0.0777351, 0.208384, 997.42, -4128.1, 10, 2e-20, 3e-20, 2e-20, 2e-20, -1
0.110825, 0.102357, 0.0514502, 0.05, -0.0599746, -0.0454957, -0.0557916, 0.0936991, 1006.3, 10080.6, 10, 2e-20, 3e-20, 2e-20, 2e-20, -1
0.0756132, 0.145017, 0.0494201, 0.05, 0.0998804, 0.015927, -0.0728349, 0.124638, 1011.81, 18899.4, 10, 2e-20, 3e-20, 2e-20, 2e-20, -1
0.123924, 0.132636, 0.0882807, 0.05, -0.0792046, -0.000559296, -0.0807299, 0.113097, 1007.7, 12316.5, 10, 2e-20, 3e-20, 2e-20, 2e-20, -1
0.0612148, 0.0834468, 0.100341, 0.05, -0.267964, -0.0014049, -0.173519, 0.319242, 1006.46, 10330.4, 10, 2e-20, 3e-20, 2e-20, 2e-20, -1
0.0438139, 0.194719, 0.102992, 0.05, -0.00437054, -0.0465543, -0.172845, 0.179058, 1006.42, 10279.1, 10, 2e-20, 3e-20, 2e-20, 2e-20, -1
0.101998, 0.0598744, 0.134813, 0.05, 0.15686, 0.0225037, -0.149885, 0.218121, 1000.24, 390.199, 10, 2e-20, 3e-20, 2e-20, 2e-20, -1
0.0808757, 0.0313434, 0.090193, 0.05, -0.0993783, 0.061535, -0.161914, 0.199696, 1001.94, 3101.95, 10, 2e-20, 3e-20, 2e-20, 2e-20, -1
0.0670335, 0.0442495, 0.175964, 0.05, -0.109003, 0.124486, 0.104682, 0.195798, 1003.01, 4817.17, 10, 2e-20, 3e-20, 2e-20, 2e-20, -1
0.107839, 0.0212194, 0.17339, 0.05, 0.0584566, -0.0357893, 0.0307491, 0.0751236, 1006.45, 10320, 10, 2e-20, 3e-20, 2e-20, 2e-20, -1
0.0631161, 0.0361278, 0.232174, 0.05, -0.0801507, -0.00575528, 0.0949243, 0.12437, 1004.25, 6806.19, 10, 2e-20, 3e-20, 2e-20, 2e-20, -1
0.0909476, -0.0109223, 0.242779, 0.05, -0.14207, -0.137763, -0.179642, 0.267271, 1010.43, 16687, 10, 2e-20, 3e-20, 2e-20, 2e-20, -1
0.0435079, -0.00845036, 0.26378, 0.05, -0.10917, -0.0815781, -0.109333, 0.17472, 1004.83, 7723.58, 10, 2e-20, 3e-20, 2e-20, 2e-20, -1
0.116241, 0.0356003, 0.244017, 0.05, 0.0162799, 0.0266602, -0.0112043, 0.0331864, 1005.2, 8313.75, 10, 2e-20, 3e-20, 2e-20, 2e-20, -1
0.0649323, 0.0825137, 0.309645, 0.05, 0.0544348, -0.0601554, -0.154651, 0.174639, 999.866, -214.519, 10, 2e-20, 3e-20, 2e-20, 2e-20, -1
0.0682112, 0.112859, 0.349818, 0.05, -0.0669981, 0.0315932, 0.00590218, 0.0743082, 1003.34, 5339.31, 10, 2e-20, 3e-20, 2e-20, 2e-20, -1
0.0587431, 0.0282789, 0.324135, 0.05, -0.150303, -0.0657017, -0.20474, 0.262347, 1002.14, 3424.43, 10, 2e-20, 3e-20, 2e-20, 2e-20, -1
0.0728727, -0.0178163, 0.352956, 0.05, -0.0424123, -0.123016, 0.0383188, 0.135647, 1006.39, 10225, 10, 2e-20, 3e-20, 2e-20, 2e-20, -1
0.103077, 0.0708551, 0.378222, 0.05, -0.123287, 0.0542564, 0.136913, 0.192064, 1005.19, 8302.52, 10, 2e-20, 3e-20, 2e-20, 2e-20, -1
0.0867347, 0.0240653, 0.364877, 0.05, 0.0404813, 0.132167, 0.0675531, 0.153852, 999.199, -1281.42, 10, 2e-20, 3e-20, 2e-20, 2e-20, -1
0.0610698, 0.0427451, 0.395728, 0.05, 0.0552915, -0.0147577, 0.130591, 0.14258, 1008.37, 13395.9, 10, 2e-20, 3e-20, 2e-20, 2e-20, -1
0.0695347, -0.00383735, 0.434699, 0.05, -0.0365138, 0.0376752, -0.143224, 0.152531, 1006.18, 9889.38, 10, 2e-20, 3e-20, 2e-20, 2e-20, -1
0.115532, 0.0721108, 0.502685, 0.05, 0.0296909, -0.00795143, -0.00258099, 0.0308453, 1006.14, 9829.63, 10, 2e-20, 3e-20, 2e-20, 2e-20, -1
0.149921, 0.0346195, 0.506098, 0.05, -0.0328551, -0.124596, -0.00352628, 0.128903, 1000.92, 1466.22, 10, 2e-20, 3e-20, 2e-20, 2e-20, -1
0.0618504, 0.159531, 0.570686, 0.05, -0.227189, -0.0891267, -0.0935465, 0.261361, 1003.86, 6183.54, 10, 2e-20, 3e-20, 2e-20, 2e-20, -1
0.0884586, 0.13203, 0.552788, 0.05, -0.123441, -0.146949, -0.175922, 0.260346, 1003.49, 5579.66, 10, 2e-20, 3e-20, 2e-20, 2e-20, -1
0.136399, 0.144442, 0.575835, 0.05, -0.0158403, -0.0197392, 0.0980393, 0.101253, 1000.67, 1079.22, 10, 2e-20, 3e-20, 2e-20, 2e-20, -1
0.142914, 0.0947769, 0.584237, 0.05, 0.022066, -0.157536, -0.0120194, 0.159528, 1001.37, 2186.33, 10, 2e-20, 3e-20, 2e-20, 2e-20, -1
0.185647, 0.0763716, 0.573142, 0.05, -0.0635845, -0.0135714, -0.0400963, 0.0763864, 1003.34, 5345.48, 10, 2e-20, 3e-20, 2e-20, 2e-20, -1
0.179156, 0.0417629, 0.612151, 0.05, -0.0568932, -0.0495573, -0.00181351, 0.0754722, 1002.89, 4622.82, 10, 2e-20, 3e-20, 2e-20, 2e-20, -1
0.0947101, 0.124893, 0.608641, 0.05, 0.0112297, -0.170758, 0.000436866, 0.171127, 1006.72, 10744.6, 10, 2e-20, 3e-20, 2e-20, 2e-20, -1
0.164276, 0.0232884, 0.566181, 0.05, 0.0570127, 0.022733, -0.100019, 0.11735, 1008.74, 13984.9, 10, 2e-20, 3e-20, 2e-20, 2e-20, -1
0.058758, 0.21621, 0.722647, 0.05, 0.0150752, 0.112027, -0.0213825, 0.115042, 998.059, -3105.29, 10, 2e-20, 3e-20, 2e-20, 2e-20, -1
0.0855699, 0.0457692, 0.535351, 0.05, 0.0232108, -0.0669844, 0.0327472, 0.0780899, 999.446, -887.057, 10, 2e-20, 3e-20, 2e-20, 2e-20, -1
0.128792, 0.112142, 0.646566, 0.05, -0.0320708, -0.0282594, -0.117805, 0.12532, 1007.48, 11967.2, 10, 2e-20, 3e-20, 2e-20, 2e-20, -1
0.1668, -0.00767543, 0.619011, 0.05, 0.0746905, -0.0401331, 0.0859766, 0.120753, 1006.04, 9668.31, 10, 2e-20, 3e-20, 2e-20, 2e-20, -1
0.116509, 0.0293101, 0.567453, 0.05, -0.0906689, -0.0143539, -0.0197142, 0.0938911, 1008.24, 13181.3, 10, 2e-20, 3e-20, 2e-20, 2e-20, -1
0.0671951, 0.0333708, 0.585462, 0.05, -0.0881828, -0.0998455, -0.0387293, 0.138727, 1005.01, 8018.05, 10, 2e-20, 3e-20, 2e-20, 2e-20, -1
0.191555, 0.0300536, 0.700774, 0.05, 0.0298205, -0.056322, -0.107743, 0.12518, 1001.63, 2601.17, 10, 2e-20, 3e-20, 2e-20, 2e-20, -1
0.200858, 0.0681966, 0.728974, 0.05, -0.0946676, 0.0445309, -0.107685, 0.150136, 1007.97, 12754.4, 10, 2e-20, 3e-20, 2e-20, 2e-20, -1
0.155452, 0.0203545, 0.663751, 0.05, 0.0604704, -0.130948, -0.0141389, 0.144928, 1001.67, 2667, 10, 2e-20, 3e-20, 2e-20, 2e-20, -1
0.257003, 0.0937237, 0.821797, 0.05, -0.080046, -0.0134966, -0.0890137, 0.12047, 1003.49, 5577.07, 10, 2e-20, 3e-20, 2e-20, 2e-20, -1
0.156465, 0.0285338, 0.725579, 0.05, -0.0894258, -0.0221018, -0.0840527, 0.124701, 998.919, -1729.19, 10, 2e-20, 3e-20, 2e-20, 2e-20, -1
0.193368, -0.0539945, 0.78004, 0.05, -0.136382, -0.0419921, -0.0018641, 0.142712, 999.274, -1161.79, 10, 2e-20, 3e-20, 2e-20, 2e-20, -1
0.116276, 0.127787, 0.839689, 0.05, -0.118154, -0.183652, 0.0504131, 0.22412, 1011.04, 17664, 10, 2e-20, 3e-20, 2e-20, 2e-20, -1
0.159857, 0.0578625, 0.768595, 0.05, -0.100654, -0.0038565, -0.00430945, 0.10082, 1008.72, 13956.8, 10, 2e-20, 3e-20, 2e-20, 2e-20, -1
0.11268, 0.0557949, 0.83882, 0.05, -0.00504455, -0.0162543, -0.0074575, 0.0185813, 1002.27, 3636.67, 10, 2e-20, 3e-20, 2e-20, 2e-20, -1
0.107847, 0.102668, 0.896991, 0.05, 0.0674586, -0.00257585, -0.109997, 0.129061, 1002.07, 3310.49, 10, 2e-20, 3e-20, 2e-20, 2e-20, -1
0.11561, 0.0299585, 0.957348, 0.05, -0.0198681, 0.018704, -0.0539746, 0.06048, 1002.73, 4363.68, 10, 2e-20, 3e-20, 2e-20, 2e-20, -1
0.0846975, 0.0137822, 0.906938, 0.05, 0.0131514, -0.0369227, -0.0377405, 0.0544113, 1001.59, 2544.28, 10, 2e-20, 3e-20, 2e-20, 2e-20, -1
0.0525491, -0.0336783, 1.10959, 0.05, -0.00523166, -0.0493972, -0.0588997, 0.0770495, 1001.25, 2002.2, 10, 2e-20, 3e-20, 2e-20, 2e-20, -1
-0.033868, -0.146324, 1.42584, 0.05, 0.00611367, -0.244234, 0.259335, 0.35629, 996.293, -5930.77, 10, 2e-20, 3e-20, 2e-20, 2e-20, -1
0.0513363, 0.194822, 0.0502161, 0.05, -0.276707, -0.0651393, 0.0835274, 0.296288, 1013.32, 21319, 10, 2e-20, 3e-20, 2e-20, 2e-20, -1
0.0416875, 0.254601, 0.0495638, 0.05, -0.234769, -0.0394387, -0.028893, 0.239806, 1009.6, 15365.1, 10, 2e-20, 3e-20, 2e-20, 2e-20, -1
0.0731961, 0.230926, 0.0843237, 0.05, 0.0425072, -0.0198612, 0.0773739, 0.0904879, 1002.69, 4298.97, 10, 2e-20, 3e-20, 2e-20, 2e-20, -1
0.0598484, 0.13775, 0.0943984, 0.05, -0.360684, 0.05394, -0.0448087, 0.367438, 1009.51, 15208.4, 10, 2e-20, 3e-20, 2e-20, 2e-20, -1
0.0236788, 0.2551, 0.100579, 0.05, -0.177567, -0.0591572, -0.144569, 0.236495, 1001.19, 1911.69, 10, 2e-20, 3e-20, 2e-20, 2e-20, -1
0.0291604, 0.233414, 0.166696, 0.05, -0.098378, 0.0687511, -0.0504345, 0.130187, 1010.72, 17153.7, 10, 2e-20, 3e-20, 2e-20, 2e-20, -1
0.0455837, 0.137006, 0.13812, 0.05, -0.158224, -0.0393969, 0.263466, 0.309841, 1009.63, 15412.6, 10, 2e-20, 3e-20, 2e-20, 2e-20, -1
0.0434495, 0.0896651, 0.158144, 0.05, 0.00124078, 0.107344, 0.0697305, 0.12801, 1009.52, 15228.3, 10, 2e-20, 3e-20, 2e-20, 2e-20, -1
0.100501, 0.0945319, 0.173362, 0.05, -0.0430579, -0.0613862, 0.112847, 0.135487, 1015.99, 25589, 10, 2e-20, 3e-20, 2e-20, 2e-20, -1
0.0591707, 0.0900928, 0.204683, 0.05, 0.0205396, 0.0727835, -0.11892, 0.14093, 1004.69, 7499.19, 10, 2e-20, 3e-20, 2e-20, 2e-20, -1
0.104259, 0.0572356, 0.209382, 0.05, -0.00598163, 0.139186, 0.0587509, 0.151196, 1009.73, 15562.8, 10, 2e-20, 3e-20, 2e-20, 2e-20, -1
0.0718709, 0.0778585, 0.256164, 0.05, 0.0331151, -0.0438009, -0.0073677, 0.0554023, 1006.25, 10004.1, 10, 2e-20, 3e-20, 2e-20, 2e-20, -1
0.0545051, 0.127945, 0.233618, 0.05, -0.117223, -0.115998, 0.0130309, 0.165429, 1005.51, 8814.65, 10, 2e-20, 3e-20, 2e-20, 2e-20, -1
0.0734486, 0.124391, 0.28128, 0.05, -0.00819919, -0.00293431, -0.0873326, 0.0877657, 1002.54, 4064.96, 10, 2e-20, 3e-20, 2e-20, 2e-20, -1
0.109258, 0.120573, 0.317301, 0.05, -0.0457709, -0.0876183, 0.0249122, 0.101944, 1007.84, 12549.8, 10, 2e-20, 3e-20, 2e-20, 2e-20, -1
0.104603, 0.16163, 0.351627, 0.05, -0.0324092, 0.0508437, 0.0255452, 0.0654828, 1001.92, 3067.65, 10, 2e-20, 3e-20, 2e-20, 2e-20, -1
0.0598305, 0.105848, 0.389606, 0.05, -0.0924366, -0.0722508, 0.0583474, 0.131031, 1002.37, 3788.75, 10, 2e-20, 3e-20, 2e-20, 2e-20, -1
0.0845171, 0.185347, 0.438419, 0.05, 0.0207192, 0.131033, -0.106644, 0.170211, 1005.92, 9465.6, 10, 2e-20, 3e-20, 2e-20, 2e-20, -1
0.0733864, 0.167563, 0.483267, 0.05, 0.0641065, -0.0218667, 0.148789, 0.163481, 1007.59, 12136.9, 10, 2e-20, 3e-20, 2e-20, 2e-20, -1
0.0663587, 0.154383, 0.401092, 0.05, -0.215376, 0.0489498, 0.0251506, 0.222296, 1008.01, 12809.5, 10, 2e-20, 3e-20, 2e-20, 2e-20, -1
0.0894105, 0.132195, 0.4459, 0.05, 0.0105718, -0.166044, -0.0621608, 0.177613, 1008.6, 13767, 10, 2e-20, 3e-20, 2e-20, 2e-20, -1
0.0759305, 0.0775351, 0.429646, 0.05, 0.0611953, -0.179148, -0.0787725, 0.205046, 1002.68, 4282.2, 10, 2e-20, 3e-20, 2e-20, 2e-20, -1
0.0696033, 0.0811558, 0.47854, 0.05, -0.0318915, 0.0814248, -0.11019, 0.140673, 1002.64, 4218.26, 10, 2e-20, 3e-20, 2e-20, 2e-20, -1
0.0353286, 0.133046, 0.491555, 0.05, -0.0532918, -0.0362936, -0.0478993, 0.0803217, 1006.08, 9725, 10, 2e-20, 3e-20, 2e-20, 2e-20, -1
0.071013, 0.167701, 0.634363, 0.05, 0.0120844, -0.0324541, -0.205689, 0.208584, 1012.2, 19515.6, 10, 2e-20, 3e-20, 2e-20, 2e-20, -1
0.0939256, 0.194234, 0.55342, 0.05, -0.0914915, -0.0194133, -0.0905674, 0.130192, 999.278, -1155.94, 10, 2e-20, 3e-20, 2e-20, 2e-20, -1
0.0704369, 0.215988, 0.586102, 0.05, 0.00257076, 0.0312736, -0.0453119, 0.0551164, 998.67, -2128.64, 10, 2e-20, 3e-20, 2e-20, 2e-20, -1
0.0399451, 0.219391, 0.63367, 0.05, -0.11993, -0.0846091, -0.181058, 0.233075, 1002.06, 3288.93, 10, 2e-20, 3e-20, 2e-20, 2e-20, -1
0.0877475, 0.255153, 0.664555, 0.05, 0.03663, -0.135694, 0.00413363, 0.140612, 1005.57, 8910.31, 10, 2e-20, 3e-20, 2e-20, 2e-20, -1
0.0523357, 0.175892, 0.687802, 0.05, -0.00827467, 0.0487576, -0.05145, 0.0713644, 1004.96, 7939.15, 10, 2e-20, 3e-20, 2e-20, 2e-20, -1
0.0701102, 0.264997, 0.707503, 0.05, -0.0286953, -0.0611323, -0.0518838, 0.0851616, 1002.44, 3907.02, 10, 2e-20, 3e-20, 2e-20, 2e-20, -1
0.0912444, 0.230975, 0.755273, 0.05, -0.120932, -0.0895443, -0.0484672, 0.158088, 1004.8, 7673.42, 10, 2e-20, 3e-20, 2e-20, 2e-20, -1
0.100281, 0.187669, 0.714647, 0.05, 0.0385484, 0.0403791, -0.0995509, 0.114135, 1003.87, 6191.65, 10, 2e-20, 3e-20, 2e-20, 2e-20, -1
0.210027, 0.0395173, 0.65199, 0.05, 0.0193008, -0.100783, 0.089037, 0.135858, 1000.31, 492.946, 10, 2e-20, 3e-20, 2e-20, 2e-20, -1
0.160164, 0.17708, 0.72815, 0.05, -0.00677191, -0.137891, 0.0180539, 0.139233, 1004.49, 7191.65, 10, 2e-20, 3e-20, 2e-20, 2e-20, -1
0.21924, 0.0732902, 0.68374, 0.05, -0.0325809, -0.0585147, -0.0634145, 0.0922328, 1002.21, 3531.85, 10, 2e-20, 3e-20, 2e-20, 2e-20, -1
0.121074, 0.164742, 0.755375, 0.05, 0.108941, -0.130309, -0.111012, 0.20291, 1001.05, 1674.37, 10, 2e-20, 3e-20, 2e-20, 2e-20, -1
0.177667, 0.141187, 0.689457, 0.05, -0.0657207, -0.186188, 0.0400548, 0.201468, 1001.95, 3120.19, 10, 2e-20, 3e-20, 2e-20, 2e-20, -1
0.119248, 0.164073, 0.794067, 0.05, 0.0134109, -0.0452322, 0.0561646, 0.0733503, 1004.82, 7714.59, 10, 2e-20, 3e-20, 2e-20, 2e-20, -1
0.047632, 0.166567, 0.750785, 0.05, 0.0138585, 0.124845, -6.24395e-05, 0.125612, 1008.62, 13798.9, 10, 2e-20, 3e-20, 2e-20, 2e-20, -1
0.0239221, 0.16839, 0.832677, 0.05, -0.0611881, -0.090103, 0.049719, 0.119727, 1002.61, 4171.39, 10, 2e-20, 3e-20, 2e-20, 2e-20, -1
0.0290039, 0.14965, 0.886963, 0.05, -0.0557932, 0.0332225, -0.116315, 0.133214, 1006.34, 10148.3, 10, 2e-20, 3e-20, 2e-20, 2e-20, -1
0.187052, 0.0761875, 0.81956, 0.05, -0.0324855, -0.00896945, -0.127741, 0.132112, 1006.43, 10293.4, 10, 2e-20, 3e-20, 2e-20, 2e-20, -1
0.0533893, 0.00584894, 0.932396, 0.05, 0.033389, -0.101189, -0.101224, 0.14697, 1000.73, 1167.35, 10, 2e-20, 3e-20, 2e-20, 2e-20, -1
0.168125, 0.135713, 0.858916, 0.05, -0.0082127, -0.136135, 0.0313065, 0.139929, 1002.49, 3982.33, 10, 2e-20, 3e-20, 2e-20, 2e-20, -1
0.0612792, 0.120883, 0.920144, 0.05, -0.0242743, 0.0579269, -0.0981414, 0.116518, 1005.68, 9080.36, 10, 2e-20, 3e-20, 2e-20, 2e-20, -1
-0.0177228, 0.0471083, 0.85023, 0.05, -0.114854, -0.0719108, -0.00936631, 0.135832, 1006.57, 10518.4, 10, 2e-20, 3e-20, 2e-20, 2e-20, -1
0.0727353, 0.04804, 0.930683, 0.05, -0.0469554, -0.0947044, -0.139822, 0.175283, 1005.23, 8363.5, 10, 2e-20, 3e-20, 2e-20, 2e-20, -1
0.0484327, -0.0912379, 1.13733, 0.05, 0.0661201, 0.00285856, 0.00769864, 0.0666282, 996.075, -6279.22, 10, 2e-20, 3e-20, 2e-20, 2e-20, -1
-0.00680745, 0.0429318, 1.19303, 0.05, -0.0441593, -0.0231907, -0.0646808, 0.081679, 1004.69, 7496.12, 10, 2e-20, 3e-20, 2e-20, 2e-20, -1
0.0456416, -0.0565603, 1.18286, 0.05, -0.0201531, -0.00163843, 0.0851436, 0.0875115, 997.913, -3339.29, 10, 2e-20, 3e-20, 2e-20, 2e-20, -1
0.0566607, 0.307643, 0.0537332, 0.05, -0.0809058, -0.0603792, -0.0748577, 0.125678, 1009.58, 15332.3, 10, 2e-20, 3e-20, 2e-20, 2e-20, -1
0.108401, 0.342168, 0.0466454, 0.05, -0.0576719, -0.0998526, -0.154251, 0.192588, 1007.55, 12081.9, 10, 2e-20, 3e-20, 2e-20, 2e-20, -1
0.0966063, 0.366749, 0.0866612, 0.05, -0.131298, -0.0352666, 0.00638171, 0.136101, 1011.5, 18401.5, 10, 2e-20, 3e-20, 2e-20, 2e-20, -1
0.0653451, 0.281088, 0.10049, 0.05, 0.0513477, -0.0759112, 0.0356689, 0.0983431, 1006.77, 10827.9, 10, 2e-20, 3e-20, 2e-20, 2e-20, -1
0.0656813, 0.24063, 0.142183, 0.05, -0.00573624, -0.0162982, -0.057709, 0.06024, 1010.29, 16461.5, 10, 2e-20, 3e-20, 2e-20, 2e-20, -1
0.0880351, 0.315756, 0.152549, 0.05, -0.0247811, -0.0073262, 0.0411386, 0.0485815, 1005.99, 9576.68, 10, 2e-20, 3e-20, 2e-20, 2e-20, -1
0.0719712, 0.281991, 0.181506, 0.05, 0.039364, 0.0794923, -0.074967, 0.11614, 1001.86, 2974.1, 10, 2e-20, 3e-20, 2e-20, 2e-20, -1
0.0285797, 0.185925, 0.150651, 0.05, -0.166857, -0.0776465, -0.0243413, 0.185641, 1008.08, 12934.1, 10, 2e-20, 3e-20, 2e-20, 2e-20, -1
0.00649985, 0.182802, 0.195067, 0.05, -0.293968, 0.0179463, 0.00317598, 0.294532, 1008.49, 13589.1, 10, 2e-20, 3e-20, 2e-20, 2e-20, -1
0.0438203, 0.139428, 0.184747, 0.05, -0.0622727, -0.0208441, -0.206149, 0.216355, 1002.77, 4428.25, 10, 2e-20, 3e-20, 2e-20, 2e-20, -1
0.0809286, 0.237416, 0.200653, 0.05, 0.0966558, -0.0646827, -0.134369, 0.177711, 1011.08, 17729.5, 10, 2e-20, 3e-20, 2e-20, 2e-20, -1
0.0573346, 0.19492, 0.191265, 0.05, 0.0151584, -0.0417864, 0.00820273, 0.0452013, 1002.05, 3282.44, 10, 2e-20, 3e-20, 2e-20, 2e-20, -1
0.0593349, 0.216323, 0.241688, 0.05, -0.0181349, 0.0822173, 0.0366103, 0.0918089, 1003.62, 5799.93, 10, 2e-20, 3e-20, 2e-20, 2e-20, -1
0.0369997, 0.172078, 0.238348, 0.05, -0.0151168, 0.0401907, -0.103244, 0.111818, 1004.76, 7614.36, 10, 2e-20, 3e-20, 2e-20, 2e-20, -1
0.0691289, 0.178771, 0.278938, 0.05, -0.0874883, -0.072821, -0.0256323, 0.116679, 1004.58, 7334.42, 10, 2e-20, 3e-20, 2e-20, 2e-20, -1
0.062062, 0.153556, 0.327767, 0.05, -0.0777273, 0.0113384, -0.11263, 0.137316, 1003.31, 5300.4, 10, 2e-20, 3e-20, 2e-20, 2e-20, -1
0.0483994, 0.185415, 0.36829, 0.05, -0.0845234, -0.00542918, 0.0237312, 0.0879594, 1008.65, 13836.6, 10, 2e-20, 3e-20, 2e-20, 2e-20, -1
0.0816819, 0.209237, 0.398118, 0.05, -0.00105383, 0.0236971, 0.0480243, 0.053563, 1001.24, 1990.36, 10, 2e-20, 3e-20, 2e-20, 2e-20, -1
0.0569432, 0.232743, 0.429095, 0.05, -0.163783, -0.107687, -0.0129743, 0.196443, 1003.28, 5242.29, 10, 2e-20, 3e-20, 2e-20, 2e-20, -1
0.0285079, 0.201036, 0.455356, 0.05, 0.0370388, 0.0517999, -0.0667639, 0.0922633, 1001.65, 2638.21, 10, 2e-20, 3e-20, 2e-20, 2e-20, -1
0.0847198, 0.119583, 0.503028, 0.05, 0.117976, 0.0496915, 0.0329006, 0.132175, 1008.98, 14375.3, 10, 2e-20, 3e-20, 2e-20, 2e-20, -1
0.067511, 0.212064, 0.491828, 0.05, -0.178812, 0.00625461, -0.13135, 0.221959, 1005.59, 8938.94, 10, 2e-20, 3e-20, 2e-20, 2e-20, -1
0.112066, 0.202495, 0.477746, 0.05, -0.0759873, 0.00910687, -0.0865617, 0.115542, 1003.75, 6001.89, 10, 2e-20, 3e-20, 2e-20, 2e-20, -1
0.0388492, 0.223284, 0.518101, 0.05, 0.044853, 0.00543094, -0.0874091, 0.0983953, 1001.43, 2288.33, 10, 2e-20, 3e-20, 2e-20, 2e-20, -1
0.04768, 0.176111, 0.525754, 0.05, 0.028462, 0.0098069, -0.0754188, 0.081205, 1004.07, 6512.62, 10, 2e-20, 3e-20, 2e-20, 2e-20, -1
0.0201994, 0.222633, 0.573164, 0.05, -0.0140394, 0.031287, -0.0392719, 0.0521369, 1002.51, 4020.5, 10, 2e-20, 3e-20, 2e-20, 2e-20, -1
0.0308831, 0.277519, 0.630806, 0.05, -0.16232, 0.0463985, -0.107381, 0.200078, 1002.57, 4119.06, 10, 2e-20, 3e-20, 2e-20, 2e-20, -1
0.0478151, 0.287477, 0.671443, 0.05, -0.0527251, 0.022984, -0.149381, 0.160071, 1008.36, 13374.7, 10, 2e-20, 3e-20, 2e-20, 2e-20, -1
0.0672091, 0.378291, 0.714353, 0.05, -0.133517, -0.00157705, -0.0062541, 0.133672, 1004.34, 6947.69, 10, 2e-20, 3e-20, 2e-20, 2e-20, -1
0.0952976, 0.313436, 0.676654, 0.05, 0.0962403, 0.00967342, -0.0556268, 0.11158, 995.342, -7452.77, 10, 2e-20, 3e-20, 2e-20, 2e-20, -1
0.0864462, 0.207972, 0.664921, 0.05, 0.00451636, 0.0116156, -0.102645, 0.103399, 998.749, -2002.25, 10, 2e-20, 3e-20, 2e-20, 2e-20, -1
0.0708968, 0.324234, 0.713022, 0.05, 0.0506035, 0.0287588, -0.0842824, 0.102427, 1001.98, 3174.53, 10, 2e-20, 3e-20, 2e-20, 2e-20, -1
0.0713431, 0.320206, 0.776661, 0.05, -0.12644, 0.0103274, -0.120316, 0.174842, 1004.32, 6906.4, 10, 2e-20, 3e-20, 2e-20, 2e-20, -1
0.0489009, 0.285338, 0.743338, 0.05, -0.0758858, -0.0200603, -0.0437789, 0.0898758, 1002.69, 4299.73, 10, 2e-20, 3e-20, 2e-20, 2e-20, -1
0.0306138, 0.23497, 0.772789, 0.05, -0.032604, 0.0258475, -0.0897966, 0.0989673, 1005.99, 9586.12, 10, 2e-20, 3e-20, 2e-20, 2e-20, -1
-0.0226947, 0.209448, 0.809652, 0.05, -0.0084631, 0.064493, 0.0329018, 0.0728938, 1009.05, 14477.3, 10, 2e-20, 3e-20, 2e-20, 2e-20, -1
0.0648005, 0.198007, 0.784302, 0.05, -0.0103418, -0.00226732, 0.00788463, 0.0132008, 1005.12, 8193.51, 10, 2e-20, 3e-20, 2e-20, 2e-20, -1
-0.0185892, 0.160321, 0.86465, 0.05, 0.127621, -0.00840144, -0.0125486, 0.128511, 1001.76, 2815.98, 10, 2e-20, 3e-20, 2e-20, 2e-20, -1
0.146439, 0.137483, 0.904365, 0.05, -0.109144, 0.0266721, -0.134273, 0.17508, 1006.59, 10551.4, 10, 2e-20, 3e-20, 2e-20, 2e-20, -1
0.0411816, 0.0936533, 0.955261, 0.05, -0.118727, -0.106789, -0.172072, 0.234752, 1004.54, 7256.73, 10, 2e-20, 3e-20, 2e-20, 2e-20, -1
0.141993, 0.17515, 0.855312, 0.05, -0.209643, 0.0425191, 0.0376618, 0.217202, 1001.7, 2717.44, 10, 2e-20, 3e-20, 2e-20, 2e-20, -1
0.0411367, 0.0748689, 0.985152, 0.05, -0.111803, -0.0464207, -0.139692, 0.184847, 1003.72, 5948.82, 10, 2e-20, 3e-20, 2e-20, 2e-20, -1
0.150798, 0.0811497, 0.909984, 0.05, -0.0246761, -0.0474318, -0.0664892, 0.0853199, 1000.61, 971.522, 10, 2e-20, 3e-20, 2e-20, 2e-20, -1
0.0546709, 0.0914803, 1.03432, 0.05, -0.0505512, -0.12052, -0.0176242, 0.131875, 999.209, -1265.89, 10, 2e-20, 3e-20, 2e-20, 2e-20, -1
0.0820993, -0.0187218, 1.02961, 0.05, -0.0650172, -0.177649, -0.126181, 0.227394, 998.886, -1782.26, 10, 2e-20, 3e-20, 2e-20, 2e-20, -1
-0.0748322, -0.28917, 1.41603, 0.05, -0.144477, -0.0887215, 0.263364, 0.313218, 1000.66, 1053.61, 10, 2e-20, 3e-20, 2e-20, 2e-20, -1
0.0111196, -0.0278266, 1.08555, 0.05, -0.021903, -0.0192677, -0.165098, 0.167655, 1000.05, 79.2524, 10, 2e-20, 3e-20, 2e-20, 2e-20, -1
0.0267392, 0.0158007, 1.0896, 0.05, -0.00745748, 0.000598631, 0.0274016, 0.0284045, 1002.68, 4286.51, 10, 2e-20, 3e-20, 2e-20, 2e-20, -1
-0.0240293, 0.093157, 1.30045, 0.05, -0.136684, -0.023109, -0.132506, 0.191767, 1002.08, 3334.69, 10, 2e-20, 3e-20, 2e-20, 2e-20, -1
-0.00385804, 0.073606, 1.12478, 0.05, 0.148802, -0.0453916, -0.255751, 0.299351, 1000.29, 462.805, 10, 2e-20, 3e-20, 2e-20, 2e-20, -1
-0.0622899, 0.147316, 1.42172, 0.05, 0.0308119, -0.0912535, 0.00952506, 0.0967848, 996.963, -4858.49, 10, 2e-20, 3e-20, 2e-20, 2e-20, -1
0.0575136, 0.362409, 0.0515947, 0.05, -0.0592794, 0.118769, -0.156954, 0.205559, 1011.87, 18985.4, 10, 2e-20, 3e-20, 2e-20, 2e-20, -1
0.0551349, 0.414257, 0.0508916, 0.05, -0.0464629, -0.0536262, -0.0958832, 0.119282, 1012.86, 20573.6, 10, 2e-20, 3e-20, 2e-20, 2e-20, -1
0.0336386, 0.430268, 0.0919566, 0.05, -0.0593406, 0.0114892, -0.0847821, 0.104122, 1007.33, 11724.9, 10, 2e-20, 3e-20, 2e-20, 2e-20, -1
0.0513151, 0.387111, 0.107325, 0.05, -0.0799522, -0.136371, 0.0227133, 0.159704, 1007.55, 12078.2, 10, 2e-20, 3e-20, 2e-20, 2e-20, -1
0.0405312, 0.285917, 0.145973, 0.05, -0.0973245, 0.0128252, 0.177795, 0.203095, 1006.56, 10495.4, 10, 2e-20, 3e-20, 2e-20, 2e-20, -1
0.0606048, 0.330409, 0.105487, 0.05, -0.00765027, 0.128011, 0.0948342, 0.159496, 1006.27, 10026.1, 10, 2e-20, 3e-20, 2e-20, 2e-20, -1
0.0291468, 0.343816, 0.146649, 0.05, -0.0195127, -0.00105087, -0.0406721, 0.0451228, 1006.54, 10461.1, 10, 2e-20, 3e-20, 2e-20, 2e-20, -1
0.036239, 0.314477, 0.190366, 0.05, -0.0844975, -0.109112, -0.0867131, 0.162986, 1010.89, 17427.8, 10, 2e-20, 3e-20, 2e-20, 2e-20, -1
0.113272, 0.244015, 0.165181, 0.05, -0.0977511, 0.0589797, 0.00324358, 0.114212, 1006.81, 10897.9, 10, 2e-20, 3e-20, 2e-20, 2e-20, -1
0.0607537, 0.291013, 0.232802, 0.05, -0.20144, -0.00340549, 0.0764294, 0.215479, 1007.22, 11559.1, 10, 2e-20, 3e-20, 2e-20, 2e-20, -1
0.0516161, 0.351148, 0.293332, 0.05, -0.102667, -0.115375, -0.147548, 0.213593, 1011.03, 17644, 10, 2e-20, 3e-20, 2e-20, 2e-20, -1
0.0559226, 0.279725, 0.305199, 0.05, -0.165177, -0.00959574, -0.230561, 0.283785, 1010.73, 17161.2, 10, 2e-20, 3e-20, 2e-20, 2e-20, -1
0.0767081, 0.333497, 0.326605, 0.05, -0.0537899, 0.00711679, -0.0382157, 0.0663659, 1001.6, 2558.81, 10, 2e-20, 3e-20, 2e-20, 2e-20, -1
0.0609149, 0.228866, 0.289924, 0.05, -0.254499, 0.0689916, -0.128607, 0.293375, 1004.97, 7956.2, 10, 2e-20, 3e-20, 2e-20, 2e-20, -1
0.0547593, 0.234918, 0.342862, 0.05, -0.183298, 0.0105457, 0.0826681, 0.201354, 1005.44, 8708.19, 10, 2e-20, 3e-20, 2e-20, 2e-20, -1
0.0846432, 0.199924, 0.32755, 0.05, -0.109017, 0.0791287, -0.041647, 0.140998, 999.261, -1182.9, 10, 2e-20, 3e-20, 2e-20, 2e-20, -1
0.0701447, 0.295959, 0.395442, 0.05, -0.00561293, 0.0102426, -0.011308, 0.0162569, 1004.99, 7978.76, 10, 2e-20, 3e-20, 2e-20, 2e-20, -1
0.0902047, 0.255888, 0.381062, 0.05, -0.0344537, -0.0723803, -0.139786, 0.16114, 1004.13, 6611.9, 10, 2e-20, 3e-20, 2e-20, 2e-20, -1
0.0301839, 0.277684, 0.425391, 0.05, -0.146147, -0.139624, -0.0194732, 0.20306, 1003.88, 6205.72, 10, 2e-20, 3e-20, 2e-20, 2e-20, -1
0.0706726, 0.308941, 0.487011, 0.05, -0.181239, 0.067377, -0.00691397, 0.193481, 1004.69, 7505.37, 10, 2e-20, 3e-20, 2e-20, 2e-20, -1
0.0601497, 0.350473, 0.536598, 0.05, -0.0800922, 0.023577, -0.122903, 0.148579, 1007.49, 11980.6, 10, 2e-20, 3e-20, 2e-20, 2e-20, -1
0.0401935, 0.310337, 0.546781, 0.05, -0.0458395, -0.0815708, -0.0846162, 0.126155, 1003.3, 5272.65, 10, 2e-20, 3e-20, 2e-20, 2e-20, -1
0.0360503, 0.247241, 0.473259, 0.05, -0.105813, -0.04302, -0.100587, 0.1522, 1005.11, 8178.26, 10, 2e-20, 3e-20, 2e-20, 2e-20, -1
0.0375077, 0.27899, 0.51412, 0.05, -0.148355, -0.0710066, -0.0633265, 0.176243, 1006.6, 10553.7, 10, 2e-20, 3e-20, 2e-20, 2e-20, -1
0.0556127, 0.257767, 0.557325, 0.05, -0.0557016, 0.0295049, -0.0230708, 0.0671228, 1002.24, 3588.55, 10, 2e-20, 3e-20, 2e-20, 2e-20, -1
0.0545183, 0.350557, 0.672219, 0.05, 0.017203, 0.0173006, -0.0671354, 0.0714312, 1002.47, 3945.32, 10, 2e-20, 3e-20, 2e-20, 2e-20, -1
0.0638592, 0.318373, 0.633071, 0.05, -0.0416847, 0.0471124, -0.0866166, 0.10705, 1002.29, 3661.09, 10, 2e-20, 3e-20, 2e-20, 2e-20, -1
0.104858, 0.358889, 0.827001, 0.05, 0.0683903, 0.0882415, -0.11585, 0.160888, 1001.76, 2812.89, 10, 2e-20, 3e-20, 2e-20, 2e-20, -1
0.10814, 0.423702, 0.873285, 0.05, 0.0732949, -0.0471196, -0.14829, 0.171995, 1004.69, 7496.92, 10, 2e-20, 3e-20, 2e-20, 2e-20, -1
0.112286, 0.329288, 0.779427, 0.05, -0.0414705, 0.117047, -0.083251, 0.149501, 1006.16, 9863.9, 10, 2e-20, 3e-20, 2e-20, 2e-20, -1
0.0382036, 0.3542, 0.801259, 0.05, -0.0460001, -0.0331919, -0.169121, 0.178381, 999.836, -261.875, 10, 2e-20, 3e-20, 2e-20, 2e-20, -1
0.114871, 0.299231, 0.726103, 0.05, -0.00933405, -0.0253363, -0.185776, 0.187728, 1002.47, 3946.39, 10, 2e-20, 3e-20, 2e-20, 2e-20, -1
0.0924838, 0.306674, 0.8206, 0.05, -0.0600805, -0.123323, -0.0390303, 0.142624, 999.542, -733.28, 10, 2e-20, 3e-20, 2e-20, 2e-20, -1
0.0933621, 0.2725, 0.75882, 0.05, -0.069567, 0.0721099, 0.00984283, 0.100679, 999.529, -753.062, 10, 2e-20, 3e-20, 2e-20, 2e-20, -1
0.062077, 0.270491, 0.788762, 0.05, -0.0737302, 0.0627148, -0.0427506, 0.105815, 1000.66, 1055.14, 10, 2e-20, 3e-20, 2e-20, 2e-20, -1
0.126054, 0.213086, 0.758348, 0.05, 0.0924475, -0.0625638, 0.0429654, 0.119611, 1002.51, 4009.65, 10, 2e-20, 3e-20, 2e-20, 2e-20, -1
0.0382131, 0.22896, 0.817078, 0.05, -0.0326683, -0.0405508, -0.213874, 0.220122, 1005.49, 8778.72, 10, 2e-20, 3e-20, 2e-20, 2e-20, -1
0.0529083, 0.193569, 0.849642, 0.05, 0.00344783, -0.0715443, 0.0340106, 0.0792918, 994.614, -8617.47, 10, 2e-20, 3e-20, 2e-20, 2e-20, -1
0.0586155, 0.186274, 0.898703, 0.05, 0.036326, -0.0348453, -0.064402, 0.0817398, 1008.65, 13840.8, 10, 2e-20, 3e-20, 2e-20, 2e-20, -1
0.0124382, 0.198935, 0.963418, 0.05, -0.0434376, 0.0539737, -0.154201, 0.16905, 1002.6, 4157.49, 10, 2e-20, 3e-20, 2e-20, 2e-20, -1
0.0678077, 0.230492, 0.980013, 0.05, -0.0377501, 0.0390934, -0.067404, 0.0865833, 1001.98, 3172.52, 10, 2e-20, 3e-20, 2e-20, 2e-20, -1
0.0509248, 0.127708, 0.992629, 0.05, 0.05569, 0.0550121, -0.126589, 0.148837, 1004.07, 6511.35, 10, 2e-20, 3e-20, 2e-20, 2e-20, -1
0.0595062, 0.164895, 1.07502, 0.05, -0.0156273, -0.0642146, -0.105776, 0.124725, 998.341, -2654.44, 10, 2e-20, 3e-20, 2e-20, 2e-20, -1
0.027824, 0.151808, 1.1817, 0.05, 0.0181362, -0.177531, -0.107548, 0.208358, 1001.02, 1635.34, 10, 2e-20, 3e-20, 2e-20, 2e-20, -1
0.0171669, 0.0282399, 1.05161, 0.05, -0.0316719, 0.0352061, -0.129514, 0.1379, 1001.17, 1875.75, 10, 2e-20, 3e-20, 2e-20, 2e-20, -1
0.0316089, -0.0174976, 1.05397, 0.05, 0.0319019, -0.181296, -0.0642855, 0.194984, 1003.14, 5028.59, 10, 2e-20, 3e-20, 2e-20, 2e-20, -1
0.0579617, 0.18169, 1.12471, 0.05, 0.0147378, 0.0521157, -0.149255, 0.158778, 1007.29, 11668.6, 10, 2e-20, 3e-20, 2e-20, 2e-20, -1
0.0537054, 0.220343, 1.18286, 0.05, -0.0608089, 0.0407366, -0.058946, 0.0939778, 1001.63, 2615.95, 10, 2e-20, 3e-20, 2e-20, 2e-20, -1
0.0173915, 0.181276, 1.21978, 0.05, 0.0466421, -0.0994967, -0.0648227, 0.127582, 1002.45, 3913.93, 10, 2e-20, 3e-20, 2e-20, 2e-20, -1
0.0251214, 0.284076, 1.23577, 0.05, 0.177525, -0.118604, -0.0947724, 0.233589, 1000.14, 219.915, 10, 2e-20, 3e-20, 2e-20, 2e-20, -1
0.011706, 0.311096, 1.37079, 0.05, -0.0121923, -0.0785097, -0.223777, 0.237463, 1006.88, 11001.6, 10, 2e-20, 3e-20, 2e-20, 2e-20, -1
0.0886851, 0.502161, 0.0552102, 0.05, 0.171459, 0.0952561, -0.00829001, 0.196318, 1010.01, 16011, 10, 2e-20, 3e-20, 2e-20, 2e-20, -1
0.0786167, 0.455617, 0.191976, 0.05, -0.00989456, -0.108086, 0.136336, 0.174265, 1010.56, 16901.7, 10, 2e-20, 3e-20, 2e-20, 2e-20, -1
0.0551126, 0.497857, 0.195626, 0.05, 0.000742568, 0.0684037, 0.0243515, 0.0726127, 1007.46, 11940.1, 10, 2e-20, 3e-20, 2e-20, 2e-20, -1
0.0853688, 0.407177, 0.153932, 0.05, 0.0888181, -0.130561, -0.0793581, 0.176727, 1007.13, 11415.3, 10, 2e-20, 3e-20, 2e-20, 2e-20, -1
0.0888581, 0.362863, 0.135436, 0.05, -0.0708506, 0.0959505, -0.150964, 0.192397, 1000.46, 731.679, 10, 2e-20, 3e-20, 2e-20, 2e-20, -1
0.0558453, 0.367265, 0.178278, 0.05, 0.0355018, -0.0447451, -0.0398516, 0.0696466, 1007.74, 12378, 10, 2e-20, 3e-20, 2e-20, 2e-20, -1
0.0601475, 0.343172, 0.223366, 0.05, -0.0140592, -0.0221363, 0.178992, 0.180903, 1005.43, 8694.14, 10, 2e-20, 3e-20, 2e-20, 2e-20, -1
0.0304072, 0.310571, 0.270245, 0.05, 0.0448038, -0.0847262, -0.00742166, 0.09613, 1003.21, 5139.99, 10, 2e-20, 3e-20, 2e-20, 2e-20, -1
0.0843535, 0.384721, 0.307526, 0.05, 0.0502789, -0.0386452, -0.0472816, 0.079101, 998.993, -1611.36, 10, 2e-20, 3e-20, 2e-20, 2e-20, -1
0.0402175, 0.39826, 0.292094, 0.05, -0.156192, -0.0911101, -0.123299, 0.21886, 1008.37, 13392.9, 10, 2e-20, 3e-20, 2e-20, 2e-20, -1
0.0649097, 0.446015, 0.384797, 0.05, -0.0727768, 0.0236638, 0.029593, 0.0820499, 1005.6, 8959.82, 10, 2e-20, 3e-20, 2e-20, 2e-20, -1
0.0572544, 0.381002, 0.357242, 0.05, -0.103276, 0.0621097, 0.139406, 0.184276, 1007.74, 12383, 10, 2e-20, 3e-20, 2e-20, 2e-20, -1
0.0353835, 0.39172, 0.405139, 0.05, -0.14545, 0.244847, 0.0621071, 0.291484, 1004.93, 7895.62, 10, 2e-20, 3e-20, 2e-20, 2e-20, -1
0.0727666, 0.336589, 0.372449, 0.05, 0.0395939, -0.00268303, 0.099637, 0.107249, 1001.89, 3019.43, 10, 2e-20, 3e-20, 2e-20, 2e-20, -1
0.00315261, 0.427125, 0.523359, 0.05, -0.050426, 0.107053, -0.0366786, 0.123889, 1000.16, 249.755, 10, 2e-20, 3e-20, 2e-20, 2e-20, -1
0.065415, 0.287804, 0.349988, 0.05, -0.109299, -0.0559741, 0.062119, 0.137616, 1012.53, 20053.8, 10, 2e-20, 3e-20, 2e-20, 2e-20, -1
0.0558711, 0.373763, 0.442547, 0.05, -0.0134481, -0.100327, -0.0869901, 0.133467, 1003.41, 5452.08, 10, 2e-20, 3e-20, 2e-20, 2e-20, -1
0.0984324, 0.382433, 0.46809, 0.05, 0.127534, 0.0121891, -9.16286e-05, 0.128115, 1002.77, 4437.98, 10, 2e-20, 3e-20, 2e-20, 2e-20, -1
0.0459759, 0.325001, 0.449023, 0.05, 0.00727989, -0.0115611, 0.0241066, 0.0277089, 1002.93, 4686.78, 10, 2e-20, 3e-20, 2e-20, 2e-20, -1
0.0789568, 0.41454, 0.557351, 0.05, -0.0778262, 0.0814382, -0.0230972, 0.114989, 1004.95, 7920.58, 10, 2e-20, 3e-20, 2e-20, 2e-20, -1
0.0525835, 0.358018, 0.489979, 0.05, -0.0621019, -0.0244378, 0.161636, 0.174871, 1003.06, 4903.31, 10, 2e-20, 3e-20, 2e-20, 2e-20, -1
0.0401869, 0.395921, 0.587636, 0.05, -0.0111586, 0.195795, 0.0115842, 0.196455, 1007.57, 12104.1, 10, 2e-20, 3e-20, 2e-20, 2e-20, -1
0.0250828, 0.420913, 0.772104, 0.05, 0.0570482, -0.112194, -0.0492072, 0.135142, 1008.54, 13667, 10, 2e-20, 3e-20, 2e-20, 2e-20, -1
0.0370576, 0.378561, 0.632829, 0.05, 0.00261326, 0.0803291, -0.0879559, 0.119146, 1006.04, 9664.64, 10, 2e-20, 3e-20, 2e-20, 2e-20, -1
0.0225775, 0.405731, 0.713533, 0.05, -0.0558422, -0.099372, 0.00443274, 0.114074, 1000.76, 1214.03, 10, 2e-20, 3e-20, 2e-20, 2e-20, -1
0.0448153, 0.333454, 0.588645, 0.05, -0.0101357, -0.0741873, -0.140604, 0.159298, 1008.94, 14304.9, 10, 2e-20, 3e-20, 2e-20, 2e-20, -1
0.0459302, 0.378352, 0.764836, 0.05, 0.0395311, -0.161021, -0.184978, 0.24841, 1000.94, 1501.72, 10, 2e-20, 3e-20, 2e-20, 2e-20, -1
0.088974, 0.357177, 0.746833, 0.05, -0.111666, 0.0846054, 0.0286587, 0.142999, 1001.71, 2736.81, 10, 2e-20, 3e-20, 2e-20, 2e-20, -1
0.0728089, 0.393103, 0.812043, 0.05, -0.00864771, 0.0100911, -0.124925, 0.12563, 1006.4, 10235.1, 10, 2e-20, 3e-20, 2e-20, 2e-20, -1
0.153933, 0.443151, 0.868438, 0.05, 0.137953, 0.00539123, -0.0562976, 0.149095, 1000.4, 643.955, 10, 2e-20, 3e-20, 2e-20, 2e-20, -1
0.0803953, 0.384406, 0.882922, 0.05, 0.000835006, -0.0934878, -0.118282, 0.150769, 1003.15, 5032.35, 10, 2e-20, 3e-20, 2e-20, 2e-20, -1
0.0599577, 0.342589, 0.850355, 0.05, -0.0878883, -0.0979466, 0.0662504, 0.147333, 1003.88, 6203.74, 10, 2e-20, 3e-20, 2e-20, 2e-20, -1
0.0699184, 0.335664, 0.904956, 0.05, -0.104179, 0.0615121, -0.16994, 0.208606, 1000.31, 499.885, 10, 2e-20, 3e-20, 2e-20, 2e-20, -1
0.0828868, 0.275104, 0.879442, 0.05, -0.08763, 0.0767526, -0.0758475, 0.139007, 1003.72, 5945.65, 10, 2e-20, 3e-20, 2e-20, 2e-20, -1
0.107988, 0.334618, 0.872572, 0.05, -0.0293102, 0.0186286, -0.0596483, 0.069022, 999.372, -1004.16, 10, 2e-20, 3e-20, 2e-20, 2e-20, -1
0.0823226, 0.293106, 0.929415, 0.05, -0.0877542, 0.0398607, -0.107172, 0.144137, 1006.17, 9871.01, 10, 2e-20, 3e-20, 2e-20, 2e-20, -1
0.116943, 0.249482, 0.7999, 0.05, 0.0354797, -0.0474967, 0.0398986, 0.0714608, 1005.65, 9037.98, 10, 2e-20, 3e-20, 2e-20, 2e-20, -1
0.0871407, 0.222273, 0.873266, 0.05, 0.0213648, -0.0649686, 0.0693675, 0.0974126, 1006.23, 9968.66, 10, 2e-20, 3e-20, 2e-20, 2e-20, -1
0.0736677, 0.234752, 0.922718, 0.05, 0.0102701, -0.0321732, -0.0377136, 0.0506252, 1003.28, 5251.72, 10, 2e-20, 3e-20, 2e-20, 2e-20, -1
0.0648632, 0.184809, 0.995328, 0.05, 0.0285539, -0.108273, -0.101469, 0.15111, 1004.1, 6560.64, 10, 2e-20, 3e-20, 2e-20, 2e-20, -1
0.086098, 0.229948, 1.02715, 0.05, -0.0235146, 0.101853, -0.235929, 0.258049, 1003.11, 4982.56, 10, 2e-20, 3e-20, 2e-20, 2e-20, -1
0.0982001, 0.268836, 1.11827, 0.05, 0.0378204, -0.0722985, -0.0820024, 0.11568, 1000.19, 298.559, 10, 2e-20, 3e-20, 2e-20, 2e-20, -1
0.0688297, 0.236699, 1.1172, 0.05, 0.0894395, -0.0387513, -0.184201, 0.208401, 997.593, -3850.89, 10, 2e-20, 3e-20, 2e-20, 2e-20, -1
0.0522842, 0.346604, 1.10001, 0.05, 0.0967409, 0.0495623, -0.144898, 0.181137, 998.791, -1933.92, 10, 2e-20, 3e-20, 2e-20, 2e-20, -1
0.0884789, 0.216459, 1.10196, 0.05, 0.071259, -0.0227922, -0.0847464, 0.113045, 1004.02, 6429.05, 10, 2e-20, 3e-20, 2e-20, 2e-20, -1
0.06544, 0.385871, 1.13227, 0.05, -0.0573636, -0.043276, -0.054203, 0.0900075, 999.344, -1050.08, 10, 2e-20, 3e-20, 2e-20, 2e-20, -1
0.0360862, 0.266438, 1.13759, 0.05, 0.0385811, 0.0122137, -0.149587, 0.154964, 1000.29, 459.497, 10, 2e-20, 3e-20, 2e-20, 2e-20, -1
0.00168325, 0.323987, 1.15699, 0.05, -0.0250989, -0.123451, -0.0933473, 0.156792, 1002.98, 4767.75, 10, 2e-20, 3e-20, 2e-20, 2e-20, -1
0.0266577, 0.286616, 1.18153, 0.05, 0.0325322, -0.0394376, -0.140984, 0.149967, 1001.24, 1981.94, 10, 2e-20, 3e-20, 2e-20, 2e-20, -1
0.0619178, 0.291428, 1.29374, 0.05, 0.0251722, -0.053175, -0.0201864, 0.062199, 1001.98, 3172.61, 10, 2e-20, 3e-20, 2e-20, 2e-20, -1
0.042768, 0.362547, 1.36426, 0.05, 0.0554323, 0.0252056, -0.00287422, 0.0609617, 998.324, -2682.39, 10, 2e-20, 3e-20, 2e-20, 2e-20, -1
0.0665173, 0.468425, 0.0833736, 0.05, 0.0637413, -0.0113124, 0.123864, 0.139761, 1005.63, 9005.69, 10, 2e-20, 3e-20, 2e-20, 2e-20, -1
0.108374, 0.498593, 0.342415, 0.05, 0.0237605, 0.00407872, 0.129278, 0.131507, 1001.02, 1628.07, 10, 2e-20, 3e-20, 2e-20, 2e-20, -1
0.148982, 0.500078, 0.383458, 0.05, -0.187419, 0.0701275, -0.143362, 0.246163, 1012.97, 20752.8, 10, 2e-20, 3e-20, 2e-20, 2e-20, -1
0.0929422, 0.425295, 0.290006, 0.05, 0.0959358, -0.00787663, 0.181312, 0.20528, 1002.17, 3465.64, 10, 2e-20, 3e-20, 2e-20, 2e-20, -1
0.165875, 0.463304, 0.290271, 0.05, -0.0571868, 0.0422881, 0.130528, 0.148648, 1007.54, 12061, 10, 2e-20, 3e-20, 2e-20, 2e-20, -1
0.0438029, 0.415722, 0.19984, 0.05, 0.0698302, 0.00787652, 0.14855, 0.164334, 1004.92, 7877.4, 10, 2e-20, 3e-20, 2e-20, 2e-20, -1
0.0393814, 0.424049, 0.145435, 0.05, -0.151281, -0.0414486, -0.123518, 0.199651, 1011.97, 19153.7, 10, 2e-20, 3e-20, 2e-20, 2e-20, -1
0.0875563, 0.378081, 0.254663, 0.05, -0.183719, -0.0729618, -0.0905443, 0.217427, 1009.24, 14782.8, 10, 2e-20, 3e-20, 2e-20, 2e-20, -1
0.0407839, 0.435869, 0.446216, 0.05, -0.18074, 0.0195722, -0.0870573, 0.201567, 1011.6, 18562.9, 10, 2e-20, 3e-20, 2e-20, 2e-20, -1
0.10714, 0.498155, 0.584925, 0.05, 0.0502674, 0.0737412, 0.139953, 0.165986, 1004.12, 6599.81, 10, 2e-20, 3e-20, 2e-20, 2e-20, -1
0.0810432, 0.440419, 0.475845, 0.05, -0.000708657, 0.146852, 0.0108495, 0.147254, 1006.12, 9790.01, 10, 2e-20, 3e-20, 2e-20, 2e-20, -1
0.0232678, 0.394117, 0.474917, 0.05, -0.13858, -0.0122784, 0.0404715, 0.14489, 1003.59, 5743, 10, 2e-20, 3e-20, 2e-20, 2e-20, -1
0.0441467, 0.440937, 0.500899, 0.05, 0.037515, 0.026038, 0.135352, 0.142848, 995.799, -6722.08, 10, 2e-20, 3e-20, 2e-20, 2e-20, -1
0.0920563, 0.454069, 0.613102, 0.05, -0.0944534, -0.0587818, 0.0516269, 0.122646, 1004.3, 6877.08, 10, 2e-20, 3e-20, 2e-20, 2e-20, -1
-0.00313215, 0.454575, 0.652138, 0.05, -0.102944, -0.0169297, 0.0223779, 0.1067, 1002.79, 4470.61, 10, 2e-20, 3e-20, 2e-20, 2e-20, -1
0.0797239, 0.455859, 0.532439, 0.05, -0.0720541, 0.0267034, -0.0787442, 0.110025, 1008.34, 13352, 10, 2e-20, 3e-20, 2e-20, 2e-20, -1
0.0398744, 0.395829, 0.530493, 0.05, 0.135782, -0.0176198, -0.0960758, 0.167266, 1005.19, 8300.37, 10, 2e-20, 3e-20, 2e-20, 2e-20, -1
0.0371739, 0.432981, 0.629601, 0.05, 0.00174876, 0.0586982, -0.113699, 0.127969, 1003.59, 5743.83, 10, 2e-20, 3e-20, 2e-20, 2e-20, -1
0.0594402, 0.400137, 0.674672, 0.05, -0.00481282, -0.00275632, -0.0933005, 0.0934652, 1001.89, 3025.02, 10, 2e-20, 3e-20, 2e-20, 2e-20, -1
0.0686839, 0.434843, 0.721078, 0.05, -0.0899293, 0.0313807, 0.0378633, 0.102497, 1004.43, 7087.03, 10, 2e-20, 3e-20, 2e-20, 2e-20, -1
0.0699764, 0.445616, 0.858989, 0.05, -0.228711, 0.0305341, -0.0972604, 0.250401, 997.132, -4588.23, 10, 2e-20, 3e-20, 2e-20, 2e-20, -1
0.013095, 0.462522, 0.870147, 0.05, 0.0219481, -0.103047, -0.0743214, 0.128934, 1006.23, 9960.22, 10, 2e-20, 3e-20, 2e-20, 2e-20, -1
0.0915148, 0.448271, 0.943832, 0.05, -0.0400021, -0.0801011, 0.0422629, 0.0990076, 999.514, -777.269, 10, 2e-20, 3e-20, 2e-20, 2e-20, -1
0.0820908, 0.440734, 0.906965, 0.05, -0.0870328, 0.0641711, -0.00585513, 0.108291, 1001.54, 2464.76, 10, 2e-20, 3e-20, 2e-20, 2e-20, -1
0.0770983, 0.463722, 0.985699, 0.05, 0.0448932, 0.0978537, -0.0104989, 0.108171, 1004.29, 6869.03, 10, 2e-20, 3e-20, 2e-20, 2e-20, -1
0.0741355, 0.416623, 0.75809, 0.05, 0.104358, -0.115749, 0.00802067, 0.156054, 1002.14, 3430.38, 10, 2e-20, 3e-20, 2e-20, 2e-20, -1
0.0505842, 0.411489, 0.93165, 0.05, -0.0487934, -0.032926, -0.0366852, 0.0693594, 1001.05, 1685.75, 10, 2e-20, 3e-20, 2e-20, 2e-20, -1
0.085356, 0.470317, 1.08294, 0.05, -0.0171019, 0.0434753, 0.0432429, 0.0636595, 998.117, -3013.39, 10, 2e-20, 3e-20, 2e-20, 2e-20, -1
0.0943746, 0.382134, 0.933438, 0.05, -0.0177038, 0.0509711, -0.102833, 0.11613, 1005, 8001.78, 10, 2e-20, 3e-20, 2e-20, 2e-20, -1
-0.0347719, 0.443113, 1.05379, 0.05, 0.0875643, 0.0676901, 0.0624027, 0.127057, 1000.33, 530.195, 10, 2e-20, 3e-20, 2e-20, 2e-20, -1
0.122087, 0.419331, 0.954643, 0.05, 0.10011, -0.0550427, -0.0395534, 0.120898, 1003.15, 5035.84, 10, 2e-20, 3e-20, 2e-20, 2e-20, -1
0.123936, 0.445262, 1.14549, 0.05, 0.0396732, -0.0715443, -0.0850319, 0.117996, 1000.05, 73.7967, 10, 2e-20, 3e-20, 2e-20, 2e-20, -1
0.083017, 0.346331, 0.956258, 0.05, -0.0241566, -0.00868755, -0.0946314, 0.0980516, 1002.08, 3333.58, 10, 2e-20, 3e-20, 2e-20, 2e-20, -1
0.134703, 0.39277, 1.00169, 0.05, -0.139329, 0.0645451, -0.319786, 0.354741, 1003.47, 5544.31, 10, 2e-20, 3e-20, 2e-20, 2e-20, -1
0.0759625, 0.305032, 0.982388, 0.05, -0.0105635, -0.0482723, -0.083558, 0.097076, 1004.01, 6423.19, 10, 2e-20, 3e-20, 2e-20, 2e-20, -1
0.104301, 0.262754, 0.964919, 0.05, -0.0412276, -0.139391, -0.0904929, 0.171226, 999.652, -556.57, 10, 2e-20, 3e-20, 2e-20, 2e-20, -1
0.0413517, 0.263613, 0.953287, 0.05, 0.0136658, 0.00726198, -0.0109105, 0.0189349, 1007.21, 11540, 10, 2e-20, 3e-20, 2e-20, 2e-20, -1
0.114599, 0.380063, 1.04476, 0.05, -0.00406101, 0.0317002, -0.0841565, 0.0900206, 1002.51, 4021.31, 10, 2e-20, 3e-20, 2e-20, 2e-20, -1
0.0977223, 0.277081, 1.01099, 0.05, -0.0198358, -0.0731409, -0.148103, 0.166366, 999.9, -159.791, 10, 2e-20, 3e-20, 2e-20, 2e-20, -1
0.110337, 0.323665, 1.03634, 0.05, 0.05196, 0.114444, -0.0959126, 0.158103, 1002.01, 3220.89, 10, 2e-20, 3e-20, 2e-20, 2e-20, -1
0.0692596, 0.290756, 1.04928, 0.05, -0.110987, -0.0908096, -0.136963, 0.198301, 1002.67, 4276.11, 10, 2e-20, 3e-20, 2e-20, 2e-20, -1
0.139885, 0.28947, 1.03922, 0.05, 0.054016, -0.0174354, -0.127553, 0.139612, 1001.14, 1818.4, 10, 2e-20, 3e-20, 2e-20, 2e-20, -1
0.0610995, 0.240049, 1.06196, 0.05, 0.0151235, 0.0700648, 0.0284346, 0.0771123, 999.231, -1229.94, 10, 2e-20, 3e-20, 2e-20, 2e-20, -1
0.100681, 0.346308, 1.27714, 0.05, 0.00787909, 0.0223116, -0.000937023, 0.0236805, 997.182, -4509.08, 10, 2e-20, 3e-20, 2e-20, 2e-20, -1
0.0874537, 0.418632, 1.14476, 0.05, -0.0545263, 0.147372, -0.0517392, 0.165434, 998.946, -1686.62, 10, 2e-20, 3e-20, 2e-20, 2e-20, -1
0.0685896, 0.367257, 1.21519, 0.05, 0.0114074, 0.0512826, -0.0579122, 0.0781912, 1001.98, 3173.24, 10, 2e-20, 3e-20, 2e-20, 2e-20, -1
0.0427396, 0.329265, 1.28816, 0.05, 0.145937, 0.00170773, 0.0111076, 0.146369, 999.695, -487.217, 10, 2e-20, 3e-20, 2e-20, 2e-20, -1
0.0165151, 0.368991, 1.1304, 0.05, -0.0331803, 0.111462, -0.0300288, 0.12011, 1001.93, 3094.7, 10, 2e-20, 3e-20, 2e-20, 2e-20, -1
0.0669572, 0.335269, 1.25952, 0.05, -0.0232998, -0.00758722, -0.187564, 0.189158, 1002.32, 3709.22, 10, 2e-20, 3e-20, 2e-20, 2e-20, -1
0.0354775, 0.327719, 1.21149, 0.05, -0.0476723, 0.0968801, -0.102408, 0.148815, 1004.55, 7278.63, 10, 2e-20, 3e-20, 2e-20, 2e-20, -1
0.0321761, 0.39263, 1.41839, 0.05, 0.0845993, -0.00401975, 0.179446, 0.198429, 999.612, -620.896, 10, 2e-20, 3e-20, 2e-20, 2e-20, -1
0.0379917, 0.49831, 0.056444, 0.05, -0.115857, -0.0293591, -0.00238531, 0.119543, 1015.32, 24511.7, 10, 2e-20, 3e-20, 2e-20, 2e-20, -1
0.0970234, 0.4963, 0.169224, 0.05, -0.178345, 0.0436617, -0.0287913, 0.185855, 1009.43, 15088, 10, 2e-20, 3e-20, 2e-20, 2e-20, -1
0.0685741, 0.493169, 0.249806, 0.05, 0.0697676, -0.0764211, 0.0241444, 0.106257, 1008.33, 13327.5, 10, 2e-20, 3e-20, 2e-20, 2e-20, -1
0.0398523, 0.490365, 0.431245, 0.05, -0.0667963, -0.0243901, -0.102423, 0.124688, 1020.29, 32456.8, 10, 2e-20, 3e-20, 2e-20, 2e-20, -1
0.0956596, 0.492239, 0.405261, 0.05, 0.0312445, 0.114379, -0.0380164, 0.124515, 1006.97, 11159.8, 10, 2e-20, 3e-20, 2e-20, 2e-20, -1
0.14395, 0.424805, 0.310817, 0.05, -0.144824, -0.106855, -0.0567595, 0.188716, 1007.51, 12012.6, 10, 2e-20, 3e-20, 2e-20, 2e-20, -1
0.077286, 0.454713, 0.332757, 0.05, 0.101939, -0.0607172, 0.0330154, 0.123159, 1002.93, 4693.05, 10, 2e-20, 3e-20, 2e-20, 2e-20, -1
0.0559383, 0.496512, 0.506196, 0.05, 0.0585692, 0.0145928, 0.0940019, 0.111712, 999.237, -1221.14, 10, 2e-20, 3e-20, 2e-20, 2e-20, -1
0.102975, 0.499056, 0.530252, 0.05, -0.104121, 0.010741, -0.243135, 0.26471, 1009.99, 15983.2, 10, 2e-20, 3e-20, 2e-20, 2e-20, -1
0.0533361, 0.495832, 0.677958, 0.05, 0.0198598, -0.00236737, 0.123999, 0.125602, 1006.83, 10924.3, 10, 2e-20, 3e-20, 2e-20, 2e-20, -1
0.0427442, 0.495519, 0.824419, 0.05, 0.0934303, -0.0510121, 0.106443, 0.150537, 1001.13, 1813.76, 10, 2e-20, 3e-20, 2e-20, 2e-20, -1
0.0688348, 0.498644, 0.622343, 0.05, 0.080661, -0.0162948, 0.30972, 0.320466, 1008.56, 13696, 10, 2e-20, 3e-20, 2e-20, 2e-20, -1
0.0450622, 0.498215, 1.01115, 0.05, 0.125762, 0.0298275, 0.103688, 0.165701, 1008.03, 12847.1, 10, 2e-20, 3e-20, 2e-20, 2e-20, -1
0.0655534, 0.495004, 0.874437, 0.05, -0.00997891, -0.0902693, -0.093891, 0.130628, 1008.05, 12880.2, 10, 2e-20, 3e-20, 2e-20, 2e-20, -1
0.03221, 0.45282, 0.692524, 0.05, -0.0371009, -0.0407068, 0.0237724, 0.0599887, 1003.74, 5983.69, 10, 2e-20, 3e-20, 2e-20, 2e-20, -1
0.119023, 0.499584, 0.979584, 0.05, 0.0320617, 0.000284929, 0.0664369, 0.0737692, 1006.12, 9799.27, 10, 2e-20, 3e-20, 2e-20, 2e-20, -1
0.0206044, 0.454471, 0.747682, 0.05, -0.12228, -0.0846335, -0.143217, 0.206461, 1000.05, 73.4268, 10, 2e-20, 3e-20, 2e-20, 2e-20, -1
0.0316344, 0.476973, 1.14209, 0.05, 0.222278, 0.0811113, 0.0645258, 0.245255, 996.619, -5410.22, 10, 2e-20, 3e-20, 2e-20, 2e-20, -1
0.0749702, 0.497852, 0.942691, 0.05, 0.0290664, -0.0144362, 0.158953, 0.162232, 999.315, -1095.69, 10, 2e-20, 3e-20, 2e-20, 2e-20, -1
0.0553507, 0.502494, 1.10597, 0.05, 0.18077, -0.00784211, 0.0694543, 0.193812, 1002.89, 4619.61, 10, 2e-20, 3e-20, 2e-20, 2e-20, -1
0.0536889, 0.49821, 1.18276, 0.05, 0.0440007, 0.117914, 0.147237, 0.193697, 1002.45, 3922.81, 10, 2e-20, 3e-20, 2e-20, 2e-20, -1
-0.00928383, 0.499419, 1.11224, 0.05, -0.0422184, 0.0266919, 0.247769, 0.252753, 1004.81, 7696.38, 10, 2e-20, 3e-20, 2e-20, 2e-20, -1
0.102939, 0.492973, 1.23957, 0.05, -0.119801, 0.0478583, -0.147112, 0.195665, 1006.28, 10048.4, 10, 2e-20, 3e-20, 2e-20, 2e-20, -1
0.0768414, 0.4521, 1.11623, 0.05, 0.064631, -0.0927889, -0.0363244, 0.11877, 1000.45, 721.276, 10, 2e-20, 3e-20, 2e-20, 2e-20, -1
0.117897, 0.460076, 1.01207, 0.05, 0.141664, -0.010989, 0.06019, 0.154313, 998.947, -1685.37, 10, 2e-20, 3e-20, 2e-20, 2e-20, -1
0.023042, 0.466176, 1.28507, 0.05, 0.280791, -0.0554499, 0.0431203, 0.289444, 1003.32, 5316.04, 10, 2e-20, 3e-20, 2e-20, 2e-20, -1
0.0853147, 0.464591, 1.18219, 0.05, -0.106154, 0.139109, 0.151066, 0.231173, 999.608, -626.948, 10, 2e-20, 3e-20, 2e-20, 2e-20, -1
0.085147, 0.436309, 1.30521, 0.05, -0.0369854, 0.0578956, 0.0668822, 0.0958804, 998.951, -1678.64, 10, 2e-20, 3e-20, 2e-20, 2e-20, -1
0.136668, 0.439974, 1.22974, 0.05, -0.00323964, 0.123623, -0.0360004, 0.128799, 1005.45, 8720.07, 10, 2e-20, 3e-20, 2e-20, 2e-20, -1
0.0523486, 0.43845, 1.22632, 0.05, 0.183225, 0.0994694, 0.13362, 0.247629, 998.75, -2000.11, 10, 2e-20, 3e-20, 2e-20, 2e-20, -1
-0.240809, -0.501161, 2.50945, 0.05, 0.00351155, -0.0011828, -0.954605, 0.954613, 1000.02, 34.3974, 10, 2e-20, 3e-20, 2e-20, 2e-20, -1
0.180441, 0.461539, 1.2464, 0.05, 0.0720384, -0.000538215, -0.0020507, 0.0720696, 1001.43, 2287.72, 10, 2e-20, 3e-20, 2e-20, 2e-20, -1
0.110494, 0.501708, 1.33902, 0.05, -9.68168e-05, -0.07252, 0.197099, 0.210017, 1001.76, 2811.77, 10, 2e-20, 3e-20, 2e-20, 2e-20, -1
0.204809, 0.445675, 1.3667, 0.05, -0.153527, -0.063189, 0.105812, 0.196874, 1002.66, 4252.61, 10, 2e-20, 3e-20, 2e-20, 2e-20, -1
0.199377, 0.433174, 1.2526, 0.05, 0.166997, 0.0978162, 0.053762, 0.200864, 1001.94, 3106.28, 10, 2e-20, 3e-20, 2e-20, 2e-20, -1
0.143968, 0.430634, 1.26349, 0.05, 0.0902096, -0.0263401, 0.178024, 0.201306, 1002.84, 4544.59, 10, 2e-20, 3e-20, 2e-20, 2e-20, -1
0.171195, 0.423635, 1.19334, 0.05, -0.075629, -0.0298549, -0.0282303, 0.0860698, 999.496, -807.03, 10, 2e-20, 3e-20, 2e-20, 2e-20, -1
-0.122526, 0.49165, 1.29234, 0.05, -0.0776121, -0.00797989, 0.0654279, 0.101824, 1006.88, 11007.3, 10, 2e-20, 3e-20, 2e-20, 2e-20, -1
0.141581, 0.389293, 1.09238, 0.05, -0.0548755, 0.0428017, -0.00271547, 0.0696469, 1001.45, 2319.81, 10, 2e-20, 3e-20, 2e-20, 2e-20, -1
-0.0116433, 0.474148, 1.34515, 0.05, 0.0913981, -0.168602, 0.00882188, 0.191984, 998.71, -2064.55, 10, 2e-20, 3e-20, 2e-20, 2e-20, -1
0.162093, 0.474354, 1.48285, 0.05, -0.151895, 0.17782, 0.0995473, 0.254169, 1003.2, 5116.27, 10, 2e-20, 3e-20, 2e-20, 2e-20, -1
-0.0129906, 0.504635, 1.35522, 0.05, 0.193483, -0.0770846, 0.108153, 0.23468, 1000.38, 614.188, 10, 2e-20, 3e-20, 2e-20, 2e-20, -1
-0.0364248, 0.372982, 1.34353, 0.05, 0.105258, -0.0877602, 0.00489018, 0.137132, 1000.49, 782.905, 10, 2e-20, 3e-20, 2e-20, 2e-20, -1
0.0664473, 0.447977, 1.36695, 0.05, 0.132596, 0.0590158, -0.0477152, 0.152778, 997.657, -3748.98, 10, 2e-20, 3e-20, 2e-20, 2e-20, -1
0.088491, 0.477002, 1.38611, 0.05, -0.0610807, 0.0895749, 0.108809, 0.153603, 998.051, -3117.75, 10, 2e-20, 3e-20, 2e-20, 2e-20, -1
0.295254, -0.430606, 1.45436, 0.05, -0.399328, 0.0409041, 0.0249389, 0.402191, 999.227, -1236.85, 10, 2e-20, 3e-20, 2e-20, 2e-20, -1
0.418188, -0.360408, 1.44341, 0.05, -0.325511, 0.101853, -0.026046, 0.342067, 1003.15, 5045.74, 10, 2e-20, 3e-20, 2e-20, 2e-20, -1
0.0802016, 0.428389, 1.42169, 0.05, 0.0202586, 0.0179787, 0.101825, 0.105366, 1001.88, 3006.94, 10, 2e-20, 3e-20, 2e-20, 2e-20, -1
0.268989, -0.496926, 1.45416, 0.05, -0.283135, -0.0346757, 0.183421, 0.339133, 1011.73, 18771.7, 10, 2e-20, 3e-20, 2e-20, 2e-20, -1
0.116275, 0.484035, 1.46384, 0.05, -0.118298, 0.122988, 0.0046554, 0.170711, 1005.89, 9426.97, 10, 2e-20, 3e-20, 2e-20, 2e-20, -1
0.00245296, 0.295246, 1.4293, 0.05, -0.112696, 0.0143402, 0.149348, 0.187645, 1001.16, 1853.52, 10, 2e-20, 3e-20, 2e-20, 2e-20, -1
0.0797024, -0.436736, 0.0530403, 0.05, -0.0427714, -0.0973032, 0.256123, 0.277302, 1007.37, 11799.4, 10, 2e-20, 3e-20, 2e-20, 2e-20, -1
0.0965662, -0.489845, 0.0599213, 0.05, -0.111735, 0.0619744, 0.195927, 0.233908, 1011.53, 18455.5, 10, 2e-20, 3e-20, 2e-20, 2e-20, -1
0.103056, -0.495452, 0.116636, 0.05, -0.033625, 0.0238244, 0.077952, 0.0881746, 1013.73, 21975.6, 10, 2e-20, 3e-20, 2e-20, 2e-20, -1
0.111372, -0.496378, 0.175859, 0.05, -0.152005, 0.185113, 0.267966, 0.359414, 1008.59, 13748.1, 10, 2e-20, 3e-20, 2e-20, 2e-20, -1
0.100016, -0.480304, 0.268272, 0.05, -0.131903, 0.0856757, -0.00746411, 0.157462, 1002.99, 4784.53, 10, 2e-20, 3e-20, 2e-20, 2e-20, -1
0.0709703, -0.498995, 0.229158, 0.05, 0.0018999, 0.340848, -0.0640144, 0.346812, 1011.33, 18130.9, 10, 2e-20, 3e-20, 2e-20, 2e-20, -1
0.107096, -0.496685, 0.364897, 0.05, -0.0388603, 0.0583038, 0.0276551, 0.0753277, 1004.64, 7421.16, 10, 2e-20, 3e-20, 2e-20, 2e-20, -1
0.0513619, -0.495769, 0.359041, 0.05, -0.0775897, -0.106858, 0.164479, 0.210931, 1011.76, 18817.6, 10, 2e-20, 3e-20, 2e-20, 2e-20, -1
0.104564, -0.478914, 0.410189, 0.05, 0.130338, 0.0463365, 0.181194, 0.227961, 1002.17, 3465.39, 10, 2e-20, 3e-20, 2e-20, 2e-20, -1
0.0963313, -0.496703, 0.483017, 0.05, -0.0353477, -0.205815, 0.153294, 0.259053, 1007.91, 12649.3, 10, 2e-20, 3e-20, 2e-20, 2e-20, -1
0.134124, -0.494492, 0.537769, 0.05, -0.157837, -0.0433633, -0.0840614, 0.184009, 1011.56, 18489.4, 10, 2e-20, 3e-20, 2e-20, 2e-20, -1
0.159155, -0.492442, 0.722483, 0.05, -0.0624499, 0.107731, 0.21645, 0.249713, 1009.53, 15256, 10, 2e-20, 3e-20, 2e-20, 2e-20, -1
0.0839019, -0.494763, 0.848308, 0.05, -0.0466324, -0.0776843, 0.0862192, 0.125073, 1001.55, 2482.68, 10, 2e-20, 3e-20, 2e-20, 2e-20, -1
0.12314, -0.496452, 0.77764, 0.05, -0.0427216, -0.0220723, 0.15043, 0.157929, 1004.75, 7602.42, 10, 2e-20, 3e-20, 2e-20, 2e-20, -1
0.142302, -0.495032, 0.602494, 0.05, -0.108849, -0.0785324, -0.00788269, 0.134453, 1007.23, 11573.8, 10, 2e-20, 3e-20, 2e-20, 2e-20, -1
0.0813515, -0.496425, 0.915145, 0.05, -0.0625939, -0.103016, 0.13214, 0.178861, 1005.24, 8378.8, 10, 2e-20, 3e-20, 2e-20, 2e-20, -1
0.103152, -0.497009, 0.716068, 0.05, -0.0295814, 0.0336633, 0.0266939, 0.0521617, 1001.32, 2107.41, 10, 2e-20, 3e-20, 2e-20, 2e-20, -1
0.129358, -0.498196, 0.967028, 0.05, 0.0131514, -0.00392921, 0.164904, 0.165474, 1006.9, 11044.8, 10, 2e-20, 3e-20, 2e-20, 2e-20, -1
0.11798, -0.453821, 0.839883, 0.05, -0.00445314, 0.0893793, 0.192847, 0.212599, 1010.55, 16881.4, 10, 2e-20, 3e-20, 2e-20, 2e-20, -1
0.099574, -0.457599, 0.774195, 0.05, -0.0935051, -0.0074293, 0.144513, 0.172286, 1007.42, 11875.7, 10, 2e-20, 3e-20, 2e-20, 2e-20, -1
0.0972694, -0.496606, 1.12976, 0.05, 0.183554, 0.019842, 0.284204, 0.338907, 1004.21, 6734.89, 10, 2e-20, 3e-20, 2e-20, 2e-20, -1
0.0657065, -0.494273, 0.972701, 0.05, -0.20662, -0.0139462, 0.208672, 0.29399, 999.297, -1124.44, 10, 2e-20, 3e-20, 2e-20, 2e-20, -1
0.124209, -0.46143, 0.93026, 0.05, 0.0204294, 0.03449, 0.128267, 0.134385, 1005.41, 8663.26, 10, 2e-20, 3e-20, 2e-20, 2e-20, -1
0.181127, -0.498151, 1.21607, 0.05, 0.18015, -0.0617566, 0.368437, 0.414746, 999.771, -365.898, 10, 2e-20, 3e-20, 2e-20, 2e-20, -1
0.161015, -0.448424, 1.06757, 0.05, -0.0871475, -0.0709957, 0.373993, 0.39052, 1003.89, 6227.44, 10, 2e-20, 3e-20, 2e-20, 2e-20, -1
0.124501, -0.504505, 1.30825, 0.05, 0.145441, -0.0916834, 0.303024, 0.3484, 997.053, -4715.85, 10, 2e-20, 3e-20, 2e-20, 2e-20, -1
0.129471, -0.498417, 1.19168, 0.05, 0.113261, -0.0336966, 0.29509, 0.317871, 998.743, -2011.91, 10, 2e-20, 3e-20, 2e-20, 2e-20, -1
0.126794, -0.443011, 1.18195, 0.05, 0.0110643, 0.148504, 0.213247, 0.260097, 999.725, -440.505, 10, 2e-20, 3e-20, 2e-20, 2e-20, -1
0.364036, -0.469207, 1.45457, 0.05, -0.351676, 0.0340548, -0.250717, 0.433238, 997.833, -3467.47, 10, 2e-20, 3e-20, 2e-20, 2e-20, -1
0.133568, -0.497396, 1.25187, 0.05, -0.435026, 0.0801679, -0.00321307, 0.442363, 1000.15, 233.78, 10, 2e-20, 3e-20, 2e-20, 2e-20, -1
0.134139, -0.439982, 1.26199, 0.05, -0.209325, 0.103428, 0.618939, 0.661513, 1006.63, 10605.9, 10, 2e-20, 3e-20, 2e-20, 2e-20, -1
0.174263, -0.404264, 1.09889, 0.05, -0.108466, -0.184865, 0.288174, 0.359144, 1001.88, 3001.7, 10, 2e-20, 3e-20, 2e-20, 2e-20, -1
0.165695, -0.400069, 1.23728, 0.05, -0.135264, -0.0794661, 0.222755, 0.272454, 999.392, -972.474, 10, 2e-20, 3e-20, 2e-20, 2e-20, -1
0.0750009, -0.365079, 1.43785, 0.05, 0.0387155, 0.0571908, -0.087064, 0.11113, 1002.03, 3250.24, 10, 2e-20, 3e-20, 2e-20, 2e-20, -1
0.140995, -0.324331, 1.40383, 0.05, -0.0393454, 0.523648, 0.217153, 0.568252, 998.236, -2822.57, 10, 2e-20, 3e-20, 2e-20, 2e-20, -1
0.0592767, -0.41471, 1.36203, 0.05, -0.0165544, -0.0861191, 0.109684, 0.140432, 1002.01, 3218.53, 10, 2e-20, 3e-20, 2e-20, 2e-20, -1
0.100675, -0.438218, 1.36469, 0.05, 0.0836564, 0.144965, 0.357856, 0.395062, 1008.63, 13803.1, 10, 2e-20, 3e-20, 2e-20, 2e-20, -1
0.124675, -0.384499, 1.20809, 0.05, -0.06755, -0.0428555, 0.107885, 0.134308, 998.708, -2067.95, 10, 2e-20, 3e-20, 2e-20, 2e-20, -1
-0.178563, -0.40221, 1.48888, 0.05, -0.158065, -0.168789, 0.642416, 0.682768, 995.796, -6726.21, 10, 2e-20, 3e-20, 2e-20, 2e-20, -1
0.110757, -0.408953, 1.45345, 0.05, -0.0864285, -0.0201204, -0.127551, 0.155383, 999.641, -574.649, 10, 2e-20, 3e-20, 2e-20, 2e-20, -1
0.0617628, -0.481198, 1.39391, 0.05, 0.0452295, 0.126836, -0.0541554, 0.145141, 998.501, -2399.11, 10, 2e-20, 3e-20, 2e-20, 2e-20, -1
0.330611, -0.665337, 1.18859, 0.05, 0.10293, 1.90331, -0.0767352, 1.90763, 943.494, -90410, 10, 2e-20, 3e-20, 2e-20, 2e-20, -1
0.190615, -0.30109, 1.4204, 0.05, 0.0464475, -0.0470876, 0.0628664, 0.0912513, 1005.7, 9113.77, 10, 2e-20, 3e-20, 2e-20, 2e-20, -1
0.119766, -0.280054, 1.38505, 0.05, -0.17493, 0.327476, -0.00810788, 0.371358, 994.674, -8522.14, 10, 2e-20, 3e-20, 2e-20, 2e-20, -1
0.0319943, -0.400421, 1.48186, 0.05, -0.0650994, -0.194935, 0.0116735, 0.20585, 997.892, -3372.15, 10, 2e-20, 3e-20, 2e-20, 2e-20, -1
0.112617, -0.29137, 1.35346, 0.05, -0.180326, 0.344389, -0.0337182, 0.390203, 997.323, -4283.47, 10, 2e-20, 3e-20, 2e-20, 2e-20, -1
-0.0417006, -0.372142, 1.38955, 0.05, -0.199158, -0.185723, 0.376178, 0.4644, 999.484, -825.869, 10, 2e-20, 3e-20, 2e-20, 2e-20, -1
0.304747, -0.319253, 1.44258, 0.05, -0.380373, 0.0626781, -0.0631014, 0.390633, 997.291, -4334.04, 10, 2e-20, 3e-20, 2e-20, 2e-20, -1
0.173038, -0.309424, 1.35973, 0.05, -0.363096, 0.0136486, 0.0200773, 0.363907, 997.12, -4607.46, 10, 2e-20, 3e-20, 2e-20, 2e-20, -1
0.0123839, -0.357665, 1.38024, 0.05, -0.0914362, -0.145834, 0.483191, 0.512934, 1001.23, 1966.81, 10, 2e-20, 3e-20, 2e-20, 2e-20, -1
0.223006, -0.461611, 1.53866, 0.05, 0.00595161, -0.109834, -0.235434, 0.259862, 1013.41, 21451.7, 10, 2e-20, 3e-20, 2e-20, 2e-20, -1
0.0355365, -0.324782, 0.0445885, 0.05, 0.0622838, -0.221574, 0.160943, 0.280851, 1011.36, 18177.5, 10, 2e-20, 3e-20, 2e-20, 2e-20, -1
0.0740649, -0.447175, 0.117377, 0.05, 0.067349, 0.0332233, -0.15979, 0.176557, 1002.5, 3999.94, 10, 2e-20, 3e-20, 2e-20, 2e-20, -1
0.127185, -0.406658, 0.167691, 0.05, -0.102975, -0.116463, 0.065097, 0.168538, 1012.58, 20123.7, 10, 2e-20, 3e-20, 2e-20, 2e-20, -1
0.100732, -0.451855, 0.16301, 0.05, -0.155961, 0.121276, 0.045357, 0.202704, 1004.42, 7068.61, 10, 2e-20, 3e-20, 2e-20, 2e-20, -1
0.0431534, -0.452875, 0.200849, 0.05, -0.0440191, -0.0604975, -0.236175, 0.247742, 999.697, -484.758, 10, 2e-20, 3e-20, 2e-20, 2e-20, -1
0.0951357, -0.440295, 0.297952, 0.05, 0.0834659, -0.110295, 0.13671, 0.194477, 1006.97, 11153.6, 10, 2e-20, 3e-20, 2e-20, 2e-20, -1
0.124963, -0.427731, 0.257239, 0.05, 0.00372159, 0.15011, -0.0426175, 0.156087, 1006.82, 10905.9, 10, 2e-20, 3e-20, 2e-20, 2e-20, -1
0.0894924, -0.447518, 0.352653, 0.05, -0.0714073, 0.0610534, 0.0736179, 0.119357, 1001.68, 2695.25, 10, 2e-20, 3e-20, 2e-20, 2e-20, -1
0.129197, -0.435518, 0.389445, 0.05, -0.0885899, -0.0230844, 0.0944472, 0.131534, 1006.94, 11097.1, 10, 2e-20, 3e-20, 2e-20, 2e-20, -1
0.117712, -0.390631, 0.403193, 0.05, 0.0406246, -0.0315131, -0.102837, 0.114973, 1006.34, 10146.9, 10, 2e-20, 3e-20, 2e-20, 2e-20, -1
0.168849, -0.446699, 0.487864, 0.05, -0.129113, -0.121347, -0.0488193, 0.18379, 1011.46, 18331.9, 10, 2e-20, 3e-20, 2e-20, 2e-20, -1
0.128003, -0.438839, 0.522596, 0.05, -0.148816, 0.130794, 0.109876, 0.226553, 1001.92, 3067.79, 10, 2e-20, 3e-20, 2e-20, 2e-20, -1
0.13655, -0.417163, 0.442956, 0.05, 0.013602, -0.104422, 0.0074046, 0.105565, 1005.24, 8391.98, 10, 2e-20, 3e-20, 2e-20, 2e-20, -1
0.0999787, -0.406059, 0.481981, 0.05, -0.156106, -0.0447138, 0.0644895, 0.174721, 1005.49, 8784.42, 10, 2e-20, 3e-20, 2e-20, 2e-20, -1
0.125536, -0.440592, 0.587963, 0.05, -0.127251, -0.00649627, 0.110947, 0.16895, 1008.37, 13384.3, 10, 2e-20, 3e-20, 2e-20, 2e-20, -1
0.11969, -0.376914, 0.446466, 0.05, -0.0179709, -0.0248482, 0.006198, 0.0312858, 1001.79, 2861.29, 10, 2e-20, 3e-20, 2e-20, 2e-20, -1
0.131657, -0.396293, 0.543511, 0.05, -0.137358, -0.125071, -0.00018977, 0.185768, 1004.03, 6445.26, 10, 2e-20, 3e-20, 2e-20, 2e-20, -1
0.100931, -0.458411, 0.636002, 0.05, 0.0265209, -0.0779142, 0.022835, 0.0854132, 1000.08, 129.743, 10, 2e-20, 3e-20, 2e-20, 2e-20, -1
0.104299, -0.388018, 0.571667, 0.05, -0.0479065, -0.0522188, -0.0551716, 0.0898095, 1007.05, 11282.1, 10, 2e-20, 3e-20, 2e-20, 2e-20, -1
0.156461, -0.457924, 0.628719, 0.05, -0.0249093, 0.0606748, 0.0848754, 0.107265, 999.627, -596.4, 10, 2e-20, 3e-20, 2e-20, 2e-20, -1
0.133157, -0.452497, 0.682323, 0.05, -0.0850233, 0.019317, 0.0281721, 0.0916284, 1001.98, 3167.81, 10, 2e-20, 3e-20, 2e-20, 2e-20, -1
0.0653951, -0.437701, 0.835174, 0.05, 0.0524697, -0.0378348, 0.0952538, 0.115143, 999.878, -195.387, 10, 2e-20, 3e-20, 2e-20, 2e-20, -1
0.120167, -0.408509, 0.758931, 0.05, -0.0539733, -0.012471, 0.100948, 0.115149, 1004.16, 6659.46, 10, 2e-20, 3e-20, 2e-20, 2e-20, -1
0.178598, -0.430109, 0.775895, 0.05, 0.0442264, 0.0575629, 0.107824, 0.129983, 999.554, -713.057, 10, 2e-20, 3e-20, 2e-20, 2e-20, -1
0.0801479, -0.446939, 0.929593, 0.05, -0.0159475, 0.0402099, 0.191993, 0.196806, 1000.43, 691.46, 10, 2e-20, 3e-20, 2e-20, 2e-20, -1
0.207304, -0.444194, 1.04886, 0.05, -0.0182982, -0.105402, 0.218913, 0.243654, 1003.56, 5696.26, 10, 2e-20, 3e-20, 2e-20, 2e-20, -1
0.135675, -0.423182, 0.920463, 0.05, -0.0640283, 0.0661473, 0.0545829, 0.107025, 1003.71, 5929.01, 10, 2e-20, 3e-20, 2e-20, 2e-20, -1
0.104622, -0.449876, 0.985984, 0.05, 0.012355, -0.0691428, 0.210413, 0.221827, 1004.91, 7851.92, 10, 2e-20, 3e-20, 2e-20, 2e-20, -1
0.142028, -0.43461, 1.1265, 0.05, -0.00326639, -0.0043054, 0.328951, 0.328995, 998.467, -2452.45, 10, 2e-20, 3e-20, 2e-20, 2e-20, -1
0.140175, -0.414427, 1.04292, 0.05, -0.1764, -0.0811111, 0.152433, 0.246843, 1000.74, 1188.3, 10, 2e-20, 3e-20, 2e-20, 2e-20, -1
0.165055, -0.446954, 1.20241, 0.05, -0.0376627, 0.182257, 0.317488, 0.368014, 1003.94, 6296.65, 10, 2e-20, 3e-20, 2e-20, 2e-20, -1
0.106238, -0.402796, 1.09329, 0.05, -0.132408, -0.0794605, 0.19137, 0.245903, 1000.71, 1136.02, 10, 2e-20, 3e-20, 2e-20, 2e-20, -1
0.188358, -0.332869, 0.78329, 0.05, -0.113234, 0.0368664, 0.111975, 0.163461, 1001.46, 2341.89, 10, 2e-20, 3e-20, 2e-20, 2e-20, -1
0.179662, -0.390092, 0.981799, 0.05, -0.109225, -0.049889, 0.13447, 0.180281, 1000.32, 515.099, 10, 2e-20, 3e-20, 2e-20, 2e-20, -1
0.14614, -0.380445, 1.05202, 0.05, -0.118369, -0.0313071, 0.137183, 0.183876, 995.757, -6788.81, 10, 2e-20, 3e-20, 2e-20, 2e-20, -1
0.200443, -0.411456, 1.20965, 0.05, -0.0720934, -0.119344, 0.328684, 0.357034, 1007.32, 11704.5, 10, 2e-20, 3e-20, 2e-20, 2e-20, -1
0.112531, -0.362088, 1.09343, 0.05, -0.15076, 0.0181739, 0.128203, 0.198733, 998.495, -2407.5, 10, 2e-20, 3e-20, 2e-20, 2e-20, -1
0.112482, -0.24178, 0.996906, 0.05, -0.128037, -0.0731134, 0.0590578, 0.15883, 1002.1, 3363.21, 10, 2e-20, 3e-20, 2e-20, 2e-20, -1
0.0673354, -0.280382, 1.05389, 0.05, -0.24955, 0.0456198, 0.066936, 0.262368, 997.043, -4731.27, 10, 2e-20, 3e-20, 2e-20, 2e-20, -1
0.144007, -0.351061, 1.13307, 0.05, -0.12306, -0.00013723, 0.162602, 0.20392, 1001.6, 2562.73, 10, 2e-20, 3e-20, 2e-20, 2e-20, -1
0.0669214, -0.257459, 1.00069, 0.05, -0.179336, 0.0134399, 0.0809412, 0.197214, 1003.26, 5210.15, 10, 2e-20, 3e-20, 2e-20, 2e-20, -1
0.166475, -0.334352, 1.1723, 0.05, -0.012637, -0.137899, 0.184325, 0.230546, 1002.7, 4325.6, 10, 2e-20, 3e-20, 2e-20, 2e-20, -1
0.131464, -0.334091, 1.38307, 0.05, -0.194434, 0.252834, 0.144856, 0.350304, 996.884, -4985.64, 10, 2e-20, 3e-20, 2e-20, 2e-20, -1
0.131257, -0.328651, 1.1985, 0.05, -0.078465, -0.00813286, 0.132467, 0.154176, 1006.45, 10314.8, 10, 2e-20, 3e-20, 2e-20, 2e-20, -1
0.134135, -0.33099, 1.24639, 0.05, -0.0960464, -0.158779, 0.21459, 0.283698, 995.384, -7385.17, 10, 2e-20, 3e-20, 2e-20, 2e-20, -1
0.107503, -0.28579, 1.19151, 0.05, -0.0633822, -0.104068, 0.070759, 0.140905, 1003.66, 5856.7, 10, 2e-20, 3e-20, 2e-20, 2e-20, -1
0.10602, -0.303442, 1.30737, 0.05, -0.276108, 0.0637853, 0.272291, 0.392996, 1002.69, 4300.81, 10, 2e-20, 3e-20, 2e-20, 2e-20, -1
0.0842378, -0.290924, 1.24485, 0.05, -0.246914, 0.0447558, 0.129922, 0.282576, 1002.43, 3883.81, 10, 2e-20, 3e-20, 2e-20, 2e-20, -1
0.106482, -0.331367, 1.28751, 0.05, -0.181731, -0.140576, 0.182756, 0.293577, 997.122, -4604.88, 10, 2e-20, 3e-20, 2e-20, 2e-20, -1
0.0913603, -0.274945, 1.29636, 0.05, -0.00205378, -0.0250751, 0.303133, 0.304175, 1002.59, 4138.18, 10, 2e-20, 3e-20, 2e-20, 2e-20, -1
0.139203, -0.411308, 1.47755, 0.05, -0.020383, -0.327759, 0.186454, 0.377633, 1008.08, 12933.8, 10, 2e-20, 3e-20, 2e-20, 2e-20, -1
-0.0122167, -0.301012, 0.0517956, 0.05, -0.0080328, 0.034545, -0.0176621, 0.0396211, 1018.72, 29955.7, 10, 2e-20, 3e-20, 2e-20, 2e-20, -1
0.107448, -0.428764, 0.0954543, 0.05, 0.0734933, -0.039576, 0.19938, 0.216148, 1003.97, 6351.36, 10, 2e-20, 3e-20, 2e-20, 2e-20, -1
0.138488, -0.380532, 0.129044, 0.05, -0.110573, 0.129918, 0.0723763, 0.18532, 1011.57, 18506.6, 10, 2e-20, 3e-20, 2e-20, 2e-20, -1
0.176637, -0.393274, 0.203253, 0.05, 0.0354288, -0.208197, 0.127586, 0.246738, 1005.97, 9552.26, 10, 2e-20, 3e-20, 2e-20, 2e-20, -1
0.10969, -0.45852, 0.21321, 0.05, -0.1645, -0.195412, -0.0141182, 0.255823, 1005.47, 8745.72, 10, 2e-20, 3e-20, 2e-20, 2e-20, -1
0.126033, -0.38757, 0.215451, 0.05, -0.159412, -0.0598098, -0.123239, 0.210184, 1010.72, 17149.7, 10, 2e-20, 3e-20, 2e-20, 2e-20, -1
0.0960075, -0.324128, 0.226059, 0.05, -0.0112968, 0.0428421, -0.00707849, 0.0448683, 996.542, -5532.98, 10, 2e-20, 3e-20, 2e-20, 2e-20, -1
0.127098, -0.365422, 0.251772, 0.05, -0.16798, 0.027879, -0.110314, 0.202888, 1004.19, 6696.19, 10, 2e-20, 3e-20, 2e-20, 2e-20, -1
0.0865331, -0.398981, 0.33106, 0.05, 0.0177678, 0.120278, -0.0440306, 0.12931, 1005.78, 9243.81, 10, 2e-20, 3e-20, 2e-20, 2e-20, -1
0.169558, -0.353932, 0.280972, 0.05, -0.0789187, 0.0252623, 0.0749187, 0.11171, 1000.52, 832.449, 10, 2e-20, 3e-20, 2e-20, 2e-20, -1
0.163144, -0.302956, 0.296978, 0.05, -0.0393588, 0.0338065, 0.0450369, 0.0687046, 1006.13, 9801.17, 10, 2e-20, 3e-20, 2e-20, 2e-20, -1
0.124666, -0.380379, 0.303674, 0.05, 0.0791464, 0.143356, -0.0435951, 0.169457, 1005.48, 8767.39, 10, 2e-20, 3e-20, 2e-20, 2e-20, -1
0.129382, -0.331609, 0.318138, 0.05, -0.128652, -0.171112, 0.0277884, 0.215876, 1004.79, 7658.88, 10, 2e-20, 3e-20, 2e-20, 2e-20, -1
0.115577, -0.360125, 0.361513, 0.05, 0.029863, 0.0410952, 0.163333, 0.171051, 999.968, -50.9481, 10, 2e-20, 3e-20, 2e-20, 2e-20, -1
0.124454, -0.327127, 0.401378, 0.05, -0.0650212, -0.00765992, -0.0719707, 0.0972944, 1006.94, 11097.9, 10, 2e-20, 3e-20, 2e-20, 2e-20, -1
0.16661, -0.29394, 0.388308, 0.05, -0.0915146, -0.0390475, 0.0236234, 0.102263, 1006.92, 11068.2, 10, 2e-20, 3e-20, 2e-20, 2e-20, -1
0.150811, -0.334517, 0.444657, 0.05, -0.0138499, 0.00881478, 0.0719823, 0.0738307, 1007.9, 12636.8, 10, 2e-20, 3e-20, 2e-20, 2e-20, -1
0.124863, -0.363962, 0.49304, 0.05, -0.149024, 0.032863, 0.123107, 0.196071, 1001.77, 2828.56, 10, 2e-20, 3e-20, 2e-20, 2e-20, -1
0.0812131, -0.35957, 0.41785, 0.05, -0.229789, 0.0424613, -0.084239, 0.248399, 1007.77, 12436.5, 10, 2e-20, 3e-20, 2e-20, 2e-20, -1
0.163401, -0.355485, 0.525638, 0.05, 0.00226223, -0.017816, 0.144962, 0.14607, 1005.61, 8970.17, 10, 2e-20, 3e-20, 2e-20, 2e-20, -1
0.153686, -0.398312, 0.600352, 0.05, -0.0584786, 0.00133137, 0.103215, 0.118638, 1006.04, 9661.89, 10, 2e-20, 3e-20, 2e-20, 2e-20, -1
0.134771, -0.408704, 0.640976, 0.05, -0.165495, -0.00526631, 0.0508406, 0.173208, 1008.66, 13855.7, 10, 2e-20, 3e-20, 2e-20, 2e-20, -1
0.208978, -0.389454, 0.655095, 0.05, -0.0142019, -0.0303544, -0.0141888, 0.0363924, 1000.92, 1475.08, 10, 2e-20, 3e-20, 2e-20, 2e-20, -1
0.0943775, -0.420503, 0.672851, 0.05, 0.100328, -0.0229053, 0.040501, 0.110592, 1003.94, 6307.6, 10, 2e-20, 3e-20, 2e-20, 2e-20, -1
0.163323, -0.413028, 0.687322, 0.05, -0.00570741, -0.0662179, 0.0356217, 0.0754075, 1009.05, 14483.5, 10, 2e-20, 3e-20, 2e-20, 2e-20, -1
0.159225, -0.445459, 0.817412, 0.05, -0.0451099, 0.0937162, 0.191398, 0.217832, 1003.47, 5557.68, 10, 2e-20, 3e-20, 2e-20, 2e-20, -1
0.0986036, -0.418773, 0.80691, 0.05, -0.0439964, 0.0990115, 0.0212492, 0.110411, 1004.89, 7827.33, 10, 2e-20, 3e-20, 2e-20, 2e-20, -1
0.118019, -0.393952, 0.837922, 0.05, -0.160828, 0.028753, 0.253663, 0.301724, 1004.16, 6648.95, 10, 2e-20, 3e-20, 2e-20, 2e-20, -1
0.08884, -0.383112, 0.877148, 0.05, 0.118614, -0.0218164, -0.0931378, 0.152381, 1002.46, 3928.76, 10, 2e-20, 3e-20, 2e-20, 2e-20, -1
0.138235, -0.352773, 0.787783, 0.05, 0.0439346, -0.048149, 0.144657, 0.158663, 1004.31, 6892.95, 10, 2e-20, 3e-20, 2e-20, 2e-20, -1
0.143268, -0.37585, 0.878281, 0.05, -0.0908647, -0.0870245, 0.0321176, 0.129851, 1003.05, 4882.13, 10, 2e-20, 3e-20, 2e-20, 2e-20, -1
0.112935, -0.340758, 0.839957, 0.05, -0.0654169, -0.0765489, 0.0730751, 0.124415, 1001.92, 3072.77, 10, 2e-20, 3e-20, 2e-20, 2e-20, -1
0.164819, -0.291286, 0.813355, 0.05, -0.0967523, -0.17282, 0.0892445, 0.217238, 1001.49, 2387.58, 10, 2e-20, 3e-20, 2e-20, 2e-20, -1
0.137309, -0.341139, 0.923032, 0.05, -0.0705366, -0.0340789, 0.109837, 0.134911, 1004.63, 7412.97, 10, 2e-20, 3e-20, 2e-20, 2e-20, -1
0.116134, -0.348087, 1.03736, 0.05, -0.155219, -0.0355312, 0.175621, 0.237062, 1005.85, 9360.86, 10, 2e-20, 3e-20, 2e-20, 2e-20, -1
0.136103, -0.322838, 0.96843, 0.05, -0.0561145, 0.0487408, 0.0284684, 0.0795924, 999.127, -1396.87, 10, 2e-20, 3e-20, 2e-20, 2e-20, -1
0.18145, -0.339006, 0.955713, 0.05, -0.0371472, 0.0376545, 0.11843, 0.129705, 999.424, -921.018, 10, 2e-20, 3e-20, 2e-20, 2e-20, -1
0.144909, -0.319578, 0.876098, 0.05, -0.0738221, -0.0475705, -0.0305332, 0.0929781, 1007.46, 11942.1, 10, 2e-20, 3e-20, 2e-20, 2e-20, -1
0.167203, -0.29812, 0.926508, 0.05, -0.0767225, 0.0190157, 0.114941, 0.139497, 1005.96, 9534.71, 10, 2e-20, 3e-20, 2e-20, 2e-20, -1
0.13991, -0.284117, 1.00294, 0.05, 0.000649016, -0.0030404, 0.022572, 0.0227851, 1005.33, 8527.47, 10, 2e-20, 3e-20, 2e-20, 2e-20, -1
0.164513, -0.227074, 0.990657, 0.05, -0.0461333, -0.0962644, 0.141957, 0.177615, 1004.31, 6888.07, 10, 2e-20, 3e-20, 2e-20, 2e-20, -1
0.100415, -0.202771, 1.00576, 0.05, -0.084496, -0.0567615, -0.0197306, 0.103686, 1001.66, 2660.7, 10, 2e-20, 3e-20, 2e-20, 2e-20, -1
0.063077, -0.303167, 1.10345, 0.05, -0.0772236, 0.0163114, 0.216283, 0.230235, 1005.52, 8839.96, 10, 2e-20, 3e-20, 2e-20, 2e-20, -1
0.0677862, -0.23216, 1.05121, 0.05, -0.0814648, -0.0218105, 0.0241896, 0.0877345, 1003.16, 5062.92, 10, 2e-20, 3e-20, 2e-20, 2e-20, -1
0.121354, -0.310158, 1.14151, 0.05, -0.231132, -0.0423853, 0.104836, 0.257311, 1000.37, 594.08, 10, 2e-20, 3e-20, 2e-20, 2e-20, -1
0.101331, -0.262019, 1.14846, 0.05, -0.091198, -0.0973048, 0.199946, 0.240341, 1005.84, 9344.3, 10, 2e-20, 3e-20, 2e-20, 2e-20, -1
0.0969808, -0.219632, 1.16751, 0.05, -0.160283, 0.0748314, 0.0748862, 0.19209, 1000.66, 1056.71, 10, 2e-20, 3e-20, 2e-20, 2e-20, -1
0.0731864, -0.241008, 1.27208, 0.05, 0.0258086, 0.139329, 0.275013, 0.309371, 1003.74, 5987.45, 10, 2e-20, 3e-20, 2e-20, 2e-20, -1
0.0671237, -0.196781, 1.329, 0.05, -0.135697, 0.216803, 0.132444, 0.288026, 999.789, -337.931, 10, 2e-20, 3e-20, 2e-20, 2e-20, -1
0.0687886, -0.250004, 1.34006, 0.05, -0.159847, -0.130968, 0.132545, 0.245503, 998.253, -2795.77, 10, 2e-20, 3e-20, 2e-20, 2e-20, -1
0.0810157, -0.310502, 1.48727, 0.05, 0.00913446, -0.00412553, 0.141014, 0.14137, 993.342, -10653.2, 10, 2e-20, 3e-20, 2e-20, 2e-20, -1
0.108071, -0.308274, 0.0522335, 0.05, 0.161485, -0.311986, -0.152729, 0.383065, 1012.62, 20185.2, 10, 2e-20, 3e-20, 2e-20, 2e-20, -1
0.0831539, -0.369805, 0.04768, 0.05, 0.0845793, -0.0735392, 0.200272, 0.229501, 1013.09, 20942.9, 10, 2e-20, 3e-20, 2e-20, 2e-20, -1
0.124579, -0.34927, 0.173824, 0.05, -0.0461256, -0.0590311, -0.0938555, 0.120088, 1005.24, 8377.75, 10, 2e-20, 3e-20, 2e-20, 2e-20, -1
0.113265, -0.305498, 0.145197, 0.05, -0.273828, -0.171992, 0.0590819, 0.328715, 1005, 7992.6, 10, 2e-20, 3e-20, 2e-20, 2e-20, -1
0.0813209, -0.359108, 0.196406, 0.05, -0.18724, -0.0188587, -0.243116, 0.307441, 1007.14, 11430.1, 10, 2e-20, 3e-20, 2e-20, 2e-20, -1
0.124727, -0.30619, 0.189514, 0.05, -0.0314831, -0.0746909, -0.00524097, 0.0812243, 994.647, -8565.23, 10, 2e-20, 3e-20, 2e-20, 2e-20, -1
0.088694, -0.220209, 0.213547, 0.05, -0.0852452, -0.0160045, 0.063384, 0.107426, 1006.37, 10191, 10, 2e-20, 3e-20, 2e-20, 2e-20, -1
0.117165, -0.269799, 0.224022, 0.05, -0.173399, -0.0934817, 0.144262, 0.244168, 1001.44, 2297.97, 10, 2e-20, 3e-20, 2e-20, 2e-20, -1
0.132058, -0.308108, 0.256599, 0.05, -0.0900163, 0.0351625, -0.0430187, 0.105783, 1006.81, 10893.8, 10, 2e-20, 3e-20, 2e-20, 2e-20, -1
0.123633, -0.223778, 0.242098, 0.05, 0.155887, -0.0150328, 0.236772, 0.283879, 1001.32, 2107.44, 10, 2e-20, 3e-20, 2e-20, 2e-20, -1
0.106836, -0.259367, 0.267948, 0.05, -0.0432396, -0.042659, 0.109521, 0.125237, 1010.33, 16528.5, 10, 2e-20, 3e-20, 2e-20, 2e-20, -1
0.114509, -0.211164, 0.287793, 0.05, 0.0449088, 0.151167, -0.0272357, 0.160031, 1005.57, 8909.37, 10, 2e-20, 3e-20, 2e-20, 2e-20, -1
0.130069, -0.260746, 0.306255, 0.05, 0.000509663, -0.0293455, 0.0299576, 0.0419389, 1005.07, 8118.51, 10, 2e-20, 3e-20, 2e-20, 2e-20, -1
0.157906, -0.23244, 0.279451, 0.05, 0.137466, -0.0405813, -0.0672485, 0.158323, 1007.9, 12644.7, 10, 2e-20, 3e-20, 2e-20, 2e-20, -1
0.139915, -0.292801, 0.34519, 0.05, 0.00616689, -0.132608, -0.0473751, 0.140951, 1007.38, 11812.8, 10, 2e-20, 3e-20, 2e-20, 2e-20, -1
0.0986007, -0.2232, 0.334065, 0.05, -0.0349965, 0.0600428, 0.0864526, 0.110923, 1004.74, 7587.8, 10, 2e-20, 3e-20, 2e-20, 2e-20, -1
0.0940411, -0.271647, 0.339184, 0.05, -0.185782, -0.00575594, -0.00412605, 0.185917, 1009.25, 14806.3, 10, 2e-20, 3e-20, 2e-20, 2e-20, -1
0.141884, -0.250476, 0.361071, 0.05, 0.117785, 0.134047, 0.00752792, 0.178602, 1000.48, 772.717, 10, 2e-20, 3e-20, 2e-20, 2e-20, -1
0.102639, -0.322201, 0.46499, 0.05, 0.0064074, -0.0136648, 0.105461, 0.106535, 1003.89, 6224.96, 10, 2e-20, 3e-20, 2e-20, 2e-20, -1
0.125652, -0.319383, 0.513889, 0.05, -0.0860154, -0.0185581, -0.00440527, 0.0881048, 1003.43, 5482.04, 10, 2e-20, 3e-20, 2e-20, 2e-20, -1
0.12532, -0.342328, 0.569386, 0.05, -0.0566545, 0.00115349, 0.0692834, 0.0895056, 1000.9, 1440.12, 10, 2e-20, 3e-20, 2e-20, 2e-20, -1
0.144989, -0.357461, 0.621031, 0.05, -0.0675309, -0.0749856, 0.099451, 0.141682, 1005.41, 8661.03, 10, 2e-20, 3e-20, 2e-20, 2e-20, -1
0.145086, -0.300034, 0.559154, 0.05, 0.00945084, -0.0641894, 0.0498035, 0.0817923, 1005.79, 9264.42, 10, 2e-20, 3e-20, 2e-20, 2e-20, -1
0.133764, -0.284494, 0.611341, 0.05, 0.0127355, 0.0287783, 0.054878, 0.0632612, 1003.24, 5180.79, 10, 2e-20, 3e-20, 2e-20, 2e-20, -1
0.104298, -0.327899, 0.615963, 0.05, -0.0125781, -0.0222992, 0.116161, 0.118949, 1004, 6398.58, 10, 2e-20, 3e-20, 2e-20, 2e-20, -1
0.107816, -0.390744, 0.709, 0.05, -0.0645244, 0.0388318, -0.00242216, 0.075347, 1004.89, 7828.71, 10, 2e-20, 3e-20, 2e-20, 2e-20, -1
0.108279, -0.371042, 0.65868, 0.05, -0.00402658, -0.0808989, -0.00231623, 0.0810322, 996.808, -5106.89, 10, 2e-20, 3e-20, 2e-20, 2e-20, -1
0.0880321, -0.350034, 0.694227, 0.05, 0.0442031, -0.0467014, -0.0304551, 0.0711509, 1000.6, 967.624, 10, 2e-20, 3e-20, 2e-20, 2e-20, -1
0.10395, -0.354182, 0.751884, 0.05, -0.121415, -0.0855234, 0.126246, 0.19492, 1008.76, 14017, 10, 2e-20, 3e-20, 2e-20, 2e-20, -1
0.126093, -0.300594, 0.706489, 0.05, 0.087782, 0.0485684, 0.194631, 0.218966, 1004.29, 6858.88, 10, 2e-20, 3e-20, 2e-20, 2e-20, -1
0.149869, -0.304576, 0.762696, 0.05, -0.034841, 0.0777348, 0.042371, 0.0951415, 1000.22, 350.948, 10, 2e-20, 3e-20, 2e-20, 2e-20, -1
0.164187, -0.264557, 0.719732, 0.05, -0.138539, -0.155523, 0.0978051, 0.230101, 1006.77, 10825.7, 10, 2e-20, 3e-20, 2e-20, 2e-20, -1
0.153288, -0.242134, 0.766348, 0.05, -0.109916, -0.084702, -0.00795817, 0.138994, 1005.97, 9551.15, 10, 2e-20, 3e-20, 2e-20, 2e-20, -1
0.187409, -0.150466, 0.820905, 0.05, 0.116767, -0.0344282, 0.0886189, 0.150576, 1005.39, 8631.9, 10, 2e-20, 3e-20, 2e-20, 2e-20, -1
0.162319, -0.343676, 0.831803, 0.05, -0.0730005, -0.0109595, 0.0998251, 0.124154, 1006.53, 10441.6, 10, 2e-20, 3e-20, 2e-20, 2e-20, -1
0.161573, -0.198764, 0.804456, 0.05, -0.0936111, -0.11618, 0.093495, 0.176074, 1001.51, 2413.78, 10, 2e-20, 3e-20, 2e-20, 2e-20, -1
0.193251, -0.237551, 0.793651, 0.05, 0.0492031, -0.0259072, -0.000684391, 0.0556112, 1002.08, 3326.38, 10, 2e-20, 3e-20, 2e-20, 2e-20, -1
0.184655, -0.287078, 0.878618, 0.05, -0.00415871, -0.147784, 0.106741, 0.182348, 998.084, -3066.36, 10, 2e-20, 3e-20, 2e-20, 2e-20, -1
0.135561, -0.265658, 0.883239, 0.05, -0.152303, -0.0222278, 0.0937704, 0.180231, 1002.65, 4235.66, 10, 2e-20, 3e-20, 2e-20, 2e-20, -1
0.174247, -0.272671, 0.964122, 0.05, -0.112551, -0.0775596, 0.0795177, 0.158134, 1002.47, 3948.31, 10, 2e-20, 3e-20, 2e-20, 2e-20, -1
0.180164, -0.236082, 0.88347, 0.05, -0.133203, -0.0218784, 0.0748475, 0.15435, 1005.93, 9480.65, 10, 2e-20, 3e-20, 2e-20, 2e-20, -1
0.169375, -0.222996, 0.932765, 0.05, -0.163854, -0.036001, 0.0534473, 0.17607, 999.447, -884.508, 10, 2e-20, 3e-20, 2e-20, 2e-20, -1
0.163076, -0.177928, 0.95593, 0.05, -0.0843856, 0.0558463, 0.0370651, 0.107766, 1002.8, 4475.84, 10, 2e-20, 3e-20, 2e-20, 2e-20, -1
0.120959, -0.136626, 1.06177, 0.05, 0.0327425, -0.0488603, 0.0253837, 0.0640604, 1001.25, 1995.07, 10, 2e-20, 3e-20, 2e-20, 2e-20, -1
0.124111, -0.183972, 1.07598, 0.05, -0.105492, -0.0882745, 0.144464, 0.199476, 1000.89, 1429.48, 10, 2e-20, 3e-20, 2e-20, 2e-20, -1
0.116695, -0.22526, 1.11593, 0.05, -0.0692084, 0.0548065, -0.0175635, 0.0900112, 1004.21, 6731.58, 10, 2e-20, 3e-20, 2e-20, 2e-20, -1
0.0924223, -0.101288, 1.04254, 0.05, -0.0268611, -0.138798, 0.0127016, 0.141942, 1001.89, 3029.6, 10, 2e-20, 3e-20, 2e-20, 2e-20, -1
0.10913, -0.0995514, 1.09543, 0.05, -0.0493561, -0.0253449, 0.138942, 0.14961, 996.626, -5398.81, 10, 2e-20, 3e-20, 2e-20, 2e-20, -1
0.0632164, -0.194495, 1.24292, 0.05, -0.0310577, 0.0629347, 0.07193, 0.100495, 1003.11, 4978.71, 10, 2e-20, 3e-20, 2e-20, 2e-20, -1
0.0932766, -0.230452, 1.33507, 0.05, -0.108195, -0.0704933, 0.189906, 0.229651, 1001.89, 3021.1, 10, 2e-20, 3e-20, 2e-20, 2e-20, -1
0.0466326, -0.266772, 1.4833, 0.05, -0.0388899, -0.066168, 0.288486, 0.298521, 998.936, -1702.33, 10, 2e-20, 3e-20, 2e-20, 2e-20, -1
0.0736795, -0.253023, 0.0521837, 0.05, 0.292598, -0.0286, 0.14675, 0.328584, 1014.63, 23406.4, 10, 2e-20, 3e-20, 2e-20, 2e-20, -1
0.186546, -0.267208, 0.0902887, 0.05, 0.0909848, 0.120267, -0.118609, 0.191861, 1009.2, 14724.7, 10, 2e-20, 3e-20, 2e-20, 2e-20, -1
0.132047, -0.295382, 0.0953373, 0.05, 0.0843547, 0.187221, 0.0399769, 0.209202, 1008.66, 13854, 10, 2e-20, 3e-20, 2e-20, 2e-20, -1
0.117912, -0.224111, 0.0758489, 0.05, -0.180203, -0.135976, -0.012994, 0.226123, 1008.13, 13015.3, 10, 2e-20, 3e-20, 2e-20, 2e-20, -1
0.141612, -0.25851, 0.121055, 0.05, 0.0145457, -0.00125541, 0.198675, 0.199211, 1007.39, 11816.8, 10, 2e-20, 3e-20, 2e-20, 2e-20, -1
0.109917, -0.248979, 0.169208, 0.05, 0.0897738, -0.0198475, 0.154958, 0.180181, 1005.85, 9353.79, 10, 2e-20, 3e-20, 2e-20, 2e-20, -1
0.155256, -0.146433, 0.193308, 0.05, 0.0164932, 0.162745, -0.176256, 0.240467, 1005.54, 8867.51, 10, 2e-20, 3e-20, 2e-20, 2e-20, -1
0.111784, -0.106924, 0.176592, 0.05, 0.153629, -0.0272726, -0.215897, 0.266378, 1002.94, 4701.38, 10, 2e-20, 3e-20, 2e-20, 2e-20, -1
0.125198, -0.180077, 0.214775, 0.05, 0.0415243, 0.0425105, 0.0455494, 0.0748742, 1006.76, 10814.3, 10, 2e-20, 3e-20, 2e-20, 2e-20, -1
0.122801, -0.130791, 0.222588, 0.05, -0.0018669, -0.0777975, 0.12324, 0.145753, 1001.73, 2760.73, 10, 2e-20, 3e-20, 2e-20, 2e-20, -1
0.175972, -0.202318, 0.234174, 0.05, -0.0200673, -0.0793874, 0.031283, 0.0876566, 1009.94, 15903.7, 10, 2e-20, 3e-20, 2e-20, 2e-20, -1
0.139056, -0.171061, 0.260502, 0.05, -0.0113001, -0.0276882, -0.0740757, 0.0798845, 1013.14, 21022.9, 10, 2e-20, 3e-20, 2e-20, 2e-20, -1
0.191703, -0.190921, 0.292943, 0.05, 0.0588874, 0.35388, 0.105727, 0.374001, 1012.55, 20075.4, 10, 2e-20, 3e-20, 2e-20, 2e-20, -1
0.160321, -0.209854, 0.325391, 0.05, -0.0424394, 0.225149, 0.0444571, 0.233387, 1009.04, 14467, 10, 2e-20, 3e-20, 2e-20, 2e-20, -1
0.0979817, -0.160998, 0.361971, 0.05, -0.094849, -0.0116029, 0.0281503, 0.0996163, 1006.02, 9624.8, 10, 2e-20, 3e-20, 2e-20, 2e-20, -1
0.0592104, -0.199613, 0.362583, 0.05, -0.126605, -0.0963994, 0.109383, 0.193097, 1003.12, 4984.83, 10, 2e-20, 3e-20, 2e-20, 2e-20, -1
0.128348, -0.202937, 0.362841, 0.05, 0.111267, 0.132496, 0.00469968, 0.173083, 1009.02, 14438.9, 10, 2e-20, 3e-20, 2e-20, 2e-20, -1
0.127357, -0.197551, 0.428739, 0.05, -0.0612591, -0.0134174, -0.0610108, 0.087493, 1003.33, 5333.91, 10, 2e-20, 3e-20, 2e-20, 2e-20, -1
0.0834571, -0.278857, 0.445187, 0.05, -0.139141, -0.0382822, 0.0167647, 0.145282, 1004.13, 6612.92, 10, 2e-20, 3e-20, 2e-20, 2e-20, -1
0.131231, -0.250513, 0.466335, 0.05, -0.0745272, -0.0861515, -0.0240335, 0.116422, 1012.36, 19783.3, 10, 2e-20, 3e-20, 2e-20, 2e-20, -1
0.16095, -0.301626, 0.483383, 0.05, -0.0990409, -0.00403111, -0.112978, 0.150297, 1003.65, 5843.92, 10, 2e-20, 3e-20, 2e-20, 2e-20, -1
0.135562, -0.270815, 0.51055, 0.05, -0.136643, 0.0259834, -0.00102575, 0.139095, 1004.58, 7322.18, 10, 2e-20, 3e-20, 2e-20, 2e-20, -1
0.114519, -0.251442, 0.555168, 0.05, -0.117694, -0.0764518, 0.0462869, 0.147781, 1004.86, 7773.04, 10, 2e-20, 3e-20, 2e-20, 2e-20, -1
0.139373, -0.232082, 0.600598, 0.05, 0.0916503, -0.0942372, 0.106735, 0.16933, 1003.68, 5893, 10, 2e-20, 3e-20, 2e-20, 2e-20, -1
0.0928648, -0.260682, 0.622898, 0.05, -0.0537969, -0.0206462, 0.0101649, 0.0585124, 1006.31, 10093.4, 10, 2e-20, 3e-20, 2e-20, 2e-20, -1
0.107087, -0.306665, 0.661322, 0.05, -0.00507854, -0.0043427, 0.168213, 0.168345, 1005.3, 8484.04, 10, 2e-20, 3e-20, 2e-20, 2e-20, -1
0.165243, -0.208143, 0.638004, 0.05, 0.054545, -0.0309243, -0.0795638, 0.101301, 1010.05, 16087.2, 10, 2e-20, 3e-20, 2e-20, 2e-20, -1
0.137109, -0.261005, 0.657073, 0.05, -0.00925958, -0.0632451, 0.0468013, 0.0792215, 1004.55, 7273.45, 10, 2e-20, 3e-20, 2e-20, 2e-20, -1
0.139293, -0.345203, 0.69029, 0.05, -0.0267702, 0.0157017, -0.0231936, 0.0387444, 1004.33, 6928.59, 10, 2e-20, 3e-20, 2e-20, 2e-20, -1
0.0936166, -0.253564, 0.680243, 0.05, -0.0121293, 0.0600253, 0.037245, 0.0716753, 1002.24, 3590.21, 10, 2e-20, 3e-20, 2e-20, 2e-20, -1
0.118887, -0.215147, 0.671114, 0.05, -0.141962, -0.00826346, -0.0416411, 0.148173, 1009.23, 14768.1, 10, 2e-20, 3e-20, 2e-20, 2e-20, -1
0.101549, -0.229373, 0.72889, 0.05, -0.111189, -0.165579, 0.11178, 0.228636, 1000.53, 851.71, 10, 2e-20, 3e-20, 2e-20, 2e-20, -1
0.186688, -0.127901, 0.74017, 0.05, 0.0777869, 0.0172994, -0.00426091, 0.0798012, 1003.26, 5223.45, 10, 2e-20, 3e-20, 2e-20, 2e-20, -1
0.25574, -0.131835, 0.824116, 0.05, 0.00229332, 0.0127351, 0.0371558, 0.0393446, 1004.28, 6851.84, 10, 2e-20, 3e-20, 2e-20, 2e-20, -1
0.225688, -0.135585, 0.790051, 0.05, 0.0312087, -0.0673227, 0.0351115, 0.0820923, 1006.91, 11059.9, 10, 2e-20, 3e-20, 2e-20, 2e-20, -1
0.19897, -0.215968, 0.839256, 0.05, -0.00273722, 0.0827282, 0.0622593, 0.103574, 1006.07, 9719.9, 10, 2e-20, 3e-20, 2e-20, 2e-20, -1
0.203194, -0.267579, 0.834055, 0.05, 0.0190241, -0.138355, 0.0127411, 0.140237, 1000.37, 586.734, 10, 2e-20, 3e-20, 2e-20, 2e-20, -1
0.184503, -0.125927, 0.855494, 0.05, 0.0474835, -0.111291, 0.0990558, 0.156372, 1002.85, 4559.9, 10, 2e-20, 3e-20, 2e-20, 2e-20, -1
0.192874, -0.179467, 0.868162, 0.05, -0.0554301, -0.082726, 0.00173026, 0.0995946, 1002.31, 3691.69, 10, 2e-20, 3e-20, 2e-20, 2e-20, -1
0.120537, -0.133791, 0.859802, 0.05, -0.106778, -0.003855, 0.0261483, 0.110001, 1002.94, 4696.98, 10, 2e-20, 3e-20, 2e-20, 2e-20, -1
0.193125, -0.139084, 0.948403, 0.05, 0.0288673, -0.047017, 0.0841497, 0.100623, 1008.31, 13293.7, 10, 2e-20, 3e-20, 2e-20, 2e-20, -1
0.164271, -0.152204, 0.897509, 0.05, 0.0285745, -0.130573, 0.0500885, 0.14274, 999.192, -1292.9, 10, 2e-20, 3e-20, 2e-20, 2e-20, -1
0.158326, -0.140827, 0.987319, 0.05, -0.0577482, -0.17218, 0.0885672, 0.202052, 1002.72, 4357.16, 10, 2e-20, 3e-20, 2e-20, 2e-20, -1
0.12496, -0.162397, 1.02136, 0.05, -0.0933201, 0.0414715, 0.0223774, 0.104543, 998.774, -1960.93, 10, 2e-20, 3e-20, 2e-20, 2e-20, -1
0.145589, -0.107593, 1.03203, 0.05, 0.0405333, -0.0399955, 0.113346, 0.126846, 999.379, -993.205, 10, 2e-20, 3e-20, 2e-20, 2e-20, -1
0.109155, -0.0987663, 0.985186, 0.05, -0.0678362, -0.0493615, -0.00538565, 0.0840673, 1000.94, 1511.93, 10, 2e-20, 3e-20, 2e-20, 2e-20, -1
0.107684, -0.0522842, 1.07297, 0.05, -0.0401553, -0.0510335, 0.0667662, 0.0931375, 1003.44, 5508.54, 10, 2e-20, 3e-20, 2e-20, 2e-20, -1
0.0741034, -0.0776623, 1.1364, 0.05, -0.144541, -0.142422, 0.0378006, 0.20641, 1000.05, 73.5142, 10, 2e-20, 3e-20, 2e-20, 2e-20, -1
0.0403899, -0.153976, 1.23205, 0.05, -0.0525771, -0.0170975, -0.0376337, 0.0668803, 998.564, -2297.04, 10, 2e-20, 3e-20, 2e-20, 2e-20, -1
0.0484196, -0.173481, 1.35851, 0.05, 0.0491911, 0.0107468, 0.0633402, 0.080915, 999.457, -869.467, 10, 2e-20, 3e-20, 2e-20, 2e-20, -1
0.0227757, -0.229048, 1.42904, 0.05, -0.0238638, -0.078763, 0.0599364, 0.101811, 998.876, -1797.76, 10, 2e-20, 3e-20, 2e-20, 2e-20, -1
0.10074, -0.13852, 0.0513586, 0.05, 0.221265, 0.0543792, 0.0779418, 0.240812, 1013.21, 21132, 10, 2e-20, 3e-20, 2e-20, 2e-20, -1
0.140401, -0.188542, 0.0493319, 0.05, -0.184238, -0.236355, 0.0734942, 0.308559, 1009.15, 14635.6, 10, 2e-20, 3e-20, 2e-20, 2e-20, -1
0.14198, -0.174668, 0.123941, 0.05, -0.196346, 0.0209849, 0.0579631, 0.205796, 1012.01, 19222.2, 10, 2e-20, 3e-20, 2e-20, 2e-20, -1
0.126623, -0.132432, 0.101025, 0.05, 0.108835, 0.0129564, 0.247041, 0.270264, 1009.86, 15779.3, 10, 2e-20, 3e-20, 2e-20, 2e-20, -1
0.0908673, -0.146843, 0.147577, 0.05, -0.0565475, -0.0441948, -0.0801502, 0.107587, 1013, 20797.6, 10, 2e-20, 3e-20, 2e-20, 2e-20, -1
0.109363, -0.21827, 0.127666, 0.05, 0.0164789, 0.173316, 0.297506, 0.344702, 1006.24, 9982.84, 10, 2e-20, 3e-20, 2e-20, 2e-20, -1
0.105426, -0.191233, 0.171901, 0.05, -0.190271, -0.0850772, -0.101517, 0.231834, 1014.37, 22987.7, 10, 2e-20, 3e-20, 2e-20, 2e-20, -1
0.142063, -0.0184268, 0.168971, 0.05, 0.07147, 0.173265, -0.0323758, 0.190203, 1008.39, 13418.8, 10, 2e-20, 3e-20, 2e-20, 2e-20, -1
0.13609, -0.0638459, 0.161769, 0.05, -0.212402, -0.211204, -0.10565, 0.317622, 1012.98, 20765.9, 10, 2e-20, 3e-20, 2e-20, 2e-20, -1
0.102588, -0.0701202, 0.236423, 0.05, -0.0163583, -0.0649969, -0.0683896, 0.0957566, 1008.71, 13930.6, 10, 2e-20, 3e-20, 2e-20, 2e-20, -1
0.116215, -0.123868, 0.265958, 0.05, 0.0373752, -0.142198, 0.0790434, 0.166928, 1005.69, 9106.17, 10, 2e-20, 3e-20, 2e-20, 2e-20, -1
0.193247, -0.137053, 0.291568, 0.05, -0.125691, -0.119937, 0.0508389, 0.181019, 1005.4, 8638.57, 10, 2e-20, 3e-20, 2e-20, 2e-20, -1
0.140233, -0.165981, 0.303582, 0.05, 0.0109914, 0.0277931, -0.0141103, 0.033051, 1007.44, 11909, 10, 2e-20, 3e-20, 2e-20, 2e-20, -1
0.116591, -0.116193, 0.384989, 0.05, -0.0234403, -0.00325643, 0.0101023, 0.0257315, 1005.07, 8111.42, 10, 2e-20, 3e-20, 2e-20, 2e-20, -1
0.105906, -0.152301, 0.420452, 0.05, -0.0669394, -0.0837757, -0.0272566, 0.110644, 1009.22, 14754.2, 10, 2e-20, 3e-20, 2e-20, 2e-20, -1
0.0978296, -0.0685644, 0.386028, 0.05, -0.0848958, -0.0313297, 0.0836829, 0.123255, 1009.5, 15198.9, 10, 2e-20, 3e-20, 2e-20, 2e-20, -1
0.125958, -0.0768989, 0.429049, 0.05, -0.0192848, -0.0598626, 0.0731555, 0.0964736, 1004.62, 7398.36, 10, 2e-20, 3e-20, 2e-20, 2e-20, -1
0.124508, -0.159603, 0.468178, 0.05, 0.138546, -0.0469971, 0.077562, 0.165589, 1004.66, 7449.79, 10, 2e-20, 3e-20, 2e-20, 2e-20, -1
0.191795, -0.129348, 0.457877, 0.05, -0.0594365, -0.0899956, -0.0118121, 0.108496, 1008.54, 13662.3, 10, 2e-20, 3e-20, 2e-20, 2e-20, -1
0.152293, -0.204634, 0.474977, 0.05, 0.0363988, 0.115069, -0.0877371, 0.149209, 1006.79, 10867, 10, 2e-20, 3e-20, 2e-20, 2e-20, -1
0.16164, -0.156252, 0.502142, 0.05, -0.02006, 0.0132944, -0.0396254, 0.0463607, 1007.44, 11911.8, 10, 2e-20, 3e-20, 2e-20, 2e-20, -1
0.142811, -0.214394, 0.521044, 0.05, -0.0506579, -0.0099425, 0.0975112, 0.110334, 1001.97, 3155.75, 10, 2e-20, 3e-20, 2e-20, 2e-20, -1
0.0981635, -0.205063, 0.543825, 0.05, 0.0260587, 0.0257462, 0.0723371, 0.0810837, 1005.16, 8251.35, 10, 2e-20, 3e-20, 2e-20, 2e-20, -1
0.199217, -0.146223, 0.533514, 0.05, -0.056195, -0.0540956, -0.0867023, 0.116625, 999.784, -344.866, 10, 2e-20, 3e-20, 2e-20, 2e-20, -1
0.123772, -0.163654, 0.533632, 0.05, 0.100511, -0.0727998, -0.0133866, 0.124826, 1005.63, 9008.16, 10, 2e-20, 3e-20, 2e-20, 2e-20, -1
0.0939735, -0.211564, 0.600772, 0.05, -0.0876393, -0.048739, -0.0403131, 0.10808, 1004.65, 7433.69, 10, 2e-20, 3e-20, 2e-20, 2e-20, -1
0.163425, -0.165244, 0.592923, 0.05, -0.0911013, 0.0642763, -0.0388103, 0.118056, 1006.5, 10399.9, 10, 2e-20, 3e-20, 2e-20, 2e-20, -1
0.132589, -0.125891, 0.585712, 0.05, -0.0103518, -0.1531, -0.0857593, 0.175788, 1005.33, 8531.85, 10, 2e-20, 3e-20, 2e-20, 2e-20, -1
0.075683, -0.205351, 0.644875, 0.05, -0.0830782, 0.05703, 0.0687892, 0.12201, 997.386, -4183.05, 10, 2e-20, 3e-20, 2e-20, 2e-20, -1
0.11603, -0.131509, 0.626378, 0.05, 0.113987, 0.0280304, -0.0732693, 0.138373, 1005.2, 8318.83, 10, 2e-20, 3e-20, 2e-20, 2e-20, -1
0.1221, -0.183818, 0.629889, 0.05, 0.0264365, 0.0132446, 0.0401974, 0.0499013, 1003.48, 5574.57, 10, 2e-20, 3e-20, 2e-20, 2e-20, -1
0.0765694, -0.153787, 0.62519, 0.05, -0.0703086, -0.0195632, 0.0121678, 0.073987, 1004.55, 7275.93, 10, 2e-20, 3e-20, 2e-20, 2e-20, -1
0.165433, -0.13478, 0.692886, 0.05, -0.124694, -0.0486255, -0.00968799, 0.13419, 1003.75, 6006.85, 10, 2e-20, 3e-20, 2e-20, 2e-20, -1
0.144998, -0.216954, 0.718252, 0.05, -0.0429394, -0.0568622, 0.108618, 0.129904, 1003.59, 5748.05, 10, 2e-20, 3e-20, 2e-20, 2e-20, -1
0.177059, -0.0824727, 0.742862, 0.05, 0.056804, 0.0706454, 0.0683384, 0.113524, 1005.28, 8450.17, 10, 2e-20, 3e-20, 2e-20, 2e-20, -1
0.17576, -0.158288, 0.771794, 0.05, -0.0536682, -0.0248428, -0.0260765, 0.064633, 1007.43, 11881.8, 10, 2e-20, 3e-20, 2e-20, 2e-20, -1
0.267081, -0.058441, 0.750649, 0.05, 0.00431196, -0.0498254, -0.0127491, 0.0516111, 1007.03, 11242.3, 10, 2e-20, 3e-20, 2e-20, 2e-20, -1
0.232972, -0.0893242, 0.843512, 0.05, 0.0748279, -0.166462, 0.0623157, 0.192852, 1008.69, 13904.8, 10, 2e-20, 3e-20, 2e-20, 2e-20, -1
0.185374, -0.0797164, 0.835441, 0.05, -0.0448215, 0.0157734, -0.141319, 0.149093, 1003.05, 4876.8, 10, 2e-20, 3e-20, 2e-20, 2e-20, -1
0.234607, -0.0824157, 0.889968, 0.05, 0.0506211, -0.100105, -0.0138725, 0.113031, 1002.8, 4486, 10, 2e-20, 3e-20, 2e-20, 2e-20, -1
0.143185, -0.119659, 0.924987, 0.05, 0.0117981, -0.0760149, -0.000178033, 0.0769252, 1005.69, 9100.69, 10, 2e-20, 3e-20, 2e-20, 2e-20, -1
0.137218, -0.0395192, 0.878111, 0.05, 0.024786, -0.0733982, -0.00539305, 0.0776577, 1000.5, 798.59, 10, 2e-20, 3e-20, 2e-20, 2e-20, -1
0.149498, -0.0674373, 0.909871, 0.05, -0.0511337, -0.0175859, -0.114895, 0.126983, 1000.79, 1270.3, 10, 2e-20, 3e-20, 2e-20, 2e-20, -1
0.0917563, -0.0287461, 0.888824, 0.05, -0.028484, -0.113097, -0.0723066, 0.137224, 1003.67, 5866.69, 10, 2e-20, 3e-20, 2e-20, 2e-20, -1
0.092754, -0.0389383, 0.908677, 0.05, 0.0324692, -0.105967, -0.167568, 0.200904, 1000.2, 318.914, 10, 2e-20, 3e-20, 2e-20, 2e-20, -1
0.128074, -0.0633995, 1.02481, 0.05, 0.00180152, -0.10774, -0.119579, 0.160967, 1002.46, 3933.58, 10, 2e-20, 3e-20, 2e-20, 2e-20, -1
0.0930145, -0.0530929, 0.987243, 0.05, -0.0591361, -0.00182658, -0.117509, 0.131563, 999.506, -790.433, 10, 2e-20, 3e-20, 2e-20, 2e-20, -1
0.0286866, -0.0715106, 0.97488, 0.05, -0.0408108, 0.0129851, -0.0487148, 0.0648635, 1003.7, 5912.78, 10, 2e-20, 3e-20, 2e-20, 2e-20, -1
0.0626571, -0.0646934, 1.08313, 0.05, -0.158346, -0.0742507, -0.0133663, 0.1754, 1001.37, 2192.59, 10, 2e-20, 3e-20, 2e-20, 2e-20, -1
0.0252781, -0.0921147, 1.25142, 0.05, -0.0667994, 0.15534, 0.0873556, 0.190325, 1003.19, 5099.38, 10, 2e-20, 3e-20, 2e-20, 2e-20, -1
0.0230395, -0.19056, 1.46246, 0.05, -0.0379108, 0.0485405, 0.0923722, 0.111023, 1004.64, 7422.53, 10, 2e-20, 3e-20, 2e-20, 2e-20, -1
0.081462, -0.0603288, 0.0456252, 0.05, -0.0762217, 0.00268167, 0.22998, 0.242297, 1009.85, 15754.7, 10, 2e-20, 3e-20, 2e-20, 2e-20, -1
0.132544, -0.0905003, 0.0492125, 0.05, 0.0321887, -0.261664, 0.0970694, 0.280939, 1008.91, 14262.2, 10, 2e-20, 3e-20, 2e-20, 2e-20, -1
0.0915728, -0.0967112, 0.0932721, 0.05, -0.0635163, 0.0107838, -0.193944, 0.204365, 1007.91, 12649.9, 10, 2e-20, 3e-20, 2e-20, 2e-20, -1
0.123922, -0.0489597, 0.0725025, 0.05, 0.0263028, 0.0757101, 0.0896859, 0.120281, 1011.32, 18114.3, 10, 2e-20, 3e-20, 2e-20, 2e-20, -1
0.0926552, -0.0944522, 0.130574, 0.05, 0.099027, -0.0778194, 0.215856, 0.249912, 1000.13, 201.968, 10, 2e-20, 3e-20, 2e-20, 2e-20, -1
0.104206, -0.0438762, 0.118484, 0.05, -0.00791466, 0.0138532, -0.112464, 0.11359, 1000.47, 745.789, 10, 2e-20, 3e-20, 2e-20, 2e-20, -1
0.102219, 0.00635388, 0.123439, 0.05, -0.0424102, -0.0646584, -0.0421054, 0.0880466, 1007.21, 11536.6, 10, 2e-20, 3e-20, 2e-20, 2e-20, -1
0.144572, -0.0517728, 0.216165, 0.05, 0.0126409, -0.238202, 0.165489, 0.290322, 1008.47, 13546.1, 10, 2e-20, 3e-20, 2e-20, 2e-20, -1
0.147984, 0.0239982, 0.2019, 0.05, 0.208399, 0.000978127, 0.0753134, 0.221592, 1002.36, 3773, 10, 2e-20, 3e-20, 2e-20, 2e-20, -1
0.178867, -0.022157, 0.222873, 0.05, 0.147921, -0.0300073, 0.0250458, 0.152998, 1004.56, 7290.73, 10, 2e-20, 3e-20, 2e-20, 2e-20, -1
0.147383, -0.00614249, 0.242694, 0.05, 0.0936496, 0.0877004, -0.0928467, 0.158373, 1005.25, 8404.6, 10, 2e-20, 3e-20, 2e-20, 2e-20, -1
0.147456, -0.0799039, 0.263964, 0.05, -0.0231243, -0.0324039, -0.0530212, 0.0663023, 1007.07, 11313.4, 10, 2e-20, 3e-20, 2e-20, 2e-20, -1
0.104481, -0.131104, 0.320386, 0.05, -0.0316577, -0.0326973, -0.159339, 0.165712, 1002.31, 3698.07, 10, 2e-20, 3e-20, 2e-20, 2e-20, -1
0.121842, -0.041452, 0.281291, 0.05, -0.0148682, -0.191163, 0.0533279, 0.199018, 1010.96, 17543.4, 10, 2e-20, 3e-20, 2e-20, 2e-20, -1
0.123327, -0.0855991, 0.343478, 0.05, -0.0325553, 0.00615694, -0.0578328, 0.0666512, 1008.11, 12968.1, 10, 2e-20, 3e-20, 2e-20, 2e-20, -1
0.129715, 0.00848988, 0.289304, 0.05, -0.0140909, 0.133059, 0.0314634, 0.137453, 1000.94, 1498.68, 10, 2e-20, 3e-20, 2e-20, 2e-20, -1
0.131977, -0.0359259, 0.335773, 0.05, -0.0189366, 0.0440189, -0.0357952, 0.0598127, 1009.69, 15502.5, 10, 2e-20, 3e-20, 2e-20, 2e-20, -1
0.157622, -0.124495, 0.419986, 0.05, 0.0371564, -0.0084409, -0.0691624, 0.0789638, 1004.46, 7134.17, 10, 2e-20, 3e-20, 2e-20, 2e-20, -1
0.155461, -0.00121494, 0.413016, 0.05, 0.037437, 0.125962, 0.0713856, 0.149545, 1008.34, 13347.7, 10, 2e-20, 3e-20, 2e-20, 2e-20, -1
0.174364, -0.0751412, 0.443558, 0.05, -0.00361805, -0.0585958, 0.0227961, 0.0629779, 1004.85, 7755.18, 10, 2e-20, 3e-20, 2e-20, 2e-20, -1
0.114617, 0.0269713, 0.412848, 0.05, -0.117808, 0.0517965, 0.0838163, 0.15358, 1008.63, 13812.7, 10, 2e-20, 3e-20, 2e-20, 2e-20, -1
0.139757, -0.112853, 0.465231, 0.05, -0.0304273, -0.010529, 0.0990714, 0.104172, 1000.4, 636.774, 10, 2e-20, 3e-20, 2e-20, 2e-20, -1
0.136817, 0.0133285, 0.46272, 0.05, 0.0463757, 0.0378372, 0.08171, 0.101286, 1005.36, 8572.81, 10, 2e-20, 3e-20, 2e-20, 2e-20, -1
0.136821, -0.0783953, 0.503399, 0.05, -0.0905497, 0.0446837, -0.03312, 0.106268, 1007.48, 11963.6, 10, 2e-20, 3e-20, 2e-20, 2e-20, -1
0.153328, -0.119233, 0.540081, 0.05, 0.0119824, -0.0871979, 0.11147, 0.14203, 1006.84, 10942.6, 10, 2e-20, 3e-20, 2e-20, 2e-20, -1
0.221307, -0.0208116, 0.514491, 0.05, -0.111649, -0.150102, -0.0668027, 0.198642, 1007.37, 11796.1, 10, 2e-20, 3e-20, 2e-20, 2e-20, -1
0.164345, -0.0609121, 0.550418, 0.05, 0.166819, -0.026664, -0.0277341, 0.171198, 1000.65, 1040.01, 10, 2e-20, 3e-20, 2e-20, 2e-20, -1
0.200125, -0.0589264, 0.564147, 0.05, -0.0858146, 0.0367481, -0.00151212, 0.0933641, 1009.69, 15499, 10, 2e-20, 3e-20, 2e-20, 2e-20, -1
0.226781, -0.0111033, 0.564863, 0.05, -0.0515463, -0.0536418, -0.0230031, 0.0778691, 1002.92, 4667.35, 10, 2e-20, 3e-20, 2e-20, 2e-20, -1
0.166384, -0.0618762, 0.606741, 0.05, 0.0655175, -0.0134647, 0.109295, 0.128138, 1006.32, 10110.6, 10, 2e-20, 3e-20, 2e-20, 2e-20, -1
0.155438, -0.0956071, 0.667089, 0.05, 0.062321, -0.0559365, 0.0707339, 0.109618, 1006.86, 10982.9, 10, 2e-20, 3e-20, 2e-20, 2e-20, -1
0.168851, -0.0361988, 0.662847, 0.05, -0.0156116, 0.00538492, -0.0675328, 0.0695226, 1008.27, 13235.3, 10, 2e-20, 3e-20, 2e-20, 2e-20, -1
0.223124, -0.0350784, 0.669935, 0.05, -0.113267, -0.0236057, 0.0129531, 0.116424, 1005.74, 9185.64, 10, 2e-20, 3e-20, 2e-20, 2e-20, -1
0.301911, -0.0346053, 0.710854, 0.05, 0.0349816, -0.0672596, -0.0837829, 0.112992, 1006.31, 10098.8, 10, 2e-20, 3e-20, 2e-20, 2e-20, -1
0.232078, 0.00263886, 0.680458, 0.05, -0.0698166, 0.107793, -0.0782087, 0.150367, 1003.74, 5977.01, 10, 2e-20, 3e-20, 2e-20, 2e-20, -1
0.258035, -0.022949, 0.709766, 0.05, 0.025539, -0.0683509, 0.0158509, 0.0746682, 1001.98, 3165.78, 10, 2e-20, 3e-20, 2e-20, 2e-20, -1
0.232712, -0.0176614, 0.757754, 0.05, 0.0206028, -0.106956, -0.0239133, 0.111516, 1006.62, 10595.4, 10, 2e-20, 3e-20, 2e-20, 2e-20, -1
0.230289, -0.000529946, 0.84821, 0.05, -0.000589212, 0.0610493, -0.0186522, 0.0638378, 1002.08, 3330.97, 10, 2e-20, 3e-20, 2e-20, 2e-20, -1
0.267444, -0.0323982, 0.853927, 0.05, -0.0824339, 0.00316464, -0.0397253, 0.0915612, 1004.99, 7991.67, 10, 2e-20, 3e-20, 2e-20, 2e-20, -1
0.210236, 0.0159278, 0.807748, 0.05, -0.0616645, -0.144326, 0.0513052, 0.16512, 1000.95, 1518.95, 10, 2e-20, 3e-20, 2e-20, 2e-20, -1
0.121395, -0.028267, 0.835279, 0.05, 0.129452, -0.125378, -0.122742, 0.218043, 1002.76, 4420.72, 10, 2e-20, 3e-20, 2e-20, 2e-20, -1
0.189332, 0.0309899, 0.844128, 0.05, -0.0121059, -0.150444, -0.145576, 0.209696, 1007.16, 11455.8, 10, 2e-20, 3e-20, 2e-20, 2e-20, -1
0.0930427, 0.00502741, 0.857303, 0.05, 0.00129201, 0.0383635, -0.0499092, 0.0629632, 1003.59, 5744.41, 10, 2e-20, 3e-20, 2e-20, 2e-20, -1
0.145568, 0.0131885, 0.865791, 0.05, -0.0285365, -0.0949069, -0.0798752, 0.127286, 1005.96, 9532.24, 10, 2e-20, 3e-20, 2e-20, 2e-20, -1
0.132114, -0.0195883, 0.921991, 0.05, 0.119304, -0.0952009, -0.0890454, 0.176708, 1002.06, 3292.39, 10, 2e-20, 3e-20, 2e-20, 2e-20, -1
0.114664, 0.0330044, 0.897276, 0.05, -0.0938676, -0.0228352, -0.0210829, 0.098879, 1003.39, 5425.36, 10, 2e-20, 3e-20, 2e-20, 2e-20, -1
0.182133, -0.0123919, 0.991741, 0.05, 0.0907203, -0.00356565, 0.100895, 0.13573, 1001.62, 2595.43, 10, 2e-20, 3e-20, 2e-20, 2e-20, -1
0.0561528, -0.0645111, 1.23027, 0.05, -0.0213373, 0.105924, 0.0425388, 0.116124, 1001.36, 2181.13, 10, 2e-20, 3e-20, 2e-20, 2e-20, -1
0.0675049, -0.00373696, 1.18633, 0.05, -0.0450939, 0.0143416, 0.110695, 0.120385, 997.724, -3640.95, 10, 2e-20, 3e-20, 2e-20, 2e-20, -1
0.114059, 0.00365306, 1.18142, 0.05, -0.0115837, 0.0117367, 0.123916, 0.125008, 1000.04, 63.0327, 10, 2e-20, 3e-20, 2e-20, 2e-20, -1
0.0535113, 0.114763, 1.16476, 0.05, -0.0374285, 0.00357743, -0.00273597, 0.0376985, 996.332, -5868.42, 10, 2e-20, 3e-20, 2e-20, 2e-20, -1
0.107011, -0.00290632, 0.0520466, 0.05, -0.0337081, -0.119187, -0.0620794, 0.138548, 1014.57, 23312.8, 10, 2e-20, 3e-20, 2e-20, 2e-20, -1
0.160383, 0.130826, 0.0524588, 0.05, -0.0947455, -0.0732857, 0.048702, 0.129303, 1006.33, 10126.9, 10, 2e-20, 3e-20, 2e-20, 2e-20, -1
0.175568, 0.0854738, 0.0488485, 0.05, -0.228844, -0.27126, 0.0308849, 0.356238, 1013.82, 22107.1, 10, 2e-20, 3e-20, 2e-20, 2e-20, -1
0.124575, 0.0512181, 0.0496399, 0.05, -0.044182, 0.171113, -0.0248482, 0.178463, 1005.61, 8982.63, 10, 2e-20, 3e-20, 2e-20, 2e-20, -1
0.173653, 0.137095, 0.105061, 0.05, 0.0106487, 0.0758422, 0.0843708, 0.113947, 1005.68, 9082.28, 10, 2e-20, 3e-20, 2e-20, 2e-20, -1
0.116179, 0.0759642, 0.0945944, 0.05, 0.308648, -0.180858, 0.0741762, 0.365343, 998.503, -2394.88, 10, 2e-20, 3e-20, 2e-20, 2e-20, -1
0.0664547, -0.0348447, 0.080614, 0.05, -0.210734, -0.198954, 0.0409629, 0.292694, 1004.25, 6796.16, 10, 2e-20, 3e-20, 2e-20, 2e-20, -1
0.148021, 0.0982366, 0.123284, 0.05, 0.0811989, -0.235043, -0.151109, 0.290985, 1004.86, 7774.21, 10, 2e-20, 3e-20, 2e-20, 2e-20, -1
0.144676, 0.0358252, 0.136427, 0.05, -0.0340146, 0.194609, -0.0377236, 0.201128, 1004.55, 7276.42, 10, 2e-20, 3e-20, 2e-20, 2e-20, -1
0.147186, 0.0706071, 0.171195, 0.05, 0.101835, 0.124873, 0.0338293, 0.164646, 1010.99, 17590.5, 10, 2e-20, 3e-20, 2e-20, 2e-20, -1
0.142786, 0.112012, 0.202244, 0.05, 0.0888796, -0.077375, 0.0670908, 0.135601, 1006.65, 10638, 10, 2e-20, 3e-20, 2e-20, 2e-20, -1
0.198424, 0.0163019, 0.245427, 0.05, -0.163133, 0.0576326, -0.0597416, 0.183038, 1008.53, 13652.5, 10, 2e-20, 3e-20, 2e-20, 2e-20, -1
0.153035, 0.110856, 0.263122, 0.05, 0.0277306, 0.00310386, -0.170903, 0.173166, 1006.48, 10369.6, 10, 2e-20, 3e-20, 2e-20, 2e-20, -1
0.0902367, 0.0391742, 0.286858, 0.05, -0.190657, -0.0496372, -0.0242339, 0.198497, 1004.11, 6582.85, 10, 2e-20, 3e-20, 2e-20, 2e-20, -1
0.121012, 0.0749673, 0.277379, 0.05, -0.0900925, -0.0652809, -0.107926, 0.155004, 1005.24, 8381.91, 10, 2e-20, 3e-20, 2e-20, 2e-20, -1
0.106095, 0.0670942, 0.336082, 0.05, 0.00380496, 0.0462604, 0.0878372, 0.0993472, 1006.66, 10652.3, 10, 2e-20, 3e-20, 2e-20, 2e-20, -1
0.145113, 0.0413901, 0.325041, 0.05, -0.0354339, -0.0553164, 0.015962, 0.0676036, 1001.85, 2966.82, 10, 2e-20, 3e-20, 2e-20, 2e-20, -1
0.146326, 0.118808, 0.348656, 0.05, 0.0441342, 0.0155853, -0.0569008, 0.0736779, 1008.39, 13424.3, 10, 2e-20, 3e-20, 2e-20, 2e-20, -1
0.122702, 0.00500662, 0.353207, 0.05, 0.0456386, -0.0376831, 0.0895064, 0.107305, 1001.65, 2642.91, 10, 2e-20, 3e-20, 2e-20, 2e-20, -1
0.155466, 0.105855, 0.38676, 0.05, -0.0515054, -0.0254638, 0.0891924, 0.106097, 1008.43, 13483.5, 10, 2e-20, 3e-20, 2e-20, 2e-20, -1
0.151022, 0.0518719, 0.385124, 0.05, -0.0781448, -0.0984699, 0.068092, 0.142967, 1003.32, 5313.66, 10, 2e-20, 3e-20, 2e-20, 2e-20, -1
0.147493, 0.0639231, 0.46245, 0.05, 0.0512885, -0.0662375, -0.0396635, 0.0926883, 1005.22, 8357.01, 10, 2e-20, 3e-20, 2e-20, 2e-20, -1
0.166925, 0.0994551, 0.499183, 0.05, -0.00321455, -0.139976, -0.134808, 0.194363, 1004.63, 7412.63, 10, 2e-20, 3e-20, 2e-20, 2e-20, -1
0.217055, 0.0963277, 0.520181, 0.05, -0.115454, -0.119881, 0.0871539, 0.187875, 1007.77, 12426.7, 10, 2e-20, 3e-20, 2e-20, 2e-20, -1
0.176074, -0.049179, 0.495332, 0.05, 0.0194818, -0.00902765, 0.0383422, 0.0439451, 1006.75, 10800.2, 10, 2e-20, 3e-20, 2e-20, 2e-20, -1
0.197455, 0.0178858, 0.49651, 0.05, -0.180186, 0.0343666, -0.0889147, 0.203848, 1003.94, 6311, 10, 2e-20, 3e-20, 2e-20, 2e-20, -1
0.236419, 0.0411088, 0.523942, 0.05, -0.0311801, -0.0679507, 0.0427265, 0.0861107, 1009, 14403.6, 10, 2e-20, 3e-20, 2e-20, 2e-20, -1
0.169124, -0.0129815, 0.525273, 0.05, -0.108671, -0.0828407, 0.0238947, 0.138719, 1006.51, 10415.6, 10, 2e-20, 3e-20, 2e-20, 2e-20, -1
0.218887, 0.035056, 0.574534, 0.05, 0.0235572, -0.024969, -0.0728789, 0.0805588, 1005.2, 8323.43, 10, 2e-20, 3e-20, 2e-20, 2e-20, -1
0.18563, 0.0796741, 0.621787, 0.05, -0.00336387, 0.00103572, -0.106995, 0.107053, 1003.98, 6371.41, 10, 2e-20, 3e-20, 2e-20, 2e-20, -1
0.18109, -0.0101878, 0.574229, 0.05, -0.00226367, -0.0425049, -0.0476644, 0.0639037, 1002.63, 4215.46, 10, 2e-20, 3e-20, 2e-20, 2e-20, -1
0.180247, 0.121792, 0.597429, 0.05, -0.00266145, -0.142588, 0.00346519, 0.142655, 1005.67, 9070.88, 10, 2e-20, 3e-20, 2e-20, 2e-20, -1
0.219668, 0.0059735, 0.629475, 0.05, 0.0268, 0.0181969, 0.0536965, 0.0627111, 1006.89, 11028.4, 10, 2e-20, 3e-20, 2e-20, 2e-20, -1
0.123222, 0.169759, 0.655256, 0.05, 0.012532, -0.0542468, -0.143251, 0.15369, 1003.42, 5470.44, 10, 2e-20, 3e-20, 2e-20, 2e-20, -1
0.222653, 0.107579, 0.693383, 0.05, -0.0542025, -0.0359219, -0.0324438, 0.0726698, 1004.98, 7970.43, 10, 2e-20, 3e-20, 2e-20, 2e-20, -1
0.20521, 0.131939, 0.731982, 0.05, -0.0885576, -0.087978, 0.037994, 0.130484, 1007.18, 11486.3, 10, 2e-20, 3e-20, 2e-20, 2e-20, -1
0.212513, 0.0272052, 0.762061, 0.05, -0.0315013, -0.113585, -0.120149, 0.168314, 1002.82, 4519.58, 10, 2e-20, 3e-20, 2e-20, 2e-20, -1
0.22957, -0.0361535, 0.809706, 0.05, -0.0958596, -0.0955214, -0.0658343, 0.150491, 1008.57, 13713.8, 10, 2e-20, 3e-20, 2e-20, 2e-20, -1
0.206339, 0.123455, 0.793778, 0.05, -0.0527618, -0.197498, -0.137099, 0.246141, 1004.13, 6601.01, 10, 2e-20, 3e-20, 2e-20, 2e-20, -1
0.228029, 0.0639787, 0.790858, 0.05, 0.0379628, -0.0392772, -0.0443142, 0.0703394, 999.525, -759.215, 10, 2e-20, 3e-20, 2e-20, 2e-20, -1
0.0848512, 0.168077, 0.828226, 0.05, 0.022559, -0.122952, 0.0336904, 0.129464, 1003.88, 6214.73, 10, 2e-20, 3e-20, 2e-20, 2e-20, -1
0.172827, 0.15756, 0.816299, 0.05, -0.0656405, -0.100542, -0.0741136, 0.141103, 1002.75, 4405.37, 10, 2e-20, 3e-20, 2e-20, 2e-20, -1
0.206766, 0.0799053, 0.86953, 0.05, 0.00890652, 0.0862863, -0.053596, 0.101967, 1004.37, 6992.12, 10, 2e-20, 3e-20, 2e-20, 2e-20, -1
0.146349, 0.0833284, 0.857587, 0.05, -0.0194137, -0.0583557, -0.116297, 0.131557, 1002.53, 4044.46, 10, 2e-20, 3e-20, 2e-20, 2e-20, -1
0.178786, 0.0401264, 0.889022, 0.05, 0.0780504, -0.0727502, 0.0231883, 0.109189, 1001.46, 2341.64, 10, 2e-20, 3e-20, 2e-20, 2e-20, -1
0.146552, 0.0379846, 0.919792, 0.05, -0.0844503, -0.076618, -0.0739711, 0.135919, 1003.36, 5375.41, 10, 2e-20, 3e-20, 2e-20, 2e-20, -1
0.104966, 0.00188437, 1.07338, 0.05, 0.027196, 0.0965827, 0.00467939, 0.100448, 1000.73, 1162.04, 10, 2e-20, 3e-20, 2e-20, 2e-20, -1
0.124763, 0.00706056, 1.01912, 0.05, -0.00324531, 0.117656, -0.0819181, 0.143402, 1004.78, 7645.7, 10, 2e-20, 3e-20, 2e-20, 2e-20, -1
0.105728, 0.0281747, 1.25974, 0.05, -0.122479, 0.0269196, 0.107447, 0.165139, 1000.44, 705.728, 10, 2e-20, 3e-20, 2e-20, 2e-20, -1
0.0655037, 0.0344761, 1.12231, 0.05, -0.140676, -0.016814, -0.0300937, 0.144838, 1000.36, 580.132, 10, 2e-20, 3e-20, 2e-20, 2e-20, -1
-0.0239772, -0.12774, 1.35841, 0.05, -0.0550694, -0.0221068, 0.128702, 0.141723, 999.124, -1401.73, 10, 2e-20, 3e-20, 2e-20, 2e-20, -1
0.125525, 0.177446, 0.0473316, 0.05, -0.288271, 0.0336235, 0.137998, 0.321363, 1016.09, 25743.8, 10, 2e-20, 3e-20, 2e-20, 2e-20, -1
0.0986302, 0.236793, 0.0473383, 0.05, -0.0537529, 0.256562, 0.0844596, 0.275403, 1003.76, 6010.09, 10, 2e-20, 3e-20, 2e-20, 2e-20, -1
0.12541, 0.222481, 0.0825478, 0.05, -0.128723, -0.141304, -0.16772, 0.254296, 1010.01, 16020.5, 10, 2e-20, 3e-20, 2e-20, 2e-20, -1
0.201349, 0.102496, 0.0900833, 0.05, -0.105876, -0.0286727, 0.0988346, 0.147649, 1004.34, 6939.84, 10, 2e-20, 3e-20, 2e-20, 2e-20, -1
0.0913714, 0.17679, 0.0869131, 0.05, -0.110828, 0.0260357, 0.145138, 0.184461, 1002.66, 4251.71, 10, 2e-20, 3e-20, 2e-20, 2e-20, -1
0.136139, 0.288124, 0.146291, 0.05, -0.0602932, -0.0352699, 0.221981, 0.232712, 1004.78, 7648.48, 10, 2e-20, 3e-20, 2e-20, 2e-20, -1
0.0917545, 0.199832, 0.12935, 0.05, 0.0315989, 0.0553102, -0.0494397, 0.080635, 1001.37, 2193.37, 10, 2e-20, 3e-20, 2e-20, 2e-20, -1
0.0907209, 0.114729, 0.125622, 0.05, -0.170071, 0.0114466, 0.0287893, 0.17287, 1007.98, 12775.9, 10, 2e-20, 3e-20, 2e-20, 2e-20, -1
0.123864, 0.140732, 0.148785, 0.05, 0.243661, 0.211411, 0.0665988, 0.329395, 1007.11, 11368.1, 10, 2e-20, 3e-20, 2e-20, 2e-20, -1
0.195327, 0.0866389, 0.200686, 0.05, -0.113153, -0.0307601, -0.126034, 0.172146, 1004.95, 7913.75, 10, 2e-20, 3e-20, 2e-20, 2e-20, -1
0.161062, 0.155185, 0.182106, 0.05, -0.0804553, -0.0926671, 0.0650419, 0.138891, 1011.34, 18149, 10, 2e-20, 3e-20, 2e-20, 2e-20, -1
0.158025, 0.0708358, 0.233019, 0.05, -0.134233, -0.098423, -0.121787, 0.206247, 1005.53, 8846.36, 10, 2e-20, 3e-20, 2e-20, 2e-20, -1
0.0940721, 0.143623, 0.194874, 0.05, -0.112108, -0.133511, -0.0202651, 0.175511, 1008.17, 13075, 10, 2e-20, 3e-20, 2e-20, 2e-20, -1
0.107042, 0.109806, 0.237928, 0.05, -0.0799484, -0.0865436, -0.119868, 0.168077, 1008.46, 13541.5, 10, 2e-20, 3e-20, 2e-20, 2e-20, -1
0.120575, 0.15118, 0.274625, 0.05, -0.113746, -0.0721671, -0.0754201, 0.154384, 1008.89, 14225.2, 10, 2e-20, 3e-20, 2e-20, 2e-20, -1
0.152918, 0.0947782, 0.309096, 0.05, 0.0352578, 0.0350646, 0.0429521, 0.0657079, 1002.68, 4282.8, 10, 2e-20, 3e-20, 2e-20, 2e-20, -1
0.108447, 0.121916, 0.385845, 0.05, 0.0662535, -0.196016, 0.0703707, 0.218549, 1005.49, 8785.94, 10, 2e-20, 3e-20, 2e-20, 2e-20, -1
0.122071, 0.172682, 0.399487, 0.05, 0.0200586, 0.124202, 0.107123, 0.165238, 1006.76, 10821.2, 10, 2e-20, 3e-20, 2e-20, 2e-20, -1
0.1379, 0.13729, 0.428274, 0.05, -0.0679665, -0.0738404, -0.152329, 0.182417, 1004.53, 7254.75, 10, 2e-20, 3e-20, 2e-20, 2e-20, -1
0.12592, 0.0832565, 0.425965, 0.05, -0.137126, 0.0249536, -0.0642235, 0.153463, 1009.64, 15426.2, 10, 2e-20, 3e-20, 2e-20, 2e-20, -1
0.125618, 0.113228, 0.469529, 0.05, -0.0283499, -0.0450674, 0.0869954, 0.101995, 1006.53, 10443.7, 10, 2e-20, 3e-20, 2e-20, 2e-20, -1
0.130338, 0.116837, 0.529629, 0.05, -0.146966, 0.018297, -0.231971, 0.275217, 1000.79, 1269.3, 10, 2e-20, 3e-20, 2e-20, 2e-20, -1
0.141992, 0.158245, 0.479416, 0.05, -0.0744207, -0.0631558, 0.183747, 0.208063, 1000.67, 1067.48, 10, 2e-20, 3e-20, 2e-20, 2e-20, -1
0.111908, 0.163404, 0.517297, 0.05, 0.0264522, -0.158584, -0.138945, 0.212496, 1000.19, 303.165, 10, 2e-20, 3e-20, 2e-20, 2e-20, -1
0.188656, 0.0553826, 0.531499, 0.05, -0.0127226, -0.0384429, -0.0488989, 0.0634888, 1003.35, 5358.92, 10, 2e-20, 3e-20, 2e-20, 2e-20, -1
0.162072, 0.16288, 0.534141, 0.05, -0.159442, -0.0299837, -0.141886, 0.215528, 1006.26, 10013.9, 10, 2e-20, 3e-20, 2e-20, 2e-20, -1
0.177199, 0.11668, 0.543878, 0.05, 0.132419, -0.0770905, -0.0299982, 0.156133, 1005.11, 8170.99, 10, 2e-20, 3e-20, 2e-20, 2e-20, -1
0.145675, 0.0633817, 0.549346, 0.05, -0.0233136, -0.0510174, -0.0228886, 0.0605821, 1002.17, 3466.23, 10, 2e-20, 3e-20, 2e-20, 2e-20, -1
0.225649, 0.171958, 0.539654, 0.05, -0.116755, -0.056305, -0.0232299, 0.131687, 1006.76, 10811.7, 10, 2e-20, 3e-20, 2e-20, 2e-20, -1
0.232176, 0.128653, 0.613488, 0.05, -0.0642721, -0.0820308, -0.157839, 0.189138, 1008.49, 13591.7, 10, 2e-20, 3e-20, 2e-20, 2e-20, -1
0.190656, 0.117181, 0.649182, 0.05, -0.120523, -0.118805, -0.0188076, 0.170277, 1007.24, 11586.7, 10, 2e-20, 3e-20, 2e-20, 2e-20, -1
0.189783, 0.175893, 0.650527, 0.05, -0.0734947, -0.0894686, -0.180202, 0.214194, 1001.21, 1930.48, 10, 2e-20, 3e-20, 2e-20, 2e-20, -1
0.159904, 0.156024, 0.621345, 0.05, -0.0540247, -0.0733904, -0.0264234, 0.0948842, 1002.78, 4447.15, 10, 2e-20, 3e-20, 2e-20, 2e-20, -1
0.129802, 0.149668, 0.691038, 0.05, 0.0711914, -0.11611, 0.0061119, 0.136334, 1007.34, 11739, 10, 2e-20, 3e-20, 2e-20, 2e-20, -1
0.16303, 0.139898, 0.768611, 0.05, 0.0187403, -0.0861015, -0.201212, 0.219661, 1000.34, 545.325, 10, 2e-20, 3e-20, 2e-20, 2e-20, -1
0.215871, 0.0924355, 0.766783, 0.05, -0.0386046, 0.0538373, 0.00119836, 0.0662586, 1005.26, 8423.8, 10, 2e-20, 3e-20, 2e-20, 2e-20, -1
0.17527, 0.206453, 0.753437, 0.05, -0.0759937, -0.0373243, -0.0762131, 0.113915, 1002.24, 3578.32, 10, 2e-20, 3e-20, 2e-20, 2e-20, -1
0.273986, 0.0542659, 0.797907, 0.05, -0.00273687, -0.0379968, 0.0255633, 0.0458774, 1000.75, 1198.58, 10, 2e-20, 3e-20, 2e-20, 2e-20, -1
0.101417, 0.206958, 0.823125, 0.05, 0.0696863, 0.0522506, -0.0629547, 0.107469, 999.173, -1322.67, 10, 2e-20, 3e-20, 2e-20, 2e-20, -1
0.204244, 0.170525, 0.768871, 0.05, -0.0620605, -0.107397, -0.170361, 0.210733, 996.837, -5060.27, 10, 2e-20, 3e-20, 2e-20, 2e-20, -1
0.151002, 0.205017, 0.808306, 0.05, -0.105663, 0.106302, -0.105559, 0.183324, 1008.85, 14152.1, 10, 2e-20, 3e-20, 2e-20, 2e-20, -1
0.224419, 0.173027, 0.83874, 0.05, 0.103552, -0.0274355, -0.0394673, 0.114164, 1005.49, 8785.34, 10, 2e-20, 3e-20, 2e-20, 2e-20, -1
0.190314, 0.113948, 0.897465, 0.05, 0.0587609, -0.093551, -0.0912536, 0.143289, 1001.46, 2339.64, 10, 2e-20, 3e-20, 2e-20, 2e-20, -1
0.096315, 0.0766796, 0.933619, 0.05, -0.0105448, -0.0957197, -0.20569, 0.227116, 1005.02, 8027.35, 10, 2e-20, 3e-20, 2e-20, 2e-20, -1
0.0729767, 0.123782, 0.863301, 0.05, 0.0904019, -0.00507359, -0.0711468, 0.115153, 1001.91, 3062.7, 10, 2e-20, 3e-20, 2e-20, 2e-20, -1
0.0530384, 0.128018, 0.812516, 0.05, -0.244078, -0.0587804, -0.0746753, 0.261927, 1003.73, 5971.23, 10, 2e-20, 3e-20, 2e-20, 2e-20, -1
0.0893278, 0.0138704, 0.996017, 0.05, -0.0251028, -0.152299, -0.00904148, 0.154618, 997.811, -3502.86, 10, 2e-20, 3e-20, 2e-20, 2e-20, -1
0.0892443, 0.034546, 1.19427, 0.05, 0.179416, -0.0730911, 0.111021, 0.223289, 997.67, -3727.6, 10, 2e-20, 3e-20, 2e-20, 2e-20, -1
0.0197597, 0.0337261, 1.3405, 0.05, 0.0300753, -0.0374879, 0.00443113, 0.0482649, 1002.35, 3764.84, 10, 2e-20, 3e-20, 2e-20, 2e-20, -1
0.0260546, 0.0694137, 1.15803, 0.05, -0.0132177, -0.0404387, -0.18156, 0.186478, 999.105, -1431.27, 10, 2e-20, 3e-20, 2e-20, 2e-20, -1
-0.0464645, 0.0213418, 1.34869, 0.05, -0.0701411, -0.0136533, -0.14135, 0.158386, 1005.63, 9003.89, 10, 2e-20, 3e-20, 2e-20, 2e-20, -1
0.108428, 0.288349, 0.0534266, 0.05, 0.0118824, 0.000845336, -0.08538, 0.086207, 1016.23, 25964, 10, 2e-20, 3e-20, 2e-20, 2e-20, -1
0.156766, 0.355596, 0.0476863, 0.05, 0.0032716, -0.0594652, 0.0309593, 0.0671215, 1006.92, 11074, 10, 2e-20, 3e-20, 2e-20, 2e-20, -1
0.137776, 0.335596, 0.0879557, 0.05, -0.0147509, -0.0931659, 0.0127197, 0.0951802, 1001.28, 2044.44, 10, 2e-20, 3e-20, 2e-20, 2e-20, -1
0.154771, 0.274984, 0.0922032, 0.05, 0.0432638, 0.170027, -0.0941162, 0.199095, 1008.4, 13437, 10, 2e-20, 3e-20, 2e-20, 2e-20, -1
0.10793, 0.258566, 0.11309, 0.05, -0.256365, 0.0301082, -0.020598, 0.258947, 1019.19, 30707, 10, 2e-20, 3e-20, 2e-20, 2e-20, -1
0.139409, 0.345965, 0.152561, 0.05, -0.00562601, -0.0274779, -0.116834, 0.120154, 1010.18, 16287, 10, 2e-20, 3e-20, 2e-20, 2e-20, -1
0.120489, 0.295411, 0.193776, 0.05, -0.0193874, -0.0731705, -0.191304, 0.205735, 1000.93, 1482.88, 10, 2e-20, 3e-20, 2e-20, 2e-20, -1
0.137405, 0.188517, 0.150424, 0.05, -0.121478, -0.116242, -0.125988, 0.2101, 1000.89, 1420.74, 10, 2e-20, 3e-20, 2e-20, 2e-20, -1
0.149827, 0.215018, 0.183114, 0.05, -0.0503253, 0.019702, 0.000408862, 0.054046, 1003.28, 5241.66, 10, 2e-20, 3e-20, 2e-20, 2e-20, -1
0.078042, 0.169322, 0.152981, 0.05, -0.0101179, -0.0619763, -0.0906924, 0.110311, 1005.67, 9075.24, 10, 2e-20, 3e-20, 2e-20, 2e-20, -1
0.108555, 0.280436, 0.232287, 0.05, 0.000911979, 0.0354341, -0.0840062, 0.0911781, 1010.32, 16513.5, 10, 2e-20, 3e-20, 2e-20, 2e-20, -1
0.108095, 0.193507, 0.192882, 0.05, -0.0506348, 0.0219653, -0.0341488, 0.0649037, 1006.82, 10905.4, 10, 2e-20, 3e-20, 2e-20, 2e-20, -1
0.1032, 0.22678, 0.241428, 0.05, -0.0706427, -0.0819159, 0.0501215, 0.119217, 998.376, -2599.06, 10, 2e-20, 3e-20, 2e-20, 2e-20, -1
0.0939446, 0.169781, 0.234305, 0.05, 6.36568e-05, 0.110276, 0.0460379, 0.1195, 1003.1, 4955.03, 10, 2e-20, 3e-20, 2e-20, 2e-20, -1
0.115906, 0.202087, 0.285951, 0.05, -0.0351826, 0.148465, -0.0797043, 0.172141, 1007.67, 12272.2, 10, 2e-20, 3e-20, 2e-20, 2e-20, -1
0.143744, 0.163674, 0.314854, 0.05, 0.135547, -0.0506446, -0.0238088, 0.146645, 1003.21, 5131.69, 10, 2e-20, 3e-20, 2e-20, 2e-20, -1
0.164147, 0.17116, 0.361238, 0.05, -0.0259055, -0.0348244, 0.00763075, 0.0440689, 1011.52, 18431.2, 10, 2e-20, 3e-20, 2e-20, 2e-20, -1
0.138796, 0.232802, 0.406182, 0.05, -0.106029, -0.0913594, 0.0605974, 0.152515, 1005.42, 8664.68, 10, 2e-20, 3e-20, 2e-20, 2e-20, -1
0.17425, 0.172562, 0.40905, 0.05, -0.165629, 0.0376354, -0.108031, 0.201296, 1007.19, 11496, 10, 2e-20, 3e-20, 2e-20, 2e-20, -1
0.108151, 0.238825, 0.440169, 0.05, -0.103799, -0.0961802, -0.0242276, 0.143568, 999.849, -241.677, 10, 2e-20, 3e-20, 2e-20, 2e-20, -1
0.142464, 0.19303, 0.441675, 0.05, -0.129726, 0.0113461, -0.176943, 0.219696, 1005.92, 9475.63, 10, 2e-20, 3e-20, 2e-20, 2e-20, -1
0.0907949, 0.254747, 0.484828, 0.05, 0.0266094, -0.0476619, 0.0553634, 0.0777485, 1000.4, 644.567, 10, 2e-20, 3e-20, 2e-20, 2e-20, -1
0.150236, 0.239302, 0.472691, 0.05, -0.138973, 0.0607749, 0.00835577, 0.151911, 1003.17, 5067.4, 10, 2e-20, 3e-20, 2e-20, 2e-20, -1
0.138761, 0.265437, 0.513611, 0.05, -0.232715, 0.00210389, -0.112985, 0.258701, 1005.61, 8976.01, 10, 2e-20, 3e-20, 2e-20, 2e-20, -1
0.132411, 0.20963, 0.521621, 0.05, -0.0629972, -0.0906065, -0.072905, 0.132262, 1008.99, 14385.6, 10, 2e-20, 3e-20, 2e-20, 2e-20, -1
0.141447, 0.24427, 0.560745, 0.05, -0.2179, 0.0291568, -0.16575, 0.275324, 1006.99, 11184.1, 10, 2e-20, 3e-20, 2e-20, 2e-20, -1
0.0608235, 0.26316, 0.60985, 0.05, -0.101903, -0.0133871, -0.14304, 0.176136, 999.761, -382.441, 10, 2e-20, 3e-20, 2e-20, 2e-20, -1
0.146382, 0.193033, 0.57567, 0.05, -0.0396525, -0.167509, 0.0498659, 0.179215, 1008.02, 12829.7, 10, 2e-20, 3e-20, 2e-20, 2e-20, -1
0.100145, 0.230453, 0.62242, 0.05, -0.0218157, -0.218954, -0.138318, 0.259901, 1006.94, 11099.6, 10, 2e-20, 3e-20, 2e-20, 2e-20, -1
0.110085, 0.183171, 0.603476, 0.05, -0.0045243, -0.0352397, 0.0263277, 0.0442205, 1005.95, 9517.02, 10, 2e-20, 3e-20, 2e-20, 2e-20, -1
0.197316, 0.161869, 0.57687, 0.05, -0.0412169, -0.161091, 0.0108098, 0.166631, 1006.58, 10526.6, 10, 2e-20, 3e-20, 2e-20, 2e-20, -1
0.14781, 0.206457, 0.633625, 0.05, -0.108141, -0.0614477, -0.093081, 0.155352, 1009.59, 15343.1, 10, 2e-20, 3e-20, 2e-20, 2e-20, -1
0.140681, 0.212335, 0.682854, 0.05, -0.124297, -0.145113, -0.0790235, 0.206766, 1004.38, 7007.29, 10, 2e-20, 3e-20, 2e-20, 2e-20, -1
0.21237, 0.220934, 0.716183, 0.05, 0.0353687, 0.0346555, -0.00880516, 0.0502939, 1003.92, 6265.36, 10, 2e-20, 3e-20, 2e-20, 2e-20, -1
0.160383, 0.284575, 0.810151, 0.05, -0.0773739, 0.0431233, -0.111944, 0.142751, 999.409, -945.728, 10, 2e-20, 3e-20, 2e-20, 2e-20, -1
0.166752, 0.245922, 0.781259, 0.05, -0.0698948, -0.128526, -0.0460157, 0.153368, 1003.53, 5652.83, 10, 2e-20, 3e-20, 2e-20, 2e-20, -1
0.121844, 0.277668, 0.842992, 0.05, -0.0549602, 0.0435123, -0.173619, 0.187237, 1000.36, 577.176, 10, 2e-20, 3e-20, 2e-20, 2e-20, -1
0.135928, 0.22409, 0.859437, 0.05, -0.0906144, -0.108793, -0.120679, 0.186038, 1001.44, 2297.21, 10, 2e-20, 3e-20, 2e-20, 2e-20, -1
0.0954555, 0.16348, 0.934998, 0.05, 0.00225715, -0.0123499, -0.212529, 0.2129, 1007.03, 11244.9, 10, 2e-20, 3e-20, 2e-20, 2e-20, -1
0.0990494, 0.120341, 0.9608, 0.05, 0.00360621, -0.024804, -0.0942919, 0.0975664, 1002.64, 4230.39, 10, 2e-20, 3e-20, 2e-20, 2e-20, -1
0.130313, 0.191637, 0.901243, 0.05, 0.0616008, -0.0344419, -0.0998943, 0.12231, 1001.07, 1704.58, 10, 2e-20, 3e-20, 2e-20, 2e-20, -1
0.143333, 0.142533, 0.950845, 0.05, 0.091763, -0.109644, 0.0280148, 0.145696, 1000.36, 569.236, 10, 2e-20, 3e-20, 2e-20, 2e-20, -1
0.152763, 0.0945168, 0.944797, 0.05, 0.0337334, 0.0466408, -0.0595098, 0.0827932, 1004.54, 7259.73, 10, 2e-20, 3e-20, 2e-20, 2e-20, -1
0.0790584, 0.0508107, 1.01745, 0.05, 0.0962603, -0.0390225, -0.0460549, 0.113622, 1000.52, 831.381, 10, 2e-20, 3e-20, 2e-20, 2e-20, -1
0.0584407, 0.0303953, 0.968679, 0.05, -0.0382271, 0.0141108, -0.0967392, 0.104971, 1005.35, 8567.16, 10, 2e-20, 3e-20, 2e-20, 2e-20, -1
0.0590095, 0.0180362, 1.04744, 0.05, 0.0833354, 0.00143543, -0.157417, 0.178121, 999.52, -767.309, 10, 2e-20, 3e-20, 2e-20, 2e-20, -1
0.0235498, -0.0478815, 1.13564, 0.05, -0.0853771, 0.0406991, 0.129169, 0.160094, 1005, 7997.89, 10, 2e-20, 3e-20, 2e-20, 2e-20, -1
0.0304466, 0.046407, 1.10942, 0.05, -0.0766001, -0.0781337, -0.144399, 0.181173, 1000.3, 481.557, 10, 2e-20, 3e-20, 2e-20, 2e-20, -1
-0.0156411, 0.119755, 1.26891, 0.05, 0.158712, -0.138463, -0.0435013, 0.215068, 1000.25, 403.826, 10, 2e-20, 3e-20, 2e-20, 2e-20, -1
0.00376586, 0.210448, 1.26943, 0.05, 0.0106835, -0.0251687, -0.103617, 0.107164, 1001.62, 2587.03, 10, 2e-20, 3e-20, 2e-20, 2e-20, -1
-0.0786534, 0.208804, 1.42241, 0.05, -0.0837097, -0.15554, 0.0396064, 0.181022, 1000.72, 1147.03, 10, 2e-20, 3e-20, 2e-20, 2e-20, -1
0.116148, 0.400808, 0.0498916, 0.05, -0.105327, -0.0128, -0.104406, 0.148856, 1012.71, 20335.5, 10, 2e-20, 3e-20, 2e-20, 2e-20, -1
0.0957734, 0.454051, 0.0508596, 0.05, -0.114553, -0.0258146, -0.0247035, 0.119996, 1014.94, 23902.6, 10, 2e-20, 3e-20, 2e-20, 2e-20, -1
0.13061, 0.44695, 0.112184, 0.05, -0.0766703, -0.0643896, -0.0317283, 0.105029, 1005.49, 8785.19, 10, 2e-20, 3e-20, 2e-20, 2e-20, -1
0.0975654, 0.417293, 0.0960229, 0.05, -0.145001, 0.114526, 0.0662754, 0.196301, 1014.48, 23172.7, 10, 2e-20, 3e-20, 2e-20, 2e-20, -1
0.107799, 0.309275, 0.106485, 0.05, -0.0242756, 0.0729973, -0.152564, 0.170862, 1010.61, 16980.1, 10, 2e-20, 3e-20, 2e-20, 2e-20, -1
0.1343, 0.382426, 0.118856, 0.05, -0.111108, -0.00268634, 0.0350289, 0.11653, 1010.08, 16133.5, 10, 2e-20, 3e-20, 2e-20, 2e-20, -1
0.0997742, 0.346727, 0.193346, 0.05, -0.0748561, -0.0607955, -0.0354568, 0.102746, 1008.05, 12887.4, 10, 2e-20, 3e-20, 2e-20, 2e-20, -1
0.11722, 0.334082, 0.240224, 0.05, -0.0919909, -0.0195562, 0.0445487, 0.104064, 1009.5, 15192.9, 10, 2e-20, 3e-20, 2e-20, 2e-20, -1
0.150095, 0.254061, 0.216353, 0.05, 0.00821064, 0.0611674, -0.083622, 0.10393, 1012.27, 19633.3, 10, 2e-20, 3e-20, 2e-20, 2e-20, -1
0.165924, 0.313894, 0.230867, 0.05, 0.0230062, -0.0426919, -0.00727239, 0.0490384, 1007.04, 11259.8, 10, 2e-20, 3e-20, 2e-20, 2e-20, -1
0.11527, 0.343049, 0.29317, 0.05, 0.0620388, 0.0468062, -0.0556859, 0.0956062, 1000.31, 492.436, 10, 2e-20, 3e-20, 2e-20, 2e-20, -1
0.0977147, 0.262294, 0.276204, 0.05, 0.042704, -0.016698, 0.0255025, 0.0524675, 1000.77, 1236.88, 10, 2e-20, 3e-20, 2e-20, 2e-20, -1
0.109807, 0.29433, 0.318242, 0.05, 0.0148159, -0.0760027, -0.117593, 0.140798, 1003.92, 6265.54, 10, 2e-20, 3e-20, 2e-20, 2e-20, -1
0.151133, 0.263843, 0.30862, 0.05, -0.23498, -0.043086, -0.110279, 0.263122, 1006.86, 10970, 10, 2e-20, 3e-20, 2e-20, 2e-20, -1
0.102814, 0.246145, 0.329808, 0.05, 0.0757381, 0.0218953, 0.028553, 0.0838507, 998.583, -2266.59, 10, 2e-20, 3e-20, 2e-20, 2e-20, -1
0.147504, 0.215407, 0.321514, 0.05, -0.107596, 0.051569, -0.0646141, 0.135688, 1005.33, 8530.98, 10, 2e-20, 3e-20, 2e-20, 2e-20, -1
0.0875353, 0.336386, 0.424854, 0.05, 0.0083691, -0.0098521, -0.119103, 0.119803, 1007.43, 11887, 10, 2e-20, 3e-20, 2e-20, 2e-20, -1
0.117857, 0.21018, 0.365149, 0.05, -0.037228, 0.0458081, -0.0120289, 0.0602412, 1006.03, 9647.42, 10, 2e-20, 3e-20, 2e-20, 2e-20, -1
0.120676, 0.286939, 0.413122, 0.05, -0.0727251, 0.0284992, -0.102388, 0.12878, 1004.29, 6869.82, 10, 2e-20, 3e-20, 2e-20, 2e-20, -1
0.0813361, 0.283451, 0.443844, 0.05, -0.0196157, 0.0368695, -0.0653629, 0.0775657, 1007.61, 12182.4, 10, 2e-20, 3e-20, 2e-20, 2e-20, -1
0.132827, 0.289326, 0.469505, 0.05, -0.104615, -0.0864925, 0.0712315, 0.153294, 1002.2, 3525.32, 10, 2e-20, 3e-20, 2e-20, 2e-20, -1
0.0956386, 0.288635, 0.524002, 0.05, 0.056882, -0.182387, 0.0276749, 0.193045, 1000.85, 1353.75, 10, 2e-20, 3e-20, 2e-20, 2e-20, -1
0.0930475, 0.316422, 0.560924, 0.05, -0.167629, 0.00184388, -0.0441664, 0.173359, 1003.25, 5201.56, 10, 2e-20, 3e-20, 2e-20, 2e-20, -1
0.149184, 0.300214, 0.575156, 0.05, -0.0787588, 0.081093, -0.0134631, 0.113843, 1002.98, 4769.35, 10, 2e-20, 3e-20, 2e-20, 2e-20, -1
0.0938686, 0.237676, 0.532418, 0.05, -0.0960401, 0.0882035, -0.0920262, 0.159601, 1007.96, 12731.6, 10, 2e-20, 3e-20, 2e-20, 2e-20, -1
0.100769, 0.269471, 0.57901, 0.05, -0.1667, 0.0250162, -0.169497, 0.239049, 1006.66, 10660.4, 10, 2e-20, 3e-20, 2e-20, 2e-20, -1
0.145639, 0.246271, 0.605128, 0.05, -0.0517243, -0.086394, 0.0758126, 0.126043, 998.745, -2007.46, 10, 2e-20, 3e-20, 2e-20, 2e-20, -1
0.150788, 0.257382, 0.652143, 0.05, -0.115538, -0.0818196, -0.113183, 0.181256, 1000.6, 959.909, 10, 2e-20, 3e-20, 2e-20, 2e-20, -1
0.120423, 0.389554, 0.736371, 0.05, -0.0076543, 0.020125, 0.111884, 0.113937, 1002.17, 3468.64, 10, 2e-20, 3e-20, 2e-20, 2e-20, -1
0.134059, 0.293196, 0.675049, 0.05, -0.173944, 0.182757, 0.00227825, 0.252313, 1004.34, 6950.61, 10, 2e-20, 3e-20, 2e-20, 2e-20, -1
0.193632, 0.207313, 0.605005, 0.05, 0.0114016, 0.00152933, 0.0725158, 0.0734226, 1005.51, 8816.94, 10, 2e-20, 3e-20, 2e-20, 2e-20, -1
0.181371, 0.278259, 0.683679, 0.05, 0.0186482, 0.115446, 0.0163334, 0.118077, 1006.99, 11188.5, 10, 2e-20, 3e-20, 2e-20, 2e-20, -1
0.120396, 0.247537, 0.707802, 0.05, -0.0397483, -0.0480094, -0.045811, 0.077353, 1006.04, 9668.98, 10, 2e-20, 3e-20, 2e-20, 2e-20, -1
0.187306, 0.188966, 0.699557, 0.05, -0.0278657, -0.041873, 0.0198342, 0.054067, 1004.56, 7303.16, 10, 2e-20, 3e-20, 2e-20, 2e-20, -1
0.0758522, 0.258031, 0.835704, 0.05, 0.0569825, 0.0174953, -0.139972, 0.152136, 997.463, -4059.28, 10, 2e-20, 3e-20, 2e-20, 2e-20, -1
0.144935, 0.321661, 0.840541, 0.05, -0.0415487, -0.0048586, -0.152148, 0.157794, 1000.07, 110.211, 10, 2e-20, 3e-20, 2e-20, 2e-20, -1
0.130097, 0.290858, 0.889559, 0.05, -0.0044908, 0.0791404, -0.129604, 0.151923, 1008.91, 14249.6, 10, 2e-20, 3e-20, 2e-20, 2e-20, -1
0.18632, 0.298486, 0.904689, 0.05, 0.0530368, -0.0410104, 0.0335131, 0.0749525, 1002.78, 4450.72, 10, 2e-20, 3e-20, 2e-20, 2e-20, -1
0.116366, 0.241881, 0.913101, 0.05, -0.0544822, -0.0624698, -0.0866221, 0.119892, 1004.41, 7063.3, 10, 2e-20, 3e-20, 2e-20, 2e-20, -1
0.118107, 0.211496, 0.945778, 0.05, 0.0233533, 0.0491861, -0.0929302, 0.107706, 1002.92, 4675.54, 10, 2e-20, 3e-20, 2e-20, 2e-20, -1
0.0789175, 0.0955384, 0.999444, 0.05, 0.0782228, 0.0248826, -0.0121634, 0.0829813, 1004.5, 7204.44, 10, 2e-20, 3e-20, 2e-20, 2e-20, -1
0.119001, 0.169107, 0.98336, 0.05, -0.0251812, -0.0446894, -0.0463901, 0.0691612, 1002.21, 3540.66, 10, 2e-20, 3e-20, 2e-20, 2e-20, -1
0.0838196, 0.181721, 1.05863, 0.05, -0.0159162, -0.108282, 0.00646445, 0.109636, 1001.99, 3177.78, 10, 2e-20, 3e-20, 2e-20, 2e-20, -1
0.114521, 0.0758311, 0.978878, 0.05, 0.218377, -0.0839564, 0.0386001, 0.237123, 998.575, -2279.38, 10, 2e-20, 3e-20, 2e-20, 2e-20, -1
0.0718475, 0.0901751, 1.10405, 0.05, -0.118293, -0.173803, 0.0258473, 0.211822, 1003.69, 5908.33, 10, 2e-20, 3e-20, 2e-20, 2e-20, -1
0.0809631, 0.120076, 1.05365, 0.05, -0.0901022, 0.076352, -0.215813, 0.246015, 999.659, -545.348, 10, 2e-20, 3e-20, 2e-20, 2e-20, -1
0.06445, 0.0521088, 1.06886, 0.05, 0.0465817, -0.0438415, -0.147345, 0.160631, 1007.39, 11822, 10, 2e-20, 3e-20, 2e-20, 2e-20, -1
0.0292042, 0.122713, 1.22808, 0.05, 0.00114781, 0.114869, 0.0246969, 0.117499, 998.666, -2134.34, 10, 2e-20, 3e-20, 2e-20, 2e-20, -1
0.0176833, 0.144963, 1.26863, 0.05, 0.0286247, -0.0531887, 0.0328345, 0.0687496, 996.825, -5079.34, 10, 2e-20, 3e-20, 2e-20, 2e-20, -1
0.0417704, 0.237171, 1.23189, 0.05, -0.000425819, 0.0925974, -0.153285, 0.179083, 1002.91, 4651.73, 10, 2e-20, 3e-20, 2e-20, 2e-20, -1
0.0255417, 0.291403, 1.31873, 0.05, -0.0668354, 0.0766248, 0.0309158, 0.106274, 1003.77, 6033.12, 10, 2e-20, 3e-20, 2e-20, 2e-20, -1
0.0758295, 0.451542, 0.126149, 0.05, -0.00181281, 0.101547, -0.014644, 0.102614, 1010.47, 16748.8, 10, 2e-20, 3e-20, 2e-20, 2e-20, -1
0.179607, 0.500752, 0.260854, 0.05, -0.00798222, 0.121842, 0.0236958, 0.124381, 1008.18, 13084.2, 10, 2e-20, 3e-20, 2e-20, 2e-20, -1
0.174493, 0.449073, 0.239893, 0.05, -0.0635303, -0.0411003, -0.0880992, 0.116133, 1008.11, 12976.5, 10, 2e-20, 3e-20, 2e-20, 2e-20, -1
0.131535, 0.446479, 0.213785, 0.05, -0.0361648, -0.00259825, 0.0258949, 0.0445554, 1010.86, 17378.6, 10, 2e-20, 3e-20, 2e-20, 2e-20, -1
0.161435, 0.442105, 0.16967, 0.05, 0.165693, 0.0211816, 0.0122033, 0.167486, 1007.56, 12088.3, 10, 2e-20, 3e-20, 2e-20, 2e-20, -1
0.129362, 0.39765, 0.173847, 0.05, -0.125926, 0.0219393, 0.0165367, 0.128888, 1011.03, 17642.4, 10, 2e-20, 3e-20, 2e-20, 2e-20, -1
0.128752, 0.397791, 0.229929, 0.05, 0.0485263, -0.00251275, 0.118663, 0.128227, 1005.62, 8995.57, 10, 2e-20, 3e-20, 2e-20, 2e-20, -1
0.0840415, 0.316276, 0.269839, 0.05, -0.120301, -0.0107103, 0.0507086, 0.13099, 1006.87, 10992.4, 10, 2e-20, 3e-20, 2e-20, 2e-20, -1
0.123134, 0.447885, 0.345687, 0.05, -0.106415, 0.0484602, -0.0502409, 0.127266, 1006.88, 11011, 10, 2e-20, 3e-20, 2e-20, 2e-20, -1
0.12897, 0.379776, 0.327521, 0.05, -0.0683865, -0.0497787, -0.243869, 0.258122, 1006.91, 11061.3, 10, 2e-20, 3e-20, 2e-20, 2e-20, -1
0.0785138, 0.419746, 0.422903, 0.05, 0.0572709, 0.0244283, 0.0384725, 0.0731904, 1002.86, 4568.07, 10, 2e-20, 3e-20, 2e-20, 2e-20, -1
0.0963601, 0.410415, 0.349391, 0.05, -0.0160087, 0.182651, -0.0664323, 0.195015, 1006.19, 9911.44, 10, 2e-20, 3e-20, 2e-20, 2e-20, -1
0.160004, 0.319678, 0.317874, 0.05, -0.157419, 0.0170067, -0.0238966, 0.160129, 1014.37, 22996.6, 10, 2e-20, 3e-20, 2e-20, 2e-20, -1
0.122608, 0.338212, 0.349332, 0.05, -0.0686323, -0.0713345, -0.0110367, 0.0996033, 1004.83, 7729.36, 10, 2e-20, 3e-20, 2e-20, 2e-20, -1
0.115898, 0.42739, 0.446496, 0.05, -0.112744, -0.0776756, -0.00878184, 0.137193, 1003.46, 5534.98, 10, 2e-20, 3e-20, 2e-20, 2e-20, -1
0.0821061, 0.400503, 0.506709, 0.05, -0.0829619, -0.0788374, 0.0416679, 0.121796, 1008.53, 13648, 10, 2e-20, 3e-20, 2e-20, 2e-20, -1
0.12414, 0.455456, 0.490829, 0.05, -0.135575, 0.155956, -0.0140334, 0.207123, 1007.28, 11649.6, 10, 2e-20, 3e-20, 2e-20, 2e-20, -1
0.144106, 0.388683, 0.475375, 0.05, -0.0777674, -0.0803477, -0.0343029, 0.116962, 1005.63, 9015.88, 10, 2e-20, 3e-20, 2e-20, 2e-20, -1
0.127815, 0.284805, 0.36133, 0.05, -0.0944698, 0.0202628, -0.00955695, 0.09709, 1003.03, 4843.27, 10, 2e-20, 3e-20, 2e-20, 2e-20, -1
0.122881, 0.418885, 0.517926, 0.05, -0.0177757, -0.0105076, 0.140949, 0.142454, 1003.38, 5412.18, 10, 2e-20, 3e-20, 2e-20, 2e-20, -1
0.122048, 0.333407, 0.458396, 0.05, -0.122343, 0.131786, -0.142977, 0.229734, 1010.29, 16465.7, 10, 2e-20, 3e-20, 2e-20, 2e-20, -1
0.103479, 0.341122, 0.504179, 0.05, -0.148998, 0.0823365, 0.0607681, 0.180755, 1005.33, 8533.33, 10, 2e-20, 3e-20, 2e-20, 2e-20, -1
0.116712, 0.371941, 0.543962, 0.05, 0.00527517, 0.0356495, -0.160718, 0.164709, 1012.3, 19679.3, 10, 2e-20, 3e-20, 2e-20, 2e-20, -1
0.0820974, 0.369378, 0.581504, 0.05, -0.140346, 0.0380508, -0.0970931, 0.174849, 1007.2, 11514.3, 10, 2e-20, 3e-20, 2e-20, 2e-20, -1
0.0887045, 0.367348, 0.629883, 0.05, -0.0106631, 0.0830683, 0.052058, 0.0986108, 999.491, -815.172, 10, 2e-20, 3e-20, 2e-20, 2e-20, -1
0.0971927, 0.317926, 0.600071, 0.05, -0.0426442, 0.0376543, -0.0568309, 0.0804122, 1001.94, 3105.82, 10, 2e-20, 3e-20, 2e-20, 2e-20, -1
0.111817, 0.286444, 0.631882, 0.05, -0.0785556, 0.0920558, -0.0674809, 0.13856, 1003.14, 5029.97, 10, 2e-20, 3e-20, 2e-20, 2e-20, -1
0.110376, 0.373341, 0.680871, 0.05, -0.0161984, -0.0623493, -0.239522, 0.248033, 1008.66, 13854.2, 10, 2e-20, 3e-20, 2e-20, 2e-20, -1
0.110822, 0.442081, 0.830015, 0.05, -0.141551, 0.0452394, 0.00962641, 0.148916, 1003.49, 5584.87, 10, 2e-20, 3e-20, 2e-20, 2e-20, -1
0.115375, 0.388544, 0.790786, 0.05, -0.0544825, 0.0391249, -0.0512711, 0.0844264, 1003.54, 5671.15, 10, 2e-20, 3e-20, 2e-20, 2e-20, -1
0.1309, 0.340485, 0.712854, 0.05, -0.0651303, -0.136438, -0.156922, 0.217903, 1002.47, 3953.89, 10, 2e-20, 3e-20, 2e-20, 2e-20, -1
0.156243, 0.355077, 0.760514, 0.05, -0.0353955, -0.0156818, 0.0494608, 0.0628103, 1005.23, 8374.76, 10, 2e-20, 3e-20, 2e-20, 2e-20, -1
0.140461, 0.287778, 0.76552, 0.05, -0.0182726, -0.0504225, -0.03505, 0.0640688, 998.21, -2864.49, 10, 2e-20, 3e-20, 2e-20, 2e-20, -1
0.162624, 0.249323, 0.728381, 0.05, 0.102566, -0.0319163, -0.0377675, 0.113863, 1007.2, 11519.7, 10, 2e-20, 3e-20, 2e-20, 2e-20, -1
0.155369, 0.33086, 0.802055, 0.05, 0.0432745, -0.0382364, -0.0295866, 0.0648851, 1003.51, 5614.5, 10, 2e-20, 3e-20, 2e-20, 2e-20, -1
0.192912, 0.35466, 0.83983, 0.05, 0.00842963, -0.0486383, -0.146675, 0.154758, 1002.65, 4243.91, 10, 2e-20, 3e-20, 2e-20, 2e-20, -1
0.166299, 0.342078, 0.885227, 0.05, -0.0524859, -0.104128, -0.0411753, 0.123664, 998.958, -1666.94, 10, 2e-20, 3e-20, 2e-20, 2e-20, -1
0.12593, 0.331305, 0.921629, 0.05, -0.0384186, 0.0304616, -0.0961841, 0.10796, 999.357, -1028.09, 10, 2e-20, 3e-20, 2e-20, 2e-20, -1
0.141399, 0.285053, 0.940878, 0.05, 0.129013, 0.0579612, -0.126765, 0.18993, 1003.76, 6010.26, 10, 2e-20, 3e-20, 2e-20, 2e-20, -1
0.118644, 0.219805, 0.992168, 0.05, 0.0183844, 0.0564567, -0.114053, 0.128582, 1004.03, 6454.52, 10, 2e-20, 3e-20, 2e-20, 2e-20, -1
0.117003, 0.373202, 1.1425, 0.05, 0.0479134, 0.0135278, -0.151348, 0.159327, 1005.82, 9318.66, 10, 2e-20, 3e-20, 2e-20, 2e-20, -1
0.110123, 0.341001, 1.19496, 0.05, 0.00284408, -0.0460453, -0.136541, 0.144124, 999.599, -642.247, 10, 2e-20, 3e-20, 2e-20, 2e-20, -1
0.128032, 0.232966, 1.09919, 0.05, 0.0254717, -0.0173486, -0.0768103, 0.0827623, 1000.67, 1073.49, 10, 2e-20, 3e-20, 2e-20, 2e-20, -1
0.0725927, 0.345802, 1.1465, 0.05, 0.0343535, -0.00787218, -0.0601432, 0.0697089, 997.333, -4266.62, 10, 2e-20, 3e-20, 2e-20, 2e-20, -1
0.0279887, 0.310478, 1.10464, 0.05, -0.0592243, -0.108601, -0.108634, 0.16463, 1003.18, 5088.64, 10, 2e-20, 3e-20, 2e-20, 2e-20, -1
0.0355577, 0.326316, 1.14984, 0.05, 0.0149426, -0.00712558, -0.0455791, 0.0484923, 1000.49, 776.997, 10, 2e-20, 3e-20, 2e-20, 2e-20, -1
0.10073, 0.175546, 1.11671, 0.05, 0.107527, 0.0354801, -0.0971198, 0.149175, 1006.23, 9965.18, 10, 2e-20, 3e-20, 2e-20, 2e-20, -1
0.0683238, 0.294202, 1.12432, 0.05, 0.0312115, 0.00834836, -0.0200344, 0.0380162, 1001.47, 2344.83, 10, 2e-20, 3e-20, 2e-20, 2e-20, -1
0.0955126, 0.228397, 1.17364, 0.05, 0.119291, -0.104183, -0.0529332, 0.166992, 997.795, -3528.08, 10, 2e-20, 3e-20, 2e-20, 2e-20, -1
0.0694053, 0.272443, 1.17632, 0.05, 0.0316444, -0.0480525, -0.0545074, 0.0792557, 1001.87, 2994.58, 10, 2e-20, 3e-20, 2e-20, 2e-20, -1
0.0369117, 0.322633, 1.41087, 0.05, 0.0754876, 0.112327, 0.0302944, 0.138685, 1001.27, 2032.22, 10, 2e-20, 3e-20, 2e-20, 2e-20, -1
0.13139, 0.503985, 0.0420705, 0.05, -0.0732362, 0.0607692, -0.0131555, 0.0960703, 1010.99, 17584, 10, 2e-20, 3e-20, 2e-20, 2e-20, -1
0.215679, 0.500592, 0.379143, 0.05, -0.0725922, -0.0672201, -0.0121353, 0.0996766, 1011.18, 17891.8, 10, 2e-20, 3e-20, 2e-20, 2e-20, -1
0.130862, 0.501045, 0.287761, 0.05, -0.0653005, 0.0988968, 0.108911, 0.160955, 1013.29, 21271.6, 10, 2e-20, 3e-20, 2e-20, 2e-20, -1
0.131835, 0.443928, 0.266814, 0.05, 0.061219, -0.151612, 0.0810702, 0.1825, 1003.21, 5130.58, 10, 2e-20, 3e-20, 2e-20, 2e-20, -1
0.182846, 0.504271, 0.324449, 0.05, -0.0502732, 0.054022, 0.0260172, 0.0782474, 1003.79, 6062.65, 10, 2e-20, 3e-20, 2e-20, 2e-20, -1
0.0842775, 0.439679, 0.241305, 0.05, -0.066419, 0.15694, -0.162033, 0.235151, 1004.01, 6412.73, 10, 2e-20, 3e-20, 2e-20, 2e-20, -1
0.0888824, 0.402211, 0.207896, 0.05, -0.101984, 0.072711, 0.0495269, 0.134687, 1010.2, 16323, 10, 2e-20, 3e-20, 2e-20, 2e-20, -1
0.140663, 0.386836, 0.278409, 0.05, 0.0255539, -0.054369, 0.0844687, 0.103653, 1004.99, 7985.86, 10, 2e-20, 3e-20, 2e-20, 2e-20, -1
0.141783, 0.46248, 0.423267, 0.05, -0.144226, 0.0977135, -0.0864513, 0.194481, 1003.85, 6161.73, 10, 2e-20, 3e-20, 2e-20, 2e-20, -1
0.14939, 0.498458, 0.506021, 0.05, -0.188335, 0.0436789, -0.00867388, 0.193528, 1005.52, 8830.35, 10, 2e-20, 3e-20, 2e-20, 2e-20, -1
0.111311, 0.438435, 0.393183, 0.05, 0.000614121, 0.0813421, -0.0515496, 0.0963031, 1006.11, 9778.8, 10, 2e-20, 3e-20, 2e-20, 2e-20, -1
0.138842, 0.38732, 0.372124, 0.05, -0.173768, -0.00618996, 0.00294899, 0.173903, 1008.06, 12890.3, 10, 2e-20, 3e-20, 2e-20, 2e-20, -1
0.0929958, 0.382462, 0.394292, 0.05, -0.0471002, -0.122375, 0.0790419, 0.153107, 1002.99, 4791.04, 10, 2e-20, 3e-20, 2e-20, 2e-20, -1
0.140776, 0.462022, 0.59398, 0.05, -0.00404059, 0.0579907, 0.00252058, 0.0581859, 1005.74, 9185.04, 10, 2e-20, 3e-20, 2e-20, 2e-20, -1
0.134214, 0.449099, 0.654808, 0.05, -0.0417685, 0.044537, 0.0585491, 0.084594, 1003.79, 6071.83, 10, 2e-20, 3e-20, 2e-20, 2e-20, -1
0.159962, 0.452754, 0.519227, 0.05, 0.00371587, -0.0719064, 0.112557, 0.133616, 995.055, -7911.71, 10, 2e-20, 3e-20, 2e-20, 2e-20, -1
0.165635, 0.435605, 0.557673, 0.05, -0.129752, -0.0592868, -0.0802348, 0.163671, 1006.18, 9886.45, 10, 2e-20, 3e-20, 2e-20, 2e-20, -1
0.0736409, 0.453104, 0.661559, 0.05, -0.0521917, 0.0708259, -0.0181899, 0.0898396, 1004.59, 7339.38, 10, 2e-20, 3e-20, 2e-20, 2e-20, -1
0.0964724, 0.477418, 0.737349, 0.05, -0.00571896, -0.100886, 0.0672319, 0.121371, 1006.16, 9848.24, 10, 2e-20, 3e-20, 2e-20, 2e-20, -1
0.115615, 0.41008, 0.59386, 0.05, -0.0910474, 0.0197712, 0.0122373, 0.0939696, 1006.11, 9779.04, 10, 2e-20, 3e-20, 2e-20, 2e-20, -1
0.0545297, 0.437629, 0.813195, 0.05, -0.0674236, -0.0534309, 0.127162, 0.153528, 1000.97, 1555.54, 10, 2e-20, 3e-20, 2e-20, 2e-20, -1
0.0899714, 0.410074, 0.637606, 0.05, -0.102263, -0.0265846, -0.0215372, 0.107835, 1000.79, 1260.17, 10, 2e-20, 3e-20, 2e-20, 2e-20, -1
0.111765, 0.437644, 0.740517, 0.05, 0.0507644, 0.109553, 0.035774, 0.125931, 1000.7, 1124.08, 10, 2e-20, 3e-20, 2e-20, 2e-20, -1
0.0975381, 0.431189, 0.689568, 0.05, -0.131689, 0.107672, -0.0108598, 0.17045, 1005.34, 8539.01, 10, 2e-20, 3e-20, 2e-20, 2e-20, -1
0.14869, 0.472381, 0.957325, 0.05, -0.051402, 0.00812957, -0.01231, 0.053477, 1001.76, 2815.86, 10, 2e-20, 3e-20, 2e-20, 2e-20, -1
0.140825, 0.414352, 0.692867, 0.05, 0.147567, 0.0300421, -0.0833384, 0.172116, 1002.76, 4408.3, 10, 2e-20, 3e-20, 2e-20, 2e-20, -1
0.192254, 0.477663, 0.895278, 0.05, -0.0743017, 0.00878424, 0.038935, 0.0843436, 997.907, -3349.08, 10, 2e-20, 3e-20, 2e-20, 2e-20, -1
0.141278, 0.433937, 0.910463, 0.05, 0.147776, 0.0237466, -0.107909, 0.184515, 999.701, -478.897, 10, 2e-20, 3e-20, 2e-20, 2e-20, -1
0.173699, 0.436123, 0.929308, 0.05, -0.0324589, -0.0828296, -0.0810519, 0.120348, 999.176, -1317.83, 10, 2e-20, 3e-20, 2e-20, 2e-20, -1
0.175851, 0.415187, 0.831316, 0.05, -0.0518918, -0.046894, 0.0508702, 0.0864845, 1001.44, 2301.7, 10, 2e-20, 3e-20, 2e-20, 2e-20, -1
0.131673, 0.385535, 0.861153, 0.05, -0.0547158, 0.05697, -0.168653, 0.186234, 1005.38, 8611.14, 10, 2e-20, 3e-20, 2e-20, 2e-20, -1
0.150883, 0.37844, 0.833612, 0.05, -0.0230851, -0.0105677, -0.115021, 0.11779, 1002.4, 3837.13, 10, 2e-20, 3e-20, 2e-20, 2e-20, -1
0.136541, 0.427414, 1.05323, 0.05, 0.124083, 0.0361526, -0.126219, 0.180651, 999.42, -928.413, 10, 2e-20, 3e-20, 2e-20, 2e-20, -1
0.17534, 0.389586, 0.886279, 0.05, 0.00622366, 0.0730604, -0.181498, 0.19575, 1001.35, 2152.37, 10, 2e-20, 3e-20, 2e-20, 2e-20, -1
0.165092, 0.43148, 1.02568, 0.05, -0.0771905, 0.071793, -0.110937, 0.153034, 998.403, -2554.44, 10, 2e-20, 3e-20, 2e-20, 2e-20, -1
0.162675, 0.393997, 0.962907, 0.05, -0.107594, 0.00261705, -0.153699, 0.187635, 1005.64, 9028.69, 10, 2e-20, 3e-20, 2e-20, 2e-20, -1
0.190163, 0.396054, 0.920002, 0.05, -0.0433354, -0.04875, -0.0121191, 0.066343, 1003.83, 6125.37, 10, 2e-20, 3e-20, 2e-20, 2e-20, -1
0.140171, 0.347456, 0.967305, 0.05, -0.11661, 0.0762502, -0.0670818, 0.154635, 998.437, -2500.59, 10, 2e-20, 3e-20, 2e-20, 2e-20, -1
0.124023, 0.337808, 0.985285, 0.05, -0.0322689, 0.0519605, -0.0582986, 0.084498, 1000.07, 106.45, 10, 2e-20, 3e-20, 2e-20, 2e-20, -1
0.139306, 0.286083, 0.989651, 0.05, -0.0306062, 0.00295375, -0.093478, 0.0984053, 1005.93, 9480.04, 10, 2e-20, 3e-20, 2e-20, 2e-20, -1
0.106677, 0.270152, 1.06658, 0.05, 0.0213185, 0.0139879, 0.0191221, 0.0318715, 1005.58, 8933.31, 10, 2e-20, 3e-20, 2e-20, 2e-20, -1
0.115042, 0.396772, 1.17911, 0.05, 0.032932, 0.100549, 0.072051, 0.128008, 1002.24, 3576.66, 10, 2e-20, 3e-20, 2e-20, 2e-20, -1
0.151205, 0.423167, 1.45536, 0.05, -0.12067, 0.116021, 0.15517, 0.228254, 1003.46, 5540.15, 10, 2e-20, 3e-20, 2e-20, 2e-20, -1
0.131545, 0.344164, 1.30598, 0.05, 0.0197293, 0.0436059, 0.0883277, 0.100461, 994.524, -8761.95, 10, 2e-20, 3e-20, 2e-20, 2e-20, -1
0.0745216, 0.330828, 1.17226, 0.05, 0.0610626, 0.104565, -0.211956, 0.244106, 999.815, -296.019, 10, 2e-20, 3e-20, 2e-20, 2e-20, -1
0.0868595, 0.377689, 1.33107, 0.05, -0.0768533, -0.0320406, -0.097027, 0.127856, 1005.68, 9088.52, 10, 2e-20, 3e-20, 2e-20, 2e-20, -1
0.173403, 0.39497, 1.41991, 0.05, -0.207736, 0.0745757, -0.0779486, 0.234076, 999.312, -1101.46, 10, 2e-20, 3e-20, 2e-20, 2e-20, -1
0.192304, 0.399449, 1.34763, 0.05, -0.0766612, 0.0511424, 0.00595786, 0.092347, 995.98, -6432.26, 10, 2e-20, 3e-20, 2e-20, 2e-20, -1
0.237829, 0.460943, 1.42388, 0.05, -0.119343, 0.0158346, 0.129808, 0.177041, 1003.62, 5787.16, 10, 2e-20, 3e-20, 2e-20, 2e-20, -1
0.0570128, 0.334822, 1.34344, 0.05, -0.0844194, -0.0672947, -0.0643851, 0.125701, 1002.32, 3709.24, 10, 2e-20, 3e-20, 2e-20, 2e-20, -1
0.0687366, 0.344452, 1.44443, 0.05, -0.0463676, 0.0593425, 0.0971246, 0.122901, 1000.01, 15.2808, 10, 2e-20, 3e-20, 2e-20, 2e-20, -1
0.115331, 0.452171, 0.157899, 0.05, -0.167291, -0.0159135, 0.00703529, 0.168194, 1012.71, 20342.9, 10, 2e-20, 3e-20, 2e-20, 2e-20, -1
0.119883, 0.4979, 0.106705, 0.05, -0.231668, -0.0213897, -0.00429849, 0.232693, 1022.04, 35256.5, 10, 2e-20, 3e-20, 2e-20, 2e-20, -1
0.122875, 0.49681, 0.225256, 0.05, -0.109892, -0.00132719, 0.115771, 0.159627, 1020.58, 32927.6, 10, 2e-20, 3e-20, 2e-20, 2e-20, -1
0.250149, 0.494731, 0.423442, 0.05, -0.362431, -0.00571091, -0.0367371, 0.364333, 1013.71, 21936.4, 10, 2e-20, 3e-20, 2e-20, 2e-20, -1
0.0938341, 0.492077, 0.463518, 0.05, -0.00721412, 0.00935137, 0.0537154, 0.0549985, 1009.43, 15090.2, 10, 2e-20, 3e-20, 2e-20, 2e-20, -1
0.162091, 0.470814, 0.339923, 0.05, -0.0865694, 0.0474561, 0.084923, 0.130224, 1001.14, 1830.03, 10, 2e-20, 3e-20, 2e-20, 2e-20, -1
0.186164, 0.480508, 0.408484, 0.05, 0.204504, -0.0977404, 0.0657869, 0.236015, 998.212, -2861.26, 10, 2e-20, 3e-20, 2e-20, 2e-20, -1
0.150492, 0.499637, 0.452475, 0.05, -0.0645836, 0.141359, 0.0816713, 0.175566, 1005.54, 8858, 10, 2e-20, 3e-20, 2e-20, 2e-20, -1
0.105877, 0.497025, 0.692554, 0.05, -0.0822198, 0.00134093, 0.0455723, 0.0940145, 1007.61, 12181.2, 10, 2e-20, 3e-20, 2e-20, 2e-20, -1
0.0460231, 0.497056, 0.739619, 0.05, -0.00682967, -0.0284048, 0.0189923, 0.0348451, 1010.63, 17010.8, 10, 2e-20, 3e-20, 2e-20, 2e-20, -1
0.126498, 0.497622, 0.639077, 0.05, -0.0511331, 0.0222379, 0.178088, 0.186613, 1012.51, 20011.1, 10, 2e-20, 3e-20, 2e-20, 2e-20, -1
0.152611, 0.498392, 0.565516, 0.05, 0.046481, -0.00784754, -0.0923585, 0.103693, 1010.07, 16110.2, 10, 2e-20, 3e-20, 2e-20, 2e-20, -1
0.140158, 0.500017, 0.744742, 0.05, -0.14527, -0.0524635, -0.0541818, 0.163681, 1008.01, 12816.1, 10, 2e-20, 3e-20, 2e-20, 2e-20, -1
0.199446, 0.497855, 0.7496, 0.05, 0.0339948, 0.0104228, 0.0939031, 0.10041, 1009.6, 15363.8, 10, 2e-20, 3e-20, 2e-20, 2e-20, -1
0.11109, 0.493925, 0.841963, 0.05, -0.0242965, 0.0196145, -0.00478601, 0.0315904, 1004.85, 7752.78, 10, 2e-20, 3e-20, 2e-20, 2e-20, -1
0.391705, 0.250481, 1.41255, 0.05, -0.199358, -0.184938, -0.12263, 0.298301, 999.235, -1223.73, 10, 2e-20, 3e-20, 2e-20, 2e-20, -1
0.0937625, 0.500247, 0.788753, 0.05, -0.0349896, 0.000905645, 0.14339, 0.1476, 1006.36, 10174.6, 10, 2e-20, 3e-20, 2e-20, 2e-20, -1
0.132546, 0.493734, 1.20118, 0.05, -0.0314792, -0.0388332, 0.0523089, 0.0723545, 1001.03, 1653.33, 10, 2e-20, 3e-20, 2e-20, 2e-20, -1
0.0668276, 0.465542, 0.782686, 0.05, 0.0269638, 0.00980375, -0.0327586, 0.0435463, 999.336, -1061.7, 10, 2e-20, 3e-20, 2e-20, 2e-20, -1
0.166446, 0.498424, 1.02083, 0.05, 0.0360664, 0.0466094, 0.0953067, 0.112056, 1007.22, 11549.3, 10, 2e-20, 3e-20, 2e-20, 2e-20, -1
0.132647, 0.478215, 1.06343, 0.05, 0.0950557, -0.0780917, 0.0497836, 0.132711, 1002.52, 4034.66, 10, 2e-20, 3e-20, 2e-20, 2e-20, -1
0.109999, 0.495871, 1.14292, 0.05, -0.168274, -0.0562182, 0.140928, 0.226577, 1005.52, 8837.73, 10, 2e-20, 3e-20, 2e-20, 2e-20, -1
0.19737, 0.201501, 1.37663, 0.05, -0.0931126, -0.161159, 0.131252, 0.227748, 1000.11, 170.229, 10, 2e-20, 3e-20, 2e-20, 2e-20, -1
0.134088, 0.497157, 1.08979, 0.05, -0.192085, -0.024135, 0.194079, 0.274127, 1003.42, 5473.36, 10, 2e-20, 3e-20, 2e-20, 2e-20, -1
0.260449, 0.42855, 0.889327, 0.05, 0.0423253, -0.0240215, -0.0965814, 0.10815, 1004.77, 7637.87, 10, 2e-20, 3e-20, 2e-20, 2e-20, -1
0.0656393, 0.481799, 1.25636, 0.05, 0.0872945, -0.0178682, -0.044815, 0.0997396, 999.696, -486.186, 10, 2e-20, 3e-20, 2e-20, 2e-20, -1
0.146321, 0.44879, 1.09783, 0.05, -0.138807, -0.0477857, 0.152406, 0.211609, 1008.15, 13037.2, 10, 2e-20, 3e-20, 2e-20, 2e-20, -1
0.31758, 0.175699, 1.39544, 0.05, -0.186523, -0.201811, 0.0125539, 0.275093, 993.062, -11100, 10, 2e-20, 3e-20, 2e-20, 2e-20, -1
0.165294, 0.463045, 1.18516, 0.05, 0.0566315, -0.0074671, 0.00960855, 0.0579242, 997.505, -3991.34, 10, 2e-20, 3e-20, 2e-20, 2e-20, -1
0.153808, 0.423411, 1.14145, 0.05, 0.00792874, 0.1806, -0.04212, 0.185616, 1004.61, 7373.28, 10, 2e-20, 3e-20, 2e-20, 2e-20, -1
0.168267, 0.438045, 1.31529, 0.05, -0.14306, 0.0239115, 0.0887546, 0.170045, 999.877, -197.582, 10, 2e-20, 3e-20, 2e-20, 2e-20, -1
0.131406, 0.381734, 0.912106, 0.05, -0.0347857, -0.00852493, -0.0440884, 0.0568023, 1002.39, 3825.99, 10, 2e-20, 3e-20, 2e-20, 2e-20, -1
0.122672, 0.422808, 1.32153, 0.05, 0.00245938, 0.0299423, -0.023802, 0.0383292, 1003.83, 6128.95, 10, 2e-20, 3e-20, 2e-20, 2e-20, -1
0.108205, 0.375695, 1.25095, 0.05, -0.0164237, 0.0643331, -0.113958, 0.131889, 1001.18, 1884.68, 10, 2e-20, 3e-20, 2e-20, 2e-20, -1
0.0693818, 0.395805, 1.18185, 0.05, -0.0727512, -0.0358739, -0.019509, 0.0834283, 1002.47, 3946.95, 10, 2e-20, 3e-20, 2e-20, 2e-20, -1
0.0364863, 0.504703, 1.36743, 0.05, 0.268179, -0.018101, 0.186466, 0.327134, 1004.02, 6436.6, 10, 2e-20, 3e-20, 2e-20, 2e-20, -1
0.0507078, 0.429655, 1.11184, 0.05, 0.123882, 0.036147, -0.158473, 0.20437, 1002.45, 3919.53, 10, 2e-20, 3e-20, 2e-20, 2e-20, -1
0.361221, 0.453151, 1.44697, 0.05, -0.123845, -0.0440519, -0.148512, 0.198328, 1001.82, 2913.32, 10, 2e-20, 3e-20, 2e-20, 2e-20, -1
0.17414, 0.0673742, 1.34086, 0.05, -0.0988059, -0.185084, 0.28694, 0.355462, 991.379, -13793.1, 10, 2e-20, 3e-20, 2e-20, 2e-20, -1
0.0863779, 0.313305, 1.09148, 0.05, 0.0379752, -0.0181442, -0.0461745, 0.0624773, 1004.5, 7195.6, 10, 2e-20, 3e-20, 2e-20, 2e-20, -1
-0.0714626, 0.486064, 1.39571, 0.05, 0.157688, -0.0708619, -0.0870753, 0.193569, 998.109, -3025.74, 10, 2e-20, 3e-20, 2e-20, 2e-20, -1
0.0721522, 0.382657, 1.41027, 0.05, -0.0859794, -0.0452828, 0.0376344, 0.104208, 1000.1, 152.941, 10, 2e-20, 3e-20, 2e-20, 2e-20, -1
0.0975782, 0.540174, 1.43475, 0.05, -0.259578, 0.540142, 0.0562333, 0.60191, 999.327, -1076.42, 10, 2e-20, 3e-20, 2e-20, 2e-20, -1
0.285268, 0.313578, 1.33197, 0.05, -0.163081, -0.0672336, 0.0463279, 0.182379, 1000.49, 789.941, 10, 2e-20, 3e-20, 2e-20, 2e-20, -1
0.247872, 0.488581, 1.45051, 0.05, -0.146797, -0.0317339, 0.0828374, 0.171518, 999.123, -1402.42, 10, 2e-20, 3e-20, 2e-20, 2e-20, -1
0.297168, 0.311178, 1.29935, 0.05, -0.185421, 0.0206218, -0.062109, 0.196631, 999.278, -1155.1, 10, 2e-20, 3e-20, 2e-20, 2e-20, -1
0.287044, 0.429335, 1.38058, 0.05, -0.0541477, 0.0843307, 0.0288168, 0.104279, 997.548, -3923.66, 10, 2e-20, 3e-20, 2e-20, 2e-20, -1
0.181819, 0.363185, 1.30396, 0.05, -0.253733, 0.0252385, -0.0339241, 0.257231, 1002.99, 4777.39, 10, 2e-20, 3e-20, 2e-20, 2e-20, -1
0.445838, 0.477234, 1.39356, 0.05, -0.0705929, 0.0540417, -0.207939, 0.226147, 997.625, -3800.63, 10, 2e-20, 3e-20, 2e-20, 2e-20, -1
0.296491, 0.511801, 1.39987, 0.05, 0.0391528, -0.135644, 0.0427469, 0.147511, 996.565, -5495.75, 10, 2e-20, 3e-20, 2e-20, 2e-20, -1
0.0142404, 0.428335, 1.48029, 0.05, 0.221733, 0.119809, -0.136844, 0.286785, 1000.96, 1538.02, 10, 2e-20, 3e-20, 2e-20, 2e-20, -1
0.132666, -0.445863, 0.052576, 0.05, 0.0634259, -0.011153, -0.176261, 0.187657, 1009.26, 14812, 10, 2e-20, 3e-20, 2e-20, 2e-20, -1
0.151616, -0.495166, 0.062618, 0.05, 0.146472, 0.0477023, -0.0710933, 0.169658, 1007.8, 12487.6, 10, 2e-20, 3e-20, 2e-20, 2e-20, -1
0.15978, -0.494254, 0.116198, 0.05, -0.0336147, 0.00556098, 0.0409228, 0.0532498, 1006.52, 10425.8, 10, 2e-20, 3e-20, 2e-20, 2e-20, -1
0.170866, -0.498849, 0.175202, 0.05, 0.0055775, 0.25667, -0.11701, 0.282138, 1003.83, 6120.7, 10, 2e-20, 3e-20, 2e-20, 2e-20, -1
0.168865, -0.49708, 0.30382, 0.05, -0.0555951, 0.0992279, -0.00973922, 0.114157, 1007.95, 12723.3, 10, 2e-20, 3e-20, 2e-20, 2e-20, -1
0.142658, -0.493189, 0.237645, 0.05, 0.0483354, -0.216656, 0.00581194, 0.222059, 1008.84, 14149.1, 10, 2e-20, 3e-20, 2e-20, 2e-20, -1
0.108676, -0.498631, 0.309199, 0.05, -0.0191275, -0.0944888, -0.00215905, 0.0964296, 1008.89, 14219.3, 10, 2e-20, 3e-20, 2e-20, 2e-20, -1
0.142091, -0.496901, 0.429831, 0.05, 0.0819074, -0.114061, 0.274668, 0.308482, 1001.88, 3002.13, 10, 2e-20, 3e-20, 2e-20, 2e-20, -1
0.204842, -0.499292, 0.441166, 0.05, -0.310603, -0.105533, 0.108393, 0.345486, 1004.54, 7265.57, 10, 2e-20, 3e-20, 2e-20, 2e-20, -1
0.163946, -0.495518, 0.484736, 0.05, -0.027127, 0.0393073, 0.108416, 0.118469, 1005.63, 9002.09, 10, 2e-20, 3e-20, 2e-20, 2e-20, -1
0.180068, -0.495385, 0.666114, 0.05, -0.0898062, 0.0966174, 0.12747, 0.183436, 1005.52, 8830.43, 10, 2e-20, 3e-20, 2e-20, 2e-20, -1
0.185131, -0.492174, 0.780123, 0.05, 0.0170002, -0.00123319, 0.237081, 0.237693, 1009.39, 15016.4, 10, 2e-20, 3e-20, 2e-20, 2e-20, -1
0.135892, -0.495731, 0.890711, 0.05, 0.106185, -0.0412193, 0.156618, 0.193658, 1007.51, 12015, 10, 2e-20, 3e-20, 2e-20, 2e-20, -1
0.194392, -0.493547, 0.843432, 0.05, 0.00609451, -0.0143542, 0.356967, 0.357307, 1012.72, 20348.5, 10, 2e-20, 3e-20, 2e-20, 2e-20, -1
0.223031, -0.465545, 0.682584, 0.05, -0.00122855, 0.101021, 0.0928578, 0.13722, 1003.09, 4943.51, 10, 2e-20, 3e-20, 2e-20, 2e-20, -1
0.206664, -0.49684, 1.06738, 0.05, -0.00157001, -0.034669, 0.473254, 0.474524, 1006.79, 10870.1, 10, 2e-20, 3e-20, 2e-20, 2e-20, -1
0.186242, -0.446326, 0.715533, 0.05, -0.0705008, -0.0550025, 0.118295, 0.148288, 1007.13, 11411.5, 10, 2e-20, 3e-20, 2e-20, 2e-20, -1
0.205031, -0.495581, 1.13999, 0.05, -0.13649, 0.0421117, 0.526387, 0.545423, 1003.58, 5729.15, 10, 2e-20, 3e-20, 2e-20, 2e-20, -1
0.141734, -0.49276, 0.829348, 0.05, -0.0170283, 0.0285427, 0.265369, 0.267443, 1006.45, 10318.7, 10, 2e-20, 3e-20, 2e-20, 2e-20, -1
0.177878, -0.485438, 1.00508, 0.05, 0.000896449, -0.0158869, 0.215001, 0.215589, 1001.07, 1710.36, 10, 2e-20, 3e-20, 2e-20, 2e-20, -1
0.149309, -0.494059, 1.03918, 0.05, 0.0223899, 0.0529755, 0.285585, 0.291318, 1008.81, 14101.6, 10, 2e-20, 3e-20, 2e-20, 2e-20, -1
0.18772, -0.487595, 0.896946, 0.05, 0.109312, -0.129671, 0.169695, 0.239917, 1000.85, 1364.61, 10, 2e-20, 3e-20, 2e-20, 2e-20, -1
0.0935994, -0.497982, 1.06297, 0.05, -0.0618433, 0.117519, 0.187886, 0.23008, 1004.91, 7862.75, 10, 2e-20, 3e-20, 2e-20, 2e-20, -1
0.208256, -0.470606, 1.21431, 0.05, 0.0414599, -0.21877, 0.364504, 0.427133, 1000.88, 1405.02, 10, 2e-20, 3e-20, 2e-20, 2e-20, -1
0.148647, -0.495033, 1.10672, 0.05, -0.0276607, 0.0312643, 0.357571, 0.359999, 1007.92, 12678.1, 10, 2e-20, 3e-20, 2e-20, 2e-20, -1
0.1979, -0.449356, 1.27444, 0.05, 0.0806519, -0.00772712, 0.367194, 0.376027, 988.371, -18607, 10, 2e-20, 3e-20, 2e-20, 2e-20, -1
0.195948, -0.453713, 1.10848, 0.05, -0.0353528, -0.0459471, 0.18276, 0.191735, 1003.22, 5146.68, 10, 2e-20, 3e-20, 2e-20, 2e-20, -1
0.1633, -0.473991, 1.15421, 0.05, -0.102734, 0.112542, 0.309489, 0.344969, 998.817, -1892.06, 10, 2e-20, 3e-20, 2e-20, 2e-20, -1
0.25063, -0.490417, 1.37706, 0.05, -0.273064, -0.536789, 0.239316, 0.648058, 1002.81, 4494.09, 10, 2e-20, 3e-20, 2e-20, 2e-20, -1
0.179361, -0.506222, 1.28825, 0.05, -0.174954, -0.0287624, 0.318083, 0.364161, 1002.97, 4745.45, 10, 2e-20, 3e-20, 2e-20, 2e-20, -1
0.104222, -0.39131, 1.31383, 0.05, 0.0332387, -0.190657, 0.421973, 0.464237, 1009.9, 15846.8, 10, 2e-20, 3e-20, 2e-20, 2e-20, -1
0.135962, -0.456234, 1.24226, 0.05, 0.0118229, -0.0807844, -0.0592852, 0.100899, 997.551, -3919.16, 10, 2e-20, 3e-20, 2e-20, 2e-20, -1
0.177369, -0.428112, 1.15882, 0.05, -0.0838563, -0.0484961, 0.194048, 0.216883, 1003.34, 5347.31, 10, 2e-20, 3e-20, 2e-20, 2e-20, -1
0.195819, -0.345277, 1.45169, 0.05, -0.344159, -0.112792, 0.170065, 0.400112, 1000.55, 877.156, 10, 2e-20, 3e-20, 2e-20, 2e-20, -1
0.197035, -0.448464, 1.33804, 0.05, -0.143235, 0.0695803, 0.513372, 0.537502, 997.952, -3276.45, 10, 2e-20, 3e-20, 2e-20, 2e-20, -1
0.15772, -0.396726, 1.30832, 0.05, -0.109669, -0.250595, 0.113163, 0.296025, 1008.6, 13752.4, 10, 2e-20, 3e-20, 2e-20, 2e-20, -1
0.233327, -0.427374, 1.42338, 0.05, -0.618833, 0.0800129, 0.0728584, 0.628223, 998.167, -2932.84, 10, 2e-20, 3e-20, 2e-20, 2e-20, -1
0.199501, -0.380649, 1.35512, 0.05, -0.645185, 0.16721, 0.16792, 0.687328, 1003.27, 5227.6, 10, 2e-20, 3e-20, 2e-20, 2e-20, -1
0.178815, -0.365581, 1.22757, 0.05, -0.106548, 0.0910295, 0.131649, 0.192277, 1000.9, 1433.53, 10, 2e-20, 3e-20, 2e-20, 2e-20, -1
0.204104, -0.387148, 1.27442, 0.05, -0.0584263, -0.31802, 0.39933, 0.513824, 999.994, -10.1202, 10, 2e-20, 3e-20, 2e-20, 2e-20, -1
0.186755, -0.356466, 1.28914, 0.05, -0.230436, -0.0312003, 0.271668, 0.3576, 1003.77, 6028.53, 10, 2e-20, 3e-20, 2e-20, 2e-20, -1
0.156592, -0.428738, 1.34808, 0.05, -0.389757, 0.343475, 0.685411, 0.860043, 1002.41, 3853.27, 10, 2e-20, 3e-20, 2e-20, 2e-20, -1
0.134434, -0.431556, 1.44155, 0.05, -0.281439, 0.149439, -0.281692, 0.425312, 997.469, -4050.13, 10, 2e-20, 3e-20, 2e-20, 2e-20, -1
0.225759, -0.33792, 1.21759, 0.05, -0.230409, -0.0977115, 0.190088, 0.314276, 1001.42, 2266.94, 10, 2e-20, 3e-20, 2e-20, 2e-20, -1
0.170077, -0.228254, 1.33876, 0.05, -0.144358, 0.0731266, 0.0270026, 0.164061, 999.808, -306.742, 10, 2e-20, 3e-20, 2e-20, 2e-20, -1
0.211345, -0.257365, 1.20357, 0.05, -0.0869297, 0.0026812, 0.149899, 0.173302, 1001.71, 2729.24, 10, 2e-20, 3e-20, 2e-20, 2e-20, -1
0.173116, -0.265884, 1.31502, 0.05, -0.326155, -0.0647351, 0.270463, 0.428623, 997.776, -3558.76, 10, 2e-20, 3e-20, 2e-20, 2e-20, -1
0.14913, -0.431965, 1.33845, 0.05, -0.155869, -0.252448, 0.539588, 0.615776, 999.53, -751.227, 10, 2e-20, 3e-20, 2e-20, 2e-20, -1
0.122738, -0.249299, 1.35712, 0.05, -0.0537384, 0.121647, 0.329732, 0.355541, 1005.8, 9272.87, 10, 2e-20, 3e-20, 2e-20, 2e-20, -1
0.0527461, -0.474345, 1.45989, 0.05, 0.0574793, -0.102147, -0.0146388, 0.118119, 992.751, -11599, 10, 2e-20, 3e-20, 2e-20, 2e-20, -1
0.187644, -0.4171, 1.40568, 0.05, -0.547976, -0.078836, -0.177936, 0.58151, 992.168, -12531, 10, 2e-20, 3e-20, 2e-20, 2e-20, -1
0.102104, -0.381593, 0.0884884, 0.05, -0.150274, 0.11471, 0.324951, 0.375944, 1012.83, 20523.7, 10, 2e-20, 3e-20, 2e-20, 2e-20, -1
0.134814, -0.447514, 0.121439, 0.05, -0.0151912, 0.268713, -0.24922, 0.366808, 1008.7, 13926.5, 10, 2e-20, 3e-20, 2e-20, 2e-20, -1
0.178665, -0.407493, 0.147985, 0.05, -0.133255, 0.178252, -0.0200687, 0.223458, 999.508, -787.874, 10, 2e-20, 3e-20, 2e-20, 2e-20, -1
0.16114, -0.44919, 0.162257, 0.05, 0.0754515, 0.0462698, -0.13789, 0.163852, 1003.75, 6004.19, 10, 2e-20, 3e-20, 2e-20, 2e-20, -1
0.15165, -0.435618, 0.21124, 0.05, -0.0288692, 0.204878, -0.0377791, 0.210323, 1005.1, 8167.23, 10, 2e-20, 3e-20, 2e-20, 2e-20, -1
0.138917, -0.459792, 0.340027, 0.05, -0.121157, 0.0780426, 0.137734, 0.19935, 1007.76, 12417.1, 10, 2e-20, 3e-20, 2e-20, 2e-20, -1
0.148072, -0.453818, 0.290425, 0.05, 0.0557152, -0.0306012, 0.255389, 0.263181, 1009.9, 15837.6, 10, 2e-20, 3e-20, 2e-20, 2e-20, -1
0.174614, -0.440667, 0.382767, 0.05, 0.0130298, 0.0728042, 0.225393, 0.237218, 1007.91, 12650.6, 10, 2e-20, 3e-20, 2e-20, 2e-20, -1
0.166246, -0.446069, 0.429445, 0.05, -0.100365, 0.0935913, 0.10449, 0.172484, 1005.01, 8014.49, 10, 2e-20, 3e-20, 2e-20, 2e-20, -1
0.205287, -0.397096, 0.399683, 0.05, -0.0307446, -0.040554, 0.0175594, 0.0538348, 1006.68, 10680.8, 10, 2e-20, 3e-20, 2e-20, 2e-20, -1
0.21666, -0.447696, 0.508107, 0.05, -0.00472138, 0.0329696, 0.176737, 0.179848, 1005.91, 9448, 10, 2e-20, 3e-20, 2e-20, 2e-20, -1
0.173801, -0.428378, 0.529251, 0.05, -0.103462, -0.0459831, 0.105773, 0.154941, 1003.74, 5988.57, 10, 2e-20, 3e-20, 2e-20, 2e-20, -1
0.188606, -0.410629, 0.453534, 0.05, -0.14813, 0.00891215, -0.0330942, 0.152043, 997.636, -3782.05, 10, 2e-20, 3e-20, 2e-20, 2e-20, -1
0.229703, -0.380052, 0.440509, 0.05, -0.101072, -0.0833473, -0.0403752, 0.137086, 1001.11, 1781.14, 10, 2e-20, 3e-20, 2e-20, 2e-20, -1
0.155946, -0.399795, 0.490844, 0.05, -0.0200526, -0.0440176, -0.0667405, 0.0824254, 1005.02, 8029.61, 10, 2e-20, 3e-20, 2e-20, 2e-20, -1
0.16726, -0.38116, 0.420873, 0.05, -0.0258296, -0.109279, -0.035795, 0.117857, 1001.9, 3033.32, 10, 2e-20, 3e-20, 2e-20, 2e-20, -1
0.154918, -0.449982, 0.572998, 0.05, -0.0758519, -0.0340501, 0.00973998, 0.0837125, 997.512, -3980.68, 10, 2e-20, 3e-20, 2e-20, 2e-20, -1
0.180652, -0.364502, 0.468008, 0.05, -0.071457, -0.11377, -0.0861935, 0.159622, 1005.86, 9373.66, 10, 2e-20, 3e-20, 2e-20, 2e-20, -1
0.196567, -0.316512, 0.45599, 0.05, -0.0382764, -0.0837078, 0.0334646, 0.0979386, 1003.58, 5725.63, 10, 2e-20, 3e-20, 2e-20, 2e-20, -1
0.182393, -0.399413, 0.561537, 0.05, 0.026704, -0.0397055, 0.0379763, 0.0610887, 1002.18, 3491.2, 10, 2e-20, 3e-20, 2e-20, 2e-20, -1
0.1805, -0.437656, 0.65059, 0.05, 0.0344182, 0.0332504, 0.0177816, 0.0510528, 998.383, -2586.48, 10, 2e-20, 3e-20, 2e-20, 2e-20, -1
0.155481, -0.443309, 0.75987, 0.05, -0.109186, 0.0377231, 0.0880345, 0.14524, 1002.81, 4494.82, 10, 2e-20, 3e-20, 2e-20, 2e-20, -1
0.247973, -0.396001, 0.69334, 0.05, -0.0529959, -0.00953056, 0.0982332, 0.112023, 1005.56, 8891.1, 10, 2e-20, 3e-20, 2e-20, 2e-20, -1
0.216845, -0.432914, 0.887994, 0.05, -0.0207826, -0.117722, 0.113147, 0.164598, 1004.29, 6866.93, 10, 2e-20, 3e-20, 2e-20, 2e-20, -1
0.160613, -0.450466, 0.970877, 0.05, -0.0085046, 0.0229602, 0.239526, 0.240774, 1002.04, 3257.54, 10, 2e-20, 3e-20, 2e-20, 2e-20, -1
0.182252, -0.444443, 0.917568, 0.05, 0.016044, -0.100523, 0.140024, 0.173115, 1002.56, 4095.89, 10, 2e-20, 3e-20, 2e-20, 2e-20, -1
0.152127, -0.444999, 0.8762, 0.05, -0.0594685, 0.0374459, 0.111043, 0.131413, 1003.01, 4820.53, 10, 2e-20, 3e-20, 2e-20, 2e-20, -1
0.193502, -0.30756, 0.726239, 0.05, -0.105544, 0.052976, 0.0933071, 0.150506, 1007.22, 11553.4, 10, 2e-20, 3e-20, 2e-20, 2e-20, -1
0.17426, -0.410126, 0.86266, 0.05, -0.20843, -0.0148088, 0.0445988, 0.213662, 1002.94, 4711.65, 10, 2e-20, 3e-20, 2e-20, 2e-20, -1
0.172059, -0.432216, 1.00894, 0.05, -0.174639, -0.143162, 0.207231, 0.306495, 998.198, -2882.89, 10, 2e-20, 3e-20, 2e-20, 2e-20, -1
0.194683, -0.398378, 1.03628, 0.05, -0.119847, 0.0509268, 0.159004, 0.205522, 1005.55, 8872.66, 10, 2e-20, 3e-20, 2e-20, 2e-20, -1
0.169413, -0.391702, 0.934689, 0.05, -0.155706, -0.00269473, 0.0427897, 0.161501, 1004.64, 7424.28, 10, 2e-20, 3e-20, 2e-20, 2e-20, -1
0.216184, -0.344026, 0.797586, 0.05, -0.0352798, -0.015141, 0.0236561, 0.0450946, 1004.48, 7164.48, 10, 2e-20, 3e-20, 2e-20, 2e-20, -1
0.190312, -0.372312, 0.915561, 0.05, -0.0257304, -0.101023, 0.0815396, 0.132349, 1002.01, 3221.62, 10, 2e-20, 3e-20, 2e-20, 2e-20, -1
0.162152, -0.351317, 1.00587, 0.05, 0.01334, 0.0218742, 0.12039, 0.123086, 998.131, -2990.85, 10, 2e-20, 3e-20, 2e-20, 2e-20, -1
0.233955, -0.387039, 1.058, 0.05, -0.111883, -0.163478, 0.180318, 0.267875, 1002.65, 4235.31, 10, 2e-20, 3e-20, 2e-20, 2e-20, -1
0.264481, -0.370891, 1.00357, 0.05, -0.0551635, -0.103455, 0.00798957, 0.117515, 1004.22, 6759.02, 10, 2e-20, 3e-20, 2e-20, 2e-20, -1
0.196056, -0.349331, 1.0467, 0.05, -0.090926, -0.0509391, 0.0954841, 0.141349, 1004.29, 6870.34, 10, 2e-20, 3e-20, 2e-20, 2e-20, -1
0.216143, -0.417665, 1.26964, 0.05, -0.0646536, 0.0747522, 0.248699, 0.267618, 997.364, -4218.36, 10, 2e-20, 3e-20, 2e-20, 2e-20, -1
0.199778, -0.368185, 1.16906, 0.05, -0.197877, -0.00936145, 0.154255, 0.251073, 1005.32, 8514.77, 10, 2e-20, 3e-20, 2e-20, 2e-20, -1
0.166789, -0.361296, 1.09335, 0.05, -0.0980939, -0.0759284, 0.225586, 0.257442, 1004.14, 6617.95, 10, 2e-20, 3e-20, 2e-20, 2e-20, -1
0.156132, -0.384536, 1.17122, 0.05, -0.000189476, -0.0518656, 0.244848, 0.250281, 1005.69, 9111.67, 10, 2e-20, 3e-20, 2e-20, 2e-20, -1
0.136865, -0.363099, 1.27051, 0.05, -0.0752499, 0.0756576, 0.131806, 0.169586, 998.595, -2248.48, 10, 2e-20, 3e-20, 2e-20, 2e-20, -1
0.131822, -0.383827, 1.36627, 0.05, -0.126127, 0.528098, 0.503039, 0.740165, 1004.81, 7699.71, 10, 2e-20, 3e-20, 2e-20, 2e-20, -1
0.178838, -0.338346, 1.33936, 0.05, -0.43096, -0.375758, 0.357601, 0.674387, 998.637, -2180.82, 10, 2e-20, 3e-20, 2e-20, 2e-20, -1
0.148647, -0.279032, 1.16561, 0.05, -0.150709, -0.0041573, 0.317674, 0.351635, 1002.17, 3469.17, 10, 2e-20, 3e-20, 2e-20, 2e-20, -1
0.179695, -0.314457, 1.30166, 0.05, -0.235984, 0.186442, 0.231842, 0.379736, 999.754, -393.41, 10, 2e-20, 3e-20, 2e-20, 2e-20, -1
0.161714, -0.304375, 1.26582, 0.05, -0.0141577, -0.0350231, 0.14063, 0.145616, 995.119, -7809.51, 10, 2e-20, 3e-20, 2e-20, 2e-20, -1
0.119659, -0.282183, 1.25325, 0.05, 0.0210019, 0.165612, 0.129792, 0.211458, 999.209, -1266.13, 10, 2e-20, 3e-20, 2e-20, 2e-20, -1
0.139626, -0.266311, 1.29668, 0.05, -0.22311, 0.0725761, 0.06299, 0.242926, 997.995, -3207.38, 10, 2e-20, 3e-20, 2e-20, 2e-20, -1
0.143479, -0.403583, 1.48802, 0.05, -0.0418314, -0.274115, 0.0403878, 0.280214, 1015.13, 24209.4, 10, 2e-20, 3e-20, 2e-20, 2e-20, -1
0.136708, -0.393606, 0.0498518, 0.05, -0.238049, -0.0149712, -0.152436, 0.283069, 1008.22, 13146.1, 10, 2e-20, 3e-20, 2e-20, 2e-20, -1
0.160252, -0.426179, 0.0937051, 0.05, -0.113684, 0.112348, 0.109968, 0.194008, 1001.86, 2981.71, 10, 2e-20, 3e-20, 2e-20, 2e-20, -1
0.229416, -0.41032, 0.123441, 0.05, -0.0267826, 0.112021, 0.104105, 0.155255, 1007.92, 12676.7, 10, 2e-20, 3e-20, 2e-20, 2e-20, -1
0.216217, -0.403707, 0.180693, 0.05, -0.132471, -0.017477, -0.0643145, 0.148291, 1003.03, 4845.34, 10, 2e-20, 3e-20, 2e-20, 2e-20, -1
0.186651, -0.438141, 0.248068, 0.05, -0.0311631, -0.228875, 0.147305, 0.273959, 1003.33, 5327.13, 10, 2e-20, 3e-20, 2e-20, 2e-20, -1
0.217193, -0.349269, 0.200086, 0.05, -0.195932, -0.0156171, -0.115367, 0.22791, 1008.55, 13678.3, 10, 2e-20, 3e-20, 2e-20, 2e-20, -1
0.159622, -0.345128, 0.213915, 0.05, -0.104603, -0.0127022, 0.0263608, 0.108619, 1001.5, 2397.33, 10, 2e-20, 3e-20, 2e-20, 2e-20, -1
0.164113, -0.405631, 0.277244, 0.05, -0.032248, -0.0893121, 0.0293299, 0.0993822, 1011.38, 18206, 10, 2e-20, 3e-20, 2e-20, 2e-20, -1
0.135856, -0.417174, 0.33842, 0.05, 0.00827798, 0.000739673, 0.070897, 0.0713825, 1008.73, 13961, 10, 2e-20, 3e-20, 2e-20, 2e-20, -1
0.211911, -0.392568, 0.291274, 0.05, 0.0319387, 0.0731259, 0.149165, 0.169168, 998.181, -2910.43, 10, 2e-20, 3e-20, 2e-20, 2e-20, -1
0.168247, -0.379424, 0.326374, 0.05, -0.0108966, 0.142601, 0.069945, 0.159204, 1007.68, 12295.1, 10, 2e-20, 3e-20, 2e-20, 2e-20, -1
0.160946, -0.387172, 0.37532, 0.05, -0.0427974, 0.0864721, 0.0844054, 0.128192, 1008.08, 12922.4, 10, 2e-20, 3e-20, 2e-20, 2e-20, -1
0.203395, -0.345738, 0.31582, 0.05, -0.0841662, -0.0239318, -0.156692, 0.179469, 1002.2, 3525.75, 10, 2e-20, 3e-20, 2e-20, 2e-20, -1
0.168522, -0.336712, 0.358608, 0.05, -0.120785, -0.154448, 0.000210296, 0.196069, 1005.82, 9305.12, 10, 2e-20, 3e-20, 2e-20, 2e-20, -1
0.22262, -0.351368, 0.370109, 0.05, -0.122179, 0.0637712, -0.0597998, 0.150235, 1003.22, 5150.57, 10, 2e-20, 3e-20, 2e-20, 2e-20, -1
0.249712, -0.308501, 0.37725, 0.05, 0.003299, 0.0536733, -0.171536, 0.179768, 1006.76, 10813.8, 10, 2e-20, 3e-20, 2e-20, 2e-20, -1
0.188006, -0.3391, 0.406068, 0.05, -0.124109, -0.116447, -0.0966801, 0.19573, 1007.16, 11461.7, 10, 2e-20, 3e-20, 2e-20, 2e-20, -1
0.212552, -0.291992, 0.411498, 0.05, 0.10133, 0.117597, 0.0101245, 0.155561, 1007.42, 11876.6, 10, 2e-20, 3e-20, 2e-20, 2e-20, -1
0.136765, -0.284001, 0.437467, 0.05, -0.0284252, -0.021821, -0.0543426, 0.0650943, 1006.03, 9640.87, 10, 2e-20, 3e-20, 2e-20, 2e-20, -1
0.239076, -0.286562, 0.458792, 0.05, -0.0619601, -0.00780575, -0.021806, 0.0661475, 1002.76, 4411.24, 10, 2e-20, 3e-20, 2e-20, 2e-20, -1
0.199879, -0.325748, 0.51419, 0.05, 0.0749521, 0.0763094, 0.0520273, 0.118944, 1007.36, 11771.9, 10, 2e-20, 3e-20, 2e-20, 2e-20, -1
0.212089, -0.394571, 0.606305, 0.05, -0.0211188, 0.0831559, 0.135689, 0.160538, 1007.05, 11276.8, 10, 2e-20, 3e-20, 2e-20, 2e-20, -1
0.25539, -0.365798, 0.603025, 0.05, -0.0714545, 0.0433186, 0.0498549, 0.0973024, 1008.52, 13638.6, 10, 2e-20, 3e-20, 2e-20, 2e-20, -1
0.198596, -0.348568, 0.621494, 0.05, -0.0053292, -0.0785425, 0.068204, 0.104159, 1007.78, 12441.3, 10, 2e-20, 3e-20, 2e-20, 2e-20, -1
0.210778, -0.406602, 0.716102, 0.05, -0.012266, -0.00359347, 0.121168, 0.12184, 1006.78, 10847.5, 10, 2e-20, 3e-20, 2e-20, 2e-20, -1
0.198495, -0.430827, 0.833566, 0.05, -0.00793979, 0.00212468, 0.131504, 0.131761, 1001.5, 2404.38, 10, 2e-20, 3e-20, 2e-20, 2e-20, -1
0.199815, -0.339689, 0.684928, 0.05, -0.107348, -0.0827132, 0.0186812, 0.136799, 1002.62, 4188.63, 10, 2e-20, 3e-20, 2e-20, 2e-20, -1
0.146581, -0.397153, 0.800618, 0.05, -0.0900772, 0.0494754, 0.149809, 0.181672, 1004.02, 6426.69, 10, 2e-20, 3e-20, 2e-20, 2e-20, -1
0.240721, -0.293428, 0.710914, 0.05, -0.0365195, -0.0678209, 0.053307, 0.0936749, 1007.56, 12098.3, 10, 2e-20, 3e-20, 2e-20, 2e-20, -1
0.155415, -0.341112, 0.734012, 0.05, -0.0471416, -0.00127181, -0.0322588, 0.0571364, 1002.77, 4428.05, 10, 2e-20, 3e-20, 2e-20, 2e-20, -1
0.199633, -0.284156, 0.775384, 0.05, 0.00174191, -0.0172226, 0.0062321, 0.0183981, 1005.99, 9578.94, 10, 2e-20, 3e-20, 2e-20, 2e-20, -1
0.20843, -0.247646, 0.739811, 0.05, -0.12076, -0.0116081, 0.0597684, 0.13524, 1005.51, 8816.21, 10, 2e-20, 3e-20, 2e-20, 2e-20, -1
0.218608, -0.187848, 0.712039, 0.05, 0.0206925, -0.00542, 0.0515568, 0.055818, 1003.63, 5814.83, 10, 2e-20, 3e-20, 2e-20, 2e-20, -1
0.242342, -0.216568, 0.770971, 0.05, -0.122643, -0.0265283, 0.0812083, 0.149466, 1002.51, 4017.76, 10, 2e-20, 3e-20, 2e-20, 2e-20, -1
0.248247, -0.238872, 0.829638, 0.05, 0.0127078, -0.0249249, -0.00906006, 0.0294079, 1002.36, 3776.68, 10, 2e-20, 3e-20, 2e-20, 2e-20, -1
0.203901, -0.313241, 0.84074, 0.05, -0.0446923, -0.0855574, 0.0865498, 0.129647, 1002.29, 3657.22, 10, 2e-20, 3e-20, 2e-20, 2e-20, -1
0.213343, -0.361804, 0.99646, 0.05, -0.0103759, 0.0900911, 0.0727556, 0.116265, 1002.81, 4496.37, 10, 2e-20, 3e-20, 2e-20, 2e-20, -1
0.188166, -0.335864, 0.897935, 0.05, 0.00915359, 0.0898907, 0.0354241, 0.0970515, 1001.66, 2656.58, 10, 2e-20, 3e-20, 2e-20, 2e-20, -1
0.228151, -0.329243, 0.947744, 0.05, -0.147203, -0.121614, 0.0676953, 0.202587, 1008.55, 13682.3, 10, 2e-20, 3e-20, 2e-20, 2e-20, -1
0.153778, -0.322461, 1.04083, 0.05, -0.034283, 0.0730146, 0.0865345, 0.118299, 1003.88, 6203.76, 10, 2e-20, 3e-20, 2e-20, 2e-20, -1
0.212997, -0.219596, 0.968788, 0.05, -0.021517, -0.0632783, 0.14244, 0.157341, 1007.72, 12345.4, 10, 2e-20, 3e-20, 2e-20, 2e-20, -1
0.114215, -0.249752, 1.04825, 0.05, 0.0123777, -0.0153611, 0.154115, 0.155373, 1003.5, 5606.26, 10, 2e-20, 3e-20, 2e-20, 2e-20, -1
0.12924, -0.319473, 1.08467, 0.05, -0.131045, -0.0416323, 0.278088, 0.310224, 1003.8, 6086.94, 10, 2e-20, 3e-20, 2e-20, 2e-20, -1
0.108502, -0.276371, 1.09257, 0.05, -0.0645713, -0.0302882, 0.105652, 0.127472, 1003.4, 5435.93, 10, 2e-20, 3e-20, 2e-20, 2e-20, -1
0.155779, -0.274671, 1.1141, 0.05, -0.150233, 0.0104025, 0.0639857, 0.163623, 998.233, -2826.96, 10, 2e-20, 3e-20, 2e-20, 2e-20, -1
0.181366, -0.320973, 1.22295, 0.05, -0.21553, -0.121659, 0.15001, 0.289409, 1003.95, 6315.2, 10, 2e-20, 3e-20, 2e-20, 2e-20, -1
0.148269, -0.223149, 1.1543, 0.05, -0.0366397, 0.0223832, 0.12196, 0.129297, 1003.64, 5825.07, 10, 2e-20, 3e-20, 2e-20, 2e-20, -1
0.147701, -0.27087, 1.21274, 0.05, -0.0533917, -0.039555, -0.0388564, 0.0769747, 999.205, -1272.31, 10, 2e-20, 3e-20, 2e-20, 2e-20, -1
0.104973, -0.240583, 1.21527, 0.05, -0.116402, -0.153694, 0.158535, 0.249609, 1001.05, 1684.34, 10, 2e-20, 3e-20, 2e-20, 2e-20, -1
0.13986, -0.238083, 1.28866, 0.05, -0.135128, -0.0507462, 0.156151, 0.212645, 998.193, -2890.67, 10, 2e-20, 3e-20, 2e-20, 2e-20, -1
0.0893824, -0.326321, 1.48871, 0.05, 0.017456, 0.0209488, 0.0799813, 0.0845019, 991.794, -13128.9, 10, 2e-20, 3e-20, 2e-20, 2e-20, -1
0.14545, -0.342077, 0.0511136, 0.05, -0.270188, 0.140142, 0.073835, 0.313198, 1003.07, 4906.66, 10, 2e-20, 3e-20, 2e-20, 2e-20, -1
0.176641, -0.292292, 0.0492796, 0.05, -0.3902, -0.145962, 0.132395, 0.437138, 1010.48, 16766.6, 10, 2e-20, 3e-20, 2e-20, 2e-20, -1
0.168015, -0.377514, 0.090706, 0.05, -0.0848844, 0.0596111, 0.000134837, 0.103725, 1010.17, 16267.2, 10, 2e-20, 3e-20, 2e-20, 2e-20, -1
0.156974, -0.318137, 0.131782, 0.05, -0.0249053, -0.257709, 0.311488, 0.405042, 1012.24, 19590.7, 10, 2e-20, 3e-20, 2e-20, 2e-20, -1
0.174698, -0.360233, 0.163256, 0.05, -0.078467, -0.000535894, 0.0625992, 0.100379, 1005.31, 8498.36, 10, 2e-20, 3e-20, 2e-20, 2e-20, -1
0.151765, -0.277045, 0.170315, 0.05, -0.0355037, -0.00284009, -0.070656, 0.0791255, 1008.27, 13228.1, 10, 2e-20, 3e-20, 2e-20, 2e-20, -1
0.14669, -0.229592, 0.199284, 0.05, 0.074054, -0.30232, -0.00317686, 0.311274, 1003.01, 4812.56, 10, 2e-20, 3e-20, 2e-20, 2e-20, -1
0.175455, -0.298293, 0.212793, 0.05, -0.245756, 0.0117605, 0.122461, 0.274829, 1009.43, 15093, 10, 2e-20, 3e-20, 2e-20, 2e-20, -1
0.193551, -0.370198, 0.241064, 0.05, -0.219473, 0.0912197, -0.144856, 0.278339, 1007.52, 12026.5, 10, 2e-20, 3e-20, 2e-20, 2e-20, -1
0.16554, -0.263436, 0.243253, 0.05, -0.0876468, 0.0792197, 0.121192, 0.169249, 1008.35, 13365, 10, 2e-20, 3e-20, 2e-20, 2e-20, -1
0.184667, -0.315693, 0.255967, 0.05, -0.129339, -0.0524937, -0.0250027, 0.141807, 1005.43, 8681.92, 10, 2e-20, 3e-20, 2e-20, 2e-20, -1
0.205588, -0.233699, 0.258937, 0.05, -0.00097684, 0.00173931, -0.192164, 0.192174, 1005.9, 9444.66, 10, 2e-20, 3e-20, 2e-20, 2e-20, -1
0.224548, -0.311841, 0.285012, 0.05, -0.022761, -0.0638569, 0.0533157, 0.0862458, 1002.1, 3354.56, 10, 2e-20, 3e-20, 2e-20, 2e-20, -1
0.194268, -0.270184, 0.287376, 0.05, 0.0953179, -0.0254305, -0.0368466, 0.105309, 1004.38, 7009.6, 10, 2e-20, 3e-20, 2e-20, 2e-20, -1
0.201655, -0.303044, 0.340407, 0.05, 0.0868421, -0.0221541, -0.0516506, 0.103441, 1003.74, 5977.61, 10, 2e-20, 3e-20, 2e-20, 2e-20, -1
0.187637, -0.255668, 0.335108, 0.05, 0.0592768, 0.119576, 0.0565988, 0.144967, 1008.04, 12861.6, 10, 2e-20, 3e-20, 2e-20, 2e-20, -1
0.225156, -0.271202, 0.369435, 0.05, 0.082866, 0.128976, 0.0520849, 0.161909, 1004.17, 6679.21, 10, 2e-20, 3e-20, 2e-20, 2e-20, -1
0.196854, -0.23125, 0.379839, 0.05, 0.170417, -0.0470492, -0.036243, 0.180469, 1004.65, 7447.25, 10, 2e-20, 3e-20, 2e-20, 2e-20, -1
0.168685, -0.25676, 0.41766, 0.05, -0.0194022, 0.0486461, 0.115163, 0.126512, 1007.88, 12602.8, 10, 2e-20, 3e-20, 2e-20, 2e-20, -1
0.192615, -0.285756, 0.533339, 0.05, 0.0831497, -0.0921462, 0.0235079, 0.126323, 1008.42, 13471.2, 10, 2e-20, 3e-20, 2e-20, 2e-20, -1
0.172972, -0.345772, 0.573983, 0.05, -0.0499455, 0.00788418, 0.0809822, 0.0954716, 1005.11, 8177.02, 10, 2e-20, 3e-20, 2e-20, 2e-20, -1
0.176954, -0.299142, 0.59609, 0.05, -0.00218818, 0.00937965, 0.167438, 0.167715, 1007.52, 12024.6, 10, 2e-20, 3e-20, 2e-20, 2e-20, -1
0.22859, -0.260966, 0.496902, 0.05, -0.0516778, 0.021133, 0.0611495, 0.0828038, 1004.02, 6424.58, 10, 2e-20, 3e-20, 2e-20, 2e-20, -1
0.21385, -0.227663, 0.544157, 0.05, 0.0776932, 0.00202094, -0.0621693, 0.0995256, 1003.02, 4839.33, 10, 2e-20, 3e-20, 2e-20, 2e-20, -1
0.219892, -0.263631, 0.58462, 0.05, 0.00226084, 0.0639238, 0.121014, 0.136878, 1008.11, 12970, 10, 2e-20, 3e-20, 2e-20, 2e-20, -1
0.1681, -0.371286, 0.667369, 0.05, -0.0558828, 0.0148692, -0.00204381, 0.0578633, 1004.51, 7220.16, 10, 2e-20, 3e-20, 2e-20, 2e-20, -1
0.155231, -0.315898, 0.644658, 0.05, -0.00070092, -0.0309157, 0.107176, 0.111548, 1003.36, 5369.74, 10, 2e-20, 3e-20, 2e-20, 2e-20, -1
0.192452, -0.223104, 0.592162, 0.05, 0.0900546, -0.0513302, 0.142963, 0.176587, 1002, 3195.87, 10, 2e-20, 3e-20, 2e-20, 2e-20, -1
0.176439, -0.293336, 0.677992, 0.05, -0.111962, -0.0476159, 0.0652514, 0.138059, 1005.99, 9580.35, 10, 2e-20, 3e-20, 2e-20, 2e-20, -1
0.175446, -0.238096, 0.678083, 0.05, -0.0483078, -0.135065, -0.0451925, 0.150395, 1007.86, 12570.5, 10, 2e-20, 3e-20, 2e-20, 2e-20, -1
0.218566, -0.247874, 0.70365, 0.05, -0.0410399, 0.0606635, 0.0852399, 0.112384, 1002.45, 3924.32, 10, 2e-20, 3e-20, 2e-20, 2e-20, -1
0.209063, -0.160876, 0.662409, 0.05, 0.0164211, 0.00176334, 0.115414, 0.11659, 1002.22, 3548.39, 10, 2e-20, 3e-20, 2e-20, 2e-20, -1
0.22704, -0.160362, 0.753051, 0.05, -0.0608495, -0.0285141, -0.042176, 0.0793381, 1003.58, 5733.51, 10, 2e-20, 3e-20, 2e-20, 2e-20, -1
0.239224, -0.105839, 0.749045, 0.05, -0.0698848, -0.018245, -0.0649749, 0.0971519, 1001.75, 2799.71, 10, 2e-20, 3e-20, 2e-20, 2e-20, -1
0.189049, -0.201974, 0.74843, 0.05, 0.0605647, 0.00427178, -0.123343, 0.137476, 1004.23, 6766.43, 10, 2e-20, 3e-20, 2e-20, 2e-20, -1
0.270598, -0.179734, 0.734842, 0.05, -0.126797, 0.0346085, -0.0769555, 0.152307, 1005.36, 8573.4, 10, 2e-20, 3e-20, 2e-20, 2e-20, -1
0.234968, -0.248158, 0.877142, 0.05, 0.0275324, -0.136195, 0.110407, 0.177474, 1005.99, 9590.81, 10, 2e-20, 3e-20, 2e-20, 2e-20, -1
0.222218, -0.291656, 0.91282, 0.05, -0.0589569, -0.0479447, 0.114253, 0.137216, 1003.99, 6381.67, 10, 2e-20, 3e-20, 2e-20, 2e-20, -1
0.230888, -0.199906, 0.888443, 0.05, -0.0443226, -0.014369, 0.00161635, 0.0466215, 1002.35, 3753.64, 10, 2e-20, 3e-20, 2e-20, 2e-20, -1
0.188471, -0.308535, 1.00495, 0.05, -0.105843, 0.0304944, 0.0381618, 0.116572, 1001.12, 1797.86, 10, 2e-20, 3e-20, 2e-20, 2e-20, -1
0.208067, -0.244973, 0.927771, 0.05, -0.0169007, -0.18069, 0.0815809, 0.198973, 998.312, -2700.48, 10, 2e-20, 3e-20, 2e-20, 2e-20, -1
0.202816, -0.179747, 0.92469, 0.05, -0.0838716, 0.106592, 0.014805, 0.136438, 1001.32, 2105.51, 10, 2e-20, 3e-20, 2e-20, 2e-20, -1
0.1705, -0.183685, 1.01381, 0.05, -0.0514157, -0.0578822, 0.0780555, 0.109939, 1001.79, 2866.47, 10, 2e-20, 3e-20, 2e-20, 2e-20, -1
0.164332, -0.230406, 1.04179, 0.05, -0.0227184, -0.120783, 0.161534, 0.202973, 1003.91, 6259.9, 10, 2e-20, 3e-20, 2e-20, 2e-20, -1
0.0776473, -0.175413, 1.14073, 0.05, -0.0402835, -0.0565669, 0.131293, 0.148528, 1004.73, 7574, 10, 2e-20, 3e-20, 2e-20, 2e-20, -1
0.16084, -0.225536, 1.09061, 0.05, -0.116021, -0.0555982, 0.117499, 0.174236, 1004.32, 6907.71, 10, 2e-20, 3e-20, 2e-20, 2e-20, -1
0.124224, -0.209431, 1.05109, 0.05, -0.0523675, -0.116314, 0.0737278, 0.147333, 1003.06, 4891.47, 10, 2e-20, 3e-20, 2e-20, 2e-20, -1
0.122104, -0.176155, 1.15821, 0.05, -0.0218138, 0.055671, 0.0604181, 0.0850026, 1003.57, 5713.65, 10, 2e-20, 3e-20, 2e-20, 2e-20, -1
0.0847359, -0.180983, 1.20687, 0.05, -0.32246, -0.00587012, 0.152033, 0.356552, 1007.55, 12075.3, 10, 2e-20, 3e-20, 2e-20, 2e-20, -1
0.102871, -0.191571, 1.29273, 0.05, -0.133841, 0.133475, 0.226412, 0.294943, 1002.31, 3690.41, 10, 2e-20, 3e-20, 2e-20, 2e-20, -1
0.0582438, -0.261182, 1.41562, 0.05, -0.0946221, -0.0603541, 0.196823, 0.226573, 1001.33, 2130.6, 10, 2e-20, 3e-20, 2e-20, 2e-20, -1
0.135784, -0.259391, 0.049747, 0.05, -0.173367, -0.157234, 0.0394861, 0.237356, 1009.53, 15254.9, 10, 2e-20, 3e-20, 2e-20, 2e-20, -1
0.128775, -0.340251, 0.0942342, 0.05, 0.197034, -0.0201349, -0.0703756, 0.210192, 1008.05, 12882.8, 10, 2e-20, 3e-20, 2e-20, 2e-20, -1
0.182798, -0.319697, 0.0985132, 0.05, 0.109276, -0.180351, -0.18774, 0.282337, 1008.98, 14375.5, 10, 2e-20, 3e-20, 2e-20, 2e-20, -1
0.171902, -0.2346, 0.0650769, 0.05, -0.088471, 0.235217, -0.121395, 0.279089, 1004.35, 6961.72, 10, 2e-20, 3e-20, 2e-20, 2e-20, -1
0.227883, -0.287935, 0.116342, 0.05, 0.0299038, -0.18021, 0.193143, 0.265846, 1007.79, 12459.5, 10, 2e-20, 3e-20, 2e-20, 2e-20, -1
0.183787, -0.229769, 0.168739, 0.05, -0.0296565, -0.118045, 0.100008, 0.15753, 1009.45, 15123, 10, 2e-20, 3e-20, 2e-20, 2e-20, -1
0.199263, -0.176092, 0.195428, 0.05, 0.0428178, -0.0594979, -0.0737393, 0.103975, 1000.61, 978.726, 10, 2e-20, 3e-20, 2e-20, 2e-20, -1
0.14197, -0.128192, 0.147991, 0.05, 0.00832062, 0.117492, 0.00439534, 0.117868, 1002.41, 3862.14, 10, 2e-20, 3e-20, 2e-20, 2e-20, -1
0.200152, -0.121664, 0.201535, 0.05, -0.105066, 0.176402, -0.0258944, 0.206947, 1002.74, 4383.74, 10, 2e-20, 3e-20, 2e-20, 2e-20, -1
0.155233, -0.0972109, 0.198187, 0.05, 0.251632, -0.170935, 0.0543837, 0.309023, 1001.85, 2963.75, 10, 2e-20, 3e-20, 2e-20, 2e-20, -1
0.204893, -0.249967, 0.20798, 0.05, -0.151065, 0.0996066, 0.0446083, 0.186365, 1014.25, 22807.8, 10, 2e-20, 3e-20, 2e-20, 2e-20, -1
0.234278, -0.190329, 0.227968, 0.05, 0.0310193, -0.0168928, 0.0466436, 0.058508, 1008.74, 13991.7, 10, 2e-20, 3e-20, 2e-20, 2e-20, -1
0.243304, -0.207617, 0.2768, 0.05, -0.000137498, -0.0388893, -0.02343, 0.0454022, 1010.19, 16297, 10, 2e-20, 3e-20, 2e-20, 2e-20, -1
0.23348, -0.252683, 0.308119, 0.05, 0.0578645, 0.0610224, 0.03369, 0.0905928, 1009.51, 15216.8, 10, 2e-20, 3e-20, 2e-20, 2e-20, -1
0.143251, -0.153862, 0.345617, 0.05, 0.075565, -0.149485, -0.0559894, 0.176609, 999.873, -203.995, 10, 2e-20, 3e-20, 2e-20, 2e-20, -1
0.187904, -0.18423, 0.372242, 0.05, -0.184347, 0.0793453, 0.00891337, 0.200895, 1003.85, 6166.09, 10, 2e-20, 3e-20, 2e-20, 2e-20, -1
0.151562, -0.161299, 0.392093, 0.05, -0.015563, -0.101747, -0.0364775, 0.109203, 1004.08, 6530.41, 10, 2e-20, 3e-20, 2e-20, 2e-20, -1
0.164642, -0.210243, 0.407763, 0.05, -0.0933093, 0.0636575, -0.0122885, 0.113622, 1006.19, 9899.42, 10, 2e-20, 3e-20, 2e-20, 2e-20, -1
0.119786, -0.239253, 0.409794, 0.05, -0.269331, 0.00265457, -0.0308995, 0.27111, 1010.66, 17056.9, 10, 2e-20, 3e-20, 2e-20, 2e-20, -1
0.196332, -0.223868, 0.452695, 0.05, 0.0711825, 0.0250443, 0.120627, 0.142285, 1007.01, 11209, 10, 2e-20, 3e-20, 2e-20, 2e-20, -1
0.189026, -0.26927, 0.463932, 0.05, 0.0941797, 0.182853, -0.0857448, 0.222839, 1004.25, 6803.34, 10, 2e-20, 3e-20, 2e-20, 2e-20, -1
0.18245, -0.241911, 0.503155, 0.05, 0.139132, 0.00546014, -0.0354218, 0.143674, 1002.81, 4488.63, 10, 2e-20, 3e-20, 2e-20, 2e-20, -1
0.164599, -0.250927, 0.55825, 0.05, 0.0371051, -0.013844, 0.0227354, 0.0456655, 1005.63, 9012.92, 10, 2e-20, 3e-20, 2e-20, 2e-20, -1
0.212833, -0.181696, 0.56771, 0.05, -0.0313786, -0.0414083, 0.00854561, 0.0526526, 1000.71, 1128.93, 10, 2e-20, 3e-20, 2e-20, 2e-20, -1
0.246531, -0.137571, 0.53772, 0.05, 0.0126903, -0.122023, -0.191914, 0.227776, 996.877, -4996.63, 10, 2e-20, 3e-20, 2e-20, 2e-20, -1
0.153009, -0.189788, 0.562903, 0.05, 0.0319509, -0.0314463, 0.0190191, 0.0486976, 1003.94, 6297.43, 10, 2e-20, 3e-20, 2e-20, 2e-20, -1
0.212782, -0.140574, 0.602593, 0.05, -0.0129371, -0.0910421, 0.108166, 0.141972, 998.033, -3146.85, 10, 2e-20, 3e-20, 2e-20, 2e-20, -1
0.212667, -0.188121, 0.622297, 0.05, 0.005683, -0.159677, -0.0651572, 0.172553, 1004.66, 7454.19, 10, 2e-20, 3e-20, 2e-20, 2e-20, -1
0.184247, -0.25932, 0.629147, 0.05, 0.00390466, 0.0450921, 0.0226356, 0.0506054, 1003.71, 5936.03, 10, 2e-20, 3e-20, 2e-20, 2e-20, -1
0.219966, -0.21491, 0.664833, 0.05, 0.0491039, 0.00293753, 0.103995, 0.115042, 1004.61, 7374.81, 10, 2e-20, 3e-20, 2e-20, 2e-20, -1
0.171909, -0.186729, 0.692711, 0.05, -0.0356872, 0.0618893, 0.067291, 0.0981425, 1002.89, 4623.65, 10, 2e-20, 3e-20, 2e-20, 2e-20, -1
0.197937, -0.0800615, 0.691642, 0.05, -0.00763733, -0.0869036, -0.0212719, 0.0897945, 1007.56, 12102.1, 10, 2e-20, 3e-20, 2e-20, 2e-20, -1
0.295974, -0.0916295, 0.723, 0.05, -0.00877229, -0.00580565, -0.0167441, 0.0197743, 1003.9, 6240.71, 10, 2e-20, 3e-20, 2e-20, 2e-20, -1
0.292563, -0.10346, 0.786743, 0.05, -0.0434154, -0.0831233, 0.0540199, 0.108224, 1001.59, 2540.92, 10, 2e-20, 3e-20, 2e-20, 2e-20, -1
0.268436, -0.176109, 0.790056, 0.05, -0.0606418, 0.0492127, 0.103272, 0.129478, 1004.87, 7791.51, 10, 2e-20, 3e-20, 2e-20, 2e-20, -1
0.298224, -0.149835, 0.813157, 0.05, -0.0878055, -0.0725818, -0.0411341, 0.12112, 1003.19, 5103.54, 10, 2e-20, 3e-20, 2e-20, 2e-20, -1
0.218974, -0.186677, 0.803052, 0.05, -0.0375944, -0.0180712, 0.0145153, 0.0441656, 1005.59, 8951.66, 10, 2e-20, 3e-20, 2e-20, 2e-20, -1
0.247077, -0.186438, 0.841438, 0.05, -0.132022, -0.0338006, -0.00426701, 0.136347, 1005.41, 8662.06, 10, 2e-20, 3e-20, 2e-20, 2e-20, -1
0.23358, -0.143615, 0.861944, 0.05, -0.0120336, -0.0126468, 0.0863139, 0.0880616, 1003.03, 4841.98, 10, 2e-20, 3e-20, 2e-20, 2e-20, -1
0.21954, -0.128803, 0.907726, 0.05, -0.0541736, -0.0819184, 0.0436408, 0.107471, 1007.05, 11277.8, 10, 2e-20, 3e-20, 2e-20, 2e-20, -1
0.19296, -0.0924958, 0.945632, 0.05, 0.078365, -0.0988898, -0.114975, 0.170703, 1008.42, 13476, 10, 2e-20, 3e-20, 2e-20, 2e-20, -1
0.266166, -0.111658, 0.928229, 0.05, -0.081093, 0.0295777, 0.0236757, 0.0895067, 1003.59, 5746.15, 10, 2e-20, 3e-20, 2e-20, 2e-20, -1
0.228512, -0.110188, 0.969144, 0.05, -0.0364942, -0.078933, 0.000544064, 0.0869629, 999.041, -1533.68, 10, 2e-20, 3e-20, 2e-20, 2e-20, -1
0.216283, -0.201555, 1.01612, 0.05, 0.00841923, -0.0553907, 0.0709404, 0.0903967, 999.115, -1416.79, 10, 2e-20, 3e-20, 2e-20, 2e-20, -1
0.160944, -0.102614, 1.08237, 0.05, 0.0108396, -0.00567207, -0.00364218, 0.0127646, 1004.37, 6994.48, 10, 2e-20, 3e-20, 2e-20, 2e-20, -1
0.123566, -0.0743853, 1.12078, 0.05, -0.0780915, -0.0197232, 0.072391, 0.108295, 1004.89, 7822.71, 10, 2e-20, 3e-20, 2e-20, 2e-20, -1
0.0941325, -0.126896, 1.14265, 0.05, -0.170606, 0.025849, 0.0946926, 0.196828, 1000.9, 1446.81, 10, 2e-20, 3e-20, 2e-20, 2e-20, -1
0.108135, -0.0448428, 1.15624, 0.05, -0.00517189, -0.0834187, 0.172916, 0.192055, 1005.49, 8784.04, 10, 2e-20, 3e-20, 2e-20, 2e-20, -1
0.0907674, -0.172422, 1.2682, 0.05, -0.0444786, 0.0486953, 0.0845047, 0.107194, 997.852, -3437.13, 10, 2e-20, 3e-20, 2e-20, 2e-20, -1
0.117639, -0.151909, 1.2086, 0.05, -0.115931, 0.0518589, 0.0139427, 0.127765, 1002.05, 3284.93, 10, 2e-20, 3e-20, 2e-20, 2e-20, -1
0.0565696, -0.226955, 1.46543, 0.05, 0.0881935, -0.0345367, -0.0804684, 0.124282, 1001.79, 2865.76, 10, 2e-20, 3e-20, 2e-20, 2e-20, -1
0.157732, -0.139388, 0.0539505, 0.05, -0.228344, -0.016216, 0.0146982, 0.22939, 1015.72, 25153.8, 10, 2e-20, 3e-20, 2e-20, 2e-20, -1
0.198749, -0.198365, 0.0500212, 0.05, 0.0407673, -0.0415407, 0.140948, 0.152493, 1015.07, 24116.3, 10, 2e-20, 3e-20, 2e-20, 2e-20, -1
0.16749, -0.189374, 0.094057, 0.05, -0.189102, -0.206515, -0.134735, 0.310744, 1001.75, 2798.65, 10, 2e-20, 3e-20, 2e-20, 2e-20, -1
0.167022, -0.0907618, 0.0834753, 0.05, -0.0531208, -0.0247988, 0.0504416, 0.0773379, 1008.78, 14042.8, 10, 2e-20, 3e-20, 2e-20, 2e-20, -1
0.184188, -0.139586, 0.105956, 0.05, -0.255144, -0.236578, -0.0704495, 0.355008, 1011.85, 18962, 10, 2e-20, 3e-20, 2e-20, 2e-20, -1
0.174138, -0.223497, 0.119491, 0.05, -0.127901, 0.0154459, 0.154472, 0.201144, 1011.06, 17692.9, 10, 2e-20, 3e-20, 2e-20, 2e-20, -1
0.154747, -0.188425, 0.165462, 0.05, -0.137059, -0.0699056, 0.0374721, 0.158354, 1003.07, 4904.42, 10, 2e-20, 3e-20, 2e-20, 2e-20, -1
0.148672, -0.0219121, 0.12011, 0.05, -0.0276949, -0.124204, -0.0642623, 0.14256, 1005.66, 9048.64, 10, 2e-20, 3e-20, 2e-20, 2e-20, -1
0.18925, -0.0910408, 0.1498, 0.05, 0.0350888, -0.00250032, 0.0108183, 0.0368037, 1011.37, 18195.7, 10, 2e-20, 3e-20, 2e-20, 2e-20, -1
0.190838, -0.0454254, 0.174865, 0.05, 0.109938, -0.0635499, -0.0131486, 0.127663, 997.952, -3277.19, 10, 2e-20, 3e-20, 2e-20, 2e-20, -1
0.174161, -0.118549, 0.245946, 0.05, -0.0594814, 0.152972, 0.00213382, 0.164144, 1005.38, 8614.37, 10, 2e-20, 3e-20, 2e-20, 2e-20, -1
0.190286, -0.163608, 0.245218, 0.05, -0.0748601, -0.129021, 0.0452308, 0.155873, 1005.29, 8471.98, 10, 2e-20, 3e-20, 2e-20, 2e-20, -1
0.243077, -0.159195, 0.270653, 0.05, -0.0373765, -0.0197089, -0.068255, 0.0802757, 1007.88, 12610.2, 10, 2e-20, 3e-20, 2e-20, 2e-20, -1
0.216179, -0.205897, 0.336083, 0.05, 0.0859675, -0.168168, 0.0638799, 0.199378, 1008.74, 13988.2, 10, 2e-20, 3e-20, 2e-20, 2e-20, -1
0.168186, -0.107496, 0.363667, 0.05, 0.0746385, 0.000961827, 0.107222, 0.130646, 1008.9, 14239.6, 10, 2e-20, 3e-20, 2e-20, 2e-20, -1
0.18262, -0.0780494, 0.392723, 0.05, -0.00526136, -0.133174, -0.0184464, 0.134548, 1004.96, 7943.26, 10, 2e-20, 3e-20, 2e-20, 2e-20, -1
0.203731, -0.144541, 0.40706, 0.05, 0.0198527, -0.000244185, -0.0125634, 0.0234952, 999.599, -641.489, 10, 2e-20, 3e-20, 2e-20, 2e-20, -1
0.177987, -0.175228, 0.443295, 0.05, -0.0628361, 0.0578999, -0.0115521, 0.086222, 1010.24, 16377.6, 10, 2e-20, 3e-20, 2e-20, 2e-20, -1
0.240668, -0.139249, 0.449822, 0.05, 0.0285794, 0.0020114, -0.0462626, 0.0544155, 1004.96, 7942.9, 10, 2e-20, 3e-20, 2e-20, 2e-20, -1
0.227659, -0.206925, 0.487908, 0.05, -0.0410275, -0.124994, 0.109025, 0.17086, 1007.14, 11428, 10, 2e-20, 3e-20, 2e-20, 2e-20, -1
0.210677, -0.168579, 0.486755, 0.05, 0.0445518, -0.120095, -0.0276436, 0.131042, 1005.63, 9012.95, 10, 2e-20, 3e-20, 2e-20, 2e-20, -1
0.187487, -0.195593, 0.523188, 0.05, 0.0439342, -0.0272848, -0.000980186, 0.0517265, 996.541, -5533.98, 10, 2e-20, 3e-20, 2e-20, 2e-20, -1
0.229257, -0.118875, 0.492089, 0.05, 0.049615, -0.0256806, -0.0367281, 0.0668587, 1005.49, 8782.51, 10, 2e-20, 3e-20, 2e-20, 2e-20, -1
0.219414, -0.0619751, 0.471028, 0.05, -0.0889359, -0.110719, 0.0342999, 0.146098, 1001.72, 2754.23, 10, 2e-20, 3e-20, 2e-20, 2e-20, -1
0.280827, -0.113932, 0.491785, 0.05, 0.0172368, -0.167773, 0.041693, 0.173733, 1003.85, 6167.44, 10, 2e-20, 3e-20, 2e-20, 2e-20, -1
0.218182, -0.0817058, 0.520078, 0.05, -0.10447, 0.0359569, -0.0984043, 0.147953, 1002.62, 4199.07, 10, 2e-20, 3e-20, 2e-20, 2e-20, -1
0.237752, -0.102112, 0.572187, 0.05, -0.00934757, -0.00366869, 0.0467767, 0.0478424, 1003.85, 6152.72, 10, 2e-20, 3e-20, 2e-20, 2e-20, -1
0.187374, -0.110987, 0.570663, 0.05, -0.109953, -0.0262732, -0.0386998, 0.119489, 1009.48, 15165.1, 10, 2e-20, 3e-20, 2e-20, 2e-20, -1
0.248707, -0.147161, 0.638103, 0.05, -0.00203881, 0.10012, 0.0865291, 0.132346, 1006.97, 11157.1, 10, 2e-20, 3e-20, 2e-20, 2e-20, -1
0.206379, -0.0862071, 0.621287, 0.05, 0.0855693, -0.013579, 0.127055, 0.153784, 1004.45, 7113.29, 10, 2e-20, 3e-20, 2e-20, 2e-20, -1
0.162963, -0.160574, 0.641881, 0.05, -0.0797557, 0.0654405, 0.0796556, 0.13034, 1000.8, 1286.89, 10, 2e-20, 3e-20, 2e-20, 2e-20, -1
0.161242, -0.11559, 0.619948, 0.05, -0.137344, 0.0161559, -0.000210612, 0.138291, 1002.71, 4329.83, 10, 2e-20, 3e-20, 2e-20, 2e-20, -1
0.225287, -0.0561785, 0.731527, 0.05, -0.089179, -0.0862583, 0.118015, 0.171234, 1009.32, 14906.6, 10, 2e-20, 3e-20, 2e-20, 2e-20, -1
0.312069, -0.0588433, 0.760257, 0.05, -0.0369532, -0.0250543, 0.0529859, 0.0692876, 1003.82, 6116.53, 10, 2e-20, 3e-20, 2e-20, 2e-20, -1
0.241931, -0.0865154, 0.790056, 0.05, -0.0357788, -0.0640012, 0.0314587, 0.0797868, 1002.85, 4558.89, 10, 2e-20, 3e-20, 2e-20, 2e-20, -1
0.275949, -0.0661314, 0.815231, 0.05, -0.0299482, -0.186895, -0.030283, 0.191686, 1001.65, 2641.44, 10, 2e-20, 3e-20, 2e-20, 2e-20, -1
0.283248, -0.128906, 0.870912, 0.05, -0.140146, -0.0278839, 0.009457, 0.143206, 1003.96, 6342.89, 10, 2e-20, 3e-20, 2e-20, 2e-20, -1
0.310157, -0.0987338, 0.83818, 0.05, -0.203193, -0.0738891, 0.0197531, 0.217111, 1004.04, 6460.15, 10, 2e-20, 3e-20, 2e-20, 2e-20, -1
0.279102, -0.0800433, 0.873781, 0.05, -0.0702443, -0.0611761, -0.039946, 0.101353, 1003.47, 5558.48, 10, 2e-20, 3e-20, 2e-20, 2e-20, -1
0.297886, -0.0798328, 0.955241, 0.05, 0.0111284, 0.0312612, 0.0974501, 0.102945, 1001.83, 2922.39, 10, 2e-20, 3e-20, 2e-20, 2e-20, -1
0.180385, -0.0960171, 0.891361, 0.05, -0.0729959, 0.013851, 0.0787782, 0.108288, 1004.43, 7090.89, 10, 2e-20, 3e-20, 2e-20, 2e-20, -1
0.176587, -0.0589479, 1.03228, 0.05, 0.0326999, -0.0888268, 0.0789721, 0.123272, 1001.07, 1704.35, 10, 2e-20, 3e-20, 2e-20, 2e-20, -1
0.208956, -0.144291, 1.01126, 0.05, -0.0311847, -0.0998793, 0.0392191, 0.111743, 1000.29, 471.518, 10, 2e-20, 3e-20, 2e-20, 2e-20, -1
0.168795, -0.0149078, 0.917442, 0.05, 0.007085, -0.144243, -0.0603136, 0.156506, 1001.59, 2539.12, 10, 2e-20, 3e-20, 2e-20, 2e-20, -1
0.152546, -0.100312, 0.975341, 0.05, 0.00990427, -0.0440657, 0.00701117, 0.0457059, 1002.32, 3712.94, 10, 2e-20, 3e-20, 2e-20, 2e-20, -1
0.158256, 0.00981572, 0.96423, 0.05, 0.013151, -0.0776125, -0.0891087, 0.118899, 1003.36, 5373.02, 10, 2e-20, 3e-20, 2e-20, 2e-20, -1
0.136267, -0.0256476, 0.998935, 0.05, -0.102351, -0.20249, -0.125641, 0.259352, 1004.96, 7929.73, 10, 2e-20, 3e-20, 2e-20, 2e-20, -1
0.0730943, -0.0115532, 1.10595, 0.05, 0.0864885, -0.0236929, 0.0119426, 0.0904668, 997.663, -3739.8, 10, 2e-20, 3e-20, 2e-20, 2e-20, -1
0.0195286, -0.124396, 1.33419, 0.05, -0.0842336, -0.0568282, 0.228147, 0.249751, 1002.07, 3306.47, 10, 2e-20, 3e-20, 2e-20, 2e-20, -1
0.0831369, -0.102579, 1.18545, 0.05, -0.0438372, 0.114325, -0.00841382, 0.12273, 999.543, -731.188, 10, 2e-20, 3e-20, 2e-20, 2e-20, -1
0.00647257, -0.174112, 1.37488, 0.05, -0.212569, 0.0575237, 0.199111, 0.296883, 1000.37, 595.496, 10, 2e-20, 3e-20, 2e-20, 2e-20, -1
0.1653, -0.0364163, 0.049683, 0.05, -0.206192, -0.0197388, -0.0856892, 0.224159, 1009.88, 15815.4, 10, 2e-20, 3e-20, 2e-20, 2e-20, -1
0.200712, -0.092067, 0.0492708, 0.05, -0.275128, -0.0707012, 0.107703, 0.3038, 1012.61, 20175, 10, 2e-20, 3e-20, 2e-20, 2e-20, -1
0.171574, 0.0241166, 0.0476127, 0.05, 0.00670605, -0.0767917, -0.0688833, 0.103377, 1012.8, 20482.3, 10, 2e-20, 3e-20, 2e-20, 2e-20, -1
0.253252, 0.0315356, 0.0664851, 0.05, -0.0392501, 0.0125865, -0.225763, 0.229495, 1006.96, 11143.8, 10, 2e-20, 3e-20, 2e-20, 2e-20, -1
0.175813, -0.017621, 0.0904943, 0.05, 0.0183148, -0.157678, 0.0593149, 0.169458, 1003.91, 6256.61, 10, 2e-20, 3e-20, 2e-20, 2e-20, -1
0.140397, -0.0847329, 0.117319, 0.05, 0.0515037, -0.291054, 0.0517001, 0.300063, 1009.31, 14897.9, 10, 2e-20, 3e-20, 2e-20, 2e-20, -1
0.135958, 0.0200856, 0.0884588, 0.05, -0.0610053, 0.0664867, -0.168758, 0.191367, 1010.93, 17495.2, 10, 2e-20, 3e-20, 2e-20, 2e-20, -1
0.221818, -0.0357943, 0.131495, 0.05, -0.120097, -0.186254, -0.0672549, 0.231597, 1013.85, 22157, 10, 2e-20, 3e-20, 2e-20, 2e-20, -1
0.24409, -0.0282292, 0.178605, 0.05, 0.124752, -0.056449, 0.0111191, 0.13738, 1001.46, 2341.55, 10, 2e-20, 3e-20, 2e-20, 2e-20, -1
0.234051, -0.0856112, 0.248168, 0.05, -0.118341, 0.22881, -0.0569148, 0.263814, 1013.92, 22265.7, 10, 2e-20, 3e-20, 2e-20, 2e-20, -1
0.191909, -0.0711457, 0.226387, 0.05, -0.0347934, 0.00391858, -0.0313091, 0.0469701, 1004.64, 7417.63, 10, 2e-20, 3e-20, 2e-20, 2e-20, -1
0.194399, -0.085439, 0.282612, 0.05, -0.0419726, 0.100484, 0.0448129, 0.117758, 1009.44, 15109.8, 10, 2e-20, 3e-20, 2e-20, 2e-20, -1
0.189657, -0.144198, 0.337642, 0.05, -0.189381, 0.0544615, -0.0985486, 0.220325, 1011.9, 19047, 10, 2e-20, 3e-20, 2e-20, 2e-20, -1
0.210712, -0.0432764, 0.255101, 0.05, -0.0586861, -0.136422, 0.000366809, 0.14851, 1011.65, 18641.4, 10, 2e-20, 3e-20, 2e-20, 2e-20, -1
0.149369, -0.113775, 0.308668, 0.05, 0.0327043, -0.158819, -0.122558, 0.203258, 1002.27, 3633.38, 10, 2e-20, 3e-20, 2e-20, 2e-20, -1
0.171186, -0.0312385, 0.281861, 0.05, 0.142904, -0.126061, -0.0993658, 0.21491, 1009.98, 15975.1, 10, 2e-20, 3e-20, 2e-20, 2e-20, -1
0.165052, -0.0687403, 0.31649, 0.05, 0.0291745, 0.00772748, -0.111334, 0.115352, 999.038, -1538.84, 10, 2e-20, 3e-20, 2e-20, 2e-20, -1
0.190906, -0.0339803, 0.34359, 0.05, -0.0649961, -0.111035, -0.0237354, 0.130831, 1004.1, 6563.65, 10, 2e-20, 3e-20, 2e-20, 2e-20, -1
0.145705, -0.0442662, 0.38316, 0.05, -0.0568841, 0.00180404, 0.089383, 0.105964, 1001.44, 2308.44, 10, 2e-20, 3e-20, 2e-20, 2e-20, -1
0.193698, -0.0299619, 0.39692, 0.05, -0.0124946, 0.116632, 0.000852683, 0.117303, 1007.58, 12133.3, 10, 2e-20, 3e-20, 2e-20, 2e-20, -1
0.187701, -0.0236042, 0.452169, 0.05, 0.0181804, 0.0257069, 0.0485918, 0.0579011, 1005.53, 8843.87, 10, 2e-20, 3e-20, 2e-20, 2e-20, -1
0.22211, -0.0942956, 0.430708, 0.05, -0.0267356, -0.0221042, 0.00269005, 0.034794, 1007.88, 12606.1, 10, 2e-20, 3e-20, 2e-20, 2e-20, -1
0.233248, -0.00891412, 0.46735, 0.05, 0.0128313, -0.083142, 0.0980783, 0.129215, 1001.44, 2305.75, 10, 2e-20, 3e-20, 2e-20, 2e-20, -1
0.264951, -0.0420938, 0.495967, 0.05, -0.0797133, 0.0150122, -0.129001, 0.152384, 1004.76, 7611.72, 10, 2e-20, 3e-20, 2e-20, 2e-20, -1
0.180873, -0.102112, 0.498314, 0.05, -0.0127732, -0.0170449, -0.105009, 0.107147, 1007.99, 12784.4, 10, 2e-20, 3e-20, 2e-20, 2e-20, -1
0.251542, -0.0483417, 0.545996, 0.05, -0.0892385, -0.0546308, 0.0457228, 0.114187, 1005.11, 8178.89, 10, 2e-20, 3e-20, 2e-20, 2e-20, -1
0.270875, 0.027208, 0.576016, 0.05, -0.0188316, -0.0228109, 0.0120295, 0.0319323, 998.647, -2164.27, 10, 2e-20, 3e-20, 2e-20, 2e-20, -1
0.289105, -0.0835321, 0.583988, 0.05, 0.0821694, 0.0523975, -0.023016, 0.100135, 1004.46, 7136.43, 10, 2e-20, 3e-20, 2e-20, 2e-20, -1
0.246417, -0.0575202, 0.597119, 0.05, 0.0157956, -0.0528979, 0.0364804, 0.0661703, 1002.01, 3222.06, 10, 2e-20, 3e-20, 2e-20, 2e-20, -1
0.291462, -0.0469479, 0.622432, 0.05, 0.00555917, -0.0640217, -0.137183, 0.151489, 1003.8, 6077.67, 10, 2e-20, 3e-20, 2e-20, 2e-20, -1
0.276834, -0.0436029, 0.667091, 0.05, 0.101004, -0.100844, 0.0620504, 0.155633, 1005.21, 8328, 10, 2e-20, 3e-20, 2e-20, 2e-20, -1
0.250552, -0.0876641, 0.69831, 0.05, -0.10261, -0.111985, 0.0323593, 0.155295, 1006, 9592.93, 10, 2e-20, 3e-20, 2e-20, 2e-20, -1
0.318643, 0.0217265, 0.688357, 0.05, 0.0332377, -0.068284, -0.0669997, 0.101274, 1002.65, 4239.35, 10, 2e-20, 3e-20, 2e-20, 2e-20, -1
0.353321, -0.0539758, 0.723014, 0.05, -0.0617106, -0.120782, -0.134407, 0.190949, 1005.36, 8580.21, 10, 2e-20, 3e-20, 2e-20, 2e-20, -1
0.314637, 0.0498823, 0.723754, 0.05, 0.018612, -0.0732229, -0.114389, 0.137087, 999.479, -834.039, 10, 2e-20, 3e-20, 2e-20, 2e-20, -1
0.289589, 0.0068302, 0.737485, 0.05, 0.0118421, -0.124677, -0.0868751, 0.15242, 1001.33, 2125.82, 10, 2e-20, 3e-20, 2e-20, 2e-20, -1
0.316519, -0.0129653, 0.873286, 0.05, -0.0543914, -3.08462e-05, 0.0112441, 0.0555414, 1005.03, 8049.5, 10, 2e-20, 3e-20, 2e-20, 2e-20, -1
0.308661, 0.00910144, 0.820804, 0.05, -0.0517458, -0.00507471, -0.0137067, 0.0537704, 1002.94, 4696.87, 10, 2e-20, 3e-20, 2e-20, 2e-20, -1
0.248636, -0.0310039, 0.898813, 0.05, 0.0405436, -0.0685881, -0.0213455, 0.0824848, 1002.39, 3818.29, 10, 2e-20, 3e-20, 2e-20, 2e-20, -1
0.280539, 0.00233666, 0.908593, 0.05, -0.0341629, 0.00671526, -0.0265352, 0.0437757, 1002.16, 3449.77, 10, 2e-20, 3e-20, 2e-20, 2e-20, -1
0.174111, -0.026182, 0.852592, 0.05, -0.0970291, -0.0763692, -0.136835, 0.184311, 1001.74, 2776.28, 10, 2e-20, 3e-20, 2e-20, 2e-20, -1
0.293325, 0.0465798, 0.894744, 0.05, -0.0857812, -0.0528262, -0.0879752, 0.133748, 1001.36, 2169.12, 10, 2e-20, 3e-20, 2e-20, 2e-20, -1
0.206806, -0.00169439, 0.893413, 0.05, 0.0576266, -0.0647792, -0.0683728, 0.110417, 1003.22, 5148.74, 10, 2e-20, 3e-20, 2e-20, 2e-20, -1
0.24819, 0.0154148, 0.935598, 0.05, -0.118004, -0.0143549, 0.0415425, 0.125924, 998.85, -1840.23, 10, 2e-20, 3e-20, 2e-20, 2e-20, -1
0.198124, 0.019884, 0.938386, 0.05, 0.00332534, -0.0442272, -0.0353444, 0.0567127, 1000.69, 1098.79, 10, 2e-20, 3e-20, 2e-20, 2e-20, -1
0.166229, 0.0110594, 1.04438, 0.05, 0.0795169, 0.109051, 0.0817006, 0.157766, 1001.01, 1609.12, 10, 2e-20, 3e-20, 2e-20, 2e-20, -1
0.113693, 0.0517039, 1.06019, 0.05, 0.0501985, -0.0221617, -0.0656444, 0.0855582, 1004.97, 7947.55, 10, 2e-20, 3e-20, 2e-20, 2e-20, -1
0.142742, -0.0280326, 1.0517, 0.05, 0.185923, -0.19544, -0.00986139, 0.269929, 1004.67, 7476.8, 10, 2e-20, 3e-20, 2e-20, 2e-20, -1
0.161207, -0.00636233, 1.09982, 0.05, -0.067095, -0.0351905, 0.103235, 0.128053, 1001.49, 2389.92, 10, 2e-20, 3e-20, 2e-20, 2e-20, -1
0.0731956, -0.0129077, 1.29553, 0.05, -0.0994628, 0.201604, 0.0829656, 0.239625, 1000.78, 1251.85, 10, 2e-20, 3e-20, 2e-20, 2e-20, -1
0.0306232, 0.0174503, 1.15774, 0.05, -0.0447361, -0.0138157, -0.134501, 0.142417, 1000.02, 37.7793, 10, 2e-20, 3e-20, 2e-20, 2e-20, -1
0.232584, 0.0748782, 0.0504366, 0.05, 0.0190872, -0.166541, 0.0266649, 0.169739, 1020.3, 32484.6, 10, 2e-20, 3e-20, 2e-20, 2e-20, -1
0.227298, 0.133928, 0.0488564, 0.05, 0.00230783, -0.0762878, 0.00836389, 0.0767797, 1009.98, 15975.7, 10, 2e-20, 3e-20, 2e-20, 2e-20, -1
0.283068, 0.121462, 0.0475219, 0.05, -0.137916, -0.0505589, 0.0585856, 0.158144, 1010.99, 17579.5, 10, 2e-20, 3e-20, 2e-20, 2e-20, -1
0.256581, 0.0829899, 0.100126, 0.05, -0.0280817, -0.0312023, -0.0386003, 0.0570277, 1012.26, 19615.5, 10, 2e-20, 3e-20, 2e-20, 2e-20, -1
0.140213, 0.177553, 0.104185, 0.05, -0.0164577, 0.00416045, 0.148811, 0.149777, 1008.69, 13907.9, 10, 2e-20, 3e-20, 2e-20, 2e-20, -1
0.166753, 0.0665088, 0.090893, 0.05, -0.218408, 0.082592, 0.0118146, 0.233801, 1012.05, 19272.9, 10, 2e-20, 3e-20, 2e-20, 2e-20, -1
0.207355, 0.0327821, 0.0713005, 0.05, 0.0889213, 0.0684424, 0.0849944, 0.140767, 1000.5, 800.316, 10, 2e-20, 3e-20, 2e-20, 2e-20, -1
0.217467, 0.062256, 0.114034, 0.05, -0.0848416, 0.0143915, 0.00552862, 0.086231, 1008.09, 12947.7, 10, 2e-20, 3e-20, 2e-20, 2e-20, -1
0.1864, 0.0215967, 0.115824, 0.05, 0.0465315, -0.00426537, 0.00991217, 0.0477664, 1006.48, 10367.3, 10, 2e-20, 3e-20, 2e-20, 2e-20, -1
0.189427, 0.0695924, 0.146786, 0.05, 0.000715112, 0.0855995, -0.0394573, 0.0942585, 1010.15, 16244.3, 10, 2e-20, 3e-20, 2e-20, 2e-20, -1
0.183999, 0.00456647, 0.163964, 0.05, -0.0981811, -0.068361, 0.0733049, 0.140308, 1013.95, 22317, 10, 2e-20, 3e-20, 2e-20, 2e-20, -1
0.224747, -0.0041065, 0.211767, 0.05, -0.0408416, -0.0645875, -0.0395855, 0.0860616, 1004.1, 6567.55, 10, 2e-20, 3e-20, 2e-20, 2e-20, -1
0.235239, 0.0519633, 0.221723, 0.05, 0.00876808, -0.0560408, -0.0523053, 0.0771576, 1001.64, 2620.45, 10, 2e-20, 3e-20, 2e-20, 2e-20, -1
0.167159, 0.0405044, 0.274166, 0.05, 0.0169469, 0.0240557, -0.150225, 0.15308, 1011.35, 18165.5, 10, 2e-20, 3e-20, 2e-20, 2e-20, -1
0.233884, 0.102291, 0.330871, 0.05, -0.0411575, -0.125711, -0.0914649, 0.16082, 1004.03, 6453.08, 10, 2e-20, 3e-20, 2e-20, 2e-20, -1
0.199772, 0.0558159, 0.310828, 0.05, 0.0232908, 0.00127808, 0.0185091, 0.0297772, 1009.3, 14875.7, 10, 2e-20, 3e-20, 2e-20, 2e-20, -1
0.175916, 0.0015471, 0.313056, 0.05, -0.0216066, 0.0516438, -0.0404649, 0.0690749, 1009.39, 15026.7, 10, 2e-20, 3e-20, 2e-20, 2e-20, -1
0.175306, 0.0771566, 0.350314, 0.05, 0.122698, -0.0436481, -0.0960991, 0.161848, 1003.8, 6082, 10, 2e-20, 3e-20, 2e-20, 2e-20, -1
0.224471, 0.0104532, 0.32665, 0.05, -0.0103942, 0.156943, -0.0565973, 0.16716, 1005.14, 8227.64, 10, 2e-20, 3e-20, 2e-20, 2e-20, -1
0.173891, 0.0132047, 0.362525, 0.05, -0.0342148, -0.0212914, 0.0895893, 0.0982355, 1001.87, 2994.9, 10, 2e-20, 3e-20, 2e-20, 2e-20, -1
0.201296, 0.0372676, 0.402983, 0.05, 0.0181116, -0.0861153, 0.0705205, 0.11277, 1010.61, 16971.2, 10, 2e-20, 3e-20, 2e-20, 2e-20, -1
0.186748, 0.0258574, 0.448629, 0.05, -0.0745847, 0.0986643, -0.0566303, 0.136031, 1010.28, 16449, 10, 2e-20, 3e-20, 2e-20, 2e-20, -1
0.287831, -0.0282629, 0.449325, 0.05, -0.00719574, -0.033282, 0.0229499, 0.041063, 1000.1, 156.139, 10, 2e-20, 3e-20, 2e-20, 2e-20, -1
0.198823, 0.0733608, 0.476088, 0.05, -0.0691933, -0.0939692, -0.064095, 0.133139, 1002.56, 4098.22, 10, 2e-20, 3e-20, 2e-20, 2e-20, -1
0.242826, 0.0456673, 0.472372, 0.05, -0.178191, -0.00174854, -0.0967353, 0.202763, 1005.47, 8757.32, 10, 2e-20, 3e-20, 2e-20, 2e-20, -1
0.270542, 0.00562848, 0.527567, 0.05, -0.00803911, 0.103457, -0.0598898, 0.119812, 1006.22, 9955.58, 10, 2e-20, 3e-20, 2e-20, 2e-20, -1
0.224457, 0.120895, 0.562405, 0.05, -0.0318956, -0.0973867, 0.00735878, 0.102741, 1003.66, 5863.47, 10, 2e-20, 3e-20, 2e-20, 2e-20, -1
0.275269, 0.121376, 0.573596, 0.05, -0.135538, -0.102844, -0.0352689, 0.173756, 1004.99, 7982.36, 10, 2e-20, 3e-20, 2e-20, 2e-20, -1
0.236968, 0.0774298, 0.587845, 0.05, -0.0598173, 0.0552661, -0.126271, 0.150255, 1005.66, 9057.7, 10, 2e-20, 3e-20, 2e-20, 2e-20, -1
0.285404, 0.0896523, 0.627638, 0.05, 0.0178348, -0.109932, -0.0752361, 0.134401, 1006.74, 10789.5, 10, 2e-20, 3e-20, 2e-20, 2e-20, -1
0.209294, -0.0373362, 0.61702, 0.05, 0.0479471, -0.0260701, 0.00442016, 0.054755, 1005.65, 9046.17, 10, 2e-20, 3e-20, 2e-20, 2e-20, -1
0.264867, 0.0443564, 0.621064, 0.05, 0.0611526, -0.0801801, -0.0538945, 0.114338, 1002.96, 4742.9, 10, 2e-20, 3e-20, 2e-20, 2e-20, -1
0.257245, -0.00487458, 0.61521, 0.05, -0.0633192, 0.0606649, -0.0655958, 0.10951, 1006.85, 10955, 10, 2e-20, 3e-20, 2e-20, 2e-20, -1
0.237483, 0.0801824, 0.63784, 0.05, 0.0854369, -0.154974, 0.0503452, 0.183986, 1004.99, 7988.12, 10, 2e-20, 3e-20, 2e-20, 2e-20, -1
0.270371, 0.0424941, 0.673254, 0.05, -0.0969381, -0.0570565, -0.101191, 0.151301, 1005.5, 8804.09, 10, 2e-20, 3e-20, 2e-20, 2e-20, -1
0.243787, 0.0253003, 0.722948, 0.05, -0.0250709, -0.0484849, -0.186562, 0.194383, 1001.78, 2843.43, 10, 2e-20, 3e-20, 2e-20, 2e-20, -1
0.282396, -0.0246242, 0.784054, 0.05, 0.0332446, -0.0522946, -0.00230261, 0.0620099, 1002.12, 3398.91, 10, 2e-20, 3e-20, 2e-20, 2e-20, -1
0.26094, 0.0102309, 0.794756, 0.05, -0.0188388, 0.0137757, 0.0314311, 0.0391482, 1003.81, 6090.98, 10, 2e-20, 3e-20, 2e-20, 2e-20, -1
0.29701, 0.0678379, 0.849914, 0.05, 0.0386533, -0.162111, 0.036897, 0.170691, 1000.12, 195.861, 10, 2e-20, 3e-20, 2e-20, 2e-20, -1
0.275509, 0.021337, 0.854015, 0.05, -0.10333, -0.0849849, 0.00930581, 0.134112, 1002.55, 4086.86, 10, 2e-20, 3e-20, 2e-20, 2e-20, -1
0.210385, 0.120798, 0.837494, 0.05, -0.097633, -0.0708645, -0.0268594, 0.123594, 1004.24, 6781.29, 10, 2e-20, 3e-20, 2e-20, 2e-20, -1
0.240554, 0.056526, 0.842602, 0.05, -0.00521496, -0.270934, -0.0419225, 0.274208, 1003.14, 5022.86, 10, 2e-20, 3e-20, 2e-20, 2e-20, -1
0.265316, 0.0836049, 0.888218, 0.05, -0.0449618, -0.046527, -0.00401455, 0.0648262, 1004.92, 7878.15, 10, 2e-20, 3e-20, 2e-20, 2e-20, -1
0.235801, 0.0377514, 0.894038, 0.05, 0.0843734, -0.0954243, -0.030887, 0.131067, 1005.18, 8282.47, 10, 2e-20, 3e-20, 2e-20, 2e-20, -1
0.23546, 0.0100014, 0.98465, 0.05, -0.125575, 0.0878955, 0.0113746, 0.153701, 997.023, -4762.95, 10, 2e-20, 3e-20, 2e-20, 2e-20, -1
0.174693, 0.0464628, 1.00587, 0.05, -0.00818802, -0.0568952, -0.0297072, 0.0647041, 997.222, -4444.18, 10, 2e-20, 3e-20, 2e-20, 2e-20, -1
0.136477, 0.0492634, 1.00757, 0.05, 0.036166, 0.0317664, -0.0243409, 0.0539404, 1001.94, 3100.89, 10, 2e-20, 3e-20, 2e-20, 2e-20, -1
0.143651, 0.0340119, 1.09923, 0.05, -0.0821352, -0.00323459, 0.0423704, 0.0924765, 1001.83, 2934.79, 10, 2e-20, 3e-20, 2e-20, 2e-20, -1
0.173262, 0.0330293, 1.12807, 0.05, -0.0676851, -0.0628679, 0.0119463, 0.093147, 1001.45, 2319.29, 10, 2e-20, 3e-20, 2e-20, 2e-20, -1
0.0658217, -0.0142999, 1.16332, 0.05, -0.0984987, 0.0277711, -0.0558181, 0.116571, 1001.53, 2455.61, 10, 2e-20, 3e-20, 2e-20, 2e-20, -1
-0.0107959, 0.172216, 1.29707, 0.05, 0.111338, -0.145033, -0.0317732, 0.185581, 1000.5, 803.452, 10, 2e-20, 3e-20, 2e-20, 2e-20, -1
0.187198, 0.174865, 0.0503555, 0.05, -0.130253, 0.0972207, 0.104465, 0.193211, 1016.81, 26898.4, 10, 2e-20, 3e-20, 2e-20, 2e-20, -1
0.154774, 0.243425, 0.0478626, 0.05, -0.109767, -0.0558064, -0.0594425, 0.136736, 1013.21, 21136.5, 10, 2e-20, 3e-20, 2e-20, 2e-20, -1
0.174134, 0.216742, 0.0817891, 0.05, -0.0501595, -0.182635, -0.0850114, 0.207601, 1005.3, 8481.47, 10, 2e-20, 3e-20, 2e-20, 2e-20, -1
0.219568, 0.159519, 0.0891296, 0.05, -0.15387, -0.225344, 0.0900054, 0.287327, 1008.13, 13009.6, 10, 2e-20, 3e-20, 2e-20, 2e-20, -1
0.192711, 0.268712, 0.121923, 0.05, -0.07768, -0.0280327, 0.0228978, 0.085699, 1006.38, 10201, 10, 2e-20, 3e-20, 2e-20, 2e-20, -1
0.228303, 0.243798, 0.161767, 0.05, -0.042676, -0.146439, 0.071998, 0.168669, 1006.33, 10124.7, 10, 2e-20, 3e-20, 2e-20, 2e-20, -1
0.155206, 0.230624, 0.127551, 0.05, 0.00906513, -0.0724016, 0.0655561, 0.0980906, 1004.59, 7336.53, 10, 2e-20, 3e-20, 2e-20, 2e-20, -1
0.179367, 0.118405, 0.154196, 0.05, -0.145511, -0.0997127, 0.00977089, 0.176668, 1009, 14402.6, 10, 2e-20, 3e-20, 2e-20, 2e-20, -1
0.2328, 0.115482, 0.132848, 0.05, 0.0459072, 0.0724127, -0.0274128, 0.0900141, 1010.3, 16483, 10, 2e-20, 3e-20, 2e-20, 2e-20, -1
0.237416, 0.0732284, 0.17392, 0.05, -0.0242999, 0.0618522, -0.0519818, 0.0843699, 1004.27, 6834.33, 10, 2e-20, 3e-20, 2e-20, 2e-20, -1
0.223741, 0.1252, 0.191849, 0.05, -0.0139646, -0.028985, 0.0155112, 0.0357175, 1006.12, 9793.5, 10, 2e-20, 3e-20, 2e-20, 2e-20, -1
0.194231, 0.0378069, 0.197255, 0.05, -0.154149, -0.0437036, 0.0745786, 0.176731, 1009.88, 15812.3, 10, 2e-20, 3e-20, 2e-20, 2e-20, -1
0.191023, 0.124474, 0.234851, 0.05, 0.0291655, 0.121178, -0.130009, 0.180103, 1007.54, 12071.8, 10, 2e-20, 3e-20, 2e-20, 2e-20, -1
0.208925, 0.0703618, 0.259647, 0.05, -0.0269753, -0.0789939, 0.0774195, 0.113849, 1010.45, 16721, 10, 2e-20, 3e-20, 2e-20, 2e-20, -1
0.200136, 0.106452, 0.290865, 0.05, 0.0802335, 0.0180897, 0.0431657, 0.0928867, 1005.59, 8936.05, 10, 2e-20, 3e-20, 2e-20, 2e-20, -1
0.256137, 0.125598, 0.370518, 0.05, -0.0216994, -0.0860059, -0.0371652, 0.0961724, 1003.98, 6362.38, 10, 2e-20, 3e-20, 2e-20, 2e-20, -1
0.200428, 0.11723, 0.364426, 0.05, -0.0557969, -0.0286673, -0.0338315, 0.0712719, 1005.49, 8788.1, 10, 2e-20, 3e-20, 2e-20, 2e-20, -1
0.2211, 0.162304, 0.377477, 0.05, -0.0529218, -0.0869321, -0.126978, 0.162731, 1000.09, 147.825, 10, 2e-20, 3e-20, 2e-20, 2e-20, -1
0.19606, 0.125532, 0.412115, 0.05, 0.0140691, -0.141851, -0.0715028, 0.159475, 1004.48, 7171.13, 10, 2e-20, 3e-20, 2e-20, 2e-20, -1
0.226974, 0.0828982, 0.391096, 0.05, -0.0870397, -0.0696862, 0.0592312, 0.126255, 1005.8, 9282.4, 10, 2e-20, 3e-20, 2e-20, 2e-20, -1
0.176858, 0.0780823, 0.426807, 0.05, 0.0592438, -0.111311, 0.057542, 0.138604, 1002.28, 3645.52, 10, 2e-20, 3e-20, 2e-20, 2e-20, -1
0.229665, 0.0789959, 0.438197, 0.05, -0.078973, -0.0782677, -0.0559887, 0.124488, 1004.12, 6591.24, 10, 2e-20, 3e-20, 2e-20, 2e-20, -1
0.193242, 0.156802, 0.498681, 0.05, -0.12346, -0.0203232, -0.0397912, 0.131297, 1009.19, 14705.6, 10, 2e-20, 3e-20, 2e-20, 2e-20, -1
0.175806, 0.210849, 0.501812, 0.05, 0.032625, -0.0834017, -0.000602247, 0.0895578, 1005.73, 9162.98, 10, 2e-20, 3e-20, 2e-20, 2e-20, -1
0.261398, 0.0824361, 0.499849, 0.05, 0.0135406, -0.113242, -0.058715, 0.128275, 1006.41, 10259.7, 10, 2e-20, 3e-20, 2e-20, 2e-20, -1
0.236671, 0.180854, 0.490224, 0.05, -0.0590021, 0.0281602, -0.0588978, 0.0879955, 1002.63, 4206.02, 10, 2e-20, 3e-20, 2e-20, 2e-20, -1
0.243843, 0.135244, 0.512372, 0.05, -0.0886506, -0.157263, 0.0381214, 0.18451, 1000.91, 1451.75, 10, 2e-20, 3e-20, 2e-20, 2e-20, -1
0.188514, 0.208383, 0.553457, 0.05, 0.0431639, -0.0485154, -0.104107, 0.1227, 998.251, -2798.78, 10, 2e-20, 3e-20, 2e-20, 2e-20, -1
0.276171, 0.159154, 0.530882, 0.05, 0.065228, 0.0126733, 0.00833824, 0.0669689, 1001.16, 1855.99, 10, 2e-20, 3e-20, 2e-20, 2e-20, -1
0.233671, 0.175277, 0.616391, 0.05, -0.0242373, -0.0227984, 0.0536142, 0.0631007, 1006.3, 10082.1, 10, 2e-20, 3e-20, 2e-20, 2e-20, -1
0.288657, 0.144567, 0.615055, 0.05, -0.103159, -0.0318822, 0.0416152, 0.115715, 1010.18, 16286.8, 10, 2e-20, 3e-20, 2e-20, 2e-20, -1
0.232518, 0.158276, 0.673329, 0.05, 0.0833924, -0.0554689, -0.107855, 0.147187, 1004.26, 6813.86, 10, 2e-20, 3e-20, 2e-20, 2e-20, -1
0.261359, 0.121061, 0.655076, 0.05, 0.0862826, -0.0272029, 0.0407174, 0.0992098, 998.439, -2497.16, 10, 2e-20, 3e-20, 2e-20, 2e-20, -1
0.26483, 0.07168, 0.705267, 0.05, -0.0447536, -0.0529652, -0.114788, 0.134106, 1004.39, 7016.71, 10, 2e-20, 3e-20, 2e-20, 2e-20, -1
0.288718, 0.149814, 0.734989, 0.05, -0.0867039, -0.0538091, -0.0613884, 0.119086, 1006.24, 9981.37, 10, 2e-20, 3e-20, 2e-20, 2e-20, -1
0.266651, 0.0596104, 0.75391, 0.05, -0.012561, -0.00388753, -0.0412133, 0.04326, 1002.5, 3995.12, 10, 2e-20, 3e-20, 2e-20, 2e-20, -1
0.244875, 0.143889, 0.769105, 0.05, 0.0512903, -0.0703651, -0.0774243, 0.116518, 1000.72, 1154.47, 10, 2e-20, 3e-20, 2e-20, 2e-20, -1
0.284193, 0.10768, 0.784564, 0.05, 0.0128807, -0.0378471, -0.0858343, 0.0946882, 1003.15, 5044.15, 10, 2e-20, 3e-20, 2e-20, 2e-20, -1
0.274205, 0.179169, 0.769013, 0.05, -0.0321417, -0.161926, -0.0289129, 0.167598, 999.031, -1549.65, 10, 2e-20, 3e-20, 2e-20, 2e-20, -1
0.258437, 0.142934, 0.814046, 0.05, -0.0345538, 0.0205213, -0.100713, 0.108435, 1007.83, 12527.6, 10, 2e-20, 3e-20, 2e-20, 2e-20, -1
0.254556, 0.198844, 0.811482, 0.05, -0.0351894, -0.088923, 0.0243106, 0.0986742, 1003.71, 5936.79, 10, 2e-20, 3e-20, 2e-20, 2e-20, -1
0.231207, 0.123672, 0.923282, 0.05, 0.0638684, -0.130865, -0.0775233, 0.164968, 997.141, -4573.67, 10, 2e-20, 3e-20, 2e-20, 2e-20, -1
0.244082, 0.125413, 0.87163, 0.05, -0.176269, 0.0184144, -0.0788998, 0.193998, 1005.29, 8465.75, 10, 2e-20, 3e-20, 2e-20, 2e-20, -1
0.251663, 0.0735726, 0.933064, 0.05, -0.0695801, -0.12328, -0.0694237, 0.157667, 1003.01, 4815.36, 10, 2e-20, 3e-20, 2e-20, 2e-20, -1
0.200843, 0.0691191, 0.917623, 0.05, 0.0568497, -0.0178064, 0.00592626, 0.0598671, 1002.12, 3384.14, 10, 2e-20, 3e-20, 2e-20, 2e-20, -1
0.220655, 0.0523173, 0.972459, 0.05, -0.00213618, -0.109454, 0.026043, 0.11253, 1006.95, 11126.8, 10, 2e-20, 3e-20, 2e-20, 2e-20, -1
0.223324, 0.0553202, 1.02121, 0.05, 0.0320381, -0.0627364, 0.0117535, 0.0714174, 1002.54, 4070.93, 10, 2e-20, 3e-20, 2e-20, 2e-20, -1
0.148819, 0.0871888, 1.11366, 0.05, -0.056689, -0.0325701, 0.106163, 0.12468, 996.656, -5350.95, 10, 2e-20, 3e-20, 2e-20, 2e-20, -1
0.118032, 0.0581939, 1.22376, 0.05, -0.120185, -0.0798853, 0.0653812, 0.158432, 999.249, -1202.25, 10, 2e-20, 3e-20, 2e-20, 2e-20, -1
0.0747231, 0.168849, 1.16787, 0.05, 0.000393019, -0.0775443, -0.0932637, 0.121291, 999.555, -712.376, 10, 2e-20, 3e-20, 2e-20, 2e-20, -1
-0.00288202, 0.223975, 1.40443, 0.05, -0.0393739, -0.229507, 0.0523433, 0.238671, 999.323, -1083.17, 10, 2e-20, 3e-20, 2e-20, 2e-20, -1
0.166993, 0.296202, 0.0515732, 0.05, -0.0796924, 0.0161405, 0.0535578, 0.0973644, 1019.07, 30515.4, 10, 2e-20, 3e-20, 2e-20, 2e-20, -1
0.203776, 0.341282, 0.0516503, 0.05, 0.0512811, 0.0184235, -0.0730776, 0.0911565, 1008.46, 13533.4, 10, 2e-20, 3e-20, 2e-20, 2e-20, -1
0.175051, 0.373383, 0.0927045, 0.05, -0.0361104, 0.0269613, 0.0420736, 0.0616528, 1006.95, 11117.6, 10, 2e-20, 3e-20, 2e-20, 2e-20, -1
0.210688, 0.299911, 0.097551, 0.05, -0.172298, -0.0657629, -0.114656, 0.217158, 1009.18, 14681, 10, 2e-20, 3e-20, 2e-20, 2e-20, -1
0.214065, 0.302476, 0.163528, 0.05, 0.0594347, 0.0729244, -0.0231064, 0.0968729, 1005.7, 9123.49, 10, 2e-20, 3e-20, 2e-20, 2e-20, -1
0.170541, 0.310157, 0.178783, 0.05, -0.279925, -0.052421, 0.0250382, 0.28589, 1006.17, 9876.36, 10, 2e-20, 3e-20, 2e-20, 2e-20, -1
0.176957, 0.258674, 0.167681, 0.05, -0.126328, -0.0376116, 0.0585621, 0.144232, 1005.92, 9465.11, 10, 2e-20, 3e-20, 2e-20, 2e-20, -1
0.183383, 0.180511, 0.118172, 0.05, -0.142945, -0.0381444, 0.0142482, 0.148631, 1012.24, 19580.4, 10, 2e-20, 3e-20, 2e-20, 2e-20, -1
0.196072, 0.199482, 0.162295, 0.05, -0.0196681, 0.0260482, -0.0168393, 0.0367275, 1007.19, 11500.8, 10, 2e-20, 3e-20, 2e-20, 2e-20, -1
0.206671, 0.157818, 0.152327, 0.05, 0.0297346, 0.00560377, -0.0467828, 0.0557151, 1003.6, 5758.41, 10, 2e-20, 3e-20, 2e-20, 2e-20, -1
0.142368, 0.19554, 0.232789, 0.05, -0.0576576, -0.0308693, -0.0379105, 0.0755945, 1005.8, 9285.99, 10, 2e-20, 3e-20, 2e-20, 2e-20, -1
0.196862, 0.175445, 0.209481, 0.05, -0.148888, -0.0630666, -0.104437, 0.19249, 1007.67, 12274.4, 10, 2e-20, 3e-20, 2e-20, 2e-20, -1
0.147937, 0.23624, 0.268251, 0.05, -0.11638, 0.0888459, 0.0548958, 0.15637, 1003.43, 5491.78, 10, 2e-20, 3e-20, 2e-20, 2e-20, -1
0.147913, 0.15412, 0.230645, 0.05, -0.0273225, -0.0641505, -0.125137, 0.143252, 997.093, -4651.54, 10, 2e-20, 3e-20, 2e-20, 2e-20, -1
0.177561, 0.157004, 0.275435, 0.05, -0.0287915, -0.149008, -0.0701731, 0.167203, 1011.82, 18913.2, 10, 2e-20, 3e-20, 2e-20, 2e-20, -1
0.19472, 0.144834, 0.322714, 0.05, -0.0390827, 0.0428334, 0.0178104, 0.0606578, 1007.3, 11681.5, 10, 2e-20, 3e-20, 2e-20, 2e-20, -1
0.195794, 0.209724, 0.37233, 0.05, -0.0803472, -0.0671693, -0.076218, 0.129524, 1004.17, 6664.85, 10, 2e-20, 3e-20, 2e-20, 2e-20, -1
0.23675, 0.212043, 0.398329, 0.05, -0.10846, 0.000844605, 0.00901512, 0.108838, 1010.27, 16439.8, 10, 2e-20, 3e-20, 2e-20, 2e-20, -1
0.211373, 0.270676, 0.397009, 0.05, -0.128273, -0.135969, -0.0794159, 0.203097, 1009.25, 14801.1, 10, 2e-20, 3e-20, 2e-20, 2e-20, -1
0.187753, 0.225477, 0.419614, 0.05, 0.0552925, -0.0216707, 0.114192, 0.128712, 1002.83, 4523.21, 10, 2e-20, 3e-20, 2e-20, 2e-20, -1
0.179645, 0.128373, 0.456458, 0.05, 0.0440905, -0.135977, 0.140248, 0.200258, 1009.52, 15229.9, 10, 2e-20, 3e-20, 2e-20, 2e-20, -1
0.180063, 0.287584, 0.498112, 0.05, -0.13165, -0.0293096, -0.0792381, 0.156427, 1004.74, 7583.05, 10, 2e-20, 3e-20, 2e-20, 2e-20, -1
0.190938, 0.188885, 0.457016, 0.05, 0.0135326, -0.0772356, -0.0923567, 0.121154, 1000.67, 1072.28, 10, 2e-20, 3e-20, 2e-20, 2e-20, -1
0.193058, 0.327387, 0.518677, 0.05, -0.0521883, 0.0755495, -0.0408127, 0.100484, 1001.37, 2196.34, 10, 2e-20, 3e-20, 2e-20, 2e-20, -1
0.203037, 0.241383, 0.473215, 0.05, -0.00334303, -0.0058169, -0.157591, 0.157733, 1004.73, 7569.85, 10, 2e-20, 3e-20, 2e-20, 2e-20, -1
0.181333, 0.266496, 0.540054, 0.05, -0.126819, -0.128263, -0.150539, 0.23494, 1006.28, 10053.1, 10, 2e-20, 3e-20, 2e-20, 2e-20, -1
0.200551, 0.294149, 0.580371, 0.05, 0.0831291, 0.0712966, 0.0883131, 0.140687, 1008.06, 12892.5, 10, 2e-20, 3e-20, 2e-20, 2e-20, -1
0.211287, 0.246452, 0.575636, 0.05, 0.0686641, -0.0783618, 0.0595511, 0.120007, 996.113, -6218.51, 10, 2e-20, 3e-20, 2e-20, 2e-20, -1
0.195746, 0.256981, 0.621667, 0.05, 0.00379246, -0.0373755, -0.0520573, 0.0641971, 1003.31, 5288.34, 10, 2e-20, 3e-20, 2e-20, 2e-20, -1
0.262103, 0.221803, 0.612683, 0.05, -0.0972279, 0.00412803, 0.0519659, 0.110321, 1000.7, 1123.36, 10, 2e-20, 3e-20, 2e-20, 2e-20, -1
0.226569, 0.212946, 0.650012, 0.05, 0.0506146, -0.0595134, -0.0822157, 0.113416, 1001.84, 2950.36, 10, 2e-20, 3e-20, 2e-20, 2e-20, -1
0.192168, 0.228527, 0.669599, 0.05, 0.0795327, -0.0590631, -0.0853414, 0.130756, 1000.17, 275.228, 10, 2e-20, 3e-20, 2e-20, 2e-20, -1
0.236766, 0.171822, 0.723731, 0.05, -0.0148468, -0.13072, -0.0417123, 0.138015, 1003.57, 5707.73, 10, 2e-20, 3e-20, 2e-20, 2e-20, -1
0.253684, 0.106651, 0.737712, 0.05, -0.0406293, -0.0256067, -0.0121965, 0.0495499, 1002.71, 4342.35, 10, 2e-20, 3e-20, 2e-20, 2e-20, -1
0.202124, 0.264218, 0.756874, 0.05, 0.00275448, -0.126109, -0.158021, 0.202193, 995.786, -6743.14, 10, 2e-20, 3e-20, 2e-20, 2e-20, -1
0.265295, 0.228627, 0.73202, 0.05, 0.0199295, -0.0595735, -0.143505, 0.156652, 1003.52, 5630.13, 10, 2e-20, 3e-20, 2e-20, 2e-20, -1
0.233147, 0.212956, 0.762626, 0.05, -0.0771787, -0.0593764, -0.0383373, 0.104651, 1007.66, 12258.7, 10, 2e-20, 3e-20, 2e-20, 2e-20, -1
0.189827, 0.247878, 0.825714, 0.05, 0.0799789, -0.0800035, -0.239469, 0.264844, 1003.92, 6267.99, 10, 2e-20, 3e-20, 2e-20, 2e-20, -1
0.200646, 0.200416, 0.801402, 0.05, -0.0318137, 0.0584881, -0.0714718, 0.097679, 1002.24, 3583.55, 10, 2e-20, 3e-20, 2e-20, 2e-20, -1
0.188089, 0.207034, 0.856397, 0.05, 0.0083855, -0.0869179, 0.079335, 0.117979, 1002.71, 4331.46, 10, 2e-20, 3e-20, 2e-20, 2e-20, -1
0.209294, 0.0966441, 0.955794, 0.05, 0.0229793, -0.0173111, -0.0459413, 0.0542063, 1002.97, 4745.37, 10, 2e-20, 3e-20, 2e-20, 2e-20, -1
0.183662, 0.122737, 0.981865, 0.05, -0.110518, -0.0484392, -0.00795975, 0.120929, 1002.43, 3890.77, 10, 2e-20, 3e-20, 2e-20, 2e-20, -1
0.173131, 0.0608037, 0.966344, 0.05, -0.105605, -0.0553295, 0.0446004, 0.127291, 1007.15, 11436.6, 10, 2e-20, 3e-20, 2e-20, 2e-20, -1
0.185373, 0.139298, 1.03509, 0.05, -0.0551215, -0.00500579, -0.0283689, 0.0621951, 1001.07, 1709.48, 10, 2e-20, 3e-20, 2e-20, 2e-20, -1
0.110726, 0.101102, 1.03785, 0.05, 0.0557333, -0.0756385, -0.106426, 0.141964, 1006.69, 10702, 10, 2e-20, 3e-20, 2e-20, 2e-20, -1
0.0989997, 0.0628441, 1.11581, 0.05, 0.111919, -0.144089, -0.0239259, 0.184011, 997.928, -3315.71, 10, 2e-20, 3e-20, 2e-20, 2e-20, -1
0.0274193, 0.104957, 1.12961, 0.05, 0.0260557, -0.109991, -0.0366688, 0.118834, 1004.01, 6416.86, 10, 2e-20, 3e-20, 2e-20, 2e-20, -1
-0.000509194, 0.0965171, 1.25641, 0.05, 0.125085, -0.236593, 0.0544786, 0.273113, 1004.93, 7893.15, 10, 2e-20, 3e-20, 2e-20, 2e-20, -1
0.0222639, 0.0791361, 1.20336, 0.05, 0.0713565, -0.0572455, 0.00646144, 0.0917091, 1006.61, 10577.8, 10, 2e-20, 3e-20, 2e-20, 2e-20, -1
0.0253744, 0.209712, 1.29532, 0.05, 0.131973, -0.129348, -0.0573507, 0.193486, 999.072, -1484.79, 10, 2e-20, 3e-20, 2e-20, 2e-20, -1
-0.113042, 0.240424, 1.44126, 0.05, -0.114699, -0.0766995, -0.0027319, 0.138008, 1005.29, 8458.91, 10, 2e-20, 3e-20, 2e-20, 2e-20, -1
0.170935, 0.403691, 0.0529381, 0.05, 0.178694, 0.00113406, 0.0431033, 0.183823, 1008.13, 13010.8, 10, 2e-20, 3e-20, 2e-20, 2e-20, -1
0.145973, 0.453203, 0.0550919, 0.05, 0.0290669, 0.0738632, -0.0388638, 0.0883802, 1013.54, 21668.8, 10, 2e-20, 3e-20, 2e-20, 2e-20, -1
0.211177, 0.421138, 0.0953097, 0.05, -0.0339934, 0.0717121, -0.00810588, 0.0797739, 1005.89, 9431.75, 10, 2e-20, 3e-20, 2e-20, 2e-20, -1
0.158289, 0.421754, 0.103834, 0.05, 0.00881169, -0.0285168, -0.00532198, 0.0303179, 1005.32, 8511.9, 10, 2e-20, 3e-20, 2e-20, 2e-20, -1
0.17166, 0.322474, 0.120971, 0.05, -0.178791, -0.0751535, -0.0985143, 0.21753, 1007.2, 11524.5, 10, 2e-20, 3e-20, 2e-20, 2e-20, -1
0.174968, 0.392956, 0.152827, 0.05, -0.00582831, 0.0613508, -0.00509413, 0.0618372, 1011.03, 17649.3, 10, 2e-20, 3e-20, 2e-20, 2e-20, -1
0.148146, 0.356347, 0.205849, 0.05, 0.174172, -0.0239711, 0.0194421, 0.176885, 1000.77, 1227.46, 10, 2e-20, 3e-20, 2e-20, 2e-20, -1
0.199485, 0.282935, 0.211173, 0.05, -0.0922865, -0.0706189, 0.109753, 0.159843, 1005.89, 9424.69, 10, 2e-20, 3e-20, 2e-20, 2e-20, -1
0.199707, 0.227703, 0.205092, 0.05, 0.0230615, -0.0196864, -0.111674, 0.115717, 1003.67, 5876.13, 10, 2e-20, 3e-20, 2e-20, 2e-20, -1
0.231336, 0.255338, 0.236231, 0.05, -0.0109488, -0.0675118, -0.0779173, 0.103677, 1011.3, 18074.3, 10, 2e-20, 3e-20, 2e-20, 2e-20, -1
0.143621, 0.297543, 0.273158, 0.05, -0.0760397, -0.0328271, -0.019563, 0.0851021, 1007.02, 11238.5, 10, 2e-20, 3e-20, 2e-20, 2e-20, -1
0.18241, 0.264542, 0.258699, 0.05, -0.0834156, -0.0271303, -0.0658057, 0.109657, 1011.55, 18484.6, 10, 2e-20, 3e-20, 2e-20, 2e-20, -1
0.200094, 0.282409, 0.304329, 0.05, 0.0465263, -0.0378366, -0.00639392, 0.0603091, 1006, 9595.66, 10, 2e-20, 3e-20, 2e-20, 2e-20, -1
0.189688, 0.204127, 0.252263, 0.05, -0.0458988, 0.103381, -0.114784, 0.161151, 1003.89, 6222.69, 10, 2e-20, 3e-20, 2e-20, 2e-20, -1
0.218617, 0.235049, 0.283266, 0.05, 0.0617463, -0.0358829, 0.00577313, 0.0716486, 1000.86, 1369.27, 10, 2e-20, 3e-20, 2e-20, 2e-20, -1
0.184238, 0.201947, 0.292119, 0.05, 0.0131852, 0.0112792, 0.114536, 0.115843, 1003.66, 5856.17, 10, 2e-20, 3e-20, 2e-20, 2e-20, -1
0.124639, 0.333551, 0.390213, 0.05, -0.15136, -0.0691697, 0.0507356, 0.173978, 1006.76, 10817.3, 10, 2e-20, 3e-20, 2e-20, 2e-20, -1
0.196477, 0.233995, 0.32794, 0.05, 0.111306, -0.0702594, -0.107988, 0.170255, 1002.03, 3253.91, 10, 2e-20, 3e-20, 2e-20, 2e-20, -1
0.159203, 0.240825, 0.364842, 0.05, -0.154756, 0.0435479, -0.0900274, 0.184257, 1002.88, 4606.08, 10, 2e-20, 3e-20, 2e-20, 2e-20, -1
0.162229, 0.343605, 0.491164, 0.05, -0.0196576, 0.161698, 0.0091053, 0.163143, 998.898, -1763.45, 10, 2e-20, 3e-20, 2e-20, 2e-20, -1
0.166071, 0.317934, 0.442332, 0.05, -0.112045, 0.141313, -0.0568893, 0.189103, 1008.88, 14209.2, 10, 2e-20, 3e-20, 2e-20, 2e-20, -1
0.210805, 0.33456, 0.477262, 0.05, -0.0485284, 0.0115533, 0.0105118, 0.0509802, 1003.27, 5232.48, 10, 2e-20, 3e-20, 2e-20, 2e-20, -1
0.169813, 0.267726, 0.433903, 0.05, 0.0412786, -0.11107, -0.118056, 0.167265, 1006.84, 10944.6, 10, 2e-20, 3e-20, 2e-20, 2e-20, -1
0.141643, 0.316857, 0.530497, 0.05, -0.0460238, -0.0278815, -0.129346, 0.140092, 1005.43, 8687.27, 10, 2e-20, 3e-20, 2e-20, 2e-20, -1
0.225258, 0.289563, 0.532688, 0.05, 0.132236, 0.138077, -0.0179341, 0.192025, 1002.93, 4684.68, 10, 2e-20, 3e-20, 2e-20, 2e-20, -1
0.173653, 0.348363, 0.63614, 0.05, -0.108473, 0.0717667, -0.0638102, 0.144874, 1003.01, 4812.72, 10, 2e-20, 3e-20, 2e-20, 2e-20, -1
0.128004, 0.338342, 0.648969, 0.05, -0.132209, -0.0660844, -0.0868112, 0.171413, 1003.09, 4937.08, 10, 2e-20, 3e-20, 2e-20, 2e-20, -1
0.162271, 0.301001, 0.617477, 0.05, -0.0608926, 0.0429232, 0.028699, 0.079837, 1002.28, 3649.38, 10, 2e-20, 3e-20, 2e-20, 2e-20, -1
0.202502, 0.30561, 0.641273, 0.05, -0.0366605, 0.00705899, -0.118529, 0.12427, 1004.42, 7068.95, 10, 2e-20, 3e-20, 2e-20, 2e-20, -1
0.243908, 0.265354, 0.634424, 0.05, -0.0802226, -0.0690944, -0.114562, 0.155994, 1005.42, 8666.89, 10, 2e-20, 3e-20, 2e-20, 2e-20, -1
0.296278, 0.249019, 0.649172, 0.05, -0.0304468, 0.0616559, -0.0750395, 0.101781, 1003.19, 5100.75, 10, 2e-20, 3e-20, 2e-20, 2e-20, -1
0.244432, 0.377665, 0.772559, 0.05, -0.016169, 0.0521858, 0.102482, 0.116135, 1003.34, 5337.58, 10, 2e-20, 3e-20, 2e-20, 2e-20, -1
0.167151, 0.303522, 0.727227, 0.05, -0.074556, -0.00852618, -0.0849683, 0.113362, 1001.05, 1675.3, 10, 2e-20, 3e-20, 2e-20, 2e-20, -1
0.221855, 0.264741, 0.712214, 0.05, -0.0779532, -0.03403, -0.113954, 0.142198, 1001.94, 3102.58, 10, 2e-20, 3e-20, 2e-20, 2e-20, -1
0.271084, 0.320817, 0.751712, 0.05, -0.0364978, -0.012989, -0.18862, 0.192557, 999.779, -353.281, 10, 2e-20, 3e-20, 2e-20, 2e-20, -1
0.257222, 0.269114, 0.758407, 0.05, -0.0892572, -0.0315716, -0.14121, 0.170011, 1005.76, 9222.11, 10, 2e-20, 3e-20, 2e-20, 2e-20, -1
0.231457, 0.251153, 0.797333, 0.05, -0.0658477, -0.0219139, -0.0191362, 0.0719885, 1008.62, 13789.3, 10, 2e-20, 3e-20, 2e-20, 2e-20, -1
0.166682, 0.191714, 0.91918, 0.05, 0.0125209, 0.0505903, -0.0330227, 0.061698, 1003.04, 4858.43, 10, 2e-20, 3e-20, 2e-20, 2e-20, -1
0.164905, 0.244896, 0.910705, 0.05, 0.0484636, -0.109394, -0.0480864, 0.12895, 998.455, -2471.53, 10, 2e-20, 3e-20, 2e-20, 2e-20, -1
0.245465, 0.169609, 0.891207, 0.05, -0.0457689, -0.0202074, 0.0103461, 0.0510899, 1001, 1605.94, 10, 2e-20, 3e-20, 2e-20, 2e-20, -1
0.188832, 0.150941, 0.935553, 0.05, -0.00956873, -0.073184, 0.00152581, 0.0738227, 1003.94, 6306.29, 10, 2e-20, 3e-20, 2e-20, 2e-20, -1
0.195914, 0.16402, 0.886414, 0.05, 0.0410651, 0.0198093, -0.0207633, 0.0500986, 1004.43, 7083.66, 10, 2e-20, 3e-20, 2e-20, 2e-20, -1
0.225751, 0.168474, 0.945996, 0.05, 0.0542354, 0.0334949, 0.0169437, 0.0659581, 1007.38, 11801.9, 10, 2e-20, 3e-20, 2e-20, 2e-20, -1
0.089136, 0.152385, 1.00969, 0.05, -0.092763, -0.118479, 0.0101873, 0.150818, 1004.05, 6485.7, 10, 2e-20, 3e-20, 2e-20, 2e-20, -1
0.1438, 0.110338, 1.00545, 0.05, 0.00728497, -0.0563035, -0.0974411, 0.112774, 1000.78, 1254.74, 10, 2e-20, 3e-20, 2e-20, 2e-20, -1
0.15539, 0.18303, 1.01191, 0.05, 0.175484, -0.0361405, -0.115447, 0.21314, 1005.3, 8475.07, 10, 2e-20, 3e-20, 2e-20, 2e-20, -1
0.097094, 0.0322873, 1.1344, 0.05, 0.0843808, -0.0517243, 0.0306816, 0.103619, 1001.15, 1845.59, 10, 2e-20, 3e-20, 2e-20, 2e-20, -1
0.116146, 0.146534, 1.05986, 0.05, 0.0119873, -0.0693733, -0.035277, 0.0787453, 1001.54, 2457.54, 10, 2e-20, 3e-20, 2e-20, 2e-20, -1
0.112124, 0.101636, 1.15343, 0.05, 0.0451093, -0.0346555, 0.0329458, 0.0657364, 1003.77, 6027.94, 10, 2e-20, 3e-20, 2e-20, 2e-20, -1
0.0407139, 0.175621, 1.26692, 0.05, -0.13911, -0.21717, 0.0512216, 0.262942, 1002.5, 4001.53, 10, 2e-20, 3e-20, 2e-20, 2e-20, -1
0.0605111, 0.303858, 1.37483, 0.05, -0.0168856, 0.131991, -0.0511041, 0.142542, 1000.43, 691.89, 10, 2e-20, 3e-20, 2e-20, 2e-20, -1
0.166548, 0.4787, 0.0977872, 0.05, 0.0994503, 0.0452751, -0.0731103, 0.131474, 1007.74, 12377.5, 10, 2e-20, 3e-20, 2e-20, 2e-20, -1
0.228226, 0.467863, 0.110382, 0.05, -0.0598963, 0.144133, -0.133941, 0.205674, 1009.3, 14885, 10, 2e-20, 3e-20, 2e-20, 2e-20, -1
0.218417, 0.430739, 0.229424, 0.05, -0.00451908, 0.0172074, -0.100715, 0.102274, 1008.41, 13451.3, 10, 2e-20, 3e-20, 2e-20, 2e-20, -1
0.192735, 0.44928, 0.133676, 0.05, 0.017605, 0.0617328, -0.00865102, 0.0647743, 1007.34, 11738.6, 10, 2e-20, 3e-20, 2e-20, 2e-20, -1
0.225058, 0.399257, 0.180756, 0.05, -0.0360886, -0.080244, -0.00681987, 0.0882497, 1006.71, 10732, 10, 2e-20, 3e-20, 2e-20, 2e-20, -1
0.200357, 0.350994, 0.157101, 0.05, -0.0258092, 0.0250421, -0.00250956, 0.0360489, 1002.77, 4433.45, 10, 2e-20, 3e-20, 2e-20, 2e-20, -1
0.196269, 0.358968, 0.207333, 0.05, 0.0145422, -0.01744, 0.107281, 0.109658, 1003.67, 5865.57, 10, 2e-20, 3e-20, 2e-20, 2e-20, -1
0.226516, 0.323334, 0.228784, 0.05, -0.0742898, 0.0520312, -0.168898, 0.19171, 1005.88, 9407.94, 10, 2e-20, 3e-20, 2e-20, 2e-20, -1
0.176632, 0.373878, 0.3205, 0.05, -0.13658, 0.0174145, -0.270573, 0.303591, 1010.41, 16649.3, 10, 2e-20, 3e-20, 2e-20, 2e-20, -1
0.163253, 0.344747, 0.270543, 0.05, -0.144794, 0.196143, -0.0283224, 0.245437, 1007.39, 11825.8, 10, 2e-20, 3e-20, 2e-20, 2e-20, -1
0.187041, 0.423888, 0.336758, 0.05, 0.0665281, 0.0595785, 0.0245465, 0.0926181, 1003.04, 4864.11, 10, 2e-20, 3e-20, 2e-20, 2e-20, -1
0.212334, 0.335916, 0.308456, 0.05, 0.100175, -0.0445987, -0.0487791, 0.120014, 1000.57, 904.073, 10, 2e-20, 3e-20, 2e-20, 2e-20, -1
0.183328, 0.337052, 0.359599, 0.05, 0.0142929, -0.137452, 0.0418679, 0.144396, 1005.72, 9151.19, 10, 2e-20, 3e-20, 2e-20, 2e-20, -1
0.183268, 0.282576, 0.353776, 0.05, 0.0826008, 0.0776571, 0.059266, 0.12793, 1004.85, 7757.28, 10, 2e-20, 3e-20, 2e-20, 2e-20, -1
0.162143, 0.43751, 0.466298, 0.05, 0.111159, -0.0150892, 0.00341545, 0.11223, 1005.84, 9338.98, 10, 2e-20, 3e-20, 2e-20, 2e-20, -1
0.123169, 0.370941, 0.423427, 0.05, -0.145973, -0.0132747, 0.0729185, 0.163712, 998.109, -3025.26, 10, 2e-20, 3e-20, 2e-20, 2e-20, -1
0.171196, 0.349953, 0.40521, 0.05, -0.068353, -0.0800504, 0.0112926, 0.105867, 1004.94, 7896.62, 10, 2e-20, 3e-20, 2e-20, 2e-20, -1
0.183649, 0.368925, 0.450046, 0.05, -0.125074, -0.00673843, 0.0544319, 0.136571, 1010.46, 16735, 10, 2e-20, 3e-20, 2e-20, 2e-20, -1
0.162261, 0.299986, 0.396392, 0.05, -0.124078, 0.0392545, -0.129408, 0.183529, 1001.28, 2043.35, 10, 2e-20, 3e-20, 2e-20, 2e-20, -1
0.115523, 0.447456, 0.558893, 0.05, -0.0190668, -0.0659128, -0.00376009, 0.0687181, 1000.68, 1089.27, 10, 2e-20, 3e-20, 2e-20, 2e-20, -1
0.217682, 0.371361, 0.513268, 0.05, 0.0361648, -0.099585, -0.0800124, 0.132767, 1006.73, 10773.7, 10, 2e-20, 3e-20, 2e-20, 2e-20, -1
0.158864, 0.384295, 0.525587, 0.05, -0.1164, 0.0394806, -0.02398, 0.125231, 1006.66, 10650.7, 10, 2e-20, 3e-20, 2e-20, 2e-20, -1
0.203815, 0.392539, 0.555756, 0.05, -0.18995, -0.0173791, 0.114106, 0.222269, 1005.71, 9132.45, 10, 2e-20, 3e-20, 2e-20, 2e-20, -1
0.173717, 0.343967, 0.561017, 0.05, 0.0415195, 0.090452, -0.116586, 0.15329, 1006.25, 10003, 10, 2e-20, 3e-20, 2e-20, 2e-20, -1
0.13729, 0.388929, 0.636671, 0.05, -0.0557781, -0.0231762, -0.0146276, 0.0621474, 1005.51, 8821.18, 10, 2e-20, 3e-20, 2e-20, 2e-20, -1
0.157603, 0.390698, 0.580777, 0.05, 0.0424055, 0.0115677, -0.164457, 0.17023, 1003.96, 6337.22, 10, 2e-20, 3e-20, 2e-20, 2e-20, -1
0.135312, 0.347122, 0.595228, 0.05, -0.0258807, 0.0205937, -0.0603314, 0.0688025, 1005.06, 8095.22, 10, 2e-20, 3e-20, 2e-20, 2e-20, -1
0.178653, 0.394136, 0.668891, 0.05, 0.0306401, 0.0166832, -0.0592173, 0.0687302, 1004.38, 7011.73, 10, 2e-20, 3e-20, 2e-20, 2e-20, -1
0.172612, 0.331568, 0.684731, 0.05, -0.0784587, -0.0344712, -0.153493, 0.175796, 1004.75, 7605.1, 10, 2e-20, 3e-20, 2e-20, 2e-20, -1
0.160084, 0.403311, 0.784663, 0.05, -0.126358, -0.108808, 0.0315732, 0.169712, 1004.11, 6574.34, 10, 2e-20, 3e-20, 2e-20, 2e-20, -1
0.228165, 0.298694, 0.678109, 0.05, 0.0315902, -0.0530761, -0.0320596, 0.0695905, 1002.14, 3428.74, 10, 2e-20, 3e-20, 2e-20, 2e-20, -1
0.205245, 0.347339, 0.726981, 0.05, -0.0798221, -0.00463154, -0.0218878, 0.0828981, 1000.52, 825.727, 10, 2e-20, 3e-20, 2e-20, 2e-20, -1
0.198211, 0.361507, 0.794209, 0.05, -0.0416907, -0.00581781, -0.103163, 0.11142, 1009.13, 14606.2, 10, 2e-20, 3e-20, 2e-20, 2e-20, -1
0.187216, 0.311274, 0.770446, 0.05, -0.0970756, -0.0423599, -0.00839093, 0.106247, 998.295, -2727.41, 10, 2e-20, 3e-20, 2e-20, 2e-20, -1
0.234193, 0.331268, 0.782077, 0.05, -0.029497, 0.0794339, -0.0684129, 0.108904, 1004.6, 7356.42, 10, 2e-20, 3e-20, 2e-20, 2e-20, -1
0.213109, 0.298974, 0.81321, 0.05, -0.0416576, -0.037289, -0.0360027, 0.0664983, 1001.44, 2299.73, 10, 2e-20, 3e-20, 2e-20, 2e-20, -1
0.162183, 0.261577, 0.860011, 0.05, -0.171065, 0.0371018, -0.0397347, 0.179495, 1007.1, 11356.3, 10, 2e-20, 3e-20, 2e-20, 2e-20, -1
0.195551, 0.304746, 0.857496, 0.05, 0.137137, 0.0143552, -0.102573, 0.171855, 1002.54, 4071.84, 10, 2e-20, 3e-20, 2e-20, 2e-20, -1
0.216663, 0.351647, 0.916385, 0.05, 0.0209983, -0.0883232, -0.118147, 0.148999, 1006.34, 10136.6, 10, 2e-20, 3e-20, 2e-20, 2e-20, -1
0.192899, 0.218726, 0.953539, 0.05, 0.00613949, -0.03411, -0.141651, 0.14583, 1000.01, 12.5807, 10, 2e-20, 3e-20, 2e-20, 2e-20, -1
0.146623, 0.240701, 1.02211, 0.05, -0.0292391, 0.0273874, -0.128993, 0.135071, 1001.49, 2376.39, 10, 2e-20, 3e-20, 2e-20, 2e-20, -1
0.167692, 0.182462, 0.970076, 0.05, 0.0898481, -0.032281, -0.0756914, 0.121836, 1004.52, 7224.49, 10, 2e-20, 3e-20, 2e-20, 2e-20, -1
0.12152, 0.206573, 1.05085, 0.05, 0.142828, -0.0349828, -0.034088, 0.150949, 1001.91, 3052.55, 10, 2e-20, 3e-20, 2e-20, 2e-20, -1
0.166336, 0.301933, 1.07763, 0.05, -0.158012, 0.091329, -0.136514, 0.227914, 1005.26, 8423.91, 10, 2e-20, 3e-20, 2e-20, 2e-20, -1
0.149099, 0.244686, 1.0687, 0.05, 0.0550732, 0.0267504, -0.0462289, 0.0767187, 1000.58, 922.803, 10, 2e-20, 3e-20, 2e-20, 2e-20, -1
0.145149, 0.329261, 1.16105, 0.05, -0.0535716, -0.0424243, -0.0757728, 0.102036, 1002.31, 3693.57, 10, 2e-20, 3e-20, 2e-20, 2e-20, -1
0.147479, 0.271837, 1.11149, 0.05, -0.0463971, 0.0396759, -0.17175, 0.182277, 1001.62, 2590.56, 10, 2e-20, 3e-20, 2e-20, 2e-20, -1
0.106944, 0.296692, 1.15476, 0.05, 0.00726395, 0.152803, -0.131562, 0.201767, 1003.06, 4894.99, 10, 2e-20, 3e-20, 2e-20, 2e-20, -1
0.0591415, 0.1727, 1.2056, 0.05, 0.00861575, -0.111034, 0.0689882, 0.131004, 1003.8, 6081.82, 10, 2e-20, 3e-20, 2e-20, 2e-20, -1
0.0648225, 0.280782, 1.22452, 0.05, 0.0785487, -0.077901, -0.0216876, 0.112733, 1001.68, 2695.2, 10, 2e-20, 3e-20, 2e-20, 2e-20, -1
0.0375889, 0.342371, 1.45278, 0.05, -0.0799069, 0.077622, 0.0872369, 0.141494, 1000.74, 1187.13, 10, 2e-20, 3e-20, 2e-20, 2e-20, -1
0.171347, 0.503949, 0.0582157, 0.05, 0.0748645, 0.0281045, -0.152184, 0.171914, 1012.39, 19818, 10, 2e-20, 3e-20, 2e-20, 2e-20, -1
0.255635, 0.497269, 0.343329, 0.05, -0.0786448, 0.0339491, -0.1264, 0.152691, 1011, 17595.2, 10, 2e-20, 3e-20, 2e-20, 2e-20, -1
0.238841, 0.501583, 0.225309, 0.05, 0.0664739, -0.0497355, -0.00510627, 0.0831773, 1006.17, 9864.61, 10, 2e-20, 3e-20, 2e-20, 2e-20, -1
0.218134, 0.468516, 0.267982, 0.05, 0.117706, -0.0192041, -0.00864284, 0.119575, 1002.97, 4756.13, 10, 2e-20, 3e-20, 2e-20, 2e-20, -1
0.259866, 0.454816, 0.208127, 0.05, -0.0376371, 0.0209021, -0.0187845, 0.0469713, 1004.57, 7308.3, 10, 2e-20, 3e-20, 2e-20, 2e-20, -1
0.179914, 0.390909, 0.246013, 0.05, -0.209571, -0.126041, 0.0131924, 0.244909, 1009, 14399.6, 10, 2e-20, 3e-20, 2e-20, 2e-20, -1
0.179001, 0.408177, 0.202486, 0.05, -0.0415623, -0.0845645, 0.0955318, 0.134182, 1005.82, 9304.36, 10, 2e-20, 3e-20, 2e-20, 2e-20, -1
0.197023, 0.419291, 0.284555, 0.05, -0.00621151, -0.143128, -0.0555073, 0.15364, 1007.75, 12397.4, 10, 2e-20, 3e-20, 2e-20, 2e-20, -1
0.214112, 0.467206, 0.32135, 0.05, 0.0162287, 0.137712, -0.0488607, 0.147022, 1005.16, 8262.66, 10, 2e-20, 3e-20, 2e-20, 2e-20, -1
0.197399, 0.441981, 0.427674, 0.05, -0.0367778, 0.260338, -0.114662, 0.286837, 1005.44, 8709.98, 10, 2e-20, 3e-20, 2e-20, 2e-20, -1
0.15873, 0.436314, 0.37864, 0.05, 0.0293606, 0.150238, -0.126637, 0.198672, 1007.28, 11651.1, 10, 2e-20, 3e-20, 2e-20, 2e-20, -1
0.188087, 0.389059, 0.37005, 0.05, 0.142424, -0.0095116, -0.030749, 0.146015, 1002.57, 4107.84, 10, 2e-20, 3e-20, 2e-20, 2e-20, -1
0.160713, 0.404331, 0.419984, 0.05, -0.18302, -0.033783, 0.0300238, 0.188518, 1007.51, 12009.6, 10, 2e-20, 3e-20, 2e-20, 2e-20, -1
0.200735, 0.450099, 0.475475, 0.05, -0.00882715, -0.00790757, 0.000827576, 0.0118799, 1007.51, 12018, 10, 2e-20, 3e-20, 2e-20, 2e-20, -1
0.2312, 0.48048, 0.654954, 0.05, -0.083919, 0.0169281, -0.0532865, 0.100839, 1004.07, 6519.43, 10, 2e-20, 3e-20, 2e-20, 2e-20, -1
0.238801, 0.501417, 0.694341, 0.05, -0.0341979, -0.0296269, 0.011371, 0.0466535, 1004.49, 7178.21, 10, 2e-20, 3e-20, 2e-20, 2e-20, -1
0.208204, 0.450061, 0.535184, 0.05, -0.142265, 0.068486, 0.0502797, 0.165704, 1003.63, 5809, 10, 2e-20, 3e-20, 2e-20, 2e-20, -1
0.192809, 0.407405, 0.495509, 0.05, -0.132318, 0.0780029, -0.0499275, 0.161509, 1007.09, 11339.9, 10, 2e-20, 3e-20, 2e-20, 2e-20, -1
0.145823, 0.467601, 0.698748, 0.05, -0.085103, 0.0613248, 0.0446828, 0.114017, 1005.2, 8312.31, 10, 2e-20, 3e-20, 2e-20, 2e-20, -1
0.191348, 0.443982, 0.599327, 0.05, 0.058134, -0.0202895, -0.120572, 0.135384, 1002.51, 4012.85, 10, 2e-20, 3e-20, 2e-20, 2e-20, -1
0.182843, 0.445234, 0.706353, 0.05, -0.0759915, -0.130568, -0.00223081, 0.151089, 1003.18, 5086.09, 10, 2e-20, 3e-20, 2e-20, 2e-20, -1
0.156307, 0.430457, 0.628698, 0.05, -0.0210176, -0.00174782, -0.00799663, 0.0225553, 1001.88, 3011.59, 10, 2e-20, 3e-20, 2e-20, 2e-20, -1
0.163341, 0.430478, 0.742667, 0.05, -0.0339068, -0.00467927, -0.131848, 0.136218, 1004.38, 7015.37, 10, 2e-20, 3e-20, 2e-20, 2e-20, -1
0.151382, 0.456947, 0.766549, 0.05, -0.123882, -0.0762682, -0.0717665, 0.162216, 1005.85, 9354.07, 10, 2e-20, 3e-20, 2e-20, 2e-20, -1
0.110288, 0.439126, 0.789002, 0.05, -0.0122122, -0.0635889, -0.15646, 0.169329, 994.83, -8272.76, 10, 2e-20, 3e-20, 2e-20, 2e-20, -1
0.166569, 0.378922, 0.717301, 0.05, 0.102776, 0.121751, -0.11595, 0.197055, 1001.09, 1737.48, 10, 2e-20, 3e-20, 2e-20, 2e-20, -1
0.209614, 0.45617, 0.822877, 0.05, 3.30993e-05, -0.104888, -0.0841282, 0.134459, 1001.71, 2733.82, 10, 2e-20, 3e-20, 2e-20, 2e-20, -1
0.290312, 0.466849, 0.99793, 0.05, -0.141115, 0.085288, -0.0114059, 0.16528, 999.366, -1014.09, 10, 2e-20, 3e-20, 2e-20, 2e-20, -1
0.203184, 0.396514, 0.752935, 0.05, 0.0803099, 0.0431145, 0.040272, 0.0996513, 1000.06, 88.8909, 10, 2e-20, 3e-20, 2e-20, 2e-20, -1
0.237058, 0.453555, 0.859001, 0.05, 0.132312, -0.144409, 0.0348928, 0.198942, 1006.13, 9809, 10, 2e-20, 3e-20, 2e-20, 2e-20, -1
0.192973, 0.459476, 0.979622, 0.05, 0.102, 0.106917, 0.0109909, 0.148175, 1006.75, 10803.1, 10, 2e-20, 3e-20, 2e-20, 2e-20, -1
0.252094, 0.380529, 0.834507, 0.05, -0.0232385, 0.013868, -0.0603066, 0.0661002, 1002.25, 3601.05, 10, 2e-20, 3e-20, 2e-20, 2e-20, -1
0.195016, 0.444131, 1.02742, 0.05, 0.0268729, -0.0593508, 0.00564996, 0.0653957, 1002.36, 3771.54, 10, 2e-20, 3e-20, 2e-20, 2e-20, -1
0.22142, 0.391134, 0.862877, 0.05, -0.067817, 0.119178, 0.0840622, 0.160838, 1002.57, 4118.41, 10, 2e-20, 3e-20, 2e-20, 2e-20, -1
0.229482, 0.34513, 0.872838, 0.05, 0.115246, -0.135489, 0.0397346, 0.182257, 1000.68, 1084.21, 10, 2e-20, 3e-20, 2e-20, 2e-20, -1
0.190466, 0.406141, 1.1008, 0.05, -0.121653, -0.109041, -0.0654296, 0.175984, 1003.79, 6068.86, 10, 2e-20, 3e-20, 2e-20, 2e-20, -1
0.241386, 0.393091, 0.917853, 0.05, -0.00374595, 0.0384797, -0.163825, 0.168326, 1003.59, 5746.41, 10, 2e-20, 3e-20, 2e-20, 2e-20, -1
0.170821, 0.352342, 0.936052, 0.05, -0.0272448, 0.0364711, -0.0104059, 0.046698, 999.366, -1014.45, 10, 2e-20, 3e-20, 2e-20, 2e-20, -1
0.159786, 0.369922, 1.02411, 0.05, -0.10365, -0.0359175, -0.0876208, 0.140395, 1004.21, 6740.94, 10, 2e-20, 3e-20, 2e-20, 2e-20, -1
0.175566, 0.359931, 1.08002, 0.05, -0.134459, -0.0611633, -0.161787, 0.219079, 998.974, -1641.4, 10, 2e-20, 3e-20, 2e-20, 2e-20, -1
0.146133, 0.372138, 1.19011, 0.05, 0.0670252, -0.120163, 0.0123318, 0.138144, 1000.13, 213.413, 10, 2e-20, 3e-20, 2e-20, 2e-20, -1
0.108388, 0.383183, 1.22494, 0.05, -0.0337831, -0.0513315, -0.0224179, 0.0654124, 1000.95, 1513.67, 10, 2e-20, 3e-20, 2e-20, 2e-20, -1
0.170996, 0.367126, 1.13915, 0.05, -0.135486, 0.0199811, -0.0181599, 0.13815, 1004.16, 6654.24, 10, 2e-20, 3e-20, 2e-20, 2e-20, -1
0.176323, 0.360956, 1.23695, 0.05, -0.00140144, 0.222218, -0.0171579, 0.222883, 997.869, -3409.97, 10, 2e-20, 3e-20, 2e-20, 2e-20, -1
0.15594, 0.349627, 1.35374, 0.05, -0.173708, -0.00492394, -0.144583, 0.22606, 1001.65, 2641.63, 10, 2e-20, 3e-20, 2e-20, 2e-20, -1
0.138135, 0.38975, 1.36224, 0.05, -0.0824826, 0.00023246, -0.0083954, 0.0829091, 996.881, -4990.93, 10, 2e-20, 3e-20, 2e-20, 2e-20, -1
0.139668, 0.324111, 1.23513, 0.05, -0.0919831, 0.0311064, -0.146183, 0.175494, 1001.42, 2273.12, 10, 2e-20, 3e-20, 2e-20, 2e-20, -1
0.102756, 0.31304, 1.25846, 0.05, -0.0846419, 0.0224457, -0.0788328, 0.117825, 1000.97, 1554.79, 10, 2e-20, 3e-20, 2e-20, 2e-20, -1
0.152293, 0.386678, 1.24204, 0.05, -0.0224191, -0.0913661, 0.0587784, 0.110929, 1000.62, 997.604, 10, 2e-20, 3e-20, 2e-20, 2e-20, -1
0.0892681, 0.309046, 1.21229, 0.05, 0.0415889, 0.0612687, -0.0865821, 0.11393, 1000.27, 433.255, 10, 2e-20, 3e-20, 2e-20, 2e-20, -1
0.0817007, 0.30174, 1.44535, 0.05, -0.0727709, -0.102421, 0.0861248, 0.152326, 998.022, -3165.4, 10, 2e-20, 3e-20, 2e-20, 2e-20, -1
0.211422, 0.455453, 0.186699, 0.05, 0.0212781, 0.00445551, 0.0678494, 0.0712471, 1012.38, 19804.8, 10, 2e-20, 3e-20, 2e-20, 2e-20, -1
0.153757, 0.495977, 0.161245, 0.05, 0.147058, -0.0420043, 0.0813201, 0.173215, 1012.02, 19224.8, 10, 2e-20, 3e-20, 2e-20, 2e-20, -1
0.182901, 0.494237, 0.208589, 0.05, 0.0287822, 0.0348032, -0.0141449, 0.0473261, 1012.41, 19850.9, 10, 2e-20, 3e-20, 2e-20, 2e-20, -1
0.287888, 0.49413, 0.388217, 0.05, -0.0514176, -0.0436713, -0.0724984, 0.0990301, 1006.27, 10025.8, 10, 2e-20, 3e-20, 2e-20, 2e-20, -1
0.308171, 0.489833, 0.450975, 0.05, 0.0529734, -0.0858871, -0.155411, 0.185298, 1018.66, 29854.2, 10, 2e-20, 3e-20, 2e-20, 2e-20, -1
0.292682, 0.440347, 0.290288, 0.05, -0.0699288, 0.0416931, 0.0176728, 0.0833108, 1001.89, 3023.3, 10, 2e-20, 3e-20, 2e-20, 2e-20, -1
0.235811, 0.502466, 0.288569, 0.05, -0.0767414, 0.0247282, 0.0659255, 0.104148, 1007.26, 11613.8, 10, 2e-20, 3e-20, 2e-20, 2e-20, -1
0.256968, 0.494527, 0.482939, 0.05, -0.267203, 0.0143041, 0.0667724, 0.275791, 1013.02, 20833.8, 10, 2e-20, 3e-20, 2e-20, 2e-20, -1
0.201735, 0.496244, 0.508605, 0.05, -0.0301035, -0.0609648, -0.0449018, 0.0814807, 1007.05, 11281.1, 10, 2e-20, 3e-20, 2e-20, 2e-20, -1
0.180753, 0.498155, 0.691021, 0.05, -0.0328562, -0.0406154, -0.0149008, 0.0543247, 1006.72, 10758, 10, 2e-20, 3e-20, 2e-20, 2e-20, -1
0.256405, 0.496057, 0.80666, 0.05, 0.0855466, -0.0136968, -0.0739781, 0.113924, 1008.51, 13614.3, 10, 2e-20, 3e-20, 2e-20, 2e-20, -1
0.181691, 0.496868, 0.63171, 0.05, -0.0266449, -0.00976965, 0.0989914, 0.102979, 1010.03, 16055.5, 10, 2e-20, 3e-20, 2e-20, 2e-20, -1
0.172918, 0.49768, 0.85953, 0.05, -0.15436, -0.122953, 0.10438, 0.223248, 1005.71, 9128.78, 10, 2e-20, 3e-20, 2e-20, 2e-20, -1
0.223469, 0.459069, 0.737861, 0.05, -0.0274558, -0.0301722, -0.0216834, 0.046199, 1003.93, 6295.09, 10, 2e-20, 3e-20, 2e-20, 2e-20, -1
0.124055, 0.49224, 0.901837, 0.05, 0.0298757, 0.0751463, 0.0139738, 0.0820658, 1004.51, 7211.72, 10, 2e-20, 3e-20, 2e-20, 2e-20, -1
0.975269, -0.507273, 1.82274, 0.05, -0.000849706, 0.0030207, -0.590919, 0.590927, 1000.02, 33.4915, 10, 2e-20, 3e-20, 2e-20, 2e-20, -1
0.199433, 0.495861, 0.803762, 0.05, 0.0222347, 0.0305705, 0.159157, 0.163584, 1004.35, 6963.64, 10, 2e-20, 3e-20, 2e-20, 2e-20, -1
0.174597, 0.494268, 1.13422, 0.05, -0.10328, -0.0270393, 0.120191, 0.16076, 1004.89, 7822.05, 10, 2e-20, 3e-20, 2e-20, 2e-20, -1
0.147757, 0.498767, 0.802075, 0.05, -0.0658457, 0.0271591, 0.0728012, 0.101849, 1005.72, 9147.3, 10, 2e-20, 3e-20, 2e-20, 2e-20, -1
0.184788, 0.499577, 0.940009, 0.05, -0.033704, 0.0751094, 0.0171827, 0.0840989, 1004.93, 7888.43, 10, 2e-20, 3e-20, 2e-20, 2e-20, -1
0.0918496, 0.500531, 1.04113, 0.05, 0.00153596, 0.0319938, 0.0103676, 0.0336667, 1003.79, 6064.15, 10, 2e-20, 3e-20, 2e-20, 2e-20, -1
0.196069, 0.494604, 1.07162, 0.05, -0.0587101, -0.0029759, 0.15914, 0.16965, 998.948, -1683.18, 10, 2e-20, 3e-20, 2e-20, 2e-20, -1
0.153263, 0.49954, 1.27058, 0.05, 0.0779068, -0.0437186, -0.0563, 0.105596, 995.903, -6554.83, 10, 2e-20, 3e-20, 2e-20, 2e-20, -1
0.134179, 0.477337, 1.30677, 0.05, 0.0468706, -0.0772127, 0.137689, 0.164672, 992.834, -11465.8, 10, 2e-20, 3e-20, 2e-20, 2e-20, -1
0.224736, 0.451515, 0.924153, 0.05, 0.050855, -0.0157629, -0.0075792, 0.0537787, 998.19, -2895.2, 10, 2e-20, 3e-20, 2e-20, 2e-20, -1
0.190375, 0.497971, 1.20818, 0.05, -0.03516, -0.0143749, 0.0596848, 0.070747, 1003.98, 6375.07, 10, 2e-20, 3e-20, 2e-20, 2e-20, -1
0.208463, 0.495454, 1.26715, 0.05, -0.14729, -0.110968, -0.000116594, 0.184413, 1004.06, 6499.08, 10, 2e-20, 3e-20, 2e-20, 2e-20, -1
0.0878948, 0.498184, 1.28359, 0.05, 0.0264055, -0.0541903, -0.0287434, 0.0667834, 1001.8, 2885.55, 10, 2e-20, 3e-20, 2e-20, 2e-20, -1
0.150939, 0.438772, 0.993474, 0.05, -0.0923295, -0.158035, -0.117499, 0.217499, 1000.53, 843.539, 10, 2e-20, 3e-20, 2e-20, 2e-20, -1
0.249909, 0.501213, 1.03451, 0.05, -0.231011, -0.0196629, 0.0131907, 0.232221, 1000.79, 1268.23, 10, 2e-20, 3e-20, 2e-20, 2e-20, -1
0.0639724, 0.461721, 1.42388, 0.05, 0.158118, 0.255107, 0.201887, 0.361717, 1002.47, 3948.47, 10, 2e-20, 3e-20, 2e-20, 2e-20, -1
0.202657, 0.431124, 0.875537, 0.05, -0.0939252, 0.0867677, -0.0790032, 0.150307, 1003.49, 5577.9, 10, 2e-20, 3e-20, 2e-20, 2e-20, -1
0.209237, 0.445863, 1.11376, 0.05, -0.0517371, -0.0881868, 0.0602705, 0.118685, 1002.55, 4082.73, 10, 2e-20, 3e-20, 2e-20, 2e-20, -1
0.207775, 0.467884, 1.16693, 0.05, 0.0361844, 0.00979168, 0.00879148, 0.038503, 999.625, -600.782, 10, 2e-20, 3e-20, 2e-20, 2e-20, -1
0.103872, 0.425785, 1.3631, 0.05, -0.0589208, 0.0400777, 0.0419748, 0.0827029, 1001.54, 2463.67, 10, 2e-20, 3e-20, 2e-20, 2e-20, -1
0.214443, 0.327054, 1.06909, 0.05, -0.133733, 0.00516614, -0.218061, 0.255855, 1002.28, 3650.24, 10, 2e-20, 3e-20, 2e-20, 2e-20, -1
0.224574, 0.432762, 1.18173, 0.05, 0.0468115, -0.0365559, -0.181351, 0.19083, 1001.26, 2019.38, 10, 2e-20, 3e-20, 2e-20, 2e-20, -1
0.126952, 0.332485, 1.10434, 0.05, 0.0619913, 0.0259681, -0.0429223, 0.0797471, 1003.86, 6182.74, 10, 2e-20, 3e-20, 2e-20, 2e-20, -1
0.0363859, 0.460659, 1.35715, 0.05, 0.210942, 0.0407378, -0.0872321, 0.231874, 998.885, -1783.25, 10, 2e-20, 3e-20, 2e-20, 2e-20, -1
0.201107, 0.331227, 1.19297, 0.05, -0.0662515, -0.0428706, -0.124709, 0.147579, 1001.22, 1954.46, 10, 2e-20, 3e-20, 2e-20, 2e-20, -1
0.396377, 0.407043, 1.39738, 0.05, -0.0637637, -0.042733, -0.120775, 0.143103, 999.637, -580.337, 10, 2e-20, 3e-20, 2e-20, 2e-20, -1
-0.260154, 0.554109, 1.14023, 0.05, 0.624295, 1.09182, 0.301748, 1.29339, 971.877, -44997.1, 10, 2e-20, 3e-20, 2e-20, 2e-20, -1
0.00085096, 0.348883, 1.45861, 0.05, 0.000706023, -0.00783898, -0.0256681, 0.0268477, 993.7, -10080.3, 10, 2e-20, 3e-20, 2e-20, 2e-20, -1
0.102463, 0.387433, 1.45515, 0.05, -0.0269006, 0.121198, 0.00066946, 0.12415, 999.32, -1087.97, 10, 2e-20, 3e-20, 2e-20, 2e-20, -1
0.10881, 0.444297, 1.41913, 0.05, -0.0600077, 0.118792, 0.0782037, 0.154364, 1002.12, 3397.95, 10, 2e-20, 3e-20, 2e-20, 2e-20, -1
0.366184, 0.498831, 1.43897, 0.05, 0.050671, 0.0218562, -0.0202588, 0.0587849, 1001.46, 2338.64, 10, 2e-20, 3e-20, 2e-20, 2e-20, -1
0.121086, 0.403774, 1.43768, 0.05, -0.106047, 0.0238903, 0.072818, 0.13084, 1001.64, 2631.96, 10, 2e-20, 3e-20, 2e-20, 2e-20, -1
0.280669, 0.466471, 1.36103, 0.05, 0.067774, 0.0116549, -0.111002, 0.130578, 1000.28, 450.903, 10, 2e-20, 3e-20, 2e-20, 2e-20, -1
0.499092, 0.367759, 1.33777, 0.05, -0.157844, -0.160097, -0.0742858, 0.236779, 998.533, -2346.47, 10, 2e-20, 3e-20, 2e-20, 2e-20, -1
0.464327, 0.328428, 1.35945, 0.05, -0.124519, 0.0337404, -0.120087, 0.176251, 1003.76, 6012.7, 10, 2e-20, 3e-20, 2e-20, 2e-20, -1
-0.030512, 0.283953, 1.46572, 0.05, -0.0961858, -0.127743, -0.178197, 0.239425, 1003.41, 5460.46, 10, 2e-20, 3e-20, 2e-20, 2e-20, -1
0.182597, -0.45921, 0.0516598, 0.05, -0.0204669, 0.0159398, -0.119755, 0.122533, 1012.98, 20761.7, 10, 2e-20, 3e-20, 2e-20, 2e-20, -1
0.216559, -0.494226, 0.0651633, 0.05, 0.0333561, 0.1686, -0.0724281, 0.186506, 1016.47, 26356.8, 10, 2e-20, 3e-20, 2e-20, 2e-20, -1
0.213511, -0.491401, 0.125664, 0.05, 0.0611766, 0.0746284, -0.340661, 0.354065, 1007.14, 11427.7, 10, 2e-20, 3e-20, 2e-20, 2e-20, -1
0.236304, -0.49799, 0.184234, 0.05, 0.0332662, -0.0172887, -0.0846237, 0.0925565, 1010.9, 17439.2, 10, 2e-20, 3e-20, 2e-20, 2e-20, -1
0.203058, -0.497791, 0.243179, 0.05, 0.0115638, 0.133728, -0.0485273, 0.14273, 1008.98, 14374.4, 10, 2e-20, 3e-20, 2e-20, 2e-20, -1
0.222267, -0.493275, 0.339992, 0.05, -0.186923, -0.193186, 0.084287, 0.281719, 1014.83, 23728.4, 10, 2e-20, 3e-20, 2e-20, 2e-20, -1
0.193705, -0.495708, 0.534846, 0.05, -0.207916, -0.0770862, -0.00620131, 0.221833, 1007.42, 11874.2, 10, 2e-20, 3e-20, 2e-20, 2e-20, -1
0.171872, -0.49606, 0.371876, 0.05, -0.0175375, -0.202157, 0.373521, 0.42508, 1010.2, 16323.6, 10, 2e-20, 3e-20, 2e-20, 2e-20, -1
0.234974, -0.485893, 0.574726, 0.05, 0.010389, -0.0477635, 0.0468801, 0.0677276, 996.625, -5399.55, 10, 2e-20, 3e-20, 2e-20, 2e-20, -1
0.19079, -0.497816, 0.59977, 0.05, -0.04278, 0.0140729, 0.127499, 0.135219, 1009.26, 14822.4, 10, 2e-20, 3e-20, 2e-20, 2e-20, -1
0.224778, -0.496269, 0.7278, 0.05, -0.0978839, 0.103531, 0.174517, 0.225291, 1012.86, 20573.1, 10, 2e-20, 3e-20, 2e-20, 2e-20, -1
0.243499, -0.494439, 0.794536, 0.05, 0.0105581, 0.0627377, 0.299878, 0.306552, 1011.89, 19020.6, 10, 2e-20, 3e-20, 2e-20, 2e-20, -1
0.18795, -0.496504, 0.948616, 0.05, 0.155175, 0.0118409, 0.144357, 0.21227, 1005.58, 8935.01, 10, 2e-20, 3e-20, 2e-20, 2e-20, -1
0.239613, -0.496889, 0.909625, 0.05, -0.0149779, -0.00597989, 0.173726, 0.174473, 1005.82, 9316.72, 10, 2e-20, 3e-20, 2e-20, 2e-20, -1
0.27138, -0.471511, 0.723129, 0.05, -0.0232579, 0.125632, 0.125963, 0.179418, 1004.15, 6632.21, 10, 2e-20, 3e-20, 2e-20, 2e-20, -1
0.228642, -0.497414, 0.997288, 0.05, -0.0266877, 0.048828, 0.359391, 0.363673, 1007.59, 12149.5, 10, 2e-20, 3e-20, 2e-20, 2e-20, -1
0.225057, -0.444259, 0.750062, 0.05, 0.00413212, 0.00545763, 0.177627, 0.177759, 1006.97, 11159, 10, 2e-20, 3e-20, 2e-20, 2e-20, -1
0.317621, -0.49401, 1.06138, 0.05, -0.0817025, -0.0490643, 0.212172, 0.232593, 1007.16, 11449.8, 10, 2e-20, 3e-20, 2e-20, 2e-20, -1
0.230347, -0.46224, 0.954662, 0.05, 0.121945, -0.0429706, 0.224905, 0.259421, 1003.5, 5595.31, 10, 2e-20, 3e-20, 2e-20, 2e-20, -1
0.264379, -0.501352, 1.10014, 0.05, -0.147627, -0.0332083, 0.322064, 0.355839, 1008.11, 12975.8, 10, 2e-20, 3e-20, 2e-20, 2e-20, -1
0.243098, -0.495491, 1.17996, 0.05, 0.0266237, -0.0113867, 0.502495, 0.503329, 1005.63, 9001.01, 10, 2e-20, 3e-20, 2e-20, 2e-20, -1
0.257762, -0.491852, 1.04236, 0.05, -0.0582981, -0.103768, 0.263199, 0.28886, 999.521, -766.817, 10, 2e-20, 3e-20, 2e-20, 2e-20, -1
0.333689, -0.446068, 1.00395, 0.05, 0.0240742, 0.0719162, 0.097532, 0.123548, 997.998, -3203.75, 10, 2e-20, 3e-20, 2e-20, 2e-20, -1
0.280977, -0.498406, 1.22748, 0.05, -0.0191335, -0.043332, 0.369344, 0.372369, 1005.31, 8488.31, 10, 2e-20, 3e-20, 2e-20, 2e-20, -1
0.259978, -0.460608, 1.12286, 0.05, -0.207148, 0.0511783, 0.0672474, 0.223722, 1001.53, 2445.19, 10, 2e-20, 3e-20, 2e-20, 2e-20, -1
0.192201, -0.459947, 1.3364, 0.05, -0.364797, -0.137106, 0.557793, 0.680447, 992.856, -11430.1, 10, 2e-20, 3e-20, 2e-20, 2e-20, -1
0.252214, -0.463045, 1.06085, 0.05, -0.146097, -0.122563, 0.0605322, 0.200075, 1001.25, 2004.04, 10, 2e-20, 3e-20, 2e-20, 2e-20, -1
0.223884, -0.443675, 1.15779, 0.05, -0.170062, 0.0491024, 0.312782, 0.359395, 1004.2, 6719.34, 10, 2e-20, 3e-20, 2e-20, 2e-20, -1
0.314122, -0.500831, 1.25928, 0.05, -0.142921, 0.00325812, 0.31364, 0.344684, 1000.19, 299.42, 10, 2e-20, 3e-20, 2e-20, 2e-20, -1
0.25001, -0.486947, 1.30344, 0.05, -0.278635, -0.0343118, -0.00133872, 0.280743, 1002.95, 4712.32, 10, 2e-20, 3e-20, 2e-20, 2e-20, -1
0.243795, -0.45908, 1.22904, 0.05, -0.0977287, -0.118582, 0.479204, 0.503238, 1001.72, 2758.78, 10, 2e-20, 3e-20, 2e-20, 2e-20, -1
0.247498, -0.42459, 1.33485, 0.05, -0.15653, 0.196132, 0.601496, 0.651741, 1006.78, 10849.9, 10, 2e-20, 3e-20, 2e-20, 2e-20, -1
0.244454, -0.446455, 1.28364, 0.05, 0.0400857, -0.238666, 0.305256, 0.389551, 999.662, -540.267, 10, 2e-20, 3e-20, 2e-20, 2e-20, -1
0.237889, -0.308124, 1.37334, 0.05, -0.129984, 0.045559, 0.318331, 0.346852, 989.352, -17037.4, 10, 2e-20, 3e-20, 2e-20, 2e-20, -1
0.241853, -0.34635, 1.34405, 0.05, -0.148433, -0.116153, -0.191262, 0.268524, 1001.33, 2135.07, 10, 2e-20, 3e-20, 2e-20, 2e-20, -1
0.311142, -0.318012, 1.3089, 0.05, -0.10857, -0.0390246, 0.118954, 0.165712, 1001.78, 2849.96, 10, 2e-20, 3e-20, 2e-20, 2e-20, -1
0.229553, -0.463765, 1.45418, 0.05, -0.50395, 0.134951, -0.0394632, 0.523197, 998.348, -2642.59, 10, 2e-20, 3e-20, 2e-20, 2e-20, -1
0.128633, -0.398809, 1.37134, 0.05, -0.196174, 0.344337, 0.867713, 0.953928, 1010.64, 17028.8, 10, 2e-20, 3e-20, 2e-20, 2e-20, -1
0.194704, -0.416713, 1.47402, 0.05, 0.0682511, -0.187937, -0.188096, 0.274515, 1000.61, 980.328, 10, 2e-20, 3e-20, 2e-20, 2e-20, -1
0.192983, -0.414588, 1.44004, 0.05, -0.264725, -0.349336, -0.0343901, 0.439656, 987.35, -20240.4, 10, 2e-20, 3e-20, 2e-20, 2e-20, -1
0.231591, -0.36556, 1.27339, 0.05, -0.0123238, -0.109423, 0.157521, 0.192193, 998.375, -2600.52, 10, 2e-20, 3e-20, 2e-20, 2e-20, -1
0.196709, -0.299078, 1.37101, 0.05, -0.226232, -0.0040722, 0.200223, 0.302137, 996.866, -5013.89, 10, 2e-20, 3e-20, 2e-20, 2e-20, -1
0.214255, -0.295127, 1.25127, 0.05, -0.0253786, 0.0194193, 0.331156, 0.332694, 1004.42, 7073.52, 10, 2e-20, 3e-20, 2e-20, 2e-20, -1
0.226554, -0.331292, 1.30453, 0.05, -0.0361529, 0.0620738, 0.320569, 0.328519, 1003.66, 5852.57, 10, 2e-20, 3e-20, 2e-20, 2e-20, -1
0.235367, -0.477356, 1.43411, 0.05, -0.749885, -0.0315933, 0.0939303, 0.756405, 996.868, -5011.87, 10, 2e-20, 3e-20, 2e-20, 2e-20, -1
0.249912, -0.244686, 1.30372, 0.05, -0.193426, -0.0073111, 0.101585, 0.218601, 1003.71, 5933.04, 10, 2e-20, 3e-20, 2e-20, 2e-20, -1
0.0866955, -0.459273, 1.42161, 0.05, 0.300183, -0.0390739, -0.0430492, 0.305761, 989.744, -16410.3, 10, 2e-20, 3e-20, 2e-20, 2e-20, -1
0.205363, -0.479167, 1.51711, 0.05, -0.942345, 0.051535, 0.295326, 0.988882, 996.005, -6391.55, 10, 2e-20, 3e-20, 2e-20, 2e-20, -1
0.213059, -0.270736, 1.30353, 0.05, -0.0310245, -0.134863, 0.283512, 0.315483, 1005.42, 8666.07, 10, 2e-20, 3e-20, 2e-20, 2e-20, -1
0.198456, -0.232481, 1.26487, 0.05, -0.161168, -0.00615349, 0.204212, 0.260222, 1004.67, 7475.41, 10, 2e-20, 3e-20, 2e-20, 2e-20, -1
0.238637, -0.223979, 1.37763, 0.05, -0.127089, 0.115155, 0.385135, 0.421593, 995.474, -7241.84, 10, 2e-20, 3e-20, 2e-20, 2e-20, -1
0.195171, -0.345829, 0.0515903, 0.05, 0.119509, 0.0158278, 0.0395388, 0.126871, 1010.68, 17086.7, 10, 2e-20, 3e-20, 2e-20, 2e-20, -1
0.222878, -0.430809, 0.081904, 0.05, -0.20723, 0.0469583, 0.177854, 0.277094, 1006.9, 11043.2, 10, 2e-20, 3e-20, 2e-20, 2e-20, -1
0.262008, -0.431468, 0.172675, 0.05, 0.0778175, -0.0260211, -0.0778518, 0.113109, 1007.75, 12407.8, 10, 2e-20, 3e-20, 2e-20, 2e-20, -1
0.187499, -0.441052, 0.110363, 0.05, -0.122748, -0.280598, 0.0438791, 0.309399, 1005.29, 8461.02, 10, 2e-20, 3e-20, 2e-20, 2e-20, -1
0.216298, -0.454342, 0.151781, 0.05, -0.00242052, -0.128779, 0.117873, 0.174597, 1004.47, 7148.12, 10, 2e-20, 3e-20, 2e-20, 2e-20, -1
0.187552, -0.461222, 0.202924, 0.05, -0.0736302, 0.0190687, -0.0349293, 0.0836964, 1000.38, 613.632, 10, 2e-20, 3e-20, 2e-20, 2e-20, -1
0.218411, -0.443442, 0.368713, 0.05, -0.0468498, 0.236747, 0.318987, 0.399996, 1004.23, 6774.05, 10, 2e-20, 3e-20, 2e-20, 2e-20, -1
0.264787, -0.470617, 0.357595, 0.05, -0.0112727, 0.0507965, 0.189883, 0.196883, 1003.77, 6034.46, 10, 2e-20, 3e-20, 2e-20, 2e-20, -1
0.283429, -0.445494, 0.430848, 0.05, -0.141354, 0.132344, 0.112077, 0.223734, 1006.66, 10663.6, 10, 2e-20, 3e-20, 2e-20, 2e-20, -1
0.213486, -0.455688, 0.461099, 0.05, -0.168853, 0.0353737, -0.00629603, 0.172633, 1001.07, 1711.73, 10, 2e-20, 3e-20, 2e-20, 2e-20, -1
0.267554, -0.449244, 0.479889, 0.05, 0.139881, 0.305043, 0.110113, 0.353189, 1003.58, 5724.56, 10, 2e-20, 3e-20, 2e-20, 2e-20, -1
0.200368, -0.450571, 0.559271, 0.05, 0.0384259, 0.129105, 0.0642844, 0.149256, 1000.83, 1320.59, 10, 2e-20, 3e-20, 2e-20, 2e-20, -1
0.276797, -0.399345, 0.445991, 0.05, -0.0582951, -0.0987404, -0.0613443, 0.130043, 1006.84, 10938.4, 10, 2e-20, 3e-20, 2e-20, 2e-20, -1
0.257008, -0.383313, 0.387866, 0.05, -0.073011, -0.0230081, -0.00117622, 0.0765596, 1003.8, 6082.13, 10, 2e-20, 3e-20, 2e-20, 2e-20, -1
0.238313, -0.412178, 0.477506, 0.05, 0.0562001, -0.0891778, -0.0597824, 0.121182, 1008.65, 13841.9, 10, 2e-20, 3e-20, 2e-20, 2e-20, -1
0.237, -0.340603, 0.416241, 0.05, -0.0760621, 0.00713259, 0.0227205, 0.0797028, 1005.01, 8013.2, 10, 2e-20, 3e-20, 2e-20, 2e-20, -1
0.205655, -0.383728, 0.496829, 0.05, -0.0978471, 0.0368016, 0.0476408, 0.114883, 1003.24, 5187.64, 10, 2e-20, 3e-20, 2e-20, 2e-20, -1
0.224523, -0.405213, 0.531269, 0.05, -0.0729855, -0.0662655, 0.148584, 0.178312, 1003.84, 6151.85, 10, 2e-20, 3e-20, 2e-20, 2e-20, -1
0.235185, -0.34131, 0.468101, 0.05, -0.0634751, 0.0570333, 0.042789, 0.0954609, 1003.11, 4970.24, 10, 2e-20, 3e-20, 2e-20, 2e-20, -1
0.196057, -0.437273, 0.607313, 0.05, -0.0264574, 0.0714552, 0.070939, 0.104107, 1004.28, 6845.8, 10, 2e-20, 3e-20, 2e-20, 2e-20, -1
0.225396, -0.42963, 0.65831, 0.05, 0.0296994, 0.119615, 0.0428511, 0.130484, 1001.15, 1842.29, 10, 2e-20, 3e-20, 2e-20, 2e-20, -1
0.270007, -0.425937, 0.733192, 0.05, 0.00717251, 0.165576, 0.170764, 0.237964, 1006.8, 10877.6, 10, 2e-20, 3e-20, 2e-20, 2e-20, -1
0.270552, -0.414133, 0.821518, 0.05, -0.0656796, -0.0589991, 0.212491, 0.230103, 1005.22, 8352.36, 10, 2e-20, 3e-20, 2e-20, 2e-20, -1
0.276787, -0.409168, 0.770193, 0.05, 0.00134464, 0.0233584, 0.100517, 0.103204, 1001.79, 2868.43, 10, 2e-20, 3e-20, 2e-20, 2e-20, -1
0.218123, -0.443298, 1.00183, 0.05, -0.030889, -0.144538, 0.175266, 0.229267, 1003.94, 6298.62, 10, 2e-20, 3e-20, 2e-20, 2e-20, -1
0.189244, -0.383218, 0.806361, 0.05, -0.0188396, 0.014034, 0.0845689, 0.0877712, 1004.94, 7910.42, 10, 2e-20, 3e-20, 2e-20, 2e-20, -1
0.189716, -0.376228, 0.751969, 0.05, -0.0345293, 0.00931009, 0.0944896, 0.101031, 1003.35, 5362.44, 10, 2e-20, 3e-20, 2e-20, 2e-20, -1
0.256854, -0.364492, 0.757415, 0.05, 0.01791, 0.0602333, -0.00972456, 0.0635876, 1002.66, 4254.15, 10, 2e-20, 3e-20, 2e-20, 2e-20, -1
0.204868, -0.417652, 0.949404, 0.05, -0.0136433, -0.108221, 0.228273, 0.252995, 1003.72, 5953.21, 10, 2e-20, 3e-20, 2e-20, 2e-20, -1
0.23848, -0.401468, 0.98629, 0.05, 0.0204079, 0.026896, 0.0764998, 0.0836187, 1003.75, 5999.76, 10, 2e-20, 3e-20, 2e-20, 2e-20, -1
0.226809, -0.383791, 0.891746, 0.05, 0.0615319, -0.083197, 0.0814723, 0.131703, 1003.93, 6287.05, 10, 2e-20, 3e-20, 2e-20, 2e-20, -1
0.198785, -0.36441, 0.858502, 0.05, -0.0921313, -0.0330728, -0.03966, 0.105617, 1002.34, 3741.13, 10, 2e-20, 3e-20, 2e-20, 2e-20, -1
0.236952, -0.328375, 0.885858, 0.05, -0.0720635, 0.0413366, 0.0256785, 0.0869554, 1007.07, 11310.2, 10, 2e-20, 3e-20, 2e-20, 2e-20, -1
0.262238, -0.408109, 1.02517, 0.05, -0.019876, 0.0297346, 0.159631, 0.163589, 1004.97, 7946.97, 10, 2e-20, 3e-20, 2e-20, 2e-20, -1
0.266417, -0.367768, 0.906393, 0.05, -0.117586, -0.0920237, -0.00570923, 0.149423, 1003.15, 5032.44, 10, 2e-20, 3e-20, 2e-20, 2e-20, -1
0.208334, -0.388635, 1.13917, 0.05, -0.208029, -0.0692815, 0.238895, 0.324264, 998.543, -2331.85, 10, 2e-20, 3e-20, 2e-20, 2e-20, -1
0.247828, -0.410356, 1.18521, 0.05, -0.0383866, -0.00454354, 0.265305, 0.268106, 998.928, -1714.61, 10, 2e-20, 3e-20, 2e-20, 2e-20, -1
0.274371, -0.420144, 1.25366, 0.05, -0.123051, 0.0336845, 0.259528, 0.28919, 1001.2, 1917.8, 10, 2e-20, 3e-20, 2e-20, 2e-20, -1
0.23268, -0.396963, 1.19851, 0.05, -0.188718, -0.196724, 0.263515, 0.37915, 1002.84, 4542.69, 10, 2e-20, 3e-20, 2e-20, 2e-20, -1
0.269485, -0.386057, 1.24694, 0.05, -0.241291, -0.0794286, 0.233116, 0.34478, 996.274, -5962.39, 10, 2e-20, 3e-20, 2e-20, 2e-20, -1
0.305713, -0.381884, 1.21354, 0.05, -0.188861, -0.0335501, 0.0266486, 0.19366, 1000.28, 443.012, 10, 2e-20, 3e-20, 2e-20, 2e-20, -1
0.257946, -0.369851, 1.21483, 0.05, -0.156251, -0.00719796, 0.102514, 0.187017, 1001.15, 1840.1, 10, 2e-20, 3e-20, 2e-20, 2e-20, -1
0.200623, -0.332925, 1.12547, 0.05, -0.0629032, -0.0254001, 0.187323, 0.199228, 1003.46, 5536.64, 10, 2e-20, 3e-20, 2e-20, 2e-20, -1
0.28675, -0.327595, 1.2257, 0.05, -0.099464, -0.0287402, 0.11541, 0.155044, 1001.15, 1845.46, 10, 2e-20, 3e-20, 2e-20, 2e-20, -1
0.191452, -0.30266, 1.1366, 0.05, -0.100603, -0.243733, 0.11038, 0.285851, 999.004, -1594.26, 10, 2e-20, 3e-20, 2e-20, 2e-20, -1
0.226894, -0.334423, 1.16846, 0.05, -0.273408, -0.0405901, 0.139882, 0.309784, 1004.18, 6691.71, 10, 2e-20, 3e-20, 2e-20, 2e-20, -1
0.223214, -0.213047, 1.16924, 0.05, 0.0352337, -0.0684317, 0.196952, 0.211458, 1005.21, 8336.48, 10, 2e-20, 3e-20, 2e-20, 2e-20, -1
0.19437, -0.295192, 1.18173, 0.05, -0.107676, -0.0198906, 0.152068, 0.187388, 1001.04, 1662.1, 10, 2e-20, 3e-20, 2e-20, 2e-20, -1
0.179327, -0.244021, 1.16583, 0.05, -0.0696799, -0.0569692, 0.202993, 0.222051, 1006.79, 10866.5, 10, 2e-20, 3e-20, 2e-20, 2e-20, -1
0.175231, -0.259659, 1.24498, 0.05, -0.119649, -0.0152124, 0.0943774, 0.153149, 1005.74, 9182.74, 10, 2e-20, 3e-20, 2e-20, 2e-20, -1
0.164041, -0.323841, 1.47698, 0.05, -0.19079, 0.0401113, 0.31837, 0.373322, 1001.93, 3088.68, 10, 2e-20, 3e-20, 2e-20, 2e-20, -1
0.215527, -0.373641, 0.104592, 0.05, -0.0893976, 0.196824, 0.211028, 0.3021, 1004.97, 7949.27, 10, 2e-20, 3e-20, 2e-20, 2e-20, -1
0.192803, -0.403895, 0.0507359, 0.05, -0.153414, 0.160483, 0.23628, 0.324221, 1011.84, 18943.8, 10, 2e-20, 3e-20, 2e-20, 2e-20, -1
0.283933, -0.402002, 0.134164, 0.05, -0.013875, 0.12832, -0.0858474, 0.155011, 1011.76, 18817.4, 10, 2e-20, 3e-20, 2e-20, 2e-20, -1
0.226204, -0.44332, 0.205496, 0.05, 0.145503, 0.103985, 0.0411575, 0.183515, 1006.07, 9713.8, 10, 2e-20, 3e-20, 2e-20, 2e-20, -1
0.195442, -0.477491, 0.281044, 0.05, -0.0525893, -0.107124, 0.237847, 0.266106, 1000.75, 1199.38, 10, 2e-20, 3e-20, 2e-20, 2e-20, -1
0.221386, -0.440952, 0.306588, 0.05, -0.0232203, 0.0525334, 0.0338186, 0.0666531, 1011.65, 18633.7, 10, 2e-20, 3e-20, 2e-20, 2e-20, -1
0.196254, -0.305927, 0.171206, 0.05, 0.250339, -0.134225, 0.0968999, 0.300126, 1004.55, 7283.86, 10, 2e-20, 3e-20, 2e-20, 2e-20, -1
0.181838, -0.434987, 0.325963, 0.05, -0.146037, -0.126067, 0.0510318, 0.199559, 1005.32, 8504.98, 10, 2e-20, 3e-20, 2e-20, 2e-20, -1
0.210906, -0.474976, 0.413011, 0.05, -0.0709166, 0.120149, 0.0852045, 0.163477, 996.572, -5484.3, 10, 2e-20, 3e-20, 2e-20, 2e-20, -1
0.234485, -0.43068, 0.427198, 0.05, -0.0416563, 0.0859934, -0.0161579, 0.0969081, 1004.23, 6772.06, 10, 2e-20, 3e-20, 2e-20, 2e-20, -1
0.250325, -0.372981, 0.324586, 0.05, -0.0505086, 0.106559, 0.0926868, 0.14999, 1010.98, 17568.1, 10, 2e-20, 3e-20, 2e-20, 2e-20, -1
0.211806, -0.396373, 0.349517, 0.05, -0.0402058, -0.0261485, 0.11373, 0.123429, 1003.48, 5571.71, 10, 2e-20, 3e-20, 2e-20, 2e-20, -1
0.287814, -0.345303, 0.345192, 0.05, -0.0347448, 0.0883467, 0.0158839, 0.096253, 1006.18, 9895.13, 10, 2e-20, 3e-20, 2e-20, 2e-20, -1
0.307951, -0.316148, 0.375523, 0.05, -0.0275316, -0.0279638, 0.0721829, 0.0821604, 1008, 12807.4, 10, 2e-20, 3e-20, 2e-20, 2e-20, -1
0.325419, -0.30823, 0.440699, 0.05, 0.0114332, -0.00664548, -0.0577372, 0.0592323, 1006.75, 10807.1, 10, 2e-20, 3e-20, 2e-20, 2e-20, -1
0.263891, -0.26396, 0.342834, 0.05, -0.00662945, 0.00945327, -0.0621111, 0.0631752, 1003.53, 5651.99, 10, 2e-20, 3e-20, 2e-20, 2e-20, -1
0.27472, -0.312511, 0.421478, 0.05, -0.0653543, 0.0667703, -0.0598295, 0.110946, 1002.6, 4153.89, 10, 2e-20, 3e-20, 2e-20, 2e-20, -1
0.285922, -0.268489, 0.385414, 0.05, -0.0583206, 0.0210963, -0.0402151, 0.0739161, 1007.23, 11572.8, 10, 2e-20, 3e-20, 2e-20, 2e-20, -1
0.279181, -0.262663, 0.434705, 0.05, 0.0417638, 0.103877, -0.0194708, 0.113638, 1006.71, 10731.3, 10, 2e-20, 3e-20, 2e-20, 2e-20, -1
0.247409, -0.356044, 0.519005, 0.05, -0.0567532, -0.0433484, 0.0918543, 0.11635, 1004.28, 6841.69, 10, 2e-20, 3e-20, 2e-20, 2e-20, -1
0.217188, -0.363997, 0.560444, 0.05, -0.0733103, -0.0852023, -0.00346994, 0.112454, 1003.33, 5325.43, 10, 2e-20, 3e-20, 2e-20, 2e-20, -1
0.26313, -0.421634, 0.626049, 0.05, -0.029283, 0.0259472, 0.13516, 0.140708, 1003.43, 5488.51, 10, 2e-20, 3e-20, 2e-20, 2e-20, -1
0.306896, -0.396566, 0.699407, 0.05, -0.0144379, 0.0330436, 0.0931275, 0.0998652, 1006.04, 9664.75, 10, 2e-20, 3e-20, 2e-20, 2e-20, -1
0.299805, -0.383082, 0.590434, 0.05, -0.166551, -0.0341788, 0.0622228, 0.18105, 1006.49, 10380.4, 10, 2e-20, 3e-20, 2e-20, 2e-20, -1
0.229149, -0.399346, 0.773565, 0.05, -0.0821098, 0.085576, 0.136234, 0.180624, 1003.53, 5653.65, 10, 2e-20, 3e-20, 2e-20, 2e-20, -1
0.154741, -0.39008, 0.728723, 0.05, 0.00618294, 0.0182471, 0.199942, 0.200868, 998.929, -1713.55, 10, 2e-20, 3e-20, 2e-20, 2e-20, -1
0.225032, -0.35537, 0.717632, 0.05, 0.0178589, 0.00542778, 0.130116, 0.131448, 1003.97, 6351.31, 10, 2e-20, 3e-20, 2e-20, 2e-20, -1
0.256345, -0.32034, 0.673268, 0.05, -0.0167363, -0.0131377, 0.0103175, 0.0236464, 1004.7, 7521.11, 10, 2e-20, 3e-20, 2e-20, 2e-20, -1
0.277237, -0.291489, 0.750315, 0.05, -0.0478722, -0.0434574, 0.0559724, 0.0855173, 1002.29, 3659.12, 10, 2e-20, 3e-20, 2e-20, 2e-20, -1
0.231255, -0.324428, 0.755217, 0.05, 0.0148699, 0.0468833, 0.0692201, 0.0849151, 1001.35, 2158.52, 10, 2e-20, 3e-20, 2e-20, 2e-20, -1
0.245271, -0.270236, 0.785073, 0.05, -0.0706087, -0.0359897, 0.13482, 0.156388, 1004.88, 7813.1, 10, 2e-20, 3e-20, 2e-20, 2e-20, -1
0.301718, -0.216744, 0.741215, 0.05, -0.000208832, -0.0710522, -0.0557934, 0.0903403, 1006.25, 9999.83, 10, 2e-20, 3e-20, 2e-20, 2e-20, -1
0.331254, -0.173512, 0.743626, 0.05, -0.0147095, 0.0611043, -0.0323187, 0.0706725, 1007.44, 11896, 10, 2e-20, 3e-20, 2e-20, 2e-20, -1
0.247863, -0.295412, 0.835778, 0.05, -0.0619018, -0.0111651, 0.0556309, 0.0839719, 1004.37, 6989.47, 10, 2e-20, 3e-20, 2e-20, 2e-20, -1
0.289952, -0.26637, 0.845678, 0.05, -0.117992, 0.0829773, 0.0488516, 0.152296, 1005.38, 8612.99, 10, 2e-20, 3e-20, 2e-20, 2e-20, -1
0.264787, -0.284388, 0.889147, 0.05, -0.137303, -0.0440303, 0.0488976, 0.152256, 1000.16, 263.661, 10, 2e-20, 3e-20, 2e-20, 2e-20, -1
0.239816, -0.374944, 0.945046, 0.05, 0.000884295, 0.0147681, 0.079108, 0.0804795, 1001.91, 3050.88, 10, 2e-20, 3e-20, 2e-20, 2e-20, -1
0.277562, -0.321368, 0.929126, 0.05, -0.113603, -0.0592648, 0.033261, 0.132379, 1004.34, 6948.41, 10, 2e-20, 3e-20, 2e-20, 2e-20, -1
0.238017, -0.321069, 1.00498, 0.05, -0.168976, 0.0174074, 0.0887726, 0.191667, 1002.46, 3943.86, 10, 2e-20, 3e-20, 2e-20, 2e-20, -1
0.221048, -0.297137, 1.05425, 0.05, -0.140918, -0.0238361, 0.0675759, 0.15809, 1003.14, 5024.12, 10, 2e-20, 3e-20, 2e-20, 2e-20, -1
0.192673, -0.260139, 1.02474, 0.05, -0.0605527, -0.0574082, 0.0993332, 0.129728, 999.664, -536.916, 10, 2e-20, 3e-20, 2e-20, 2e-20, -1
0.150643, -0.277972, 1.05522, 0.05, -0.117847, 0.0539266, 0.152577, 0.200189, 997.765, -3576.69, 10, 2e-20, 3e-20, 2e-20, 2e-20, -1
0.211129, -0.361189, 1.09352, 0.05, -0.102267, -0.0231131, 0.103235, 0.14714, 1000.27, 430.659, 10, 2e-20, 3e-20, 2e-20, 2e-20, -1
0.180013, -0.309775, 1.08309, 0.05, -0.0445237, -0.0263617, 0.166485, 0.174341, 1005.2, 8314.05, 10, 2e-20, 3e-20, 2e-20, 2e-20, -1
0.197756, -0.254177, 1.08177, 0.05, -0.201195, -0.0104612, 0.0180997, 0.202278, 1002.69, 4300.83, 10, 2e-20, 3e-20, 2e-20, 2e-20, -1
0.166216, -0.173256, 1.06597, 0.05, -0.0424764, -0.0822273, 0.0622515, 0.111538, 1002.01, 3211.21, 10, 2e-20, 3e-20, 2e-20, 2e-20, -1
0.156313, -0.182834, 1.12192, 0.05, -0.125739, -0.0401522, 0.0616264, 0.145672, 1000.55, 874.036, 10, 2e-20, 3e-20, 2e-20, 2e-20, -1
0.202549, -0.231559, 1.12546, 0.05, -0.0909033, 0.0100999, 0.0235679, 0.0944503, 1006.22, 9957.06, 10, 2e-20, 3e-20, 2e-20, 2e-20, -1
0.130036, -0.211525, 1.20698, 0.05, -0.0599719, -0.0263567, 0.207827, 0.217907, 1000.93, 1493.02, 10, 2e-20, 3e-20, 2e-20, 2e-20, -1
0.155587, -0.181856, 1.19689, 0.05, 0.0685029, 0.0819043, 0.0747631, 0.130348, 1000.15, 238.298, 10, 2e-20, 3e-20, 2e-20, 2e-20, -1
0.0987769, -0.255996, 1.45983, 0.05, -0.0302008, 0.092226, 0.221627, 0.241942, 1001.7, 2722.33, 10, 2e-20, 3e-20, 2e-20, 2e-20, -1
0.230172, -0.312809, 0.0700117, 0.05, -0.170603, 0.0398797, -0.0295017, 0.177668, 1004.72, 7553.02, 10, 2e-20, 3e-20, 2e-20, 2e-20, -1
0.281752, -0.380593, 0.094857, 0.05, 0.109641, -0.0799364, -0.0706337, 0.152971, 1002.72, 4353.1, 10, 2e-20, 3e-20, 2e-20, 2e-20, -1
0.249119, -0.341483, 0.119019, 0.05, 0.0567752, 0.270112, -0.153539, 0.315846, 1008.9, 14242.8, 10, 2e-20, 3e-20, 2e-20, 2e-20, -1
0.276792, -0.303467, 0.122917, 0.05, 0.00780453, 0.114372, -0.0962915, 0.149713, 1001.92, 3069.28, 10, 2e-20, 3e-20, 2e-20, 2e-20, -1
0.239685, -0.36971, 0.159555, 0.05, 0.0381044, 0.0675179, 0.21543, 0.228955, 1007.67, 12267.6, 10, 2e-20, 3e-20, 2e-20, 2e-20, -1
0.195204, -0.34147, 0.134611, 0.05, 0.0817876, 0.0428482, -0.0510639, 0.105512, 1011.65, 18644.5, 10, 2e-20, 3e-20, 2e-20, 2e-20, -1
0.192995, -0.267165, 0.140093, 0.05, -0.0820573, 0.158027, 0.0534721, 0.185917, 1010.56, 16895.4, 10, 2e-20, 3e-20, 2e-20, 2e-20, -1
0.241651, -0.266369, 0.169603, 0.05, 0.10287, -0.0257609, -0.162466, 0.194013, 1005.83, 9323.82, 10, 2e-20, 3e-20, 2e-20, 2e-20, -1
0.22615, -0.404374, 0.245132, 0.05, -0.149555, 0.0428364, 0.107127, 0.188886, 1000.66, 1052.88, 10, 2e-20, 3e-20, 2e-20, 2e-20, -1
0.237289, -0.294157, 0.206166, 0.05, -0.0833641, -0.0672677, -0.221466, 0.246011, 1002.7, 4320.3, 10, 2e-20, 3e-20, 2e-20, 2e-20, -1
0.228027, -0.323504, 0.235936, 0.05, -0.111811, -0.0552121, -0.112227, 0.167765, 998.817, -1892.86, 10, 2e-20, 3e-20, 2e-20, 2e-20, -1
0.257707, -0.237012, 0.229028, 0.05, -0.0301779, -0.00367402, 0.0716866, 0.0778664, 1006.21, 9935.16, 10, 2e-20, 3e-20, 2e-20, 2e-20, -1
0.238839, -0.357636, 0.269526, 0.05, -0.151913, 0.15929, -0.0684012, 0.230498, 1002.98, 4761.76, 10, 2e-20, 3e-20, 2e-20, 2e-20, -1
0.234893, -0.276335, 0.251544, 0.05, -0.0379212, -0.00350631, -0.0531352, 0.0653733, 1008.26, 13209.1, 10, 2e-20, 3e-20, 2e-20, 2e-20, -1
0.249161, -0.318818, 0.327388, 0.05, 0.0591721, 0.0680417, -0.0210259, 0.092591, 1003.03, 4854.62, 10, 2e-20, 3e-20, 2e-20, 2e-20, -1
0.269731, -0.285399, 0.296657, 0.05, -0.0582533, 0.033828, 0.131175, 0.147461, 1009.33, 14920.5, 10, 2e-20, 3e-20, 2e-20, 2e-20, -1
0.265065, -0.215141, 0.32704, 0.05, 0.0274499, -0.0820476, -0.0031455, 0.0865748, 1006.23, 9972.45, 10, 2e-20, 3e-20, 2e-20, 2e-20, -1
0.253562, -0.21679, 0.379134, 0.05, 0.0492331, -0.0616281, 0.0308797, 0.0847082, 1009.55, 15285.3, 10, 2e-20, 3e-20, 2e-20, 2e-20, -1
0.236231, -0.243648, 0.419948, 0.05, -0.0549328, -0.010514, -0.0263416, 0.0618226, 1010.05, 16073.1, 10, 2e-20, 3e-20, 2e-20, 2e-20, -1
0.252071, -0.304884, 0.514231, 0.05, -0.0537246, -0.0885188, 0.085119, 0.134042, 1008.88, 14205, 10, 2e-20, 3e-20, 2e-20, 2e-20, -1
0.267553, -0.336198, 0.558337, 0.05, -0.0374865, 0.0926256, -0.016069, 0.101207, 1007.61, 12180.6, 10, 2e-20, 3e-20, 2e-20, 2e-20, -1
0.220766, -0.312548, 0.568896, 0.05, -0.0228114, -0.0180169, -0.0402671, 0.049663, 1005.25, 8402.5, 10, 2e-20, 3e-20, 2e-20, 2e-20, -1
0.288588, -0.263974, 0.51618, 0.05, 0.033419, -0.00333394, 0.0995316, 0.105045, 998.06, -3104.55, 10, 2e-20, 3e-20, 2e-20, 2e-20, -1
0.246954, -0.269552, 0.548093, 0.05, 0.0205431, 0.0105083, -0.0645259, 0.0685276, 1002.05, 3281.39, 10, 2e-20, 3e-20, 2e-20, 2e-20, -1
0.24366, -0.314932, 0.597755, 0.05, -0.0246702, -0.0379947, 0.0738218, 0.0866133, 1001.22, 1947.77, 10, 2e-20, 3e-20, 2e-20, 2e-20, -1
0.246265, -0.352194, 0.652791, 0.05, -0.162545, 0.0392643, 0.0370561, 0.171276, 1002.64, 4218.06, 10, 2e-20, 3e-20, 2e-20, 2e-20, -1
0.214944, -0.308193, 0.638699, 0.05, -0.0132024, -0.00425284, 0.0840759, 0.0852124, 1002.73, 4375.37, 10, 2e-20, 3e-20, 2e-20, 2e-20, -1
0.265413, -0.278489, 0.622413, 0.05, -0.0154995, -0.0532194, 0.0323116, 0.0641606, 999.917, -133.168, 10, 2e-20, 3e-20, 2e-20, 2e-20, -1
0.225967, -0.27144, 0.660705, 0.05, -0.0744585, -0.0640166, -0.0703294, 0.120783, 1001.47, 2344.23, 10, 2e-20, 3e-20, 2e-20, 2e-20, -1
0.270175, -0.246396, 0.667397, 0.05, 0.0109267, -0.04735, 0.117046, 0.126732, 1007, 11199.4, 10, 2e-20, 3e-20, 2e-20, 2e-20, -1
0.261028, -0.243772, 0.732857, 0.05, 0.016063, -0.0300819, 0.000824037, 0.0341119, 1005, 8001.53, 10, 2e-20, 3e-20, 2e-20, 2e-20, -1
0.262413, -0.204796, 0.694716, 0.05, -0.107986, -0.00493003, 0.0792927, 0.134062, 1003.6, 5755, 10, 2e-20, 3e-20, 2e-20, 2e-20, -1
0.223079, -0.132836, 0.703932, 0.05, 0.0417931, -0.0211455, 0.0338906, 0.0578133, 1001.98, 3175.27, 10, 2e-20, 3e-20, 2e-20, 2e-20, -1
0.278114, -0.136845, 0.750855, 0.05, 0.0098884, 0.0300547, 0.0745856, 0.081019, 1003.54, 5658.45, 10, 2e-20, 3e-20, 2e-20, 2e-20, -1
0.288688, -0.237066, 0.794598, 0.05, -0.12012, -0.0261178, 0.115163, 0.168444, 1002.34, 3740.96, 10, 2e-20, 3e-20, 2e-20, 2e-20, -1
0.29417, -0.206994, 0.838063, 0.05, -0.0565645, -0.0150955, -0.0194431, 0.0616884, 1008.63, 13811.2, 10, 2e-20, 3e-20, 2e-20, 2e-20, -1
0.257626, -0.244088, 0.925813, 0.05, -0.092869, -0.0962981, 0.0661932, 0.149263, 1007.51, 12018.7, 10, 2e-20, 3e-20, 2e-20, 2e-20, -1
0.256465, -0.285757, 0.960019, 0.05, -0.253096, 0.0447138, 0.0470421, 0.261285, 1007.19, 11510.6, 10, 2e-20, 3e-20, 2e-20, 2e-20, -1
0.303976, -0.152255, 0.911933, 0.05, -0.0868869, -0.0527582, 0.0371639, 0.108231, 1003.32, 5306.73, 10, 2e-20, 3e-20, 2e-20, 2e-20, -1
0.208136, -0.28078, 0.966881, 0.05, -0.0498587, -0.0830284, 0.047892, 0.108043, 999.826, -277.834, 10, 2e-20, 3e-20, 2e-20, 2e-20, -1
0.259378, -0.157632, 0.908313, 0.05, -0.0654875, -0.00580254, -0.0129845, 0.067014, 1001, 1600.89, 10, 2e-20, 3e-20, 2e-20, 2e-20, -1
0.244769, -0.193351, 0.936378, 0.05, -0.0216854, 0.0519222, 0.0930073, 0.108704, 1002.83, 4525.42, 10, 2e-20, 3e-20, 2e-20, 2e-20, -1
0.22992, -0.167016, 0.975561, 0.05, -0.0694784, -0.00818384, 0.115527, 0.135058, 1003.23, 5166.14, 10, 2e-20, 3e-20, 2e-20, 2e-20, -1
0.248103, -0.236038, 1.0356, 0.05, -0.0403309, -0.0923505, 0.0384085, 0.107844, 1006.51, 10415.5, 10, 2e-20, 3e-20, 2e-20, 2e-20, -1
0.268598, -0.17194, 1.07352, 0.05, -0.0690593, -0.0748879, 0.133869, 0.168221, 1002.41, 3851.23, 10, 2e-20, 3e-20, 2e-20, 2e-20, -1
0.219064, -0.209366, 1.06091, 0.05, -0.129408, -0.0858904, 0.0596016, 0.166361, 1001.23, 1967.95, 10, 2e-20, 3e-20, 2e-20, 2e-20, -1
0.182529, -0.139962, 1.05664, 0.05, -0.115179, 0.0330267, 0.143498, 0.186946, 1006.61, 10583.7, 10, 2e-20, 3e-20, 2e-20, 2e-20, -1
0.138286, -0.140326, 1.12057, 0.05, 0.0616034, -0.0292575, 0.12311, 0.140738, 1004.09, 6536.19, 10, 2e-20, 3e-20, 2e-20, 2e-20, -1
0.133537, -0.161311, 1.26183, 0.05, -0.0506989, 0.0950716, 0.0908353, 0.140926, 1000.59, 949.737, 10, 2e-20, 3e-20, 2e-20, 2e-20, -1
0.134357, -0.204799, 1.38997, 0.05, -0.0720643, 0.148157, 0.210255, 0.267116, 996.383, -5787.84, 10, 2e-20, 3e-20, 2e-20, 2e-20, -1
0.086815, -0.200372, 1.4068, 0.05, -0.0423604, 0.0299617, 0.0148451, 0.0539674, 998.922, -1724.08, 10, 2e-20, 3e-20, 2e-20, 2e-20, -1
0.22345, -0.257407, 0.047652, 0.05, -0.117291, -0.0360777, 0.0943149, 0.154771, 1011.9, 19046.7, 10, 2e-20, 3e-20, 2e-20, 2e-20, -1
0.256308, -0.301024, 0.0465551, 0.05, -0.135069, -0.1069, 0.130686, 0.216217, 1005.71, 9133.65, 10, 2e-20, 3e-20, 2e-20, 2e-20, -1
0.270128, -0.273224, 0.0903891, 0.05, -0.317967, -0.107813, 0.297851, 0.448822, 1005.7, 9115.86, 10, 2e-20, 3e-20, 2e-20, 2e-20, -1
0.227486, -0.229689, 0.0849047, 0.05, -0.0523842, 0.104451, -0.0591683, 0.130978, 1006.87, 10986.6, 10, 2e-20, 3e-20, 2e-20, 2e-20, -1
0.315761, -0.269305, 0.103062, 0.05, -0.0221521, -0.10914, 0.14107, 0.179731, 1009.1, 14566.9, 10, 2e-20, 3e-20, 2e-20, 2e-20, -1
0.289037, -0.257057, 0.144332, 0.05, -0.0387421, -0.0741679, 0.0337911, 0.0902423, 1014.07, 22517, 10, 2e-20, 3e-20, 2e-20, 2e-20, -1
0.238039, -0.215898, 0.185666, 0.05, -0.0944589, 0.0651928, -0.0491301, 0.124845, 1003.39, 5427.42, 10, 2e-20, 3e-20, 2e-20, 2e-20, -1
0.251, -0.152594, 0.135566, 0.05, 0.0502435, -0.221685, -0.0954933, 0.246552, 1006.22, 9947.73, 10, 2e-20, 3e-20, 2e-20, 2e-20, -1
0.282003, -0.198368, 0.202795, 0.05, -0.0816804, 0.0463166, 0.0145238, 0.095015, 1000.5, 793.366, 10, 2e-20, 3e-20, 2e-20, 2e-20, -1
0.244051, -0.155046, 0.183961, 0.05, 0.124043, -0.155573, -0.0785942, 0.213932, 1001.77, 2828.06, 10, 2e-20, 3e-20, 2e-20, 2e-20, -1
0.296025, -0.247221, 0.194932, 0.05, 0.145228, -0.108975, -0.276216, 0.330548, 1006.36, 10177.4, 10, 2e-20, 3e-20, 2e-20, 2e-20, -1
0.287136, -0.151829, 0.218268, 0.05, -0.118781, -0.0502294, -0.0540456, 0.139832, 1009.98, 15973.9, 10, 2e-20, 3e-20, 2e-20, 2e-20, -1
0.294503, -0.192528, 0.254481, 0.05, -0.0079329, -0.0422397, -0.111132, 0.119153, 1009.78, 15646.9, 10, 2e-20, 3e-20, 2e-20, 2e-20, -1
0.283227, -0.240146, 0.275309, 0.05, -0.00974496, -0.034777, 0.016751, 0.039812, 1006.06, 9689.16, 10, 2e-20, 3e-20, 2e-20, 2e-20, -1
0.29669, -0.120714, 0.318732, 0.05, 0.0710883, -0.0718803, 0.0389298, 0.108332, 1007.28, 11651.1, 10, 2e-20, 3e-20, 2e-20, 2e-20, -1
0.277371, -0.166733, 0.308393, 0.05, 0.0482389, -0.163534, 0.0206947, 0.171752, 1006.98, 11166.8, 10, 2e-20, 3e-20, 2e-20, 2e-20, -1
0.22992, -0.158319, 0.367782, 0.05, 0.153978, -0.0210459, 0.149027, 0.215317, 998.839, -1857.62, 10, 2e-20, 3e-20, 2e-20, 2e-20, -1
0.224112, -0.191938, 0.421709, 0.05, -0.0791925, -0.00279375, -0.00712301, 0.0795613, 1003.07, 4904.61, 10, 2e-20, 3e-20, 2e-20, 2e-20, -1
0.307823, -0.216565, 0.445706, 0.05, -0.0234929, -0.0156711, 0.0630003, 0.0690401, 1000.8, 1281.46, 10, 2e-20, 3e-20, 2e-20, 2e-20, -1
0.264012, -0.191993, 0.450048, 0.05, -0.0210387, -0.00926281, 0.091101, 0.0939565, 1006.24, 9990.21, 10, 2e-20, 3e-20, 2e-20, 2e-20, -1
0.265237, -0.235925, 0.47318, 0.05, -0.0159529, 0.0503169, -0.00584486, 0.0531078, 1006.56, 10493.9, 10, 2e-20, 3e-20, 2e-20, 2e-20, -1
0.307895, -0.214438, 0.501356, 0.05, -0.0375721, -0.0466954, -0.0295934, 0.0668423, 1004.87, 7794.79, 10, 2e-20, 3e-20, 2e-20, 2e-20, -1
0.314118, -0.217819, 0.554399, 0.05, 0.00153151, -0.0552656, 0.0705372, 0.0896221, 1010.5, 16801, 10, 2e-20, 3e-20, 2e-20, 2e-20, -1
0.260604, -0.185314, 0.553173, 0.05, -0.0526168, -0.0333839, -0.084988, 0.105385, 1006.33, 10133.3, 10, 2e-20, 3e-20, 2e-20, 2e-20, -1
0.361378, -0.193061, 0.563815, 0.05, -0.0686759, 0.0519346, 0.0674997, 0.109407, 1003.21, 5134.56, 10, 2e-20, 3e-20, 2e-20, 2e-20, -1
0.272292, -0.243247, 0.577377, 0.05, 0.0571011, -0.0181432, -0.0866011, 0.105307, 999.571, -686.19, 10, 2e-20, 3e-20, 2e-20, 2e-20, -1
0.238589, -0.232021, 0.617423, 0.05, -0.148637, -0.0765411, 0.0242097, 0.168931, 1007.01, 11219.7, 10, 2e-20, 3e-20, 2e-20, 2e-20, -1
0.267939, -0.142781, 0.588688, 0.05, 0.0636882, -0.107892, 0.0167748, 0.126405, 1001.18, 1886.83, 10, 2e-20, 3e-20, 2e-20, 2e-20, -1
0.266911, -0.193016, 0.600852, 0.05, 0.0143685, 0.0289759, -0.0725063, 0.0793928, 1006.8, 10877.5, 10, 2e-20, 3e-20, 2e-20, 2e-20, -1
0.271303, -0.184376, 0.648042, 0.05, -0.0161155, 0.0783329, 0.105632, 0.132491, 1003.49, 5585.27, 10, 2e-20, 3e-20, 2e-20, 2e-20, -1
0.267813, -0.149222, 0.687527, 0.05, -0.10662, 0.00390423, -0.00468293, 0.106794, 1006.57, 10513.8, 10, 2e-20, 3e-20, 2e-20, 2e-20, -1
0.311185, -0.136544, 0.706096, 0.05, 0.0264541, 0.00263521, 0.00664358, 0.0274026, 1006.46, 10335.4, 10, 2e-20, 3e-20, 2e-20, 2e-20, -1
0.329362, -0.125012, 0.759543, 0.05, -0.0312828, -0.0225012, -0.0060899, 0.0390129, 1009.02, 14438.6, 10, 2e-20, 3e-20, 2e-20, 2e-20, -1
0.381518, -0.128831, 0.785473, 0.05, -0.0141404, 0.0122051, 0.0490212, 0.0524595, 1004.45, 7115.76, 10, 2e-20, 3e-20, 2e-20, 2e-20, -1
0.310261, -0.190079, 0.785968, 0.05, -0.0534801, 0.00932065, 0.0457721, 0.0710076, 997.17, -4527.47, 10, 2e-20, 3e-20, 2e-20, 2e-20, -1
0.341604, -0.124902, 0.811592, 0.05, -0.0935223, -0.101079, -0.028572, 0.140641, 1003.55, 5678.96, 10, 2e-20, 3e-20, 2e-20, 2e-20, -1
0.348228, -0.171221, 0.793868, 0.05, -0.0659286, -0.0582511, -0.0372665, 0.0955435, 1000.78, 1248.25, 10, 2e-20, 3e-20, 2e-20, 2e-20, -1
0.282558, -0.188727, 0.875818, 0.05, -0.0559504, -0.0217779, 0.07945, 0.0995842, 1001.48, 2372.26, 10, 2e-20, 3e-20, 2e-20, 2e-20, -1
0.322066, -0.0927818, 0.898072, 0.05, -0.0163321, 0.0169272, 0.0994609, 0.102204, 1001.59, 2542.9, 10, 2e-20, 3e-20, 2e-20, 2e-20, -1
0.250466, -0.0692305, 0.937906, 0.05, -0.0179073, -0.00566806, 0.0746197, 0.0769474, 999.384, -985.66, 10, 2e-20, 3e-20, 2e-20, 2e-20, -1
0.271683, -0.0917456, 1.00742, 0.05, 0.0528817, -0.0173059, 0.163708, 0.172905, 1001.2, 1912.25, 10, 2e-20, 3e-20, 2e-20, 2e-20, -1
0.278342, -0.158537, 0.958899, 0.05, -0.105426, -0.0609591, 0.0523083, 0.13254, 1002.53, 4050.76, 10, 2e-20, 3e-20, 2e-20, 2e-20, -1
0.265118, -0.129809, 0.993385, 0.05, -0.0458581, -0.155865, 0.0941, 0.187754, 1000.27, 433.712, 10, 2e-20, 3e-20, 2e-20, 2e-20, -1
0.260248, -0.172081, 1.02143, 0.05, -0.0575679, -0.0819689, 0.10432, 0.144622, 1002.75, 4401.28, 10, 2e-20, 3e-20, 2e-20, 2e-20, -1
0.23166, -0.112495, 1.04915, 0.05, -0.0443059, 0.0136013, 0.0609416, 0.076563, 1000.75, 1195.9, 10, 2e-20, 3e-20, 2e-20, 2e-20, -1
0.225199, -0.157722, 1.06496, 0.05, -0.0238682, -0.127512, 0.108433, 0.169076, 1000.95, 1512.26, 10, 2e-20, 3e-20, 2e-20, 2e-20, -1
0.207285, -0.0864953, 1.08842, 0.05, -0.182769, 0.0186349, 0.0547668, 0.191706, 997.662, -3740.04, 10, 2e-20, 3e-20, 2e-20, 2e-20, -1
0.122701, -0.104145, 1.17153, 0.05, 0.0378326, 0.101268, 0.172066, 0.203207, 1003.75, 5994.25, 10, 2e-20, 3e-20, 2e-20, 2e-20, -1
0.0778264, -0.131343, 1.23374, 0.05, -0.154676, 0.0969978, 0.0554578, 0.190811, 1001.07, 1712.25, 10, 2e-20, 3e-20, 2e-20, 2e-20, -1
0.0563845, -0.152868, 1.28143, 0.05, -0.0290811, -0.077344, 0.202953, 0.21913, 1000.08, 131.269, 10, 2e-20, 3e-20, 2e-20, 2e-20, -1
0.0589017, -0.178533, 1.43774, 0.05, 0.0285616, 0.0826925, 0.107864, 0.138883, 1000.92, 1468.33, 10, 2e-20, 3e-20, 2e-20, 2e-20, -1
0.21387, -0.146099, 0.0519753, 0.05, -0.0802306, -0.18781, 0.0452668, 0.209186, 1009.96, 15934, 10, 2e-20, 3e-20, 2e-20, 2e-20, -1
0.25853, -0.205995, 0.0484571, 0.05, 0.047241, 0.0315754, 0.18278, 0.191408, 1009.25, 14803.8, 10, 2e-20, 3e-20, 2e-20, 2e-20, -1
0.215665, -0.179595, 0.103128, 0.05, -0.100978, -0.051154, -0.0257998, 0.116099, 1000.59, 941.528, 10, 2e-20, 3e-20, 2e-20, 2e-20, -1
0.220205, -0.113268, 0.100379, 0.05, -0.100869, 0.00229838, -0.0389644, 0.108158, 1007.95, 12715.8, 10, 2e-20, 3e-20, 2e-20, 2e-20, -1
0.193438, -0.142588, 0.153689, 0.05, -0.238238, -0.13124, -0.030874, 0.273742, 1008.22, 13146.2, 10, 2e-20, 3e-20, 2e-20, 2e-20, -1
0.235336, -0.232776, 0.130803, 0.05, 0.00311208, -0.0190793, 0.0989968, 0.100867, 1009.08, 14523.2, 10, 2e-20, 3e-20, 2e-20, 2e-20, -1
0.216508, -0.189855, 0.145598, 0.05, -0.0136346, -0.0187815, -0.213967, 0.215222, 1008.03, 12851.5, 10, 2e-20, 3e-20, 2e-20, 2e-20, -1
0.26913, -0.0616633, 0.150741, 0.05, -0.0465133, -0.093001, 0.0194375, 0.105785, 1006.95, 11114.5, 10, 2e-20, 3e-20, 2e-20, 2e-20, -1
0.238405, -0.106024, 0.150566, 0.05, 0.143159, 0.0348375, -0.0170942, 0.148325, 1002.9, 4633.02, 10, 2e-20, 3e-20, 2e-20, 2e-20, -1
0.228886, -0.0809546, 0.190989, 0.05, -0.100462, -0.0800713, -0.0307744, 0.132103, 1008.63, 13808.6, 10, 2e-20, 3e-20, 2e-20, 2e-20, -1
0.238203, -0.131803, 0.230101, 0.05, 0.164136, -0.101203, -0.182412, 0.265437, 1006.79, 10860.3, 10, 2e-20, 3e-20, 2e-20, 2e-20, -1
0.282082, -0.0922503, 0.229445, 0.05, 0.0506356, -0.0486095, -0.0831536, 0.108818, 1007.54, 12065.9, 10, 2e-20, 3e-20, 2e-20, 2e-20, -1
0.296644, -0.141057, 0.265976, 0.05, -0.0558756, -0.0526325, -0.0518192, 0.0926148, 1006.13, 9800.73, 10, 2e-20, 3e-20, 2e-20, 2e-20, -1
0.248513, -0.115851, 0.338228, 0.05, -0.0458259, -0.0783132, 0.110048, 0.142631, 1009.73, 15570, 10, 2e-20, 3e-20, 2e-20, 2e-20, -1
0.277717, -0.170863, 0.359172, 0.05, -0.0637984, -0.00404844, 0.155241, 0.167888, 1007.49, 11977.6, 10, 2e-20, 3e-20, 2e-20, 2e-20, -1
0.210534, -0.0811441, 0.336112, 0.05, -0.222315, -0.0168571, 0.0128595, 0.223324, 1008.76, 14020.2, 10, 2e-20, 3e-20, 2e-20, 2e-20, -1
0.225308, -0.108303, 0.382065, 0.05, -0.0862223, -0.113705, 0.10873, 0.179403, 1010.85, 17359.5, 10, 2e-20, 3e-20, 2e-20, 2e-20, -1
0.259866, -0.157473, 0.410738, 0.05, -0.00974291, 0.0999446, -0.245809, 0.265529, 1002.59, 4149.92, 10, 2e-20, 3e-20, 2e-20, 2e-20, -1
0.275229, -0.111918, 0.418793, 0.05, -0.0285114, -0.0784977, -0.0687512, 0.108174, 1005.22, 8345.77, 10, 2e-20, 3e-20, 2e-20, 2e-20, -1
0.326448, -0.173956, 0.47676, 0.05, -0.119582, 0.144226, -0.2243, 0.292253, 1007.73, 12368.6, 10, 2e-20, 3e-20, 2e-20, 2e-20, -1
0.291759, -0.14897, 0.459374, 0.05, 0.112393, -0.171032, 0.0180809, 0.205453, 1003.48, 5561.53, 10, 2e-20, 3e-20, 2e-20, 2e-20, -1
0.260448, -0.223336, 0.528631, 0.05, -0.158991, 0.0352226, 0.004498, 0.162908, 1005.8, 9278.64, 10, 2e-20, 3e-20, 2e-20, 2e-20, -1
0.296607, -0.168809, 0.515897, 0.05, -0.137943, 0.0765914, -0.0676591, 0.171675, 1004.5, 7204.03, 10, 2e-20, 3e-20, 2e-20, 2e-20, -1
0.26138, -0.169806, 0.498773, 0.05, -0.0349047, -0.059791, 0.000469726, 0.0692353, 1005.34, 8540.49, 10, 2e-20, 3e-20, 2e-20, 2e-20, -1
0.33823, -0.157135, 0.531453, 0.05, -0.0427207, 0.0565864, 0.0506509, 0.0871355, 1000.94, 1506.92, 10, 2e-20, 3e-20, 2e-20, 2e-20, -1
0.310883, -0.17299, 0.575212, 0.05, 0.0643398, -0.0564949, 0.0439428, 0.0962406, 1006.63, 10606.2, 10, 2e-20, 3e-20, 2e-20, 2e-20, -1
0.359684, -0.102711, 0.607842, 0.05, -0.0118519, -0.0520827, -0.105305, 0.118077, 1007.58, 12134.7, 10, 2e-20, 3e-20, 2e-20, 2e-20, -1
0.318223, -0.0905283, 0.636296, 0.05, -0.0348706, -0.0890277, -0.0200768, 0.0976984, 1010.79, 17256.5, 10, 2e-20, 3e-20, 2e-20, 2e-20, -1
0.267064, -0.106981, 0.62237, 0.05, -0.00727128, -0.0487959, 0.0115762, 0.0506747, 1009.95, 15924, 10, 2e-20, 3e-20, 2e-20, 2e-20, -1
0.236593, -0.0744228, 0.647707, 0.05, -0.0341032, -0.168615, -0.048236, 0.178664, 1004.04, 6469.42, 10, 2e-20, 3e-20, 2e-20, 2e-20, -1
0.210183, -0.117799, 0.651879, 0.05, 0.0118484, 0.0208458, 0.0646005, 0.0689069, 1007.72, 12348.2, 10, 2e-20, 3e-20, 2e-20, 2e-20, -1
0.277592, -0.103516, 0.668843, 0.05, -0.0529015, -0.0865071, 0.0285847, 0.105352, 1005.89, 9426.12, 10, 2e-20, 3e-20, 2e-20, 2e-20, -1
0.322112, -0.0715882, 0.678985, 0.05, 0.020642, -0.0425861, 0.09602, 0.107049, 1004.96, 7933.53, 10, 2e-20, 3e-20, 2e-20, 2e-20, -1
0.348194, -0.102528, 0.709016, 0.05, -0.0721275, -0.0815282, -0.0426716, 0.116919, 1005.27, 8433.49, 10, 2e-20, 3e-20, 2e-20, 2e-20, -1
0.366675, -0.0912192, 0.755419, 0.05, -0.0277468, -0.0704054, 0.0123948, 0.076684, 1004.73, 7569.92, 10, 2e-20, 3e-20, 2e-20, 2e-20, -1
0.344364, -0.0712795, 0.797947, 0.05, -0.0386793, 0.00926098, -0.0290624, 0.0492593, 1009.69, 15502.2, 10, 2e-20, 3e-20, 2e-20, 2e-20, -1
0.359628, -0.0903056, 0.847261, 0.05, 0.0870046, 0.0056115, 0.114387, 0.143825, 1009.3, 14880.5, 10, 2e-20, 3e-20, 2e-20, 2e-20, -1
0.323215, -0.153677, 0.856446, 0.05, -0.185623, -0.0287491, -0.0129906, 0.188285, 1006.12, 9794.24, 10, 2e-20, 3e-20, 2e-20, 2e-20, -1
0.295475, -0.0465785, 0.911232, 0.05, 0.00114583, -0.086991, 0.130665, 0.156978, 1001.39, 2227.4, 10, 2e-20, 3e-20, 2e-20, 2e-20, -1
0.267363, -0.0314437, 0.962312, 0.05, 0.0657393, -0.0390007, -0.00410711, 0.0765479, 1003.7, 5918.4, 10, 2e-20, 3e-20, 2e-20, 2e-20, -1
0.217156, -0.0301634, 0.956293, 0.05, -0.0331519, 0.00101212, 0.00405316, 0.033414, 998.904, -1753.95, 10, 2e-20, 3e-20, 2e-20, 2e-20, -1
0.182448, -0.0598966, 0.979424, 0.05, -0.00589503, 0.0184915, 0.10186, 0.103692, 1005.09, 8139.74, 10, 2e-20, 3e-20, 2e-20, 2e-20, -1
0.236513, -0.0686736, 0.996534, 0.05, -0.0444795, -0.140144, 0.0248492, 0.149119, 1005.44, 8710.78, 10, 2e-20, 3e-20, 2e-20, 2e-20, -1
0.224398, -0.0638245, 1.04823, 0.05, -0.060273, -0.00714327, 0.151296, 0.163017, 1003.25, 5192.93, 10, 2e-20, 3e-20, 2e-20, 2e-20, -1
0.193247, -0.10124, 1.01706, 0.05, -0.0970636, 0.0631177, 0.143503, 0.184386, 997.75, -3599.6, 10, 2e-20, 3e-20, 2e-20, 2e-20, -1
0.160967, -0.0547603, 1.09085, 0.05, -0.0286123, -0.0355336, 0.033851, 0.0568083, 1000.17, 269.678, 10, 2e-20, 3e-20, 2e-20, 2e-20, -1
0.123084, -0.0129301, 1.1217, 0.05, 0.107601, 0.0200855, -0.010111, 0.109925, 1007.54, 12071.1, 10, 2e-20, 3e-20, 2e-20, 2e-20, -1
0.0912981, -0.0589754, 1.20476, 0.05, -4.0383e-05, -0.0687528, 0.0827235, 0.107564, 1002.41, 3858.91, 10, 2e-20, 3e-20, 2e-20, 2e-20, -1
0.0907402, -0.0104546, 1.23421, 0.05, -0.139974, 0.00243914, 0.048772, 0.148248, 999.678, -514.486, 10, 2e-20, 3e-20, 2e-20, 2e-20, -1
0.0793263, -0.112046, 1.24158, 0.05, -0.000384334, 0.119589, 0.0535937, 0.13105, 1002.63, 4204.23, 10, 2e-20, 3e-20, 2e-20, 2e-20, -1
0.00204874, -0.120601, 1.43119, 0.05, 0.0737284, -0.0433863, 0.114026, 0.142549, 999.562, -701.501, 10, 2e-20, 3e-20, 2e-20, 2e-20, -1
0.228292, -0.014615, 0.0497531, 0.05, 0.0347754, 0.13192, 0.125143, 0.18513, 1012.2, 19516.4, 10, 2e-20, 3e-20, 2e-20, 2e-20, -1
0.293471, -0.165167, 0.0488591, 0.05, 0.0619868, 0.0491435, 0.0543881, 0.0959975, 1013.17, 21079.9, 10, 2e-20, 3e-20, 2e-20, 2e-20, -1
0.208617, -0.0551579, 0.0766681, 0.05, -0.0997229, -0.0703467, 0.153014, 0.195721, 1008.46, 13538.8, 10, 2e-20, 3e-20, 2e-20, 2e-20, -1
0.253952, -0.0649366, 0.0520509, 0.05, -0.108941, 0.0435719, 0.027877, 0.120598, 1011.23, 17961.2, 10, 2e-20, 3e-20, 2e-20, 2e-20, -1
0.186603, -0.0595439, 0.118973, 0.05, -0.00211088, 0.0684529, -0.0378862, 0.0782664, 1007.34, 11748.5, 10, 2e-20, 3e-20, 2e-20, 2e-20, -1
0.267651, -0.116293, 0.109905, 0.05, 0.0199664, 0.0682404, 0.124077, 0.143005, 1005.69, 9111.18, 10, 2e-20, 3e-20, 2e-20, 2e-20, -1
0.246685, -0.0721432, 0.106918, 0.05, -0.0882023, -0.169017, 0.0850382, 0.208753, 1003.11, 4969.81, 10, 2e-20, 3e-20, 2e-20, 2e-20, -1
0.297662, -0.0430684, 0.189489, 0.05, -0.161232, -0.0116833, -0.110839, 0.196004, 1005.81, 9298.78, 10, 2e-20, 3e-20, 2e-20, 2e-20, -1
0.264069, 0.0302442, 0.182232, 0.05, -0.0973031, 0.0423735, -0.0263108, 0.109342, 1004.92, 7873.16, 10, 2e-20, 3e-20, 2e-20, 2e-20, -1
0.340125, -0.0555453, 0.219392, 0.05, -0.114524, -0.144272, -0.0329253, 0.18712, 1005.45, 8717.07, 10, 2e-20, 3e-20, 2e-20, 2e-20, -1
0.256877, -0.0488685, 0.223541, 0.05, -0.0837109, 0.0399899, -0.022199, 0.0953914, 1003.59, 5739.62, 10, 2e-20, 3e-20, 2e-20, 2e-20, -1
0.280079, -0.0927577, 0.279015, 0.05, 0.0698039, -0.00519771, -0.0803666, 0.106576, 998.202, -2876.29, 10, 2e-20, 3e-20, 2e-20, 2e-20, -1
0.236149, -0.160702, 0.318578, 0.05, -0.0640399, -0.0693212, -0.0300194, 0.0990338, 1009.46, 15137.9, 10, 2e-20, 3e-20, 2e-20, 2e-20, -1
0.258021, -0.0240886, 0.259494, 0.05, -0.106363, -0.0801522, -0.136712, 0.19086, 1008.47, 13555.2, 10, 2e-20, 3e-20, 2e-20, 2e-20, -1
0.238031, -0.113438, 0.28838, 0.05, -0.113568, -0.000900365, -0.0672521, 0.13199, 1000.93, 1481.22, 10, 2e-20, 3e-20, 2e-20, 2e-20, -1
0.215428, -0.00805331, 0.290855, 0.05, -0.0301628, -0.0838377, -0.0528047, 0.103571, 1007.95, 12718.7, 10, 2e-20, 3e-20, 2e-20, 2e-20, -1
0.243304, -0.058946, 0.300826, 0.05, -0.0970046, 0.000538113, -0.231175, 0.250703, 1006.58, 10526.1, 10, 2e-20, 3e-20, 2e-20, 2e-20, -1
0.242513, -0.0397566, 0.34709, 0.05, -0.0095009, 0.0032666, -0.0324196, 0.0339407, 1003.19, 5096.16, 10, 2e-20, 3e-20, 2e-20, 2e-20, -1
0.229947, 0.00106917, 0.378691, 0.05, -0.199419, 0.069233, 0.0111182, 0.211387, 1009.87, 15791.8, 10, 2e-20, 3e-20, 2e-20, 2e-20, -1
0.291262, -0.0460472, 0.36216, 0.05, -0.00595896, 0.00683914, 0.139745, 0.14004, 1004.6, 7363.33, 10, 2e-20, 3e-20, 2e-20, 2e-20, -1
0.23637, -0.0369187, 0.424417, 0.05, -0.0562687, -0.115382, -0.016946, 0.129485, 1002.05, 3286.53, 10, 2e-20, 3e-20, 2e-20, 2e-20, -1
0.244589, -0.0646118, 0.3876, 0.05, 0.05503, -0.0986919, 0.0953137, 0.147828, 1006.81, 10894.3, 10, 2e-20, 3e-20, 2e-20, 2e-20, -1
0.333017, -0.111667, 0.493601, 0.05, 0.0363315, -0.0429771, 0.0863951, 0.103107, 1005.78, 9246.44, 10, 2e-20, 3e-20, 2e-20, 2e-20, -1
0.348992, -0.0671784, 0.517264, 0.05, 0.000185164, -0.153446, -0.0815666, 0.173778, 1004.85, 7755.14, 10, 2e-20, 3e-20, 2e-20, 2e-20, -1
0.304515, -0.126927, 0.543641, 0.05, -0.0297246, 0.0344418, -0.0125919, 0.0472053, 1005.91, 9459.65, 10, 2e-20, 3e-20, 2e-20, 2e-20, -1
0.274702, -0.0879991, 0.531348, 0.05, 0.0950911, -0.13222, 0.0664463, 0.175896, 1001.09, 1747.41, 10, 2e-20, 3e-20, 2e-20, 2e-20, -1
0.282973, -0.0238142, 0.575665, 0.05, 0.0599259, -0.0726261, 0.0537459, 0.108417, 1003.12, 4998.33, 10, 2e-20, 3e-20, 2e-20, 2e-20, -1
0.31907, -0.0809993, 0.561533, 0.05, -0.14182, -0.021226, -0.0116078, 0.143868, 1003.31, 5299.82, 10, 2e-20, 3e-20, 2e-20, 2e-20, -1
0.325392, -0.0440816, 0.591148, 0.05, -0.124061, -0.0579898, -0.0259038, 0.139374, 1004.6, 7356.78, 10, 2e-20, 3e-20, 2e-20, 2e-20, -1
0.337269, -0.0170967, 0.632059, 0.05, 0.0721166, -0.0799225, 0.0223833, 0.109952, 1007.08, 11320.5, 10, 2e-20, 3e-20, 2e-20, 2e-20, -1
0.34491, -0.0196512, 0.680805, 0.05, -0.157228, -0.0574677, -0.125355, 0.209135, 1008.04, 12863.7, 10, 2e-20, 3e-20, 2e-20, 2e-20, -1
0.399348, -0.00744103, 0.718051, 0.05, 0.0229883, -0.0959284, -0.00250886, 0.0986763, 1002.37, 3796.8, 10, 2e-20, 3e-20, 2e-20, 2e-20, -1
0.366742, 0.0297842, 0.709671, 0.05, -0.0841259, 0.00985156, -0.0337314, 0.0911703, 1012.14, 19431.2, 10, 2e-20, 3e-20, 2e-20, 2e-20, -1
0.341113, -0.0105588, 0.735985, 0.05, -0.0941788, -0.0195765, 0.0357025, 0.102604, 1007.59, 12147, 10, 2e-20, 3e-20, 2e-20, 2e-20, -1
0.332865, -0.0167809, 0.784592, 0.05, 0.0583045, -0.0293579, 0.02011, 0.0683061, 1005.78, 9240.84, 10, 2e-20, 3e-20, 2e-20, 2e-20, -1
0.31413, 0.0332895, 0.773353, 0.05, -0.00523769, -0.130711, -0.0242489, 0.133044, 1004.64, 7423.91, 10, 2e-20, 3e-20, 2e-20, 2e-20, -1
0.313598, -0.0424282, 0.833266, 0.05, -0.0536673, -0.0349499, -0.0444162, 0.0779389, 1003.47, 5551.95, 10, 2e-20, 3e-20, 2e-20, 2e-20, -1
0.355238, 0.0228264, 0.806127, 0.05, -0.0465708, -0.105309, -0.000132066, 0.115147, 1006.14, 9818.46, 10, 2e-20, 3e-20, 2e-20, 2e-20, -1
0.33962, -0.0538202, 0.874143, 0.05, 0.0578972, -0.0350094, 0.130431, 0.146935, 999.298, -1122.53, 10, 2e-20, 3e-20, 2e-20, 2e-20, -1
0.36717, -0.012102, 0.883014, 0.05, 0.0085978, -0.156698, 0.0624119, 0.168889, 999.46, -864.631, 10, 2e-20, 3e-20, 2e-20, 2e-20, -1
0.338416, 0.0351281, 0.855486, 0.05, -0.0410624, 0.0190395, 0.0302722, 0.0544521, 1005.49, 8786.36, 10, 2e-20, 3e-20, 2e-20, 2e-20, -1
0.331848, 0.0174282, 0.912429, 0.05, -0.100062, -0.0157807, 0.0596781, 0.117571, 1001.81, 2893.41, 10, 2e-20, 3e-20, 2e-20, 2e-20, -1
0.283648, -0.000100462, 1.00052, 0.05, 0.193257, -0.0698996, -0.00139158, 0.205514, 999.841, -253.742, 10, 2e-20, 3e-20, 2e-20, 2e-20, -1
0.196929, -0.0266516, 1.06897, 0.05, -0.100868, -0.118256, 0.010997, 0.15582, 997.534, -3944.83, 10, 2e-20, 3e-20, 2e-20, 2e-20, -1
0.239378, -0.0272575, 1.02115, 0.05, 0.0177037, -0.0909779, 0.118166, 0.150179, 1007.78, 12455.4, 10, 2e-20, 3e-20, 2e-20, 2e-20, -1
0.238418, -0.0423097, 1.09723, 0.05, 0.0103418, 0.0467291, 0.0101247, 0.048919, 999.729, -432.898, 10, 2e-20, 3e-20, 2e-20, 2e-20, -1
0.18669, 0.0408992, 1.07133, 0.05, 0.0480154, -0.107289, 0.0437268, 0.125413, 998.863, -1819.51, 10, 2e-20, 3e-20, 2e-20, 2e-20, -1
0.242375, -0.0104895, 1.07267, 0.05, 0.0552934, -0.0740201, 0.163176, 0.187517, 999.091, -1455.11, 10, 2e-20, 3e-20, 2e-20, 2e-20, -1
0.160306, -0.0151192, 1.1568, 0.05, -0.0601629, -0.0157875, -0.00702709, 0.0625955, 999.302, -1117.54, 10, 2e-20, 3e-20, 2e-20, 2e-20, -1
0.0701026, -0.0073394, 1.26746, 0.05, -0.123572, 0.0206157, 0.212904, 0.247029, 1001.73, 2764.03, 10, 2e-20, 3e-20, 2e-20, 2e-20, -1
0.00468547, -0.0630179, 1.30508, 0.05, 0.0578111, 0.160191, 0.0687344, 0.183651, 1004.07, 6514.6, 10, 2e-20, 3e-20, 2e-20, 2e-20, -1
0.290119, 0.000682571, 0.0510707, 0.05, -0.124241, 0.131685, -0.0169, 0.181831, 1012.61, 20174.2, 10, 2e-20, 3e-20, 2e-20, 2e-20, -1
0.295166, 0.0631649, 0.0511091, 0.05, -0.0949014, -0.124338, 0.00751538, 0.156597, 1016.55, 26486.3, 10, 2e-20, 3e-20, 2e-20, 2e-20, -1
0.349202, -0.00286939, 0.0514025, 0.05, 0.0479953, -0.0813581, -0.0617151, 0.112834, 1017.2, 27513.2, 10, 2e-20, 3e-20, 2e-20, 2e-20, -1
0.322513, 0.0248654, 0.0848359, 0.05, -0.273483, 0.00465441, -0.0256932, 0.274726, 1008.68, 13886.5, 10, 2e-20, 3e-20, 2e-20, 2e-20, -1
0.300716, 0.0976544, 0.0895894, 0.05, -0.0595887, 0.0590157, -0.0795546, 0.115597, 1007.56, 12095.6, 10, 2e-20, 3e-20, 2e-20, 2e-20, -1
0.286572, 0.00292611, 0.109159, 0.05, -0.029158, 0.0395071, 0.000201911, 0.0491024, 1001.03, 1644.71, 10, 2e-20, 3e-20, 2e-20, 2e-20, -1
0.23622, -0.00306404, 0.103826, 0.05, -0.0474346, -0.00655616, -0.145227, 0.152918, 1011.48, 18363.9, 10, 2e-20, 3e-20, 2e-20, 2e-20, -1
0.263244, 0.0423262, 0.126537, 0.05, -0.0479078, -0.0410223, -0.00638163, 0.0633933, 1006.62, 10585.7, 10, 2e-20, 3e-20, 2e-20, 2e-20, -1
0.224498, 0.023624, 0.152688, 0.05, -0.0736819, 0.0375987, 0.0461085, 0.0947031, 1008.02, 12837.6, 10, 2e-20, 3e-20, 2e-20, 2e-20, -1
0.3133, 0.0459222, 0.161166, 0.05, -0.0151388, 0.0213744, -0.0670934, 0.0720248, 1002.84, 4539.45, 10, 2e-20, 3e-20, 2e-20, 2e-20, -1
0.267797, 0.12139, 0.209239, 0.05, -0.185971, -0.0380282, 0.0230608, 0.191215, 1009.27, 14831.4, 10, 2e-20, 3e-20, 2e-20, 2e-20, -1
0.270916, 0.0157239, 0.229516, 0.05, -0.0680648, 0.0336737, 0.137289, 0.156892, 1007.6, 12152.4, 10, 2e-20, 3e-20, 2e-20, 2e-20, -1
0.23791, 0.113395, 0.246304, 0.05, 0.00759805, 0.0434556, 0.0106066, 0.045372, 1004.36, 6969.96, 10, 2e-20, 3e-20, 2e-20, 2e-20, -1
0.269981, 0.0773388, 0.239823, 0.05, -0.0593117, 0.0108261, -0.0312965, 0.0679305, 1001.19, 1896.81, 10, 2e-20, 3e-20, 2e-20, 2e-20, -1
0.260928, 0.0978201, 0.290695, 0.05, -0.158458, -0.0102692, -0.0748472, 0.175546, 1000.75, 1197.17, 10, 2e-20, 3e-20, 2e-20, 2e-20, -1
0.24561, 0.0306286, 0.272286, 0.05, -0.0214306, 0.0122933, -0.0532794, 0.0587289, 1008.53, 13655.4, 10, 2e-20, 3e-20, 2e-20, 2e-20, -1
0.252365, 0.0521009, 0.311642, 0.05, -0.145274, 0.0649396, -0.0256094, 0.161175, 1010.13, 16206.8, 10, 2e-20, 3e-20, 2e-20, 2e-20, -1
0.21731, 0.0510492, 0.354194, 0.05, -0.0345969, -0.0360056, -0.00809412, 0.0505852, 1005.61, 8974.91, 10, 2e-20, 3e-20, 2e-20, 2e-20, -1
0.268241, -0.00840354, 0.310004, 0.05, -0.044654, -0.011767, -0.0319682, 0.0561641, 1001.27, 2037.95, 10, 2e-20, 3e-20, 2e-20, 2e-20, -1
0.271111, 0.0135231, 0.349725, 0.05, 0.0314084, -0.0319808, -0.0312694, 0.0546538, 1005.22, 8349.9, 10, 2e-20, 3e-20, 2e-20, 2e-20, -1
0.281781, -0.0135497, 0.398112, 0.05, 0.0787514, -0.141947, -0.115845, 0.199426, 1003.12, 4994.71, 10, 2e-20, 3e-20, 2e-20, 2e-20, -1
0.31263, 0.015455, 0.43549, 0.05, -0.0951938, -0.0653734, 0.0637644, 0.131914, 1008.78, 14053.4, 10, 2e-20, 3e-20, 2e-20, 2e-20, -1
0.259243, -0.0817113, 0.460011, 0.05, -0.14202, -0.0121144, -0.0551205, 0.152822, 1008.28, 13246.2, 10, 2e-20, 3e-20, 2e-20, 2e-20, -1
0.277625, 0.0164069, 0.475813, 0.05, 0.0704897, -0.0891082, 0.0273052, 0.116853, 998.396, -2567.11, 10, 2e-20, 3e-20, 2e-20, 2e-20, -1
0.308622, -0.0660731, 0.480101, 0.05, 0.0666054, 0.0200042, 0.085265, 0.11003, 1004.96, 7941.08, 10, 2e-20, 3e-20, 2e-20, 2e-20, -1
0.307161, -0.042018, 0.528245, 0.05, 0.0183666, -0.107388, 0.0181587, 0.11045, 1007.35, 11765.4, 10, 2e-20, 3e-20, 2e-20, 2e-20, -1
0.306213, 0.049962, 0.524561, 0.05, -0.0313224, -0.129736, 0.00388866, 0.13352, 1008.56, 13703.9, 10, 2e-20, 3e-20, 2e-20, 2e-20, -1
0.316676, 0.0188461, 0.602465, 0.05, -0.0480341, -0.0530149, 0.0152233, 0.073141, 1007.23, 11575.8, 10, 2e-20, 3e-20, 2e-20, 2e-20, -1
0.290287, 0.00371838, 0.654743, 0.05, 0.0267473, -5.53157e-05, 0.0182941, 0.0324052, 1006.84, 10940.8, 10, 2e-20, 3e-20, 2e-20, 2e-20, -1
0.301531, 0.0670131, 0.586018, 0.05, -0.0331033, -0.0268784, -0.0352649, 0.0553344, 1003.82, 6113.73, 10, 2e-20, 3e-20, 2e-20, 2e-20, -1
0.318841, 0.0526213, 0.640497, 0.05, -0.0641139, -0.0273348, -0.0354113, 0.0781776, 1005.16, 8252.29, 10, 2e-20, 3e-20, 2e-20, 2e-20, -1
0.333027, 0.101815, 0.638233, 0.05, -0.111842, -0.0600998, -0.0310033, 0.130698, 1001.92, 3067.35, 10, 2e-20, 3e-20, 2e-20, 2e-20, -1
0.353588, 0.0518995, 0.659158, 0.05, -0.0582314, -0.0582112, -0.0146876, 0.0836371, 1001.99, 3186.65, 10, 2e-20, 3e-20, 2e-20, 2e-20, -1
0.306565, 0.087307, 0.679126, 0.05, -0.074159, 0.0154937, -0.0824047, 0.111938, 1004.97, 7944.31, 10, 2e-20, 3e-20, 2e-20, 2e-20, -1
0.35242, 0.0882271, 0.699661, 0.05, 0.00326014, -0.0862136, -0.005388, 0.0864433, 1009.1, 14563.8, 10, 2e-20, 3e-20, 2e-20, 2e-20, -1
0.35314, 0.0657951, 0.754903, 0.05, -0.0221748, 0.0131787, -0.112321, 0.115245, 1006.92, 11075.3, 10, 2e-20, 3e-20, 2e-20, 2e-20, -1
0.340846, 0.129241, 0.732906, 0.05, -0.022412, -0.100343, -0.0436988, 0.111717, 1005.55, 8877, 10, 2e-20, 3e-20, 2e-20, 2e-20, -1
0.319811, 0.117729, 0.775657, 0.05, -0.15498, -0.069942, -0.0600517, 0.180325, 1003.41, 5453.34, 10, 2e-20, 3e-20, 2e-20, 2e-20, -1
0.30734, 0.156897, 0.818116, 0.05, -0.0622364, -0.057811, -0.0460057, 0.0966023, 1002.76, 4417.23, 10, 2e-20, 3e-20, 2e-20, 2e-20, -1
0.32153, 0.0696938, 0.803577, 0.05, -0.000911586, -0.0440928, 0.0299733, 0.0533235, 1008.39, 13429.3, 10, 2e-20, 3e-20, 2e-20, 2e-20, -1
0.290501, 0.115808, 0.85027, 0.05, 0.078071, 0.00665775, -0.0621885, 0.100034, 1001.09, 1738.98, 10, 2e-20, 3e-20, 2e-20, 2e-20, -1
0.335154, 0.0689954, 0.898774, 0.05, -0.0272322, -0.0171827, -0.0693359, 0.076448, 1002.8, 4483.78, 10, 2e-20, 3e-20, 2e-20, 2e-20, -1
0.299813, 0.0327448, 0.94729, 0.05, 0.0719688, -0.137463, 0.0480638, 0.162437, 1000.79, 1266.36, 10, 2e-20, 3e-20, 2e-20, 2e-20, -1
0.272502, 0.0474754, 0.980511, 0.05, 0.0103126, -0.0388582, 0.093069, 0.101381, 1004.11, 6568.07, 10, 2e-20, 3e-20, 2e-20, 2e-20, -1
0.339799, 0.0205993, 0.976979, 0.05, -0.0661378, -0.00541159, 0.164033, 0.176947, 998.334, -2666.1, 10, 2e-20, 3e-20, 2e-20, 2e-20, -1
0.210754, 0.00600895, 1.02586, 0.05, -0.0704054, 0.111089, 0.0991848, 0.164728, 1001.99, 3176.87, 10, 2e-20, 3e-20, 2e-20, 2e-20, -1
0.153527, 0.0762317, 1.0583, 0.05, -0.133705, -0.090587, -0.0726745, 0.177101, 1005.8, 9277.22, 10, 2e-20, 3e-20, 2e-20, 2e-20, -1
0.249102, 0.0162132, 1.12267, 0.05, -0.0467412, -0.0150232, 0.0938107, 0.105881, 1003.59, 5744.52, 10, 2e-20, 3e-20, 2e-20, 2e-20, -1
0.138817, 0.0264808, 1.17184, 0.05, -0.233225, -0.0619011, 0.0525224, 0.24695, 1004.49, 7190.2, 10, 2e-20, 3e-20, 2e-20, 2e-20, -1
0.0808567, -0.0574238, 1.28442, 0.05, 0.011926, 0.0157757, 0.109547, 0.111318, 999.1, -1439.81, 10, 2e-20, 3e-20, 2e-20, 2e-20, -1
0.112969, 0.10635, 1.08778, 0.05, 0.195371, -0.1346, -0.0905095, 0.253927, 1006.13, 9811.86, 10, 2e-20, 3e-20, 2e-20, 2e-20, -1
0.244126, 0.195221, 0.0515986, 0.05, 0.0121616, 0.0663023, -0.00395418, 0.0675243, 1016.5, 26397.8, 10, 2e-20, 3e-20, 2e-20, 2e-20, -1
0.201298, 0.228034, 0.0498081, 0.05, -0.147474, -0.0360248, -0.006225, 0.151938, 1006.57, 10506, 10, 2e-20, 3e-20, 2e-20, 2e-20, -1
0.227693, 0.243928, 0.0880794, 0.05, -0.0294502, 0.0234331, 0.0453583, 0.0589389, 1003.9, 6233.37, 10, 2e-20, 3e-20, 2e-20, 2e-20, -1
0.34099, 0.103792, 0.0555144, 0.05, -0.0463653, -0.0603093, 0.0802068, 0.110545, 1010.35, 16557.8, 10, 2e-20, 3e-20, 2e-20, 2e-20, -1
0.26123, 0.192434, 0.099639, 0.05, 0.0404527, -0.0853455, 0.102286, 0.139222, 1005.4, 8636.17, 10, 2e-20, 3e-20, 2e-20, 2e-20, -1
0.301365, 0.293169, 0.139723, 0.05, -0.0507661, -0.118492, -0.0296407, 0.132273, 1007.5, 12004.7, 10, 2e-20, 3e-20, 2e-20, 2e-20, -1
0.215394, 0.218184, 0.115739, 0.05, -0.0988702, -0.0697447, 0.111594, 0.164599, 1006.55, 10485.8, 10, 2e-20, 3e-20, 2e-20, 2e-20, -1
0.265514, 0.136083, 0.0889973, 0.05, -0.0393532, -0.0758619, 0.0898524, 0.124005, 1008.56, 13695.7, 10, 2e-20, 3e-20, 2e-20, 2e-20, -1
0.275454, 0.0998032, 0.161048, 0.05, -0.130158, -0.0186161, 0.0112723, 0.131965, 1008.17, 13076.1, 10, 2e-20, 3e-20, 2e-20, 2e-20, -1
0.294166, 0.161162, 0.173514, 0.05, -0.00204915, -0.00469852, 0.00716463, 0.00880948, 1012.24, 19577.2, 10, 2e-20, 3e-20, 2e-20, 2e-20, -1
0.245167, 0.168805, 0.190302, 0.05, -0.0718067, -0.105972, -0.0407977, 0.134353, 1008, 12798.8, 10, 2e-20, 3e-20, 2e-20, 2e-20, -1
0.294737, 0.0692095, 0.200237, 0.05, -0.0477787, 0.0366839, 0.00772282, 0.0607302, 1009.23, 14773.8, 10, 2e-20, 3e-20, 2e-20, 2e-20, -1
0.283239, 0.169379, 0.228659, 0.05, 0.142772, 0.063042, 0.092719, 0.181535, 1003.89, 6230.74, 10, 2e-20, 3e-20, 2e-20, 2e-20, -1
0.225751, 0.158367, 0.252427, 0.05, 0.0511104, -0.250338, -0.0788708, 0.267398, 1010.15, 16244.5, 10, 2e-20, 3e-20, 2e-20, 2e-20, -1
0.24705, 0.147722, 0.295701, 0.05, -0.0665491, -0.0851393, -0.0737288, 0.130818, 1011.15, 17846.7, 10, 2e-20, 3e-20, 2e-20, 2e-20, -1
0.315213, 0.102311, 0.307589, 0.05, -0.0949505, 0.102698, -0.0366819, 0.144596, 1004.94, 7896.25, 10, 2e-20, 3e-20, 2e-20, 2e-20, -1
0.270655, 0.0725556, 0.356858, 0.05, -0.126923, 0.0573229, -0.0823388, 0.161787, 1002.04, 3257.73, 10, 2e-20, 3e-20, 2e-20, 2e-20, -1
0.292079, 0.101406, 0.399673, 0.05, -0.0975616, 0.0179612, -0.0561602, 0.113995, 1007.7, 12315.6, 10, 2e-20, 3e-20, 2e-20, 2e-20, -1
0.254941, 0.118666, 0.423208, 0.05, -0.113405, -0.090646, -0.00311161, 0.145214, 1005.86, 9369.37, 10, 2e-20, 3e-20, 2e-20, 2e-20, -1
0.244329, 0.0165146, 0.429367, 0.05, -0.21307, 0.0171512, -0.0115421, 0.214071, 1004.97, 7959.33, 10, 2e-20, 3e-20, 2e-20, 2e-20, -1
0.228501, 0.120713, 0.470112, 0.05, -0.0996749, -0.141508, -0.118399, 0.209709, 1005.89, 9420.72, 10, 2e-20, 3e-20, 2e-20, 2e-20, -1
0.277119, 0.0653002, 0.44166, 0.05, -0.136991, 0.047527, 0.0513124, 0.153813, 1000.05, 83.4509, 10, 2e-20, 3e-20, 2e-20, 2e-20, -1
0.288895, 0.112145, 0.470072, 0.05, -0.0531588, -0.119775, -0.0453104, 0.138654, 1008.3, 13279.9, 10, 2e-20, 3e-20, 2e-20, 2e-20, -1
0.305623, 0.16408, 0.492664, 0.05, 0.0823903, -0.0403169, 0.0131725, 0.0926668, 1000.99, 1583.39, 10, 2e-20, 3e-20, 2e-20, 2e-20, -1
0.309005, 0.00278953, 0.491198, 0.05, -0.119268, 0.0681271, -0.0339358, 0.141484, 1001.34, 2146.5, 10, 2e-20, 3e-20, 2e-20, 2e-20, -1
0.337794, 0.107055, 0.498914, 0.05, -0.110607, 0.0632326, -0.0587582, 0.140303, 1008.53, 13648.5, 10, 2e-20, 3e-20, 2e-20, 2e-20, -1
0.295297, 0.113839, 0.522431, 0.05, -0.00757878, -0.0668815, 0.0340213, 0.075419, 1003.98, 6374.39, 10, 2e-20, 3e-20, 2e-20, 2e-20, -1
0.330942, 0.0864983, 0.544163, 0.05, -0.121522, -0.0509955, 0.0902065, 0.159704, 1004.67, 7475.83, 10, 2e-20, 3e-20, 2e-20, 2e-20, -1
0.26785, 0.0764068, 0.54816, 0.05, -0.0300645, -0.0807665, 0.025353, 0.0898325, 1004, 6397.39, 10, 2e-20, 3e-20, 2e-20, 2e-20, -1
0.336852, 0.136937, 0.545117, 0.05, -0.017765, -0.0173942, -0.0307852, 0.0395712, 1005.92, 9473.32, 10, 2e-20, 3e-20, 2e-20, 2e-20, -1
0.277499, 0.185791, 0.650782, 0.05, -0.147341, -0.0325219, 0.014046, 0.15154, 1004.17, 6671.42, 10, 2e-20, 3e-20, 2e-20, 2e-20, -1
0.26756, 0.195368, 0.692696, 0.05, 0.0133775, -0.0838598, -0.148241, 0.170842, 1001.75, 2799.51, 10, 2e-20, 3e-20, 2e-20, 2e-20, -1
0.311106, 0.14028, 0.658604, 0.05, -0.135907, -0.059485, -0.0170055, 0.149327, 1003.56, 5688.53, 10, 2e-20, 3e-20, 2e-20, 2e-20, -1
0.278896, 0.129547, 0.697735, 0.05, -0.0214556, -0.0600017, -0.140234, 0.154033, 1002.8, 4478.44, 10, 2e-20, 3e-20, 2e-20, 2e-20, -1
0.317598, 0.166199, 0.695965, 0.05, -0.114282, -0.0290303, -0.144037, 0.186144, 1004.35, 6959.77, 10, 2e-20, 3e-20, 2e-20, 2e-20, -1
0.305494, 0.0952838, 0.734719, 0.05, -0.0567191, -0.0138657, 0.0305646, 0.0659053, 1003.19, 5110.61, 10, 2e-20, 3e-20, 2e-20, 2e-20, -1
0.300941, 0.242859, 0.699056, 0.05, 0.0213196, -0.0528407, -0.0155155, 0.0590542, 1001.83, 2923.46, 10, 2e-20, 3e-20, 2e-20, 2e-20, -1
0.305355, 0.20566, 0.730253, 0.05, -0.0217743, -0.0295778, -0.0871979, 0.0946173, 1005.33, 8521.98, 10, 2e-20, 3e-20, 2e-20, 2e-20, -1
0.297276, 0.210776, 0.787885, 0.05, -0.0492368, -0.0317954, -0.0542797, 0.0798842, 1000.2, 322.496, 10, 2e-20, 3e-20, 2e-20, 2e-20, -1
0.330018, 0.121902, 0.884803, 0.05, -0.0513731, -0.0219984, -0.0212686, 0.0597952, 1003.87, 6184.24, 10, 2e-20, 3e-20, 2e-20, 2e-20, -1
0.289477, 0.162176, 0.864725, 0.05, 0.0595612, -0.0323086, -0.0471499, 0.08255, 1004.22, 6754.76, 10, 2e-20, 3e-20, 2e-20, 2e-20, -1
0.289451, 0.132316, 0.910175, 0.05, -0.0204634, 0.0801453, -0.02785, 0.0872791, 1002.38, 3812.61, 10, 2e-20, 3e-20, 2e-20, 2e-20, -1
0.300337, 0.0846937, 0.929258, 0.05, -0.0118864, 0.0142045, -0.0776827, 0.0798602, 1004.55, 7280.65, 10, 2e-20, 3e-20, 2e-20, 2e-20, -1
0.26285, 0.0962903, 0.979477, 0.05, -0.0747931, -0.0602252, 0.0139104, 0.0970288, 1001.94, 3108.69, 10, 2e-20, 3e-20, 2e-20, 2e-20, -1
0.305882, 0.0987831, 0.977514, 0.05, -0.040093, -0.0641295, 0.0832279, 0.112459, 1003.27, 5233.18, 10, 2e-20, 3e-20, 2e-20, 2e-20, -1
0.261513, 0.0223148, 1.04157, 0.05, 0.0382249, 0.021263, 0.19578, 0.200607, 1002.5, 3994.94, 10, 2e-20, 3e-20, 2e-20, 2e-20, -1
0.198336, 0.0798271, 1.09728, 0.05, -0.0050696, -0.0236561, 0.0675523, 0.0717539, 999.85, -239.429, 10, 2e-20, 3e-20, 2e-20, 2e-20, -1
0.145733, 0.0401697, 1.21917, 0.05, -0.147167, -0.0672035, 0.16658, 0.232214, 999.681, -510.169, 10, 2e-20, 3e-20, 2e-20, 2e-20, -1
0.036735, 0.0846387, 1.32593, 0.05, -0.104033, -0.0976512, 0.103217, 0.176104, 1001.11, 1775.06, 10, 2e-20, 3e-20, 2e-20, 2e-20, -1
0.0689797, 0.0681322, 1.16782, 0.05, -0.0453487, -0.100464, 0.0962306, 0.146321, 1003.94, 6296.47, 10, 2e-20, 3e-20, 2e-20, 2e-20, -1
0.00863367, 0.104078, 1.41552, 0.05, 0.081846, -0.167455, -0.0187541, 0.187328, 1000.18, 282.086, 10, 2e-20, 3e-20, 2e-20, 2e-20, -1
0.224851, 0.280064, 0.0514878, 0.05, -0.0891173, 0.0646824, -0.105963, 0.15282, 1014.31, 22890.9, 10, 2e-20, 3e-20, 2e-20, 2e-20, -1
0.280497, 0.308664, 0.0487802, 0.05, -0.130493, -0.0259868, -0.0990199, 0.165858, 1014.96, 23937.3, 10, 2e-20, 3e-20, 2e-20, 2e-20, -1
0.246575, 0.345567, 0.0503086, 0.05, -0.0886877, 0.0539155, -0.0556433, 0.117765, 1008.08, 12926, 10, 2e-20, 3e-20, 2e-20, 2e-20, -1
0.270347, 0.280701, 0.0902002, 0.05, -0.0344471, -0.134031, 0.0389801, 0.143772, 1003.34, 5347.61, 10, 2e-20, 3e-20, 2e-20, 2e-20, -1
0.249956, 0.285751, 0.135889, 0.05, 0.138215, -0.0331989, 0.0771161, 0.161717, 1010, 15994.3, 10, 2e-20, 3e-20, 2e-20, 2e-20, -1
0.247696, 0.340192, 0.14683, 0.05, -0.0162912, 0.0489722, -0.040726, 0.0657441, 1004.14, 6621.47, 10, 2e-20, 3e-20, 2e-20, 2e-20, -1
0.302653, 0.282592, 0.180689, 0.05, 0.07507, -0.148376, -0.0248399, 0.168131, 1003.34, 5345.63, 10, 2e-20, 3e-20, 2e-20, 2e-20, -1
0.253801, 0.199195, 0.153051, 0.05, -0.10588, -0.0545957, -0.00964004, 0.119517, 1009.95, 15922, 10, 2e-20, 3e-20, 2e-20, 2e-20, -1
0.286963, 0.243662, 0.156421, 0.05, -0.075416, 0.102857, 0.0660991, 0.143653, 1007.74, 12379.4, 10, 2e-20, 3e-20, 2e-20, 2e-20, -1
0.253876, 0.164426, 0.136347, 0.05, -0.0720859, -0.121764, -0.017402, 0.142568, 1005.97, 9546.01, 10, 2e-20, 3e-20, 2e-20, 2e-20, -1
0.335041, 0.182672, 0.235803, 0.05, -0.167735, 0.0091275, -0.0423871, 0.173249, 1012.71, 20339.7, 10, 2e-20, 3e-20, 2e-20, 2e-20, -1
0.241721, 0.2004, 0.233216, 0.05, 0.0620747, 0.0986663, -0.000616158, 0.116571, 1006.68, 10680.8, 10, 2e-20, 3e-20, 2e-20, 2e-20, -1
0.295887, 0.216235, 0.248648, 0.05, 0.0374661, -0.116072, -0.052991, 0.132983, 1003.6, 5755.8, 10, 2e-20, 3e-20, 2e-20, 2e-20, -1
0.25547, 0.193792, 0.281172, 0.05, -0.0223169, 0.109607, 0.01094, 0.112389, 1006.25, 10003.3, 10, 2e-20, 3e-20, 2e-20, 2e-20, -1
0.222766, 0.186438, 0.326168, 0.05, -0.0372896, 0.0614642, -0.0243399, 0.0758999, 1010.95, 17527.4, 10, 2e-20, 3e-20, 2e-20, 2e-20, -1
0.283415, 0.132884, 0.328321, 0.05, -0.030226, -0.0266534, -0.0297564, 0.0500945, 1007.34, 11747.6, 10, 2e-20, 3e-20, 2e-20, 2e-20, -1
0.310068, 0.155082, 0.370245, 0.05, -0.0153385, -0.0358856, -0.0081135, 0.0398607, 1009.56, 15303.6, 10, 2e-20, 3e-20, 2e-20, 2e-20, -1
0.284775, 0.211605, 0.376134, 0.05, 0.0985202, 0.00792261, -0.0974028, 0.138767, 1001.01, 1615.7, 10, 2e-20, 3e-20, 2e-20, 2e-20, -1
0.266252, 0.169892, 0.405557, 0.05, -0.045784, -0.12226, 0.102125, 0.165751, 1002.39, 3820.05, 10, 2e-20, 3e-20, 2e-20, 2e-20, -1
0.276759, 0.233559, 0.422737, 0.05, 0.05857, -0.0694111, -0.0193193, 0.0928525, 1003.36, 5378.52, 10, 2e-20, 3e-20, 2e-20, 2e-20, -1
0.222561, 0.162879, 0.431483, 0.05, 0.0520218, 0.0101124, 0.0524737, 0.0745789, 1000.02, 37.9662, 10, 2e-20, 3e-20, 2e-20, 2e-20, -1
0.237438, 0.250911, 0.440452, 0.05, -0.123796, -0.0341375, 0.0288816, 0.131624, 1001.31, 2103.23, 10, 2e-20, 3e-20, 2e-20, 2e-20, -1
0.236453, 0.203754, 0.450323, 0.05, -0.163641, -0.0896631, -0.0434856, 0.191596, 1005.81, 9288.17, 10, 2e-20, 3e-20, 2e-20, 2e-20, -1
0.243597, 0.270623, 0.49368, 0.05, -0.0686578, -0.109533, -0.155567, 0.202268, 1006.27, 10029.5, 10, 2e-20, 3e-20, 2e-20, 2e-20, -1
0.26242, 0.21429, 0.504393, 0.05, -0.0916268, -0.0403912, 0.0138175, 0.101083, 1008.5, 13597.2, 10, 2e-20, 3e-20, 2e-20, 2e-20, -1
0.221218, 0.230525, 0.521029, 0.05, 0.0323626, -0.114601, -0.0765512, 0.141566, 1006.41, 10255.7, 10, 2e-20, 3e-20, 2e-20, 2e-20, -1
0.292999, 0.217516, 0.571529, 0.05, -0.0315621, 0.0190237, -0.0814918, 0.089437, 999.871, -207.184, 10, 2e-20, 3e-20, 2e-20, 2e-20, -1
0.307667, 0.197818, 0.533171, 0.05, 0.0215059, -0.0425279, -0.0820893, 0.0949198, 1003.07, 4919.96, 10, 2e-20, 3e-20, 2e-20, 2e-20, -1
0.244713, 0.213185, 0.566379, 0.05, -0.00106006, 0.0951052, -0.102165, 0.139584, 1007.44, 11911.2, 10, 2e-20, 3e-20, 2e-20, 2e-20, -1
0.266036, 0.176124, 0.575559, 0.05, -0.015416, -0.0967336, 0.0207638, 0.100131, 1004.61, 7376.46, 10, 2e-20, 3e-20, 2e-20, 2e-20, -1
0.313603, 0.194304, 0.619899, 0.05, -0.0330316, 0.0512681, -0.0204269, 0.0643177, 1005.55, 8872.51, 10, 2e-20, 3e-20, 2e-20, 2e-20, -1
0.358694, 0.213213, 0.628134, 0.05, 0.0138947, -0.0810009, -0.0662189, 0.105542, 1002.45, 3923.93, 10, 2e-20, 3e-20, 2e-20, 2e-20, -1
0.324383, 0.212278, 0.668946, 0.05, -0.0277303, -0.068434, -0.029156, 0.0793867, 1000.99, 1583.99, 10, 2e-20, 3e-20, 2e-20, 2e-20, -1
0.332846, 0.266601, 0.680766, 0.05, -0.0862575, 0.0667511, -0.219639, 0.245229, 1005.96, 9543.89, 10, 2e-20, 3e-20, 2e-20, 2e-20, -1
0.277394, 0.284465, 0.713101, 0.05, -0.0143006, -0.0523958, -0.113745, 0.126047, 998.93, -1711.29, 10, 2e-20, 3e-20, 2e-20, 2e-20, -1
0.306664, 0.329201, 0.706884, 0.05, -0.0844938, -0.0165943, -0.121376, 0.148818, 1004.62, 7398.66, 10, 2e-20, 3e-20, 2e-20, 2e-20, -1
0.305573, 0.254006, 0.757104, 0.05, 0.0072522, 0.00719198, -0.113929, 0.114386, 1002.98, 4775.88, 10, 2e-20, 3e-20, 2e-20, 2e-20, -1
0.21113, 0.209403, 0.901878, 0.05, -0.0399284, -0.086139, -0.0252685, 0.0982482, 1006.79, 10861, 10, 2e-20, 3e-20, 2e-20, 2e-20, -1
0.288058, 0.25533, 0.805234, 0.05, -0.00181046, -0.0164831, 0.0223554, 0.0278341, 1004.82, 7707.73, 10, 2e-20, 3e-20, 2e-20, 2e-20, -1
0.305076, 0.206819, 0.841294, 0.05, -0.00733923, -0.137999, -0.0310128, 0.141631, 1006.33, 10131.9, 10, 2e-20, 3e-20, 2e-20, 2e-20, -1
0.230449, 0.122439, 0.999699, 0.05, -0.0830888, -0.129886, 0.0768643, 0.172285, 999.755, -392.533, 10, 2e-20, 3e-20, 2e-20, 2e-20, -1
0.269302, 0.152459, 0.989338, 0.05, -0.0435506, -0.0885723, -0.0246576, 0.101733, 1003.13, 5014.5, 10, 2e-20, 3e-20, 2e-20, 2e-20, -1
0.188637, 0.0876448, 1.02927, 0.05, -0.0347962, -0.140287, -0.119345, 0.187442, 1001.95, 3112.3, 10, 2e-20, 3e-20, 2e-20, 2e-20, -1
0.228756, 0.109935, 1.05251, 0.05, 0.0691598, 0.0100421, 0.150869, 0.166269, 1004.94, 7898.32, 10, 2e-20, 3e-20, 2e-20, 2e-20, -1
0.247739, 0.0748551, 1.0359, 0.05, -0.0521229, -0.0513245, 0.098573, 0.12275, 1002.94, 4705.18, 10, 2e-20, 3e-20, 2e-20, 2e-20, -1
0.166633, 0.122574, 1.07962, 0.05, -0.0426015, 0.053089, 0.142143, 0.157601, 1004.21, 6730.59, 10, 2e-20, 3e-20, 2e-20, 2e-20, -1
0.132861, 0.134504, 1.12051, 0.05, -0.0593321, 0.0200873, 0.0349147, 0.0717135, 997.135, -4583.42, 10, 2e-20, 3e-20, 2e-20, 2e-20, -1
0.131935, 0.0619281, 1.14583, 0.05, 0.0290236, 0.0108191, 0.0278858, 0.0416778, 1005.85, 9363.36, 10, 2e-20, 3e-20, 2e-20, 2e-20, -1
0.0693873, 0.123416, 1.2871, 0.05, -0.0645299, -0.137477, -0.0300788, 0.154818, 1003.85, 6152.28, 10, 2e-20, 3e-20, 2e-20, 2e-20, -1
0.0115019, 0.145512, 1.33656, 0.05, -0.100572, -0.124316, -0.107787, 0.19284, 1003.88, 6201.23, 10, 2e-20, 3e-20, 2e-20, 2e-20, -1
-0.0411507, 0.189514, 1.42221, 0.05, -0.0412747, -0.204579, 0.0179636, 0.209473, 1003.52, 5637.29, 10, 2e-20, 3e-20, 2e-20, 2e-20, -1
0.227343, 0.398542, 0.0510909, 0.05, -0.116098, -0.0543613, -0.0178571, 0.129432, 1017.62, 28197.2, 10, 2e-20, 3e-20, 2e-20, 2e-20, -1
0.195353, 0.453253, 0.0508017, 0.05, 0.00442471, 0.0575163, -0.0176251, 0.0603187, 1016.7, 26715.7, 10, 2e-20, 3e-20, 2e-20, 2e-20, -1
0.242277, 0.45443, 0.060483, 0.05, 0.0689695, 0.179652, 0.0199507, 0.193468, 1005.71, 9129.51, 10, 2e-20, 3e-20, 2e-20, 2e-20, -1
0.256643, 0.37942, 0.0954453, 0.05, -0.0202881, -0.120139, -0.0120886, 0.122439, 1007.38, 11810.6, 10, 2e-20, 3e-20, 2e-20, 2e-20, -1
0.209754, 0.348999, 0.102628, 0.05, -0.114446, 0.122802, -0.0430986, 0.173308, 1007.99, 12786.2, 10, 2e-20, 3e-20, 2e-20, 2e-20, -1
0.219388, 0.39268, 0.129392, 0.05, -0.204549, 0.00231985, -0.224528, 0.303741, 1008.76, 14009.4, 10, 2e-20, 3e-20, 2e-20, 2e-20, -1
0.252882, 0.289404, 0.194816, 0.05, 0.0242215, -0.0970253, 0.0573072, 0.115259, 1005.35, 8562.55, 10, 2e-20, 3e-20, 2e-20, 2e-20, -1
0.290055, 0.260993, 0.22389, 0.05, -0.0525719, 0.00325493, -0.101709, 0.114539, 1009.03, 14448.7, 10, 2e-20, 3e-20, 2e-20, 2e-20, -1
0.259648, 0.228261, 0.197675, 0.05, -0.0872482, 0.103707, -0.0040396, 0.135587, 1003.17, 5068.71, 10, 2e-20, 3e-20, 2e-20, 2e-20, -1
0.255433, 0.295658, 0.265081, 0.05, 0.0188444, -0.00873032, 0.0104315, 0.023241, 1006.53, 10442.4, 10, 2e-20, 3e-20, 2e-20, 2e-20, -1
0.204327, 0.311987, 0.267351, 0.05, -0.104815, -0.026964, -0.0966922, 0.14513, 1004.36, 6982.4, 10, 2e-20, 3e-20, 2e-20, 2e-20, -1
0.307731, 0.265758, 0.262837, 0.05, 0.0485752, 0.0367739, -0.0266866, 0.0665135, 1006.61, 10569.8, 10, 2e-20, 3e-20, 2e-20, 2e-20, -1
0.285104, 0.28112, 0.307236, 0.05, 0.0577069, 0.0922522, -0.111228, 0.155603, 1005.17, 8272.51, 10, 2e-20, 3e-20, 2e-20, 2e-20, -1
0.261569, 0.244098, 0.275713, 0.05, -0.0817793, -0.111799, -0.0133714, 0.139161, 1008.82, 14118.2, 10, 2e-20, 3e-20, 2e-20, 2e-20, -1
0.237067, 0.273694, 0.315237, 0.05, -0.135238, -0.0648201, -0.00344477, 0.15001, 1001.56, 2497.86, 10, 2e-20, 3e-20, 2e-20, 2e-20, -1
0.264174, 0.172637, 0.350653, 0.05, -0.0877342, -0.0225815, -0.115934, 0.147133, 1005.9, 9439.35, 10, 2e-20, 3e-20, 2e-20, 2e-20, -1
0.227505, 0.306264, 0.356878, 0.05, -0.0653321, 0.0280871, -0.0873333, 0.112624, 1009.68, 15489, 10, 2e-20, 3e-20, 2e-20, 2e-20, -1
0.234527, 0.243322, 0.361594, 0.05, -0.102831, -0.0356694, -0.160906, 0.194261, 1008.73, 13966.8, 10, 2e-20, 3e-20, 2e-20, 2e-20, -1
0.218163, 0.31873, 0.419276, 0.05, -0.120875, 0.0501243, -0.176522, 0.219735, 1013.53, 21648.6, 10, 2e-20, 3e-20, 2e-20, 2e-20, -1
0.276739, 0.412023, 0.465742, 0.05, -0.0118285, -0.100873, -0.0092436, 0.101984, 1003.3, 5275.32, 10, 2e-20, 3e-20, 2e-20, 2e-20, -1
0.209385, 0.290994, 0.461919, 0.05, 0.0088553, -0.0905083, 0.0632505, 0.110774, 1002.24, 3586.68, 10, 2e-20, 3e-20, 2e-20, 2e-20, -1
0.229517, 0.392806, 0.466983, 0.05, -0.0199652, -0.0535347, -0.00695521, 0.0575582, 1003.88, 6210.49, 10, 2e-20, 3e-20, 2e-20, 2e-20, -1
0.252184, 0.333486, 0.509034, 0.05, -0.0892131, -0.0207001, -0.0458328, 0.102411, 1006.01, 9617.83, 10, 2e-20, 3e-20, 2e-20, 2e-20, -1
0.290731, 0.297768, 0.51718, 0.05, -0.0486776, 0.0333948, -0.0648882, 0.0877223, 1006.13, 9815.46, 10, 2e-20, 3e-20, 2e-20, 2e-20, -1
0.307035, 0.240753, 0.49865, 0.05, -0.0145051, -0.130031, 0.0145443, 0.131643, 1004.76, 7610.07, 10, 2e-20, 3e-20, 2e-20, 2e-20, -1
0.267503, 0.255411, 0.538653, 0.05, -0.105203, -0.143706, 0.023266, 0.179612, 1004.97, 7958.19, 10, 2e-20, 3e-20, 2e-20, 2e-20, -1
0.254434, 0.269221, 0.584063, 0.05, -0.0261062, 0.013851, -0.00700735, 0.0303725, 1005.81, 9291.91, 10, 2e-20, 3e-20, 2e-20, 2e-20, -1
0.309166, 0.253872, 0.603693, 0.05, -0.00651984, -0.0623646, -0.0289981, 0.0690851, 1005.01, 8014.56, 10, 2e-20, 3e-20, 2e-20, 2e-20, -1
0.335518, 0.290293, 0.63676, 0.05, -0.0557211, -0.0657663, -0.0721167, 0.112387, 1003.22, 5151.15, 10, 2e-20, 3e-20, 2e-20, 2e-20, -1
0.305647, 0.344893, 0.661065, 0.05, -0.0832091, 0.070523, 0.00783771, 0.109356, 1003.23, 5173.55, 10, 2e-20, 3e-20, 2e-20, 2e-20, -1
0.280079, 0.294868, 0.672216, 0.05, 0.000453941, 0.0304295, -0.0474126, 0.0563393, 1002.67, 4267.71, 10, 2e-20, 3e-20, 2e-20, 2e-20, -1
0.245212, 0.378609, 0.72305, 0.05, -0.0247625, 0.0848518, -0.120442, 0.149397, 1006.27, 10028.9, 10, 2e-20, 3e-20, 2e-20, 2e-20, -1
0.257229, 0.33615, 0.697491, 0.05, 0.0120262, -0.0258106, -0.141559, 0.144394, 1005.29, 8468.71, 10, 2e-20, 3e-20, 2e-20, 2e-20, -1
0.249896, 0.243631, 0.677747, 0.05, -0.0395986, -0.114898, -0.12406, 0.173668, 1004.27, 6831.51, 10, 2e-20, 3e-20, 2e-20, 2e-20, -1
0.284392, 0.373345, 0.751782, 0.05, -0.0668626, 0.0133542, 0.0868148, 0.110389, 1003.11, 4976.61, 10, 2e-20, 3e-20, 2e-20, 2e-20, -1
0.254701, 0.332072, 0.82711, 0.05, -0.0765624, -0.178011, -0.0457572, 0.199107, 1002.5, 4006.15, 10, 2e-20, 3e-20, 2e-20, 2e-20, -1
0.305954, 0.303574, 0.811213, 0.05, 0.0508149, 0.0289167, -0.0422138, 0.0721134, 1000.83, 1325.43, 10, 2e-20, 3e-20, 2e-20, 2e-20, -1
0.265267, 0.293962, 0.798749, 0.05, -0.0406302, -0.0140768, -0.0114344, 0.044494, 1009.38, 15008.5, 10, 2e-20, 3e-20, 2e-20, 2e-20, -1
0.207355, 0.259318, 0.877434, 0.05, 0.113513, -0.0776151, -0.0489623, 0.145968, 1001.05, 1687.87, 10, 2e-20, 3e-20, 2e-20, 2e-20, -1
0.259844, 0.201777, 0.863117, 0.05, -0.0816026, 0.0377378, -0.105356, 0.138502, 1002.26, 3616.18, 10, 2e-20, 3e-20, 2e-20, 2e-20, -1
0.22278, 0.254125, 0.925331, 0.05, -0.110671, -0.0326816, -0.103716, 0.155155, 1004.58, 7324.41, 10, 2e-20, 3e-20, 2e-20, 2e-20, -1
0.257824, 0.201866, 0.930481, 0.05, -0.049709, -0.0640583, -0.0363636, 0.0888637, 1004.24, 6783.79, 10, 2e-20, 3e-20, 2e-20, 2e-20, -1
0.227046, 0.253641, 0.9755, 0.05, 0.00409584, -0.0119695, -0.000503073, 0.0126609, 1003.73, 5969.98, 10, 2e-20, 3e-20, 2e-20, 2e-20, -1
0.209144, 0.168811, 0.992061, 0.05, -0.0678567, -0.072663, 0.0593994, 0.115813, 999.468, -851.474, 10, 2e-20, 3e-20, 2e-20, 2e-20, -1
0.2051, 0.206562, 1.01072, 0.05, -0.0862069, -0.0869172, -0.0451895, 0.130493, 1001.56, 2496.97, 10, 2e-20, 3e-20, 2e-20, 2e-20, -1
0.176667, 0.187055, 1.10449, 0.05, -0.0576385, -0.0927016, 0.00212956, 0.10918, 1003.75, 6007.76, 10, 2e-20, 3e-20, 2e-20, 2e-20, -1
0.135526, 0.153877, 1.03395, 0.05, -0.0459692, -0.117719, 0.0282163, 0.129488, 998.965, -1655.28, 10, 2e-20, 3e-20, 2e-20, 2e-20, -1
0.140133, 0.175788, 1.09163, 0.05, -0.030024, -0.0718822, -0.0315183, 0.084035, 1006.28, 10053.4, 10, 2e-20, 3e-20, 2e-20, 2e-20, -1
0.100317, 0.140096, 1.16907, 0.05, 0.0154399, -0.116305, 0.0134273, 0.118091, 1002.68, 4291.02, 10, 2e-20, 3e-20, 2e-20, 2e-20, -1
0.0548625, 0.25292, 1.32541, 0.05, 0.0808815, -0.0134252, -0.0633342, 0.103602, 999.029, -1553.55, 10, 2e-20, 3e-20, 2e-20, 2e-20, -1
0.0192116, 0.260311, 1.3747, 0.05, 0.0484262, 0.0489767, -0.139446, 0.155529, 1000.6, 954.292, 10, 2e-20, 3e-20, 2e-20, 2e-20, -1
0.195701, 0.502356, 0.115136, 0.05, 0.0684058, -0.0397551, -0.0957496, 0.124209, 1007.48, 11968.9, 10, 2e-20, 3e-20, 2e-20, 2e-20, -1
0.277786, 0.466764, 0.132801, 0.05, 0.0330178, 0.138368, -0.114603, 0.182674, 1008.4, 13440.2, 10, 2e-20, 3e-20, 2e-20, 2e-20, -1
0.243197, 0.435603, 0.155302, 0.05, -0.112239, 0.119881, -0.00201928, 0.164235, 1007.29, 11664.4, 10, 2e-20, 3e-20, 2e-20, 2e-20, -1
0.317507, 0.447669, 0.0986579, 0.05, -0.0901668, 0.0904247, 0.0876808, 0.154902, 1010.52, 16827.9, 10, 2e-20, 3e-20, 2e-20, 2e-20, -1
0.269173, 0.432502, 0.102042, 0.05, -0.0936653, 0.148218, -0.117566, 0.2111, 1006.95, 11127, 10, 2e-20, 3e-20, 2e-20, 2e-20, -1
0.270835, 0.3929, 0.146053, 0.05, -0.14195, -0.12082, -0.00127738, 0.186411, 1009.58, 15328.8, 10, 2e-20, 3e-20, 2e-20, 2e-20, -1
0.247121, 0.349692, 0.196248, 0.05, -0.0869483, 0.0185569, 0.0564594, 0.105319, 1008.26, 13212.8, 10, 2e-20, 3e-20, 2e-20, 2e-20, -1
0.28495, 0.31456, 0.228982, 0.05, -0.0350737, -0.113023, -0.0412858, 0.125335, 1005.19, 8302.11, 10, 2e-20, 3e-20, 2e-20, 2e-20, -1
0.252342, 0.384221, 0.282555, 0.05, 0.0211785, 0.00870122, 0.0778083, 0.0811072, 1008.87, 14188, 10, 2e-20, 3e-20, 2e-20, 2e-20, -1
0.263421, 0.349924, 0.255655, 0.05, 0.0288193, -0.0158484, 0.0727129, 0.0798053, 1005.64, 9027.21, 10, 2e-20, 3e-20, 2e-20, 2e-20, -1
0.224242, 0.391103, 0.317451, 0.05, -0.023366, 0.00771425, -0.172761, 0.174505, 1006.69, 10704.4, 10, 2e-20, 3e-20, 2e-20, 2e-20, -1
0.20954, 0.364083, 0.268564, 0.05, -0.117305, 0.0447827, -0.0548548, 0.137022, 1011.33, 18135.5, 10, 2e-20, 3e-20, 2e-20, 2e-20, -1
0.264675, 0.32997, 0.301717, 0.05, 0.0113703, 0.0756599, -0.0490387, 0.0908763, 998.614, -2217.49, 10, 2e-20, 3e-20, 2e-20, 2e-20, -1
0.238289, 0.396454, 0.367973, 0.05, -0.101912, 0.0154512, -0.0240907, 0.105855, 1004.41, 7049.27, 10, 2e-20, 3e-20, 2e-20, 2e-20, -1
0.205392, 0.447792, 0.374894, 0.05, -0.186108, 0.051697, 0.0754395, 0.207364, 1005.09, 8150.93, 10, 2e-20, 3e-20, 2e-20, 2e-20, -1
0.24363, 0.349163, 0.343904, 0.05, -0.0180408, -0.143688, -0.0124067, 0.145347, 1002.79, 4457.29, 10, 2e-20, 3e-20, 2e-20, 2e-20, -1
0.228096, 0.351574, 0.391014, 0.05, 0.0252118, 0.0353519, -0.203286, 0.207872, 1008.61, 13782.4, 10, 2e-20, 3e-20, 2e-20, 2e-20, -1
0.280016, 0.460262, 0.541831, 0.05, -0.104676, 0.122513, -0.0756594, 0.178019, 1003.51, 5614.24, 10, 2e-20, 3e-20, 2e-20, 2e-20, -1
0.237456, 0.364199, 0.44471, 0.05, -0.0633453, 0.052153, 0.136695, 0.15943, 1002.83, 4535.81, 10, 2e-20, 3e-20, 2e-20, 2e-20, -1
0.222264, 0.459333, 0.592311, 0.05, -0.0426336, -0.0821451, 0.00467844, 0.0926678, 1001.61, 2569.96, 10, 2e-20, 3e-20, 2e-20, 2e-20, -1
0.241291, 0.426156, 0.542793, 0.05, -0.110596, 0.0372654, 0.0336883, 0.121471, 1011.06, 17689.5, 10, 2e-20, 3e-20, 2e-20, 2e-20, -1
0.270491, 0.386738, 0.515476, 0.05, -0.0254937, -0.0760242, -0.115528, 0.140628, 1011.71, 18730.7, 10, 2e-20, 3e-20, 2e-20, 2e-20, -1
0.264529, 0.375894, 0.565039, 0.05, -0.0430653, -0.117243, -0.0177122, 0.126151, 1001.95, 3122.03, 10, 2e-20, 3e-20, 2e-20, 2e-20, -1
0.221374, 0.339415, 0.559037, 0.05, 0.021203, -0.113234, 0.01047, 0.115677, 1009.1, 14553.6, 10, 2e-20, 3e-20, 2e-20, 2e-20, -1
0.213788, 0.397966, 0.638901, 0.05, -0.0373619, -0.0828499, -0.010488, 0.0914878, 1006.02, 9637.12, 10, 2e-20, 3e-20, 2e-20, 2e-20, -1
0.211102, 0.34718, 0.606544, 0.05, -0.0234823, 0.0374718, -0.154468, 0.160673, 1003.56, 5696.6, 10, 2e-20, 3e-20, 2e-20, 2e-20, -1
0.243551, 0.314768, 0.604118, 0.05, -0.0604644, -0.0427055, -0.154025, 0.17089, 1001.04, 1666.36, 10, 2e-20, 3e-20, 2e-20, 2e-20, -1
0.24223, 0.438034, 0.775262, 0.05, -0.0451507, -0.0732121, 0.101928, 0.133371, 1005.09, 8146.66, 10, 2e-20, 3e-20, 2e-20, 2e-20, -1
0.243483, 0.327698, 0.64772, 0.05, -0.0311073, 0.0207785, -0.0154539, 0.0404751, 996.214, -6057.54, 10, 2e-20, 3e-20, 2e-20, 2e-20, -1
0.26253, 0.440806, 0.819829, 0.05, 0.123221, 0.0287878, -0.0918815, 0.156379, 1005.72, 9156.58, 10, 2e-20, 3e-20, 2e-20, 2e-20, -1
0.213886, 0.360358, 0.676188, 0.05, 0.0027771, 0.117056, -0.110658, 0.161106, 1006.37, 10198.1, 10, 2e-20, 3e-20, 2e-20, 2e-20, -1
0.221523, 0.407913, 0.808391, 0.05, -0.0684846, -0.0276298, -0.141119, 0.159273, 1002.58, 4132.16, 10, 2e-20, 3e-20, 2e-20, 2e-20, -1
0.287539, 0.403223, 0.805859, 0.05, 0.0588556, -0.0143203, -0.0629534, 0.0873623, 1004.14, 6623.9, 10, 2e-20, 3e-20, 2e-20, 2e-20, -1
0.223843, 0.30923, 0.732622, 0.05, -0.0556509, -0.10806, -0.16313, 0.203434, 1001.96, 3131.09, 10, 2e-20, 3e-20, 2e-20, 2e-20, -1
0.287554, 0.355683, 0.800957, 0.05, -0.0562919, 0.000330698, -0.0727497, 0.0919859, 1000.33, 526.832, 10, 2e-20, 3e-20, 2e-20, 2e-20, -1
0.277407, 0.377565, 0.879165, 0.05, -0.0249793, 0.0888538, 0.0922266, 0.130479, 1005.3, 8476.97, 10, 2e-20, 3e-20, 2e-20, 2e-20, -1
0.328742, 0.385486, 0.903915, 0.05, 0.115734, -0.031094, -0.0881313, 0.148756, 1002.67, 4268.26, 10, 2e-20, 3e-20, 2e-20, 2e-20, -1
0.245741, 0.294036, 0.861906, 0.05, 0.00689162, -0.0306767, -0.0658591, 0.0729793, 1003.15, 5034.39, 10, 2e-20, 3e-20, 2e-20, 2e-20, -1
0.203174, 0.394768, 0.98561, 0.05, -0.0215833, 0.0667831, -0.0683344, 0.0979562, 1004.36, 6982.19, 10, 2e-20, 3e-20, 2e-20, 2e-20, -1
0.19846, 0.310815, 0.940674, 0.05, -0.0890735, -0.0248152, -0.105066, 0.13996, 1003.57, 5713.32, 10, 2e-20, 3e-20, 2e-20, 2e-20, -1
0.191786, 0.398466, 1.04219, 0.05, 0.0990738, -0.0270542, -0.0474912, 0.11315, 1001.06, 1696.71, 10, 2e-20, 3e-20, 2e-20, 2e-20, -1
0.180593, 0.271886, 0.958571, 0.05, 0.0274101, 0.0359723, -0.129688, 0.137347, 1003.31, 5296.49, 10, 2e-20, 3e-20, 2e-20, 2e-20, -1
0.189347, 0.258918, 1.0082, 0.05, -0.0153541, -0.043021, -0.0358571, 0.0580713, 1002.35, 3758.02, 10, 2e-20, 3e-20, 2e-20, 2e-20, -1
0.161499, 0.23108, 0.973952, 0.05, -0.113852, -0.0120083, -0.0848531, 0.142501, 1003.9, 6241, 10, 2e-20, 3e-20, 2e-20, 2e-20, -1
0.17357, 0.186628, 1.04877, 0.05, 0.0159655, 0.0431212, 0.0312034, 0.0555697, 1002.4, 3845.28, 10, 2e-20, 3e-20, 2e-20, 2e-20, -1
0.178228, 0.319615, 1.11951, 0.05, 0.020207, 0.0330735, -0.0708961, 0.0807988, 1002.22, 3547.18, 10, 2e-20, 3e-20, 2e-20, 2e-20, -1
0.112993, 0.186069, 1.17625, 0.05, 0.0210609, -0.0563155, 0.0195925, 0.0632366, 1002.38, 3800.91, 10, 2e-20, 3e-20, 2e-20, 2e-20, -1
0.13543, 0.265298, 1.15235, 0.05, 0.00177333, 0.0378851, -0.154537, 0.159123, 1000.35, 555.025, 10, 2e-20, 3e-20, 2e-20, 2e-20, -1
0.127385, 0.214504, 1.13534, 0.05, -0.029175, -0.0686085, -0.148198, 0.165894, 1000.03, 41.1045, 10, 2e-20, 3e-20, 2e-20, 2e-20, -1
0.0712588, 0.210268, 1.24687, 0.05, -0.015366, -0.0174973, -0.0469142, 0.0523757, 1000.35, 560.566, 10, 2e-20, 3e-20, 2e-20, 2e-20, -1
0.110799, 0.335687, 1.44838, 0.05, -0.0660719, -0.00109298, 0.137726, 0.152758, 1002.51, 4008.94, 10, 2e-20, 3e-20, 2e-20, 2e-20, -1
0.222764, 0.500553, 0.0566046, 0.05, -0.00216095, 0.0102067, 0.1175, 0.117962, 1011.62, 18590.7, 10, 2e-20, 3e-20, 2e-20, 2e-20, -1
0.291895, 0.497777, 0.297039, 0.05, -0.0632664, -0.00435803, 0.00117355, 0.0634272, 1012.95, 20717.4, 10, 2e-20, 3e-20, 2e-20, 2e-20, -1
0.312443, 0.470459, 0.253868, 0.05, -0.0130911, 0.0410666, -0.0725183, 0.0843608, 1006.06, 9702.9, 10, 2e-20, 3e-20, 2e-20, 2e-20, -1
0.262704, 0.481143, 0.25052, 0.05, -0.027729, 0.138662, -0.110074, 0.179199, 1006.02, 9638.47, 10, 2e-20, 3e-20, 2e-20, 2e-20, -1
0.300761, 0.439611, 0.21699, 0.05, -0.0368549, -0.113645, -0.112094, 0.163824, 1003.63, 5808.48, 10, 2e-20, 3e-20, 2e-20, 2e-20, -1
0.262947, 0.429491, 0.253981, 0.05, -0.0770443, -0.0553392, 0.0206654, 0.097084, 1006, 9599.32, 10, 2e-20, 3e-20, 2e-20, 2e-20, -1
0.275748, 0.393648, 0.19751, 0.05, 0.139413, -0.00223026, 0.125869, 0.18784, 1008.42, 13470.2, 10, 2e-20, 3e-20, 2e-20, 2e-20, -1
0.242167, 0.385159, 0.232259, 0.05, 0.0647145, -0.0663608, -0.177972, 0.200664, 1007.15, 11442.3, 10, 2e-20, 3e-20, 2e-20, 2e-20, -1
0.291531, 0.456299, 0.337186, 0.05, -0.0593884, -0.0409383, -0.0337517, 0.0796374, 1002.55, 4083.94, 10, 2e-20, 3e-20, 2e-20, 2e-20, -1
0.289943, 0.439765, 0.382013, 0.05, -0.0639477, -0.0142513, -0.0556382, 0.0859536, 1004.32, 6908.05, 10, 2e-20, 3e-20, 2e-20, 2e-20, -1
0.246266, 0.443529, 0.350445, 0.05, -0.0736723, 0.0545284, 0.0440696, 0.101701, 1007.53, 12054.9, 10, 2e-20, 3e-20, 2e-20, 2e-20, -1
0.271776, 0.398906, 0.327945, 0.05, 0.00876364, 0.0311063, -0.136269, 0.140049, 1005.59, 8949.44, 10, 2e-20, 3e-20, 2e-20, 2e-20, -1
0.249745, 0.445462, 0.402684, 0.05, -0.0645644, 0.0775704, -0.158301, 0.187737, 1006.52, 10430.7, 10, 2e-20, 3e-20, 2e-20, 2e-20, -1
0.201642, 0.498923, 0.574712, 0.05, -0.00211747, -0.0488937, 0.0532922, 0.0723543, 1005.53, 8840.07, 10, 2e-20, 3e-20, 2e-20, 2e-20, -1
0.250445, 0.499926, 0.626056, 0.05, -0.0377896, -0.0546168, 0.18585, 0.19736, 1008.35, 13359.8, 10, 2e-20, 3e-20, 2e-20, 2e-20, -1
0.245342, 0.445516, 0.44605, 0.05, -0.100577, 0.109719, -0.0222725, 0.150499, 1006.23, 9965.15, 10, 2e-20, 3e-20, 2e-20, 2e-20, -1
0.214235, 0.399904, 0.4159, 0.05, -0.0743425, -0.0332696, -0.0954624, 0.125486, 1006.11, 9773.78, 10, 2e-20, 3e-20, 2e-20, 2e-20, -1
0.244664, 0.439209, 0.49438, 0.05, -0.106628, -0.0336005, -0.0517007, 0.123173, 1002.59, 4142.29, 10, 2e-20, 3e-20, 2e-20, 2e-20, -1
0.313454, 0.435998, 0.665405, 0.05, -0.0257715, 0.049206, 0.145062, 0.155333, 1004.47, 7151.73, 10, 2e-20, 3e-20, 2e-20, 2e-20, -1
0.234715, 0.403362, 0.596651, 0.05, -0.176039, -0.00106208, -0.0066348, 0.176167, 1005.47, 8756.56, 10, 2e-20, 3e-20, 2e-20, 2e-20, -1
0.258085, 0.418402, 0.694576, 0.05, 0.113069, -0.0816724, 0.0192664, 0.140805, 998.486, -2422.48, 10, 2e-20, 3e-20, 2e-20, 2e-20, -1
0.193207, 0.44234, 0.643715, 0.05, -0.0930662, -0.0155024, -0.036838, 0.101285, 1005.06, 8095.97, 10, 2e-20, 3e-20, 2e-20, 2e-20, -1
0.19304, 0.443994, 0.776675, 0.05, -0.0236949, -0.0678691, 0.0864456, 0.11243, 1000.76, 1215.48, 10, 2e-20, 3e-20, 2e-20, 2e-20, -1
0.184955, 0.390035, 0.605931, 0.05, 0.0903945, 0.0286526, -0.0231356, 0.0976084, 996.625, -5399.35, 10, 2e-20, 3e-20, 2e-20, 2e-20, -1
0.210428, 0.410041, 0.713303, 0.05, -0.0728954, 0.0627144, -0.0689776, 0.118342, 999.779, -353.972, 10, 2e-20, 3e-20, 2e-20, 2e-20, -1
0.254399, 0.379071, 0.661796, 0.05, 0.00540463, 0.000626017, 0.108755, 0.108891, 1003.11, 4977.84, 10, 2e-20, 3e-20, 2e-20, 2e-20, -1
0.340167, 0.435213, 0.877961, 0.05, 0.0199986, -0.0460279, -0.0126521, 0.0517551, 1000.56, 890.784, 10, 2e-20, 3e-20, 2e-20, 2e-20, -1
0.285536, 0.481126, 1.05397, 0.05, 0.0497795, -0.0144615, 0.161174, 0.169305, 1001.05, 1678.72, 10, 2e-20, 3e-20, 2e-20, 2e-20, -1
0.313946, 0.438961, 0.915217, 0.05, -0.01273, -0.00419946, -0.153434, 0.154018, 1000.2, 318.094, 10, 2e-20, 3e-20, 2e-20, 2e-20, -1
0.291848, 0.432939, 0.858476, 0.05, -0.134027, -0.0802665, 0.155089, 0.220133, 1003.77, 6029.46, 10, 2e-20, 3e-20, 2e-20, 2e-20, -1
0.232752, 0.457504, 1.01417, 0.05, -0.0024697, -0.140027, -0.077928, 0.16027, 1001.11, 1768.01, 10, 2e-20, 3e-20, 2e-20, 2e-20, -1
0.314068, 0.390457, 0.859724, 0.05, -0.0127075, -0.0335377, -0.11357, 0.119098, 998.945, -1687.86, 10, 2e-20, 3e-20, 2e-20, 2e-20, -1
0.187636, 0.441856, 1.07522, 0.05, -0.108081, 0.00136431, -0.208596, 0.234938, 999.665, -535.296, 10, 2e-20, 3e-20, 2e-20, 2e-20, -1
0.27183, 0.446333, 0.949243, 0.05, -0.0378687, 0.0299032, 0.0777617, 0.0915156, 1003.96, 6328.98, 10, 2e-20, 3e-20, 2e-20, 2e-20, -1
0.219218, 0.431359, 0.962272, 0.05, 0.133041, -0.159303, 0.101007, 0.230824, 997.289, -4338.13, 10, 2e-20, 3e-20, 2e-20, 2e-20, -1
0.258318, 0.429079, 0.991051, 0.05, -0.0292865, -0.0471608, -0.0855513, 0.101985, 1004.38, 7014.32, 10, 2e-20, 3e-20, 2e-20, 2e-20, -1
0.271725, 0.335051, 0.905462, 0.05, -0.101189, -0.0624622, -0.070521, 0.138253, 1006.26, 10008.7, 10, 2e-20, 3e-20, 2e-20, 2e-20, -1
0.247033, 0.447091, 1.20202, 0.05, -0.0138051, -0.0749822, -0.0594075, 0.0966549, 1000.15, 245.585, 10, 2e-20, 3e-20, 2e-20, 2e-20, -1
0.195444, 0.34439, 1.02808, 0.05, 0.0345862, -0.0997052, 0.0733433, 0.128517, 999.197, -1284.1, 10, 2e-20, 3e-20, 2e-20, 2e-20, -1
0.170235, 0.324687, 0.991201, 0.05, -0.109633, -0.0531903, -0.125513, 0.174934, 1001.31, 2103.65, 10, 2e-20, 3e-20, 2e-20, 2e-20, -1
0.22485, 0.369649, 1.06109, 0.05, -0.00109814, -0.0897332, -0.0719247, 0.115006, 1000.04, 65.6463, 10, 2e-20, 3e-20, 2e-20, 2e-20, -1
0.148334, 0.338101, 1.04483, 0.05, 0.0109101, 0.000921411, -0.0517092, 0.0528557, 1002.41, 3850.11, 10, 2e-20, 3e-20, 2e-20, 2e-20, -1
0.210529, 0.349751, 1.0988, 0.05, -0.081911, 0.134502, -0.0783107, 0.175877, 1001.93, 3092.83, 10, 2e-20, 3e-20, 2e-20, 2e-20, -1
0.171953, 0.338312, 1.39483, 0.05, -0.132877, -0.0414473, 0.0271392, 0.141812, 1003.98, 6369.85, 10, 2e-20, 3e-20, 2e-20, 2e-20, -1
0.167892, 0.318463, 1.24877, 0.05, -0.0760206, -0.155758, 0.00522067, 0.173398, 1004.49, 7190.75, 10, 2e-20, 3e-20, 2e-20, 2e-20, -1
0.261207, 0.43195, 1.41843, 0.05, -0.148985, 0.103442, -0.00330681, 0.181405, 998.547, -2324.1, 10, 2e-20, 3e-20, 2e-20, 2e-20, -1
0.348227, 0.541149, 1.31523, 0.05, -0.0568993, 0.0840028, 0.0227738, 0.103984, 995.044, -7929.68, 10, 2e-20, 3e-20, 2e-20, 2e-20, -1
0.140175, 0.296224, 1.21541, 0.05, -0.0467006, 0.00809779, -0.17877, 0.184946, 999.683, -507.42, 10, 2e-20, 3e-20, 2e-20, 2e-20, -1
0.102662, 0.359565, 1.37048, 0.05, -0.120949, -0.0704532, 0.0538778, 0.149984, 999.414, -936.997, 10, 2e-20, 3e-20, 2e-20, 2e-20, -1
0.115651, 0.263893, 1.20523, 0.05, 0.0226388, -0.15552, 0.0524808, 0.165691, 1000.99, 1586.65, 10, 2e-20, 3e-20, 2e-20, 2e-20, -1
0.116832, 0.350764, 1.39539, 0.05, -0.10457, 0.0436647, 0.0739552, 0.135318, 996.497, -5604.44, 10, 2e-20, 3e-20, 2e-20, 2e-20, -1
0.260497, 0.501263, 0.104806, 0.05, -0.0700744, -0.00971532, -0.0973932, 0.120375, 1012.25, 19600.8, 10, 2e-20, 3e-20, 2e-20, 2e-20, -1
0.226463, 0.498969, 0.163919, 0.05, -0.118699, 0.0473935, -0.00580991, 0.127943, 1013.03, 20841.5, 10, 2e-20, 3e-20, 2e-20, 2e-20, -1
0.283625, 0.496259, 0.174343, 0.05, 0.0317169, 0.0451693, 0.0875749, 0.103516, 1012.95, 20717.6, 10, 2e-20, 3e-20, 2e-20, 2e-20, -1
0.326777, 0.499992, 0.349014, 0.05, -0.0692404, 0.00808645, -0.0132339, 0.070956, 1007.04, 11267.7, 10, 2e-20, 3e-20, 2e-20, 2e-20, -1
0.345667, 0.492345, 0.405324, 0.05, 0.0885163, -0.02624, -0.0769251, 0.120171, 1015.17, 24268.8, 10, 2e-20, 3e-20, 2e-20, 2e-20, -1
0.304071, 0.39426, 0.247933, 0.05, 0.0250123, -0.014971, -0.135694, 0.13879, 1005.88, 9408.63, 10, 2e-20, 3e-20, 2e-20, 2e-20, -1
0.245775, 0.438921, 0.299501, 0.05, -0.114647, -0.0230468, -0.0732871, 0.138008, 1009.3, 14884.5, 10, 2e-20, 3e-20, 2e-20, 2e-20, -1
0.349111, 0.493538, 0.493597, 0.05, 0.092946, 0.0408472, 0.248754, 0.268674, 1008.14, 13029.9, 10, 2e-20, 3e-20, 2e-20, 2e-20, -1
0.301883, 0.494309, 0.676341, 0.05, 0.019362, -0.0564153, 0.128414, 0.14159, 1008.97, 14348.3, 10, 2e-20, 3e-20, 2e-20, 2e-20, -1
0.320682, 0.496499, 0.743179, 0.05, -0.0695578, -0.0352207, 0.0180686, 0.0800328, 1005.4, 8641.77, 10, 2e-20, 3e-20, 2e-20, 2e-20, -1
0.403786, 0.49854, 0.516534, 0.05, -0.036499, 0.0371797, 0.140963, 0.150284, 1012.06, 19288.2, 10, 2e-20, 3e-20, 2e-20, 2e-20, -1
0.203861, 0.498149, 0.451007, 0.05, -0.118809, -0.087238, -0.119806, 0.189946, 1010.22, 16352.2, 10, 2e-20, 3e-20, 2e-20, 2e-20, -1
0.272577, 0.497635, 0.96863, 0.05, -0.067501, -0.0534877, 0.10213, 0.133596, 1008.26, 13211.1, 10, 2e-20, 3e-20, 2e-20, 2e-20, -1
0.220894, 0.446145, 0.677765, 0.05, -0.0387792, -0.0236738, 0.148725, 0.155511, 1001.19, 1910.15, 10, 2e-20, 3e-20, 2e-20, 2e-20, -1
0.245145, 0.497956, 0.918704, 0.05, -0.0439432, 0.0136718, 0.156898, 0.163509, 1010.1, 16160.7, 10, 2e-20, 3e-20, 2e-20, 2e-20, -1
0.284887, 0.453538, 0.635468, 0.05, 0.161194, 0.0982606, -0.0666425, 0.200199, 1005.61, 8975.31, 10, 2e-20, 3e-20, 2e-20, 2e-20, -1
0.30139, 0.474826, 0.788161, 0.05, 0.0193823, 0.0669286, 0.122592, 0.14101, 1004.58, 7320.77, 10, 2e-20, 3e-20, 2e-20, 2e-20, -1
0.218567, 0.497077, 0.987226, 0.05, -0.0162351, 0.0431561, 0.0188299, 0.0498056, 1002.98, 4762.39, 10, 2e-20, 3e-20, 2e-20, 2e-20, -1
0.288944, 0.499341, 0.865984, 0.05, -0.000855069, -0.0358784, -0.0991583, 0.105453, 1006.74, 10787, 10, 2e-20, 3e-20, 2e-20, 2e-20, -1
0.152847, 0.45687, 0.821644, 0.05, 0.0587747, -0.0375479, 0.0895083, 0.113473, 1001.47, 2354.2, 10, 2e-20, 3e-20, 2e-20, 2e-20, -1
0.257293, 0.505098, 1.28261, 0.05, -0.00624089, -0.111241, 0.134248, 0.17446, 1001.28, 2040.1, 10, 2e-20, 3e-20, 2e-20, 2e-20, -1
0.231572, 0.496505, 0.862277, 0.05, -0.105984, 0.0873925, -0.00582586, 0.137492, 1008.29, 13267.3, 10, 2e-20, 3e-20, 2e-20, 2e-20, -1
0.243031, 0.500365, 1.10925, 0.05, -0.0620973, 0.0418273, 0.0762465, 0.10686, 1001.61, 2576.57, 10, 2e-20, 3e-20, 2e-20, 2e-20, -1
0.299586, 0.501154, 1.1052, 0.05, -0.0986055, -0.0393231, -0.000192711, 0.106157, 1002.21, 3536.27, 10, 2e-20, 3e-20, 2e-20, 2e-20, -1
0.304998, 0.469183, 0.8365, 0.05, -0.0618088, -0.0510787, 0.0314115, 0.0861165, 1004, 6398.02, 10, 2e-20, 3e-20, 2e-20, 2e-20, -1
0.236364, 0.499618, 1.16343, 0.05, -0.110253, -0.0063834, -0.038763, 0.117043, 998.94, -1695.25, 10, 2e-20, 3e-20, 2e-20, 2e-20, -1
0.29017, 0.472064, 0.907727, 0.05, -0.149191, -0.165433, -0.0376688, 0.225931, 998.084, -3065.17, 10, 2e-20, 3e-20, 2e-20, 2e-20, -1
0.156403, 0.447948, 1.37066, 0.05, -0.173445, 0.0279612, 0.152165, 0.232421, 999.055, -1511.63, 10, 2e-20, 3e-20, 2e-20, 2e-20, -1
0.141756, 0.492648, 1.42247, 0.05, -0.292991, 0.126816, 0.288055, 0.430002, 1001.17, 1864.42, 10, 2e-20, 3e-20, 2e-20, 2e-20, -1
0.24057, 0.46412, 1.0703, 0.05, -0.170485, 0.0714156, 0.0635545, 0.19546, 999.462, -861.443, 10, 2e-20, 3e-20, 2e-20, 2e-20, -1
0.51707, -0.426572, 1.44423, 0.05, -0.440769, 0.110531, -0.741326, 0.869516, 993.973, -9643.45, 10, 2e-20, 3e-20, 2e-20, 2e-20, -1
0.160585, 0.496145, 1.36563, 0.05, -0.0540972, -0.138605, 0.294147, 0.329637, 998.995, -1607.88, 10, 2e-20, 3e-20, 2e-20, 2e-20, -1
0.229074, 0.381263, 1.1928, 0.05, 0.00226272, -0.0742272, -0.0696599, 0.10182, 1000.68, 1095.88, 10, 2e-20, 3e-20, 2e-20, 2e-20, -1
0.169531, 0.462672, 1.47584, 0.05, -0.0873449, 0.150438, 0.0614041, 0.184475, 995.934, -6506.07, 10, 2e-20, 3e-20, 2e-20, 2e-20, -1
0.310483, 0.509287, 1.28234, 0.05, 0.0799623, 0.135691, 0.118141, 0.196884, 1000.41, 659.453, 10, 2e-20, 3e-20, 2e-20, 2e-20, -1
0.229818, 0.329004, 1.23784, 0.05, -0.0528819, -0.0540048, 0.0854584, 0.114088, 1005.62, 8991.67, 10, 2e-20, 3e-20, 2e-20, 2e-20, -1
0.158723, 0.392145, 1.29532, 0.05, -0.088379, -0.0754509, -0.0961337, 0.150816, 997.687, -3701.11, 10, 2e-20, 3e-20, 2e-20, 2e-20, -1
0.181757, 0.371562, 1.1996, 0.05, -0.0943806, -0.0979427, -0.0499229, 0.144889, 998.509, -2386.08, 10, 2e-20, 3e-20, 2e-20, 2e-20, -1
0.207592, 0.349762, 1.15829, 0.05, -0.100732, -0.124772, -0.148958, 0.218869, 997.546, -3926.97, 10, 2e-20, 3e-20, 2e-20, 2e-20, -1
0.290823, 0.366489, 1.43422, 0.05, -0.112845, -0.0997745, -0.194297, 0.245846, 993.828, -9875.53, 10, 2e-20, 3e-20, 2e-20, 2e-20, -1
0.195694, 0.273695, 1.10951, 0.05, -0.069933, -0.0052329, -0.037942, 0.0797346, 1001.71, 2738.44, 10, 2e-20, 3e-20, 2e-20, 2e-20, -1
0.291099, 0.500647, 1.32747, 0.05, 0.0944886, 0.13326, 0.0212204, 0.164732, 1000.51, 809.854, 10, 2e-20, 3e-20, 2e-20, 2e-20, -1
0.296819, 0.354521, 1.36261, 0.05, -0.114003, -0.080253, -0.0388832, 0.144738, 1001.03, 1649.25, 10, 2e-20, 3e-20, 2e-20, 2e-20, -1
0.26931, 0.23756, 1.41064, 0.05, -0.145604, -0.057789, 0.0635177, 0.16904, 999.706, -470.059, 10, 2e-20, 3e-20, 2e-20, 2e-20, -1
0.157866, 0.307832, 1.30239, 0.05, -0.216122, -0.00856983, 0.0558443, 0.223385, 1000.9, 1439.97, 10, 2e-20, 3e-20, 2e-20, 2e-20, -1
0.40905, 0.372376, 1.33651, 0.05, -0.0295609, -0.0177098, -0.000817893, 0.0344696, 998.604, -2234.01, 10, 2e-20, 3e-20, 2e-20, 2e-20, -1
0.217093, 0.349769, 1.34497, 0.05, -0.0613648, -0.0886229, 0.0963342, 0.144568, 998.094, -3049.37, 10, 2e-20, 3e-20, 2e-20, 2e-20, -1
0.28257, 0.424068, 1.32038, 0.05, -0.122969, 0.0823541, 0.0631465, 0.160907, 999.847, -244.2, 10, 2e-20, 3e-20, 2e-20, 2e-20, -1
0.201177, 0.422683, 1.41701, 0.05, -0.228194, 0.10409, -0.0272239, 0.252286, 998.859, -1826.32, 10, 2e-20, 3e-20, 2e-20, 2e-20, -1
0.256016, 0.449365, 1.38063, 0.05, -0.0343183, -0.0448622, -0.100813, 0.115558, 1001.31, 2096.19, 10, 2e-20, 3e-20, 2e-20, 2e-20, -1
0.345147, 0.393846, 1.4267, 0.05, -0.218968, -0.00815084, 0.0356495, 0.222001, 1005.42, 8664.02, 10, 2e-20, 3e-20, 2e-20, 2e-20, -1
0.278165, -0.495968, 0.0540862, 0.05, 0.0684629, 0.219845, -0.0185241, 0.231003, 1011.65, 18633.2, 10, 2e-20, 3e-20, 2e-20, 2e-20, -1
0.266565, -0.493013, 0.107624, 0.05, 0.126353, -0.0324017, -0.0515088, 0.140243, 1012.03, 19254.8, 10, 2e-20, 3e-20, 2e-20, 2e-20, -1
0.289271, -0.495688, 0.162213, 0.05, 0.000612648, -0.0579546, 0.379047, 0.383453, 1012.77, 20437.5, 10, 2e-20, 3e-20, 2e-20, 2e-20, -1
0.265489, -0.495677, 0.240363, 0.05, -0.459278, 0.109649, 0.189731, 0.508878, 1009.1, 14564.9, 10, 2e-20, 3e-20, 2e-20, 2e-20, -1
0.358329, -0.497421, 0.340999, 0.05, 0.0477706, -0.0237955, 0.153568, 0.162577, 1014.34, 22940.6, 10, 2e-20, 3e-20, 2e-20, 2e-20, -1
0.256145, -0.494683, 0.295194, 0.05, -0.259562, -0.0615164, 0.141278, 0.301855, 1008.67, 13868.5, 10, 2e-20, 3e-20, 2e-20, 2e-20, -1
0.249605, -0.498075, 0.399905, 0.05, -0.121907, 0.0178071, 0.0729601, 0.143183, 1009.38, 15014.1, 10, 2e-20, 3e-20, 2e-20, 2e-20, -1
0.23812, -0.496246, 0.490472, 0.05, -0.0281945, 0.0261404, 0.196559, 0.200284, 1006.91, 11049.7, 10, 2e-20, 3e-20, 2e-20, 2e-20, -1
0.260958, -0.499411, 0.550367, 0.05, -0.0505543, 0.0205392, 0.0773312, 0.0946452, 1001.78, 2850.73, 10, 2e-20, 3e-20, 2e-20, 2e-20, -1
0.289519, -0.496416, 0.601734, 0.05, -0.111366, 0.0905658, 0.0419224, 0.149539, 1010.66, 17052.3, 10, 2e-20, 3e-20, 2e-20, 2e-20, -1
0.239338, -0.49521, 0.641704, 0.05, 0.00696476, 0.159204, 0.127106, 0.203839, 1011.62, 18595.8, 10, 2e-20, 3e-20, 2e-20, 2e-20, -1
0.295367, -0.495828, 0.760075, 0.05, -0.0188295, 0.0155229, 0.206512, 0.207949, 1012.49, 19989.9, 10, 2e-20, 3e-20, 2e-20, 2e-20, -1
0.274732, -0.496392, 0.959241, 0.05, -0.207094, -0.0282913, 0.253802, 0.328791, 1006.61, 10575, 10, 2e-20, 3e-20, 2e-20, 2e-20, -1
0.278848, -0.495693, 0.847728, 0.05, 0.0874049, -0.0287135, 0.188872, 0.210087, 1004.37, 6994.24, 10, 2e-20, 3e-20, 2e-20, 2e-20, -1
0.292297, -0.467702, 0.64208, 0.05, -0.0275786, 0.112824, 0.0700232, 0.135621, 1005.79, 9262.64, 10, 2e-20, 3e-20, 2e-20, 2e-20, -1
0.286819, -0.456881, 0.795276, 0.05, 0.0400074, -0.0241849, 0.156756, 0.163578, 1000.59, 949.262, 10, 2e-20, 3e-20, 2e-20, 2e-20, -1
0.2379, -0.451978, 0.603944, 0.05, -0.00964699, 0.000184729, 0.126583, 0.12695, 1005.5, 8793.73, 10, 2e-20, 3e-20, 2e-20, 2e-20, -1
0.296943, -0.495824, 1.01241, 0.05, -0.1011, -0.0502424, 0.297767, 0.318451, 1004.67, 7477.59, 10, 2e-20, 3e-20, 2e-20, 2e-20, -1
0.228031, -0.44822, 0.801952, 0.05, 0.0195864, -0.0320213, 0.219241, 0.222432, 1005.51, 8812.74, 10, 2e-20, 3e-20, 2e-20, 2e-20, -1
0.236953, -0.472659, 0.860282, 0.05, -0.131408, -0.0969247, 0.217245, 0.271768, 1007.75, 12398.7, 10, 2e-20, 3e-20, 2e-20, 2e-20, -1
0.363024, -0.493433, 1.01309, 0.05, -0.0257248, 0.0230342, 0.250198, 0.252569, 1005.45, 8717.26, 10, 2e-20, 3e-20, 2e-20, 2e-20, -1
0.273357, -0.4535, 0.905666, 0.05, -0.0722431, -0.0636527, 0.263522, 0.280561, 1000.7, 1116.3, 10, 2e-20, 3e-20, 2e-20, 2e-20, -1
0.297111, -0.50124, 1.14895, 0.05, -0.072164, 0.0143288, 0.24512, 0.255923, 1002.39, 3827.67, 10, 2e-20, 3e-20, 2e-20, 2e-20, -1
0.331376, -0.499251, 1.19497, 0.05, -0.241341, 0.0808168, 0.204935, 0.326765, 1001.71, 2739.65, 10, 2e-20, 3e-20, 2e-20, 2e-20, -1
0.297567, -0.441892, 1.04282, 0.05, -0.198857, -0.0732119, 0.217906, 0.303952, 1001.13, 1805.79, 10, 2e-20, 3e-20, 2e-20, 2e-20, -1
0.301548, -0.458125, 1.09898, 0.05, -0.0397871, -0.0730873, 0.136257, 0.159658, 999.342, -1053.36, 10, 2e-20, 3e-20, 2e-20, 2e-20, -1
0.228907, -0.426992, 1.09023, 0.05, -0.0892787, -0.0236101, 0.20198, 0.22209, 1001.31, 2092.16, 10, 2e-20, 3e-20, 2e-20, 2e-20, -1
0.251399, -0.424966, 0.930554, 0.05, -0.170284, -0.0815038, 0.106733, 0.216868, 1004.81, 7701.66, 10, 2e-20, 3e-20, 2e-20, 2e-20, -1
0.21748, -0.415811, 1.37796, 0.05, -0.638482, -0.140329, 0.435797, 0.785666, 1005.64, 9024.61, 10, 2e-20, 3e-20, 2e-20, 2e-20, -1
0.278323, -0.449596, 1.16851, 0.05, -0.107233, 0.168211, 0.395353, 0.44283, 1002.88, 4615.31, 10, 2e-20, 3e-20, 2e-20, 2e-20, -1
0.317943, -0.427212, 1.11381, 0.05, -0.129816, 0.0250989, 0.211709, 0.249606, 998.443, -2490.74, 10, 2e-20, 3e-20, 2e-20, 2e-20, -1
0.238961, -0.356777, 1.40194, 0.05, -0.545272, 0.0490357, 0.271835, 0.611245, 1003.64, 5823.18, 10, 2e-20, 3e-20, 2e-20, 2e-20, -1
0.196165, -0.503592, 1.36609, 0.05, -1.11524, -0.00585311, 0.804577, 1.37519, 1004.75, 7595.3, 10, 2e-20, 3e-20, 2e-20, 2e-20, -1
0.216823, -0.345754, 1.46289, 0.05, -0.174008, -0.122208, 0.258391, 0.334633, 1004.12, 6592.99, 10, 2e-20, 3e-20, 2e-20, 2e-20, -1
0.289447, -0.402395, 1.33609, 0.05, -0.134154, 0.0442661, 0.272284, 0.306749, 1002.12, 3395.68, 10, 2e-20, 3e-20, 2e-20, 2e-20, -1
0.198059, -0.38001, 1.39085, 0.05, -0.346328, -0.223798, 0.259134, 0.48701, 992.327, -12277.3, 10, 2e-20, 3e-20, 2e-20, 2e-20, -1
0.449678, -0.29443, 1.42946, 0.05, -0.0745448, 0.256357, -0.16499, 0.313843, 997.469, -4049.03, 10, 2e-20, 3e-20, 2e-20, 2e-20, -1
0.31141, -0.448379, 1.36771, 0.05, -0.492718, -0.0362897, 0.277461, 0.566633, 1000.33, 526.395, 10, 2e-20, 3e-20, 2e-20, 2e-20, -1
0.247445, -0.29553, 1.29071, 0.05, -0.257052, 0.0413778, 0.127847, 0.290056, 1003.46, 5528.55, 10, 2e-20, 3e-20, 2e-20, 2e-20, -1
0.317306, -0.363145, 1.32903, 0.05, -0.251351, 0.0494184, 0.178782, 0.312382, 1004.84, 7739.06, 10, 2e-20, 3e-20, 2e-20, 2e-20, -1
0.249497, -0.267555, 1.24074, 0.05, -0.26584, 0.0666469, 0.119991, 0.299183, 1002.05, 3280.12, 10, 2e-20, 3e-20, 2e-20, 2e-20, -1
0.290361, -0.29322, 1.41007, 0.05, -0.303328, 0.0639269, 0.134053, 0.337735, 1000.26, 421.372, 10, 2e-20, 3e-20, 2e-20, 2e-20, -1
0.199375, -0.42024, 1.45121, 0.05, -0.276915, -0.19339, 0.254749, 0.423059, 1001.82, 2917.01, 10, 2e-20, 3e-20, 2e-20, 2e-20, -1
0.381481, -0.348229, 1.26018, 0.05, -0.204057, 0.0259948, -0.102828, 0.229975, 996.732, -5228.55, 10, 2e-20, 3e-20, 2e-20, 2e-20, -1
0.163697, -0.265819, 1.39217, 0.05, -0.289807, 0.336897, 0.085018, 0.452455, 999.156, -1349.86, 10, 2e-20, 3e-20, 2e-20, 2e-20, -1
0.272826, -0.243362, 1.33524, 0.05, -0.267006, 0.0564055, 0.193769, 0.334694, 1002.68, 4285.69, 10, 2e-20, 3e-20, 2e-20, 2e-20, -1
0.271396, -0.297683, 1.46246, 0.05, -0.36395, -0.029319, 0.123256, 0.385372, 996.618, -5411.11, 10, 2e-20, 3e-20, 2e-20, 2e-20, -1
0.283939, -0.389974, 1.43167, 0.05, -0.194201, -0.130537, 0.110626, 0.258828, 1002.95, 4715, 10, 2e-20, 3e-20, 2e-20, 2e-20, -1
0.22986, -0.468395, 1.50419, 0.05, -0.00161279, 0.171172, -0.204411, 0.26662, 996.731, -5230.33, 10, 2e-20, 3e-20, 2e-20, 2e-20, -1
0.276094, -0.454319, 1.43927, 0.05, -0.407115, 0.212227, 0.158515, 0.485706, 999.89, -176.535, 10, 2e-20, 3e-20, 2e-20, 2e-20, -1
0.230309, -0.213404, 1.45532, 0.05, -0.253669, 0.316284, 0.509947, 0.651482, 1002.13, 3407.87, 10, 2e-20, 3e-20, 2e-20, 2e-20, -1
0.244887, -0.451072, 0.0449945, 0.05, 0.122049, 0.239746, -0.165692, 0.315956, 1005.52, 8839.22, 10, 2e-20, 3e-20, 2e-20, 2e-20, -1
0.302961, -0.443246, 0.107594, 0.05, 0.179073, 0.191589, -0.220444, 0.342592, 1004.75, 7601.18, 10, 2e-20, 3e-20, 2e-20, 2e-20, -1
0.303523, -0.418962, 0.197879, 0.05, -0.0665675, -0.156321, 0.0289504, 0.172353, 1009.23, 14767, 10, 2e-20, 3e-20, 2e-20, 2e-20, -1
0.261615, -0.452581, 0.129081, 0.05, -0.141487, 0.256405, -0.00829324, 0.292969, 1000.7, 1122.87, 10, 2e-20, 3e-20, 2e-20, 2e-20, -1
0.276538, -0.460563, 0.205504, 0.05, -0.00667807, 0.0336868, 0.115839, 0.120823, 1004.79, 7658.19, 10, 2e-20, 3e-20, 2e-20, 2e-20, -1
0.237335, -0.458274, 0.257145, 0.05, -0.0768697, -0.198805, 0.0523071, 0.219473, 1001.48, 2362.1, 10, 2e-20, 3e-20, 2e-20, 2e-20, -1
0.272631, -0.439266, 0.299535, 0.05, -0.0345145, -0.00228025, 0.0299214, 0.0457356, 1003.53, 5653.51, 10, 2e-20, 3e-20, 2e-20, 2e-20, -1
0.311685, -0.452667, 0.333903, 0.05, -0.22364, 0.0586981, 0.0762381, 0.24346, 1006.4, 10237.9, 10, 2e-20, 3e-20, 2e-20, 2e-20, -1
0.304121, -0.471362, 0.39678, 0.05, 0.0169402, 0.0664893, 0.229285, 0.239331, 1002.79, 4471.02, 10, 2e-20, 3e-20, 2e-20, 2e-20, -1
0.342395, -0.428479, 0.358328, 0.05, -0.0185615, -0.0456082, 0.0548684, 0.0737237, 1005.91, 9461.87, 10, 2e-20, 3e-20, 2e-20, 2e-20, -1
0.288255, -0.458262, 0.52326, 0.05, -0.0804515, -0.0319644, -0.0172315, 0.0882671, 1003.35, 5352.54, 10, 2e-20, 3e-20, 2e-20, 2e-20, -1
0.288086, -0.448735, 0.576788, 0.05, -0.0406486, 0.0101785, 0.0789337, 0.0893668, 1002.64, 4228.05, 10, 2e-20, 3e-20, 2e-20, 2e-20, -1
0.316802, -0.434874, 0.455335, 0.05, -0.0918689, 0.041038, 0.0673438, 0.121075, 1005, 8002.06, 10, 2e-20, 3e-20, 2e-20, 2e-20, -1
0.316427, -0.39187, 0.415693, 0.05, -0.0464105, -0.0202115, 0.00885933, 0.0513899, 1006.05, 9680.54, 10, 2e-20, 3e-20, 2e-20, 2e-20, -1
0.246901, -0.445242, 0.545049, 0.05, -0.14317, 0.095419, 0.117087, 0.208115, 1006.5, 10403, 10, 2e-20, 3e-20, 2e-20, 2e-20, -1
0.282355, -0.366654, 0.396067, 0.05, -0.00608723, 0.0576279, 0.0568277, 0.0811629, 1005.52, 8837.94, 10, 2e-20, 3e-20, 2e-20, 2e-20, -1
0.278348, -0.4137, 0.512932, 0.05, -0.135893, -0.081176, -0.0479159, 0.165386, 1006.2, 9913.99, 10, 2e-20, 3e-20, 2e-20, 2e-20, -1
0.295644, -0.352216, 0.439216, 0.05, -0.0348306, -0.12041, -0.113178, 0.168882, 1004.3, 6884.42, 10, 2e-20, 3e-20, 2e-20, 2e-20, -1
0.273212, -0.369883, 0.482408, 0.05, -0.0220519, 0.0434323, 0.116726, 0.126481, 1004.73, 7569.05, 10, 2e-20, 3e-20, 2e-20, 2e-20, -1
0.268989, -0.440637, 0.680566, 0.05, -0.0399168, 0.0388213, 0.0848953, 0.101527, 1006.62, 10592.8, 10, 2e-20, 3e-20, 2e-20, 2e-20, -1
0.306169, -0.412315, 0.650893, 0.05, -0.100778, -0.0247112, 0.0958118, 0.141233, 998.341, -2654.82, 10, 2e-20, 3e-20, 2e-20, 2e-20, -1
0.318975, -0.444453, 0.694788, 0.05, -0.0372096, 0.0385431, 0.0860887, 0.101397, 1006.29, 10070.1, 10, 2e-20, 3e-20, 2e-20, 2e-20, -1
0.291543, -0.439014, 0.851065, 0.05, 0.0236099, 0.0315174, 0.227676, 0.231057, 1002.39, 3822.35, 10, 2e-20, 3e-20, 2e-20, 2e-20, -1
0.31741, -0.426446, 0.744839, 0.05, -0.0917252, 0.0196139, 0.0383157, 0.101323, 1005.91, 9461.28, 10, 2e-20, 3e-20, 2e-20, 2e-20, -1
0.267011, -0.444439, 1.0046, 0.05, -0.0873753, -0.0522866, 0.159356, 0.18911, 1000.05, 87.4051, 10, 2e-20, 3e-20, 2e-20, 2e-20, -1
0.342154, -0.438793, 1.0546, 0.05, 0.0394217, -0.000740469, 0.234924, 0.23821, 998.954, -1673.41, 10, 2e-20, 3e-20, 2e-20, 2e-20, -1
0.249311, -0.416164, 0.863313, 0.05, -0.0354149, -0.100579, 0.1575, 0.190202, 1001.81, 2899.23, 10, 2e-20, 3e-20, 2e-20, 2e-20, -1
0.231989, -0.391119, 0.823228, 0.05, -0.114905, 0.0223116, 0.180117, 0.21481, 1003.72, 5955.99, 10, 2e-20, 3e-20, 2e-20, 2e-20, -1
0.304123, -0.341941, 0.755498, 0.05, -0.0601782, -0.0233736, 0.0669476, 0.0930039, 1004.93, 7894.53, 10, 2e-20, 3e-20, 2e-20, 2e-20, -1
0.283784, -0.362178, 0.806913, 0.05, -0.0462788, -0.00534263, 0.0366824, 0.0592948, 1005.01, 8018.66, 10, 2e-20, 3e-20, 2e-20, 2e-20, -1
0.289409, -0.318516, 0.874039, 0.05, -0.0229392, -0.0331826, 0.0116744, 0.0419951, 998.942, -1692.79, 10, 2e-20, 3e-20, 2e-20, 2e-20, -1
0.242716, -0.348658, 0.840401, 0.05, -0.0268824, 0.122699, 0.15024, 0.195831, 1002.25, 3600.86, 10, 2e-20, 3e-20, 2e-20, 2e-20, -1
0.306946, -0.28183, 0.790947, 0.05, -0.139826, 0.00413202, 0.034843, 0.144161, 1004.38, 7005.7, 10, 2e-20, 3e-20, 2e-20, 2e-20, -1
0.311236, -0.396356, 1.01535, 0.05, -0.189387, -0.0152892, -0.0521878, 0.19704, 1004.15, 6638.29, 10, 2e-20, 3e-20, 2e-20, 2e-20, -1
0.310448, -0.365036, 0.907431, 0.05, -0.0478752, -0.116649, 0.0757378, 0.147089, 999.566, -694.385, 10, 2e-20, 3e-20, 2e-20, 2e-20, -1
0.240369, -0.391415, 1.1154, 0.05, -0.164139, -0.073009, 0.194893, 0.265057, 998.506, -2390.81, 10, 2e-20, 3e-20, 2e-20, 2e-20, -1
0.275052, -0.41535, 1.07698, 0.05, -0.229759, 0.00188783, 0.106093, 0.253078, 1004.88, 7801.38, 10, 2e-20, 3e-20, 2e-20, 2e-20, -1
0.281019, -0.436146, 1.23108, 0.05, -0.0578843, -0.102739, 0.16837, 0.205559, 1002.9, 4647.74, 10, 2e-20, 3e-20, 2e-20, 2e-20, -1
0.275092, -0.375126, 1.28575, 0.05, -0.121872, -0.0963916, 0.475575, 0.500315, 1002.23, 3564.52, 10, 2e-20, 3e-20, 2e-20, 2e-20, -1
0.302685, -0.351464, 1.02497, 0.05, -0.0601436, -0.0176853, 0.0506736, 0.0806092, 999.035, -1543.44, 10, 2e-20, 3e-20, 2e-20, 2e-20, -1
0.312415, -0.237014, 0.979696, 0.05, -0.0577746, 0.00990383, 0.0898436, 0.107275, 997.464, -4058.39, 10, 2e-20, 3e-20, 2e-20, 2e-20, -1
0.287913, -0.356402, 1.07845, 0.05, -0.121641, 0.000894078, 0.129074, 0.177363, 1000.38, 612.285, 10, 2e-20, 3e-20, 2e-20, 2e-20, -1
0.268902, -0.347185, 1.15691, 0.05, -0.130816, -0.15531, 0.279879, 0.345783, 1003.72, 5950.1, 10, 2e-20, 3e-20, 2e-20, 2e-20, -1
0.24389, -0.327837, 1.23691, 0.05, -0.149379, 0.0164276, 0.205277, 0.254406, 996.882, -4988.21, 10, 2e-20, 3e-20, 2e-20, 2e-20, -1
0.29429, -0.258564, 1.11847, 0.05, -0.298498, 0.0389449, 0.0226129, 0.301876, 998.211, -2862.91, 10, 2e-20, 3e-20, 2e-20, 2e-20, -1
0.297142, -0.328029, 1.18394, 0.05, -0.0259218, -0.000676909, 0.208763, 0.210368, 1003.8, 6074.31, 10, 2e-20, 3e-20, 2e-20, 2e-20, -1
0.241925, -0.294436, 1.19277, 0.05, -0.150104, -0.00511298, 0.145577, 0.209165, 1001.42, 2273.14, 10, 2e-20, 3e-20, 2e-20, 2e-20, -1
0.283585, -0.289465, 1.17503, 0.05, -0.107741, -0.0690536, 0.271797, 0.300417, 1003.73, 5974.02, 10, 2e-20, 3e-20, 2e-20, 2e-20, -1
0.247154, -0.240646, 1.20085, 0.05, -0.149031, -0.0267228, 0.0452434, 0.158023, 1000.67, 1078.85, 10, 2e-20, 3e-20, 2e-20, 2e-20, -1
0.216658, -0.197608, 1.22427, 0.05, -0.0720741, 0.0315838, 0.118463, 0.142217, 998.9, -1760.46, 10, 2e-20, 3e-20, 2e-20, 2e-20, -1
0.221358, -0.256726, 1.35918, 0.05, -0.191674, 0.207993, 0.117421, 0.306248, 1003.39, 5425.28, 10, 2e-20, 3e-20, 2e-20, 2e-20, -1
0.310464, -0.464252, 0.0557136, 0.05, -0.112424, -0.236774, 0.0634466, 0.269679, 1007.77, 12433.3, 10, 2e-20, 3e-20, 2e-20, 2e-20, -1
0.265673, -0.431169, 0.0797988, 0.05, 0.0705393, 0.00273423, 0.190725, 0.20337, 1004.36, 6982.57, 10, 2e-20, 3e-20, 2e-20, 2e-20, -1
0.337274, -0.390602, 0.118929, 0.05, -0.0186803, -0.112458, -0.0140617, 0.114863, 1010.06, 16097, 10, 2e-20, 3e-20, 2e-20, 2e-20, -1
0.334692, -0.394433, 0.171199, 0.05, 0.0740539, -0.00526415, -0.153532, 0.170539, 1009.87, 15792, 10, 2e-20, 3e-20, 2e-20, 2e-20, -1
0.280936, -0.432196, 0.249093, 0.05, -0.108187, -0.200603, 0.0839307, 0.242879, 1008.78, 14043.1, 10, 2e-20, 3e-20, 2e-20, 2e-20, -1
0.288686, -0.374032, 0.17264, 0.05, 0.0429843, 0.0650197, -0.0997677, 0.126605, 1007.95, 12714.2, 10, 2e-20, 3e-20, 2e-20, 2e-20, -1
0.272887, -0.34362, 0.205441, 0.05, -0.0537821, 0.0557483, 0.0726967, 0.106232, 1006.4, 10247.8, 10, 2e-20, 3e-20, 2e-20, 2e-20, -1
0.258794, -0.392197, 0.213879, 0.05, 0.0248796, 0.0209291, 0.111067, 0.115728, 1007.1, 11353.7, 10, 2e-20, 3e-20, 2e-20, 2e-20, -1
0.261775, -0.435374, 0.388586, 0.05, -0.0258881, 0.033912, 0.160589, 0.16616, 1007.24, 11578.3, 10, 2e-20, 3e-20, 2e-20, 2e-20, -1
0.260761, -0.422596, 0.338389, 0.05, 0.0110606, -0.0344811, 0.102371, 0.108587, 1004.26, 6808.72, 10, 2e-20, 3e-20, 2e-20, 2e-20, -1
0.302512, -0.394575, 0.323801, 0.05, 0.0299119, -0.0436001, -0.00376784, 0.0530084, 1006.02, 9632.93, 10, 2e-20, 3e-20, 2e-20, 2e-20, -1
0.300599, -0.409341, 0.373178, 0.05, 0.022718, -0.0338186, 0.0155078, 0.0435923, 1001.24, 1987.16, 10, 2e-20, 3e-20, 2e-20, 2e-20, -1
0.354095, -0.355053, 0.299882, 0.05, -0.00724287, -0.00649255, -0.108606, 0.109041, 1009.91, 15858, 10, 2e-20, 3e-20, 2e-20, 2e-20, -1
0.336876, -0.370641, 0.347507, 0.05, -0.051643, 0.0463225, -0.00744178, 0.0697722, 1013.23, 21169.9, 10, 2e-20, 3e-20, 2e-20, 2e-20, -1
0.339563, -0.347313, 0.395333, 0.05, -0.0201108, 0.0268743, -0.0238626, 0.0411837, 1011.34, 18141.3, 10, 2e-20, 3e-20, 2e-20, 2e-20, -1
0.353507, -0.315104, 0.33416, 0.05, -0.0962691, -0.0247336, -0.141294, 0.172752, 1007.18, 11486.2, 10, 2e-20, 3e-20, 2e-20, 2e-20, -1
0.372257, -0.311555, 0.398521, 0.05, -0.0543989, -0.100288, 0.0469409, 0.123371, 1007.2, 11519.7, 10, 2e-20, 3e-20, 2e-20, 2e-20, -1
0.307088, -0.235671, 0.349082, 0.05, -0.0914557, -0.0079925, -0.128453, 0.157887, 1007.91, 12653.7, 10, 2e-20, 3e-20, 2e-20, 2e-20, -1
0.333703, -0.27485, 0.408294, 0.05, -0.0781423, 0.036627, -0.0923677, 0.12641, 1006.24, 9990.93, 10, 2e-20, 3e-20, 2e-20, 2e-20, -1
0.284932, -0.313061, 0.476675, 0.05, -0.20113, 0.158031, 0.118716, 0.281994, 1004.68, 7492.29, 10, 2e-20, 3e-20, 2e-20, 2e-20, -1
0.258134, -0.405365, 0.571444, 0.05, -0.164865, 0.0506563, -0.0104549, 0.172789, 1004.59, 7336.43, 10, 2e-20, 3e-20, 2e-20, 2e-20, -1
0.320005, -0.334846, 0.542074, 0.05, -0.0947319, 0.0659445, 0.146907, 0.186828, 1005.83, 9324.33, 10, 2e-20, 3e-20, 2e-20, 2e-20, -1
0.342374, -0.385794, 0.570762, 0.05, 0.0874917, -0.0414227, -0.0467076, 0.107481, 1002.22, 3556.22, 10, 2e-20, 3e-20, 2e-20, 2e-20, -1
0.292332, -0.294522, 0.565563, 0.05, -0.0536331, 0.0215598, 0.0420423, 0.0714765, 1008.17, 13065, 10, 2e-20, 3e-20, 2e-20, 2e-20, -1
0.314712, -0.364681, 0.641522, 0.05, -0.0495472, 0.00706885, 0.121916, 0.131789, 999.47, -847.47, 10, 2e-20, 3e-20, 2e-20, 2e-20, -1
0.281222, -0.359743, 0.71274, 0.05, -0.00300069, 0.00786368, 0.160208, 0.160429, 1003.77, 6030.17, 10, 2e-20, 3e-20, 2e-20, 2e-20, -1
0.319538, -0.33608, 0.672812, 0.05, 0.0277281, -0.0148816, 0.10715, 0.111676, 1010.71, 17132.7, 10, 2e-20, 3e-20, 2e-20, 2e-20, -1
0.324162, -0.283707, 0.631037, 0.05, -0.0563047, 0.014472, 0.0777161, 0.0970538, 1000.8, 1273.22, 10, 2e-20, 3e-20, 2e-20, 2e-20, -1
0.289197, -0.311482, 0.705309, 0.05, -0.0177387, 0.108152, 0.0509429, 0.120858, 1004.55, 7275.9, 10, 2e-20, 3e-20, 2e-20, 2e-20, -1
0.296641, -0.287736, 0.663008, 0.05, -0.033366, 0.0391894, 0.0792729, 0.0945161, 1004.06, 6493.83, 10, 2e-20, 3e-20, 2e-20, 2e-20, -1
0.299571, -0.260339, 0.707336, 0.05, 0.0323161, -0.0246694, -0.0244529, 0.0474432, 999.601, -637.96, 10, 2e-20, 3e-20, 2e-20, 2e-20, -1
0.316256, -0.184621, 0.697439, 0.05, -0.0111798, -0.00539633, 0.0553837, 0.0567579, 1005.25, 8394.02, 10, 2e-20, 3e-20, 2e-20, 2e-20, -1
0.261648, -0.319135, 0.79165, 0.05, -0.0433199, 0.105991, 0.0881716, 0.144516, 1005.9, 9446.04, 10, 2e-20, 3e-20, 2e-20, 2e-20, -1
0.334888, -0.240342, 0.767251, 0.05, -0.0850502, 0.00265292, 0.0899066, 0.123789, 1003.58, 5731.3, 10, 2e-20, 3e-20, 2e-20, 2e-20, -1
0.335182, -0.278583, 0.835845, 0.05, -0.0541608, -0.00253006, 0.0750722, 0.0926047, 1001.24, 1978.85, 10, 2e-20, 3e-20, 2e-20, 2e-20, -1
0.332894, -0.23979, 0.871418, 0.05, -0.0891745, -0.0774568, 0.0739827, 0.139374, 1004.12, 6588, 10, 2e-20, 3e-20, 2e-20, 2e-20, -1
0.314575, -0.288435, 0.910168, 0.05, 0.0741216, 0.0167547, 0.0357546, 0.0839829, 1003.53, 5649.26, 10, 2e-20, 3e-20, 2e-20, 2e-20, -1
0.290103, -0.357784, 0.961992, 0.05, -0.0392814, -0.186263, 0.133754, 0.232652, 1001.78, 2845.17, 10, 2e-20, 3e-20, 2e-20, 2e-20, -1
0.283706, -0.320057, 0.989412, 0.05, -0.0336493, -0.0581789, 0.145269, 0.160063, 1003.91, 6252.08, 10, 2e-20, 3e-20, 2e-20, 2e-20, -1
0.293657, -0.204549, 0.933584, 0.05, 0.00751833, -0.00401895, 0.0628671, 0.0634425, 1001.16, 1858.71, 10, 2e-20, 3e-20, 2e-20, 2e-20, -1
0.264484, -0.219302, 0.98135, 0.05, -0.0597587, -0.0218327, 0.147038, 0.160212, 1003.71, 5940.81, 10, 2e-20, 3e-20, 2e-20, 2e-20, -1
0.235881, -0.258718, 0.999836, 0.05, -0.0868337, 0.00144643, 0.173591, 0.194103, 1002.36, 3769.3, 10, 2e-20, 3e-20, 2e-20, 2e-20, -1
0.250681, -0.348232, 1.04992, 0.05, -0.222928, -0.0123014, -0.0170734, 0.223919, 1001.84, 2945.47, 10, 2e-20, 3e-20, 2e-20, 2e-20, -1
0.313533, -0.349096, 1.26445, 0.05, -0.0538814, 0.0791121, 0.228285, 0.24754, 999.03, -1551.45, 10, 2e-20, 3e-20, 2e-20, 2e-20, -1
0.238209, -0.290226, 1.10948, 0.05, -0.146979, -0.11083, 0.0281121, 0.186216, 1001.18, 1891.52, 10, 2e-20, 3e-20, 2e-20, 2e-20, -1
0.221196, -0.272041, 1.14573, 0.05, -0.138211, 0.0607663, 0.0524634, 0.159835, 1002.2, 3524.17, 10, 2e-20, 3e-20, 2e-20, 2e-20, -1
0.19915, -0.185082, 1.09553, 0.05, -0.0875548, 0.025915, 0.0555023, 0.106855, 1001.8, 2873.74, 10, 2e-20, 3e-20, 2e-20, 2e-20, -1
0.268627, -0.286514, 1.14999, 0.05, -0.172233, -0.033354, 0.0599575, 0.185396, 998.1, -3039.8, 10, 2e-20, 3e-20, 2e-20, 2e-20, -1
0.193335, -0.18417, 1.14649, 0.05, -0.106909, -0.00637847, 0.188806, 0.217067, 1003.26, 5210.85, 10, 2e-20, 3e-20, 2e-20, 2e-20, -1
0.165235, -0.144227, 1.16927, 0.05, -0.126459, 0.0259071, 0.0310127, 0.132759, 1002.75, 4399.02, 10, 2e-20, 3e-20, 2e-20, 2e-20, -1
0.145412, -0.226677, 1.41892, 0.05, -0.072592, 0.0731037, 0.327118, 0.342958, 1001.02, 1630.2, 10, 2e-20, 3e-20, 2e-20, 2e-20, -1
0.249153, -0.37451, 0.0529121, 0.05, 0.245572, 0.280414, -0.12535, 0.393256, 1017.84, 28538.6, 10, 2e-20, 3e-20, 2e-20, 2e-20, -1
0.321299, -0.360938, 0.0534433, 0.05, 0.0257789, 0.0556405, 0.138915, 0.151848, 1009.6, 15367.6, 10, 2e-20, 3e-20, 2e-20, 2e-20, -1
0.281151, -0.335323, 0.0774631, 0.05, 0.00296814, 0.114702, -0.00369242, 0.1148, 1004.02, 6431.95, 10, 2e-20, 3e-20, 2e-20, 2e-20, -1
0.358211, -0.348926, 0.108543, 0.05, -0.0399881, 0.0481534, -0.0218036, 0.0662812, 1007.91, 12662.8, 10, 2e-20, 3e-20, 2e-20, 2e-20, -1
0.305152, -0.345913, 0.121595, 0.05, 0.0150083, 0.198696, 0.0250693, 0.200833, 1013.25, 21205.1, 10, 2e-20, 3e-20, 2e-20, 2e-20, -1
0.247722, -0.320667, 0.15833, 0.05, -0.036064, 0.23521, 0.0691804, 0.247811, 1001.87, 2989.1, 10, 2e-20, 3e-20, 2e-20, 2e-20, -1
0.326997, -0.303472, 0.143963, 0.05, -0.0819568, 0.0706048, 0.0944173, 0.143585, 1007.73, 12365.5, 10, 2e-20, 3e-20, 2e-20, 2e-20, -1
0.285581, -0.297135, 0.176302, 0.05, -0.0876586, 0.200078, -0.132866, 0.255673, 1006.4, 10236.2, 10, 2e-20, 3e-20, 2e-20, 2e-20, -1
0.299391, -0.377485, 0.236737, 0.05, -0.102415, -0.0687795, 0.102896, 0.160646, 1004.49, 7189.3, 10, 2e-20, 3e-20, 2e-20, 2e-20, -1
0.30778, -0.305249, 0.220877, 0.05, 0.0498955, 0.129221, -0.157717, 0.209911, 1004.93, 7894.94, 10, 2e-20, 3e-20, 2e-20, 2e-20, -1
0.265414, -0.394299, 0.277303, 0.05, 0.02904, -0.125356, -0.129735, 0.182726, 1004.79, 7663.46, 10, 2e-20, 3e-20, 2e-20, 2e-20, -1
0.281961, -0.273579, 0.230479, 0.05, -0.0902086, 0.0700869, -0.0515984, 0.125348, 1004.8, 7683.6, 10, 2e-20, 3e-20, 2e-20, 2e-20, -1
0.288871, -0.357594, 0.284243, 0.05, 0.0605261, 0.104764, 0.0639886, 0.13687, 1002.22, 3552.83, 10, 2e-20, 3e-20, 2e-20, 2e-20, -1
0.276151, -0.323016, 0.255647, 0.05, -0.0497453, -0.033406, 0.0234288, 0.0643386, 1005.2, 8317.48, 10, 2e-20, 3e-20, 2e-20, 2e-20, -1
0.311952, -0.320812, 0.302615, 0.05, 0.013031, -0.00340337, -0.0338637, 0.0364436, 1007.95, 12723.8, 10, 2e-20, 3e-20, 2e-20, 2e-20, -1
0.312258, -0.207988, 0.308258, 0.05, -0.10359, -0.197388, -0.0139564, 0.223356, 1013.49, 21579.7, 10, 2e-20, 3e-20, 2e-20, 2e-20, -1
0.311387, -0.282782, 0.335167, 0.05, -0.0800576, 0.0335048, -0.118565, 0.146933, 1005.49, 8787.7, 10, 2e-20, 3e-20, 2e-20, 2e-20, -1
0.332248, -0.194288, 0.363679, 0.05, -0.087413, 0.0393093, -0.0821684, 0.126245, 1010.23, 16375.8, 10, 2e-20, 3e-20, 2e-20, 2e-20, -1
0.310366, -0.230095, 0.400827, 0.05, -0.125393, -0.134033, 0.036177, 0.187075, 1005.18, 8283.87, 10, 2e-20, 3e-20, 2e-20, 2e-20, -1
0.360668, -0.277404, 0.456069, 0.05, -0.0163648, 0.0547142, 0.0177452, 0.0598025, 1006.28, 10043.7, 10, 2e-20, 3e-20, 2e-20, 2e-20, -1
0.321236, -0.345637, 0.494209, 0.05, 0.0496913, -0.0453358, 0.0927278, 0.114556, 1005.22, 8344.68, 10, 2e-20, 3e-20, 2e-20, 2e-20, -1
0.315774, -0.296773, 0.508952, 0.05, -0.0956697, 0.168784, 0.138671, 0.238475, 1006.15, 9834.57, 10, 2e-20, 3e-20, 2e-20, 2e-20, -1
0.337869, -0.250678, 0.523279, 0.05, -0.12829, -0.0451154, 0.0704163, 0.153141, 1007.47, 11947.7, 10, 2e-20, 3e-20, 2e-20, 2e-20, -1
0.350977, -0.287799, 0.553936, 0.05, -0.153676, -0.0341387, 0.00677264, 0.157568, 1000.78, 1248.37, 10, 2e-20, 3e-20, 2e-20, 2e-20, -1
0.319988, -0.260725, 0.58631, 0.05, -0.14627, -0.0379627, 0.0516275, 0.159692, 1002.93, 4691.7, 10, 2e-20, 3e-20, 2e-20, 2e-20, -1
0.269816, -0.376584, 0.651952, 0.05, -0.150025, -0.0682364, 0.0606238, 0.17561, 1002.77, 4424.89, 10, 2e-20, 3e-20, 2e-20, 2e-20, -1
0.286174, -0.323132, 0.62147, 0.05, -0.0895672, 0.110908, -0.0390702, 0.147815, 1003.13, 5015.3, 10, 2e-20, 3e-20, 2e-20, 2e-20, -1
0.343222, -0.222233, 0.611638, 0.05, -0.0834951, 0.0560701, 0.029235, 0.104738, 1004.98, 7961.28, 10, 2e-20, 3e-20, 2e-20, 2e-20, -1
0.298105, -0.231374, 0.621853, 0.05, 0.0585109, -0.0609096, -0.0469005, 0.0966083, 1001.83, 2934.74, 10, 2e-20, 3e-20, 2e-20, 2e-20, -1
0.325542, -0.177712, 0.621786, 0.05, -0.0499342, -0.0355303, -0.115223, 0.130507, 1001.96, 3137.98, 10, 2e-20, 3e-20, 2e-20, 2e-20, -1
0.314757, -0.215596, 0.667229, 0.05, -0.048765, -0.110955, 0.106172, 0.161126, 999.942, -92.7173, 10, 2e-20, 3e-20, 2e-20, 2e-20, -1
0.365608, -0.168522, 0.70391, 0.05, -0.0517162, 0.0388471, 0.0198256, 0.0676515, 1002.67, 4270.3, 10, 2e-20, 3e-20, 2e-20, 2e-20, -1
0.382601, -0.172363, 0.750765, 0.05, -0.108133, -0.0132808, 0.0296904, 0.112918, 1001.31, 2102.37, 10, 2e-20, 3e-20, 2e-20, 2e-20, -1
0.377051, -0.218505, 0.778378, 0.05, -0.112573, 0.0420269, 0.0664152, 0.137295, 996.98, -4832.1, 10, 2e-20, 3e-20, 2e-20, 2e-20, -1
0.340341, -0.223488, 0.816492, 0.05, -0.0851169, -0.0223007, -0.0307471, 0.0932073, 1003.75, 5993.56, 10, 2e-20, 3e-20, 2e-20, 2e-20, -1
0.352609, -0.191581, 0.844796, 0.05, -0.0787101, -0.0822667, -0.0459964, 0.122796, 1003.17, 5076.05, 10, 2e-20, 3e-20, 2e-20, 2e-20, -1
0.292489, -0.238402, 0.887444, 0.05, -0.0394877, 0.00208056, 0.0637165, 0.0749894, 1006.06, 9695.84, 10, 2e-20, 3e-20, 2e-20, 2e-20, -1
0.293296, -0.267552, 0.95597, 0.05, -0.0298411, 0.100132, 0.0852603, 0.134856, 1003.53, 5654.95, 10, 2e-20, 3e-20, 2e-20, 2e-20, -1
0.33148, -0.18557, 0.901256, 0.05, -0.110611, -0.0398682, 0.126493, 0.172698, 1006.74, 10786.9, 10, 2e-20, 3e-20, 2e-20, 2e-20, -1
0.316621, -0.126458, 0.941153, 0.05, 0.00801147, 0.00890895, 0.024306, 0.0270986, 999.886, -182.541, 10, 2e-20, 3e-20, 2e-20, 2e-20, -1
0.340632, -0.0754872, 0.984412, 0.05, -0.0932331, 0.0116668, 0.0947675, 0.133452, 999.394, -969.215, 10, 2e-20, 3e-20, 2e-20, 2e-20, -1
0.340714, -0.199777, 0.957401, 0.05, -0.167505, 0.0161464, 0.115891, 0.204326, 1004.41, 7059.04, 10, 2e-20, 3e-20, 2e-20, 2e-20, -1
0.289044, -0.212236, 1.02523, 0.05, -0.167246, -0.03496, 0.0599971, 0.181089, 1004.71, 7541.4, 10, 2e-20, 3e-20, 2e-20, 2e-20, -1
0.251858, -0.340332, 1.11345, 0.05, -0.241237, 0.124587, 0.0445987, 0.275148, 1000.65, 1035.91, 10, 2e-20, 3e-20, 2e-20, 2e-20, -1
0.272084, -0.274654, 1.02405, 0.05, -0.113651, -0.010258, 0.1575, 0.194494, 1005.21, 8336.15, 10, 2e-20, 3e-20, 2e-20, 2e-20, -1
0.247096, -0.247543, 1.08423, 0.05, -0.133026, -0.0611115, 0.13315, 0.197887, 1005.12, 8185.5, 10, 2e-20, 3e-20, 2e-20, 2e-20, -1
0.232147, -0.147243, 1.12447, 0.05, -0.109827, -0.0650357, 0.120483, 0.175522, 1005.49, 8780.91, 10, 2e-20, 3e-20, 2e-20, 2e-20, -1
0.167498, -0.0976447, 1.14932, 0.05, -0.00667677, -0.106316, 0.104241, 0.149043, 1001.07, 1711.62, 10, 2e-20, 3e-20, 2e-20, 2e-20, -1
0.125912, -0.219465, 1.25531, 0.05, -0.0395742, 0.0287658, 0.237176, 0.24217, 1003.96, 6337.14, 10, 2e-20, 3e-20, 2e-20, 2e-20, -1
0.138449, -0.203232, 1.32685, 0.05, -0.0580957, 0.0222647, 0.183244, 0.193518, 998.337, -2660.73, 10, 2e-20, 3e-20, 2e-20, 2e-20, -1
0.0800936, -0.200241, 1.46221, 0.05, -0.0273267, -0.0191175, 0.0724308, 0.0797399, 1003.65, 5845.12, 10, 2e-20, 3e-20, 2e-20, 2e-20, -1
0.293322, -0.247629, 0.0520713, 0.05, -0.102119, -0.000108967, 0.0918261, 0.137333, 1012.34, 19746.6, 10, 2e-20, 3e-20, 2e-20, 2e-20, -1
0.30921, -0.309128, 0.0503352, 0.05, -0.0220811, -0.0562833, 0.10219, 0.118736, 1006.62, 10592, 10, 2e-20, 3e-20, 2e-20, 2e-20, -1
0.340156, -0.310659, 0.0951553, 0.05, -0.0852724, -0.0685523, 0.101837, 0.149471, 1008.05, 12877.3, 10, 2e-20, 3e-20, 2e-20, 2e-20, -1
0.309729, -0.205914, 0.0837451, 0.05, 0.00991075, 0.102546, -0.0311255, 0.107623, 1002.32, 3708.67, 10, 2e-20, 3e-20, 2e-20, 2e-20, -1
0.362102, -0.249986, 0.0913784, 0.05, -0.0256626, 0.0813722, -0.0137272, 0.0864202, 1004.09, 6549.36, 10, 2e-20, 3e-20, 2e-20, 2e-20, -1
0.334919, -0.224242, 0.125142, 0.05, -0.171568, -0.0651233, 0.00207886, 0.183524, 1008.42, 13471.5, 10, 2e-20, 3e-20, 2e-20, 2e-20, -1
0.331973, -0.197652, 0.164076, 0.05, -0.152528, 0.065065, -0.0320739, 0.168899, 1012.06, 19303.1, 10, 2e-20, 3e-20, 2e-20, 2e-20, -1
0.374364, -0.185702, 0.144404, 0.05, 0.027296, -0.025244, -0.0123025, 0.0391623, 1008.63, 13801.6, 10, 2e-20, 3e-20, 2e-20, 2e-20, -1
0.294142, -0.162609, 0.170063, 0.05, -0.075811, -0.125473, -0.155266, 0.213538, 1006.04, 9656.38, 10, 2e-20, 3e-20, 2e-20, 2e-20, -1
0.341472, -0.161349, 0.19069, 0.05, -0.0488046, -0.207951, -0.0816162, 0.228663, 1006.92, 11078.3, 10, 2e-20, 3e-20, 2e-20, 2e-20, -1
0.340119, -0.250136, 0.168858, 0.05, -0.122639, -0.0585565, -0.0368766, 0.140815, 1010.95, 17523.6, 10, 2e-20, 3e-20, 2e-20, 2e-20, -1
0.330283, -0.20611, 0.216553, 0.05, -0.0143434, 0.031879, -0.0999242, 0.105862, 1007.11, 11374.3, 10, 2e-20, 3e-20, 2e-20, 2e-20, -1
0.333794, -0.227863, 0.259721, 0.05, 0.0198086, 0.0190097, 0.0564164, 0.0627421, 1005.09, 8148.17, 10, 2e-20, 3e-20, 2e-20, 2e-20, -1
0.317477, -0.277675, 0.273437, 0.05, 0.157069, 0.0963087, 0.0688361, 0.196684, 1007.97, 12744.1, 10, 2e-20, 3e-20, 2e-20, 2e-20, -1
0.324239, -0.160941, 0.32701, 0.05, 0.0661302, -0.0328536, 0.097022, 0.121926, 1003.33, 5327.17, 10, 2e-20, 3e-20, 2e-20, 2e-20, -1
0.352475, -0.148589, 0.38735, 0.05, -0.147504, 0.0197058, -0.0508369, 0.157258, 1007.52, 12033.3, 10, 2e-20, 3e-20, 2e-20, 2e-20, -1
0.296514, -0.190542, 0.409641, 0.05, -0.152034, 0.0021798, -0.0592106, 0.163172, 1002.59, 4138.28, 10, 2e-20, 3e-20, 2e-20, 2e-20, -1
0.305236, -0.145171, 0.387211, 0.05, -0.162384, -0.0028133, -0.075155, 0.178954, 1006.34, 10148.1, 10, 2e-20, 3e-20, 2e-20, 2e-20, -1
0.35267, -0.198921, 0.417628, 0.05, -0.0021256, -0.0666276, 0.156088, 0.169727, 1011.32, 18118.8, 10, 2e-20, 3e-20, 2e-20, 2e-20, -1
0.331282, -0.150707, 0.431068, 0.05, -0.142616, -0.0194154, 0.148952, 0.20713, 1006.61, 10573.8, 10, 2e-20, 3e-20, 2e-20, 2e-20, -1
0.316269, -0.26167, 0.470919, 0.05, -0.104769, 0.130431, -0.0155351, 0.168018, 1006.69, 10707.5, 10, 2e-20, 3e-20, 2e-20, 2e-20, -1
0.355137, -0.226515, 0.468437, 0.05, -0.124239, 0.00805735, -0.115021, 0.1695, 1004.04, 6463.51, 10, 2e-20, 3e-20, 2e-20, 2e-20, -1
0.362376, -0.197096, 0.510357, 0.05, 0.0515149, 0.00236514, 0.0547075, 0.0751817, 1003.75, 5999.52, 10, 2e-20, 3e-20, 2e-20, 2e-20, -1
0.371454, -0.141233, 0.48858, 0.05, -0.0364936, 0.00390286, -0.0131485, 0.0389859, 1005.15, 8232.55, 10, 2e-20, 3e-20, 2e-20, 2e-20, -1
0.394007, -0.142103, 0.539417, 0.05, 0.0626366, 0.0695661, 0.0348898, 0.0999003, 1000.73, 1163.55, 10, 2e-20, 3e-20, 2e-20, 2e-20, -1
0.411002, -0.188909, 0.523239, 0.05, 0.0181154, 0.0246523, 0.0110245, 0.0325183, 1007.97, 12755.8, 10, 2e-20, 3e-20, 2e-20, 2e-20, -1
0.357724, -0.109658, 0.551866, 0.05, 0.0583987, -0.0341855, -0.0661511, 0.094631, 1007.03, 11250.7, 10, 2e-20, 3e-20, 2e-20, 2e-20, -1
0.366375, -0.147858, 0.58696, 0.05, -0.0703486, -0.0819614, -0.0253125, 0.110938, 1004.83, 7730.16, 10, 2e-20, 3e-20, 2e-20, 2e-20, -1
0.317347, -0.12803, 0.596995, 0.05, -0.0372957, -0.087808, 0.0474935, 0.106569, 1003.26, 5212.4, 10, 2e-20, 3e-20, 2e-20, 2e-20, -1
0.310649, -0.142359, 0.650965, 0.05, 0.0102132, -0.0474852, -0.0138241, 0.0505002, 1005.98, 9568.58, 10, 2e-20, 3e-20, 2e-20, 2e-20, -1
0.356323, -0.175914, 0.659504, 0.05, -0.0795353, -0.00977511, 0.00860895, 0.0805949, 1001.8, 2873.92, 10, 2e-20, 3e-20, 2e-20, 2e-20, -1
0.409504, -0.176572, 0.662983, 0.05, 0.0312203, -0.0192437, 0.0369155, 0.0520364, 1002.98, 4761.37, 10, 2e-20, 3e-20, 2e-20, 2e-20, -1
0.390387, -0.127471, 0.72021, 0.05, -0.13314, 0.00115951, -0.0679887, 0.149499, 1004.74, 7585.07, 10, 2e-20, 3e-20, 2e-20, 2e-20, -1
0.434146, -0.103617, 0.728192, 0.05, -0.0109844, 0.0266365, -0.0161892, 0.0330492, 1003.09, 4937.77, 10, 2e-20, 3e-20, 2e-20, 2e-20, -1
0.42593, -0.147953, 0.768473, 0.05, -0.155094, 0.00961022, 0.0253136, 0.157439, 1001.01, 1620.8, 10, 2e-20, 3e-20, 2e-20, 2e-20, -1
0.412703, -0.101797, 0.823829, 0.05, -0.194743, -0.104893, 0.046694, 0.22607, 1003.92, 6268.99, 10, 2e-20, 3e-20, 2e-20, 2e-20, -1
0.39846, -0.173995, 0.802796, 0.05, -0.087697, 0.0418678, 0.0377136, 0.10424, 1003.62, 5790.78, 10, 2e-20, 3e-20, 2e-20, 2e-20, -1
0.348748, -0.132541, 0.891792, 0.05, 0.0512516, 0.0465493, 0.0916314, 0.114847, 1002.8, 4485.86, 10, 2e-20, 3e-20, 2e-20, 2e-20, -1
0.363896, -0.0919724, 0.933647, 0.05, -0.113575, 0.00418753, 0.111372, 0.159124, 1000.06, 89.3986, 10, 2e-20, 3e-20, 2e-20, 2e-20, -1
0.296777, -0.0484979, 1.00353, 0.05, 0.0490344, -0.116354, 0.159275, 0.203251, 1002.44, 3897.04, 10, 2e-20, 3e-20, 2e-20, 2e-20, -1
0.381724, -0.0602928, 0.988176, 0.05, 0.041354, -0.0736534, 0.0315835, 0.0901803, 1001.37, 2184.53, 10, 2e-20, 3e-20, 2e-20, 2e-20, -1
0.331312, -0.148262, 0.979873, 0.05, 0.00711151, -0.0961968, 0.0532404, 0.110177, 1000.56, 895.248, 10, 2e-20, 3e-20, 2e-20, 2e-20, -1
0.309063, -0.11325, 0.998401, 0.05, -0.0265374, 0.0661156, 0.104891, 0.126798, 1001.38, 2205.53, 10, 2e-20, 3e-20, 2e-20, 2e-20, -1
0.307286, -0.181523, 0.993446, 0.05, -0.129237, -0.100281, 0.127225, 0.207231, 1002.51, 4013.61, 10, 2e-20, 3e-20, 2e-20, 2e-20, -1
0.278096, -0.125368, 1.04268, 0.05, -0.108057, -0.0290392, 0.0314913, 0.116238, 1005.4, 8646.23, 10, 2e-20, 3e-20, 2e-20, 2e-20, -1
0.255188, -0.117568, 1.10033, 0.05, 0.0263798, -0.00464829, 0.116973, 0.120001, 998.579, -2274.19, 10, 2e-20, 3e-20, 2e-20, 2e-20, -1
0.190148, -0.130446, 1.11086, 0.05, -0.215602, -0.0222977, 0.104845, 0.240778, 1004.16, 6659.05, 10, 2e-20, 3e-20, 2e-20, 2e-20, -1
0.140118, -0.0730099, 1.20767, 0.05, -0.124446, 0.0173313, 0.119149, 0.173158, 1002.5, 3993.56, 10, 2e-20, 3e-20, 2e-20, 2e-20, -1
0.154415, -0.119211, 1.21396, 0.05, -0.0323102, 0.0541172, 0.102175, 0.120051, 999.588, -658.869, 10, 2e-20, 3e-20, 2e-20, 2e-20, -1
0.108487, -0.1725, 1.35909, 0.05, -0.133043, 0.144709, 0.19682, 0.278171, 1003.11, 4974.53, 10, 2e-20, 3e-20, 2e-20, 2e-20, -1
0.0444527, -0.148195, 1.39769, 0.05, 0.0338907, 0.0415466, 0.164709, 0.173216, 1003.08, 4926.23, 10, 2e-20, 3e-20, 2e-20, 2e-20, -1
0.342903, -0.153535, 0.0560255, 0.05, -0.0771397, -0.140467, -0.00571302, 0.160356, 1012.55, 20072.3, 10, 2e-20, 3e-20, 2e-20, 2e-20, -1
0.340119, -0.209103, 0.0497826, 0.05, -0.0561304, 0.0209806, -0.00489015, 0.0601225, 1009.29, 14866.8, 10, 2e-20, 3e-20, 2e-20, 2e-20, -1
0.29206, -0.173187, 0.117122, 0.05, 0.0132829, -0.0164088, -0.0167638, 0.0269576, 1004.35, 6957.09, 10, 2e-20, 3e-20, 2e-20, 2e-20, -1
0.307513, -0.125614, 0.0916283, 0.05, -0.0339504, -0.0481754, 0.0520491, 0.0786296, 1008.57, 13719.5, 10, 2e-20, 3e-20, 2e-20, 2e-20, -1
0.253214, -0.16499, 0.0810413, 0.05, -0.144105, -0.0183561, 0.0158984, 0.146136, 1003.45, 5524.99, 10, 2e-20, 3e-20, 2e-20, 2e-20, -1
0.274388, -0.221357, 0.102717, 0.05, -0.153737, 0.0209926, -0.118829, 0.195438, 1004.39, 7028.12, 10, 2e-20, 3e-20, 2e-20, 2e-20, -1
0.275742, -0.208638, 0.152365, 0.05, 0.115789, -0.0473297, -0.147942, 0.193737, 1004.36, 6972.54, 10, 2e-20, 3e-20, 2e-20, 2e-20, -1
0.36424, -0.0670411, 0.126693, 0.05, -0.00670427, -0.12041, -0.125867, 0.174316, 1007.44, 11902.8, 10, 2e-20, 3e-20, 2e-20, 2e-20, -1
0.319224, -0.0816168, 0.166773, 0.05, 0.0343734, -0.0125484, -0.0107122, 0.038128, 1007.11, 11378, 10, 2e-20, 3e-20, 2e-20, 2e-20, -1
0.276332, -0.109314, 0.182273, 0.05, -0.114817, -0.10387, -0.0616153, 0.166639, 1009.24, 14788.2, 10, 2e-20, 3e-20, 2e-20, 2e-20, -1
0.341218, -0.146005, 0.240994, 0.05, -0.155148, -0.0266861, -0.219529, 0.270141, 1011.6, 18554.6, 10, 2e-20, 3e-20, 2e-20, 2e-20, -1
0.374248, -0.180341, 0.23089, 0.05, 0.0277056, -0.101376, -0.0495695, 0.116198, 1006.69, 10700.4, 10, 2e-20, 3e-20, 2e-20, 2e-20, -1
0.369658, -0.104072, 0.226268, 0.05, -0.0507034, -0.0674358, -0.0417927, 0.0941544, 1005.22, 8348.65, 10, 2e-20, 3e-20, 2e-20, 2e-20, -1
0.34474, -0.177693, 0.278232, 0.05, 0.043355, -0.231236, 0.0604027, 0.242895, 1002.94, 4706.55, 10, 2e-20, 3e-20, 2e-20, 2e-20, -1
0.334691, -0.111841, 0.353916, 0.05, -0.12166, -0.0580369, 0.118163, 0.179254, 1009.42, 15064.7, 10, 2e-20, 3e-20, 2e-20, 2e-20, -1
0.382569, -0.0785086, 0.39429, 0.05, -0.0553737, -0.0660588, 0.00828429, 0.0865947, 1007.37, 11787.3, 10, 2e-20, 3e-20, 2e-20, 2e-20, -1
0.430494, -0.0805649, 0.405414, 0.05, -0.0827707, -0.0912727, -0.00422953, 0.123287, 1009.67, 15467.5, 10, 2e-20, 3e-20, 2e-20, 2e-20, -1
0.360337, -0.114692, 0.427127, 0.05, -0.0595987, -0.0464662, -0.122042, 0.143546, 1004.32, 6907.34, 10, 2e-20, 3e-20, 2e-20, 2e-20, -1
0.406203, -0.132615, 0.445053, 0.05, 0.0434023, -0.164802, 0.0526298, 0.178363, 1005.19, 8303.72, 10, 2e-20, 3e-20, 2e-20, 2e-20, -1
0.371878, -0.175117, 0.453318, 0.05, 0.00168209, 0.00666507, 0.0401103, 0.040695, 1002.28, 3644.89, 10, 2e-20, 3e-20, 2e-20, 2e-20, -1
0.319586, -0.103834, 0.440712, 0.05, -0.119888, -0.138896, -0.0777343, 0.199269, 1003.15, 5034.54, 10, 2e-20, 3e-20, 2e-20, 2e-20, -1
0.433444, -0.14565, 0.503388, 0.05, -0.0988369, 0.0599784, -0.077266, 0.139055, 1005.12, 8195.47, 10, 2e-20, 3e-20, 2e-20, 2e-20, -1
0.39124, -0.088903, 0.45898, 0.05, -0.0613608, -0.00859074, 0.0450918, 0.0766304, 1004.84, 7743.19, 10, 2e-20, 3e-20, 2e-20, 2e-20, -1
0.346365, -0.0703737, 0.448795, 0.05, -0.0280417, 0.0246578, -0.0453115, 0.0587152, 1004.67, 7475.64, 10, 2e-20, 3e-20, 2e-20, 2e-20, -1
0.390009, -0.0960065, 0.507927, 0.05, 0.0304282, -0.0174402, 0.0915773, 0.0980634, 1004.89, 7828.87, 10, 2e-20, 3e-20, 2e-20, 2e-20, -1
0.364845, -0.0573854, 0.573361, 0.05, -0.00988308, -0.119145, 0.074414, 0.140821, 1007.96, 12740.5, 10, 2e-20, 3e-20, 2e-20, 2e-20, -1
0.40532, -0.0874257, 0.564304, 0.05, 0.0450639, -0.0842507, -0.0570288, 0.111271, 1008.22, 13145.6, 10, 2e-20, 3e-20, 2e-20, 2e-20, -1
0.39894, -0.0605175, 0.614774, 0.05, 0.0884953, -0.0118538, -0.00286473, 0.0893316, 1007.25, 11595.4, 10, 2e-20, 3e-20, 2e-20, 2e-20, -1
0.425369, -0.0992836, 0.607993, 0.05, -0.00619904, -0.0139036, 0.0361876, 0.0392592, 1003.59, 5738.76, 10, 2e-20, 3e-20, 2e-20, 2e-20, -1
0.432502, -0.0720419, 0.649615, 0.05, -0.0735312, -0.0325627, -0.0685177, 0.10565, 1005.22, 8344.57, 10, 2e-20, 3e-20, 2e-20, 2e-20, -1
0.355438, -0.126161, 0.668325, 0.05, -0.0421011, 0.0888611, 0.135701, 0.167581, 1004.22, 6758.32, 10, 2e-20, 3e-20, 2e-20, 2e-20, -1
0.356392, -0.0626615, 0.640688, 0.05, -0.0263372, 0.0564652, 0.0142392, 0.0639118, 1005.76, 9217.51, 10, 2e-20, 3e-20, 2e-20, 2e-20, -1
0.39348, -0.0943723, 0.671299, 0.05, -0.0319967, -0.0157759, 0.0318033, 0.0477924, 1004.43, 7094.83, 10, 2e-20, 3e-20, 2e-20, 2e-20, -1
0.407878, -0.0618717, 0.722342, 0.05, -0.0383672, -0.0108633, -0.0100579, 0.0411244, 1006.18, 9888.26, 10, 2e-20, 3e-20, 2e-20, 2e-20, -1
0.413761, -0.0908562, 0.774194, 0.05, -0.0761797, -0.0212963, 0.10452, 0.131078, 1001.68, 2681.27, 10, 2e-20, 3e-20, 2e-20, 2e-20, -1
0.430318, -0.0316918, 0.757636, 0.05, -0.0239647, -0.0144227, 0.0109591, 0.0300403, 1007.98, 12762.8, 10, 2e-20, 3e-20, 2e-20, 2e-20, -1
0.396728, -0.0587091, 0.811016, 0.05, -0.0247814, -0.0436063, -0.0209901, 0.054371, 1007.85, 12562.6, 10, 2e-20, 3e-20, 2e-20, 2e-20, -1
0.376388, -0.139885, 0.841595, 0.05, 0.145296, -0.0473322, 0.0661217, 0.166503, 1002.31, 3699.54, 10, 2e-20, 3e-20, 2e-20, 2e-20, -1
0.393003, -0.102072, 0.882919, 0.05, -0.201085, -0.0491713, 0.0739193, 0.219812, 1004.02, 6434.29, 10, 2e-20, 3e-20, 2e-20, 2e-20, -1
0.343662, -0.0466026, 0.927393, 0.05, -0.0578692, -0.0860429, 0.0575514, 0.118593, 1004.54, 7260.8, 10, 2e-20, 3e-20, 2e-20, 2e-20, -1
0.31506, -0.0214866, 0.95781, 0.05, 0.00453328, -0.0298847, 0.0996094, 0.104095, 1006.8, 10873.2, 10, 2e-20, 3e-20, 2e-20, 2e-20, -1
0.280142, -0.0486702, 1.05057, 0.05, 0.1138, -0.0792815, 0.143364, 0.199473, 1004.93, 7891.43, 10, 2e-20, 3e-20, 2e-20, 2e-20, -1
0.331807, -0.061249, 1.04288, 0.05, -0.12772, 0.00473775, 0.0205949, 0.129457, 1002.1, 3352.33, 10, 2e-20, 3e-20, 2e-20, 2e-20, -1
0.271607, -0.0846423, 1.0776, 0.05, 0.119347, 0.0845838, -0.0239501, 0.148228, 1002.5, 4002.88, 10, 2e-20, 3e-20, 2e-20, 2e-20, -1
0.226652, -0.0844629, 1.13316, 0.05, -0.0529821, -0.0342922, 0.174238, 0.185316, 1002.57, 4105.73, 10, 2e-20, 3e-20, 2e-20, 2e-20, -1
0.239088, -0.0566631, 1.17348, 0.05, -0.0908153, 0.0440831, 0.0895467, 0.134942, 1008.15, 13037.1, 10, 2e-20, 3e-20, 2e-20, 2e-20, -1
0.2002, -0.046123, 1.13136, 0.05, -0.0825528, 0.0101809, 0.0639092, 0.104895, 1000.93, 1488.61, 10, 2e-20, 3e-20, 2e-20, 2e-20, -1
0.161246, -0.0546544, 1.14768, 0.05, -0.0600518, -0.0466173, 0.107676, 0.131809, 999.552, -716.625, 10, 2e-20, 3e-20, 2e-20, 2e-20, -1
0.128795, -0.030468, 1.22845, 0.05, -0.0540482, -0.139171, 0.161552, 0.219975, 1000.56, 890.622, 10, 2e-20, 3e-20, 2e-20, 2e-20, -1
0.0567377, -0.113352, 1.29063, 0.05, 0.0249265, 0.0695819, 0.0339898, 0.0813528, 1002.12, 3393.84, 10, 2e-20, 3e-20, 2e-20, 2e-20, -1
0.0321082, -0.152911, 1.43331, 0.05, 0.0837667, 0.00208163, 0.133656, 0.15775, 999.516, -773.664, 10, 2e-20, 3e-20, 2e-20, 2e-20, -1
0.258255, -0.117072, 0.054747, 0.05, 0.0578995, -0.0654144, 0.0222591, 0.0901491, 1014.99, 23978.3, 10, 2e-20, 3e-20, 2e-20, 2e-20, -1
0.313722, -0.102053, 0.0504519, 0.05, -0.110149, 0.0602016, -0.0380502, 0.131167, 1013.9, 22245, 10, 2e-20, 3e-20, 2e-20, 2e-20, -1
0.302739, -0.0497074, 0.0479311, 0.05, 0.0362575, -0.0640142, 0.0377984, 0.0827112, 1008.11, 12969.8, 10, 2e-20, 3e-20, 2e-20, 2e-20, -1
0.415322, -0.048614, 0.0511305, 0.05, 0.0263827, 0.0480579, -0.0360321, 0.0656042, 1014.96, 23939.2, 10, 2e-20, 3e-20, 2e-20, 2e-20, -1
0.329649, -0.0658557, 0.0877874, 0.05, -0.0746239, -0.172369, 0.0428574, 0.192656, 1001.31, 2093.57, 10, 2e-20, 3e-20, 2e-20, 2e-20, -1
0.301933, -0.0868104, 0.117956, 0.05, 0.00782149, -0.189662, -0.135921, 0.233469, 1005.82, 9314.17, 10, 2e-20, 3e-20, 2e-20, 2e-20, -1
0.31382, -0.0355117, 0.123811, 0.05, -0.0983155, -0.0675052, -0.0396536, 0.125679, 1007.01, 11220.1, 10, 2e-20, 3e-20, 2e-20, 2e-20, -1
0.326662, -0.110731, 0.207917, 0.05, -0.0463984, -0.0992094, -0.0139405, 0.110407, 1009.84, 15750.1, 10, 2e-20, 3e-20, 2e-20, 2e-20, -1
0.350349, -0.0432963, 0.172319, 0.05, -0.0613398, -0.102961, -0.106755, 0.1605, 1007.62, 12197.3, 10, 2e-20, 3e-20, 2e-20, 2e-20, -1
0.385849, -0.0492742, 0.211008, 0.05, 0.0549792, -0.0275135, 0.00809385, 0.0620098, 1004.17, 6666.45, 10, 2e-20, 3e-20, 2e-20, 2e-20, -1
0.372595, -0.00368554, 0.188768, 0.05, -0.00939319, -0.0678547, -0.0312462, 0.0752916, 1002.17, 3477.19, 10, 2e-20, 3e-20, 2e-20, 2e-20, -1
0.324818, -0.0847167, 0.254358, 0.05, 0.0384621, -0.0550211, -0.126472, 0.143184, 1003.79, 6070.98, 10, 2e-20, 3e-20, 2e-20, 2e-20, -1
0.341969, -0.124699, 0.295449, 0.05, -0.0565781, -0.046936, -0.00982834, 0.0741665, 1010.12, 16188.3, 10, 2e-20, 3e-20, 2e-20, 2e-20, -1
0.302221, -0.0365279, 0.233135, 0.05, -0.0801479, -0.0109681, -0.116238, 0.141617, 1009.09, 14544.7, 10, 2e-20, 3e-20, 2e-20, 2e-20, -1
0.34201, -0.0816575, 0.299493, 0.05, -0.0170635, -0.144134, -0.064882, 0.158983, 1012.27, 19637.3, 10, 2e-20, 3e-20, 2e-20, 2e-20, -1
0.341445, -0.0314614, 0.272963, 0.05, 0.0126321, 0.0601584, -0.156793, 0.168412, 1007.87, 12588.6, 10, 2e-20, 3e-20, 2e-20, 2e-20, -1
0.289853, -0.0746079, 0.32797, 0.05, -0.00413437, -0.0585835, 0.0583634, 0.0827973, 1005.33, 8520.56, 10, 2e-20, 3e-20, 2e-20, 2e-20, -1
0.283699, -0.103058, 0.370776, 0.05, 0.0939573, -0.127808, 0.102497, 0.188861, 1012.81, 20500.1, 10, 2e-20, 3e-20, 2e-20, 2e-20, -1
0.332369, -0.0749952, 0.388514, 0.05, 0.0478938, -0.0918358, 0.016828, 0.104932, 1008.61, 13769.2, 10, 2e-20, 3e-20, 2e-20, 2e-20, -1
0.347207, -0.0211302, 0.363848, 0.05, -0.117708, -0.0053398, -0.0654809, 0.134802, 1006.75, 10793.2, 10, 2e-20, 3e-20, 2e-20, 2e-20, -1
0.333277, -0.0306102, 0.412368, 0.05, -0.187164, -0.157455, -0.017626, 0.24522, 1004.05, 6482.18, 10, 2e-20, 3e-20, 2e-20, 2e-20, -1
0.384905, -0.0449389, 0.428145, 0.05, 0.0261011, -0.0619759, -0.0322933, 0.0745999, 1006.85, 10967.3, 10, 2e-20, 3e-20, 2e-20, 2e-20, -1
0.28965, -0.06641, 0.418999, 0.05, -0.064646, -0.0355678, -0.0864273, 0.113639, 1006.1, 9762.22, 10, 2e-20, 3e-20, 2e-20, 2e-20, -1
0.38679, -0.047517, 0.487889, 0.05, -0.0147904, -0.0135102, 0.0672148, 0.0701364, 1003.61, 5777.4, 10, 2e-20, 3e-20, 2e-20, 2e-20, -1
0.393583, -0.0301586, 0.540086, 0.05, 0.0919456, -0.0447076, -0.0935896, 0.138607, 1006.3, 10072.2, 10, 2e-20, 3e-20, 2e-20, 2e-20, -1
0.387211, 0.0200656, 0.532996, 0.05, 0.102044, -0.0417099, 0.025583, 0.113169, 1002.58, 4120.36, 10, 2e-20, 3e-20, 2e-20, 2e-20, -1
0.319091, 0.00328052, 0.552094, 0.05, -0.118055, 0.0262923, -0.0709855, 0.14024, 1004.77, 7633.82, 10, 2e-20, 3e-20, 2e-20, 2e-20, -1
0.360778, -0.00550145, 0.577526, 0.05, -0.0233063, -0.0549439, -0.000411147, 0.0596841, 1007.33, 11729.7, 10, 2e-20, 3e-20, 2e-20, 2e-20, -1
0.353689, 0.0682265, 0.602259, 0.05, 0.0376136, -0.0538784, -0.0757349, 0.100267, 1005.09, 8150.76, 10, 2e-20, 3e-20, 2e-20, 2e-20, -1
0.393713, -0.0219666, 0.632355, 0.05, -0.0490762, -0.0713171, -0.0769781, 0.115846, 998.999, -1601.74, 10, 2e-20, 3e-20, 2e-20, 2e-20, -1
0.401554, 0.0631418, 0.624476, 0.05, -0.041349, -0.0703492, -0.0720966, 0.108888, 1003.93, 6291.81, 10, 2e-20, 3e-20, 2e-20, 2e-20, -1
0.390927, 0.00930965, 0.671046, 0.05, -0.0692966, -0.0550329, -0.0533626, 0.103335, 1002.45, 3923.19, 10, 2e-20, 3e-20, 2e-20, 2e-20, -1
0.444625, 0.0564477, 0.705873, 0.05, -0.0183688, -0.0565732, -0.17179, 0.181796, 1002.81, 4502.32, 10, 2e-20, 3e-20, 2e-20, 2e-20, -1
0.388316, -0.0509663, 0.682329, 0.05, -0.0148436, -0.139568, -0.127393, 0.189548, 1004.79, 7666.17, 10, 2e-20, 3e-20, 2e-20, 2e-20, -1
0.448712, 0.00401733, 0.713648, 0.05, 0.0117161, -0.0790085, -0.0531902, 0.0959625, 1005.68, 9081.1, 10, 2e-20, 3e-20, 2e-20, 2e-20, -1
0.381963, -0.0402925, 0.764308, 0.05, -0.0513361, -0.0334933, 0.169429, 0.180176, 1002.86, 4575.84, 10, 2e-20, 3e-20, 2e-20, 2e-20, -1
0.363678, -0.0251999, 0.826629, 0.05, -0.0938814, -0.0929125, 0.0526435, 0.142189, 1006.5, 10400.8, 10, 2e-20, 3e-20, 2e-20, 2e-20, -1
0.376878, 0.0592434, 0.836633, 0.05, -0.0112065, -0.0193685, 0.0444307, 0.0497475, 1008.74, 13977.3, 10, 2e-20, 3e-20, 2e-20, 2e-20, -1
0.389684, -0.0542469, 0.872593, 0.05, -0.0708732, 0.0292903, 0.0986769, 0.124972, 1003.65, 5835.56, 10, 2e-20, 3e-20, 2e-20, 2e-20, -1
0.390604, 0.0105215, 0.84922, 0.05, -0.0225157, 0.0380094, 0.0889159, 0.099286, 998.408, -2547.82, 10, 2e-20, 3e-20, 2e-20, 2e-20, -1
0.413249, 0.00753076, 0.898033, 0.05, 0.0633158, 0.0442222, 0.0677646, 0.102745, 1002.94, 4699.38, 10, 2e-20, 3e-20, 2e-20, 2e-20, -1
0.379754, 0.0467504, 0.953447, 0.05, -0.0785726, -0.0246733, 0.0813164, 0.115736, 1001.18, 1889.32, 10, 2e-20, 3e-20, 2e-20, 2e-20, -1
0.370231, -0.00409014, 0.938849, 0.05, -0.0891078, -0.0362672, 0.102033, 0.140236, 998.701, -2078.83, 10, 2e-20, 3e-20, 2e-20, 2e-20, -1
0.344035, -0.00382218, 1.03603, 0.05, -0.122575, -0.0696727, 0.075212, 0.159799, 1002.2, 3526.33, 10, 2e-20, 3e-20, 2e-20, 2e-20, -1
0.311762, -0.00565758, 1.04384, 0.05, -0.125126, -0.124624, 0.172348, 0.246762, 996.798, -5123.34, 10, 2e-20, 3e-20, 2e-20, 2e-20, -1
0.268103, -0.0412, 1.12637, 0.05, -0.0767517, -0.0445933, 0.240651, 0.2565, 1006.49, 10382.9, 10, 2e-20, 3e-20, 2e-20, 2e-20, -1
0.291302, 0.0170597, 1.13712, 0.05, -0.0804374, -0.142356, 0.135883, 0.212602, 999.165, -1336.2, 10, 2e-20, 3e-20, 2e-20, 2e-20, -1
0.207543, 0.0035526, 1.12039, 0.05, 0.0787111, -0.0323908, 0.156315, 0.177986, 1002.38, 3810.97, 10, 2e-20, 3e-20, 2e-20, 2e-20, -1
0.203122, -0.0164371, 1.18896, 0.05, 0.0562227, -0.0132858, 0.186135, 0.194894, 1002.18, 3488.99, 10, 2e-20, 3e-20, 2e-20, 2e-20, -1
0.130983, 0.0238858, 1.29741, 0.05, -0.136665, -0.0397002, 0.267259, 0.302789, 1000.97, 1546.2, 10, 2e-20, 3e-20, 2e-20, 2e-20, -1
0.0761553, -0.128846, 1.32288, 0.05, -0.0461835, -0.00498268, 0.034911, 0.0581079, 1001.63, 2604.08, 10, 2e-20, 3e-20, 2e-20, 2e-20, -1
0.409267, 0.0425828, 0.0528594, 0.05, 0.00566166, -0.0499299, -0.0261379, 0.0566413, 1016.6, 26554, 10, 2e-20, 3e-20, 2e-20, 2e-20, -1
0.353902, 0.0544939, 0.0529507, 0.05, -0.0270319, -0.0700727, -0.0340702, 0.0824723, 1016.94, 27105.9, 10, 2e-20, 3e-20, 2e-20, 2e-20, -1
0.389787, 0.0585746, 0.097863, 0.05, 0.0572472, -0.124769, 0.0283746, 0.140177, 1007.24, 11576.5, 10, 2e-20, 3e-20, 2e-20, 2e-20, -1
0.398046, -0.0034006, 0.0576142, 0.05, 0.0307871, -0.104237, -0.113037, 0.156813, 1008.61, 13768.2, 10, 2e-20, 3e-20, 2e-20, 2e-20, -1
0.34495, 0.0710913, 0.107754, 0.05, 0.0390946, -0.0177243, 0.0343171, 0.0549563, 1002.66, 4254.17, 10, 2e-20, 3e-20, 2e-20, 2e-20, -1
0.297829, 0.057025, 0.117878, 0.05, -0.0555854, -0.109395, -0.0186932, 0.124122, 1002.26, 3616.84, 10, 2e-20, 3e-20, 2e-20, 2e-20, -1
0.278031, -0.042145, 0.0872143, 0.05, 0.037277, 0.0198902, 0.0533896, 0.0680856, 1001.5, 2396.69, 10, 2e-20, 3e-20, 2e-20, 2e-20, -1
0.355013, 0.0293887, 0.124773, 0.05, 0.0480897, 0.112362, 0.0751287, 0.143465, 1004.43, 7095.43, 10, 2e-20, 3e-20, 2e-20, 2e-20, -1
0.279359, -0.00770146, 0.152361, 0.05, -0.0405847, -0.138474, -0.0923557, 0.171324, 1005.98, 9565.86, 10, 2e-20, 3e-20, 2e-20, 2e-20, -1
0.333815, -0.000758709, 0.15334, 0.05, -0.101964, -0.0180141, -0.00486736, 0.103657, 1005.48, 8762.96, 10, 2e-20, 3e-20, 2e-20, 2e-20, -1
0.308018, 0.00747683, 0.199002, 0.05, -0.0201868, -0.0571199, 0.116404, 0.131225, 1007.43, 11882, 10, 2e-20, 3e-20, 2e-20, 2e-20, -1
0.347236, -0.00165928, 0.23647, 0.05, -0.0239471, 0.00400125, -0.00812412, 0.0256022, 1010.03, 16043.1, 10, 2e-20, 3e-20, 2e-20, 2e-20, -1
0.349799, 0.0340588, 0.206508, 0.05, -0.0378495, 0.00394334, 0.0855704, 0.0936506, 1005.49, 8777.95, 10, 2e-20, 3e-20, 2e-20, 2e-20, -1
0.317321, 0.0514711, 0.242323, 0.05, -0.0454868, 0.00410703, -0.0684911, 0.0823222, 1010.9, 17437.8, 10, 2e-20, 3e-20, 2e-20, 2e-20, -1
0.32774, 0.0963428, 0.263939, 0.05, -0.0745066, -0.0347662, -0.186224, 0.203567, 1006.82, 10912.3, 10, 2e-20, 3e-20, 2e-20, 2e-20, -1
0.301064, 0.00848268, 0.270183, 0.05, -0.0277273, 0.0926952, -0.154386, 0.182199, 1010.66, 17062.7, 10, 2e-20, 3e-20, 2e-20, 2e-20, -1
0.295986, -0.0471195, 0.285608, 0.05, -0.108072, -0.0623533, -0.0459739, 0.132971, 1005.01, 8014.87, 10, 2e-20, 3e-20, 2e-20, 2e-20, -1
0.290688, 0.0615072, 0.285468, 0.05, -0.0834107, 0.0190901, -0.0812213, 0.117977, 1006.1, 9767.35, 10, 2e-20, 3e-20, 2e-20, 2e-20, -1
0.30911, -0.00315273, 0.322736, 0.05, -0.0126774, 0.0750134, 0.0646835, 0.0998583, 996.961, -4862.93, 10, 2e-20, 3e-20, 2e-20, 2e-20, -1
0.305662, 0.0480256, 0.330601, 0.05, 0.0479444, -0.0871427, -0.00867752, 0.099839, 1003.06, 4900.2, 10, 2e-20, 3e-20, 2e-20, 2e-20, -1
0.317566, 0.0188587, 0.373709, 0.05, -0.0351969, -0.0826955, -0.135011, 0.162189, 1007.45, 11916.4, 10, 2e-20, 3e-20, 2e-20, 2e-20, -1
0.356906, 0.0296483, 0.44153, 0.05, 0.0924981, 0.00447047, 0.088612, 0.128172, 1001.69, 2711.49, 10, 2e-20, 3e-20, 2e-20, 2e-20, -1
0.345097, -0.0243321, 0.46492, 0.05, -0.00485503, -0.0485916, -0.0163209, 0.0514887, 1009.92, 15865, 10, 2e-20, 3e-20, 2e-20, 2e-20, -1
0.353114, 0.0270835, 0.49331, 0.05, -0.0825435, 0.0292686, -0.0634282, 0.108135, 1006.24, 9985.72, 10, 2e-20, 3e-20, 2e-20, 2e-20, -1
0.351805, -0.0148308, 0.516181, 0.05, -0.020376, -0.0445596, -0.0423999, 0.0647958, 1005.93, 9486.35, 10, 2e-20, 3e-20, 2e-20, 2e-20, -1
0.311829, 0.0585838, 0.476937, 0.05, -0.0307858, -0.0998002, 0.0589761, 0.119942, 1009.18, 14689.6, 10, 2e-20, 3e-20, 2e-20, 2e-20, -1
0.34648, 0.0449618, 0.555704, 0.05, -0.0812958, -0.00090143, 0.00538984, 0.0814793, 1005.29, 8457.15, 10, 2e-20, 3e-20, 2e-20, 2e-20, -1
0.381187, 0.102929, 0.558404, 0.05, -0.0307676, -0.126574, 0.0488149, 0.139106, 1002.33, 3722.56, 10, 2e-20, 3e-20, 2e-20, 2e-20, -1
0.323627, 0.112604, 0.588902, 0.05, -0.0747226, -0.129553, -0.113374, 0.187673, 1002.74, 4390.88, 10, 2e-20, 3e-20, 2e-20, 2e-20, -1
0.318157, 0.167014, 0.578692, 0.05, 0.0129232, -0.00320912, -0.0809361, 0.0820242, 1004.52, 7226.06, 10, 2e-20, 3e-20, 2e-20, 2e-20, -1
0.371145, 0.0204909, 0.624939, 0.05, -0.0785172, -0.0904739, -0.10152, 0.157025, 1006.11, 9783.9, 10, 2e-20, 3e-20, 2e-20, 2e-20, -1
0.385774, 0.100116, 0.654863, 0.05, 0.0387051, -0.126227, -0.00232276, 0.132048, 1004.67, 7466.01, 10, 2e-20, 3e-20, 2e-20, 2e-20, -1
0.397301, 0.0587027, 0.682476, 0.05, 0.0378448, -0.0271864, -0.0196769, 0.0505817, 1004.17, 6671.82, 10, 2e-20, 3e-20, 2e-20, 2e-20, -1
0.401162, 0.0651417, 0.734378, 0.05, -0.0493002, 0.0278612, -0.100771, 0.115593, 1006.47, 10355.8, 10, 2e-20, 3e-20, 2e-20, 2e-20, -1
0.426009, 0.025039, 0.748852, 0.05, 0.0473102, -0.125951, -0.0619961, 0.14814, 1005.28, 8453.62, 10, 2e-20, 3e-20, 2e-20, 2e-20, -1
0.388275, 0.108672, 0.741554, 0.05, -0.0497229, 0.0396887, 0.054485, 0.0837626, 1001.96, 3129.77, 10, 2e-20, 3e-20, 2e-20, 2e-20, -1
0.374311, 0.0110699, 0.760925, 0.05, -0.0817743, -0.106274, -0.00304179, 0.134128, 1008.27, 13226.9, 10, 2e-20, 3e-20, 2e-20, 2e-20, -1
0.366233, 0.0960747, 0.792812, 0.05, 0.0748705, -0.0196262, -0.0538345, 0.0942811, 1006.18, 9888.71, 10, 2e-20, 3e-20, 2e-20, 2e-20, -1
0.336482, 0.0981139, 0.840316, 0.05, -0.00934152, -0.0195249, 0.0759751, 0.0789981, 1004.47, 7146.58, 10, 2e-20, 3e-20, 2e-20, 2e-20, -1
0.378268, 0.042326, 0.901228, 0.05, 0.0268342, 0.082859, -0.0261648, 0.0909411, 999.873, -203.728, 10, 2e-20, 3e-20, 2e-20, 2e-20, -1
0.351591, 0.164027, 0.859228, 0.05, 0.00921721, -0.0152387, -0.0245996, 0.0303697, 1006.51, 10409.4, 10, 2e-20, 3e-20, 2e-20, 2e-20, -1
0.37397, 0.13503, 0.907241, 0.05, 0.0452767, -0.00216561, 0.0486635, 0.0665042, 1003.82, 6109.71, 10, 2e-20, 3e-20, 2e-20, 2e-20, -1
0.338484, 0.0713163, 0.964123, 0.05, -0.0288035, -0.131046, 0.0929557, 0.163228, 1000.96, 1537.46, 10, 2e-20, 3e-20, 2e-20, 2e-20, -1
0.316593, 0.039385, 1.01785, 0.05, 0.0941536, 0.0139139, 0.00894509, 0.0955956, 996.518, -5571.38, 10, 2e-20, 3e-20, 2e-20, 2e-20, -1
0.287339, 0.000182387, 1.08082, 0.05, -0.0602639, -0.0983547, 0.0757572, 0.138002, 999.268, -1171.9, 10, 2e-20, 3e-20, 2e-20, 2e-20, -1
0.227362, 0.0380074, 1.07702, 0.05, 0.0557324, -0.0280966, 0.0878921, 0.107799, 1003.04, 4871.34, 10, 2e-20, 3e-20, 2e-20, 2e-20, -1
0.260347, 0.0497825, 1.16657, 0.05, -0.172313, -0.0976392, 0.11176, 0.22741, 1000.71, 1129.26, 10, 2e-20, 3e-20, 2e-20, 2e-20, -1
0.236993, -0.00846742, 1.16474, 0.05, 0.00108579, 0.020996, 0.0900533, 0.0924749, 1001.27, 2034.82, 10, 2e-20, 3e-20, 2e-20, 2e-20, -1
0.171842, 0.0241075, 1.17913, 0.05, -0.00340709, -0.0854048, 0.126909, 0.153008, 1000.63, 1013.58, 10, 2e-20, 3e-20, 2e-20, 2e-20, -1
0.126988, -0.00568228, 1.32484, 0.05, 0.126576, -0.00319891, 0.204059, 0.24015, 999.143, -1371.69, 10, 2e-20, 3e-20, 2e-20, 2e-20, -1
0.0761287, -0.101346, 1.37138, 0.05, 0.00646332, 0.0731726, 0.0907245, 0.116735, 999.545, -728.015, 10, 2e-20, 3e-20, 2e-20, 2e-20, -1
0.277567, 0.241889, 0.0525665, 0.05, 0.00184174, 0.0206568, -0.00872538, 0.0224995, 1023.29, 37264.8, 10, 2e-20, 3e-20, 2e-20, 2e-20, -1
0.38039, 0.17077, 0.0462026, 0.05, 0.0628273, 0.00869205, 0.012343, 0.0646155, 1014.05, 22476.6, 10, 2e-20, 3e-20, 2e-20, 2e-20, -1
0.33697, 0.143554, 0.0488947, 0.05, -0.0175827, 0.0263871, 0.00769638, 0.0326292, 1007.22, 11544.7, 10, 2e-20, 3e-20, 2e-20, 2e-20, -1
0.295865, 0.177681, 0.0509267, 0.05, 0.0331241, -0.0458091, 0.0129142, 0.0579867, 1009.19, 14711, 10, 2e-20, 3e-20, 2e-20, 2e-20, -1
0.314077, 0.220843, 0.0892736, 0.05, -0.0246956, 0.0144404, 0.086166, 0.0907908, 1006.13, 9810.44, 10, 2e-20, 3e-20, 2e-20, 2e-20, -1
0.339234, 0.232155, 0.159554, 0.05, 0.0437381, 0.0857339, 0.113888, 0.14911, 1004.86, 7773.73, 10, 2e-20, 3e-20, 2e-20, 2e-20, -1
0.27277, 0.238132, 0.112714, 0.05, 0.0201981, 0.0192923, 0.0373694, 0.0466544, 1007.87, 12590.8, 10, 2e-20, 3e-20, 2e-20, 2e-20, -1
0.313726, 0.166238, 0.0951214, 0.05, 0.021546, -0.00293208, 0.0121463, 0.024907, 1014.13, 22612.8, 10, 2e-20, 3e-20, 2e-20, 2e-20, -1
0.297453, 0.133353, 0.131555, 0.05, -0.161968, -0.070811, -0.0117927, 0.177164, 1013.82, 22111, 10, 2e-20, 3e-20, 2e-20, 2e-20, -1
0.327837, 0.0918126, 0.154914, 0.05, -0.0952758, -0.0118599, 0.0319891, 0.1012, 1009.59, 15346.7, 10, 2e-20, 3e-20, 2e-20, 2e-20, -1
0.316658, 0.122862, 0.199701, 0.05, -0.0246758, -0.00830779, 0.0527671, 0.0588412, 1004.49, 7180.1, 10, 2e-20, 3e-20, 2e-20, 2e-20, -1
0.36838, 0.0571508, 0.171108, 0.05, 0.00518834, -0.051951, -0.0855597, 0.100231, 1009.49, 15184.7, 10, 2e-20, 3e-20, 2e-20, 2e-20, -1
0.346203, 0.0849548, 0.215269, 0.05, -0.120389, -0.03779, 0.0590151, 0.1393, 1011.37, 18192.8, 10, 2e-20, 3e-20, 2e-20, 2e-20, -1
0.291331, 0.130285, 0.257612, 0.05, -0.00620844, -0.0296551, -0.0137793, 0.0332842, 1007.05, 11287.5, 10, 2e-20, 3e-20, 2e-20, 2e-20, -1
0.360699, 0.159285, 0.276325, 0.05, -0.110229, 0.00995996, 0.0900134, 0.142661, 1010.98, 17562.8, 10, 2e-20, 3e-20, 2e-20, 2e-20, -1
0.360906, 0.151441, 0.366053, 0.05, -0.131738, -0.0780614, -0.0743266, 0.170215, 1009.44, 15104, 10, 2e-20, 3e-20, 2e-20, 2e-20, -1
0.368055, 0.10375, 0.348741, 0.05, -0.0841581, -0.0614318, 0.0485882, 0.114966, 1002.09, 3347.59, 10, 2e-20, 3e-20, 2e-20, 2e-20, -1
0.337774, 0.208538, 0.386405, 0.05, -0.043248, 0.0767638, -0.035379, 0.094946, 1009.41, 15049.2, 10, 2e-20, 3e-20, 2e-20, 2e-20, -1
0.316037, 0.0936957, 0.356141, 0.05, 0.00677489, 0.0416384, 0.0177802, 0.0457798, 1005.89, 9416.4, 10, 2e-20, 3e-20, 2e-20, 2e-20, -1
0.268063, 0.0424227, 0.396981, 0.05, -0.163721, 0.0627084, 0.0459502, 0.181241, 1005.43, 8691.29, 10, 2e-20, 3e-20, 2e-20, 2e-20, -1
0.318549, 0.0571658, 0.410518, 0.05, -0.0683024, -0.08768, -0.0417636, 0.118732, 1002.41, 3860.2, 10, 2e-20, 3e-20, 2e-20, 2e-20, -1
0.374694, 0.0752424, 0.420348, 0.05, 0.0246699, -0.0844076, -0.00225278, 0.0879678, 1006.55, 10475.9, 10, 2e-20, 3e-20, 2e-20, 2e-20, -1
0.26994, 0.159586, 0.457847, 0.05, -0.0622762, -0.090358, -0.122816, 0.164701, 1007.34, 11742.3, 10, 2e-20, 3e-20, 2e-20, 2e-20, -1
0.338851, 0.149404, 0.456476, 0.05, -0.0134195, -0.0155367, 0.039774, 0.0447598, 1004.07, 6513.63, 10, 2e-20, 3e-20, 2e-20, 2e-20, -1
0.329219, 0.0980108, 0.442911, 0.05, -0.0928757, -0.0344988, 0.02493, 0.102164, 1007.93, 12691.3, 10, 2e-20, 3e-20, 2e-20, 2e-20, -1
0.35134, 0.159655, 0.497188, 0.05, -0.0429196, -0.0258464, -0.0267449, 0.0567928, 1005.29, 8458.49, 10, 2e-20, 3e-20, 2e-20, 2e-20, -1
0.376511, 0.118835, 0.478054, 0.05, -0.0305928, 0.0583102, -0.0644746, 0.0921573, 1003.36, 5369.82, 10, 2e-20, 3e-20, 2e-20, 2e-20, -1
0.372132, 0.0714523, 0.518437, 0.05, 0.063335, -0.089901, 0.0227883, 0.112307, 1005.79, 9257.76, 10, 2e-20, 3e-20, 2e-20, 2e-20, -1
0.358425, 0.185609, 0.545086, 0.05, -0.0512193, -0.0272958, -0.125029, 0.137843, 1006.11, 9776.32, 10, 2e-20, 3e-20, 2e-20, 2e-20, -1
0.370697, 0.118806, 0.606812, 0.05, -0.0135818, -0.0256271, -0.105004, 0.108936, 1003.58, 5731.96, 10, 2e-20, 3e-20, 2e-20, 2e-20, -1
0.352087, 0.154273, 0.637222, 0.05, -0.0994248, 0.0726115, 0.0124043, 0.12374, 1005.42, 8671.02, 10, 2e-20, 3e-20, 2e-20, 2e-20, -1
0.362525, 0.136104, 0.686685, 0.05, -0.0474703, 0.0719985, -0.104838, 0.135751, 1002.75, 4395.49, 10, 2e-20, 3e-20, 2e-20, 2e-20, -1
0.370816, 0.186452, 0.669864, 0.05, -0.0162942, -0.0611931, -0.102027, 0.120082, 1000.54, 858.16, 10, 2e-20, 3e-20, 2e-20, 2e-20, -1
0.38344, 0.158185, 0.728381, 0.05, 0.025547, -0.0327862, -0.0397333, 0.0575006, 999.857, -229.516, 10, 2e-20, 3e-20, 2e-20, 2e-20, -1
0.352691, 0.200769, 0.715251, 0.05, 0.0362986, -0.136956, -0.0515021, 0.150754, 1004.04, 6459.38, 10, 2e-20, 3e-20, 2e-20, 2e-20, -1
0.373532, 0.171004, 0.766786, 0.05, 0.0585075, -0.06032, -0.02572, 0.0878814, 1005.98, 9561.7, 10, 2e-20, 3e-20, 2e-20, 2e-20, -1
0.3951, 0.21349, 0.789232, 0.05, -0.072454, -0.0820509, -0.0634013, 0.126498, 1007.29, 11656.8, 10, 2e-20, 3e-20, 2e-20, 2e-20, -1
0.324302, 0.168352, 0.763826, 0.05, -0.088858, -0.0343238, -0.0131652, 0.0961623, 1004.01, 6413.22, 10, 2e-20, 3e-20, 2e-20, 2e-20, -1
0.351899, 0.186444, 0.808797, 0.05, 0.0331319, -0.0387582, 0.041563, 0.065783, 1004.33, 6924.44, 10, 2e-20, 3e-20, 2e-20, 2e-20, -1
0.375002, 0.0881682, 0.883441, 0.05, -0.0580626, -0.108617, 0.0241298, 0.125503, 1001.84, 2938.75, 10, 2e-20, 3e-20, 2e-20, 2e-20, -1
0.383969, 0.208011, 0.837503, 0.05, -0.0524469, -0.108574, -0.0105887, 0.121042, 1003.9, 6240.56, 10, 2e-20, 3e-20, 2e-20, 2e-20, -1
0.268845, 0.139383, 0.942527, 0.05, 0.0778724, -0.0341042, 0.039493, 0.0937385, 1001.33, 2132.18, 10, 2e-20, 3e-20, 2e-20, 2e-20, -1
0.335052, 0.125328, 0.939229, 0.05, -0.090969, -0.0122016, 0.0119366, 0.0925566, 1005.46, 8740.99, 10, 2e-20, 3e-20, 2e-20, 2e-20, -1
0.332992, 0.138869, 0.988235, 0.05, -0.0479418, 0.0483146, -0.0430908, 0.0805576, 1002.94, 4706.88, 10, 2e-20, 3e-20, 2e-20, 2e-20, -1
0.338054, 0.085732, 1.0269, 0.05, -0.0146449, -0.0617157, -0.00667732, 0.06378, 1001.37, 2193.15, 10, 2e-20, 3e-20, 2e-20, 2e-20, -1
0.267555, 0.0574498, 1.09617, 0.05, -0.0864456, -0.069765, 0.120533, 0.163915, 1000.79, 1256.58, 10, 2e-20, 3e-20, 2e-20, 2e-20, -1
0.228713, 0.0667794, 1.13606, 0.05, -0.00165438, -0.0759177, 0.0666818, 0.101058, 1002.89, 4626.95, 10, 2e-20, 3e-20, 2e-20, 2e-20, -1
0.187432, 0.0740196, 1.14844, 0.05, -0.0179137, 0.0109433, 0.0503366, 0.0545384, 1003.37, 5392.19, 10, 2e-20, 3e-20, 2e-20, 2e-20, -1
0.0972169, 0.071113, 1.27728, 0.05, -0.01603, -0.0976924, 0.18993, 0.214182, 1002.56, 4092.44, 10, 2e-20, 3e-20, 2e-20, 2e-20, -1
-0.0105235, -0.0330014, 1.42623, 0.05, 0.0749493, 0.0121256, 0.017395, 0.077891, 995.405, -7351.85, 10, 2e-20, 3e-20, 2e-20, 2e-20, -1
0.00705249, -0.109975, 1.38554, 0.05, 0.01777, -0.0642268, 0.00661816, 0.0669675, 1004.35, 6966.63, 10, 2e-20, 3e-20, 2e-20, 2e-20, -1
0.339723, 0.216853, 0.0505431, 0.05, -0.0105289, 0.0153243, 0.053586, 0.0567199, 1012.41, 19850.7, 10, 2e-20, 3e-20, 2e-20, 2e-20, -1
0.328283, 0.2742, 0.0483173, 0.05, 0.0403872, -0.0393364, 0.03042, 0.0640613, 1010.56, 16889.7, 10, 2e-20, 3e-20, 2e-20, 2e-20, -1
0.313569, 0.322356, 0.0876249, 0.05, 0.00703394, 0.0778026, 0.0186457, 0.0803143, 1002.34, 3750.28, 10, 2e-20, 3e-20, 2e-20, 2e-20, -1
0.379761, 0.20991, 0.079606, 0.05, -0.043919, -0.0318023, 0.0715243, 0.0897552, 1006.57, 10509.1, 10, 2e-20, 3e-20, 2e-20, 2e-20, -1
0.354508, 0.24336, 0.110673, 0.05, 0.0417013, -0.0724415, 0.0238561, 0.0869246, 1010.62, 16986.2, 10, 2e-20, 3e-20, 2e-20, 2e-20, -1
0.355744, 0.281707, 0.159084, 0.05, -0.0789234, -0.0883347, 0.0830368, 0.144662, 1005.07, 8109.95, 10, 2e-20, 3e-20, 2e-20, 2e-20, -1
0.365593, 0.20785, 0.199129, 0.05, -0.0862095, 0.166041, 0.0145585, 0.187653, 1008.07, 12906.5, 10, 2e-20, 3e-20, 2e-20, 2e-20, -1
0.304613, 0.199628, 0.135535, 0.05, 0.0457373, 0.0319739, -0.0250191, 0.0611571, 1003.21, 5135.57, 10, 2e-20, 3e-20, 2e-20, 2e-20, -1
0.339484, 0.164893, 0.159373, 0.05, -0.0794493, -0.0020241, 0.0120157, 0.0803783, 1004.53, 7249.4, 10, 2e-20, 3e-20, 2e-20, 2e-20, -1
0.363736, 0.116162, 0.175606, 0.05, -0.0132925, -0.0405095, 0.0262569, 0.0500713, 1005.53, 8852.32, 10, 2e-20, 3e-20, 2e-20, 2e-20, -1
0.388418, 0.195573, 0.243921, 0.05, -0.0561839, 0.0125274, -0.0525823, 0.0779644, 1012.9, 20638, 10, 2e-20, 3e-20, 2e-20, 2e-20, -1
0.356499, 0.159503, 0.20095, 0.05, -0.132488, 0.0466976, 0.0769593, 0.160177, 1004.41, 7059.51, 10, 2e-20, 3e-20, 2e-20, 2e-20, -1
0.340568, 0.134524, 0.241033, 0.05, -0.174693, -0.00173129, -0.00989508, 0.174981, 1008.01, 12822.5, 10, 2e-20, 3e-20, 2e-20, 2e-20, -1
0.395231, 0.128312, 0.214182, 0.05, -0.041559, -0.0751009, -0.0266097, 0.0898631, 1007.62, 12193.1, 10, 2e-20, 3e-20, 2e-20, 2e-20, -1
0.304755, 0.170781, 0.283375, 0.05, 0.027042, -0.0784947, -0.15185, 0.173064, 1006.94, 11101, 10, 2e-20, 3e-20, 2e-20, 2e-20, -1
0.333108, 0.148996, 0.317715, 0.05, 0.000606451, 0.0482882, -0.0607324, 0.0775921, 1009.15, 14639.1, 10, 2e-20, 3e-20, 2e-20, 2e-20, -1
0.349269, 0.19779, 0.341196, 0.05, -0.0384643, 0.0829166, -0.021669, 0.0939372, 1008.7, 13921.8, 10, 2e-20, 3e-20, 2e-20, 2e-20, -1
0.300839, 0.262921, 0.387809, 0.05, 0.104998, -0.100144, -0.0199738, 0.146466, 1008.85, 14158.9, 10, 2e-20, 3e-20, 2e-20, 2e-20, -1
0.342657, 0.113019, 0.393604, 0.05, 0.0306753, 0.0104139, -0.0405771, 0.0519223, 1002.09, 3342.96, 10, 2e-20, 3e-20, 2e-20, 2e-20, -1
0.343765, 0.283628, 0.398882, 0.05, -0.0394975, -0.0247544, -0.00570505, 0.0469615, 1007.78, 12453.2, 10, 2e-20, 3e-20, 2e-20, 2e-20, -1
0.306535, 0.144463, 0.422005, 0.05, -0.0461519, 0.0415915, -0.0467052, 0.0777253, 1004.03, 6452.32, 10, 2e-20, 3e-20, 2e-20, 2e-20, -1
0.326306, 0.242946, 0.429192, 0.05, -0.0795846, 0.0282451, -0.123868, 0.149916, 1001.41, 2260.43, 10, 2e-20, 3e-20, 2e-20, 2e-20, -1
0.285976, 0.208313, 0.461728, 0.05, -0.0659095, -0.0381631, 0.0155669, 0.0777355, 1005.04, 8064.23, 10, 2e-20, 3e-20, 2e-20, 2e-20, -1
0.278483, 0.265186, 0.465383, 0.05, -0.0768693, -0.0449299, -0.138116, 0.164328, 1009.22, 14744.6, 10, 2e-20, 3e-20, 2e-20, 2e-20, -1
0.336671, 0.201908, 0.470228, 0.05, 0.00743114, -0.109853, 0.230429, 0.255383, 1004.52, 7237.2, 10, 2e-20, 3e-20, 2e-20, 2e-20, -1
0.338459, 0.30502, 0.513745, 0.05, 0.0899519, -0.0352183, -0.0860747, 0.129385, 1003.65, 5843.28, 10, 2e-20, 3e-20, 2e-20, 2e-20, -1
0.318365, 0.259812, 0.547593, 0.05, 0.0192874, -0.0995981, 0.00208644, 0.10147, 1006.43, 10280.2, 10, 2e-20, 3e-20, 2e-20, 2e-20, -1
0.342817, 0.224521, 0.576923, 0.05, -0.148142, -0.0235575, -0.0191421, 0.15122, 1005.62, 8986.35, 10, 2e-20, 3e-20, 2e-20, 2e-20, -1
0.365921, 0.16877, 0.592772, 0.05, 0.00764588, -0.000491656, -0.013316, 0.0153629, 1001.95, 3114.46, 10, 2e-20, 3e-20, 2e-20, 2e-20, -1
0.370618, 0.237546, 0.663493, 0.05, 0.0294064, -0.0726387, -0.0445891, 0.0901627, 1001.2, 1919.62, 10, 2e-20, 3e-20, 2e-20, 2e-20, -1
0.406592, 0.148094, 0.65055, 0.05, -0.0829108, 0.0301948, -0.0848321, 0.122403, 1001.2, 1916.77, 10, 2e-20, 3e-20, 2e-20, 2e-20, -1
0.451124, 0.280768, 0.652049, 0.05, 0.0210712, -0.107743, 0.0293238, 0.113633, 1002.49, 3978.86, 10, 2e-20, 3e-20, 2e-20, 2e-20, -1
0.419368, 0.205528, 0.659648, 0.05, -0.0343543, 0.052553, 0.045672, 0.07764, 1008.28, 13247.7, 10, 2e-20, 3e-20, 2e-20, 2e-20, -1
0.344948, 0.31446, 0.675907, 0.05, -0.0443714, -0.0858562, -0.127811, 0.160237, 1002.29, 3668.33, 10, 2e-20, 3e-20, 2e-20, 2e-20, -1
0.387433, 0.272986, 0.690097, 0.05, 0.068663, 0.0367231, 0.0133539, 0.0790033, 1003.12, 4994.64, 10, 2e-20, 3e-20, 2e-20, 2e-20, -1
0.354005, 0.25098, 0.721315, 0.05, 0.0402083, -0.0927988, -0.0887765, 0.134572, 1002.26, 3623.28, 10, 2e-20, 3e-20, 2e-20, 2e-20, -1
0.348329, 0.221847, 0.761292, 0.05, -0.0145391, -0.0405138, -0.0669226, 0.07957, 1004.96, 7929.91, 10, 2e-20, 3e-20, 2e-20, 2e-20, -1
0.329107, 0.287055, 0.73, 0.05, -0.0588699, -0.013007, -0.0969752, 0.114189, 1001.18, 1884.37, 10, 2e-20, 3e-20, 2e-20, 2e-20, -1
0.339172, 0.22886, 0.811993, 0.05, 0.00248191, -0.0512886, -0.0630655, 0.0813261, 1003.38, 5403.87, 10, 2e-20, 3e-20, 2e-20, 2e-20, -1
0.358419, 0.211385, 0.878489, 0.05, 0.0690199, -0.0435339, 0.0216381, 0.0844225, 1001.55, 2479.27, 10, 2e-20, 3e-20, 2e-20, 2e-20, -1
0.397938, 0.171143, 0.89656, 0.05, -0.0299533, -0.0127181, -0.0567722, 0.0654373, 1002.4, 3845.01, 10, 2e-20, 3e-20, 2e-20, 2e-20, -1
0.324271, 0.180469, 0.897174, 0.05, 0.00415436, -0.0446517, 0.0692152, 0.0824729, 1005.78, 9252.62, 10, 2e-20, 3e-20, 2e-20, 2e-20, -1
0.303877, 0.166589, 0.948553, 0.05, -0.0606146, 0.0147162, -0.0604036, 0.0868291, 1002.74, 4386.9, 10, 2e-20, 3e-20, 2e-20, 2e-20, -1
0.300756, 0.119154, 1.02362, 0.05, -0.0464224, -0.0901611, 0.0632562, 0.119522, 1002.78, 4440.23, 10, 2e-20, 3e-20, 2e-20, 2e-20, -1
0.238015, 0.104681, 1.09789, 0.05, 0.0227119, -0.0503924, 0.0798844, 0.0971429, 1000.46, 733.079, 10, 2e-20, 3e-20, 2e-20, 2e-20, -1
0.289449, 0.0695489, 1.03049, 0.05, -0.00335485, -0.0270271, 0.0700021, 0.0751134, 997.597, -3845.06, 10, 2e-20, 3e-20, 2e-20, 2e-20, -1
0.157793, 0.115789, 1.15679, 0.05, -0.103025, -0.0746423, -0.0208097, 0.128914, 997.96, -3264.77, 10, 2e-20, 3e-20, 2e-20, 2e-20, -1
0.135358, 0.106706, 1.20434, 0.05, 0.0230999, 0.00427051, -0.0722206, 0.0759451, 1000.57, 905.765, 10, 2e-20, 3e-20, 2e-20, 2e-20, -1
0.0319493, 0.102053, 1.30373, 0.05, -0.23606, -0.0160159, 0.00878751, 0.236765, 1003.61, 5773.27, 10, 2e-20, 3e-20, 2e-20, 2e-20, -1
-0.000277781, 0.186027, 1.37867, 0.05, -0.0868661, -0.119966, 0.013951, 0.148769, 998.43, -2512.78, 10, 2e-20, 3e-20, 2e-20, 2e-20, -1
0.0216213, 0.22367, 1.3613, 0.05, -0.0262541, -0.187086, -0.0864829, 0.207773, 998.016, -3174.81, 10, 2e-20, 3e-20, 2e-20, 2e-20, -1
0.287952, 0.373664, 0.051815, 0.05, 0.00839184, 0.015615, 0.0122492, 0.0215475, 1008.05, 12886.9, 10, 2e-20, 3e-20, 2e-20, 2e-20, -1
0.28326, 0.432023, 0.0502255, 0.05, -0.0080344, 0.0197439, 0.00446046, 0.0217778, 1013.51, 21620.3, 10, 2e-20, 3e-20, 2e-20, 2e-20, -1
0.306993, 0.392343, 0.0980481, 0.05, -0.0461556, 0.032906, -0.113683, 0.127031, 1009.56, 15292.1, 10, 2e-20, 3e-20, 2e-20, 2e-20, -1
0.295157, 0.344928, 0.126598, 0.05, -0.172529, -0.0566702, -0.0747142, 0.196367, 1016.01, 25622.2, 10, 2e-20, 3e-20, 2e-20, 2e-20, -1
0.319036, 0.270019, 0.101156, 0.05, -0.0240514, -0.0590543, 0.0274182, 0.0694092, 1009.23, 14763.4, 10, 2e-20, 3e-20, 2e-20, 2e-20, -1
0.257994, 0.327119, 0.0955298, 0.05, 0.0837896, 0.14472, 0.0915952, 0.190668, 1007.33, 11720.2, 10, 2e-20, 3e-20, 2e-20, 2e-20, -1
0.292844, 0.339153, 0.178124, 0.05, -0.0455076, 0.115209, 0.0215242, 0.125727, 1010.4, 16647.6, 10, 2e-20, 3e-20, 2e-20, 2e-20, -1
0.342531, 0.263093, 0.205684, 0.05, 0.0308329, 0.0383834, 0.0393015, 0.0629965, 1004.5, 7195.66, 10, 2e-20, 3e-20, 2e-20, 2e-20, -1
0.30936, 0.209388, 0.197649, 0.05, 0.013872, -0.103428, 0.109655, 0.151373, 1009.49, 15183.5, 10, 2e-20, 3e-20, 2e-20, 2e-20, -1
0.350591, 0.242241, 0.241893, 0.05, -0.141137, 0.0372727, -0.101919, 0.178035, 1009.71, 15542.3, 10, 2e-20, 3e-20, 2e-20, 2e-20, -1
0.367521, 0.295136, 0.285871, 0.05, -0.135256, 0.0112253, -0.124923, 0.184461, 1008.14, 13020.4, 10, 2e-20, 3e-20, 2e-20, 2e-20, -1
0.343886, 0.210958, 0.278092, 0.05, -0.0658342, 0.0194338, -0.000357507, 0.0686436, 1000.97, 1544.76, 10, 2e-20, 3e-20, 2e-20, 2e-20, -1
0.329347, 0.273901, 0.308797, 0.05, 0.00366635, 0.0445221, -0.097652, 0.107385, 1002.53, 4048.54, 10, 2e-20, 3e-20, 2e-20, 2e-20, -1
0.303238, 0.227009, 0.30169, 0.05, -0.0159294, -0.00532527, -0.0620966, 0.064328, 1005.31, 8489.2, 10, 2e-20, 3e-20, 2e-20, 2e-20, -1
0.317791, 0.299592, 0.348391, 0.05, -0.030315, 0.0553496, -0.0790658, 0.101163, 1005.95, 9521.92, 10, 2e-20, 3e-20, 2e-20, 2e-20, -1
0.299615, 0.190243, 0.326607, 0.05, -0.0298587, -0.00726249, -0.052587, 0.0609072, 1004.2, 6712.65, 10, 2e-20, 3e-20, 2e-20, 2e-20, -1
0.262326, 0.225969, 0.329766, 0.05, -0.154566, -0.0909161, -0.0757247, 0.194655, 1010.87, 17387.3, 10, 2e-20, 3e-20, 2e-20, 2e-20, -1
0.258334, 0.28543, 0.409063, 0.05, -0.0133427, -0.0723743, -0.0841437, 0.111787, 1004.92, 7865.08, 10, 2e-20, 3e-20, 2e-20, 2e-20, -1
0.261515, 0.312032, 0.463269, 0.05, -0.015012, 0.0208006, 0.150278, 0.152452, 1004.79, 7670.94, 10, 2e-20, 3e-20, 2e-20, 2e-20, -1
0.276877, 0.337871, 0.417537, 0.05, 0.0606967, -0.0086689, -0.201264, 0.210396, 1004.47, 7159.36, 10, 2e-20, 3e-20, 2e-20, 2e-20, -1
0.305892, 0.294041, 0.430957, 0.05, 0.0209007, 0.0273957, 0.0264042, 0.0434114, 1005.04, 8069.36, 10, 2e-20, 3e-20, 2e-20, 2e-20, -1
0.279146, 0.360596, 0.466531, 0.05, -0.134198, 0.00812545, 0.043251, 0.141229, 1006.64, 10617.9, 10, 2e-20, 3e-20, 2e-20, 2e-20, -1
0.308857, 0.35077, 0.525258, 0.05, -0.147242, -0.095422, 0.0652665, 0.187204, 1003.63, 5813.49, 10, 2e-20, 3e-20, 2e-20, 2e-20, -1
0.378448, 0.281083, 0.485263, 0.05, -0.115385, -0.110568, -0.0584652, 0.170167, 1007.45, 11925.8, 10, 2e-20, 3e-20, 2e-20, 2e-20, -1
0.330514, 0.272188, 0.469199, 0.05, 0.0621319, 0.0788421, -0.0773393, 0.126719, 1009.37, 14993.4, 10, 2e-20, 3e-20, 2e-20, 2e-20, -1
0.36847, 0.271052, 0.534026, 0.05, -0.0322028, 0.0113146, -0.0907383, 0.0969458, 1005.1, 8158.85, 10, 2e-20, 3e-20, 2e-20, 2e-20, -1
0.391679, 0.230687, 0.542764, 0.05, -0.0253215, -0.025541, -0.215274, 0.218258, 1006.73, 10770.6, 10, 2e-20, 3e-20, 2e-20, 2e-20, -1
0.36657, 0.261159, 0.612781, 0.05, -0.127166, 0.0332337, -0.0751924, 0.151425, 1005.13, 8210.62, 10, 2e-20, 3e-20, 2e-20, 2e-20, -1
0.406465, 0.181913, 0.6174, 0.05, -0.135923, -0.0432917, -0.0943734, 0.171043, 1006.86, 10969.7, 10, 2e-20, 3e-20, 2e-20, 2e-20, -1
0.364202, 0.327023, 0.617054, 0.05, -0.0100477, -0.0641992, -0.0282866, 0.0708705, 1003.46, 5542.73, 10, 2e-20, 3e-20, 2e-20, 2e-20, -1
0.405616, 0.265185, 0.643883, 0.05, 0.00772563, -0.0858152, -0.0595681, 0.104749, 1000.84, 1348.28, 10, 2e-20, 3e-20, 2e-20, 2e-20, -1
0.298003, 0.421473, 0.774989, 0.05, -0.00135489, 0.0375564, 0.0395219, 0.0545372, 998.856, -1830.27, 10, 2e-20, 3e-20, 2e-20, 2e-20, -1
0.357029, 0.359162, 0.689583, 0.05, -0.0128364, -0.0624385, 0.0232402, 0.0678487, 1006.38, 10209.7, 10, 2e-20, 3e-20, 2e-20, 2e-20, -1
0.355797, 0.328651, 0.729069, 0.05, 0.0617705, -0.0571986, -0.0918827, 0.124618, 1008.2, 13113.8, 10, 2e-20, 3e-20, 2e-20, 2e-20, -1
0.386356, 0.289928, 0.738972, 0.05, -0.0453911, 0.0231544, -0.0800543, 0.0948956, 1005.56, 8897.39, 10, 2e-20, 3e-20, 2e-20, 2e-20, -1
0.317093, 0.329851, 0.765534, 0.05, 0.0276139, -0.0181334, -0.0466165, 0.0571354, 997.282, -4349.56, 10, 2e-20, 3e-20, 2e-20, 2e-20, -1
0.339181, 0.281273, 0.783527, 0.05, -0.0285182, -0.00243488, -0.0720595, 0.0775357, 1001.03, 1650.64, 10, 2e-20, 3e-20, 2e-20, 2e-20, -1
0.353111, 0.262542, 0.841158, 0.05, 0.00707428, -0.0739863, -0.0504395, 0.0898229, 1006.7, 10724.6, 10, 2e-20, 3e-20, 2e-20, 2e-20, -1
0.28881, 0.319619, 0.862319, 0.05, -0.191366, 0.0244187, -0.0382126, 0.196666, 1001.32, 2116.26, 10, 2e-20, 3e-20, 2e-20, 2e-20, -1
0.244086, 0.240942, 0.842961, 0.05, 0.0871664, 0.00669533, -0.0459372, 0.0987575, 1000.78, 1251.54, 10, 2e-20, 3e-20, 2e-20, 2e-20, -1
0.252481, 0.241885, 0.881735, 0.05, -0.072534, -0.0698879, -0.189425, 0.21454, 1002.78, 4453.99, 10, 2e-20, 3e-20, 2e-20, 2e-20, -1
0.290844, 0.26848, 0.850372, 0.05, -0.126608, 0.000982213, -0.086345, 0.153252, 1002.04, 3260.81, 10, 2e-20, 3e-20, 2e-20, 2e-20, -1
0.289462, 0.203084, 0.904949, 0.05, 0.077082, -0.163102, 0.0395034, 0.184674, 997.172, -4524.82, 10, 2e-20, 3e-20, 2e-20, 2e-20, -1
0.264241, 0.14498, 1.04744, 0.05, -0.0534434, -0.0726626, 0.130557, 0.158686, 1001.46, 2342.59, 10, 2e-20, 3e-20, 2e-20, 2e-20, -1
0.212818, 0.195423, 1.07645, 0.05, -0.00925792, -0.0174708, -0.105904, 0.107734, 1000.07, 106.426, 10, 2e-20, 3e-20, 2e-20, 2e-20, -1
0.222042, 0.163387, 1.05243, 0.05, -0.0154777, 0.0189144, 0.0940154, 0.0971401, 998.357, -2629.07, 10, 2e-20, 3e-20, 2e-20, 2e-20, -1
0.199333, 0.140357, 1.10499, 0.05, -0.0223912, -0.0246674, 0.0706415, 0.078103, 1001.05, 1685.04, 10, 2e-20, 3e-20, 2e-20, 2e-20, -1
0.143071, 0.167356, 1.15018, 0.05, -0.0342534, -0.0721552, -0.0947582, 0.123931, 1001.49, 2387.83, 10, 2e-20, 3e-20, 2e-20, 2e-20, -1
0.081749, 0.152067, 1.23917, 0.05, -0.0741939, -0.211827, -0.0300013, 0.226441, 1006.07, 9715.48, 10, 2e-20, 3e-20, 2e-20, 2e-20, -1
0.0527712, 0.202515, 1.3341, 0.05, -0.0212634, -0.143353, -0.121015, 0.188803, 1001.02, 1635.71, 10, 2e-20, 3e-20, 2e-20, 2e-20, -1
0.0599131, 0.272411, 1.40396, 0.05, 0.0871036, -0.029049, 0.0273759, 0.095814, 995.474, -7241.64, 10, 2e-20, 3e-20, 2e-20, 2e-20, -1
0.276444, 0.492534, 0.0504236, 0.05, -0.126898, -0.0752065, 0.0586774, 0.158752, 1012.11, 19380.2, 10, 2e-20, 3e-20, 2e-20, 2e-20, -1
0.337954, 0.444129, 0.1849, 0.05, -0.0989129, -0.0276369, -0.174083, 0.20212, 1005.84, 9339.08, 10, 2e-20, 3e-20, 2e-20, 2e-20, -1
0.326363, 0.424643, 0.139175, 0.05, 0.0714149, 0.17862, -0.00224494, 0.19238, 1003.07, 4913.05, 10, 2e-20, 3e-20, 2e-20, 2e-20, -1
0.37047, 0.368841, 0.0766412, 0.05, -0.105451, -0.0393993, 0.165348, 0.200031, 1005.05, 8082.56, 10, 2e-20, 3e-20, 2e-20, 2e-20, -1
0.341457, 0.362688, 0.114807, 0.05, 0.098073, 0.0114998, 0.0301624, 0.103249, 1008.8, 14084.7, 10, 2e-20, 3e-20, 2e-20, 2e-20, -1
0.348706, 0.340958, 0.167967, 0.05, 0.16727, 0.0759002, 0.0152354, 0.184316, 1006.74, 10777, 10, 2e-20, 3e-20, 2e-20, 2e-20, -1
0.335875, 0.312328, 0.202516, 0.05, 0.0911722, -0.0554038, 0.0352251, 0.112351, 1006.31, 10092.1, 10, 2e-20, 3e-20, 2e-20, 2e-20, -1
0.334435, 0.304957, 0.2522, 0.05, 0.0686692, -0.131088, -0.0800198, 0.168234, 1008.68, 13886.3, 10, 2e-20, 3e-20, 2e-20, 2e-20, -1
0.330884, 0.409131, 0.296538, 0.05, -0.0564742, -0.133723, -0.0260575, 0.14748, 1002.82, 4515.31, 10, 2e-20, 3e-20, 2e-20, 2e-20, -1
0.309826, 0.344843, 0.242491, 0.05, 0.0589177, 0.0608113, -0.0665154, 0.107674, 1004.11, 6573.56, 10, 2e-20, 3e-20, 2e-20, 2e-20, -1
0.300186, 0.373651, 0.2935, 0.05, -0.0465915, -0.0579197, -0.0710993, 0.102862, 1007.59, 12146.9, 10, 2e-20, 3e-20, 2e-20, 2e-20, -1
0.318023, 0.322839, 0.295395, 0.05, -0.0851096, -0.0554458, -0.0330083, 0.106806, 1009.68, 15492.5, 10, 2e-20, 3e-20, 2e-20, 2e-20, -1
0.353643, 0.343454, 0.325779, 0.05, -0.076187, -0.0313172, -0.0894057, 0.121567, 1006.87, 10991.4, 10, 2e-20, 3e-20, 2e-20, 2e-20, -1
0.300194, 0.346182, 0.339299, 0.05, -0.0675538, -0.15328, -0.143925, 0.220845, 1007.17, 11472, 10, 2e-20, 3e-20, 2e-20, 2e-20, -1
0.241496, 0.491617, 0.539583, 0.05, -0.0892601, -0.0408914, 0.107428, 0.145534, 1005.46, 8740.07, 10, 2e-20, 3e-20, 2e-20, 2e-20, -1
0.277273, 0.323737, 0.375583, 0.05, -0.00326117, 0.0282292, -0.0854542, 0.0900552, 1003.56, 5697.34, 10, 2e-20, 3e-20, 2e-20, 2e-20, -1
0.268744, 0.279617, 0.353653, 0.05, -0.0970552, 0.0408174, 0.0334643, 0.110479, 1013.2, 21126.1, 10, 2e-20, 3e-20, 2e-20, 2e-20, -1
0.311109, 0.385483, 0.433392, 0.05, 0.0109567, -0.0305215, -0.0453137, 0.055722, 1008.85, 14163, 10, 2e-20, 3e-20, 2e-20, 2e-20, -1
0.266853, 0.392356, 0.411319, 0.05, -0.0374785, 0.0500179, -0.101796, 0.119452, 1003.28, 5244.16, 10, 2e-20, 3e-20, 2e-20, 2e-20, -1
0.255974, 0.430532, 0.64065, 0.05, 0.0280498, -0.121464, -0.00928864, 0.125006, 1003.63, 5810.35, 10, 2e-20, 3e-20, 2e-20, 2e-20, -1
0.326024, 0.426025, 0.524326, 0.05, -0.0187802, 0.0998773, 0.0643884, 0.120308, 1010.26, 16410.3, 10, 2e-20, 3e-20, 2e-20, 2e-20, -1
0.309115, 0.406355, 0.598194, 0.05, 0.0499243, 0.0063874, -0.0130912, 0.0520059, 1005.07, 8113.02, 10, 2e-20, 3e-20, 2e-20, 2e-20, -1
0.267231, 0.365882, 0.614154, 0.05, -0.0216934, 0.0864589, -0.126244, 0.154542, 1004.78, 7643.42, 10, 2e-20, 3e-20, 2e-20, 2e-20, -1
0.355796, 0.33662, 0.553432, 0.05, -0.00211509, -0.164607, 0.0103888, 0.164948, 1000.71, 1133.61, 10, 2e-20, 3e-20, 2e-20, 2e-20, -1
0.268738, 0.322339, 0.557597, 0.05, -0.185624, 0.0628841, -0.0232718, 0.197363, 1004.61, 7380.35, 10, 2e-20, 3e-20, 2e-20, 2e-20, -1
0.308726, 0.350988, 0.57321, 0.05, -0.0818295, 0.0666069, 0.0608016, 0.121776, 1001.27, 2037.5, 10, 2e-20, 3e-20, 2e-20, 2e-20, -1
0.294951, 0.302196, 0.58146, 0.05, -0.0901172, -0.0303101, -0.0321931, 0.10038, 1004.89, 7817.11, 10, 2e-20, 3e-20, 2e-20, 2e-20, -1
0.346485, 0.381084, 0.648087, 0.05, -0.016165, -0.0141113, -0.099731, 0.102013, 999.56, -703.427, 10, 2e-20, 3e-20, 2e-20, 2e-20, -1
0.286544, 0.306631, 0.63103, 0.05, 0.0133017, -0.0925442, -0.0497517, 0.105908, 1001.47, 2348.11, 10, 2e-20, 3e-20, 2e-20, 2e-20, -1
0.337925, 0.428972, 0.787494, 0.05, -0.0157191, -0.0360405, -0.00746421, 0.0400215, 1002.01, 3212.69, 10, 2e-20, 3e-20, 2e-20, 2e-20, -1
0.294099, 0.377314, 0.698291, 0.05, -0.052497, 0.0497066, -0.140668, 0.158159, 1002.73, 4374.67, 10, 2e-20, 3e-20, 2e-20, 2e-20, -1
0.354408, 0.370131, 0.769901, 0.05, 0.0341063, -0.0246361, 0.0102246, 0.043298, 1007.32, 11714.1, 10, 2e-20, 3e-20, 2e-20, 2e-20, -1
0.326341, 0.384148, 0.735182, 0.05, -0.0133943, 0.0552478, -0.109898, 0.123731, 1006.01, 9620.62, 10, 2e-20, 3e-20, 2e-20, 2e-20, -1
0.362113, 0.391075, 0.857044, 0.05, -0.00861594, -0.0331442, -0.12827, 0.132763, 1001.95, 3117.99, 10, 2e-20, 3e-20, 2e-20, 2e-20, -1
0.384596, 0.317303, 0.77798, 0.05, -0.0371614, -0.0263382, -0.0676872, 0.0815857, 1008.45, 13512.4, 10, 2e-20, 3e-20, 2e-20, 2e-20, -1
0.345031, 0.329975, 0.809805, 0.05, 0.0100221, -0.0273836, -0.0755002, 0.0809357, 1003.87, 6188.39, 10, 2e-20, 3e-20, 2e-20, 2e-20, -1
0.368569, 0.346138, 0.854119, 0.05, 0.00737267, -0.033352, -0.0219754, 0.0406156, 1003.19, 5103.34, 10, 2e-20, 3e-20, 2e-20, 2e-20, -1
0.312239, 0.333793, 0.930587, 0.05, -0.0312769, -0.0547728, -0.159924, 0.171913, 1003.71, 5942.16, 10, 2e-20, 3e-20, 2e-20, 2e-20, -1
0.312987, 0.352708, 0.844017, 0.05, 0.00701688, 0.0330318, -0.154593, 0.158238, 1002, 3193.05, 10, 2e-20, 3e-20, 2e-20, 2e-20, -1
0.311797, 0.292941, 0.900739, 0.05, 0.065767, 0.000905136, -0.0240824, 0.0700434, 1004.23, 6761.27, 10, 2e-20, 3e-20, 2e-20, 2e-20, -1
0.244054, 0.293584, 0.912627, 0.05, -0.0435382, 0.15368, -0.127575, 0.204422, 1002.57, 4106.52, 10, 2e-20, 3e-20, 2e-20, 2e-20, -1
0.239829, 0.204571, 0.976375, 0.05, -0.0574306, 0.0164212, -0.0952578, 0.112437, 1004.74, 7581.38, 10, 2e-20, 3e-20, 2e-20, 2e-20, -1
0.289596, 0.199538, 0.979097, 0.05, 0.030851, -0.0315851, -0.145148, 0.151715, 1000.49, 781.78, 10, 2e-20, 3e-20, 2e-20, 2e-20, -1
0.247059, 0.328879, 0.955034, 0.05, 0.016886, -0.0804467, -0.145052, 0.166724, 1001.13, 1801.07, 10, 2e-20, 3e-20, 2e-20, 2e-20, -1
0.187398, 0.226152, 1.04551, 0.05, -0.0335581, -0.130521, -0.0407713, 0.140798, 1000.43, 687.642, 10, 2e-20, 3e-20, 2e-20, 2e-20, -1
0.175133, 0.234825, 1.09856, 0.05, -0.0658233, -0.0389808, -0.115101, 0.138204, 1001.09, 1751.33, 10, 2e-20, 3e-20, 2e-20, 2e-20, -1
0.164918, 0.222431, 1.16772, 0.05, 0.0341938, -0.0716171, 0.060089, 0.0995435, 1005.17, 8278.2, 10, 2e-20, 3e-20, 2e-20, 2e-20, -1
0.110321, 0.215232, 1.22537, 0.05, 0.179493, -0.0701592, -0.120281, 0.227173, 1000.58, 921.061, 10, 2e-20, 3e-20, 2e-20, 2e-20, -1
0.0900724, 0.217353, 1.29073, 0.05, -0.100192, 0.0479818, 0.173648, 0.206141, 998.48, -2432.36, 10, 2e-20, 3e-20, 2e-20, 2e-20, -1
0.0653412, 0.254047, 1.27459, 0.05, -0.122417, -0.14351, -0.071696, 0.201795, 999.785, -344.347, 10, 2e-20, 3e-20, 2e-20, 2e-20, -1
0.147946, 0.371974, 1.47043, 0.05, -0.0791326, 0.0771327, 0.0874536, 0.140924, 997.929, -3313.01, 10, 2e-20, 3e-20, 2e-20, 2e-20, -1
0.31455, 0.498967, 0.0681629, 0.05, -0.0217321, -0.00638992, 0.190785, 0.192125, 1006.83, 10928.3, 10, 2e-20, 3e-20, 2e-20, 2e-20, -1
0.304892, 0.500454, 0.226245, 0.05, -0.132307, -0.0252135, 0.0736902, 0.153529, 1005.67, 9068.62, 10, 2e-20, 3e-20, 2e-20, 2e-20, -1
0.348072, 0.499161, 0.283255, 0.05, -0.12517, 0.00974994, 0.00635444, 0.12571, 1015.82, 25314.5, 10, 2e-20, 3e-20, 2e-20, 2e-20, -1
0.342051, 0.432069, 0.235232, 0.05, -0.0883275, -0.0323921, 0.106764, 0.142301, 1004.56, 7294.12, 10, 2e-20, 3e-20, 2e-20, 2e-20, -1
0.347515, 0.441839, 0.269663, 0.05, -0.0641873, -0.077022, -0.109608, 0.148547, 1005.26, 8422.03, 10, 2e-20, 3e-20, 2e-20, 2e-20, -1
0.289156, 0.439753, 0.172338, 0.05, -0.0497096, -0.0151486, 0.0688764, 0.0862814, 1005.41, 8663.97, 10, 2e-20, 3e-20, 2e-20, 2e-20, -1
0.32043, 0.388776, 0.15814, 0.05, 0.0243933, 0.0187384, 0.175612, 0.178285, 1001.14, 1817.42, 10, 2e-20, 3e-20, 2e-20, 2e-20, -1
0.323948, 0.380769, 0.205124, 0.05, -0.148838, 0.0731793, -0.0415158, 0.170972, 1010.38, 16604.9, 10, 2e-20, 3e-20, 2e-20, 2e-20, -1
0.340592, 0.46284, 0.321223, 0.05, -0.118717, 0.0521074, -0.0818413, 0.15332, 1006.79, 10870.3, 10, 2e-20, 3e-20, 2e-20, 2e-20, -1
0.297318, 0.438854, 0.427323, 0.05, -0.0470044, -0.132593, -0.0961894, 0.170419, 1004.54, 7260.95, 10, 2e-20, 3e-20, 2e-20, 2e-20, -1
0.314337, 0.404989, 0.340867, 0.05, 0.0141953, 0.0544449, -0.0902878, 0.106384, 1003.83, 6130.52, 10, 2e-20, 3e-20, 2e-20, 2e-20, -1
0.326139, 0.416409, 0.39393, 0.05, -0.106652, -0.0162233, -0.0442443, 0.116599, 1005.15, 8243.44, 10, 2e-20, 3e-20, 2e-20, 2e-20, -1
0.29005, 0.377852, 0.377596, 0.05, -0.0727906, -0.0363575, -0.0903887, 0.121616, 1009.02, 14433.8, 10, 2e-20, 3e-20, 2e-20, 2e-20, -1
0.303723, 0.497552, 0.521, 0.05, 0.0480191, -0.0809729, 0.214923, 0.234636, 1003.49, 5578.68, 10, 2e-20, 3e-20, 2e-20, 2e-20, -1
0.398042, 0.5003, 0.583513, 0.05, 0.209001, 0.048071, 0.120283, 0.245887, 1009.15, 14632.6, 10, 2e-20, 3e-20, 2e-20, 2e-20, -1
0.261706, 0.446168, 0.592247, 0.05, 0.0570026, -0.11767, -0.0335684, 0.13499, 1002.47, 3952.57, 10, 2e-20, 3e-20, 2e-20, 2e-20, -1
0.293402, 0.44801, 0.49973, 0.05, -0.072959, -0.126124, 0.0418528, 0.151598, 1005.64, 9017.75, 10, 2e-20, 3e-20, 2e-20, 2e-20, -1
0.3137, 0.459683, 0.58231, 0.05, 0.0363543, -0.0600761, 0.00428744, 0.0703503, 1002.43, 3892.81, 10, 2e-20, 3e-20, 2e-20, 2e-20, -1
0.339661, 0.447542, 0.627126, 0.05, -0.145606, -0.0857698, -0.147584, 0.224363, 1007.49, 11983.1, 10, 2e-20, 3e-20, 2e-20, 2e-20, -1
0.291963, 0.417324, 0.559672, 0.05, 0.0904344, -0.118261, 0.0505739, 0.157231, 1001.46, 2340.29, 10, 2e-20, 3e-20, 2e-20, 2e-20, -1
0.367247, 0.442346, 0.657287, 0.05, 0.133427, 0.0356021, 0.0467579, 0.145796, 1001.68, 2687.45, 10, 2e-20, 3e-20, 2e-20, 2e-20, -1
0.304581, 0.43192, 0.70351, 0.05, -0.113999, -0.0782328, 0.00530242, 0.138363, 1001.8, 2884.63, 10, 2e-20, 3e-20, 2e-20, 2e-20, -1
0.388253, 0.397775, 0.67682, 0.05, 0.0725374, -0.0849421, -0.003617, 0.111758, 1001.15, 1844.83, 10, 2e-20, 3e-20, 2e-20, 2e-20, -1
0.390591, 0.397392, 0.626454, 0.05, 0.0969021, -0.0426615, 0.0171713, 0.107261, 999.968, -50.6523, 10, 2e-20, 3e-20, 2e-20, 2e-20, -1
0.302119, 0.394435, 0.644038, 0.05, -0.0242868, -0.0268039, -0.0293767, 0.0465971, 998.451, -2477.84, 10, 2e-20, 3e-20, 2e-20, 2e-20, -1
0.316162, 0.339398, 0.61645, 0.05, 0.024337, 0.0041003, -0.00409314, 0.0250171, 1003.11, 4972.66, 10, 2e-20, 3e-20, 2e-20, 2e-20, -1
0.343107, 0.408249, 0.698757, 0.05, -0.102963, 0.0343951, 0.0178763, 0.110018, 1004.86, 7774.64, 10, 2e-20, 3e-20, 2e-20, 2e-20, -1
0.335874, 0.444746, 0.961321, 0.05, 0.0592816, -0.00833255, -0.0482537, 0.0768905, 1002.94, 4698.94, 10, 2e-20, 3e-20, 2e-20, 2e-20, -1
0.400829, 0.355155, 0.639258, 0.05, -0.0175693, 0.0108336, -0.0660356, 0.0691863, 1002.65, 4234.43, 10, 2e-20, 3e-20, 2e-20, 2e-20, -1
0.335119, 0.388742, 0.812114, 0.05, -0.0173225, -0.056809, -0.107436, 0.122759, 1009.46, 15139.9, 10, 2e-20, 3e-20, 2e-20, 2e-20, -1
0.366654, 0.405858, 0.938045, 0.05, 0.0113936, 0.0223385, -0.0687464, 0.0731771, 1004.73, 7573.22, 10, 2e-20, 3e-20, 2e-20, 2e-20, -1
0.349172, 0.402206, 0.985225, 0.05, -0.0200354, -0.0814772, -0.0372126, 0.0917863, 1000.49, 776.794, 10, 2e-20, 3e-20, 2e-20, 2e-20, -1
0.277761, 0.437337, 1.13668, 0.05, -0.0813432, -0.190137, -0.204132, 0.290584, 997.693, -3691.41, 10, 2e-20, 3e-20, 2e-20, 2e-20, -1
0.235972, 0.448319, 1.13155, 0.05, -0.13446, -0.187389, -0.0751815, 0.242583, 1001.24, 1978.02, 10, 2e-20, 3e-20, 2e-20, 2e-20, -1
0.311942, 0.43271, 1.00334, 0.05, 0.0461052, -0.143967, -0.0434137, 0.15728, 999.021, -1565.71, 10, 2e-20, 3e-20, 2e-20, 2e-20, -1
0.289406, 0.379383, 0.93127, 0.05, -0.0466634, -0.187506, -0.171257, 0.258196, 1001.51, 2414.54, 10, 2e-20, 3e-20, 2e-20, 2e-20, -1
0.237315, 0.418184, 1.04401, 0.05, -0.0761459, -0.0907026, -0.139083, 0.182673, 1000.6, 965.529, 10, 2e-20, 3e-20, 2e-20, 2e-20, -1
0.249905, 0.290886, 1.08034, 0.05, -0.0706719, -0.0133085, -0.125273, 0.144447, 998.933, -1707.58, 10, 2e-20, 3e-20, 2e-20, 2e-20, -1
0.244009, 0.299611, 1.04652, 0.05, -0.0977325, 0.0297657, -0.0582658, 0.117612, 1000.67, 1068.33, 10, 2e-20, 3e-20, 2e-20, 2e-20, -1
0.205311, 0.399306, 1.14643, 0.05, -0.122739, 0.0800029, 0.0661265, 0.160742, 1005.69, 9096.63, 10, 2e-20, 3e-20, 2e-20, 2e-20, -1
0.212388, 0.303233, 0.987907, 0.05, -0.0160274, -0.0916254, -0.149832, 0.176357, 1002.82, 4517.23, 10, 2e-20, 3e-20, 2e-20, 2e-20, -1
0.26773, 0.246153, 0.954116, 0.05, 0.0938288, -0.0359128, 0.0179367, 0.102055, 1002.37, 3796.06, 10, 2e-20, 3e-20, 2e-20, 2e-20, -1
0.204462, 0.352499, 0.975443, 0.05, 0.013027, -0.0882771, -0.256233, 0.271326, 1001.32, 2118.31, 10, 2e-20, 3e-20, 2e-20, 2e-20, -1
0.207332, 0.266183, 1.0651, 0.05, -0.0328214, 0.0156427, -0.206309, 0.209488, 1000.27, 436.939, 10, 2e-20, 3e-20, 2e-20, 2e-20, -1
0.189708, 0.297751, 1.03558, 0.05, -0.0899451, 0.054263, -0.0836963, 0.134312, 1000.98, 1564.46, 10, 2e-20, 3e-20, 2e-20, 2e-20, -1
0.191986, 0.302916, 1.20425, 0.05, -0.116755, -0.0630058, -0.145405, 0.196835, 1000.86, 1368.21, 10, 2e-20, 3e-20, 2e-20, 2e-20, -1
0.220382, 0.314753, 1.12755, 0.05, -0.0758994, -0.0903585, -0.0856899, 0.145836, 1001.38, 2202, 10, 2e-20, 3e-20, 2e-20, 2e-20, -1
0.198828, 0.287128, 1.14763, 0.05, 0.0664188, 0.00754696, -0.142311, 0.157229, 998.768, -1971.28, 10, 2e-20, 3e-20, 2e-20, 2e-20, -1
0.298153, 0.325772, 1.24535, 0.05, -0.296311, -0.0576519, -0.00223135, 0.301876, 1000.64, 1016.99, 10, 2e-20, 3e-20, 2e-20, 2e-20, -1
0.0998472, 0.270492, 1.26052, 0.05, -0.068455, -0.111794, -0.187641, 0.228896, 1000.63, 1006.48, 10, 2e-20, 3e-20, 2e-20, 2e-20, -1
0.208971, 0.354161, 1.41068, 0.05, -0.14545, 0.0189212, -0.118387, 0.188492, 1002.41, 3850.16, 10, 2e-20, 3e-20, 2e-20, 2e-20, -1
0.33375, 0.454954, 0.0530095, 0.05, 0.0905372, 0.00521139, -0.0714406, 0.115447, 1010.87, 17399.6, 10, 2e-20, 3e-20, 2e-20, 2e-20, -1
0.323391, 0.497243, 0.124851, 0.05, -0.0367102, 0.0345332, 0.103517, 0.115135, 1012.48, 19975.3, 10, 2e-20, 3e-20, 2e-20, 2e-20, -1
0.343791, 0.491865, 0.177801, 0.05, -0.0971753, -0.00929047, -0.1506, 0.17947, 1013.3, 21285.4, 10, 2e-20, 3e-20, 2e-20, 2e-20, -1
0.385507, 0.493569, 0.450637, 0.05, -0.021134, 0.0406391, 0.00289446, 0.0458972, 1011.9, 19040.2, 10, 2e-20, 3e-20, 2e-20, 2e-20, -1
0.449166, 0.49672, 0.467835, 0.05, -0.020864, 0.0734171, 0.00183189, 0.0763462, 1010.2, 16326.6, 10, 2e-20, 3e-20, 2e-20, 2e-20, -1
0.381257, 0.501593, 0.339338, 0.05, 0.0466758, 0.0574503, -0.0711401, 0.102665, 1011.38, 18208.2, 10, 2e-20, 3e-20, 2e-20, 2e-20, -1
0.366471, 0.386642, 0.241595, 0.05, -0.0500341, 0.000368583, -0.050395, 0.0710155, 1004.63, 7407.2, 10, 2e-20, 3e-20, 2e-20, 2e-20, -1
0.360968, 0.498685, 0.636455, 0.05, 0.0754157, 0.00402591, 0.169626, 0.185679, 1010.14, 16232, 10, 2e-20, 3e-20, 2e-20, 2e-20, -1
0.41982, 0.460792, 0.479671, 0.05, -0.0924451, 0.00116939, 0.00433513, 0.0925541, 1008.12, 12992.1, 10, 2e-20, 3e-20, 2e-20, 2e-20, -1
0.352167, 0.493951, 0.695491, 0.05, 0.145426, -0.0908823, 0.206452, 0.268386, 1006.74, 10782.2, 10, 2e-20, 3e-20, 2e-20, 2e-20, -1
0.521179, -0.346054, 1.43619, 0.05, -0.138757, 0.160925, -0.212677, 0.300636, 998.909, -1745.5, 10, 2e-20, 3e-20, 2e-20, 2e-20, -1
0.262338, 0.495748, 0.750556, 0.05, 0.0475918, -0.0132749, 0.12723, 0.136487, 1005.92, 9476.41, 10, 2e-20, 3e-20, 2e-20, 2e-20, -1
0.40767, 0.497416, 0.825212, 0.05, -0.00436987, -0.0479533, 0.0464241, 0.0668865, 1010.89, 17428.3, 10, 2e-20, 3e-20, 2e-20, 2e-20, -1
0.271564, 0.469532, 0.707251, 0.05, -0.0681657, -0.109316, 0.0294297, 0.132146, 1003.42, 5472.79, 10, 2e-20, 3e-20, 2e-20, 2e-20, -1
0.32467, 0.446383, 0.744488, 0.05, -0.000784221, 0.0482338, -0.15977, 0.166894, 1001.86, 2969.93, 10, 2e-20, 3e-20, 2e-20, 2e-20, -1
0.356522, 0.498735, 1.08043, 0.05, -0.142475, -0.0144271, 0.149128, 0.206752, 1001.23, 1967.96, 10, 2e-20, 3e-20, 2e-20, 2e-20, -1
0.407895, 0.447401, 0.61397, 0.05, 0.0932419, 0.0158068, 0.191831, 0.213876, 1004.74, 7590.71, 10, 2e-20, 3e-20, 2e-20, 2e-20, -1
0.940341, -0.499366, 1.39502, 0.05, -0.0338681, 0.266911, -0.0759561, 0.279568, 1002.42, 3869.52, 10, 2e-20, 3e-20, 2e-20, 2e-20, -1
0.327417, 0.498452, 0.917005, 0.05, -0.0173151, 0.00918645, 0.0920675, 0.0941309, 999.369, -1010.07, 10, 2e-20, 3e-20, 2e-20, 2e-20, -1
0.269237, 0.428726, 0.744573, 0.05, -0.0407397, 0.115138, -0.15521, 0.197501, 1003.4, 5447.37, 10, 2e-20, 3e-20, 2e-20, 2e-20, -1
0.330841, 0.496057, 0.970507, 0.05, -0.0048711, -0.0383728, 0.0739485, 0.083454, 1002.95, 4723.76, 10, 2e-20, 3e-20, 2e-20, 2e-20, -1
0.379669, 0.488944, 0.886912, 0.05, -0.00733422, 0.0594305, 0.0178925, 0.0624973, 1004.29, 6860.75, 10, 2e-20, 3e-20, 2e-20, 2e-20, -1
0.344911, 0.445591, 0.837738, 0.05, -0.0600447, -0.120678, -0.0886336, 0.161321, 1001.57, 2510.6, 10, 2e-20, 3e-20, 2e-20, 2e-20, -1
0.271972, 0.425485, 1.21712, 0.05, -0.0353979, -0.003005, -0.0604133, 0.0700843, 1003.7, 5927.88, 10, 2e-20, 3e-20, 2e-20, 2e-20, -1
0.318582, 0.502778, 1.03173, 0.05, 0.0657523, -0.0395741, 0.038864, 0.0860226, 1001.39, 2228.16, 10, 2e-20, 3e-20, 2e-20, 2e-20, -1
0.281838, 0.475854, 1.25013, 0.05, -0.122298, 0.0089538, 0.0516916, 0.133075, 1000.57, 904.667, 10, 2e-20, 3e-20, 2e-20, 2e-20, -1
0.243227, 0.494593, 1.22564, 0.05, -0.242977, 0.00316355, 0.0603209, 0.250373, 1001.17, 1866.68, 10, 2e-20, 3e-20, 2e-20, 2e-20, -1
0.29931, 0.413577, 0.947489, 0.05, -0.0873472, 0.0496033, -0.0078928, 0.100759, 1003.72, 5959.35, 10, 2e-20, 3e-20, 2e-20, 2e-20, -1
0.397662, 0.513131, 1.38256, 0.05, -0.0238917, 0.0356529, -0.0184931, 0.0467326, 1000.43, 688.043, 10, 2e-20, 3e-20, 2e-20, 2e-20, -1
0.189707, 0.498437, 1.31813, 0.05, -0.246921, -0.00198996, 0.134892, 0.281371, 1003.07, 4912.99, 10, 2e-20, 3e-20, 2e-20, 2e-20, -1
0.383239, 0.376195, 1.32608, 0.05, -0.161343, -0.0250064, -0.0248711, 0.165152, 1003.41, 5456.95, 10, 2e-20, 3e-20, 2e-20, 2e-20, -1
0.214752, 0.448289, 1.30521, 0.05, -0.118224, -0.0977008, 0.139777, 0.207509, 998.233, -2827.99, 10, 2e-20, 3e-20, 2e-20, 2e-20, -1
0.139997, 0.436197, 1.3995, 0.05, -0.0224775, 0.126336, 0.132635, 0.184548, 995.155, -7751.83, 10, 2e-20, 3e-20, 2e-20, 2e-20, -1
0.231999, 0.501519, 1.32851, 0.05, -0.0329313, -0.0486725, 0.0150931, 0.0606736, 1003.3, 5281.94, 10, 2e-20, 3e-20, 2e-20, 2e-20, -1
0.200125, 0.495985, 1.40594, 0.05, -0.192589, 0.0401364, 0.0635023, 0.206722, 1001.33, 2133.24, 10, 2e-20, 3e-20, 2e-20, 2e-20, -1
0.234571, 0.402409, 1.3559, 0.05, -0.140287, 0.026887, 0.0975426, 0.172968, 997.667, -3732.07, 10, 2e-20, 3e-20, 2e-20, 2e-20, -1
0.22771, 0.423541, 1.22654, 0.05, -0.0790829, 0.0940801, 0.169512, 0.209379, 999.968, -50.6715, 10, 2e-20, 3e-20, 2e-20, 2e-20, -1
0.293653, 0.364808, 1.28472, 0.05, -0.129242, -0.00502907, -0.0971177, 0.161743, 995.98, -6432.67, 10, 2e-20, 3e-20, 2e-20, 2e-20, -1
0.817692, 0.380626, 1.314, 0.05, -0.177227, -0.00231945, -0.0369161, 0.181046, 1001.45, 2312.87, 10, 2e-20, 3e-20, 2e-20, 2e-20, -1
0.223758, 0.264032, 1.14348, 0.05, -0.0712873, -0.0944353, -0.0135612, 0.119096, 1000.46, 728.663, 10, 2e-20, 3e-20, 2e-20, 2e-20, -1
0.251836, 0.358404, 1.12864, 0.05, -0.0113018, 0.00841042, -0.0854242, 0.086578, 1001.83, 2933.93, 10, 2e-20, 3e-20, 2e-20, 2e-20, -1
0.252094, 0.392932, 1.41649, 0.05, -0.100251, 0.0091549, -0.12711, 0.162145, 1001.75, 2802.97, 10, 2e-20, 3e-20, 2e-20, 2e-20, -1
0.163743, 0.25944, 1.26728, 0.05, 0.0659541, 0.00524183, -0.11351, 0.131385, 998.649, -2161.8, 10, 2e-20, 3e-20, 2e-20, 2e-20, -1
0.320909, 0.289125, 1.286, 0.05, -0.169192, 0.079648, 0.000731837, 0.187003, 998.853, -1835.37, 10, 2e-20, 3e-20, 2e-20, 2e-20, -1
0.310601, 0.420801, 1.44448, 0.05, -0.105427, -0.0666021, -0.124257, 0.176041, 993.519, -10370.2, 10, 2e-20, 3e-20, 2e-20, 2e-20, -1
0.33431, 0.33335, 1.26966, 0.05, -0.11966, 0.0208271, 0.0298667, 0.125077, 1002.49, 3991.18, 10, 2e-20, 3e-20, 2e-20, 2e-20, -1
0.119877, 0.399811, 1.29858, 0.05, 0.0870522, -0.133984, -0.122898, 0.201578, 998.465, -2456.3, 10, 2e-20, 3e-20, 2e-20, 2e-20, -1
0.248966, 0.328026, 1.29989, 0.05, -0.0816659, -0.00706032, 0.0216909, 0.0847919, 1000.64, 1016.79, 10, 2e-20, 3e-20, 2e-20, 2e-20, -1
0.256123, 0.350697, 1.28059, 0.05, -0.133525, -0.165496, 0.026609, 0.214303, 1000.9, 1439.09, 10, 2e-20, 3e-20, 2e-20, 2e-20, -1
0.296743, 0.461843, 1.43536, 0.05, -0.0403212, -0.0135578, -0.0736215, 0.0850279, 998.835, -1864.01, 10, 2e-20, 3e-20, 2e-20, 2e-20, -1
0.242364, 0.354574, 1.43605, 0.05, -0.105534, -0.0817253, 0.0193122, 0.134868, 1000.87, 1389.73, 10, 2e-20, 3e-20, 2e-20, 2e-20, -1
0.344262, -0.5005, 0.0583995, 0.05, 0.0281286, -0.129648, 0.152767, 0.202331, 1010.4, 16638.6, 10, 2e-20, 3e-20, 2e-20, 2e-20, -1
0.328736, -0.497455, 0.113434, 0.05, -0.151476, 0.000770671, 0.123246, 0.195282, 1014.94, 23900.7, 10, 2e-20, 3e-20, 2e-20, 2e-20, -1
0.349864, -0.494858, 0.175438, 0.05, -0.00467282, 0.146404, 0.293872, 0.328355, 1012.45, 19925.4, 10, 2e-20, 3e-20, 2e-20, 2e-20, -1
0.315648, -0.497751, 0.220286, 0.05, -0.0614737, 0.121659, 0.0602622, 0.149035, 1006.7, 10725.1, 10, 2e-20, 3e-20, 2e-20, 2e-20, -1
0.365434, -0.497223, 0.24842, 0.05, -0.253925, 0.0181443, 0.109564, 0.277149, 1010.48, 16769.1, 10, 2e-20, 3e-20, 2e-20, 2e-20, -1
0.314355, -0.495032, 0.288661, 0.05, -0.174195, -0.157782, 0.0560638, 0.241624, 1015.36, 24571.1, 10, 2e-20, 3e-20, 2e-20, 2e-20, -1
0.299167, -0.499117, 0.34856, 0.05, -0.044725, -0.12439, -0.097805, 0.164435, 1012.11, 19371.6, 10, 2e-20, 3e-20, 2e-20, 2e-20, -1
0.284266, -0.495043, 0.45125, 0.05, -0.106269, -0.00161316, 0.153991, 0.187107, 1013.17, 21073.7, 10, 2e-20, 3e-20, 2e-20, 2e-20, -1
0.34015, -0.476364, 0.517248, 0.05, -0.00335397, 0.0533403, -0.0433872, 0.0688396, 1004.25, 6801.63, 10, 2e-20, 3e-20, 2e-20, 2e-20, -1
0.332733, -0.496363, 0.570334, 0.05, -0.0846117, 0.0602674, 0.0635266, 0.121766, 1007.81, 12499.9, 10, 2e-20, 3e-20, 2e-20, 2e-20, -1
0.337794, -0.494176, 0.641325, 0.05, 0.00234488, -0.0161504, 0.11136, 0.11255, 1011.47, 18353.4, 10, 2e-20, 3e-20, 2e-20, 2e-20, -1
0.28781, -0.497007, 0.686207, 0.05, 0.06377, 0.0175027, 0.110463, 0.128744, 1007.81, 12494.8, 10, 2e-20, 3e-20, 2e-20, 2e-20, -1
0.354904, -0.494168, 0.865276, 0.05, -0.130342, -0.0622014, 0.161264, 0.216481, 1013.25, 21204, 10, 2e-20, 3e-20, 2e-20, 2e-20, -1
0.322864, -0.487627, 0.82212, 0.05, 0.00940284, 0.0409205, 0.0923269, 0.101426, 1002.96, 4735.84, 10, 2e-20, 3e-20, 2e-20, 2e-20, -1
0.339644, -0.468531, 0.739408, 0.05, 0.0368437, -0.0513359, 0.207461, 0.21687, 1006.92, 11078.7, 10, 2e-20, 3e-20, 2e-20, 2e-20, -1
0.373585, -0.496137, 0.922804, 0.05, -0.0293381, -0.036888, 0.0865877, 0.0985844, 1006.72, 10744.4, 10, 2e-20, 3e-20, 2e-20, 2e-20, -1
0.394468, -0.470547, 0.772759, 0.05, -0.148909, -0.0572469, -0.0156058, 0.160296, 1004.16, 6656.36, 10, 2e-20, 3e-20, 2e-20, 2e-20, -1
0.334903, -0.495633, 0.96352, 0.05, 0.0360111, -0.0462129, 0.257538, 0.264118, 1007.03, 11253.7, 10, 2e-20, 3e-20, 2e-20, 2e-20, -1
0.303466, -0.49818, 0.908516, 0.05, -0.0792477, -0.0624182, 0.169614, 0.197346, 1005.88, 9410.38, 10, 2e-20, 3e-20, 2e-20, 2e-20, -1
0.296298, -0.453223, 0.967381, 0.05, -0.192246, 0.0754102, 0.223816, 0.30453, 1008.95, 14315.2, 10, 2e-20, 3e-20, 2e-20, 2e-20, -1
0.386356, -0.489853, 1.06604, 0.05, 0.0240348, 0.0277513, 0.14118, 0.145875, 1005.6, 8960.97, 10, 2e-20, 3e-20, 2e-20, 2e-20, -1
0.433135, -0.49835, 1.03988, 0.05, 0.00406604, -0.0121312, 0.276263, 0.276559, 1004.26, 6811.74, 10, 2e-20, 3e-20, 2e-20, 2e-20, -1
0.382468, -0.500442, 1.15666, 0.05, -0.103215, 0.0564085, 0.294875, 0.317469, 998.328, -2675.48, 10, 2e-20, 3e-20, 2e-20, 2e-20, -1
0.34798, -0.496103, 1.10491, 0.05, 0.120362, -0.055902, 0.275498, 0.305796, 1004.88, 7815.18, 10, 2e-20, 3e-20, 2e-20, 2e-20, -1
0.340446, -0.452306, 0.934491, 0.05, -0.151149, -0.0777248, 0.15087, 0.227264, 1005.06, 8101.84, 10, 2e-20, 3e-20, 2e-20, 2e-20, -1
0.327864, -0.476263, 1.15133, 0.05, -0.0175856, -0.119795, 0.379994, 0.398818, 1004.98, 7966.63, 10, 2e-20, 3e-20, 2e-20, 2e-20, -1
0.285751, -0.410316, 0.951145, 0.05, -0.0270261, 0.0301284, 0.176678, 0.181255, 1004.14, 6624.66, 10, 2e-20, 3e-20, 2e-20, 2e-20, -1
0.325258, -0.396996, 0.967599, 0.05, -0.0778489, -0.016471, 0.163245, 0.181606, 1010.82, 17318.7, 10, 2e-20, 3e-20, 2e-20, 2e-20, -1
0.300885, -0.499875, 1.31283, 0.05, -0.284614, -0.0735846, 0.324141, 0.437592, 1003.37, 5396.32, 10, 2e-20, 3e-20, 2e-20, 2e-20, -1
0.319124, -0.468327, 1.27771, 0.05, -0.0720928, 0.0206745, 0.143912, 0.162282, 996, -6399.49, 10, 2e-20, 3e-20, 2e-20, 2e-20, -1
0.323025, -0.483751, 1.33085, 0.05, -0.180718, 0.0144385, 0.196726, 0.267523, 1003.21, 5137.86, 10, 2e-20, 3e-20, 2e-20, 2e-20, -1
0.246937, -0.480653, 1.3499, 0.05, -0.426226, -0.254272, 0.0591854, 0.499826, 995.869, -6609.07, 10, 2e-20, 3e-20, 2e-20, 2e-20, -1
0.281977, -0.400456, 1.38061, 0.05, -0.533318, -0.334496, 0.425897, 0.760069, 1007.92, 12677.1, 10, 2e-20, 3e-20, 2e-20, 2e-20, -1
0.284923, -0.347298, 1.36384, 0.05, -0.119529, -0.0835202, -0.0108119, 0.146218, 998.122, -3005.47, 10, 2e-20, 3e-20, 2e-20, 2e-20, -1
0.265737, -0.467429, 1.41014, 0.05, -0.244683, 0.00451362, -0.138537, 0.281216, 1003.91, 6256.25, 10, 2e-20, 3e-20, 2e-20, 2e-20, -1
0.327244, -0.334196, 1.38298, 0.05, -0.266314, -0.000690526, 0.0593995, 0.272859, 996.693, -5290.83, 10, 2e-20, 3e-20, 2e-20, 2e-20, -1
0.798031, 0.503562, 1.98249, 0.05, 4.64204e-06, 0.00126419, -0.80123, 0.801231, 1000, 3.56205, 10, 2e-20, 3e-20, 2e-20, 2e-20, -1
0.279038, -0.293248, 1.36834, 0.05, -0.108688, 0.0101924, 0.0535324, 0.121584, 1005.03, 8045.4, 10, 2e-20, 3e-20, 2e-20, 2e-20, -1
0.418834, -0.287074, 1.42192, 0.05, -0.261472, 0.151753, 0.00350615, 0.302339, 995.648, -6963.07, 10, 2e-20, 3e-20, 2e-20, 2e-20, -1
0.345573, -0.381858, 1.2753, 0.05, -0.282762, -0.140763, 0.316635, 0.447243, 999.485, -824.471, 10, 2e-20, 3e-20, 2e-20, 2e-20, -1
0.339478, -0.333692, 1.20677, 0.05, -0.18902, 0.004211, 0.0657374, 0.200169, 1001.05, 1674.66, 10, 2e-20, 3e-20, 2e-20, 2e-20, -1
0.0358805, 0.283836, 1.45652, 0.05, -0.0334786, -0.0227118, -0.0338174, 0.0527282, 997.463, -4059.35, 10, 2e-20, 3e-20, 2e-20, 2e-20, -1
0.281171, -0.2859, 1.31636, 0.05, -0.235298, -0.0121456, 0.125442, 0.266924, 999.544, -730.002, 10, 2e-20, 3e-20, 2e-20, 2e-20, -1
0.327922, -0.281821, 1.36266, 0.05, -0.165076, -0.0338679, 0.116561, 0.204899, 999.964, -57.273, 10, 2e-20, 3e-20, 2e-20, 2e-20, -1
0.553958, -0.27171, 1.32481, 0.05, -0.194532, 0.0380927, -0.138049, 0.24156, 992.583, -11866.9, 10, 2e-20, 3e-20, 2e-20, 2e-20, -1
0.326424, -0.479959, 1.42198, 0.05, -0.286892, -0.0897427, -0.0885972, 0.313385, 1000.31, 500.157, 10, 2e-20, 3e-20, 2e-20, 2e-20, -1
0.656105, -0.334632, 1.27561, 0.05, -0.302548, -0.0227314, -0.046383, 0.306925, 996.718, -5251.72, 10, 2e-20, 3e-20, 2e-20, 2e-20, -1
0.311647, -0.411918, 1.42553, 0.05, -0.327914, 0.0270043, 0.00168628, 0.329029, 999.23, -1232.14, 10, 2e-20, 3e-20, 2e-20, 2e-20, -1
0.206097, -0.194041, 1.3681, 0.05, -0.0861968, 0.222745, 0.340201, 0.415671, 999.336, -1062.74, 10, 2e-20, 3e-20, 2e-20, 2e-20, -1
0.243286, -0.265242, 1.40644, 0.05, -0.235255, 0.170749, 0.236829, 0.374951, 1001.39, 2226.38, 10, 2e-20, 3e-20, 2e-20, 2e-20, -1
0.255159, -0.261908, 1.44754, 0.05, -0.295309, 0.135648, 0.160157, 0.362295, 1001.73, 2772.82, 10, 2e-20, 3e-20, 2e-20, 2e-20, -1
0.362819, -0.452256, 0.0508046, 0.05, -0.0549125, -0.00956817, -0.0192605, 0.0589737, 1015.95, 25521.3, 10, 2e-20, 3e-20, 2e-20, 2e-20, -1
0.341767, -0.444423, 0.114259, 0.05, -0.110722, 0.0977459, 0.0990719, 0.177845, 1011.85, 18963.4, 10, 2e-20, 3e-20, 2e-20, 2e-20, -1
0.356099, -0.439224, 0.163486, 0.05, 0.068545, -0.143174, -0.0585071, 0.169175, 1008.36, 13383.2, 10, 2e-20, 3e-20, 2e-20, 2e-20, -1
0.313936, -0.449605, 0.163552, 0.05, 0.0130701, 0.205296, 0.0176485, 0.206467, 1004.96, 7929.77, 10, 2e-20, 3e-20, 2e-20, 2e-20, -1
0.325695, -0.451047, 0.234239, 0.05, 0.0604748, 0.00765994, 0.0173175, 0.0633701, 1007.24, 11587.6, 10, 2e-20, 3e-20, 2e-20, 2e-20, -1
0.320911, -0.441606, 0.284709, 0.05, -0.243756, 0.0220961, 0.0476183, 0.249344, 1009.22, 14746.6, 10, 2e-20, 3e-20, 2e-20, 2e-20, -1
0.373638, -0.437365, 0.253698, 0.05, -0.0536686, 0.0820445, -0.00025753, 0.0980392, 1010.25, 16405.9, 10, 2e-20, 3e-20, 2e-20, 2e-20, -1
0.365991, -0.472135, 0.292076, 0.05, -0.104446, 0.155414, 0.0616839, 0.197149, 1001.62, 2590.22, 10, 2e-20, 3e-20, 2e-20, 2e-20, -1
0.3021, -0.499457, 0.51159, 0.05, -0.043312, -0.0839721, 0.145298, 0.173317, 1005.34, 8550.32, 10, 2e-20, 3e-20, 2e-20, 2e-20, -1
0.383359, -0.455217, 0.357926, 0.05, 0.0653031, 0.0821908, -0.0958837, 0.142174, 1002.21, 3533.91, 10, 2e-20, 3e-20, 2e-20, 2e-20, -1
0.354293, -0.464428, 0.397033, 0.05, -0.0556886, 0.0620268, -0.0641979, 0.105214, 1003.78, 6050.69, 10, 2e-20, 3e-20, 2e-20, 2e-20, -1
0.363559, -0.447529, 0.594008, 0.05, -0.123843, 0.000404926, -0.024971, 0.126336, 1005.28, 8446.77, 10, 2e-20, 3e-20, 2e-20, 2e-20, -1
0.3357, -0.432195, 0.408195, 0.05, -0.160909, -0.0475201, 0.0280796, 0.170112, 1006.12, 9789.48, 10, 2e-20, 3e-20, 2e-20, 2e-20, -1
0.358674, -0.44638, 0.449824, 0.05, -0.0375936, 0.0182987, 0.0314212, 0.0523012, 1003.04, 4857.92, 10, 2e-20, 3e-20, 2e-20, 2e-20, -1
0.324186, -0.412312, 0.529536, 0.05, 0.04911, -0.0305738, 0.033477, 0.0668376, 1001.97, 3150.82, 10, 2e-20, 3e-20, 2e-20, 2e-20, -1
0.330748, -0.439253, 0.493509, 0.05, -0.0865661, -0.0173612, 0.00898742, 0.0887461, 1003.88, 6209.49, 10, 2e-20, 3e-20, 2e-20, 2e-20, -1
0.363047, -0.394521, 0.482333, 0.05, 0.0250037, 0.0484868, 0.133285, 0.144017, 1006, 9596.19, 10, 2e-20, 3e-20, 2e-20, 2e-20, -1
0.364551, -0.40019, 0.428661, 0.05, 0.0139213, -0.00752524, -0.050315, 0.052745, 1005.76, 9219.67, 10, 2e-20, 3e-20, 2e-20, 2e-20, -1
0.317743, -0.389446, 0.475148, 0.05, -0.0564394, -0.0667438, -0.00285264, 0.0874544, 1002.54, 4068.48, 10, 2e-20, 3e-20, 2e-20, 2e-20, -1
0.319312, -0.428525, 0.601933, 0.05, -0.0745156, -0.064316, 0.097016, 0.138207, 1005.51, 8818.6, 10, 2e-20, 3e-20, 2e-20, 2e-20, -1
0.344333, -0.442652, 0.643776, 0.05, -0.0476368, -0.0023382, 0.0771622, 0.0907124, 999.864, -218.29, 10, 2e-20, 3e-20, 2e-20, 2e-20, -1
0.345837, -0.442618, 0.784704, 0.05, -0.1093, 0.0511169, 0.105745, 0.160441, 1005.37, 8584.63, 10, 2e-20, 3e-20, 2e-20, 2e-20, -1
0.365956, -0.439519, 0.842604, 0.05, -0.0506827, -0.107263, 0.0516686, 0.129398, 1005.27, 8425.27, 10, 2e-20, 3e-20, 2e-20, 2e-20, -1
0.33447, -0.432917, 0.822161, 0.05, 0.00691721, -0.0821964, 0.187197, 0.204565, 1003.52, 5625.33, 10, 2e-20, 3e-20, 2e-20, 2e-20, -1
0.3329, -0.379614, 0.737975, 0.05, -0.0141361, 0.0681712, 0.0585914, 0.090995, 1000.29, 461.88, 10, 2e-20, 3e-20, 2e-20, 2e-20, -1
0.295051, -0.407505, 0.893971, 0.05, -0.0477935, 0.00349608, 0.0964196, 0.107672, 1001.7, 2721.13, 10, 2e-20, 3e-20, 2e-20, 2e-20, -1
0.313484, -0.395293, 0.840207, 0.05, -0.116518, -0.02862, 0.11163, 0.16388, 1009.96, 15935, 10, 2e-20, 3e-20, 2e-20, 2e-20, -1
0.345802, -0.407236, 0.87104, 0.05, -0.142617, -0.102276, 0.152671, 0.232612, 1001.91, 3058.72, 10, 2e-20, 3e-20, 2e-20, 2e-20, -1
0.27752, -0.367806, 0.863228, 0.05, -0.129739, -0.0301096, 0.113228, 0.174812, 1005.82, 9317.57, 10, 2e-20, 3e-20, 2e-20, 2e-20, -1
0.410899, -0.404494, 0.91812, 0.05, -0.0240318, -0.0570911, 0.149039, 0.161399, 1008.06, 12892.6, 10, 2e-20, 3e-20, 2e-20, 2e-20, -1
0.340442, -0.405824, 0.917861, 0.05, -0.0556515, 0.0350957, 0.0666806, 0.0936756, 1003.17, 5077.98, 10, 2e-20, 3e-20, 2e-20, 2e-20, -1
0.377925, -0.40024, 0.878058, 0.05, -0.080775, -0.0890339, 0.092, 0.151379, 998.246, -2805.67, 10, 2e-20, 3e-20, 2e-20, 2e-20, -1
0.354136, -0.358189, 0.890854, 0.05, -0.111299, -0.0530203, 0.0318149, 0.127322, 1003.98, 6373.06, 10, 2e-20, 3e-20, 2e-20, 2e-20, -1
0.289156, -0.434516, 1.29452, 0.05, -0.305085, -0.0457415, 0.182859, 0.358618, 997.326, -4278.7, 10, 2e-20, 3e-20, 2e-20, 2e-20, -1
0.30964, -0.450304, 1.19559, 0.05, -0.138442, -0.069683, 0.33366, 0.3679, 1001.13, 1809.91, 10, 2e-20, 3e-20, 2e-20, 2e-20, -1
0.272354, -0.403052, 1.12672, 0.05, -0.0950378, -0.0592929, 0.202474, 0.231395, 1007.99, 12787.5, 10, 2e-20, 3e-20, 2e-20, 2e-20, -1
0.312929, -0.38932, 1.06634, 0.05, -0.12677, -0.141118, 0.11774, 0.223266, 1004.35, 6967.68, 10, 2e-20, 3e-20, 2e-20, 2e-20, -1
0.313089, -0.409233, 1.29119, 0.05, -0.161428, -0.00555813, -0.0015933, 0.161531, 993.54, -10336.7, 10, 2e-20, 3e-20, 2e-20, 2e-20, -1
0.271849, -0.33293, 1.29528, 0.05, -0.116841, -0.134476, 0.317396, 0.363972, 998.557, -2308.53, 10, 2e-20, 3e-20, 2e-20, 2e-20, -1
0.322321, -0.414979, 1.16636, 0.05, -0.239902, -0.0579543, 0.102269, 0.267152, 997.148, -4563.69, 10, 2e-20, 3e-20, 2e-20, 2e-20, -1
0.345428, -0.324196, 1.00841, 0.05, -0.0217915, 0.0386046, 0.14048, 0.147308, 1001.12, 1794.05, 10, 2e-20, 3e-20, 2e-20, 2e-20, -1
0.288558, -0.391682, 1.16122, 0.05, -0.196531, -0.108795, 0.257136, 0.341438, 1003.6, 5761.97, 10, 2e-20, 3e-20, 2e-20, 2e-20, -1
0.293688, -0.313388, 1.11646, 0.05, -0.0536608, 0.019913, 0.0827133, 0.100586, 1006.76, 10812.6, 10, 2e-20, 3e-20, 2e-20, 2e-20, -1
0.324417, -0.289494, 1.0827, 0.05, -0.181776, -0.192179, -0.027411, 0.265944, 1001.92, 3078.53, 10, 2e-20, 3e-20, 2e-20, 2e-20, -1
0.297581, -0.266413, 1.07857, 0.05, -0.223757, -0.0450612, -0.0277198, 0.229926, 997.441, -4094.45, 10, 2e-20, 3e-20, 2e-20, 2e-20, -1
0.336411, -0.328368, 1.13654, 0.05, -0.212348, -0.231919, 0.150598, 0.348651, 1005.02, 8038.33, 10, 2e-20, 3e-20, 2e-20, 2e-20, -1
0.304826, -0.274155, 1.20937, 0.05, -0.148417, -0.0831282, 0.0141936, 0.170703, 997.191, -4493.99, 10, 2e-20, 3e-20, 2e-20, 2e-20, -1
0.287236, -0.232941, 1.16098, 0.05, -0.192168, 0.0792976, 0.0305177, 0.210114, 1003.04, 4864.87, 10, 2e-20, 3e-20, 2e-20, 2e-20, -1
0.283001, -0.239146, 1.25683, 0.05, -0.322949, 0.0860346, 0.0579751, 0.339204, 1002.36, 3776.81, 10, 2e-20, 3e-20, 2e-20, 2e-20, -1
0.26398, -0.198394, 1.29321, 0.05, -0.149086, -0.0215586, 0.16576, 0.223981, 999.707, -468.251, 10, 2e-20, 3e-20, 2e-20, 2e-20, -1
0.166993, -0.0949054, 1.42723, 0.05, -0.097218, 0.110288, 0.568777, 0.587471, 1003.12, 4996.65, 10, 2e-20, 3e-20, 2e-20, 2e-20, -1
0.299854, -0.414127, 0.0507078, 0.05, 0.252981, -0.176537, 0.0776422, 0.318109, 1011.8, 18874.1, 10, 2e-20, 3e-20, 2e-20, 2e-20, -1
0.392947, -0.427125, 0.0926715, 0.05, -0.298516, 0.106489, 0.0126869, 0.317195, 1008.82, 14119.1, 10, 2e-20, 3e-20, 2e-20, 2e-20, -1
0.432583, -0.412569, 0.133054, 0.05, -0.0135231, 0.134801, -0.147006, 0.199912, 1006.8, 10888, 10, 2e-20, 3e-20, 2e-20, 2e-20, -1
0.382784, -0.40411, 0.146013, 0.05, 0.0222008, -0.128104, 0.0901315, 0.1582, 1005.52, 8824.49, 10, 2e-20, 3e-20, 2e-20, 2e-20, -1
0.365155, -0.453533, 0.203905, 0.05, 0.0168711, 0.174317, 0.181712, 0.25237, 1004.74, 7577.39, 10, 2e-20, 3e-20, 2e-20, 2e-20, -1
0.386543, -0.403615, 0.205628, 0.05, 0.088195, -0.0262967, -0.0160017, 0.0934127, 1008.99, 14387.4, 10, 2e-20, 3e-20, 2e-20, 2e-20, -1
0.320836, -0.338113, 0.175642, 0.05, -0.199487, 0.171598, -0.0457583, 0.267086, 1008.56, 13700, 10, 2e-20, 3e-20, 2e-20, 2e-20, -1
0.342172, -0.401398, 0.231809, 0.05, 0.117877, -0.0969272, 0.150635, 0.214432, 1009.98, 15973.9, 10, 2e-20, 3e-20, 2e-20, 2e-20, -1
0.330366, -0.50085, 0.405241, 0.05, -0.0494009, 0.0649664, 0.10523, 0.133171, 1007.32, 11709, 10, 2e-20, 3e-20, 2e-20, 2e-20, -1
0.363723, -0.432271, 0.308679, 0.05, 0.124723, -0.104959, -0.116663, 0.200456, 1008.99, 14378, 10, 2e-20, 3e-20, 2e-20, 2e-20, -1
0.325751, -0.393711, 0.284642, 0.05, 0.0576629, 0.0454576, 0.0936258, 0.118984, 1005.83, 9333.74, 10, 2e-20, 3e-20, 2e-20, 2e-20, -1
0.379813, -0.39078, 0.27616, 0.05, 0.0351134, -0.0988938, -0.0181437, 0.106499, 1011.63, 18615, 10, 2e-20, 3e-20, 2e-20, 2e-20, -1
0.414016, -0.35934, 0.309185, 0.05, -0.0347966, 0.0166431, -0.133425, 0.138889, 1003.47, 5559.51, 10, 2e-20, 3e-20, 2e-20, 2e-20, -1
0.382767, -0.399337, 0.334745, 0.05, 0.0518298, -0.0210982, -0.0593103, 0.0815425, 1008.33, 13331.6, 10, 2e-20, 3e-20, 2e-20, 2e-20, -1
0.368967, -0.391375, 0.386502, 0.05, 0.0416649, 0.0601901, 0.0404726, 0.0836471, 1000.55, 881.348, 10, 2e-20, 3e-20, 2e-20, 2e-20, -1
0.385178, -0.34789, 0.356472, 0.05, 0.0322879, 0.0280035, 0.100053, 0.108799, 1006.2, 9916.81, 10, 2e-20, 3e-20, 2e-20, 2e-20, -1
0.41612, -0.324447, 0.366513, 0.05, -0.0180799, -0.124587, 0.0017617, 0.125905, 1008.03, 12846.8, 10, 2e-20, 3e-20, 2e-20, 2e-20, -1
0.360065, -0.237847, 0.387072, 0.05, -0.0925493, -0.0524944, -0.0404783, 0.11384, 1008.33, 13334.7, 10, 2e-20, 3e-20, 2e-20, 2e-20, -1
0.405104, -0.289534, 0.433266, 0.05, -0.116034, -0.00336945, 0.136358, 0.179077, 1005.5, 8803.14, 10, 2e-20, 3e-20, 2e-20, 2e-20, -1
0.349697, -0.354397, 0.444715, 0.05, 0.0512754, -0.00673098, 0.0925341, 0.106005, 1005.78, 9255.4, 10, 2e-20, 3e-20, 2e-20, 2e-20, -1
0.293117, -0.375809, 0.535888, 0.05, -0.18826, 0.0381772, 0.0342327, 0.195119, 1005.47, 8747.53, 10, 2e-20, 3e-20, 2e-20, 2e-20, -1
0.372277, -0.446934, 0.677172, 0.05, -0.082884, 0.0214355, 0.0936694, 0.126898, 1004.81, 7692.25, 10, 2e-20, 3e-20, 2e-20, 2e-20, -1
0.360459, -0.410035, 0.70533, 0.05, -0.0316184, 0.187705, -0.0409093, 0.194696, 1003.82, 6107.81, 10, 2e-20, 3e-20, 2e-20, 2e-20, -1
0.326085, -0.334075, 0.595397, 0.05, -0.113364, 0.103194, -0.0251494, 0.155347, 1007.13, 11413.4, 10, 2e-20, 3e-20, 2e-20, 2e-20, -1
0.355543, -0.390494, 0.635857, 0.05, -0.0353213, 0.00848114, 0.123395, 0.128631, 1003.09, 4941.49, 10, 2e-20, 3e-20, 2e-20, 2e-20, -1
0.358921, -0.365965, 0.685004, 0.05, -0.0280661, 0.0262398, 0.0392341, 0.054914, 1001.92, 3071.64, 10, 2e-20, 3e-20, 2e-20, 2e-20, -1
0.364089, -0.317851, 0.647628, 0.05, -0.0353647, 0.0671668, 0.0788672, 0.109463, 1004.41, 7060.57, 10, 2e-20, 3e-20, 2e-20, 2e-20, -1
0.340204, -0.290784, 0.686871, 0.05, -0.123039, 0.0690037, 0.0845761, 0.164479, 1000.33, 523.406, 10, 2e-20, 3e-20, 2e-20, 2e-20, -1
0.320904, -0.389758, 0.783973, 0.05, -0.0121443, -0.0755542, 0.0353032, 0.0842748, 1003.35, 5364.2, 10, 2e-20, 3e-20, 2e-20, 2e-20, -1
0.34446, -0.333113, 0.724952, 0.05, -0.0181715, -0.0108669, 0.026718, 0.0340903, 1003.86, 6173.54, 10, 2e-20, 3e-20, 2e-20, 2e-20, -1
0.355839, -0.37717, 0.820169, 0.05, -0.0119045, 0.019089, -0.00555575, 0.0231727, 1010.45, 16722.5, 10, 2e-20, 3e-20, 2e-20, 2e-20, -1
0.3293, -0.289875, 0.747329, 0.05, -0.0722694, -0.0468596, -0.0337076, 0.0924927, 1000.51, 810.402, 10, 2e-20, 3e-20, 2e-20, 2e-20, -1
0.298211, -0.314367, 0.827019, 0.05, -0.1335, -0.0455292, 0.12052, 0.185527, 998.671, -2126.44, 10, 2e-20, 3e-20, 2e-20, 2e-20, -1
0.333072, -0.326774, 0.792097, 0.05, -0.0408109, -0.0119306, 0.0179161, 0.0461395, 1006.11, 9782.88, 10, 2e-20, 3e-20, 2e-20, 2e-20, -1
0.325204, -0.34899, 0.850304, 0.05, -0.117421, 0.0545305, 0.145511, 0.194769, 1007.09, 11340, 10, 2e-20, 3e-20, 2e-20, 2e-20, -1
0.370957, -0.257088, 0.850596, 0.05, -0.0280188, 0.00209549, 0.130285, 0.13328, 1006.21, 9939.08, 10, 2e-20, 3e-20, 2e-20, 2e-20, -1
0.344092, -0.313332, 0.87613, 0.05, -0.11036, -0.0111748, 0.0360781, 0.116644, 1010.52, 16838.6, 10, 2e-20, 3e-20, 2e-20, 2e-20, -1
0.330206, -0.332933, 0.939945, 0.05, -0.0128223, -0.0623816, 0.129038, 0.143898, 1005.62, 8989.06, 10, 2e-20, 3e-20, 2e-20, 2e-20, -1
0.347052, -0.349565, 0.980813, 0.05, -0.0465586, 0.0100149, 0.0660752, 0.0814489, 1006, 9592.12, 10, 2e-20, 3e-20, 2e-20, 2e-20, -1
0.332344, -0.241695, 0.923719, 0.05, -0.113861, -0.0605346, 0.0423999, 0.135745, 1002.76, 4417.25, 10, 2e-20, 3e-20, 2e-20, 2e-20, -1
0.377073, -0.232535, 0.937252, 0.05, -0.0051733, -0.111895, 0.0849452, 0.140581, 1004.85, 7764.73, 10, 2e-20, 3e-20, 2e-20, 2e-20, -1
0.34595, -0.288718, 0.955765, 0.05, 0.0773973, -0.051681, 0.115347, 0.14821, 1005.03, 8051.93, 10, 2e-20, 3e-20, 2e-20, 2e-20, -1
0.318692, -0.283425, 0.994431, 0.05, -0.0205045, -0.00469278, 0.180719, 0.181939, 1001.62, 2592.34, 10, 2e-20, 3e-20, 2e-20, 2e-20, -1
0.269329, -0.306118, 1.07024, 0.05, -0.0923925, 0.0432038, 0.0776577, 0.128194, 1005.87, 9399.71, 10, 2e-20, 3e-20, 2e-20, 2e-20, -1
0.286834, -0.170835, 1.12507, 0.05, -0.127364, -0.0428759, 0.155553, 0.205564, 1004.35, 6962.28, 10, 2e-20, 3e-20, 2e-20, 2e-20, -1
0.244948, -0.20011, 1.11745, 0.05, -0.0328754, -0.125635, 0.067451, 0.146338, 1002.08, 3326.52, 10, 2e-20, 3e-20, 2e-20, 2e-20, -1
0.208352, -0.124848, 1.16737, 0.05, -0.127439, 0.063965, 0.192764, 0.239771, 1001.03, 1644.98, 10, 2e-20, 3e-20, 2e-20, 2e-20, -1
0.25692, -0.232541, 1.13981, 0.05, -0.124553, 0.116163, 0.0545138, 0.178827, 1002.08, 3322.2, 10, 2e-20, 3e-20, 2e-20, 2e-20, -1
0.239158, -0.171506, 1.21694, 0.05, -0.0876963, 0.00521865, 0.184761, 0.204584, 997.594, -3849.21, 10, 2e-20, 3e-20, 2e-20, 2e-20, -1
0.201073, -0.16962, 1.19383, 0.05, -0.109925, 0.0746754, 0.108674, 0.171668, 1000.93, 1489.24, 10, 2e-20, 3e-20, 2e-20, 2e-20, -1
0.156323, -0.296274, 1.48183, 0.05, -0.103442, 0.0226915, 0.225159, 0.248821, 997.208, -4466.74, 10, 2e-20, 3e-20, 2e-20, 2e-20, -1
0.371251, -0.321676, 0.0514777, 0.05, -0.0813759, 0.0999025, 0.0903794, 0.157388, 1011.07, 17708.2, 10, 2e-20, 3e-20, 2e-20, 2e-20, -1
0.366139, -0.402506, 0.0483522, 0.05, 0.0310156, 0.1234, 0.0421419, 0.134035, 1005.29, 8458.93, 10, 2e-20, 3e-20, 2e-20, 2e-20, -1
0.391911, -0.335806, 0.103228, 0.05, 0.0856187, 0.0202013, 0.0277369, 0.0922387, 1007.12, 11399.2, 10, 2e-20, 3e-20, 2e-20, 2e-20, -1
0.39789, -0.317028, 0.147631, 0.05, -0.134111, 0.0360703, -0.0849152, 0.162781, 1004.9, 7832.84, 10, 2e-20, 3e-20, 2e-20, 2e-20, -1
0.401549, -0.386324, 0.103306, 0.05, -0.0933618, -0.000368123, 0.0379037, 0.100763, 1011.15, 17835.4, 10, 2e-20, 3e-20, 2e-20, 2e-20, -1
0.367498, -0.353204, 0.155407, 0.05, -0.0849235, -0.0227854, -0.0673711, 0.11077, 1007.1, 11361, 10, 2e-20, 3e-20, 2e-20, 2e-20, -1
0.370884, -0.274654, 0.137274, 0.05, -0.131191, -0.0325543, 0.0893889, 0.162053, 1003.95, 6315.01, 10, 2e-20, 3e-20, 2e-20, 2e-20, -1
0.359963, -0.296491, 0.179867, 0.05, -0.0149459, 0.0691202, -0.105389, 0.126917, 1009.5, 15192.5, 10, 2e-20, 3e-20, 2e-20, 2e-20, -1
0.348882, -0.362532, 0.205857, 0.05, 0.0941465, 0.111965, 0.0235876, 0.148176, 1006.28, 10054.7, 10, 2e-20, 3e-20, 2e-20, 2e-20, -1
0.354257, -0.311515, 0.219933, 0.05, 0.104861, 0.144476, 0.130991, 0.221423, 1006.69, 10701.6, 10, 2e-20, 3e-20, 2e-20, 2e-20, -1
0.325507, -0.342551, 0.248479, 0.05, 0.0401607, -0.162911, 0.0446513, 0.173628, 1007.35, 11765.6, 10, 2e-20, 3e-20, 2e-20, 2e-20, -1
0.341038, -0.259923, 0.21973, 0.05, -0.0822521, -0.14306, -0.0462394, 0.171375, 1005.37, 8594.05, 10, 2e-20, 3e-20, 2e-20, 2e-20, -1
0.356446, -0.311415, 0.273136, 0.05, -0.0660994, 0.0552344, -0.123571, 0.150631, 1003.64, 5817.73, 10, 2e-20, 3e-20, 2e-20, 2e-20, -1
0.367601, -0.273105, 0.268827, 0.05, -0.0583662, -0.0548788, -0.0476972, 0.0932379, 1003.29, 5266.62, 10, 2e-20, 3e-20, 2e-20, 2e-20, -1
0.397919, -0.316813, 0.302565, 0.05, 0.0123534, -0.023773, -0.101749, 0.105217, 1002.54, 4061.66, 10, 2e-20, 3e-20, 2e-20, 2e-20, -1
0.340707, -0.25126, 0.314546, 0.05, -0.0916199, -0.172151, -0.0732277, 0.208308, 1006.22, 9946.26, 10, 2e-20, 3e-20, 2e-20, 2e-20, -1
0.357779, -0.277941, 0.360612, 0.05, -0.16745, 0.0134434, -0.0168797, 0.168834, 1009.86, 15773.2, 10, 2e-20, 3e-20, 2e-20, 2e-20, -1
0.377757, -0.22079, 0.339057, 0.05, -0.0725936, 0.00650794, -0.0806647, 0.108715, 1011.1, 17766.1, 10, 2e-20, 3e-20, 2e-20, 2e-20, -1
0.387655, -0.241023, 0.42891, 0.05, 0.0136377, 0.0938066, 0.0672066, 0.1162, 1003.32, 5313.93, 10, 2e-20, 3e-20, 2e-20, 2e-20, -1
0.366607, -0.324564, 0.480433, 0.05, 0.168163, -0.108342, -0.0375369, 0.203533, 1006.23, 9965.73, 10, 2e-20, 3e-20, 2e-20, 2e-20, -1
0.361297, -0.363639, 0.524184, 0.05, 0.107491, -0.111623, -0.0416648, 0.160468, 1008.59, 13736.8, 10, 2e-20, 3e-20, 2e-20, 2e-20, -1
0.401524, -0.353141, 0.555587, 0.05, -0.0578777, -0.088581, -0.0463343, 0.115513, 1005.28, 8453.05, 10, 2e-20, 3e-20, 2e-20, 2e-20, -1
0.364642, -0.288787, 0.509296, 0.05, -0.0126367, 0.0649187, 0.00353587, 0.0662316, 1006.44, 10306.6, 10, 2e-20, 3e-20, 2e-20, 2e-20, -1
0.37198, -0.325504, 0.559169, 0.05, -0.0543989, 0.11798, -0.0509597, 0.139554, 1004.95, 7924.96, 10, 2e-20, 3e-20, 2e-20, 2e-20, -1
0.362979, -0.24432, 0.567147, 0.05, -0.0618473, 0.0569605, 0.0050006, 0.0842294, 1003.02, 4835.83, 10, 2e-20, 3e-20, 2e-20, 2e-20, -1
0.370149, -0.348926, 0.609666, 0.05, 0.0602809, 0.0550914, 0.0545691, 0.0982173, 1001.07, 1704.25, 10, 2e-20, 3e-20, 2e-20, 2e-20, -1
0.362133, -0.289543, 0.60554, 0.05, -0.0215771, -0.0216476, 0.179049, 0.181639, 1006.4, 10233.5, 10, 2e-20, 3e-20, 2e-20, 2e-20, -1
0.39038, -0.240607, 0.618539, 0.05, 0.021232, -0.0910575, 0.0663172, 0.114631, 1005.06, 8090.05, 10, 2e-20, 3e-20, 2e-20, 2e-20, -1
0.354984, -0.247767, 0.658819, 0.05, -0.0387163, -0.0482438, 0.00495899, 0.0620565, 1007.54, 12058.1, 10, 2e-20, 3e-20, 2e-20, 2e-20, -1
0.379822, -0.213197, 0.684892, 0.05, 0.00770264, 0.0241247, -0.0150646, 0.0294665, 1002.59, 4145.26, 10, 2e-20, 3e-20, 2e-20, 2e-20, -1
0.341003, -0.239084, 0.714596, 0.05, -0.244682, -0.0959203, -0.0368558, 0.265383, 1006.03, 9653.39, 10, 2e-20, 3e-20, 2e-20, 2e-20, -1
0.377663, -0.224169, 0.733042, 0.05, -0.06462, 0.0461458, 0.0509999, 0.0943725, 1005.63, 9003.66, 10, 2e-20, 3e-20, 2e-20, 2e-20, -1
0.365462, -0.273823, 0.793819, 0.05, -0.0364301, -0.00636298, 0.000117759, 0.0369818, 999.319, -1089.37, 10, 2e-20, 3e-20, 2e-20, 2e-20, -1
0.425224, -0.207081, 0.750922, 0.05, -0.0654961, -0.0466545, 0.0189276, 0.0826114, 1000.84, 1345.73, 10, 2e-20, 3e-20, 2e-20, 2e-20, -1
0.367336, -0.327289, 0.825793, 0.05, -0.0678346, -0.0231043, 0.045019, 0.0846289, 1006.76, 10813.8, 10, 2e-20, 3e-20, 2e-20, 2e-20, -1
0.405099, -0.222833, 0.819748, 0.05, -0.141686, -0.0414358, 0.0547578, 0.157449, 1010.76, 17219.9, 10, 2e-20, 3e-20, 2e-20, 2e-20, -1
0.399785, -0.237553, 0.874061, 0.05, 0.0281252, -0.172366, 0.0917367, 0.197274, 1002.83, 4524.53, 10, 2e-20, 3e-20, 2e-20, 2e-20, -1
0.365555, -0.206759, 0.891917, 0.05, -0.0232794, -0.0641846, 0.0622208, 0.0923744, 1002.54, 4066.83, 10, 2e-20, 3e-20, 2e-20, 2e-20, -1
0.427241, -0.145211, 0.834438, 0.05, -0.122572, -0.0970814, -0.0241657, 0.158217, 1002.37, 3798.28, 10, 2e-20, 3e-20, 2e-20, 2e-20, -1
0.398109, -0.177673, 0.858981, 0.05, 0.0764711, 0.125705, 0.0412476, 0.15281, 998.615, -2215.79, 10, 2e-20, 3e-20, 2e-20, 2e-20, -1
0.395078, -0.148148, 0.89625, 0.05, -0.103226, -0.0435168, 0.00704128, 0.112245, 1001.37, 2195.65, 10, 2e-20, 3e-20, 2e-20, 2e-20, -1
0.361126, -0.155644, 0.93508, 0.05, -0.0569295, 0.00829022, 0.0373114, 0.06857, 1003.37, 5389.64, 10, 2e-20, 3e-20, 2e-20, 2e-20, -1
0.38921, -0.186838, 0.963294, 0.05, -0.0863692, 0.107269, 0.0722542, 0.155522, 1007.35, 11752, 10, 2e-20, 3e-20, 2e-20, 2e-20, -1
0.306184, -0.303094, 1.03848, 0.05, -0.00685828, 0.0421899, 0.132375, 0.139105, 1001.3, 2085.05, 10, 2e-20, 3e-20, 2e-20, 2e-20, -1
0.352116, -0.224701, 1.00081, 0.05, -0.0412586, -0.102623, 0.0768623, 0.134691, 1004.62, 7386.84, 10, 2e-20, 3e-20, 2e-20, 2e-20, -1
0.282328, -0.218165, 1.07649, 0.05, -0.187361, -0.0492164, 0.111878, 0.223703, 1001.33, 2127.55, 10, 2e-20, 3e-20, 2e-20, 2e-20, -1
0.305045, -0.135431, 1.0932, 0.05, -0.100379, -0.0248781, 0.141807, 0.17551, 998.843, -1851.99, 10, 2e-20, 3e-20, 2e-20, 2e-20, -1
0.291027, -0.12934, 1.16478, 0.05, -0.149184, 0.0427837, 0.0638279, 0.167811, 1001.48, 2370.14, 10, 2e-20, 3e-20, 2e-20, 2e-20, -1
0.178987, -0.0876189, 1.23297, 0.05, -0.0812112, 0.12636, 0.335331, 0.367436, 1002.15, 3441.27, 10, 2e-20, 3e-20, 2e-20, 2e-20, -1
0.177087, -0.221721, 1.21299, 0.05, -0.0867369, -0.155928, 0.0979807, 0.203561, 1002.38, 3805.63, 10, 2e-20, 3e-20, 2e-20, 2e-20, -1
0.183248, -0.165213, 1.45692, 0.05, -0.131697, 0.120845, 0.583514, 0.610275, 998.333, -2667.83, 10, 2e-20, 3e-20, 2e-20, 2e-20, -1
0.348219, -0.268333, 0.0525798, 0.05, 0.0212446, 0.158457, 0.106973, 0.192362, 1010.66, 17056, 10, 2e-20, 3e-20, 2e-20, 2e-20, -1
0.389155, -0.364282, 0.0611743, 0.05, 0.079708, 0.00750856, -0.0687691, 0.105541, 1006.53, 10451.2, 10, 2e-20, 3e-20, 2e-20, 2e-20, -1
0.438755, -0.307773, 0.108605, 0.05, -0.144796, 0.469504, 0.0675872, 0.495952, 1008.11, 12983.5, 10, 2e-20, 3e-20, 2e-20, 2e-20, -1
0.39322, -0.218642, 0.0480482, 0.05, -0.108882, 0.0472521, -0.0376251, 0.124514, 1009.56, 15290.7, 10, 2e-20, 3e-20, 2e-20, 2e-20, -1
0.395466, -0.285485, 0.100476, 0.05, -0.0226788, 0.0292875, 0.0911087, 0.0983508, 1003.53, 5648.64, 10, 2e-20, 3e-20, 2e-20, 2e-20, -1
0.401389, -0.227908, 0.119808, 0.05, -0.1032, 0.0483269, -0.0172849, 0.115258, 1007.01, 11223.3, 10, 2e-20, 3e-20, 2e-20, 2e-20, -1
0.387644, -0.227918, 0.166643, 0.05, 0.0955012, -0.0933679, -0.184712, 0.22794, 1008.06, 12896.3, 10, 2e-20, 3e-20, 2e-20, 2e-20, -1
0.417455, -0.168009, 0.151764, 0.05, -0.105739, -0.0691145, -0.00169898, 0.126335, 1009.77, 15638.3, 10, 2e-20, 3e-20, 2e-20, 2e-20, -1
0.374645, -0.221305, 0.205394, 0.05, -0.0770645, 0.00818887, 0.102317, 0.128354, 1007.82, 12506.7, 10, 2e-20, 3e-20, 2e-20, 2e-20, -1
0.390477, -0.14765, 0.192352, 0.05, 0.0666077, -0.0989672, 0.0701486, 0.13839, 1004.98, 7965.34, 10, 2e-20, 3e-20, 2e-20, 2e-20, -1
0.393692, -0.259392, 0.229746, 0.05, 0.0182244, -0.113619, 0.0290072, 0.118671, 1006.36, 10168.1, 10, 2e-20, 3e-20, 2e-20, 2e-20, -1
0.413242, -0.188427, 0.198024, 0.05, -0.0258389, -0.0636768, -0.0428312, 0.0809746, 1010.87, 17392.4, 10, 2e-20, 3e-20, 2e-20, 2e-20, -1
0.411683, -0.21309, 0.248056, 0.05, -0.121664, -0.0895131, -0.0179861, 0.152113, 1007.19, 11506.8, 10, 2e-20, 3e-20, 2e-20, 2e-20, -1
0.374792, -0.219958, 0.285256, 0.05, -0.00253549, -0.0374847, -0.0519629, 0.0641223, 1007.6, 12161.8, 10, 2e-20, 3e-20, 2e-20, 2e-20, -1
0.382368, -0.128311, 0.343355, 0.05, -0.0133612, -0.0162054, -0.0380208, 0.0434364, 1002.06, 3288.39, 10, 2e-20, 3e-20, 2e-20, 2e-20, -1
0.373221, -0.169285, 0.317239, 0.05, 0.0236597, -0.0597436, -0.0271342, 0.069752, 1007.02, 11227, 10, 2e-20, 3e-20, 2e-20, 2e-20, -1
0.42082, -0.156064, 0.326462, 0.05, -0.0973711, 0.072283, -0.0346584, 0.126124, 1009.2, 14726.2, 10, 2e-20, 3e-20, 2e-20, 2e-20, -1
0.401185, -0.125117, 0.393928, 0.05, 0.0485704, 0.104535, -0.047671, 0.124737, 1010.86, 17368.9, 10, 2e-20, 3e-20, 2e-20, 2e-20, -1
0.384391, -0.177471, 0.366497, 0.05, -0.00965476, -0.0153917, -0.142691, 0.143843, 1005.33, 8534.08, 10, 2e-20, 3e-20, 2e-20, 2e-20, -1
0.399777, -0.175213, 0.413978, 0.05, 0.00350021, -0.0798585, 0.00915422, 0.0804577, 1003.46, 5542.34, 10, 2e-20, 3e-20, 2e-20, 2e-20, -1
0.410681, -0.221664, 0.474065, 0.05, 0.0296213, 0.0784674, -0.124866, 0.15042, 1007.93, 12690.2, 10, 2e-20, 3e-20, 2e-20, 2e-20, -1
0.413308, -0.279083, 0.486508, 0.05, 0.0621972, 0.0246804, -0.0422444, 0.0791341, 1006.43, 10295.8, 10, 2e-20, 3e-20, 2e-20, 2e-20, -1
0.389041, -0.243353, 0.513824, 0.05, 0.0363932, 0.0746279, 0.0658622, 0.105979, 1006.91, 11048.9, 10, 2e-20, 3e-20, 2e-20, 2e-20, -1
0.43084, -0.269884, 0.538606, 0.05, -0.0205643, 0.0315603, 0.0532413, 0.0652195, 1005.3, 8487.85, 10, 2e-20, 3e-20, 2e-20, 2e-20, -1
0.465794, -0.139156, 0.546197, 0.05, -0.0650271, 0.0378743, 0.0193621, 0.0777037, 1004.5, 7205.55, 10, 2e-20, 3e-20, 2e-20, 2e-20, -1
0.409429, -0.179426, 0.580246, 0.05, -0.0362109, -0.0475098, -0.016664, 0.0620169, 1003.39, 5428.47, 10, 2e-20, 3e-20, 2e-20, 2e-20, -1
0.425617, -0.134007, 0.57895, 0.05, -0.0167302, -0.0022825, -0.0280138, 0.0327091, 1005.05, 8085.84, 10, 2e-20, 3e-20, 2e-20, 2e-20, -1
0.38089, -0.187648, 0.620292, 0.05, -0.0608549, -0.0677483, -0.0844299, 0.124184, 1008.42, 13478.7, 10, 2e-20, 3e-20, 2e-20, 2e-20, -1
0.440609, -0.146245, 0.630585, 0.05, -0.042858, -0.00216844, 0.0317807, 0.0533997, 1003.61, 5772.18, 10, 2e-20, 3e-20, 2e-20, 2e-20, -1
0.389205, -0.1336, 0.630726, 0.05, -0.0252773, 0.0466426, -0.0130416, 0.0546311, 1005.03, 8045.44, 10, 2e-20, 3e-20, 2e-20, 2e-20, -1
0.429788, -0.211879, 0.699331, 0.05, -0.0816459, -0.0402357, -0.0443188, 0.101238, 1004.14, 6616.3, 10, 2e-20, 3e-20, 2e-20, 2e-20, -1
0.470085, -0.139392, 0.695922, 0.05, -0.00809188, 0.0739459, -0.0215917, 0.0774576, 1006.79, 10863.8, 10, 2e-20, 3e-20, 2e-20, 2e-20, -1
0.425357, -0.164431, 0.714048, 0.05, -0.139295, -0.026196, -0.0934393, 0.169765, 1004.89, 7828.94, 10, 2e-20, 3e-20, 2e-20, 2e-20, -1
0.483222, -0.095382, 0.728866, 0.05, -0.00648716, -0.0670976, -0.0286453, 0.0732443, 1006.07, 9710.21, 10, 2e-20, 3e-20, 2e-20, 2e-20, -1
0.46177, -0.155239, 0.749333, 0.05, 0.0860662, -0.00648382, 0.00664566, 0.0865656, 1002.63, 4203.84, 10, 2e-20, 3e-20, 2e-20, 2e-20, -1
0.457398, -0.0776139, 0.775173, 0.05, -0.101551, 0.0411048, -0.121245, 0.163409, 1004.32, 6917.9, 10, 2e-20, 3e-20, 2e-20, 2e-20, -1
0.447212, -0.184799, 0.792152, 0.05, 0.019229, 0.00106064, 0.064312, 0.0671336, 1004.03, 6447.56, 10, 2e-20, 3e-20, 2e-20, 2e-20, -1
0.459124, -0.12534, 0.794817, 0.05, -0.00369698, -0.0653129, 0.048007, 0.0811426, 1002.14, 3428.68, 10, 2e-20, 3e-20, 2e-20, 2e-20, -1
0.443087, -0.101879, 0.872525, 0.05, -0.0396993, -0.0108293, 0.0525663, 0.0667572, 1004.46, 7141.77, 10, 2e-20, 3e-20, 2e-20, 2e-20, -1
0.414406, -0.0988543, 0.929879, 0.05, -0.0229688, 0.00732041, 0.134602, 0.136744, 1005.47, 8754.54, 10, 2e-20, 3e-20, 2e-20, 2e-20, -1
0.42282, -0.0577291, 0.976324, 0.05, -0.0182767, -0.00739885, 0.124903, 0.12645, 1006.54, 10469.8, 10, 2e-20, 3e-20, 2e-20, 2e-20, -1
0.375455, -0.120889, 0.974696, 0.05, -0.0732185, -0.0394793, 0.172972, 0.191934, 997.702, -3676.75, 10, 2e-20, 3e-20, 2e-20, 2e-20, -1
0.367687, -0.107009, 1.02169, 0.05, -0.0742485, -0.0469303, -0.0161095, 0.0893018, 1001.41, 2263.21, 10, 2e-20, 3e-20, 2e-20, 2e-20, -1
0.360664, -0.154753, 1.01735, 0.05, -0.0575463, -0.00741004, 0.0962994, 0.112428, 999.434, -905.793, 10, 2e-20, 3e-20, 2e-20, 2e-20, -1
0.323944, -0.105672, 1.04873, 0.05, -0.207104, 0.10899, -0.0199288, 0.234878, 1003.36, 5375.57, 10, 2e-20, 3e-20, 2e-20, 2e-20, -1
0.314211, -0.15996, 1.04244, 0.05, -0.140926, -0.0693942, 0.0856001, 0.178894, 1000.61, 979.338, 10, 2e-20, 3e-20, 2e-20, 2e-20, -1
0.282397, -0.0929034, 1.13554, 0.05, -0.0744288, -0.00358388, 0.177275, 0.192299, 1002.49, 3986.26, 10, 2e-20, 3e-20, 2e-20, 2e-20, -1
0.25002, -0.111679, 1.17349, 0.05, -0.106856, -0.0406971, 0.19149, 0.223031, 1004.31, 6899.83, 10, 2e-20, 3e-20, 2e-20, 2e-20, -1
0.163481, -0.0313753, 1.20339, 0.05, -0.108443, 0.0394426, 0.16665, 0.202701, 997.965, -3256.11, 10, 2e-20, 3e-20, 2e-20, 2e-20, -1
0.133307, -0.113297, 1.25741, 0.05, -0.103764, 0.026528, 0.108283, 0.152302, 1000.88, 1406.43, 10, 2e-20, 3e-20, 2e-20, 2e-20, -1
0.155313, -0.155062, 1.45014, 0.05, -0.103226, 0.172547, 0.479035, 0.519521, 997.36, -4224.73, 10, 2e-20, 3e-20, 2e-20, 2e-20, -1
0.370789, -0.110578, 0.0516642, 0.05, 0.0590613, -0.123434, 0.0101952, 0.137216, 1010.34, 16548.7, 10, 2e-20, 3e-20, 2e-20, 2e-20, -1
0.396109, -0.161523, 0.0513726, 0.05, 0.0531795, -0.0389098, -0.0879188, 0.109872, 1008.38, 13410.7, 10, 2e-20, 3e-20, 2e-20, 2e-20, -1
0.339824, -0.162088, 0.112399, 0.05, -0.155376, -0.120823, -0.0406111, 0.200971, 1008.97, 14345.6, 10, 2e-20, 3e-20, 2e-20, 2e-20, -1
0.356731, -0.1117, 0.10842, 0.05, -0.0703246, 0.0648755, -0.0554396, 0.11058, 1005.62, 8992.8, 10, 2e-20, 3e-20, 2e-20, 2e-20, -1
0.315002, -0.12915, 0.148538, 0.05, -0.104083, -0.0571395, -0.119075, 0.168157, 1007.81, 12491.3, 10, 2e-20, 3e-20, 2e-20, 2e-20, -1
0.368429, -0.197719, 0.0916686, 0.05, -0.0222054, 0.0185826, 0.000131916, 0.0289553, 1008.56, 13701.9, 10, 2e-20, 3e-20, 2e-20, 2e-20, -1
0.386114, -0.152067, 0.103779, 0.05, -0.250167, 0.100095, -0.0821978, 0.281707, 1007.99, 12781.4, 10, 2e-20, 3e-20, 2e-20, 2e-20, -1
0.428586, -0.0682219, 0.168906, 0.05, -0.0944849, -0.204831, -0.00176767, 0.22558, 1013.55, 21684.1, 10, 2e-20, 3e-20, 2e-20, 2e-20, -1
0.363876, -0.131092, 0.157967, 0.05, -0.0727818, -0.111181, -0.0145476, 0.133679, 1010.25, 16399, 10, 2e-20, 3e-20, 2e-20, 2e-20, -1
0.379058, -0.0895536, 0.171763, 0.05, 0.0416826, 0.0652601, -0.116863, 0.14019, 1009.65, 15444.5, 10, 2e-20, 3e-20, 2e-20, 2e-20, -1
0.418434, -0.100473, 0.20825, 0.05, 0.0426559, -0.135653, -0.00834673, 0.142446, 1006.45, 10324.3, 10, 2e-20, 3e-20, 2e-20, 2e-20, -1
0.447641, -0.0913246, 0.245348, 0.05, -0.110612, -0.105728, -0.191153, 0.244853, 1010.16, 16262.1, 10, 2e-20, 3e-20, 2e-20, 2e-20, -1
0.406924, -0.138064, 0.239883, 0.05, 0.106467, -0.0616792, -0.0694335, 0.141282, 1004.67, 7471.14, 10, 2e-20, 3e-20, 2e-20, 2e-20, -1
0.381667, -0.115076, 0.280862, 0.05, 0.107805, -0.132043, -0.0434, 0.1759, 1008.52, 13635.6, 10, 2e-20, 3e-20, 2e-20, 2e-20, -1
0.463909, -0.110152, 0.321034, 0.05, -0.104927, -0.0897941, -0.0291888, 0.141154, 1006.43, 10281.5, 10, 2e-20, 3e-20, 2e-20, 2e-20, -1
0.4157, -0.0987801, 0.328182, 0.05, -0.0116403, -0.0945084, -0.019232, 0.0971452, 1005.87, 9393.25, 10, 2e-20, 3e-20, 2e-20, 2e-20, -1
0.444412, -0.116342, 0.363716, 0.05, -0.126446, -0.0670872, -0.029901, 0.146231, 1004.41, 7063.43, 10, 2e-20, 3e-20, 2e-20, 2e-20, -1
0.487075, -0.0514536, 0.381968, 0.05, -0.000963502, -0.018261, 0.000188029, 0.0182874, 1003.17, 5076.46, 10, 2e-20, 3e-20, 2e-20, 2e-20, -1
0.456093, -0.124719, 0.412951, 0.05, -0.0376738, -0.0186315, -0.0328602, 0.0533501, 1008.92, 14272, 10, 2e-20, 3e-20, 2e-20, 2e-20, -1
0.465765, -0.169856, 0.4255, 0.05, -0.0612402, 0.108076, -0.0426648, 0.131343, 1004.4, 7034.09, 10, 2e-20, 3e-20, 2e-20, 2e-20, -1
0.453444, -0.138825, 0.458692, 0.05, -0.10658, -0.040412, -0.00825059, 0.114283, 1006.84, 10944.5, 10, 2e-20, 3e-20, 2e-20, 2e-20, -1
0.417952, -0.175827, 0.468614, 0.05, -0.00926998, 0.0461735, -0.0320975, 0.0569928, 1002.29, 3656.99, 10, 2e-20, 3e-20, 2e-20, 2e-20, -1
0.433823, -0.0986244, 0.469266, 0.05, 0.0591821, -0.101567, 0.103352, 0.156525, 1001.98, 3163.11, 10, 2e-20, 3e-20, 2e-20, 2e-20, -1
0.461445, -0.181366, 0.522351, 0.05, -0.0198858, -0.0714216, 0.0635044, 0.0976181, 1004.35, 6955.9, 10, 2e-20, 3e-20, 2e-20, 2e-20, -1
0.439518, -0.104778, 0.521388, 0.05, -0.0846172, -0.00654335, -0.0210621, 0.0874443, 1002.9, 4646.22, 10, 2e-20, 3e-20, 2e-20, 2e-20, -1
0.464948, -0.0878747, 0.566101, 0.05, -0.0171617, -0.0715548, 0.047105, 0.0873699, 1005.12, 8186.77, 10, 2e-20, 3e-20, 2e-20, 2e-20, -1
0.438674, -0.0410505, 0.576028, 0.05, -0.049213, -0.0207928, -0.00247232, 0.0534824, 1006.55, 10481.7, 10, 2e-20, 3e-20, 2e-20, 2e-20, -1
0.47578, -0.109849, 0.613069, 0.05, -0.0712295, 0.0422717, -0.0348449, 0.0898593, 1006.19, 9902.17, 10, 2e-20, 3e-20, 2e-20, 2e-20, -1
0.470955, -0.0637931, 0.618137, 0.05, -0.0602195, -0.0786207, -0.0678842, 0.120066, 999.803, -315.354, 10, 2e-20, 3e-20, 2e-20, 2e-20, -1
0.504397, -0.0629638, 0.685728, 0.05, 0.00753528, -0.12238, 0.0275549, 0.12567, 1002.89, 4628.22, 10, 2e-20, 3e-20, 2e-20, 2e-20, -1
0.471148, -0.100974, 0.663697, 0.05, -0.0727486, -0.0741058, -0.00435878, 0.103938, 1004.18, 6688.93, 10, 2e-20, 3e-20, 2e-20, 2e-20, -1
0.433258, -0.0186041, 0.672556, 0.05, -0.0398296, -0.0237807, -0.0699683, 0.0839493, 1004.93, 7889.2, 10, 2e-20, 3e-20, 2e-20, 2e-20, -1
0.489872, 0.019744, 0.69552, 0.05, -0.0965407, -0.0551297, -0.110137, 0.156491, 1004.97, 7952.53, 10, 2e-20, 3e-20, 2e-20, 2e-20, -1
0.425019, -0.125555, 0.674904, 0.05, -0.0715537, -0.0330684, -0.0478457, 0.0922099, 998.771, -1965.67, 10, 2e-20, 3e-20, 2e-20, 2e-20, -1
0.451567, -0.063542, 0.691831, 0.05, -0.031268, 0.00830494, 0.0484751, 0.0582795, 1005.89, 9422.17, 10, 2e-20, 3e-20, 2e-20, 2e-20, -1
0.504428, -0.044409, 0.783807, 0.05, 0.00649405, 0.0107287, 0.0582527, 0.0595874, 1005.36, 8568.3, 10, 2e-20, 3e-20, 2e-20, 2e-20, -1
0.504042, -0.098053, 0.774525, 0.05, 0.04134, -0.0997377, -0.031458, 0.112455, 1004.93, 7883.44, 10, 2e-20, 3e-20, 2e-20, 2e-20, -1
0.467896, -0.0831885, 0.823829, 0.05, 0.0537562, -0.0354607, 0.0710572, 0.0958974, 1002.38, 3814.95, 10, 2e-20, 3e-20, 2e-20, 2e-20, -1
0.429835, -0.0474262, 0.902563, 0.05, 0.0413737, 0.0226774, 0.0538699, 0.0716101, 1006.48, 10365.9, 10, 2e-20, 3e-20, 2e-20, 2e-20, -1
0.477968, -0.0456733, 0.894293, 0.05, -0.0328571, -0.0927679, 0.0639043, 0.117342, 1000.03, 43.2613, 10, 2e-20, 3e-20, 2e-20, 2e-20, -1
0.39119, -0.0497577, 0.925916, 0.05, -0.012238, -0.0514598, -0.0272094, 0.059483, 1003.01, 4808.15, 10, 2e-20, 3e-20, 2e-20, 2e-20, -1
0.416898, -0.0147556, 0.951089, 0.05, 0.105797, -0.0445589, 0.134783, 0.177045, 1002.33, 3734.1, 10, 2e-20, 3e-20, 2e-20, 2e-20, -1
0.394825, -0.0772084, 1.04021, 0.05, -0.0414065, 0.0779624, 0.158182, 0.181147, 1000.75, 1205.82, 10, 2e-20, 3e-20, 2e-20, 2e-20, -1
0.366758, -0.0364533, 1.06789, 0.05, -0.0392575, -0.0175969, 0.153636, 0.159546, 1000.91, 1452.01, 10, 2e-20, 3e-20, 2e-20, 2e-20, -1
0.365139, -0.079119, 1.08732, 0.05, -0.0499723, 0.103211, 0.0858996, 0.143278, 1005.19, 8304.79, 10, 2e-20, 3e-20, 2e-20, 2e-20, -1
0.313589, -0.0660864, 1.09694, 0.05, -0.0739505, -0.0265036, -0.0222096, 0.0816357, 999.906, -149.712, 10, 2e-20, 3e-20, 2e-20, 2e-20, -1
0.320564, -0.0651046, 1.15333, 0.05, -0.0822739, 0.0176849, 0.234186, 0.248847, 998.165, -2935.76, 10, 2e-20, 3e-20, 2e-20, 2e-20, -1
0.196387, -0.0727044, 1.19163, 0.05, -0.0835358, -0.0261593, 0.0896936, 0.12533, 1002.48, 3968.82, 10, 2e-20, 3e-20, 2e-20, 2e-20, -1
0.148238, 0.00148951, 1.25575, 0.05, -0.0673464, -0.0333882, 0.173801, 0.18936, 998.857, -1828.38, 10, 2e-20, 3e-20, 2e-20, 2e-20, -1
0.147144, -0.0284479, 1.31363, 0.05, 0.0511427, -0.0165254, 0.20105, 0.20811, 997.289, -4338.31, 10, 2e-20, 3e-20, 2e-20, 2e-20, -1
0.0415281, -0.067328, 1.28957, 0.05, -0.023901, 0.0626005, 0.0354393, 0.0758026, 999.96, -63.803, 10, 2e-20, 3e-20, 2e-20, 2e-20, -1
0.359535, -0.05647, 0.0523629, 0.05, -0.015203, 0.107022, 0.00920259, 0.108487, 1012.48, 19966.2, 10, 2e-20, 3e-20, 2e-20, 2e-20, -1
0.425757, -0.103329, 0.0481622, 0.05, 0.0549839, 0.0448569, 0.0894967, 0.114215, 1008.92, 14269.1, 10, 2e-20, 3e-20, 2e-20, 2e-20, -1
0.395317, -0.0899255, 0.0891632, 0.05, -0.0247017, 0.0226621, 0.13459, 0.138702, 1005.19, 8309.09, 10, 2e-20, 3e-20, 2e-20, 2e-20, -1
0.480458, -0.0752543, 0.103442, 0.05, -0.0391299, -0.245627, -0.0439834, 0.252583, 1012.78, 20447, 10, 2e-20, 3e-20, 2e-20, 2e-20, -1
0.431224, -0.0751371, 0.1243, 0.05, -0.0939047, -0.0905071, -0.0784237, 0.152184, 1004.84, 7747.5, 10, 2e-20, 3e-20, 2e-20, 2e-20, -1
0.412495, -0.118965, 0.129414, 0.05, 0.100791, 0.0710007, -0.0105207, 0.123736, 1007.87, 12599, 10, 2e-20, 3e-20, 2e-20, 2e-20, -1
0.447764, -0.0296891, 0.139703, 0.05, -0.0866998, -0.103325, -0.088031, 0.161067, 1008.71, 13932, 10, 2e-20, 3e-20, 2e-20, 2e-20, -1
0.498006, -0.0453788, 0.202626, 0.05, 0.0429625, -0.0519601, -0.0304913, 0.0739956, 1000.39, 629.105, 10, 2e-20, 3e-20, 2e-20, 2e-20, -1
0.397649, -0.0319781, 0.148714, 0.05, -0.0467034, -0.113021, -0.136171, 0.183023, 1001.1, 1767.88, 10, 2e-20, 3e-20, 2e-20, 2e-20, -1
0.448304, -0.0516283, 0.210273, 0.05, -0.0593587, -0.116938, 0.0252833, 0.133556, 1001.48, 2369.48, 10, 2e-20, 3e-20, 2e-20, 2e-20, -1
0.423616, -0.0188188, 0.188839, 0.05, -0.0103979, -0.0702893, 0.0254843, 0.0754861, 1009.21, 14733, 10, 2e-20, 3e-20, 2e-20, 2e-20, -1
0.42103, -0.0411217, 0.241737, 0.05, -0.00803728, 0.0407783, -0.013555, 0.0437173, 1005.87, 9397.23, 10, 2e-20, 3e-20, 2e-20, 2e-20, -1
0.377413, -0.0632281, 0.257211, 0.05, 0.00176208, -0.0834453, -0.0077005, 0.0838184, 1006.24, 9985.73, 10, 2e-20, 3e-20, 2e-20, 2e-20, -1
0.384279, -0.00725722, 0.272945, 0.05, 0.0819533, -0.096213, 0.00244976, 0.126409, 1005.47, 8757.83, 10, 2e-20, 3e-20, 2e-20, 2e-20, -1
0.416932, -0.0766192, 0.285225, 0.05, -0.128862, -0.0862792, 0.0706067, 0.170396, 1010.25, 16407.8, 10, 2e-20, 3e-20, 2e-20, 2e-20, -1
0.394701, 0.0453882, 0.286143, 0.05, 0.00856425, -0.0677841, 0.140123, 0.155893, 1005.8, 9277.67, 10, 2e-20, 3e-20, 2e-20, 2e-20, -1
0.372445, -0.0736058, 0.341269, 0.05, 0.0801209, -0.0321287, 0.0274001, 0.0905669, 1004.52, 7232.09, 10, 2e-20, 3e-20, 2e-20, 2e-20, -1
0.399753, -0.0385235, 0.366571, 0.05, -0.00776142, -0.158541, -0.0477663, 0.165763, 1009.73, 15570.6, 10, 2e-20, 3e-20, 2e-20, 2e-20, -1
0.41837, -0.0113501, 0.410765, 0.05, -0.0459754, 0.0309894, 0.0889554, 0.10482, 1003.71, 5933.35, 10, 2e-20, 3e-20, 2e-20, 2e-20, -1
0.472129, -0.079328, 0.430712, 0.05, 0.0747842, -0.0705065, -0.0372722, 0.10933, 1002.11, 3369.76, 10, 2e-20, 3e-20, 2e-20, 2e-20, -1
0.366464, 0.000570136, 0.404281, 0.05, 0.0917893, 0.0878218, 0.0471151, 0.135491, 1002.98, 4770.89, 10, 2e-20, 3e-20, 2e-20, 2e-20, -1
0.432276, -0.0514047, 0.447504, 0.05, 0.0109956, 0.0995843, -0.0208715, 0.10234, 1005.98, 9570.91, 10, 2e-20, 3e-20, 2e-20, 2e-20, -1
0.468471, -0.0193797, 0.459478, 0.05, -0.0286966, 0.0202779, 0.0570211, 0.0669783, 1001.32, 2116.24, 10, 2e-20, 3e-20, 2e-20, 2e-20, -1
0.462326, -0.0601825, 0.494356, 0.05, -0.0557328, 0.00891075, -0.0041491, 0.056593, 1008.37, 13393.6, 10, 2e-20, 3e-20, 2e-20, 2e-20, -1
0.475535, -0.0407684, 0.546508, 0.05, -0.0324896, -0.045757, -0.0433887, 0.0709356, 1005.38, 8603.7, 10, 2e-20, 3e-20, 2e-20, 2e-20, -1
0.436495, 0.036781, 0.572792, 0.05, -0.0979955, -0.0676692, -0.188666, 0.223108, 1006.94, 11102.6, 10, 2e-20, 3e-20, 2e-20, 2e-20, -1
0.425656, -0.0588586, 0.525934, 0.05, -0.0550913, -0.0919706, -0.00288953, 0.107247, 1002.65, 4232.3, 10, 2e-20, 3e-20, 2e-20, 2e-20, -1
0.388253, 0.0486353, 0.579054, 0.05, -0.015892, 0.062969, -0.0287197, 0.0710103, 1007.41, 11856.4, 10, 2e-20, 3e-20, 2e-20, 2e-20, -1
0.405435, -0.00797588, 0.588522, 0.05, 0.0115529, -0.0391819, 0.0346667, 0.0535768, 1007.48, 11963.8, 10, 2e-20, 3e-20, 2e-20, 2e-20, -1
0.428406, 0.0168201, 0.624669, 0.05, 0.0141675, -0.0825899, -0.0646032, 0.105808, 1004.61, 7373.13, 10, 2e-20, 3e-20, 2e-20, 2e-20, -1
0.456123, -0.0273613, 0.627579, 0.05, -0.0524322, -0.0557736, -0.0325083, 0.0831662, 1006.08, 9730.19, 10, 2e-20, 3e-20, 2e-20, 2e-20, -1
0.439909, 0.0430093, 0.662704, 0.05, -0.0210838, 0.0119941, 0.0253508, 0.0350863, 1003.14, 5019.59, 10, 2e-20, 3e-20, 2e-20, 2e-20, -1
0.48147, -0.0025118, 0.752064, 0.05, -0.10811, -0.00637475, 0.0131481, 0.109093, 1002.27, 3627.28, 10, 2e-20, 3e-20, 2e-20, 2e-20, -1
0.471362, -0.046304, 0.734213, 0.05, -0.0281391, -0.0363039, 0.0154425, 0.0484588, 999.976, -39.115, 10, 2e-20, 3e-20, 2e-20, 2e-20, -1
0.489452, 0.0016467, 0.808564, 0.05, 0.0218836, -0.0230921, -0.0120598, 0.0340232, 1001.05, 1682.91, 10, 2e-20, 3e-20, 2e-20, 2e-20, -1
0.444707, 0.0140951, 0.795916, 0.05, 0.0131815, -0.0438668, -0.0710069, 0.0844987, 1006.78, 10850.1, 10, 2e-20, 3e-20, 2e-20, 2e-20, -1
0.454252, -0.0364182, 0.804733, 0.05, -0.0842576, 0.0701436, 0.0449856, 0.118504, 1003.41, 5459.32, 10, 2e-20, 3e-20, 2e-20, 2e-20, -1
0.408126, -0.0113669, 0.808155, 0.05, -0.0609179, -0.0590724, -0.0143964, 0.0860686, 996.307, -5908.09, 10, 2e-20, 3e-20, 2e-20, 2e-20, -1
0.432605, -0.0582435, 0.846499, 0.05, -0.104477, 0.0868977, 0.0738579, 0.154666, 1001.42, 2273.91, 10, 2e-20, 3e-20, 2e-20, 2e-20, -1
0.430614, 0.0271973, 0.842395, 0.05, 0.00504814, -0.0120368, 0.0398319, 0.0419159, 1004.84, 7742.76, 10, 2e-20, 3e-20, 2e-20, 2e-20, -1
0.437232, -0.0150346, 0.862377, 0.05, 0.00394039, -0.0859834, 0.124184, 0.151097, 1006.66, 10649.4, 10, 2e-20, 3e-20, 2e-20, 2e-20, -1
0.449671, 0.0106838, 0.920251, 0.05, -0.0116288, 0.025926, 0.0698599, 0.0754175, 1000.91, 1455.63, 10, 2e-20, 3e-20, 2e-20, 2e-20, -1
0.350849, -0.027341, 0.993967, 0.05, -0.145778, -0.014158, 0.00696967, 0.146629, 1001.34, 2149.93, 10, 2e-20, 3e-20, 2e-20, 2e-20, -1
0.399192, -0.025372, 1.02266, 0.05, 0.0588431, -0.0250921, 0.0934531, 0.11325, 1005.89, 9425.17, 10, 2e-20, 3e-20, 2e-20, 2e-20, -1
0.378965, 0.0229816, 1.05746, 0.05, 0.105674, -0.0396842, 0.129444, 0.171749, 1002.84, 4545.14, 10, 2e-20, 3e-20, 2e-20, 2e-20, -1
0.316183, -0.0245041, 1.11182, 0.05, 0.0163647, 0.0210394, 0.0942239, 0.0979214, 1001.93, 3080.48, 10, 2e-20, 3e-20, 2e-20, 2e-20, -1
0.340785, 0.00955606, 1.0902, 0.05, -0.000137111, -0.0332287, 0.163087, 0.166438, 1006.28, 10053.5, 10, 2e-20, 3e-20, 2e-20, 2e-20, -1
0.284087, -0.0265008, 1.17383, 0.05, -0.0319291, 0.0905358, 0.0610091, 0.113747, 998.162, -2941.57, 10, 2e-20, 3e-20, 2e-20, 2e-20, -1
0.248539, -0.0256415, 1.22415, 0.05, -0.0424791, -0.0728211, 0.14824, 0.170536, 1002.69, 4297.64, 10, 2e-20, 3e-20, 2e-20, 2e-20, -1
0.167719, -0.00402638, 1.37939, 0.05, -0.211192, -0.0219604, 0.373052, 0.429246, 1001.18, 1881.51, 10, 2e-20, 3e-20, 2e-20, 2e-20, -1
0.0800773, -0.122429, 1.41314, 0.05, 0.0397101, 0.0269278, 0.258324, 0.262742, 998.387, -2581.03, 10, 2e-20, 3e-20, 2e-20, 2e-20, -1
0.451728, 0.00484044, 0.0522663, 0.05, -0.106317, -0.061152, -0.0625199, 0.137665, 1018.22, 29144.9, 10, 2e-20, 3e-20, 2e-20, 2e-20, -1
0.453449, 0.0765798, 0.0468989, 0.05, -0.0568987, -0.073741, 0.0212749, 0.0955396, 1014.68, 23490, 10, 2e-20, 3e-20, 2e-20, 2e-20, -1
0.511386, -0.0149474, 0.0521189, 0.05, -0.0352285, 0.0514357, 0.0130666, 0.0636978, 1014.05, 22487.7, 10, 2e-20, 3e-20, 2e-20, 2e-20, -1
0.457254, -0.0315298, 0.0901258, 0.05, -0.161526, 0.00629833, -0.0838976, 0.182124, 1017.72, 28344.2, 10, 2e-20, 3e-20, 2e-20, 2e-20, -1
0.431084, 0.0363224, 0.108147, 0.05, -0.108265, -0.023511, -0.0425472, 0.118677, 1004.98, 7974.43, 10, 2e-20, 3e-20, 2e-20, 2e-20, -1
0.461606, 0.0096416, 0.113717, 0.05, -0.0636232, 0.019722, -0.0850189, 0.108005, 1001.58, 2533.28, 10, 2e-20, 3e-20, 2e-20, 2e-20, -1
0.404104, -0.0392251, 0.100101, 0.05, 0.0685292, -0.112619, -0.00930507, 0.132159, 1004.52, 7236.67, 10, 2e-20, 3e-20, 2e-20, 2e-20, -1
0.3964, 0.0065965, 0.105076, 0.05, 0.143765, 0.0162713, 0.0508718, 0.153366, 1004.77, 7628.42, 10, 2e-20, 3e-20, 2e-20, 2e-20, -1
0.353392, -0.0179113, 0.102891, 0.05, -0.0223763, -0.1658, -0.104616, 0.197319, 1012.17, 19471.3, 10, 2e-20, 3e-20, 2e-20, 2e-20, -1
0.447462, 0.0174098, 0.156784, 0.05, -0.0384133, 0.0556076, -0.0467295, 0.0821671, 1004.66, 7450.27, 10, 2e-20, 3e-20, 2e-20, 2e-20, -1
0.39563, 0.0160821, 0.152209, 0.05, -0.0180055, 0.0104385, -0.0685367, 0.0716271, 1007.65, 12244.5, 10, 2e-20, 3e-20, 2e-20, 2e-20, -1
0.434357, -0.00528235, 0.27071, 0.05, -0.127439, -0.0228308, 0.0029101, 0.129501, 1012.09, 19343.1, 10, 2e-20, 3e-20, 2e-20, 2e-20, -1
0.428493, 0.0994924, 0.250986, 0.05, -0.0121873, -0.0201428, -0.0230699, 0.0329618, 1004.34, 6944.19, 10, 2e-20, 3e-20, 2e-20, 2e-20, -1
0.372679, 0.0546938, 0.255602, 0.05, -0.127169, -0.0105867, -0.0488293, 0.136632, 1009.33, 14932.6, 10, 2e-20, 3e-20, 2e-20, 2e-20, -1
0.381138, 0.110161, 0.259674, 0.05, 0.00777461, -0.0427425, -0.0876269, 0.0978051, 1010.26, 16416.8, 10, 2e-20, 3e-20, 2e-20, 2e-20, -1
0.361651, 0.094176, 0.301191, 0.05, -0.0151347, -0.0395925, -0.0311654, 0.0526109, 1003.34, 5346.04, 10, 2e-20, 3e-20, 2e-20, 2e-20, -1
0.337283, 0.0381667, 0.288983, 0.05, -0.00365866, -0.00556393, 0.0420654, 0.0425892, 1005.54, 8859.88, 10, 2e-20, 3e-20, 2e-20, 2e-20, -1
0.357341, 0.0524425, 0.333184, 0.05, -0.0438405, -0.161713, -0.0217081, 0.168951, 1004.19, 6704.82, 10, 2e-20, 3e-20, 2e-20, 2e-20, -1
0.330111, -0.0441098, 0.326737, 0.05, -0.00622205, -0.0145765, 0.0801678, 0.0817194, 1004.22, 6754.79, 10, 2e-20, 3e-20, 2e-20, 2e-20, -1
0.387637, 0.0153034, 0.358422, 0.05, -0.0347761, 0.124322, -0.0754472, 0.149525, 1003.45, 5520.91, 10, 2e-20, 3e-20, 2e-20, 2e-20, -1
0.400437, 0.0389694, 0.405419, 0.05, -0.08135, -0.042009, 0.0031258, 0.0916098, 1004.31, 6892.19, 10, 2e-20, 3e-20, 2e-20, 2e-20, -1
0.43526, 0.0245164, 0.448556, 0.05, -0.105462, -0.132658, 0.025824, 0.171427, 1005.63, 9000.6, 10, 2e-20, 3e-20, 2e-20, 2e-20, -1
0.393209, 0.00216388, 0.464397, 0.05, 0.0443914, -0.0475315, -0.0106006, 0.0658955, 1005.86, 9377.21, 10, 2e-20, 3e-20, 2e-20, 2e-20, -1
0.430346, -0.0210248, 0.490818, 0.05, -0.00763874, -0.00781294, -0.0702137, 0.0710588, 1004.55, 7274.56, 10, 2e-20, 3e-20, 2e-20, 2e-20, -1
0.411983, 0.0427447, 0.492515, 0.05, 0.00693357, -0.101602, 0.00689702, 0.102072, 1010.1, 16153, 10, 2e-20, 3e-20, 2e-20, 2e-20, -1
0.448042, 0.076277, 0.484151, 0.05, -0.0281833, -0.0678881, 0.0253083, 0.0777407, 1010.25, 16398.9, 10, 2e-20, 3e-20, 2e-20, 2e-20, -1
0.42605, 0.0672762, 0.533283, 0.05, 0.0430347, -0.079832, 0.058244, 0.107784, 1000.36, 577.454, 10, 2e-20, 3e-20, 2e-20, 2e-20, -1
0.471438, 0.0825973, 0.566318, 0.05, -0.0184198, -0.155742, -0.102926, 0.187586, 998.151, -2959.05, 10, 2e-20, 3e-20, 2e-20, 2e-20, -1
0.427204, 0.087177, 0.581112, 0.05, -0.123423, -0.150627, -0.101687, 0.219686, 1004.7, 7513.85, 10, 2e-20, 3e-20, 2e-20, 2e-20, -1
0.462988, 0.064036, 0.615972, 0.05, -0.0512462, -0.0224305, 0.0550305, 0.0784707, 1009.26, 14814.6, 10, 2e-20, 3e-20, 2e-20, 2e-20, -1
0.417271, 0.105941, 0.695018, 0.05, -0.00449611, -0.113495, 0.026296, 0.116589, 1006.08, 9723.67, 10, 2e-20, 3e-20, 2e-20, 2e-20, -1
0.493027, 0.0598756, 0.728656, 0.05, -0.0511434, -0.0745148, -0.0267271, 0.0942466, 1002.21, 3536.72, 10, 2e-20, 3e-20, 2e-20, 2e-20, -1
0.446168, 0.0737811, 0.75757, 0.05, -0.05361, -0.0129661, 0.0100085, 0.0560564, 1004.67, 7476.16, 10, 2e-20, 3e-20, 2e-20, 2e-20, -1
0.457003, 0.0616238, 0.81279, 0.05, -0.047311, -0.0176018, 0.0487938, 0.0702068, 1005.96, 9536.34, 10, 2e-20, 3e-20, 2e-20, 2e-20, -1
0.48375, 0.03893, 0.770164, 0.05, 0.0185674, -0.149501, 0.0320032, 0.154012, 1005.8, 9283.32, 10, 2e-20, 3e-20, 2e-20, 2e-20, -1
0.451816, 0.112143, 0.788446, 0.05, -0.100164, 0.0198121, -0.0221743, 0.104485, 1002.45, 3916.62, 10, 2e-20, 3e-20, 2e-20, 2e-20, -1
0.398083, 0.0399208, 0.790112, 0.05, -0.00945389, 0.0157994, 0.0387905, 0.0429384, 1002.76, 4417.5, 10, 2e-20, 3e-20, 2e-20, 2e-20, -1
0.412641, 0.0816613, 0.800007, 0.05, -0.047443, 0.0496042, 0.0472086, 0.0833071, 999.943, -90.8356, 10, 2e-20, 3e-20, 2e-20, 2e-20, -1
0.422677, 0.073215, 0.856831, 0.05, -0.104836, -0.170354, 0.160674, 0.256568, 1004.34, 6943.58, 10, 2e-20, 3e-20, 2e-20, 2e-20, -1
0.429266, 0.0545757, 0.902474, 0.05, 0.0287948, -0.0469938, -0.0248765, 0.0604682, 1003.3, 5274.33, 10, 2e-20, 3e-20, 2e-20, 2e-20, -1
0.423678, 0.0301542, 0.973796, 0.05, 0.0683439, -0.0911852, 0.137446, 0.178542, 1003.52, 5638.12, 10, 2e-20, 3e-20, 2e-20, 2e-20, -1
0.41721, 0.111585, 0.897342, 0.05, -0.0397416, -0.083933, 0.0544435, 0.107649, 999.412, -940.563, 10, 2e-20, 3e-20, 2e-20, 2e-20, -1
0.385174, 0.00404823, 0.99284, 0.05, 0.0192744, 0.0287426, 0.0827498, 0.0896948, 1004.14, 6616.64, 10, 2e-20, 3e-20, 2e-20, 2e-20, -1
0.370096, 0.0514353, 1.01612, 0.05, -0.0396632, -0.0621118, 0.0388466, 0.0833073, 1001.68, 2682.23, 10, 2e-20, 3e-20, 2e-20, 2e-20, -1
0.310249, 0.0490694, 1.07969, 0.05, -0.168312, -0.0375679, 0.0305329, 0.175136, 1003.71, 5938.09, 10, 2e-20, 3e-20, 2e-20, 2e-20, -1
0.314171, 0.0566108, 1.13898, 0.05, 0.00225158, -0.031843, 0.121331, 0.125461, 1005.3, 8487.54, 10, 2e-20, 3e-20, 2e-20, 2e-20, -1
0.266601, 0.0147043, 1.20361, 0.05, -0.176096, 0.0292815, 0.213287, 0.278134, 998.225, -2840.51, 10, 2e-20, 3e-20, 2e-20, 2e-20, -1
0.325473, 0.011361, 1.16014, 0.05, 0.0988255, -0.0776145, 0.182683, 0.221729, 1005.26, 8414.88, 10, 2e-20, 3e-20, 2e-20, 2e-20, -1
0.193326, 0.00975918, 1.23272, 0.05, -0.0602711, -0.0901998, 0.0501517, 0.119515, 1002.71, 4336.82, 10, 2e-20, 3e-20, 2e-20, 2e-20, -1
0.146889, 0.0654022, 1.28767, 0.05, -0.0821433, 0.0816034, 0.145156, 0.185679, 999.277, -1156.62, 10, 2e-20, 3e-20, 2e-20, 2e-20, -1
0.0784609, -0.0212546, 1.33589, 0.05, 0.00171005, -0.00769079, 0.13151, 0.131746, 998.061, -3103.02, 10, 2e-20, 3e-20, 2e-20, 2e-20, -1
0.397802, 0.101528, 0.0544434, 0.05, 0.122965, 0.00856798, 0.0372087, 0.128756, 1015.21, 24333.3, 10, 2e-20, 3e-20, 2e-20, 2e-20, -1
0.424874, 0.203628, 0.0498565, 0.05, 0.0204489, -0.0308364, -0.0930415, 0.100129, 1008.36, 13373.2, 10, 2e-20, 3e-20, 2e-20, 2e-20, -1
0.368253, 0.158411, 0.0886046, 0.05, -0.0108745, -0.0114344, 0.0506275, 0.0530296, 1004.67, 7464.22, 10, 2e-20, 3e-20, 2e-20, 2e-20, -1
0.406416, 0.126436, 0.0964061, 0.05, -0.0443283, 0.0347915, -0.0803355, 0.0981287, 1009.3, 14885.3, 10, 2e-20, 3e-20, 2e-20, 2e-20, -1
0.342683, 0.117977, 0.108565, 0.05, -0.0329077, -0.0703598, 0.00868781, 0.0781594, 1007.78, 12446.9, 10, 2e-20, 3e-20, 2e-20, 2e-20, -1
0.440399, 0.193275, 0.157995, 0.05, 0.00894102, -0.0982192, -0.0114899, 0.0992923, 1005.12, 8187.88, 10, 2e-20, 3e-20, 2e-20, 2e-20, -1
0.354961, 0.192711, 0.12263, 0.05, -0.00580841, 0.0100932, -0.047555, 0.0489601, 1003.04, 4863.75, 10, 2e-20, 3e-20, 2e-20, 2e-20, -1
0.387987, 0.0919121, 0.132321, 0.05, -0.103859, -0.0733817, -0.0979951, 0.160544, 1011.99, 19180.5, 10, 2e-20, 3e-20, 2e-20, 2e-20, -1
0.417189, 0.0625152, 0.168372, 0.05, -0.122438, -0.0921154, 0.0431978, 0.159193, 1013.62, 21788.1, 10, 2e-20, 3e-20, 2e-20, 2e-20, -1
0.438638, 0.0265187, 0.210303, 0.05, -0.0296936, -0.0150694, 0.0202432, 0.038969, 1007.46, 11941.5, 10, 2e-20, 3e-20, 2e-20, 2e-20, -1
0.396838, 0.0717413, 0.217711, 0.05, 0.0105403, 0.0392451, -0.037704, 0.0554335, 1006.74, 10787.6, 10, 2e-20, 3e-20, 2e-20, 2e-20, -1
0.398427, 0.0137085, 0.229295, 0.05, -0.0427617, -0.0987448, 0.0969488, 0.144838, 1005.15, 8244.25, 10, 2e-20, 3e-20, 2e-20, 2e-20, -1
0.482193, 0.0969484, 0.243477, 0.05, -0.0343387, -0.0197966, 0.0114492, 0.041257, 1006.22, 9954.49, 10, 2e-20, 3e-20, 2e-20, 2e-20, -1
0.455486, 0.0868708, 0.293715, 0.05, -0.0430264, -0.00615221, -0.0146875, 0.0458785, 1012.37, 19792.5, 10, 2e-20, 3e-20, 2e-20, 2e-20, -1
0.412817, 0.109804, 0.303136, 0.05, -0.0337591, -0.0690645, -0.0108383, 0.0776341, 1005.74, 9179.36, 10, 2e-20, 3e-20, 2e-20, 2e-20, -1
0.383821, 0.147014, 0.319787, 0.05, -0.095594, 0.0649622, -0.0839066, 0.142824, 1009.27, 14833.2, 10, 2e-20, 3e-20, 2e-20, 2e-20, -1
0.43692, 0.132951, 0.340845, 0.05, 0.0138329, -0.0402903, -0.0789179, 0.0896811, 1003.75, 5994.39, 10, 2e-20, 3e-20, 2e-20, 2e-20, -1
0.408072, 0.164529, 0.363456, 0.05, 0.011508, 0.0327588, -0.0953283, 0.101455, 1004.25, 6807.12, 10, 2e-20, 3e-20, 2e-20, 2e-20, -1
0.417931, 0.0834126, 0.362521, 0.05, -0.0341861, -0.19357, -0.188089, 0.272058, 1009.09, 14547.2, 10, 2e-20, 3e-20, 2e-20, 2e-20, -1
0.355945, 0.0538033, 0.377281, 0.05, 0.0237526, -0.0537923, -0.117711, 0.131582, 1006.17, 9865.09, 10, 2e-20, 3e-20, 2e-20, 2e-20, -1
0.448736, 0.0598466, 0.412015, 0.05, -0.0634207, -0.0892185, 0.0211787, 0.111493, 1007.07, 11305.5, 10, 2e-20, 3e-20, 2e-20, 2e-20, -1
0.413686, 0.0776722, 0.44625, 0.05, -0.0938426, -0.0874917, -0.0302852, 0.131827, 1008.1, 12959.9, 10, 2e-20, 3e-20, 2e-20, 2e-20, -1
0.367594, 0.0689886, 0.470822, 0.05, 0.00792148, -0.134346, -0.111828, 0.174977, 1004.9, 7840.46, 10, 2e-20, 3e-20, 2e-20, 2e-20, -1
0.394147, 0.17055, 0.44747, 0.05, 0.0461967, -0.11298, 0.00544536, 0.122181, 1005.54, 8865.92, 10, 2e-20, 3e-20, 2e-20, 2e-20, -1
0.419231, 0.124911, 0.464083, 0.05, -0.0973009, 0.0390659, -0.105757, 0.148923, 1004.91, 7852.49, 10, 2e-20, 3e-20, 2e-20, 2e-20, -1
0.437307, 0.189618, 0.468245, 0.05, -0.074482, -0.00281774, -0.123195, 0.143988, 1004.9, 7845.87, 10, 2e-20, 3e-20, 2e-20, 2e-20, -1
0.376871, 0.125466, 0.429521, 0.05, -0.00950776, 0.0188241, -0.0428647, 0.0477717, 996.006, -6389.91, 10, 2e-20, 3e-20, 2e-20, 2e-20, -1
0.391548, 0.179828, 0.489607, 0.05, -0.144716, -0.0564562, -0.0440861, 0.161473, 1010.3, 16472.4, 10, 2e-20, 3e-20, 2e-20, 2e-20, -1
0.412587, 0.108945, 0.51162, 0.05, 0.0109485, -0.0757958, 0.0214804, 0.0795379, 1004.06, 6488.46, 10, 2e-20, 3e-20, 2e-20, 2e-20, -1
0.413873, 0.131998, 0.583371, 0.05, -0.0536649, 0.00918172, -0.0714896, 0.0898609, 1006.1, 9760.5, 10, 2e-20, 3e-20, 2e-20, 2e-20, -1
0.430439, 0.103038, 0.630937, 0.05, 0.00284653, -0.122011, -0.00894432, 0.122372, 1006.21, 9933.68, 10, 2e-20, 3e-20, 2e-20, 2e-20, -1
0.419496, 0.159893, 0.697223, 0.05, -0.0688638, 0.0173965, -0.0508577, 0.0873577, 1005.72, 9158.99, 10, 2e-20, 3e-20, 2e-20, 2e-20, -1
0.456871, 0.172277, 0.732331, 0.05, 0.0191017, -0.0085215, 0.0297115, 0.0363354, 1008.88, 14208, 10, 2e-20, 3e-20, 2e-20, 2e-20, -1
0.404111, 0.209965, 0.709424, 0.05, -0.0150363, 0.0935307, -0.0464627, 0.105512, 1002.2, 3526.82, 10, 2e-20, 3e-20, 2e-20, 2e-20, -1
0.431746, 0.127364, 0.741132, 0.05, -0.133198, -0.0571196, 0.0518411, 0.153921, 1005.54, 8859.01, 10, 2e-20, 3e-20, 2e-20, 2e-20, -1
0.422867, 0.186251, 0.759161, 0.05, -0.0827954, 0.00212732, -0.0312353, 0.0885169, 1007.85, 12560.1, 10, 2e-20, 3e-20, 2e-20, 2e-20, -1
0.421254, 0.241763, 0.81363, 0.05, 0.0473109, -0.0536075, 0.0275814, 0.0766343, 1000.98, 1567.75, 10, 2e-20, 3e-20, 2e-20, 2e-20, -1
0.401472, 0.13258, 0.785622, 0.05, 0.0232611, -0.0377793, -0.00831611, 0.0451388, 999.659, -545.727, 10, 2e-20, 3e-20, 2e-20, 2e-20, -1
0.419397, 0.217527, 0.859046, 0.05, -0.0852546, -0.0648998, -0.0344946, 0.112562, 1000.91, 1463.23, 10, 2e-20, 3e-20, 2e-20, 2e-20, -1
0.383229, 0.114648, 0.851446, 0.05, -0.0125604, 0.00953378, 0.0162777, 0.0226632, 1005.06, 8092.15, 10, 2e-20, 3e-20, 2e-20, 2e-20, -1
0.352102, 0.140715, 0.808957, 0.05, -0.0103475, 0.00830265, -0.0352875, 0.037699, 1001.34, 2143.33, 10, 2e-20, 3e-20, 2e-20, 2e-20, -1
0.415188, 0.118718, 0.960822, 0.05, -0.0421064, 0.070034, 0.0489311, 0.0952468, 1002.12, 3385.7, 10, 2e-20, 3e-20, 2e-20, 2e-20, -1
0.37579, 0.0903153, 0.932634, 0.05, -0.0142068, 0.00204359, -0.0556477, 0.0574689, 999.806, -310.851, 10, 2e-20, 3e-20, 2e-20, 2e-20, -1
0.359059, 0.123097, 1.0423, 0.05, -0.0680655, -0.0657499, 0.048216, 0.106211, 1004.54, 7261.39, 10, 2e-20, 3e-20, 2e-20, 2e-20, -1
0.372403, 0.101027, 0.991257, 0.05, -0.0125251, -0.034625, 0.0031838, 0.0369581, 1003.7, 5924.03, 10, 2e-20, 3e-20, 2e-20, 2e-20, -1
0.356884, 0.0568323, 1.07831, 0.05, 0.0866972, 0.0280574, 0.144453, 0.170793, 1002.96, 4741.68, 10, 2e-20, 3e-20, 2e-20, 2e-20, -1
0.285257, 0.0942251, 1.12071, 0.05, -0.138388, 0.0446865, 0.0909876, 0.171543, 1000.07, 114.667, 10, 2e-20, 3e-20, 2e-20, 2e-20, -1
0.214479, 0.0359886, 1.1842, 0.05, 0.0319426, -0.0402202, 0.154075, 0.162411, 1002.3, 3676.66, 10, 2e-20, 3e-20, 2e-20, 2e-20, -1
0.177582, 0.0499832, 1.2653, 0.05, -0.089035, -0.0816396, 0.0199803, 0.12244, 1001.79, 2857.29, 10, 2e-20, 3e-20, 2e-20, 2e-20, -1
0.06955, 0.0300972, 1.31544, 0.05, 0.0215518, 0.0102241, 0.0734937, 0.077268, 999.109, -1426.07, 10, 2e-20, 3e-20, 2e-20, 2e-20, -1
-0.00265707, -0.0117522, 1.39977, 0.05, -0.0069366, -0.0256511, 0.187272, 0.189148, 998.86, -1824.34, 10, 2e-20, 3e-20, 2e-20, 2e-20, -1
0.390598, 0.256334, 0.0524268, 0.05, -0.0762859, 0.0183102, 0.0536667, 0.0950521, 1017.38, 27805.7, 10, 2e-20, 3e-20, 2e-20, 2e-20, -1
0.389116, 0.326853, 0.0472924, 0.05, -0.150012, -0.0566503, 0.129419, 0.206064, 1010.59, 16937.2, 10, 2e-20, 3e-20, 2e-20, 2e-20, -1
0.355193, 0.297241, 0.0703448, 0.05, 0.0929424, 0.0315632, 0.0709205, 0.121096, 1006.51, 10416.4, 10, 2e-20, 3e-20, 2e-20, 2e-20, -1
0.431087, 0.228541, 0.0899085, 0.05, 0.00445144, 0.0456242, -0.013879, 0.0478959, 1004.01, 6423.06, 10, 2e-20, 3e-20, 2e-20, 2e-20, -1
0.401913, 0.232517, 0.132164, 0.05, -0.0866439, 0.0930575, 0.0674324, 0.143924, 1013.39, 21428.5, 10, 2e-20, 3e-20, 2e-20, 2e-20, -1
0.408693, 0.296317, 0.147502, 0.05, -0.024245, 0.0592422, -0.0513242, 0.0820465, 1014.18, 22692.3, 10, 2e-20, 3e-20, 2e-20, 2e-20, -1
0.391178, 0.244122, 0.175931, 0.05, -0.080214, 0.0164619, 0.0437597, 0.092845, 1003.66, 5862.86, 10, 2e-20, 3e-20, 2e-20, 2e-20, -1
0.374432, 0.145551, 0.137941, 0.05, -0.0407136, -0.0476986, -0.078122, 0.100179, 1009.48, 15176, 10, 2e-20, 3e-20, 2e-20, 2e-20, -1
0.391789, 0.187953, 0.162153, 0.05, -0.0119418, 0.0764945, -0.0298488, 0.0829757, 1006.36, 10179.6, 10, 2e-20, 3e-20, 2e-20, 2e-20, -1
0.411184, 0.119656, 0.173517, 0.05, 0.00209499, 0.0523629, 0.0301635, 0.0604656, 1004.55, 7279.23, 10, 2e-20, 3e-20, 2e-20, 2e-20, -1
0.434783, 0.213014, 0.254655, 0.05, 0.124766, 0.00314157, 0.0734066, 0.144793, 1003.9, 6236.24, 10, 2e-20, 3e-20, 2e-20, 2e-20, -1
0.448669, 0.133974, 0.218685, 0.05, -0.0255892, -0.043645, -0.00380008, 0.0507359, 1007.25, 11593.4, 10, 2e-20, 3e-20, 2e-20, 2e-20, -1
0.474722, 0.190799, 0.249034, 0.05, -0.020315, -0.0126935, -0.00681989, 0.0249065, 1004.42, 7068.63, 10, 2e-20, 3e-20, 2e-20, 2e-20, -1
0.465573, 0.141501, 0.259345, 0.05, -0.00257791, 0.00301212, 0.047732, 0.0478964, 1003.9, 6245.75, 10, 2e-20, 3e-20, 2e-20, 2e-20, -1
0.413864, 0.156526, 0.260203, 0.05, 0.0571067, -0.0776791, 0.0180078, 0.098079, 1006.12, 9798.32, 10, 2e-20, 3e-20, 2e-20, 2e-20, -1
0.441082, 0.165913, 0.29665, 0.05, -0.0783707, 0.0143692, -0.072124, 0.107472, 1008.62, 13797.9, 10, 2e-20, 3e-20, 2e-20, 2e-20, -1
0.444324, 0.191216, 0.340876, 0.05, -0.049112, 0.0437605, -0.073096, 0.0983361, 1006.46, 10331, 10, 2e-20, 3e-20, 2e-20, 2e-20, -1
0.372004, 0.2441, 0.388227, 0.05, -0.0820688, -0.159747, -0.0494761, 0.186285, 1007.65, 12233.6, 10, 2e-20, 3e-20, 2e-20, 2e-20, -1
0.396842, 0.107384, 0.388557, 0.05, -0.107575, -0.0774597, 0.0372456, 0.137694, 1009.04, 14462.2, 10, 2e-20, 3e-20, 2e-20, 2e-20, -1
0.394552, 0.193224, 0.400213, 0.05, -0.0323433, 0.0679601, -0.00737446, 0.0756244, 1009.54, 15265.9, 10, 2e-20, 3e-20, 2e-20, 2e-20, -1
0.353569, 0.165828, 0.412308, 0.05, -0.127761, -0.0337746, -0.0719014, 0.150444, 1004.03, 6445.89, 10, 2e-20, 3e-20, 2e-20, 2e-20, -1
0.315444, 0.325051, 0.478075, 0.05, 0.061031, -0.0973283, -0.0489593, 0.124878, 1007.66, 12251.6, 10, 2e-20, 3e-20, 2e-20, 2e-20, -1
0.309573, 0.19162, 0.424868, 0.05, -0.00808206, -0.0709537, -0.195018, 0.207682, 1006.39, 10223.3, 10, 2e-20, 3e-20, 2e-20, 2e-20, -1
0.364602, 0.21651, 0.434168, 0.05, -0.0255703, 0.106004, -0.163409, 0.196452, 1012.66, 20253.6, 10, 2e-20, 3e-20, 2e-20, 2e-20, -1
0.417736, 0.234093, 0.43286, 0.05, -0.02117, 0.00739581, -0.0320279, 0.039098, 1004.92, 7865.95, 10, 2e-20, 3e-20, 2e-20, 2e-20, -1
0.391481, 0.232612, 0.477129, 0.05, -0.036809, 0.0460893, -0.00357426, 0.0590923, 1003.51, 5609.65, 10, 2e-20, 3e-20, 2e-20, 2e-20, -1
0.354171, 0.224669, 0.511403, 0.05, -0.00646787, -0.0496539, -0.0100321, 0.0510685, 1006.51, 10420.1, 10, 2e-20, 3e-20, 2e-20, 2e-20, -1
0.413282, 0.180186, 0.559502, 0.05, -0.00599631, -0.0673257, 0.00428753, 0.067728, 1006.33, 10126.3, 10, 2e-20, 3e-20, 2e-20, 2e-20, -1
0.388597, 0.149168, 0.529804, 0.05, -0.0401016, 0.0293706, 0.027572, 0.0568418, 1005.18, 8283.65, 10, 2e-20, 3e-20, 2e-20, 2e-20, -1
0.449815, 0.151282, 0.616468, 0.05, -0.0952873, -0.088982, 0.052853, 0.14068, 1002.6, 4161.78, 10, 2e-20, 3e-20, 2e-20, 2e-20, -1
0.454211, 0.134276, 0.666191, 0.05, -0.0762118, -0.0724854, -0.0512747, 0.117011, 1005.08, 8120.67, 10, 2e-20, 3e-20, 2e-20, 2e-20, -1
0.46636, 0.221442, 0.641685, 0.05, -0.0124609, 0.0173973, 0.0345385, 0.0406306, 1008.45, 13512.4, 10, 2e-20, 3e-20, 2e-20, 2e-20, -1
0.461467, 0.181307, 0.677277, 0.05, 0.0563756, 0.0284671, -0.0165778, 0.0652947, 1004.98, 7961.21, 10, 2e-20, 3e-20, 2e-20, 2e-20, -1
0.400387, 0.327247, 0.692573, 0.05, -0.0651347, 0.0112011, -0.0595381, 0.0889538, 1004.56, 7296.42, 10, 2e-20, 3e-20, 2e-20, 2e-20, -1
0.438076, 0.246404, 0.68757, 0.05, 0.0376501, -0.0081768, -0.0220051, 0.0443691, 1003.67, 5871.66, 10, 2e-20, 3e-20, 2e-20, 2e-20, -1
0.396352, 0.239934, 0.741775, 0.05, 0.0112504, -0.104647, -0.122727, 0.161677, 999.087, -1461.01, 10, 2e-20, 3e-20, 2e-20, 2e-20, -1
0.38453, 0.265616, 0.786328, 0.05, -0.0736538, 0.035681, -0.100542, 0.129641, 1007.35, 11752.2, 10, 2e-20, 3e-20, 2e-20, 2e-20, -1
0.436068, 0.272249, 0.849139, 0.05, -0.0310703, 0.0171998, -0.125296, 0.130231, 1002.22, 3557.02, 10, 2e-20, 3e-20, 2e-20, 2e-20, -1
0.39047, 0.215832, 0.920698, 0.05, -0.057939, -0.106022, -0.0693246, 0.139296, 1003.59, 5736.94, 10, 2e-20, 3e-20, 2e-20, 2e-20, -1
0.381455, 0.198885, 0.97495, 0.05, 0.0110937, -0.113619, -0.0296592, 0.117949, 1003.17, 5079.33, 10, 2e-20, 3e-20, 2e-20, 2e-20, -1
0.43816, 0.168152, 0.868219, 0.05, -0.0310809, -0.0396541, 0.0402349, 0.0644773, 1000.07, 116.988, 10, 2e-20, 3e-20, 2e-20, 2e-20, -1
0.368954, 0.161854, 1.00769, 0.05, -0.0146534, -0.0878758, 0.0814729, 0.120726, 999.229, -1233.69, 10, 2e-20, 3e-20, 2e-20, 2e-20, -1
0.379436, 0.144664, 0.964605, 0.05, 0.0906431, -0.093438, 0.0123206, 0.130762, 1000.62, 994.328, 10, 2e-20, 3e-20, 2e-20, 2e-20, -1
0.314255, 0.169783, 1.02259, 0.05, -0.0124661, -0.0166072, 0.0605207, 0.0639841, 996.036, -6342.57, 10, 2e-20, 3e-20, 2e-20, 2e-20, -1
0.337781, 0.0934517, 1.07734, 0.05, -0.0949192, -0.000459984, 0.00514752, 0.0950598, 1000.59, 939.259, 10, 2e-20, 3e-20, 2e-20, 2e-20, -1
0.278434, 0.100533, 1.06817, 0.05, -0.0510076, -0.0873242, 0.0612082, 0.118211, 997.421, -4126.99, 10, 2e-20, 3e-20, 2e-20, 2e-20, -1
0.204673, 0.112343, 1.17206, 0.05, -0.022755, -0.0112605, 0.204308, 0.205879, 1002.97, 4746.53, 10, 2e-20, 3e-20, 2e-20, 2e-20, -1
0.166402, 0.0790733, 1.20099, 0.05, 0.0324463, -0.00403488, 0.112863, 0.117504, 999.784, -345.884, 10, 2e-20, 3e-20, 2e-20, 2e-20, -1
0.120424, 0.105092, 1.26378, 0.05, -0.0531581, -0.0614877, 0.143876, 0.165247, 1001.12, 1793.5, 10, 2e-20, 3e-20, 2e-20, 2e-20, -1
-0.0200212, 0.0684745, 1.41832, 0.05, 0.00115727, -0.148318, -0.00567457, 0.148431, 999.585, -663.842, 10, 2e-20, 3e-20, 2e-20, 2e-20, -1
0.0377664, 0.174454, 1.3887, 0.05, -0.0802516, -0.1263, 0.115704, 0.189154, 1002.1, 3360.52, 10, 2e-20, 3e-20, 2e-20, 2e-20, -1
0.331508, 0.341528, 0.0492473, 0.05, 0.0811134, 0.0664768, -0.058681, 0.120175, 1007.41, 11861.3, 10, 2e-20, 3e-20, 2e-20, 2e-20, -1
0.339696, 0.400285, 0.0525441, 0.05, -0.0932878, -0.0302003, 0.0625937, 0.11633, 1013.68, 21892.6, 10, 2e-20, 3e-20, 2e-20, 2e-20, -1
0.418931, 0.3827, 0.102437, 0.05, -0.0175675, -0.0249807, 0.00661199, 0.0312469, 1011.3, 18077.3, 10, 2e-20, 3e-20, 2e-20, 2e-20, -1
0.396288, 0.325073, 0.0945171, 0.05, -0.116603, -0.0405083, 0.0411461, 0.130116, 1014.2, 22719.7, 10, 2e-20, 3e-20, 2e-20, 2e-20, -1
0.34994, 0.311589, 0.124096, 0.05, 0.106484, 0.0804654, 0.0659223, 0.14886, 1010.22, 16359.3, 10, 2e-20, 3e-20, 2e-20, 2e-20, -1
0.390581, 0.3489, 0.137867, 0.05, -0.053764, 0.0876183, 0.103281, 0.145721, 1006.56, 10503, 10, 2e-20, 3e-20, 2e-20, 2e-20, -1
0.396388, 0.297668, 0.192259, 0.05, -0.0217903, -0.0390408, -0.017342, 0.0479556, 1009.27, 14828.8, 10, 2e-20, 3e-20, 2e-20, 2e-20, -1
0.406684, 0.24215, 0.212371, 0.05, -0.0778448, 0.107416, -0.168708, 0.214617, 1003.18, 5095.8, 10, 2e-20, 3e-20, 2e-20, 2e-20, -1
0.417268, 0.176892, 0.203739, 0.05, -0.0555412, -0.0317195, 0.029802, 0.0705628, 1010.52, 16827.7, 10, 2e-20, 3e-20, 2e-20, 2e-20, -1
0.380724, 0.28987, 0.238885, 0.05, -0.166216, 0.0598119, -0.00401751, 0.176696, 1004.26, 6818.77, 10, 2e-20, 3e-20, 2e-20, 2e-20, -1
0.420421, 0.303889, 0.272871, 0.05, 0.0225844, 0.040764, -0.11389, 0.123056, 1004.96, 7928.46, 10, 2e-20, 3e-20, 2e-20, 2e-20, -1
0.396095, 0.247208, 0.264965, 0.05, 0.00809658, 0.114307, -0.0127649, 0.115302, 1009.22, 14755.7, 10, 2e-20, 3e-20, 2e-20, 2e-20, -1
0.400894, 0.264756, 0.315646, 0.05, 0.00277313, -0.120751, -0.0109849, 0.121281, 1005.78, 9242.08, 10, 2e-20, 3e-20, 2e-20, 2e-20, -1
0.360862, 0.240355, 0.303991, 0.05, -0.0540014, -0.0850967, -0.0448909, 0.11033, 1003.83, 6129.45, 10, 2e-20, 3e-20, 2e-20, 2e-20, -1
0.408246, 0.279962, 0.358824, 0.05, 0.00544213, -0.0574044, -0.0113266, 0.0587638, 1001.68, 2692.15, 10, 2e-20, 3e-20, 2e-20, 2e-20, -1
0.385734, 0.192027, 0.306448, 0.05, -0.0806858, 0.0260393, 0.0783417, 0.115437, 1007.05, 11274.9, 10, 2e-20, 3e-20, 2e-20, 2e-20, -1
0.394293, 0.219901, 0.349967, 0.05, -0.0966016, 0.0404075, -0.0803211, 0.13197, 1008.34, 13342, 10, 2e-20, 3e-20, 2e-20, 2e-20, -1
0.319859, 0.241194, 0.347012, 0.05, 0.0520423, -0.150459, 0.0285709, 0.161748, 1005.81, 9299.79, 10, 2e-20, 3e-20, 2e-20, 2e-20, -1
0.409891, 0.278365, 0.406121, 0.05, 0.00156371, -0.0764154, 0.0038296, 0.0765273, 1005.8, 9286.06, 10, 2e-20, 3e-20, 2e-20, 2e-20, -1
0.329161, 0.338103, 0.443849, 0.05, -0.0446323, -0.0392661, -0.0550356, 0.081011, 1002.6, 4164.95, 10, 2e-20, 3e-20, 2e-20, 2e-20, -1
0.369934, 0.327783, 0.46564, 0.05, -0.0988974, -0.0504074, -0.0237859, 0.113523, 1002.64, 4216.73, 10, 2e-20, 3e-20, 2e-20, 2e-20, -1
0.317396, 0.380476, 0.489445, 0.05, -0.141254, 0.034475, -0.0653489, 0.159411, 1005.97, 9544.54, 10, 2e-20, 3e-20, 2e-20, 2e-20, -1
0.358252, 0.36601, 0.501996, 0.05, 0.0912991, 0.0281408, 0.023601, 0.0984096, 1001.87, 2989.8, 10, 2e-20, 3e-20, 2e-20, 2e-20, -1
0.389612, 0.325081, 0.51078, 0.05, -0.0468623, -0.0481866, -0.00168782, 0.0672374, 1001.69, 2701.54, 10, 2e-20, 3e-20, 2e-20, 2e-20, -1
0.437152, 0.248857, 0.48828, 0.05, -0.0289575, 0.00259362, -0.052463, 0.0599802, 1002.75, 4398.97, 10, 2e-20, 3e-20, 2e-20, 2e-20, -1
0.412954, 0.328439, 0.54937, 0.05, 0.0131679, -0.0966655, -0.0172897, 0.0990785, 1002.94, 4698.26, 10, 2e-20, 3e-20, 2e-20, 2e-20, -1
0.415195, 0.276303, 0.531673, 0.05, 0.0450217, 0.0270934, -0.0432288, 0.0680421, 1002.12, 3393.65, 10, 2e-20, 3e-20, 2e-20, 2e-20, -1
0.428346, 0.206653, 0.51259, 0.05, -0.0523358, 0.0136789, -0.0239419, 0.0591554, 1004.74, 7576.49, 10, 2e-20, 3e-20, 2e-20, 2e-20, -1
0.452195, 0.195029, 0.59634, 0.05, -0.0976987, 0.0285383, -0.122447, 0.159225, 1004.89, 7826.07, 10, 2e-20, 3e-20, 2e-20, 2e-20, -1
0.422055, 0.237707, 0.614728, 0.05, -0.0721053, -0.0225546, -0.119469, 0.141353, 1004, 6403.14, 10, 2e-20, 3e-20, 2e-20, 2e-20, -1
0.390181, 0.315101, 0.655709, 0.05, -0.0755186, 0.061843, -0.0258088, 0.100964, 999.631, -589.789, 10, 2e-20, 3e-20, 2e-20, 2e-20, -1
0.408774, 0.37821, 0.709607, 0.05, 0.0364321, -0.00564257, -0.0278843, 0.0462241, 1001.45, 2325.55, 10, 2e-20, 3e-20, 2e-20, 2e-20, -1
0.400549, 0.345316, 0.741435, 0.05, -0.0505575, -0.0537685, -0.110747, 0.133087, 1001.85, 2960.31, 10, 2e-20, 3e-20, 2e-20, 2e-20, -1
0.443308, 0.339547, 0.714133, 0.05, 0.0344053, 0.0429612, -0.061637, 0.0826348, 1002.66, 4250.47, 10, 2e-20, 3e-20, 2e-20, 2e-20, -1
0.479869, 0.28469, 0.688817, 0.05, -0.00800428, 0.0475053, -0.0759772, 0.0899631, 1006.83, 10932.9, 10, 2e-20, 3e-20, 2e-20, 2e-20, -1
0.431881, 0.300752, 0.801607, 0.05, 0.0272089, 0.012293, 0.0523414, 0.0602583, 1004.09, 6545.74, 10, 2e-20, 3e-20, 2e-20, 2e-20, -1
0.390378, 0.291461, 0.83375, 0.05, 0.111639, 0.0298753, 0.0222554, 0.11769, 1006.22, 9950.84, 10, 2e-20, 3e-20, 2e-20, 2e-20, -1
0.390475, 0.253898, 0.876693, 0.05, -0.0815495, -0.073005, 0.0244496, 0.112151, 1000.3, 472.641, 10, 2e-20, 3e-20, 2e-20, 2e-20, -1
0.368448, 0.295561, 0.89185, 0.05, 0.00792275, -0.067498, -0.0309266, 0.0746673, 1002.17, 3476.25, 10, 2e-20, 3e-20, 2e-20, 2e-20, -1
0.339903, 0.335063, 0.891666, 0.05, 0.0335086, 0.0118278, -0.0265625, 0.0443654, 1001.29, 2068.1, 10, 2e-20, 3e-20, 2e-20, 2e-20, -1
0.335234, 0.306466, 0.852191, 0.05, 0.0250308, -0.0156837, -0.11928, 0.122883, 1005.27, 8439.97, 10, 2e-20, 3e-20, 2e-20, 2e-20, -1
0.354188, 0.179217, 0.936866, 0.05, -0.0943009, -0.00938337, -0.0984378, 0.136641, 1004.29, 6870.5, 10, 2e-20, 3e-20, 2e-20, 2e-20, -1
0.313481, 0.126524, 1.07841, 0.05, -0.118839, -0.0598117, 0.0554547, 0.144137, 1002.86, 4573.06, 10, 2e-20, 3e-20, 2e-20, 2e-20, -1
0.237503, 0.177891, 1.09981, 0.05, -0.0363623, -0.0620569, -0.0267222, 0.0767291, 999.023, -1563.35, 10, 2e-20, 3e-20, 2e-20, 2e-20, -1
0.26853, 0.141919, 1.10244, 0.05, -0.106676, -0.0209815, 0.00396079, 0.108792, 1000.97, 1551.3, 10, 2e-20, 3e-20, 2e-20, 2e-20, -1
0.23206, 0.135523, 1.14024, 0.05, -0.0246542, -0.0528309, 0.104607, 0.119756, 1003.4, 5445.92, 10, 2e-20, 3e-20, 2e-20, 2e-20, -1
0.185962, 0.155697, 1.15305, 0.05, 0.00634392, -0.011124, 0.0929013, 0.0937797, 1001.46, 2334.02, 10, 2e-20, 3e-20, 2e-20, 2e-20, -1
0.119877, 0.148288, 1.21658, 0.05, -0.0172987, -0.0201443, 0.0192181, 0.0327776, 1002.63, 4200.53, 10, 2e-20, 3e-20, 2e-20, 2e-20, -1
0.0571414, 0.130583, 1.35812, 0.05, 0.053847, -0.114392, 0.11238, 0.169157, 996.859, -5025.03, 10, 2e-20, 3e-20, 2e-20, 2e-20, -1
0.0592613, 0.159626, 1.32531, 0.05, -0.217391, 0.000120402, -0.00469825, 0.217442, 1000.08, 128.226, 10, 2e-20, 3e-20, 2e-20, 2e-20, -1
0.0762204, 0.235572, 1.39918, 0.05, 0.0100005, -0.0711555, 0.0933545, 0.117806, 1000.03, 49.7923, 10, 2e-20, 3e-20, 2e-20, 2e-20, -1
0.382883, 0.447736, 0.0523011, 0.05, -0.0262847, 0.0697621, -0.00793745, 0.0749709, 1009.01, 14421.7, 10, 2e-20, 3e-20, 2e-20, 2e-20, -1
0.361451, 0.422568, 0.0955457, 0.05, -0.137077, 0.0128679, -0.0299459, 0.140899, 1003.78, 6046.35, 10, 2e-20, 3e-20, 2e-20, 2e-20, -1
0.37806, 0.397079, 0.129822, 0.05, -0.103314, 0.0256429, -0.0678991, 0.126261, 1011.96, 19140.8, 10, 2e-20, 3e-20, 2e-20, 2e-20, -1
0.40796, 0.448486, 0.0943078, 0.05, 0.00411737, -0.0444868, -0.104253, 0.113423, 1008.09, 12938.3, 10, 2e-20, 3e-20, 2e-20, 2e-20, -1
0.444345, 0.371872, 0.155718, 0.05, -0.0483872, 0.0292303, 0.0865044, 0.103338, 1005.38, 8608.53, 10, 2e-20, 3e-20, 2e-20, 2e-20, -1
0.452314, 0.327754, 0.178965, 0.05, -0.00881804, -0.0191759, -0.0566921, 0.0604935, 1003.27, 5236.59, 10, 2e-20, 3e-20, 2e-20, 2e-20, -1
0.422116, 0.331781, 0.223287, 0.05, -0.0806186, 0.032641, 0.0238482, 0.0901861, 1005.72, 9152.01, 10, 2e-20, 3e-20, 2e-20, 2e-20, -1
0.438466, 0.2714, 0.235657, 0.05, 0.0406222, 0.0230434, -0.0495594, 0.0680977, 1004.5, 7199.46, 10, 2e-20, 3e-20, 2e-20, 2e-20, -1
0.384305, 0.402962, 0.294445, 0.05, 0.0152453, 0.02398, -0.0490614, 0.0566964, 1007.57, 12104.4, 10, 2e-20, 3e-20, 2e-20, 2e-20, -1
0.392718, 0.347895, 0.269504, 0.05, 0.107216, -0.029083, -0.032428, 0.115727, 1001.17, 1864.56, 10, 2e-20, 3e-20, 2e-20, 2e-20, -1
0.362416, 0.400961, 0.332703, 0.05, -0.0105021, -0.0244455, -0.1249, 0.127702, 1004.78, 7643.76, 10, 2e-20, 3e-20, 2e-20, 2e-20, -1
0.349072, 0.360689, 0.280137, 0.05, -0.0797899, -0.00845837, 0.0447921, 0.0918929, 1004.08, 6532.02, 10, 2e-20, 3e-20, 2e-20, 2e-20, -1
0.398008, 0.323706, 0.316931, 0.05, -0.0519812, 0.00624398, -0.0157867, 0.0546832, 1012.05, 19279.9, 10, 2e-20, 3e-20, 2e-20, 2e-20, -1
0.369393, 0.319466, 0.366981, 0.05, 0.0020518, 0.0296248, -0.0207443, 0.0362238, 1003.4, 5444.28, 10, 2e-20, 3e-20, 2e-20, 2e-20, -1
0.353047, 0.374247, 0.409371, 0.05, 0.0115001, -0.032318, 0.011525, 0.0361875, 1003.4, 5432.96, 10, 2e-20, 3e-20, 2e-20, 2e-20, -1
0.396021, 0.387398, 0.415101, 0.05, -0.0225023, -0.0320656, -0.10669, 0.113655, 1006.28, 10043.8, 10, 2e-20, 3e-20, 2e-20, 2e-20, -1
0.361792, 0.274471, 0.346923, 0.05, -0.0611677, 0.0175776, -0.0838678, 0.105282, 1005.33, 8521.95, 10, 2e-20, 3e-20, 2e-20, 2e-20, -1
0.325364, 0.428627, 0.471289, 0.05, -0.166192, -0.0457059, -0.0921187, 0.195435, 1003.27, 5225.71, 10, 2e-20, 3e-20, 2e-20, 2e-20, -1
0.32356, 0.330242, 0.391845, 0.05, -0.129591, -0.0295705, -0.0888385, 0.159877, 1006.54, 10457.9, 10, 2e-20, 3e-20, 2e-20, 2e-20, -1
0.3718, 0.322324, 0.422317, 0.05, 0.0221306, 0.0349851, -0.0644724, 0.0766186, 1008.51, 13610.3, 10, 2e-20, 3e-20, 2e-20, 2e-20, -1
0.340611, 0.390519, 0.548487, 0.05, -0.0838538, 0.0439691, 0.0595499, 0.111852, 1001.33, 2129.95, 10, 2e-20, 3e-20, 2e-20, 2e-20, -1
0.401099, 0.437145, 0.558013, 0.05, -0.0361744, 0.00442191, -0.156169, 0.160365, 1002.24, 3587.4, 10, 2e-20, 3e-20, 2e-20, 2e-20, -1
0.366785, 0.415729, 0.586817, 0.05, -0.223806, -0.114525, 0.0198423, 0.252188, 1005.33, 8531.33, 10, 2e-20, 3e-20, 2e-20, 2e-20, -1
0.421586, 0.385436, 0.571534, 0.05, 0.0344214, -0.0734578, -0.0336685, 0.0878319, 1003.72, 5946.99, 10, 2e-20, 3e-20, 2e-20, 2e-20, -1
0.350768, 0.372166, 0.599575, 0.05, -0.0872148, 0.0813834, -0.0237489, 0.121629, 1007.35, 11759.6, 10, 2e-20, 3e-20, 2e-20, 2e-20, -1
0.395839, 0.285958, 0.57864, 0.05, 0.0478419, 0.00529063, -0.125825, 0.134718, 1005.27, 8424.65, 10, 2e-20, 3e-20, 2e-20, 2e-20, -1
0.343442, 0.294013, 0.57514, 0.05, 0.0409889, -0.103178, -0.0117207, 0.111638, 1009.38, 15006.3, 10, 2e-20, 3e-20, 2e-20, 2e-20, -1
0.389953, 0.222164, 0.588864, 0.05, 0.0350416, -0.0833364, 0.0263851, 0.0941756, 997.679, -3714.34, 10, 2e-20, 3e-20, 2e-20, 2e-20, -1
0.479801, 0.315879, 0.626598, 0.05, 0.0690763, 0.0236294, -0.0124553, 0.0740609, 1000.09, 144.078, 10, 2e-20, 3e-20, 2e-20, 2e-20, -1
0.408467, 0.470544, 0.9096, 0.05, -0.104294, 0.0808195, -0.0327967, 0.135958, 997.533, -3946.99, 10, 2e-20, 3e-20, 2e-20, 2e-20, -1
0.375733, 0.397999, 0.73669, 0.05, 0.0441109, -0.0176087, -0.0581264, 0.0750634, 1006.32, 10106.4, 10, 2e-20, 3e-20, 2e-20, 2e-20, -1
0.363189, 0.449344, 0.916196, 0.05, 0.000580479, -0.0694983, 0.00880371, 0.0700561, 1005.01, 8018.62, 10, 2e-20, 3e-20, 2e-20, 2e-20, -1
0.440344, 0.340802, 0.771322, 0.05, -0.00816394, -0.0683366, -0.0484362, 0.0841582, 1003.61, 5783.17, 10, 2e-20, 3e-20, 2e-20, 2e-20, -1
0.398632, 0.388043, 0.830513, 0.05, -0.00737027, -0.0124979, -0.165658, 0.166292, 1001.44, 2306.74, 10, 2e-20, 3e-20, 2e-20, 2e-20, -1
0.325022, 0.376471, 0.968067, 0.05, 0.0690021, -0.0928141, -0.0385566, 0.121911, 1002.97, 4755.51, 10, 2e-20, 3e-20, 2e-20, 2e-20, -1
0.383128, 0.34197, 0.814217, 0.05, -0.0373175, -0.120718, -0.140732, 0.189132, 1000.68, 1080.33, 10, 2e-20, 3e-20, 2e-20, 2e-20, -1
0.401338, 0.401089, 0.969364, 0.05, -0.0928077, -0.0765365, -0.0901585, 0.150332, 1002.97, 4756.92, 10, 2e-20, 3e-20, 2e-20, 2e-20, -1
0.284624, 0.346636, 0.970965, 0.05, -0.022596, -0.00411654, -0.0130453, 0.0264141, 1004.27, 6835.17, 10, 2e-20, 3e-20, 2e-20, 2e-20, -1
0.392982, 0.343076, 0.894633, 0.05, 0.0139801, -0.101678, -0.0656009, 0.121809, 1004.76, 7617.63, 10, 2e-20, 3e-20, 2e-20, 2e-20, -1
0.352088, 0.251442, 0.916482, 0.05, -0.0280929, -0.0802855, -0.0375223, 0.0929672, 1001.52, 2434.7, 10, 2e-20, 3e-20, 2e-20, 2e-20, -1
0.31803, 0.240538, 0.878592, 0.05, 0.0493971, -0.150485, -0.0898515, 0.182097, 1006.68, 10684.8, 10, 2e-20, 3e-20, 2e-20, 2e-20, -1
0.291988, 0.179816, 1.07412, 0.05, -0.0937401, -0.0282959, 0.0472007, 0.1087, 1003.49, 5588.75, 10, 2e-20, 3e-20, 2e-20, 2e-20, -1
0.255908, 0.192325, 1.02586, 0.05, -0.171407, -0.110134, 0.0161841, 0.204382, 1000.78, 1250.92, 10, 2e-20, 3e-20, 2e-20, 2e-20, -1
0.236964, 0.330498, 1.02115, 0.05, -0.0650479, 0.0105654, -0.0760352, 0.100619, 1006.15, 9841.67, 10, 2e-20, 3e-20, 2e-20, 2e-20, -1
0.278208, 0.289246, 1.02687, 0.05, -0.066385, -0.0863921, -0.0574209, 0.123157, 1002.89, 4618.24, 10, 2e-20, 3e-20, 2e-20, 2e-20, -1
0.230534, 0.24001, 1.08601, 0.05, 0.0418505, -0.03665, -0.0387796, 0.0678126, 1003.88, 6209.37, 10, 2e-20, 3e-20, 2e-20, 2e-20, -1
0.198584, 0.212617, 1.1316, 0.05, 0.115668, -0.0462968, 0.259341, 0.287715, 999.911, -141.779, 10, 2e-20, 3e-20, 2e-20, 2e-20, -1
0.218872, 0.21262, 1.16053, 0.05, -0.00916367, 0.0148884, -0.0236743, 0.0294297, 1000.91, 1448.36, 10, 2e-20, 3e-20, 2e-20, 2e-20, -1
0.159469, 0.172848, 1.20031, 0.05, 0.0839646, 0.00559569, 0.00828515, 0.0845577, 998.064, -3097.61, 10, 2e-20, 3e-20, 2e-20, 2e-20, -1
0.110998, 0.228419, 1.331, 0.05, -0.148507, -0.178654, -0.190493, 0.300431, 1003.46, 5529.42, 10, 2e-20, 3e-20, 2e-20, 2e-20, -1
0.152061, 0.341851, 1.45291, 0.05, -0.0357327, 0.0417958, -0.0544421, 0.0773799, 997.39, -4175.93, 10, 2e-20, 3e-20, 2e-20, 2e-20, -1
0.358249, 0.501841, 0.0487941, 0.05, -0.0563352, -0.103148, -0.0738409, 0.138801, 1008.91, 14257.2, 10, 2e-20, 3e-20, 2e-20, 2e-20, -1
0.394135, 0.489735, 0.378011, 0.05, -0.0625233, 0.0470092, 0.0278517, 0.0830346, 1004.46, 7137.3, 10, 2e-20, 3e-20, 2e-20, 2e-20, -1
0.404745, 0.502227, 0.290093, 0.05, 0.177212, 0.0889931, 0.0719524, 0.210953, 1004.67, 7472.41, 10, 2e-20, 3e-20, 2e-20, 2e-20, -1
0.386569, 0.460989, 0.296993, 0.05, 0.108385, 0.0454037, -0.122802, 0.169968, 1010.22, 16351.9, 10, 2e-20, 3e-20, 2e-20, 2e-20, -1
0.381596, 0.434221, 0.212182, 0.05, 0.0220102, 0.0202296, -0.0598649, 0.066914, 1004.38, 7014.35, 10, 2e-20, 3e-20, 2e-20, 2e-20, -1
0.365866, 0.391064, 0.182028, 0.05, -0.00489313, -0.157853, -0.156561, 0.22238, 1010.41, 16658.5, 10, 2e-20, 3e-20, 2e-20, 2e-20, -1
0.4047, 0.35338, 0.180134, 0.05, -0.104119, 0.118656, -0.0464404, 0.16455, 1005.79, 9264.92, 10, 2e-20, 3e-20, 2e-20, 2e-20, -1
0.368534, 0.342485, 0.222818, 0.05, 0.0066778, -0.11907, -0.132447, 0.178226, 1010.04, 16068.8, 10, 2e-20, 3e-20, 2e-20, 2e-20, -1
0.338589, 0.443516, 0.365403, 0.05, -0.159561, 0.0560845, -0.116973, 0.205641, 1009.34, 14937.9, 10, 2e-20, 3e-20, 2e-20, 2e-20, -1
0.400079, 0.432512, 0.371029, 0.05, 0.0566596, -0.111215, -0.101607, 0.160944, 1001.05, 1679.01, 10, 2e-20, 3e-20, 2e-20, 2e-20, -1
0.386427, 0.444206, 0.346501, 0.05, 0.0603801, -0.0635931, -0.0606801, 0.106639, 1001.92, 3068.98, 10, 2e-20, 3e-20, 2e-20, 2e-20, -1
0.412918, 0.442302, 0.418716, 0.05, -0.0564438, -0.0126299, -0.000328542, 0.0578405, 1004.33, 6926.79, 10, 2e-20, 3e-20, 2e-20, 2e-20, -1
0.344469, 0.372843, 0.365914, 0.05, 0.0421475, -0.0370874, -0.0516591, 0.0762926, 1005.19, 8298.5, 10, 2e-20, 3e-20, 2e-20, 2e-20, -1
0.307204, 0.497146, 0.621564, 0.05, 0.0395411, -0.149806, -0.011214, 0.155342, 1004.16, 6649.28, 10, 2e-20, 3e-20, 2e-20, 2e-20, -1
0.367172, 0.438134, 0.405521, 0.05, -0.0117731, 0.0287278, -0.0324109, 0.0448816, 1009.66, 15459.5, 10, 2e-20, 3e-20, 2e-20, 2e-20, -1
0.329786, 0.507272, 0.574271, 0.05, 0.0298005, -0.122941, -0.0858686, 0.152892, 1007.3, 11679.3, 10, 2e-20, 3e-20, 2e-20, 2e-20, -1
0.267706, 0.501927, 0.573346, 0.05, -0.0238143, -0.0829556, -0.0700142, 0.111134, 1007.31, 11698.5, 10, 2e-20, 3e-20, 2e-20, 2e-20, -1
0.362129, 0.451017, 0.54033, 0.05, -0.10867, 0.109862, -0.0474909, 0.161661, 1005.7, 9122.74, 10, 2e-20, 3e-20, 2e-20, 2e-20, -1
0.361345, 0.388171, 0.458054, 0.05, 0.0416822, -0.0326113, -0.134049, 0.144118, 1007.03, 11244.6, 10, 2e-20, 3e-20, 2e-20, 2e-20, -1
0.367146, 0.467573, 0.589034, 0.05, -0.220316, 0.0534166, -0.0705781, 0.237432, 1005.04, 8069.62, 10, 2e-20, 3e-20, 2e-20, 2e-20, -1
0.418525, 0.437265, 0.655009, 0.05, -0.0639118, 0.00598211, -0.0755771, 0.0991585, 1005.94, 9505.36, 10, 2e-20, 3e-20, 2e-20, 2e-20, -1
0.376901, 0.457399, 0.800223, 0.05, 0.114733, -0.0617997, -0.0492744, 0.139323, 1001.18, 1892, 10, 2e-20, 3e-20, 2e-20, 2e-20, -1
0.435535, 0.386442, 0.618413, 0.05, -0.115673, -0.0431601, 0.0518039, 0.13389, 1004.03, 6443.13, 10, 2e-20, 3e-20, 2e-20, 2e-20, -1
0.417603, 0.437192, 0.700349, 0.05, -0.0242033, 0.0568556, -0.0339212, 0.0704912, 1002.06, 3303.93, 10, 2e-20, 3e-20, 2e-20, 2e-20, -1
0.398496, 0.345132, 0.588336, 0.05, 0.10537, -0.0210256, 0.0962122, 0.144228, 1006.36, 10169, 10, 2e-20, 3e-20, 2e-20, 2e-20, -1
0.420546, 0.409999, 0.747131, 0.05, 0.132148, 0.0232825, -0.0575471, 0.146003, 1002.71, 4339.76, 10, 2e-20, 3e-20, 2e-20, 2e-20, -1
0.421792, 0.304515, 0.618577, 0.05, -0.0927616, 0.0756529, -0.159962, 0.19979, 1003.07, 4910.32, 10, 2e-20, 3e-20, 2e-20, 2e-20, -1
0.461964, 0.434814, 0.865188, 0.05, -0.109216, -0.0757585, -0.0372191, 0.138031, 1001.29, 2059.43, 10, 2e-20, 3e-20, 2e-20, 2e-20, -1
0.385029, 0.4349, 0.8525, 0.05, 0.140098, -0.00761579, 0.0156307, 0.141173, 1005.76, 9213.78, 10, 2e-20, 3e-20, 2e-20, 2e-20, -1
0.348409, 0.460447, 1.00914, 0.05, 0.0229904, -0.042765, -0.00128703, 0.0485702, 1001.17, 1867.06, 10, 2e-20, 3e-20, 2e-20, 2e-20, -1
0.327797, 0.45992, 1.11982, 0.05, -0.114508, -0.118771, -0.0717627, 0.179912, 1000.5, 795.898, 10, 2e-20, 3e-20, 2e-20, 2e-20, -1
0.273427, 0.468859, 1.14061, 0.05, -0.0483427, 0.0847498, -0.0382537, 0.104799, 1000.42, 677.241, 10, 2e-20, 3e-20, 2e-20, 2e-20, -1
0.297099, 0.444327, 1.24221, 0.05, 0.024891, -0.160039, 0.0413439, 0.167157, 999.458, -867.025, 10, 2e-20, 3e-20, 2e-20, 2e-20, -1
0.288409, 0.454245, 1.08405, 0.05, 0.0808826, -0.0828966, 0.0238292, 0.118244, 1001.8, 2873.68, 10, 2e-20, 3e-20, 2e-20, 2e-20, -1
0.29932, 0.409716, 1.05512, 0.05, 0.0535492, -0.050119, -0.026683, 0.0780475, 1003.29, 5263.47, 10, 2e-20, 3e-20, 2e-20, 2e-20, -1
0.277355, 0.432263, 1.02662, 0.05, -0.151578, -0.0258459, -0.0418249, 0.159353, 998.61, -2223.77, 10, 2e-20, 3e-20, 2e-20, 2e-20, -1
0.257976, 0.41997, 1.08922, 0.05, -0.0623888, -0.04892, 0.0702294, 0.105914, 999.21, -1264.42, 10, 2e-20, 3e-20, 2e-20, 2e-20, -1
0.258145, 0.401171, 1.1438, 0.05, -0.089664, -0.0300921, -0.0676329, 0.116273, 1004.06, 6501.3, 10, 2e-20, 3e-20, 2e-20, 2e-20, -1
0.251871, 0.38515, 0.959981, 0.05, -0.104003, -0.0195424, 0.0730196, 0.128571, 1001.06, 1688.4, 10, 2e-20, 3e-20, 2e-20, 2e-20, -1
0.279957, 0.289812, 0.942944, 0.05, 0.0495358, 0.0366376, -0.0411263, 0.0740775, 1000.55, 884.292, 10, 2e-20, 3e-20, 2e-20, 2e-20, -1
0.286478, 0.253247, 0.912125, 0.05, 0.0737759, -0.0465133, -0.0506016, 0.100831, 1002.92, 4679.96, 10, 2e-20, 3e-20, 2e-20, 2e-20, -1
0.32653, 0.219295, 0.948106, 0.05, -0.0831039, -0.0150355, -0.0581708, 0.102548, 1007.96, 12739.8, 10, 2e-20, 3e-20, 2e-20, 2e-20, -1
0.243154, 0.242907, 1.02631, 0.05, -0.0999284, -0.0443624, -0.0382609, 0.115834, 1001.11, 1772.58, 10, 2e-20, 3e-20, 2e-20, 2e-20, -1
0.245424, 0.313848, 1.10107, 0.05, -0.0261754, -0.0928486, -0.0291301, 0.10077, 1000.57, 906.292, 10, 2e-20, 3e-20, 2e-20, 2e-20, -1
0.266239, 0.355679, 1.06191, 0.05, -0.0733465, -0.00948984, -0.138754, 0.157234, 1002.33, 3734.94, 10, 2e-20, 3e-20, 2e-20, 2e-20, -1
0.250722, 0.241556, 1.13733, 0.05, -0.226781, -0.0689636, -0.0266055, 0.238523, 1001.74, 2781.8, 10, 2e-20, 3e-20, 2e-20, 2e-20, -1
0.139696, 0.221293, 1.21912, 0.05, -0.0912398, -0.102778, 0.0161353, 0.138377, 998.021, -3165.78, 10, 2e-20, 3e-20, 2e-20, 2e-20, -1
0.131165, 0.291504, 1.31887, 0.05, -0.0116175, 0.0165297, -0.0585292, 0.0619182, 1002.49, 3980.58, 10, 2e-20, 3e-20, 2e-20, 2e-20, -1
0.201707, 0.310343, 1.28134, 0.05, -0.0579046, -0.106474, -0.0442879, 0.129039, 1000.19, 299.515, 10, 2e-20, 3e-20, 2e-20, 2e-20, -1
0.170107, 0.259612, 1.22269, 0.05, -0.123527, -0.0851927, 0.113831, 0.188346, 998.736, -2022.9, 10, 2e-20, 3e-20, 2e-20, 2e-20, -1
0.0925062, 0.304036, 1.33636, 0.05, -0.0646707, 0.0313742, 0.0079395, 0.0723165, 999.24, -1216.14, 10, 2e-20, 3e-20, 2e-20, 2e-20, -1
0.363973, 0.457928, 0.122926, 0.05, -0.106391, 0.020714, 0.0275752, 0.111841, 1004.32, 6916.08, 10, 2e-20, 3e-20, 2e-20, 2e-20, -1
0.37984, 0.498457, 0.10211, 0.05, -0.083898, 0.0220526, 0.0825105, 0.119721, 1015.18, 24295.4, 10, 2e-20, 3e-20, 2e-20, 2e-20, -1
0.371213, 0.4932, 0.228867, 0.05, -0.0257115, -0.00116269, 0.0447657, 0.0516372, 1020.98, 33565.7, 10, 2e-20, 3e-20, 2e-20, 2e-20, -1
0.426548, 0.497084, 0.411169, 0.05, -0.0816192, 0.0254033, 0.105924, 0.136113, 1006.92, 11074.1, 10, 2e-20, 3e-20, 2e-20, 2e-20, -1
0.44683, 0.490867, 0.342487, 0.05, -0.123998, 0.0453747, -0.149081, 0.199147, 1025.45, 40726, 10, 2e-20, 3e-20, 2e-20, 2e-20, -1
0.427583, 0.438573, 0.317268, 0.05, -0.0374812, 0.0145036, -0.0702382, 0.0809235, 1005.95, 9523.49, 10, 2e-20, 3e-20, 2e-20, 2e-20, -1
0.422095, 0.383804, 0.231861, 0.05, -0.0122373, -0.0570907, -0.0891443, 0.106564, 1004.38, 7001.84, 10, 2e-20, 3e-20, 2e-20, 2e-20, -1
0.448896, 0.449475, 0.382564, 0.05, 0.04374, -0.0848189, 0.0434645, 0.104865, 1008.72, 13950.2, 10, 2e-20, 3e-20, 2e-20, 2e-20, -1
0.491185, 0.432007, 0.372026, 0.05, 0.0657582, -0.0146779, -0.010552, 0.0681977, 1008.68, 13890.2, 10, 2e-20, 3e-20, 2e-20, 2e-20, -1
0.486426, 0.49721, 0.578199, 0.05, -0.0172068, -0.00833622, 0.0331534, 0.0382716, 1009.56, 15294.1, 10, 2e-20, 3e-20, 2e-20, 2e-20, -1
0.463279, 0.494087, 0.694562, 0.05, 0.0452137, 0.0880608, 0.0564229, 0.113941, 1011.56, 18500, 10, 2e-20, 3e-20, 2e-20, 2e-20, -1
0.445594, 0.494812, 0.548146, 0.05, -0.130199, -0.0311408, 0.103143, 0.168997, 1008.74, 13983.4, 10, 2e-20, 3e-20, 2e-20, 2e-20, -1
0.340197, 0.498793, 0.811768, 0.05, 0.0458406, 0.015721, 0.0873961, 0.099933, 1006.43, 10283.9, 10, 2e-20, 3e-20, 2e-20, 2e-20, -1
0.399219, 0.485578, 0.674477, 0.05, 0.0738515, 0.0841241, 0.0160371, 0.113084, 1001.19, 1906.84, 10, 2e-20, 3e-20, 2e-20, 2e-20, -1
0.367386, 0.449167, 0.710249, 0.05, -0.0285546, -0.0364628, -0.0436617, 0.0636494, 1011.88, 19009.2, 10, 2e-20, 3e-20, 2e-20, 2e-20, -1
0.528134, 0.499056, 0.771001, 0.05, 0.0136201, -0.027655, 0.0121995, 0.0331532, 1005.18, 8289.58, 10, 2e-20, 3e-20, 2e-20, 2e-20, -1
0.407623, 0.498281, 0.720189, 0.05, 0.00952587, -0.0055466, 0.0246325, 0.0269865, 1006.69, 10699.8, 10, 2e-20, 3e-20, 2e-20, 2e-20, -1
0.453928, 0.497988, 0.932292, 0.05, -0.0365956, -0.0426461, 0.182394, 0.190854, 1007.86, 12571.6, 10, 2e-20, 3e-20, 2e-20, 2e-20, -1
0.355612, 0.497254, 0.866575, 0.05, 0.0444834, -0.0608229, 0.0743012, 0.105825, 1006.73, 10764.2, 10, 2e-20, 3e-20, 2e-20, 2e-20, -1
0.380031, 0.444424, 0.753685, 0.05, -0.0358889, 0.0336327, -0.073881, 0.0887557, 1002.35, 3760.73, 10, 2e-20, 3e-20, 2e-20, 2e-20, -1
0.397818, 0.494489, 1.13376, 0.05, 0.0168695, -0.0412947, 0.0491599, 0.0663816, 999.223, -1243.38, 10, 2e-20, 3e-20, 2e-20, 2e-20, -1
0.388168, 0.500126, 0.946776, 0.05, 0.0376459, -0.0481429, 0.116293, 0.131374, 1003.77, 6025.6, 10, 2e-20, 3e-20, 2e-20, 2e-20, -1
0.503833, 0.405188, 0.717867, 0.05, -0.0761726, 0.0275476, -0.146518, 0.167418, 1005.53, 8841.89, 10, 2e-20, 3e-20, 2e-20, 2e-20, -1
0.289895, 0.497201, 1.18272, 0.05, -0.199159, 0.00274651, 0.0785455, 0.214105, 999.833, -267.134, 10, 2e-20, 3e-20, 2e-20, 2e-20, -1
0.416573, 0.453028, 0.852089, 0.05, -0.0644071, 0.00344602, -0.0440842, 0.0781254, 1002.36, 3780.64, 10, 2e-20, 3e-20, 2e-20, 2e-20, -1
0.373702, 0.500009, 1.25377, 0.05, 0.0169221, -0.0319764, 0.0465474, 0.0589534, 1002.13, 3407.81, 10, 2e-20, 3e-20, 2e-20, 2e-20, -1
0.379662, 0.500191, 1.0131, 0.05, -0.0546976, 0.0192825, 0.106886, 0.121607, 1003.73, 5964.63, 10, 2e-20, 3e-20, 2e-20, 2e-20, -1
0.344041, 0.497022, 1.14402, 0.05, -0.0476171, -0.0339411, 0.186766, 0.195706, 998.174, -2921.03, 10, 2e-20, 3e-20, 2e-20, 2e-20, -1
0.981115, -0.470392, 1.39185, 0.05, 0.0492698, -0.0935225, -0.697971, 0.70593, 1012.13, 19414.6, 10, 2e-20, 3e-20, 2e-20, 2e-20, -1
0.324755, 0.504958, 1.22945, 0.05, -0.0544386, 0.0497518, -0.0782168, 0.107502, 1000.75, 1206.01, 10, 2e-20, 3e-20, 2e-20, 2e-20, -1
0.437662, 0.42987, 1.36979, 0.05, -0.0276202, -0.014501, -0.0641605, 0.0713423, 1000.66, 1048.72, 10, 2e-20, 3e-20, 2e-20, 2e-20, -1
0.263898, 0.45517, 1.29276, 0.05, 0.0242301, -0.0393868, -0.0123827, 0.0478722, 999.837, -261.122, 10, 2e-20, 3e-20, 2e-20, 2e-20, -1
0.245883, 0.406404, 1.29109, 0.05, -0.0696583, 0.0209802, -0.0685087, 0.0999295, 999.423, -923.541, 10, 2e-20, 3e-20, 2e-20, 2e-20, -1
0.3323, 0.492445, 1.37569, 0.05, 0.0107012, 0.0490156, -0.0243663, 0.0557742, 1001.22, 1946.62, 10, 2e-20, 3e-20, 2e-20, 2e-20, -1
0.260268, 0.36942, 1.36861, 0.05, -0.240542, -0.0156457, 0.0591006, 0.24819, 1001.46, 2336.56, 10, 2e-20, 3e-20, 2e-20, 2e-20, -1
0.369399, 0.380943, 1.24712, 0.05, -0.0493238, 0.0650103, 0.167056, 0.185921, 1003.35, 5367.12, 10, 2e-20, 3e-20, 2e-20, 2e-20, -1
0.169276, 0.280213, 1.16865, 0.05, -0.00360087, 0.000804801, -0.0822411, 0.0823238, 1002.39, 3816.35, 10, 2e-20, 3e-20, 2e-20, 2e-20, -1
0.250389, 0.376755, 1.22964, 0.05, -0.13317, -0.155186, -0.0665323, 0.215044, 1005.87, 9389.19, 10, 2e-20, 3e-20, 2e-20, 2e-20, -1
0.446935, 0.374609, 1.35974, 0.05, -0.112602, 0.047967, 0.0247016, 0.124861, 1000.44, 699.211, 10, 2e-20, 3e-20, 2e-20, 2e-20, -1
0.228126, 0.314455, 1.37315, 0.05, -0.18392, -0.0837104, -0.0215142, 0.203216, 995.706, -6871.12, 10, 2e-20, 3e-20, 2e-20, 2e-20, -1
0.244222, 0.376745, 1.00917, 0.05, 0.0631743, 0.048964, -0.00145097, 0.079941, 1003.21, 5130.16, 10, 2e-20, 3e-20, 2e-20, 2e-20, -1
0.549269, 0.333566, 1.39278, 0.05, -0.173886, -0.0876902, 0.0670225, 0.205956, 996.708, -5266.97, 10, 2e-20, 3e-20, 2e-20, 2e-20, -1
0.261839, 0.34579, 1.17106, 0.05, -0.126644, 0.0177825, -0.0233197, 0.129995, 999.909, -145.436, 10, 2e-20, 3e-20, 2e-20, 2e-20, -1
0.352903, 0.333177, 1.32562, 0.05, -0.16609, -0.0988152, -0.00456126, 0.193316, 1002.18, 3494, 10, 2e-20, 3e-20, 2e-20, 2e-20, -1
0.63631, 0.519509, 1.32957, 0.05, -0.0623597, -0.0188907, 0.00723878, 0.0655591, 1001.43, 2295.19, 10, 2e-20, 3e-20, 2e-20, 2e-20, -1
0.499285, 0.359753, 1.39718, 0.05, -0.217713, -0.131772, -0.123829, 0.283013, 995.469, -7248.85, 10, 2e-20, 3e-20, 2e-20, 2e-20, -1
0.842183, 0.286647, 1.11186, 0.05, 0.0019444, -0.000759494, -0.131688, 0.131705, 1003.25, 5193.93, 10, 2e-20, 3e-20, 2e-20, 2e-20, -1
0.606102, 0.411423, 1.36675, 0.05, -0.258216, -0.241422, -0.108671, 0.369823, 1004.29, 6856.1, 10, 2e-20, 3e-20, 2e-20, 2e-20, -1
0.332793, 0.318131, 1.35077, 0.05, -0.210748, -0.0401542, -0.102523, 0.237777, 1000.08, 131.602, 10, 2e-20, 3e-20, 2e-20, 2e-20, -1
0.363872, 0.436085, 1.37749, 0.05, -0.0890666, -0.0407717, 0.000960534, 0.0979598, 996.924, -4921.18, 10, 2e-20, 3e-20, 2e-20, 2e-20, -1
0.320576, 0.187803, 1.40056, 0.05, -0.171108, -0.110808, 0.00990392, 0.204094, 1002.18, 3489.71, 10, 2e-20, 3e-20, 2e-20, 2e-20, -1
0.456378, -0.49883, 0.0531648, 0.05, -0.0647275, -0.138832, 0.147095, 0.212369, 1011.67, 18667.4, 10, 2e-20, 3e-20, 2e-20, 2e-20, -1
0.384133, -0.495404, 0.136381, 0.05, -0.0684904, 0.218516, 0.210952, 0.311353, 1012.71, 20342.6, 10, 2e-20, 3e-20, 2e-20, 2e-20, -1
0.440612, -0.496754, 0.169267, 0.05, -0.0195241, 0.0809548, 0.072436, 0.110371, 1015.81, 25293.3, 10, 2e-20, 3e-20, 2e-20, 2e-20, -1
0.400943, -0.495927, 0.206989, 0.05, -0.0933408, 0.11558, 0.0808203, 0.169125, 1012.27, 19631.8, 10, 2e-20, 3e-20, 2e-20, 2e-20, -1
0.438618, -0.486103, 0.317115, 0.05, -0.160337, -0.0345886, 0.140043, 0.215677, 1003.26, 5208.74, 10, 2e-20, 3e-20, 2e-20, 2e-20, -1
0.483873, -0.494889, 0.293261, 0.05, 0.222823, -0.0527751, 0.346855, 0.415625, 1017.9, 28644.2, 10, 2e-20, 3e-20, 2e-20, 2e-20, -1
0.402065, -0.499808, 0.291479, 0.05, -0.170988, 0.127591, 0.0833409, 0.229045, 1011.5, 18396.3, 10, 2e-20, 3e-20, 2e-20, 2e-20, -1
0.419784, -0.49686, 0.36315, 0.05, -0.0284737, -0.0358239, 0.0632238, 0.0780471, 1012.93, 20690.8, 10, 2e-20, 3e-20, 2e-20, 2e-20, -1
0.392771, -0.450567, 0.544896, 0.05, -0.0835539, -0.0347468, -0.100097, 0.134937, 1007.23, 11569.8, 10, 2e-20, 3e-20, 2e-20, 2e-20, -1
0.381947, -0.49941, 0.530964, 0.05, 0.169617, -0.0330592, 0.105835, 0.202642, 1011.92, 19066, 10, 2e-20, 3e-20, 2e-20, 2e-20, -1
0.38328, -0.494833, 0.601556, 0.05, -0.0480465, -0.0627843, 0.0606433, 0.0996391, 1010.86, 17379.9, 10, 2e-20, 3e-20, 2e-20, 2e-20, -1
0.345548, -0.495402, 0.703509, 0.05, 0.170846, -0.10405, 0.164562, 0.259028, 1010.12, 16194, 10, 2e-20, 3e-20, 2e-20, 2e-20, -1
0.400935, -0.495397, 0.8212, 0.05, -0.145352, 0.0213041, 0.116889, 0.187734, 1005.05, 8073.6, 10, 2e-20, 3e-20, 2e-20, 2e-20, -1
0.399321, -0.492866, 0.665044, 0.05, -0.00873965, -0.0572964, 0.149418, 0.160265, 1010.95, 17516.4, 10, 2e-20, 3e-20, 2e-20, 2e-20, -1
0.354624, -0.498974, 0.785997, 0.05, 0.0145978, 0.00982566, 0.0603744, 0.0628864, 1008.48, 13567.5, 10, 2e-20, 3e-20, 2e-20, 2e-20, -1
0.443554, -0.494931, 0.860385, 0.05, 0.107708, -0.00256479, 0.152357, 0.186602, 1009.2, 14714.8, 10, 2e-20, 3e-20, 2e-20, 2e-20, -1
0.489059, -0.49607, 0.832559, 0.05, 0.0510422, 0.0431059, 0.237103, 0.246336, 1002.4, 3841.9, 10, 2e-20, 3e-20, 2e-20, 2e-20, -1
0.492938, -0.493954, 0.903862, 0.05, -0.0287161, 0.0152682, 0.158236, 0.161544, 1005.86, 9368.23, 10, 2e-20, 3e-20, 2e-20, 2e-20, -1
0.466937, -0.452972, 0.828367, 0.05, 0.00604036, 0.151363, 0.0945373, 0.178563, 1002.17, 3478.73, 10, 2e-20, 3e-20, 2e-20, 2e-20, -1
0.411575, -0.499814, 0.978668, 0.05, -0.193409, 0.0538647, 0.217249, 0.295814, 1003.88, 6201.63, 10, 2e-20, 3e-20, 2e-20, 2e-20, -1
0.432468, -0.490876, 1.10696, 0.05, -0.12877, 0.0292611, 0.286733, 0.315679, 1006.32, 10118.2, 10, 2e-20, 3e-20, 2e-20, 2e-20, -1
0.32113, -0.456605, 0.888696, 0.05, -0.0513288, -0.0227611, 0.00919071, 0.0568962, 1004.45, 7122.27, 10, 2e-20, 3e-20, 2e-20, 2e-20, -1
0.368268, -0.493952, 1.23437, 0.05, -0.210922, 0.089264, 0.179368, 0.290911, 1008.86, 14173.1, 10, 2e-20, 3e-20, 2e-20, 2e-20, -1
0.496875, -0.445218, 1.06783, 0.05, -0.143896, -0.0220966, 0.177133, 0.229282, 1004.54, 7262.88, 10, 2e-20, 3e-20, 2e-20, 2e-20, -1
0.404519, -0.458061, 0.944809, 0.05, 0.0108609, 0.0749354, 0.053305, 0.0925996, 1005.25, 8392.06, 10, 2e-20, 3e-20, 2e-20, 2e-20, -1
0.457957, -0.491149, 1.30092, 0.05, -0.0688985, -0.289168, 0.327495, 0.442288, 1019.29, 30863.8, 10, 2e-20, 3e-20, 2e-20, 2e-20, -1
0.49493, -0.499926, 1.21112, 0.05, -0.119844, -0.180183, 0.320237, 0.386497, 1015.68, 25081.7, 10, 2e-20, 3e-20, 2e-20, 2e-20, -1
0.446001, -0.49575, 1.24418, 0.05, -0.00939889, -0.381934, 0.146504, 0.409176, 1020.8, 33284.7, 10, 2e-20, 3e-20, 2e-20, 2e-20, -1
0.395985, -0.47561, 1.31779, 0.05, -0.167251, 0.218577, 0.386377, 0.474379, 999.443, -891.833, 10, 2e-20, 3e-20, 2e-20, 2e-20, -1
0.386789, -0.500215, 1.28114, 0.05, -0.17211, 0.00416254, 0.458968, 0.490195, 1004.21, 6731.22, 10, 2e-20, 3e-20, 2e-20, 2e-20, -1
0.440373, -0.393526, 1.04723, 0.05, 0.00113537, -0.0385013, 0.0934988, 0.101122, 1002.8, 4477.19, 10, 2e-20, 3e-20, 2e-20, 2e-20, -1
0.331001, -0.482921, 1.44067, 0.05, -0.242385, -0.07961, 0.192897, 0.31984, 1001.87, 2985.86, 10, 2e-20, 3e-20, 2e-20, 2e-20, -1
0.340626, -0.427087, 1.3351, 0.05, 0.198011, 0.00310887, 0.223794, 0.298834, 1002.83, 4523.71, 10, 2e-20, 3e-20, 2e-20, 2e-20, -1
0.33714, -0.401003, 1.38458, 0.05, -0.157494, -0.124632, 0.193535, 0.278914, 1003.93, 6294.73, 10, 2e-20, 3e-20, 2e-20, 2e-20, -1
0.396324, -0.420258, 1.32536, 0.05, -0.10972, -0.144395, 0.117859, 0.216285, 1008.07, 12906.5, 10, 2e-20, 3e-20, 2e-20, 2e-20, -1
0.421284, -0.433311, 1.28641, 0.05, -0.181547, -0.0177886, 0.142309, 0.23136, 1004.15, 6636.57, 10, 2e-20, 3e-20, 2e-20, 2e-20, -1
0.3556, -0.414741, 1.42562, 0.05, -0.291153, -0.0195182, -0.0634186, 0.298619, 997.762, -3581.32, 10, 2e-20, 3e-20, 2e-20, 2e-20, -1
0.362709, -0.378122, 1.32976, 0.05, -0.207285, -0.216626, 0.39566, 0.496428, 999.525, -759.368, 10, 2e-20, 3e-20, 2e-20, 2e-20, -1
0.355481, -0.50956, 1.35104, 0.05, 0.112576, -0.305746, 0.14028, 0.354729, 999.909, -145.778, 10, 2e-20, 3e-20, 2e-20, 2e-20, -1
0.354826, -0.327259, 1.31181, 0.05, -0.263381, 0.11491, 0.0609282, 0.293745, 998.094, -3050.1, 10, 2e-20, 3e-20, 2e-20, 2e-20, -1
0.336933, -0.278976, 1.31507, 0.05, -0.188055, -0.0627958, 0.0806894, 0.214053, 1004.1, 6562.46, 10, 2e-20, 3e-20, 2e-20, 2e-20, -1
0.532623, 0.505399, 1.90353, 0.05, 0.0165526, -0.00202739, -0.722371, 0.722564, 999.988, -19.8127, 10, 2e-20, 3e-20, 2e-20, 2e-20, -1
0.457718, -0.380359, 1.38239, 0.05, -0.144925, -0.0753527, -0.0861355, 0.184663, 998.021, -3166.52, 10, 2e-20, 3e-20, 2e-20, 2e-20, -1
0.424754, -0.297936, 1.31447, 0.05, -0.207092, -0.0998882, 0.125392, 0.261893, 1004.87, 7788.47, 10, 2e-20, 3e-20, 2e-20, 2e-20, -1
0.317095, -0.348346, 1.4001, 0.05, -0.344033, -0.0922771, 0.0553953, 0.360475, 999.732, -428.39, 10, 2e-20, 3e-20, 2e-20, 2e-20, -1
0.337534, -0.26496, 1.40708, 0.05, -0.242543, 0.0481862, 0.0137447, 0.247665, 998.209, -2865.55, 10, 2e-20, 3e-20, 2e-20, 2e-20, -1
0.371171, -0.318076, 1.46406, 0.05, -0.327084, 0.170284, -0.153969, 0.399608, 999.011, -1581.9, 10, 2e-20, 3e-20, 2e-20, 2e-20, -1
0.260944, -0.353692, 1.43539, 0.05, -0.184252, -0.104062, 0.278359, 0.349659, 1007.23, 11572.7, 10, 2e-20, 3e-20, 2e-20, 2e-20, -1
0.371587, -0.30544, 1.41468, 0.05, -0.454756, 0.158486, -0.115801, 0.495309, 999.964, -56.9398, 10, 2e-20, 3e-20, 2e-20, 2e-20, -1
0.338326, -0.429083, 1.45869, 0.05, -0.446403, 0.0267545, -0.227178, 0.501599, 993.28, -10752.1, 10, 2e-20, 3e-20, 2e-20, 2e-20, -1
0.315112, -0.253136, 1.45218, 0.05, -0.135142, 0.17506, 0.304207, 0.3761, 999.25, -1199.6, 10, 2e-20, 3e-20, 2e-20, 2e-20, -1
0.396142, -0.498381, 0.0476693, 0.05, 0.183321, -0.167517, 0.0058925, 0.248401, 1008.9, 14237.6, 10, 2e-20, 3e-20, 2e-20, 2e-20, -1
0.444843, -0.446114, 0.0953579, 0.05, -0.0571559, 0.0171111, 0.144845, 0.156652, 1007.04, 11266.2, 10, 2e-20, 3e-20, 2e-20, 2e-20, -1
0.376401, -0.464572, 0.0930075, 0.05, -0.000681239, -0.0605143, -0.0751068, 0.0964545, 1005.76, 9208.62, 10, 2e-20, 3e-20, 2e-20, 2e-20, -1
0.405499, -0.453401, 0.143505, 0.05, -0.180573, -0.0574298, 0.0219406, 0.190751, 1006.84, 10944.3, 10, 2e-20, 3e-20, 2e-20, 2e-20, -1
0.477207, -0.444887, 0.229484, 0.05, -0.0320429, 0.0357612, 0.0860945, 0.0985793, 1007.09, 11346.3, 10, 2e-20, 3e-20, 2e-20, 2e-20, -1
0.411515, -0.455596, 0.238814, 0.05, 0.0994406, 0.0795957, 0.0133854, 0.128074, 1007.62, 12194, 10, 2e-20, 3e-20, 2e-20, 2e-20, -1
0.443432, -0.410998, 0.211358, 0.05, -0.0540711, 0.023494, 0.056054, 0.0813492, 1012.86, 20576.4, 10, 2e-20, 3e-20, 2e-20, 2e-20, -1
0.445322, -0.498328, 0.422878, 0.05, -0.0877364, 0.0495716, -0.0469177, 0.111159, 1010.48, 16773.1, 10, 2e-20, 3e-20, 2e-20, 2e-20, -1
0.396944, -0.476093, 0.45613, 0.05, -0.08981, 0.0103038, -0.0812785, 0.121566, 1006.82, 10909.7, 10, 2e-20, 3e-20, 2e-20, 2e-20, -1
0.405756, -0.449049, 0.401231, 0.05, 0.0635782, 0.037293, 0.106334, 0.129383, 1002.05, 3286, 10, 2e-20, 3e-20, 2e-20, 2e-20, -1
0.44928, -0.441204, 0.429786, 0.05, -0.000812796, 0.126203, 0.0773375, 0.148016, 1005.44, 8698.78, 10, 2e-20, 3e-20, 2e-20, 2e-20, -1
0.389306, -0.435304, 0.622504, 0.05, 0.0244678, 0.0349406, 0.100888, 0.109535, 1004.7, 7520.84, 10, 2e-20, 3e-20, 2e-20, 2e-20, -1
0.405204, -0.429171, 0.431851, 0.05, 0.0473418, -0.150776, -0.00151125, 0.158041, 1006, 9598.77, 10, 2e-20, 3e-20, 2e-20, 2e-20, -1
0.333575, -0.444671, 0.558458, 0.05, 0.011072, 0.0822457, 0.0338861, 0.0896393, 1005.75, 9207.27, 10, 2e-20, 3e-20, 2e-20, 2e-20, -1
0.367393, -0.415142, 0.533634, 0.05, -0.136607, 0.146722, -0.0465851, 0.205813, 1003.68, 5894.69, 10, 2e-20, 3e-20, 2e-20, 2e-20, -1
0.433614, -0.428538, 0.472547, 0.05, -0.00510779, -0.174281, 0.0533417, 0.182333, 1008.34, 13336.1, 10, 2e-20, 3e-20, 2e-20, 2e-20, -1
0.433728, -0.442617, 0.632634, 0.05, 0.125797, 0.105382, 0.0547718, 0.173004, 1003.47, 5552.65, 10, 2e-20, 3e-20, 2e-20, 2e-20, -1
0.404832, -0.396907, 0.506647, 0.05, -0.0289403, 0.00688213, 0.116606, 0.12034, 1004.64, 7416.09, 10, 2e-20, 3e-20, 2e-20, 2e-20, -1
0.407191, -0.385006, 0.455149, 0.05, -0.0278676, 0.0606851, -0.0913224, 0.113133, 1003.52, 5625.39, 10, 2e-20, 3e-20, 2e-20, 2e-20, -1
0.384156, -0.395243, 0.590255, 0.05, 0.150155, -0.114692, -0.0456206, 0.194376, 1000.8, 1277.06, 10, 2e-20, 3e-20, 2e-20, 2e-20, -1
0.390362, -0.449962, 0.726774, 0.05, -0.000461259, -0.131836, 0.123587, 0.180707, 1003.53, 5648.32, 10, 2e-20, 3e-20, 2e-20, 2e-20, -1
0.384082, -0.436071, 0.899195, 0.05, -0.168191, 0.0302207, 0.179562, 0.247879, 1004.22, 6747.18, 10, 2e-20, 3e-20, 2e-20, 2e-20, -1
0.436919, -0.443682, 0.889186, 0.05, 0.0993781, 0.036945, 0.172658, 0.202612, 1004.61, 7378.92, 10, 2e-20, 3e-20, 2e-20, 2e-20, -1
0.38899, -0.435943, 0.804574, 0.05, -0.0557598, 0.0069379, 0.109586, 0.123152, 1002.16, 3461.97, 10, 2e-20, 3e-20, 2e-20, 2e-20, -1
0.369382, -0.409538, 0.762733, 0.05, 0.0103079, -0.0639111, 0.118442, 0.134979, 1005.1, 8158.83, 10, 2e-20, 3e-20, 2e-20, 2e-20, -1
0.369974, -0.434546, 0.967999, 0.05, 0.00825291, -0.0142426, 0.107021, 0.10828, 1000.18, 281.679, 10, 2e-20, 3e-20, 2e-20, 2e-20, -1
0.399988, -0.453859, 1.00387, 0.05, -0.0710734, 0.00607561, 0.0661847, 0.0973075, 1004.35, 6964.87, 10, 2e-20, 3e-20, 2e-20, 2e-20, -1
0.39871, -0.380814, 0.828359, 0.05, -0.028938, -0.089691, 0.088181, 0.129065, 1006.11, 9780.16, 10, 2e-20, 3e-20, 2e-20, 2e-20, -1
0.418268, -0.418343, 0.970114, 0.05, -0.0324288, 0.0462359, -0.0546469, 0.0785854, 1001.01, 1616.7, 10, 2e-20, 3e-20, 2e-20, 2e-20, -1
0.374807, -0.429923, 1.04141, 0.05, -0.058521, 0.00076126, 0.15854, 0.168998, 1001.15, 1833.13, 10, 2e-20, 3e-20, 2e-20, 2e-20, -1
0.372477, -0.384417, 0.945691, 0.05, -0.0556536, -0.0755142, 0.150475, 0.17732, 1003.93, 6285.14, 10, 2e-20, 3e-20, 2e-20, 2e-20, -1
0.421383, -0.431207, 1.02144, 0.05, -0.076196, 0.0293584, 0.115407, 0.141374, 1003.63, 5810.2, 10, 2e-20, 3e-20, 2e-20, 2e-20, -1
0.424984, -0.363745, 0.940868, 0.05, -0.0698001, -0.0837768, 0.104585, 0.151091, 1001.89, 3023.11, 10, 2e-20, 3e-20, 2e-20, 2e-20, -1
0.366485, -0.439754, 1.08517, 0.05, -0.019108, 0.0276699, 0.112159, 0.117091, 1002.39, 3826.56, 10, 2e-20, 3e-20, 2e-20, 2e-20, -1
0.372275, -0.396522, 0.998396, 0.05, -0.0874033, -0.0161271, 0.00556386, 0.0890527, 1000.54, 858.118, 10, 2e-20, 3e-20, 2e-20, 2e-20, -1
0.327967, -0.44417, 1.2354, 0.05, -0.128359, 0.111938, 0.316104, 0.359066, 1000.77, 1235.64, 10, 2e-20, 3e-20, 2e-20, 2e-20, -1
0.348195, -0.37759, 1.03279, 0.05, -0.086185, 0.0727516, 0.0473368, 0.122317, 1005.55, 8873.33, 10, 2e-20, 3e-20, 2e-20, 2e-20, -1
0.354616, -0.390988, 1.08599, 0.05, -0.0132371, -0.0109143, 0.0617127, 0.0640531, 1002.64, 4229.86, 10, 2e-20, 3e-20, 2e-20, 2e-20, -1
0.392557, -0.350416, 0.983836, 0.05, -0.0867135, 0.0310644, 0.0407154, 0.100707, 998.864, -1817.54, 10, 2e-20, 3e-20, 2e-20, 2e-20, -1
0.394532, -0.3129, 0.990055, 0.05, -0.164077, -0.00326418, -0.0277694, 0.166442, 1006.46, 10340.7, 10, 2e-20, 3e-20, 2e-20, 2e-20, -1
0.35434, -0.421931, 1.19948, 0.05, -0.0301316, -0.0964376, 0.249379, 0.269068, 1001.45, 2320.85, 10, 2e-20, 3e-20, 2e-20, 2e-20, -1
0.32851, -0.364515, 1.17134, 0.05, -0.238246, 0.0589882, 0.0842337, 0.259492, 999.196, -1285.95, 10, 2e-20, 3e-20, 2e-20, 2e-20, -1
0.374231, -0.359649, 1.18822, 0.05, -0.186303, -0.00407571, 0.256601, 0.317127, 1001.91, 3062.24, 10, 2e-20, 3e-20, 2e-20, 2e-20, -1
0.37147, -0.344385, 1.09662, 0.05, -0.0937072, -0.0732241, 0.0485044, 0.128435, 999.923, -122.816, 10, 2e-20, 3e-20, 2e-20, 2e-20, -1
0.360102, -0.300748, 1.18124, 0.05, -0.29308, -0.0730372, 0.0795152, 0.312334, 1002.41, 3857.86, 10, 2e-20, 3e-20, 2e-20, 2e-20, -1
0.367544, -0.290444, 1.09732, 0.05, -0.041121, -0.0440758, 0.00101892, 0.060288, 1002.28, 3651.57, 10, 2e-20, 3e-20, 2e-20, 2e-20, -1
0.352963, -0.311711, 1.23924, 0.05, -0.150831, -0.0945755, 0.0971843, 0.202828, 1003.18, 5088.4, 10, 2e-20, 3e-20, 2e-20, 2e-20, -1
0.324859, -0.259069, 1.18958, 0.05, -0.139481, -0.0818736, 0.139365, 0.213497, 995.906, -6549.74, 10, 2e-20, 3e-20, 2e-20, 2e-20, -1
0.28262, -0.28964, 1.25089, 0.05, -0.333143, -0.0335055, 0.149627, 0.366736, 1000.61, 983.435, 10, 2e-20, 3e-20, 2e-20, 2e-20, -1
0.239269, -0.179731, 1.35027, 0.05, -0.230023, 0.0209023, 0.233106, 0.328155, 998.52, -2367.86, 10, 2e-20, 3e-20, 2e-20, 2e-20, -1
0.205215, -0.217269, 1.3068, 0.05, -0.249541, 0.150741, 0.27709, 0.40221, 998.477, -2436.29, 10, 2e-20, 3e-20, 2e-20, 2e-20, -1
0.464431, -0.393393, 0.0896113, 0.05, -0.076929, -0.0394203, -0.0864054, 0.122221, 1014.88, 23801.7, 10, 2e-20, 3e-20, 2e-20, 2e-20, -1
0.338974, -0.400899, 0.0805261, 0.05, -0.134437, -0.0076944, -0.0133879, 0.135321, 1003.51, 5619.18, 10, 2e-20, 3e-20, 2e-20, 2e-20, -1
0.578346, -0.390946, 0.0479423, 0.05, 0.180021, -0.0686161, -0.0263681, 0.19445, 1008.33, 13331.7, 10, 2e-20, 3e-20, 2e-20, 2e-20, -1
0.462873, -0.454157, 0.127663, 0.05, 0.0561811, 0.120734, -0.211622, 0.250034, 1006.36, 10169.2, 10, 2e-20, 3e-20, 2e-20, 2e-20, -1
0.414757, -0.442572, 0.189525, 0.05, 0.0836997, -0.0327583, -0.0160226, 0.0912988, 1007.64, 12217.4, 10, 2e-20, 3e-20, 2e-20, 2e-20, -1
0.493616, -0.391396, 0.134847, 0.05, -0.0947709, 0.0468307, 0.115852, 0.156832, 1009.68, 15494.5, 10, 2e-20, 3e-20, 2e-20, 2e-20, -1
0.407871, -0.373769, 0.175341, 0.05, -0.0429499, -0.121092, 0.00562895, 0.128606, 1009.04, 14465.4, 10, 2e-20, 3e-20, 2e-20, 2e-20, -1
0.461039, -0.38916, 0.165252, 0.05, 0.0606815, -0.0709709, 0.0238864, 0.0963829, 1008.47, 13550, 10, 2e-20, 3e-20, 2e-20, 2e-20, -1
0.44663, -0.442249, 0.270036, 0.05, -0.124549, 0.225951, 0.118387, 0.283869, 997.319, -4289.66, 10, 2e-20, 3e-20, 2e-20, 2e-20, -1
0.419378, -0.409656, 0.259869, 0.05, -0.00351063, 0.0299358, -0.052911, 0.0608937, 1006.13, 9809.91, 10, 2e-20, 3e-20, 2e-20, 2e-20, -1
0.38778, -0.499241, 0.413544, 0.05, -0.0959897, 0.146105, -0.0130682, 0.175304, 1008.04, 12858.7, 10, 2e-20, 3e-20, 2e-20, 2e-20, -1
0.413151, -0.446338, 0.306982, 0.05, -0.0897484, 0.0362777, -0.049882, 0.108899, 1009.69, 15499.8, 10, 2e-20, 3e-20, 2e-20, 2e-20, -1
0.432915, -0.4002, 0.320603, 0.05, 0.00856439, -0.190715, -0.0456888, 0.196298, 1005.21, 8339.43, 10, 2e-20, 3e-20, 2e-20, 2e-20, -1
0.416485, -0.411607, 0.373583, 0.05, -0.04872, -0.0313473, -0.0577363, 0.081791, 999.718, -451.208, 10, 2e-20, 3e-20, 2e-20, 2e-20, -1
0.387901, -0.446088, 0.493426, 0.05, -0.0323271, -0.048119, -0.0349593, 0.0676951, 1004.24, 6783.93, 10, 2e-20, 3e-20, 2e-20, 2e-20, -1
0.444965, -0.364194, 0.364463, 0.05, -0.00120039, 0.0618055, 0.00527249, 0.0620416, 1004.88, 7811.96, 10, 2e-20, 3e-20, 2e-20, 2e-20, -1
0.408902, -0.369733, 0.403313, 0.05, -0.0401921, 0.0420079, 0.0447561, 0.0733702, 1003.69, 5907.7, 10, 2e-20, 3e-20, 2e-20, 2e-20, -1
0.398296, -0.337295, 0.435487, 0.05, -0.155243, -0.103819, 0.0517575, 0.193798, 1008.43, 13486, 10, 2e-20, 3e-20, 2e-20, 2e-20, -1
0.447336, -0.296236, 0.402211, 0.05, 0.0246256, -0.129423, -0.0768076, 0.1525, 1004.66, 7461.45, 10, 2e-20, 3e-20, 2e-20, 2e-20, -1
0.408032, -0.346135, 0.491844, 0.05, -0.149424, 0.0260661, 0.0392537, 0.156677, 1006.25, 9996.08, 10, 2e-20, 3e-20, 2e-20, 2e-20, -1
0.434078, -0.384296, 0.599574, 0.05, -0.0750224, -0.0863526, 0.0594748, 0.128928, 1004.53, 7247.26, 10, 2e-20, 3e-20, 2e-20, 2e-20, -1
0.439904, -0.442662, 0.783268, 0.05, -0.091812, -0.0155036, 0.0200661, 0.0952494, 1008.45, 13515.1, 10, 2e-20, 3e-20, 2e-20, 2e-20, -1
0.401393, -0.405128, 0.654568, 0.05, -0.0468615, 0.0450861, 0.130595, 0.145889, 1006.29, 10068.1, 10, 2e-20, 3e-20, 2e-20, 2e-20, -1
0.405552, -0.405365, 0.735125, 0.05, -0.0187357, 0.0964704, 0.100469, 0.140541, 1003.86, 6181.17, 10, 2e-20, 3e-20, 2e-20, 2e-20, -1
0.442651, -0.371578, 0.732108, 0.05, 0.0478538, -0.0682047, 0.0698681, 0.108736, 1003.2, 5116.2, 10, 2e-20, 3e-20, 2e-20, 2e-20, -1
0.416343, -0.395696, 0.783601, 0.05, -0.0876915, 0.0494252, 0.116839, 0.154221, 1004.38, 7006.21, 10, 2e-20, 3e-20, 2e-20, 2e-20, -1
0.396442, -0.326541, 0.693323, 0.05, -0.140188, -0.103448, -0.031574, 0.177062, 1005.88, 9415.79, 10, 2e-20, 3e-20, 2e-20, 2e-20, -1
0.408662, -0.287265, 0.627308, 0.05, -0.0797411, -0.0358938, 0.035487, 0.0943734, 1006.47, 10359.9, 10, 2e-20, 3e-20, 2e-20, 2e-20, -1
0.367582, -0.361492, 0.771177, 0.05, -0.0618343, -0.0134326, 0.0161512, 0.0653053, 1006.14, 9824.93, 10, 2e-20, 3e-20, 2e-20, 2e-20, -1
0.39037, -0.286989, 0.675347, 0.05, -0.0528832, 0.0144421, -0.109042, 0.122046, 1003.1, 4966.26, 10, 2e-20, 3e-20, 2e-20, 2e-20, -1
0.422382, -0.346066, 0.778293, 0.05, -0.0934916, -0.0978742, 0.0541525, 0.145782, 1003.96, 6334.52, 10, 2e-20, 3e-20, 2e-20, 2e-20, -1
0.390399, -0.348598, 0.736703, 0.05, -0.138818, -0.0804449, -0.00764587, 0.160625, 1006.29, 10058.1, 10, 2e-20, 3e-20, 2e-20, 2e-20, -1
0.416382, -0.329581, 0.82278, 0.05, -0.0545742, -0.0469215, 0.0637269, 0.0961306, 1005.87, 9389.01, 10, 2e-20, 3e-20, 2e-20, 2e-20, -1
0.405445, -0.357197, 0.877092, 0.05, -0.113787, -0.0878498, 0.0805325, 0.164775, 1008.7, 13916.8, 10, 2e-20, 3e-20, 2e-20, 2e-20, -1
0.392327, -0.306348, 0.864563, 0.05, 0.00921378, 0.0544041, 0.0311562, 0.0633673, 1005.24, 8380.6, 10, 2e-20, 3e-20, 2e-20, 2e-20, -1
0.465379, -0.337812, 0.812036, 0.05, -0.0279654, -0.204309, -0.0116926, 0.206546, 1003.99, 6389.97, 10, 2e-20, 3e-20, 2e-20, 2e-20, -1
0.411115, -0.27485, 0.820519, 0.05, -0.0627967, -0.0584299, 0.0119672, 0.0866066, 1003.98, 6374.57, 10, 2e-20, 3e-20, 2e-20, 2e-20, -1
0.378934, -0.341878, 0.923519, 0.05, -0.0335121, 0.0403472, 0.143066, 0.152377, 1006.5, 10408, 10, 2e-20, 3e-20, 2e-20, 2e-20, -1
0.368729, -0.278541, 0.904748, 0.05, -0.0430034, -0.000138169, 0.0612826, 0.0748657, 1004.48, 7174.18, 10, 2e-20, 3e-20, 2e-20, 2e-20, -1
0.412148, -0.195313, 0.906008, 0.05, -0.00213238, -0.0425256, 0.0179768, 0.0462184, 1006.2, 9927.86, 10, 2e-20, 3e-20, 2e-20, 2e-20, -1
0.397039, -0.306958, 0.941742, 0.05, -0.0582703, 0.068548, 0.136863, 0.163786, 1002.97, 4749.82, 10, 2e-20, 3e-20, 2e-20, 2e-20, -1
0.330159, -0.389851, 1.23023, 0.05, -0.121301, -0.0821635, 0.288182, 0.323286, 1004.67, 7473.21, 10, 2e-20, 3e-20, 2e-20, 2e-20, -1
0.377708, -0.33679, 1.04957, 0.05, -0.137066, 0.025593, 0.12105, 0.184649, 1004.22, 6745.94, 10, 2e-20, 3e-20, 2e-20, 2e-20, -1
0.317827, -0.363368, 1.11355, 0.05, -0.121033, -0.0778405, 0.209396, 0.254077, 1003.68, 5891.83, 10, 2e-20, 3e-20, 2e-20, 2e-20, -1
0.324032, -0.199443, 1.08212, 0.05, -0.0674176, 0.0295181, 0.0714776, 0.102594, 1002.12, 3393.84, 10, 2e-20, 3e-20, 2e-20, 2e-20, -1
0.319763, -0.20753, 1.13306, 0.05, -0.115692, 0.0165404, 0.0714214, 0.136964, 1003.16, 5050.55, 10, 2e-20, 3e-20, 2e-20, 2e-20, -1
0.252287, -0.166196, 1.17019, 0.05, -0.0700094, -0.0806283, 0.170479, 0.20116, 1001.89, 3019.6, 10, 2e-20, 3e-20, 2e-20, 2e-20, -1
0.281775, -0.22134, 1.20511, 0.05, -0.260793, -0.0150854, 0.082372, 0.273908, 1004.99, 7978.46, 10, 2e-20, 3e-20, 2e-20, 2e-20, -1
0.279265, -0.182896, 1.18303, 0.05, -0.240393, -0.0461872, 0.142639, 0.283316, 1003.2, 5127.11, 10, 2e-20, 3e-20, 2e-20, 2e-20, -1
0.237179, -0.209294, 1.26022, 0.05, -0.124345, 0.0328557, 0.163602, 0.208103, 1001.28, 2041.36, 10, 2e-20, 3e-20, 2e-20, 2e-20, -1
0.213911, -0.174307, 1.31206, 0.05, -0.227367, -0.0354576, 0.360843, 0.427972, 1005.99, 9588.92, 10, 2e-20, 3e-20, 2e-20, 2e-20, -1
0.431195, -0.32674, 0.0513259, 0.05, 0.0178196, 0.00726888, 0.054048, 0.0573722, 1015.23, 24362.1, 10, 2e-20, 3e-20, 2e-20, 2e-20, -1
0.498698, -0.397853, 0.048606, 0.05, 0.0323225, -0.187866, -0.0442485, 0.195695, 1013.61, 21771.5, 10, 2e-20, 3e-20, 2e-20, 2e-20, -1
0.505015, -0.352584, 0.104367, 0.05, -0.112822, -0.201447, 0.139974, 0.270005, 1009.19, 14706.8, 10, 2e-20, 3e-20, 2e-20, 2e-20, -1
0.430857, -0.263985, 0.143425, 0.05, -0.0399628, -0.0229979, -0.0120809, 0.0476642, 1007.17, 11466, 10, 2e-20, 3e-20, 2e-20, 2e-20, -1
0.435216, -0.357864, 0.130606, 0.05, -0.0619571, -0.0158597, 0.177152, 0.188343, 1009.18, 14687.7, 10, 2e-20, 3e-20, 2e-20, 2e-20, -1
0.437114, -0.313628, 0.158342, 0.05, -0.0445142, 0.0159155, 0.0949452, 0.106063, 1005.3, 8473.77, 10, 2e-20, 3e-20, 2e-20, 2e-20, -1
0.406874, -0.27143, 0.185879, 0.05, 0.0276326, -0.134316, 0.0583874, 0.149042, 1005.47, 8756.38, 10, 2e-20, 3e-20, 2e-20, 2e-20, -1
0.452915, -0.35058, 0.197212, 0.05, 0.0421349, -0.124802, 0.0437721, 0.138805, 1004.86, 7771.82, 10, 2e-20, 3e-20, 2e-20, 2e-20, -1
0.468903, -0.372587, 0.244277, 0.05, -0.162665, 0.0575996, 0.0282773, 0.174863, 1010.72, 17159.2, 10, 2e-20, 3e-20, 2e-20, 2e-20, -1
0.380746, -0.348984, 0.244645, 0.05, 0.0297299, 0.00578925, 0.0516202, 0.05985, 1007.02, 11235.8, 10, 2e-20, 3e-20, 2e-20, 2e-20, -1
0.416222, -0.370574, 0.232515, 0.05, 0.0632018, -0.010236, -0.133881, 0.148402, 1002.23, 3572.03, 10, 2e-20, 3e-20, 2e-20, 2e-20, -1
0.404287, -0.302477, 0.251214, 0.05, -0.0443915, -0.0465071, -0.105823, 0.123823, 1008.62, 13792.6, 10, 2e-20, 3e-20, 2e-20, 2e-20, -1
0.431486, -0.341317, 0.262198, 0.05, 0.146331, -0.0990911, -0.0988565, 0.202495, 1002.1, 3359.34, 10, 2e-20, 3e-20, 2e-20, 2e-20, -1
0.386526, -0.273709, 0.315701, 0.05, -0.190537, 0.0864153, -0.0785411, 0.223474, 1008.37, 13385.3, 10, 2e-20, 3e-20, 2e-20, 2e-20, -1
0.428405, -0.287293, 0.329776, 0.05, -0.0252495, 0.068842, -0.0788061, 0.107644, 1004.57, 7305.19, 10, 2e-20, 3e-20, 2e-20, 2e-20, -1
0.429903, -0.238427, 0.338664, 0.05, 0.0100025, 0.112646, 0.00460599, 0.113183, 1008.96, 14335, 10, 2e-20, 3e-20, 2e-20, 2e-20, -1
0.465632, -0.318235, 0.350335, 0.05, 0.0327975, -0.00375756, 0.0429314, 0.0541562, 1003.18, 5084.21, 10, 2e-20, 3e-20, 2e-20, 2e-20, -1
0.406817, -0.273281, 0.378335, 0.05, -0.0755141, 0.105189, -0.0608125, 0.143057, 1010.62, 16998.9, 10, 2e-20, 3e-20, 2e-20, 2e-20, -1
0.447408, -0.256429, 0.44909, 0.05, -0.0465582, 0.0398464, 0.172657, 0.183209, 1005.42, 8671.12, 10, 2e-20, 3e-20, 2e-20, 2e-20, -1
0.474696, -0.278148, 0.486157, 0.05, -0.0469616, 0.0898319, -0.0526765, 0.114236, 1004.46, 7140.68, 10, 2e-20, 3e-20, 2e-20, 2e-20, -1
0.444213, -0.35382, 0.526659, 0.05, -0.00691581, -0.0881475, -0.027233, 0.0925173, 1009.07, 14512.8, 10, 2e-20, 3e-20, 2e-20, 2e-20, -1
0.415206, -0.374642, 0.691485, 0.05, -0.086785, 0.0354605, 0.0368208, 0.100722, 1004.69, 7509.88, 10, 2e-20, 3e-20, 2e-20, 2e-20, -1
0.409244, -0.312512, 0.523601, 0.05, -0.0436832, -0.0280841, -0.0125275, 0.0534217, 1005.3, 8486.64, 10, 2e-20, 3e-20, 2e-20, 2e-20, -1
0.416922, -0.333209, 0.60176, 0.05, 0.0208853, 0.0887579, 0.100802, 0.135924, 1004.79, 7666.35, 10, 2e-20, 3e-20, 2e-20, 2e-20, -1
0.404436, -0.289038, 0.573767, 0.05, -0.0382455, 0.0651459, 0.0754828, 0.106791, 1006.2, 9920.94, 10, 2e-20, 3e-20, 2e-20, 2e-20, -1
0.400818, -0.355412, 0.640871, 0.05, 0.0297125, -0.00469694, 0.103377, 0.107665, 1003.59, 5749.26, 10, 2e-20, 3e-20, 2e-20, 2e-20, -1
0.403012, -0.233028, 0.566121, 0.05, 0.105178, 0.137741, 0.0234623, 0.174887, 1000.14, 218.508, 10, 2e-20, 3e-20, 2e-20, 2e-20, -1
0.427826, -0.206105, 0.618108, 0.05, -0.0732085, 0.0182102, -0.0395602, 0.0851828, 1000.69, 1110.36, 10, 2e-20, 3e-20, 2e-20, 2e-20, -1
0.418364, -0.243531, 0.659607, 0.05, -0.0778436, -0.0242112, 0.00443413, 0.0816423, 1002.97, 4750.76, 10, 2e-20, 3e-20, 2e-20, 2e-20, -1
0.46339, -0.244662, 0.682497, 0.05, 0.0182261, -0.0801654, 0.052824, 0.0977193, 1004.46, 7140.61, 10, 2e-20, 3e-20, 2e-20, 2e-20, -1
0.372323, -0.28484, 0.728564, 0.05, -0.138018, -0.0587018, 0.0827992, 0.17132, 1004.18, 6693.14, 10, 2e-20, 3e-20, 2e-20, 2e-20, -1
0.412461, -0.262099, 0.711596, 0.05, -0.00962594, 0.0174554, 0.00402629, 0.0203362, 1005.28, 8447.02, 10, 2e-20, 3e-20, 2e-20, 2e-20, -1
0.382609, -0.311928, 0.775523, 0.05, -0.0743513, -0.0324286, -0.000651424, 0.0811182, 1003.92, 6266.94, 10, 2e-20, 3e-20, 2e-20, 2e-20, -1
0.405209, -0.262065, 0.764746, 0.05, -0.0177749, -0.0784722, 0.095819, 0.12512, 1001.04, 1662.51, 10, 2e-20, 3e-20, 2e-20, 2e-20, -1
0.438374, -0.295376, 0.782493, 0.05, -0.123365, -0.0191125, -0.00742357, 0.125058, 998.932, -1708.76, 10, 2e-20, 3e-20, 2e-20, 2e-20, -1
0.45036, -0.239513, 0.783174, 0.05, -0.0248841, -0.0347084, -0.0354043, 0.055474, 999.819, -289.603, 10, 2e-20, 3e-20, 2e-20, 2e-20, -1
0.456906, -0.239768, 0.827735, 0.05, 0.04033, -0.054979, 0.138669, 0.154526, 1004.06, 6494.5, 10, 2e-20, 3e-20, 2e-20, 2e-20, -1
0.435681, -0.277842, 0.869515, 0.05, -0.0312596, 0.0568388, 0.117326, 0.134064, 1001.85, 2963.02, 10, 2e-20, 3e-20, 2e-20, 2e-20, -1
0.458491, -0.148664, 0.859274, 0.05, -0.137907, -0.0852476, -0.0565237, 0.171699, 999.611, -622.929, 10, 2e-20, 3e-20, 2e-20, 2e-20, -1
0.444238, -0.193971, 0.846089, 0.05, -0.0992073, 0.0746123, 0.0324022, 0.128293, 1008.13, 13014.6, 10, 2e-20, 3e-20, 2e-20, 2e-20, -1
0.443474, -0.13908, 0.91036, 0.05, -0.0254532, -0.103433, 0.126554, 0.165415, 1006.56, 10491.6, 10, 2e-20, 3e-20, 2e-20, 2e-20, -1
0.410155, -0.148293, 0.949532, 0.05, -0.0568965, -0.0168226, 0.0812067, 0.100572, 1002.43, 3887.3, 10, 2e-20, 3e-20, 2e-20, 2e-20, -1
0.434234, -0.185562, 0.950523, 0.05, 0.0752323, 0.0367756, 0.0270053, 0.0879865, 1002.84, 4536.39, 10, 2e-20, 3e-20, 2e-20, 2e-20, -1
0.339948, -0.327593, 1.06361, 0.05, -0.0973067, -0.00602492, 0.0515655, 0.11029, 999.985, -24.4271, 10, 2e-20, 3e-20, 2e-20, 2e-20, -1
0.378041, -0.263224, 0.979147, 0.05, -0.0807492, -0.151292, 0.0937136, 0.195427, 1001.09, 1744.9, 10, 2e-20, 3e-20, 2e-20, 2e-20, -1
0.31714, -0.247263, 1.03595, 0.05, -0.190206, -0.0610787, 0.0407957, 0.203895, 1003.69, 5897.74, 10, 2e-20, 3e-20, 2e-20, 2e-20, -1
0.337409, -0.155076, 1.12819, 0.05, -0.0672092, -0.00497022, 0.0186909, 0.0699366, 998.143, -2971.07, 10, 2e-20, 3e-20, 2e-20, 2e-20, -1
0.260765, -0.116062, 1.22305, 0.05, -0.185437, -0.0760781, 0.133559, 0.240859, 1005.05, 8073.29, 10, 2e-20, 3e-20, 2e-20, 2e-20, -1
0.212906, -0.121822, 1.22421, 0.05, -0.066473, -0.100999, 0.181465, 0.218057, 1001.16, 1861.26, 10, 2e-20, 3e-20, 2e-20, 2e-20, -1
0.184442, -0.126873, 1.28686, 0.05, -0.0687454, 0.07137, 0.442078, 0.453048, 997.535, -3944.56, 10, 2e-20, 3e-20, 2e-20, 2e-20, -1
0.107221, -0.158484, 1.40608, 0.05, 0.00781243, 0.225948, 0.187643, 0.293808, 1001.7, 2718.15, 10, 2e-20, 3e-20, 2e-20, 2e-20, -1
0.40566, -0.270775, 0.053041, 0.05, -0.0975773, -0.166709, 0.0133419, 0.193626, 1014.86, 23769.4, 10, 2e-20, 3e-20, 2e-20, 2e-20, -1
0.487085, -0.346201, 0.0471033, 0.05, -0.12844, -0.105217, -0.0546306, 0.174791, 1007.39, 11830.1, 10, 2e-20, 3e-20, 2e-20, 2e-20, -1
0.457748, -0.343409, 0.0861011, 0.05, 0.0826839, 0.0579138, 0.049663, 0.112504, 1011.1, 17763.3, 10, 2e-20, 3e-20, 2e-20, 2e-20, -1
0.452475, -0.215567, 0.0471546, 0.05, 0.0121142, 0.0395225, -0.0514441, 0.0659946, 1009.3, 14885.1, 10, 2e-20, 3e-20, 2e-20, 2e-20, -1
0.444266, -0.262333, 0.0956774, 0.05, -0.0430318, -0.0328541, 0.0780778, 0.0950119, 1006.54, 10471.5, 10, 2e-20, 3e-20, 2e-20, 2e-20, -1
0.448723, -0.197134, 0.12266, 0.05, 0.138023, -0.0644366, 0.0703984, 0.167805, 1004.58, 7324.04, 10, 2e-20, 3e-20, 2e-20, 2e-20, -1
0.440246, -0.223378, 0.169255, 0.05, 0.0959864, -0.0631064, 0.0154742, 0.115911, 1008.16, 13049.7, 10, 2e-20, 3e-20, 2e-20, 2e-20, -1
0.484374, -0.13238, 0.159559, 0.05, 0.0415001, -0.0807899, -0.24815, 0.264249, 1008.53, 13643.9, 10, 2e-20, 3e-20, 2e-20, 2e-20, -1
0.467179, -0.175772, 0.162206, 0.05, 0.170862, -0.057909, 0.0604907, 0.19028, 1001.46, 2337.16, 10, 2e-20, 3e-20, 2e-20, 2e-20, -1
0.434666, -0.118936, 0.157597, 0.05, 0.135911, 0.080993, -0.05051, 0.166081, 1006.14, 9828.21, 10, 2e-20, 3e-20, 2e-20, 2e-20, -1
0.402915, -0.326078, 0.199518, 0.05, -0.0418008, -0.104982, -0.016532, 0.114201, 1008.84, 14147.1, 10, 2e-20, 3e-20, 2e-20, 2e-20, -1
0.44321, -0.250416, 0.22014, 0.05, -0.175964, 0.112376, -0.0313079, 0.21112, 1005.42, 8668.98, 10, 2e-20, 3e-20, 2e-20, 2e-20, -1
0.423292, -0.254917, 0.282773, 0.05, -0.244951, 0.0435078, -0.0221667, 0.24977, 1010.33, 16535.7, 10, 2e-20, 3e-20, 2e-20, 2e-20, -1
0.463234, -0.205388, 0.266574, 0.05, 0.0383202, -0.0823454, -0.0244486, 0.0940582, 1008.98, 14366, 10, 2e-20, 3e-20, 2e-20, 2e-20, -1
0.425103, -0.204832, 0.302852, 0.05, -0.0891082, -0.132832, -0.0155023, 0.160701, 1010.24, 16380.1, 10, 2e-20, 3e-20, 2e-20, 2e-20, -1
0.451273, -0.191959, 0.344115, 0.05, -0.116874, -0.0565254, -0.0494982, 0.138942, 1007.87, 12595.2, 10, 2e-20, 3e-20, 2e-20, 2e-20, -1
0.44309, -0.247678, 0.392664, 0.05, -0.111856, 0.113413, -0.095084, 0.185514, 1005.28, 8455.63, 10, 2e-20, 3e-20, 2e-20, 2e-20, -1
0.439472, -0.167448, 0.378832, 0.05, -0.0954893, 0.00216875, 0.0297702, 0.100046, 1006.22, 9947.88, 10, 2e-20, 3e-20, 2e-20, 2e-20, -1
0.411818, -0.215215, 0.381933, 0.05, 0.0309465, 0.050838, -0.0859221, 0.104522, 1001.68, 2685.98, 10, 2e-20, 3e-20, 2e-20, 2e-20, -1
0.432623, -0.211578, 0.426612, 0.05, -0.15123, -0.00862135, 0.0425427, 0.157336, 1004.7, 7520.14, 10, 2e-20, 3e-20, 2e-20, 2e-20, -1
0.468464, -0.195789, 0.467999, 0.05, -0.100883, -0.00376042, 0.0514644, 0.113314, 1011.91, 19059, 10, 2e-20, 3e-20, 2e-20, 2e-20, -1
0.45095, -0.235146, 0.497058, 0.05, -0.0117392, -0.0946331, -0.0546839, 0.109925, 1009.08, 14525.7, 10, 2e-20, 3e-20, 2e-20, 2e-20, -1
0.511757, -0.158085, 0.545954, 0.05, -0.0305476, -0.109289, 0.00648947, 0.113664, 1008.55, 13675.5, 10, 2e-20, 3e-20, 2e-20, 2e-20, -1
0.479843, -0.254456, 0.535852, 0.05, -0.10078, 0.0311393, -0.090826, 0.139197, 1000.88, 1407.17, 10, 2e-20, 3e-20, 2e-20, 2e-20, -1
0.542735, -0.106659, 0.540637, 0.05, -0.00160901, 0.00514102, 0.000520187, 0.00541199, 1001.41, 2257.64, 10, 2e-20, 3e-20, 2e-20, 2e-20, -1
0.44513, -0.216195, 0.549228, 0.05, -0.0363972, -0.0102009, 0.0459675, 0.0595132, 1006.94, 11096.2, 10, 2e-20, 3e-20, 2e-20, 2e-20, -1
0.504984, -0.120486, 0.577437, 0.05, -0.045666, 0.0478413, -0.00566652, 0.0663799, 1003.81, 6090.41, 10, 2e-20, 3e-20, 2e-20, 2e-20, -1
0.459542, -0.174834, 0.583654, 0.05, -0.0600899, -0.0799008, -0.0350017, 0.105925, 1003.61, 5772.33, 10, 2e-20, 3e-20, 2e-20, 2e-20, -1
0.491793, -0.154879, 0.62405, 0.05, -0.0936734, -0.0901955, 0.0424294, 0.136785, 1010.71, 17138.4, 10, 2e-20, 3e-20, 2e-20, 2e-20, -1
0.459909, -0.186258, 0.658916, 0.05, -0.0697844, 0.023212, -0.0601569, 0.0950132, 1008, 12798.3, 10, 2e-20, 3e-20, 2e-20, 2e-20, -1
0.508219, -0.158248, 0.672629, 0.05, 0.0424414, -0.0175957, -0.00376749, 0.0460985, 1002.87, 4586.5, 10, 2e-20, 3e-20, 2e-20, 2e-20, -1
0.558638, -0.0595787, 0.708503, 0.05, 0.0151709, -0.0498391, 0.00905653, 0.0528782, 1007.25, 11596.6, 10, 2e-20, 3e-20, 2e-20, 2e-20, -1
0.476644, -0.191095, 0.709699, 0.05, -0.0163255, -0.0423922, 0.00484172, 0.0456844, 1003.53, 5640.74, 10, 2e-20, 3e-20, 2e-20, 2e-20, -1
0.52983, -0.0990966, 0.716852, 0.05, -0.133074, -0.0126382, -0.0168466, 0.13473, 1003.9, 6234.99, 10, 2e-20, 3e-20, 2e-20, 2e-20, -1
0.454152, -0.251575, 0.738912, 0.05, 0.0695473, -0.0627179, 0.00217225, 0.0936754, 998.809, -1906.02, 10, 2e-20, 3e-20, 2e-20, 2e-20, -1
0.502549, -0.144661, 0.735266, 0.05, -0.0507477, 0.071986, 0.0574244, 0.105142, 1004.52, 7235.32, 10, 2e-20, 3e-20, 2e-20, 2e-20, -1
0.480473, -0.203071, 0.760575, 0.05, -0.0342038, -0.00482615, 0.121932, 0.12673, 1001.46, 2340.76, 10, 2e-20, 3e-20, 2e-20, 2e-20, -1
0.487212, -0.185366, 0.816419, 0.05, -0.00716467, -0.0152943, -0.0745236, 0.0764134, 1004.15, 6641.3, 10, 2e-20, 3e-20, 2e-20, 2e-20, -1
0.496572, -0.126387, 0.828237, 0.05, 0.00363535, -0.084849, 0.00787344, 0.085291, 1002.54, 4064.57, 10, 2e-20, 3e-20, 2e-20, 2e-20, -1
0.490031, -0.0905205, 0.876221, 0.05, 0.0959493, 0.0503662, 0.133671, 0.172078, 1006.61, 10582.3, 10, 2e-20, 3e-20, 2e-20, 2e-20, -1
0.454976, -0.0798537, 0.929294, 0.05, 0.080631, 0.105121, 0.124023, 0.181476, 1001.27, 2029.99, 10, 2e-20, 3e-20, 2e-20, 2e-20, -1
0.425059, -0.106474, 0.980327, 0.05, -0.0523071, 0.0453826, 0.180368, 0.193205, 1002.28, 3644.82, 10, 2e-20, 3e-20, 2e-20, 2e-20, -1
0.422376, -0.116252, 1.03809, 0.05, 0.030164, 0.0680525, 0.106949, 0.130304, 1006.65, 10642.9, 10, 2e-20, 3e-20, 2e-20, 2e-20, -1
0.408567, -0.151393, 1.00272, 0.05, -0.133807, 0.0519368, 0.0371473, 0.148262, 1002.79, 4461.66, 10, 2e-20, 3e-20, 2e-20, 2e-20, -1
0.359155, -0.130986, 1.0688, 0.05, -0.119759, -0.078757, 0.156792, 0.212435, 1004.45, 7114.94, 10, 2e-20, 3e-20, 2e-20, 2e-20, -1
0.34466, -0.195524, 1.04481, 0.05, -0.0465181, -0.0156205, 0.0673884, 0.0833614, 1003, 4792.77, 10, 2e-20, 3e-20, 2e-20, 2e-20, -1
0.337501, -0.105602, 1.11793, 0.05, -0.153211, -0.0550113, 0.263166, 0.309445, 1001.82, 2904.42, 10, 2e-20, 3e-20, 2e-20, 2e-20, -1
0.272853, -0.0743201, 1.19984, 0.05, -0.0647599, 0.00848577, 0.280477, 0.287982, 1001, 1606.05, 10, 2e-20, 3e-20, 2e-20, 2e-20, -1
0.166589, -0.0399193, 1.27428, 0.05, -0.104331, 0.00626085, 0.150815, 0.183492, 1002.08, 3335.3, 10, 2e-20, 3e-20, 2e-20, 2e-20, -1
0.183607, -0.15263, 1.23757, 0.05, -0.0522719, -0.0905638, 0.122513, 0.16107, 1003.72, 5953.21, 10, 2e-20, 3e-20, 2e-20, 2e-20, -1
0.110361, -0.124605, 1.30032, 0.05, -0.114878, 0.0509748, 0.0224405, 0.127668, 1002.82, 4513.23, 10, 2e-20, 3e-20, 2e-20, 2e-20, -1
0.452229, -0.155995, 0.0509587, 0.05, 0.0330721, -0.0427539, -0.12094, 0.13247, 1013.76, 22012.8, 10, 2e-20, 3e-20, 2e-20, 2e-20, -1
0.524155, -0.239733, 0.0473019, 0.05, 0.0471241, 0.056438, 0.0983141, 0.122766, 1014.39, 23017.7, 10, 2e-20, 3e-20, 2e-20, 2e-20, -1
0.480867, -0.228921, 0.0846035, 0.05, 0.00753335, -0.00751524, -0.0330878, 0.0347567, 1011.57, 18512.7, 10, 2e-20, 3e-20, 2e-20, 2e-20, -1
0.44936, -0.106904, 0.0857259, 0.05, -0.071891, -0.125676, 0.168499, 0.222159, 1001.79, 2863.43, 10, 2e-20, 3e-20, 2e-20, 2e-20, -1
0.432637, -0.159522, 0.0961306, 0.05, 0.0156693, 0.105141, -0.185534, 0.213829, 1011.52, 18431.9, 10, 2e-20, 3e-20, 2e-20, 2e-20, -1
0.422267, -0.213531, 0.0821006, 0.05, -0.0531415, 0.0221663, -0.0736344, 0.093474, 1005.11, 8176.78, 10, 2e-20, 3e-20, 2e-20, 2e-20, -1
0.489268, -0.176163, 0.105928, 0.05, 0.0310945, 0.166762, -0.00376572, 0.169678, 1004.15, 6640.94, 10, 2e-20, 3e-20, 2e-20, 2e-20, -1
0.540948, -0.0665141, 0.167198, 0.05, -0.145219, -0.0793695, -0.123238, 0.206339, 1007.35, 11754.5, 10, 2e-20, 3e-20, 2e-20, 2e-20, -1
0.481456, -0.0685537, 0.155508, 0.05, 0.117968, -0.117738, -0.0150278, 0.167345, 1009.95, 15923.4, 10, 2e-20, 3e-20, 2e-20, 2e-20, -1
0.478074, -0.0961144, 0.19835, 0.05, -0.0335225, -0.0806943, 0.00783593, 0.087731, 1013.1, 20963.6, 10, 2e-20, 3e-20, 2e-20, 2e-20, -1
0.448749, -0.145453, 0.201188, 0.05, -0.154243, 0.00443849, -0.0244695, 0.156235, 1009.12, 14586.5, 10, 2e-20, 3e-20, 2e-20, 2e-20, -1
0.456029, -0.204047, 0.213089, 0.05, -0.0372936, -0.0941844, 0.00213, 0.101321, 1005.64, 9021.74, 10, 2e-20, 3e-20, 2e-20, 2e-20, -1
0.454935, -0.161131, 0.246566, 0.05, -0.12918, 0.00223714, -0.000187198, 0.129199, 1010.81, 17291.1, 10, 2e-20, 3e-20, 2e-20, 2e-20, -1
0.402564, -0.165999, 0.274547, 0.05, -0.0335707, -0.0225416, -0.0854768, 0.094559, 1007.95, 12720.9, 10, 2e-20, 3e-20, 2e-20, 2e-20, -1
0.466279, -0.162852, 0.302699, 0.05, -0.0157767, -0.0108111, -0.0412896, 0.045504, 1007.82, 12516.9, 10, 2e-20, 3e-20, 2e-20, 2e-20, -1
0.520313, -0.125794, 0.318911, 0.05, -0.0664068, 0.0234171, -0.0724588, 0.101037, 1006.15, 9840.59, 10, 2e-20, 3e-20, 2e-20, 2e-20, -1
0.487913, -0.136633, 0.361523, 0.05, -0.0221727, -0.0362184, 0.00577696, 0.0428576, 1008.43, 13488, 10, 2e-20, 3e-20, 2e-20, 2e-20, -1
0.505943, -0.104439, 0.399583, 0.05, -0.0707317, 0.02828, 0.0889471, 0.117108, 1007.23, 11571.2, 10, 2e-20, 3e-20, 2e-20, 2e-20, -1
0.491592, -0.181899, 0.381872, 0.05, 0.0751758, 0.103457, 0.0276435, 0.130839, 1001.05, 1676.92, 10, 2e-20, 3e-20, 2e-20, 2e-20, -1
0.51692, -0.1869, 0.434162, 0.05, 0.0379191, 0.0344544, -0.0142148, 0.0531698, 1005.81, 9288.41, 10, 2e-20, 3e-20, 2e-20, 2e-20, -1
0.505644, -0.139545, 0.443762, 0.05, -0.0603858, 0.0125057, -0.0135792, 0.0631446, 1005.57, 8909.98, 10, 2e-20, 3e-20, 2e-20, 2e-20, -1
0.496393, -0.209158, 0.504399, 0.05, -0.0073962, -0.0126011, 0.0979593, 0.099043, 1004.13, 6605.61, 10, 2e-20, 3e-20, 2e-20, 2e-20, -1
0.48588, -0.101556, 0.480567, 0.05, -0.0681589, -0.0340309, -0.0514824, 0.0919466, 1004.95, 7925.62, 10, 2e-20, 3e-20, 2e-20, 2e-20, -1
0.490802, -0.151133, 0.49777, 0.05, -0.0413659, -0.0406424, -0.00198861, 0.058025, 1004.27, 6834.4, 10, 2e-20, 3e-20, 2e-20, 2e-20, -1
0.500926, -0.0930609, 0.526315, 0.05, -0.0397837, 0.000733581, 0.0748764, 0.0847925, 1008.95, 14327.4, 10, 2e-20, 3e-20, 2e-20, 2e-20, -1
0.512595, -0.0623292, 0.585854, 0.05, -0.0992625, -0.127098, 0.00162371, 0.161275, 1004.78, 7642.65, 10, 2e-20, 3e-20, 2e-20, 2e-20, -1
0.549923, -0.0960696, 0.59328, 0.05, -0.0886041, -0.0969078, -0.0155502, 0.132226, 1005.87, 9399.13, 10, 2e-20, 3e-20, 2e-20, 2e-20, -1
0.569054, -0.0547382, 0.616222, 0.05, -0.0951899, 0.0343452, 0.0465234, 0.111378, 1003.31, 5298.65, 10, 2e-20, 3e-20, 2e-20, 2e-20, -1
0.517663, -0.0846277, 0.63192, 0.05, -0.00179815, -0.00277123, -0.00878317, 0.00938388, 1002.54, 4065.07, 10, 2e-20, 3e-20, 2e-20, 2e-20, -1
0.552328, -0.0625445, 0.65987, 0.05, -0.0311281, -0.033215, 0.0789526, 0.0911357, 1005.07, 8113.7, 10, 2e-20, 3e-20, 2e-20, 2e-20, -1
0.522286, -0.107913, 0.669079, 0.05, -0.052418, -0.0370393, 0.0967052, 0.116067, 1000.97, 1559.52, 10, 2e-20, 3e-20, 2e-20, 2e-20, -1
0.543667, -0.0116161, 0.69158, 0.05, 0.030321, -0.0177901, -0.0460376, 0.0579251, 1005.38, 8603.67, 10, 2e-20, 3e-20, 2e-20, 2e-20, -1
0.517075, -0.0306651, 0.726738, 0.05, -0.0624362, -0.0883884, 0.0434666, 0.11662, 1001.37, 2193.17, 10, 2e-20, 3e-20, 2e-20, 2e-20, -1
0.552654, -0.0198421, 0.766782, 0.05, 0.0475824, -0.0454271, 0.0756491, 0.100252, 1007.56, 12097.5, 10, 2e-20, 3e-20, 2e-20, 2e-20, -1
0.543162, -0.069491, 0.757053, 0.05, 0.0871695, -0.0722136, 0.0362075, 0.118846, 1003.91, 6258.42, 10, 2e-20, 3e-20, 2e-20, 2e-20, -1
0.57907, 0.00978398, 0.812148, 0.05, -0.0110239, -0.0465358, 0.0162401, 0.0505059, 1008.22, 13145, 10, 2e-20, 3e-20, 2e-20, 2e-20, -1
0.506806, -0.155201, 0.783252, 0.05, -0.0652313, -0.0499368, 0.0527834, 0.0976467, 1004.3, 6875.92, 10, 2e-20, 3e-20, 2e-20, 2e-20, -1
0.548593, -0.105705, 0.796997, 0.05, -0.0809436, -0.00548886, 0.0716015, 0.108207, 1003.72, 5944.12, 10, 2e-20, 3e-20, 2e-20, 2e-20, -1
0.521617, -0.0788764, 0.832857, 0.05, 0.000121812, -0.0528648, 0.0524349, 0.0744588, 1006.76, 10821.6, 10, 2e-20, 3e-20, 2e-20, 2e-20, -1
0.527718, -0.0434473, 0.907491, 0.05, -0.0393186, -0.024555, 0.016721, 0.0492798, 1000.88, 1407.92, 10, 2e-20, 3e-20, 2e-20, 2e-20, -1
0.49464, -0.00273497, 0.922737, 0.05, -0.0759046, -0.0302438, 0.0734328, 0.109857, 1003.45, 5516.45, 10, 2e-20, 3e-20, 2e-20, 2e-20, -1
0.464638, -0.0318627, 0.957102, 0.05, -0.0523695, -0.00400178, 0.0102636, 0.0535156, 1002.79, 4462.63, 10, 2e-20, 3e-20, 2e-20, 2e-20, -1
0.470129, -0.0570906, 0.988111, 0.05, -0.139996, -0.00558435, 0.0834987, 0.163101, 1000.74, 1185.91, 10, 2e-20, 3e-20, 2e-20, 2e-20, -1
0.407897, -0.106022, 1.09006, 0.05, 0.0117939, 0.0651814, 0.123558, 0.140194, 1003.93, 6282.01, 10, 2e-20, 3e-20, 2e-20, 2e-20, -1
0.449394, -0.073947, 1.02509, 0.05, 0.0310533, 0.00345414, 0.0697462, 0.0764249, 999.897, -165.204, 10, 2e-20, 3e-20, 2e-20, 2e-20, -1
0.38193, -0.0785063, 1.13031, 0.05, -0.173777, 0.0870694, 0.238446, 0.307629, 1005.6, 8955.05, 10, 2e-20, 3e-20, 2e-20, 2e-20, -1
0.42552, -0.057801, 1.07725, 0.05, -0.0131172, -0.0560002, 0.089493, 0.106382, 997.296, -4326.83, 10, 2e-20, 3e-20, 2e-20, 2e-20, -1
0.228355, -0.0724742, 1.23335, 0.05, -0.0716089, -0.0270292, 0.304346, 0.313823, 1002.13, 3412.88, 10, 2e-20, 3e-20, 2e-20, 2e-20, -1
0.204493, -0.033683, 1.24676, 0.05, -0.0808519, 0.00266342, 0.237435, 0.250837, 1002.11, 3381.73, 10, 2e-20, 3e-20, 2e-20, 2e-20, -1
0.143586, -0.044404, 1.42105, 0.05, -0.0848282, 0.0309004, 0.449491, 0.458468, 1000.84, 1350.13, 10, 2e-20, 3e-20, 2e-20, 2e-20, -1
0.03715, -0.0865981, 1.33279, 0.05, 0.140875, -0.0721497, 0.0866124, 0.180424, 1000.48, 772.026, 10, 2e-20, 3e-20, 2e-20, 2e-20, -1
0.472108, -0.0564534, 0.0508367, 0.05, -0.135854, 0.00365943, -0.0774807, 0.156439, 1013.52, 21625.6, 10, 2e-20, 3e-20, 2e-20, 2e-20, -1
0.493049, -0.104301, 0.0488192, 0.05, -0.052624, -0.0172951, 0.0171777, 0.0579955, 1010.24, 16391.7, 10, 2e-20, 3e-20, 2e-20, 2e-20, -1
0.537928, -0.058789, 0.0480812, 0.05, 0.0619087, 0.0131061, 0.0672955, 0.092375, 1015.41, 24650.3, 10, 2e-20, 3e-20, 2e-20, 2e-20, -1
0.571064, -0.032094, 0.0814644, 0.05, -0.0147211, -0.138284, 0.0214879, 0.140715, 1010.76, 17213.7, 10, 2e-20, 3e-20, 2e-20, 2e-20, -1
0.535266, -0.0979857, 0.0781606, 0.05, 0.0975872, 0.000201228, 0.0644358, 0.116941, 1005.38, 8611.48, 10, 2e-20, 3e-20, 2e-20, 2e-20, -1
0.470983, -0.128895, 0.120396, 0.05, -0.0028134, -0.0443744, -0.0291165, 0.0531486, 1010.37, 16588.1, 10, 2e-20, 3e-20, 2e-20, 2e-20, -1
0.50703, -0.0104623, 0.106243, 0.05, 0.131099, -0.070992, -0.0539286, 0.158541, 1011.25, 18005.7, 10, 2e-20, 3e-20, 2e-20, 2e-20, -1
0.53192, -0.0946753, 0.217726, 0.05, -0.0945243, -0.0825059, -0.0636943, 0.140709, 1004.2, 6714.71, 10, 2e-20, 3e-20, 2e-20, 2e-20, -1
0.547712, -0.0222662, 0.190232, 0.05, -0.118682, -0.0841198, -0.114575, 0.185172, 1010.14, 16220.6, 10, 2e-20, 3e-20, 2e-20, 2e-20, -1
0.495929, -0.0746333, 0.246933, 0.05, 0.0567215, -0.0294627, -0.0746655, 0.0982869, 1001.96, 3141.7, 10, 2e-20, 3e-20, 2e-20, 2e-20, -1
0.472927, -0.0229989, 0.242455, 0.05, 0.0429367, -0.0635812, -0.0653578, 0.100786, 1006.36, 10172.5, 10, 2e-20, 3e-20, 2e-20, 2e-20, -1
0.459514, -0.0544135, 0.284257, 0.05, 0.11099, -0.0139714, -0.0171252, 0.11317, 1004.77, 7633.33, 10, 2e-20, 3e-20, 2e-20, 2e-20, -1
0.47783, -0.117228, 0.273126, 0.05, 0.0741134, -0.0800787, -0.0216216, 0.111233, 1005.27, 8427.21, 10, 2e-20, 3e-20, 2e-20, 2e-20, -1
0.427897, -0.0404715, 0.315747, 0.05, -0.251559, 0.0529084, 0.00778672, 0.25718, 1008.22, 13155.7, 10, 2e-20, 3e-20, 2e-20, 2e-20, -1
0.434269, -0.126192, 0.282386, 0.05, -0.151665, -0.12656, 0.000163037, 0.197534, 1005.55, 8886.01, 10, 2e-20, 3e-20, 2e-20, 2e-20, -1
0.379697, -0.0422262, 0.304129, 0.05, 0.141119, 0.0419203, 0.0634672, 0.160312, 998.795, -1927.48, 10, 2e-20, 3e-20, 2e-20, 2e-20, -1
0.499552, -0.0851711, 0.353594, 0.05, 0.0103986, 0.0372003, -0.0728737, 0.0824777, 1007.73, 12366.8, 10, 2e-20, 3e-20, 2e-20, 2e-20, -1
0.444072, -0.0672171, 0.35991, 0.05, -0.112441, -0.0210532, -0.00856823, 0.114715, 1007.29, 11659.2, 10, 2e-20, 3e-20, 2e-20, 2e-20, -1
0.530189, -0.0370559, 0.360654, 0.05, -0.0801159, 0.00629966, -0.0860014, 0.117705, 1006.96, 11135.3, 10, 2e-20, 3e-20, 2e-20, 2e-20, -1
0.519337, -0.00320878, 0.395691, 0.05, -0.0725292, 0.0606598, -0.00204882, 0.0945743, 1008.05, 12880.7, 10, 2e-20, 3e-20, 2e-20, 2e-20, -1
0.46706, -0.0192797, 0.414753, 0.05, -0.0208896, -0.0515341, 0.0494608, 0.0744212, 1003.78, 6054.48, 10, 2e-20, 3e-20, 2e-20, 2e-20, -1
0.515433, -0.0533795, 0.421372, 0.05, -0.0717378, -0.118389, -0.0222771, 0.140209, 1004.67, 7472.32, 10, 2e-20, 3e-20, 2e-20, 2e-20, -1
0.510134, -0.0522964, 0.474738, 0.05, -0.00869299, -0.0505943, -0.0371181, 0.0633491, 1008.74, 13977, 10, 2e-20, 3e-20, 2e-20, 2e-20, -1
0.489458, -0.0100878, 0.505265, 0.05, -0.13204, -0.0624837, -0.0813091, 0.167182, 1008.8, 14072.5, 10, 2e-20, 3e-20, 2e-20, 2e-20, -1
0.518251, -0.0427052, 0.529984, 0.05, -0.0311008, -0.0946875, -0.0858011, 0.13151, 1004.35, 6960.99, 10, 2e-20, 3e-20, 2e-20, 2e-20, -1
0.507677, -0.0130858, 0.573647, 0.05, -0.032869, -0.0829273, -0.010533, 0.0898234, 1007.03, 11250, 10, 2e-20, 3e-20, 2e-20, 2e-20, -1
0.482143, 0.0276482, 0.55002, 0.05, -0.141139, -0.00377804, -0.0647082, 0.155311, 1006.79, 10865.8, 10, 2e-20, 3e-20, 2e-20, 2e-20, -1
0.548041, -0.012244, 0.604871, 0.05, 0.0643022, -0.0314466, 0.0243013, 0.0755924, 1005.99, 9580.04, 10, 2e-20, 3e-20, 2e-20, 2e-20, -1
0.510174, -0.0316492, 0.63557, 0.05, 0.0155176, -0.0116345, 0.00970311, 0.0216866, 1007.23, 11572.8, 10, 2e-20, 3e-20, 2e-20, 2e-20, -1
0.565542, 0.0403866, 0.674739, 0.05, 0.00853157, -0.0524585, -0.0795676, 0.0956854, 1002.97, 4758.16, 10, 2e-20, 3e-20, 2e-20, 2e-20, -1
0.52829, 0.0165484, 0.651501, 0.05, -0.0277457, -0.0566665, -0.0554317, 0.0839856, 1003.43, 5495.27, 10, 2e-20, 3e-20, 2e-20, 2e-20, -1
0.48614, -0.0199237, 0.679914, 0.05, -0.131774, 0.00360381, -0.0052839, 0.131929, 1004.6, 7356.45, 10, 2e-20, 3e-20, 2e-20, 2e-20, -1
0.579246, 0.0553338, 0.745346, 0.05, -0.0310826, -0.0685165, 0.0923227, 0.119097, 1005.57, 8919.97, 10, 2e-20, 3e-20, 2e-20, 2e-20, -1
0.531998, 0.0205852, 0.735502, 0.05, -0.00965435, -0.0369511, 0.0937075, 0.101191, 1006.76, 10808.6, 10, 2e-20, 3e-20, 2e-20, 2e-20, -1
0.508996, 0.0523819, 0.81789, 0.05, 0.01783, -0.0261387, 0.0084518, 0.0327502, 996.636, -5382.22, 10, 2e-20, 3e-20, 2e-20, 2e-20, -1
0.499748, 0.0929333, 0.783436, 0.05, 0.0191453, -0.0411474, 0.02212, 0.0504871, 1003.44, 5499.39, 10, 2e-20, 3e-20, 2e-20, 2e-20, -1
0.541986, -0.0312172, 0.817675, 0.05, 0.00870636, -0.0847745, 0.0693413, 0.109867, 1003.18, 5091.32, 10, 2e-20, 3e-20, 2e-20, 2e-20, -1
0.489112, -0.040493, 0.843494, 0.05, 0.00240849, -0.0789513, 0.110284, 0.135652, 1007.39, 11818.2, 10, 2e-20, 3e-20, 2e-20, 2e-20, -1
0.526025, -0.0213036, 0.868624, 0.05, 0.033494, -0.0976495, 0.0616683, 0.120251, 1001.22, 1952.24, 10, 2e-20, 3e-20, 2e-20, 2e-20, -1
0.497719, 0.0464327, 0.900578, 0.05, -0.00193257, -0.00119813, -0.0147405, 0.0149148, 1003.19, 5100.35, 10, 2e-20, 3e-20, 2e-20, 2e-20, -1
0.542034, 0.0333525, 0.894595, 0.05, 0.0193183, -0.0715549, 0.0502686, 0.0895557, 1000.92, 1479.36, 10, 2e-20, 3e-20, 2e-20, 2e-20, -1
0.467329, 0.0537915, 0.937647, 0.05, -0.0744466, -0.136029, -0.00691847, 0.155223, 999.456, -870.713, 10, 2e-20, 3e-20, 2e-20, 2e-20, -1
0.469142, 0.0606814, 0.986396, 0.05, -0.126602, -0.0865612, 0.0546769, 0.162821, 1004.91, 7856.7, 10, 2e-20, 3e-20, 2e-20, 2e-20, -1
0.459104, 0.00752207, 0.990256, 0.05, -0.0739008, 0.00649774, 0.0285509, 0.0794902, 1002.77, 4437.16, 10, 2e-20, 3e-20, 2e-20, 2e-20, -1
0.465189, 0.0343914, 1.03964, 0.05, -0.0376799, -0.0541303, 0.0612128, 0.0899827, 999.085, -1464.54, 10, 2e-20, 3e-20, 2e-20, 2e-20, -1
0.438859, -0.0283508, 1.03752, 0.05, -0.0295352, -0.0566107, 0.127236, 0.142359, 1000.6, 955.804, 10, 2e-20, 3e-20, 2e-20, 2e-20, -1
0.402355, -0.0142749, 1.09121, 0.05, -0.0409166, 0.0552835, 0.204628, 0.215877, 1000.86, 1379.13, 10, 2e-20, 3e-20, 2e-20, 2e-20, -1
0.357974, -0.030128, 1.12677, 0.05, 0.0348075, 0.0376624, 0.302445, 0.306762, 1003.4, 5443.9, 10, 2e-20, 3e-20, 2e-20, 2e-20, -1
0.32213, -0.0460618, 1.19703, 0.05, -0.0447521, -0.0329063, 0.119702, 0.131963, 997.814, -3497.53, 10, 2e-20, 3e-20, 2e-20, 2e-20, -1
0.199617, -0.00538741, 1.3001, 0.05, -0.0814438, -0.00598789, 0.220681, 0.235307, 1003.63, 5808.35, 10, 2e-20, 3e-20, 2e-20, 2e-20, -1
0.118422, -0.052506, 1.35778, 0.05, -0.0205689, 0.0848794, 0.371053, 0.381193, 999.996, -5.94931, 10, 2e-20, 3e-20, 2e-20, 2e-20, -1
0.525796, 0.0725178, 0.0494292, 0.05, -0.0905695, -0.0191364, 0.039578, 0.100675, 1017.87, 28585.7, 10, 2e-20, 3e-20, 2e-20, 2e-20, -1
0.497884, 0.120228, 0.0475686, 0.05, 0.0121137, -0.0936859, -0.0486235, 0.106245, 1010.97, 17552.9, 10, 2e-20, 3e-20, 2e-20, 2e-20, -1
0.546846, 0.0887082, 0.0918924, 0.05, 0.0251652, -0.0731017, -0.0145027, 0.0786605, 1009.74, 15581.5, 10, 2e-20, 3e-20, 2e-20, 2e-20, -1
0.496874, 0.0322154, 0.0507319, 0.05, 0.0242288, -0.105395, 0.0200317, 0.109983, 1007.42, 11865.7, 10, 2e-20, 3e-20, 2e-20, 2e-20, -1
0.466336, 0.0585342, 0.0839571, 0.05, -0.0111379, -0.0886468, -0.0138809, 0.0904157, 1004.56, 7301.53, 10, 2e-20, 3e-20, 2e-20, 2e-20, -1
0.505012, 0.0404142, 0.0988448, 0.05, 0.0435316, 0.00946449, -0.11073, 0.119356, 1008.36, 13370.4, 10, 2e-20, 3e-20, 2e-20, 2e-20, -1
0.523812, -0.049326, 0.0960568, 0.05, 0.118904, -0.0659537, 0.0277444, 0.138773, 1008.16, 13055.1, 10, 2e-20, 3e-20, 2e-20, 2e-20, -1
0.498258, 0.0295518, 0.147602, 0.05, 0.0105883, -0.0410584, 0.0733767, 0.0847469, 1003.75, 5996.56, 10, 2e-20, 3e-20, 2e-20, 2e-20, -1
0.502547, -0.0220187, 0.154689, 0.05, 0.114086, -0.0563077, 0.0316682, 0.131107, 1007.54, 12069.1, 10, 2e-20, 3e-20, 2e-20, 2e-20, -1
0.514031, 0.033912, 0.191839, 0.05, -0.0452055, 0.0121714, -0.00128817, 0.0468331, 1011.8, 18884.2, 10, 2e-20, 3e-20, 2e-20, 2e-20, -1
0.476883, -0.00323323, 0.192821, 0.05, 0.17084, -0.01975, -0.0274022, 0.174148, 1008.23, 13170.8, 10, 2e-20, 3e-20, 2e-20, 2e-20, -1
0.505774, -0.0297745, 0.283327, 0.05, -0.0117508, -0.0862143, -0.0173315, 0.0887207, 1006.4, 10245, 10, 2e-20, 3e-20, 2e-20, 2e-20, -1
0.483226, 0.0162075, 0.271005, 0.05, -0.023351, -0.0463108, -0.0351088, 0.0626305, 1004.68, 7488.77, 10, 2e-20, 3e-20, 2e-20, 2e-20, -1
0.443305, 0.0306799, 0.302032, 0.05, -0.0826197, -0.0586951, -0.015732, 0.10256, 1012.46, 19942.5, 10, 2e-20, 3e-20, 2e-20, 2e-20, -1
0.410001, 0.0608135, 0.328105, 0.05, -0.0941696, -0.086441, 0.0900522, 0.156363, 1005.89, 9424.01, 10, 2e-20, 3e-20, 2e-20, 2e-20, -1
0.473522, 0.00461608, 0.32894, 0.05, -0.00314965, -0.107787, 0.0682502, 0.127616, 1005.78, 9251.59, 10, 2e-20, 3e-20, 2e-20, 2e-20, -1
0.35864, 0.0023896, 0.316916, 0.05, 0.030422, 0.0417089, -0.0051308, 0.0518793, 1006.07, 9711.75, 10, 2e-20, 3e-20, 2e-20, 2e-20, -1
0.43332, 0.0328108, 0.36686, 0.05, -0.141926, -0.0109163, -0.0312048, 0.145725, 1006.09, 9738.81, 10, 2e-20, 3e-20, 2e-20, 2e-20, -1
0.409349, -0.00262021, 0.323858, 0.05, -0.101782, -0.0827358, -0.0951948, 0.162071, 1001.95, 3115.04, 10, 2e-20, 3e-20, 2e-20, 2e-20, -1
0.448872, -0.0147151, 0.371047, 0.05, 0.0677421, -0.0195583, -0.0475365, 0.0850367, 1003.55, 5683.1, 10, 2e-20, 3e-20, 2e-20, 2e-20, -1
0.493956, 0.0861094, 0.39688, 0.05, -0.00463498, -0.0546092, -0.102388, 0.116133, 1008.45, 13524.5, 10, 2e-20, 3e-20, 2e-20, 2e-20, -1
0.484014, 0.0292151, 0.43583, 0.05, 0.0128887, -0.177255, 0.0410016, 0.182391, 1005.24, 8385.67, 10, 2e-20, 3e-20, 2e-20, 2e-20, -1
0.517478, -0.00861618, 0.449281, 0.05, -0.150931, 0.0327159, 0.00357096, 0.154478, 1004.3, 6875.39, 10, 2e-20, 3e-20, 2e-20, 2e-20, -1
0.468664, 0.0296325, 0.491714, 0.05, -0.0665733, -0.12392, -0.00638725, 0.140815, 1006.72, 10747, 10, 2e-20, 3e-20, 2e-20, 2e-20, -1
0.438083, 0.0050193, 0.532327, 0.05, -0.0484545, -0.0187791, -0.0077312, 0.0525382, 1006.27, 10036.8, 10, 2e-20, 3e-20, 2e-20, 2e-20, -1
0.488682, 0.0676303, 0.517137, 0.05, -0.0291437, -0.070992, -0.0280354, 0.0817019, 1009.14, 14616.7, 10, 2e-20, 3e-20, 2e-20, 2e-20, -1
0.506488, 0.031068, 0.601935, 0.05, -0.0222116, -0.0888667, -0.0041583, 0.0916948, 1003.55, 5674.18, 10, 2e-20, 3e-20, 2e-20, 2e-20, -1
0.513892, 0.0770879, 0.593987, 0.05, -0.0126698, -0.0178979, -0.0863725, 0.0891126, 1005.48, 8767.26, 10, 2e-20, 3e-20, 2e-20, 2e-20, -1
0.467744, 0.00207022, 0.591289, 0.05, -0.114954, -0.0941149, -0.0390286, 0.153607, 1006.12, 9795.91, 10, 2e-20, 3e-20, 2e-20, 2e-20, -1
0.532268, 0.0632891, 0.631696, 0.05, 0.0149668, -0.0585964, 0.0223083, 0.0644608, 1006.32, 10115.9, 10, 2e-20, 3e-20, 2e-20, 2e-20, -1
0.515799, 0.056007, 0.681529, 0.05, -0.0508333, -0.111858, -0.0876735, 0.15094, 1005.11, 8182.55, 10, 2e-20, 3e-20, 2e-20, 2e-20, -1
0.480729, 0.0224276, 0.642827, 0.05, -0.0199066, -0.0523385, 0.0723624, 0.0914981, 1007.93, 12682.7, 10, 2e-20, 3e-20, 2e-20, 2e-20, -1
0.53336, 0.0727412, 0.758149, 0.05, 0.113629, 0.0347424, 0.115643, 0.165807, 1003.3, 5284.37, 10, 2e-20, 3e-20, 2e-20, 2e-20, -1
0.476339, 0.127585, 0.74752, 0.05, -4.40837e-05, 0.00518702, 0.0551071, 0.0553507, 1004.62, 7391.25, 10, 2e-20, 3e-20, 2e-20, 2e-20, -1
0.533366, 0.015686, 0.78835, 0.05, -0.0353362, -0.000159683, 0.0807043, 0.0881014, 999.267, -1172.15, 10, 2e-20, 3e-20, 2e-20, 2e-20, -1
0.534456, 0.131266, 0.769046, 0.05, -0.0131106, -0.0977826, -0.0725711, 0.122474, 1006.51, 10410.2, 10, 2e-20, 3e-20, 2e-20, 2e-20, -1
0.473495, 0.0584522, 0.858415, 0.05, -0.0610353, -0.0100022, 0.128586, 0.142687, 1002.29, 3671.16, 10, 2e-20, 3e-20, 2e-20, 2e-20, -1
0.480577, 0.0103806, 0.863356, 0.05, -0.0506641, -0.0309509, 0.120428, 0.134268, 1007.34, 11736, 10, 2e-20, 3e-20, 2e-20, 2e-20, -1
0.435078, 0.162778, 0.799339, 0.05, -0.0362627, -0.114744, -0.119747, 0.169766, 1005.4, 8643.39, 10, 2e-20, 3e-20, 2e-20, 2e-20, -1
0.515813, 0.0878788, 0.873893, 0.05, -0.0166656, -0.0416253, 0.0137115, 0.0468872, 1004.74, 7580.41, 10, 2e-20, 3e-20, 2e-20, 2e-20, -1
0.458042, 0.130052, 0.858992, 0.05, -0.0134026, -0.0485601, 0.0743787, 0.0898327, 1002.04, 3259.69, 10, 2e-20, 3e-20, 2e-20, 2e-20, -1
0.467717, 0.0914816, 0.899601, 0.05, -0.0293652, -0.0657182, -0.0152391, 0.073576, 1000.78, 1240.21, 10, 2e-20, 3e-20, 2e-20, 2e-20, -1
0.422627, 0.0731029, 0.951742, 0.05, 0.000902674, -0.039186, -0.0527625, 0.0657285, 1003.26, 5208.48, 10, 2e-20, 3e-20, 2e-20, 2e-20, -1
0.418564, 0.0251194, 1.03068, 0.05, -0.110063, -0.0406792, 0.0623033, 0.132855, 1004.05, 6484.44, 10, 2e-20, 3e-20, 2e-20, 2e-20, -1
0.39578, 0.0872308, 1.06689, 0.05, -0.0426587, -0.125557, 0.00142449, 0.132613, 996.242, -6013.06, 10, 2e-20, 3e-20, 2e-20, 2e-20, -1
0.319458, 0.0461468, 1.2011, 0.05, -0.122111, -0.0112357, 0.285222, 0.310466, 1003.59, 5750.95, 10, 2e-20, 3e-20, 2e-20, 2e-20, -1
0.367921, 0.0255082, 1.12866, 0.05, -0.0621412, -0.0420451, 0.129345, 0.149531, 1006.45, 10325.9, 10, 2e-20, 3e-20, 2e-20, 2e-20, -1
0.310902, -0.000467514, 1.21501, 0.05, -0.18393, -0.0176619, 0.246801, 0.308306, 1002.35, 3763.92, 10, 2e-20, 3e-20, 2e-20, 2e-20, -1
0.224562, 0.0144715, 1.262, 0.05, -0.104944, -0.0583258, 0.31083, 0.333212, 997.981, -3231.05, 10, 2e-20, 3e-20, 2e-20, 2e-20, -1
0.177651, 0.0225792, 1.32486, 0.05, -0.0760878, 0.038465, 0.333117, 0.343854, 1001.12, 1789.99, 10, 2e-20, 3e-20, 2e-20, 2e-20, -1
0.0485061, -0.0581783, 1.34173, 0.05, 0.0975658, -0.0780394, 0.0374191, 0.13042, 999.951, -77.9356, 10, 2e-20, 3e-20, 2e-20, 2e-20, -1
0.434479, 0.145546, 0.0500551, 0.05, -0.0447072, -0.0468647, -0.0574508, 0.0865774, 1009.81, 15703, 10, 2e-20, 3e-20, 2e-20, 2e-20, -1
0.482311, 0.183224, 0.0459072, 0.05, -0.0950975, -0.0300249, -0.123038, 0.158378, 1014.25, 22800.3, 10, 2e-20, 3e-20, 2e-20, 2e-20, -1
0.501036, 0.171161, 0.0675947, 0.05, -0.131732, -0.0336626, -0.0516553, 0.145447, 1005.84, 9346.22, 10, 2e-20, 3e-20, 2e-20, 2e-20, -1
0.46295, 0.108765, 0.0789069, 0.05, 0.0176403, -0.0460893, -0.0779702, 0.0922754, 1005.55, 8887.81, 10, 2e-20, 3e-20, 2e-20, 2e-20, -1
0.450302, 0.160184, 0.0942357, 0.05, -0.0119229, -0.0100564, 0.0714499, 0.0731326, 1004.65, 7436, 10, 2e-20, 3e-20, 2e-20, 2e-20, -1
0.508985, 0.259169, 0.139097, 0.05, -0.197035, 0.0709185, 0.0217148, 0.210532, 1011.98, 19166.8, 10, 2e-20, 3e-20, 2e-20, 2e-20, -1
0.413713, 0.184517, 0.108553, 0.05, -0.000186784, -0.054528, 0.0454004, 0.0709544, 1006.92, 11070.8, 10, 2e-20, 3e-20, 2e-20, 2e-20, -1
0.435517, 0.0871924, 0.117113, 0.05, -0.00819314, -0.161931, -0.118639, 0.200908, 1006.58, 10530.8, 10, 2e-20, 3e-20, 2e-20, 2e-20, -1
0.467223, 0.0681794, 0.154414, 0.05, 0.108479, -0.0996782, -0.0430649, 0.153486, 1004.37, 6987.17, 10, 2e-20, 3e-20, 2e-20, 2e-20, -1
0.498125, 0.0858746, 0.190171, 0.05, 0.162873, -0.0489974, -0.00314895, 0.170112, 1006.26, 10018.4, 10, 2e-20, 3e-20, 2e-20, 2e-20, -1
0.449598, 0.0806636, 0.205484, 0.05, -0.0565515, -0.0488873, 0.0806997, 0.110002, 1011.41, 18255.7, 10, 2e-20, 3e-20, 2e-20, 2e-20, -1
0.482567, 0.0369399, 0.229567, 0.05, 0.0804194, -0.0371887, -0.0307086, 0.0937726, 1001.22, 1952.24, 10, 2e-20, 3e-20, 2e-20, 2e-20, -1
0.438986, 0.0510812, 0.255093, 0.05, -0.015815, -0.00322855, -0.0283589, 0.0326307, 1009.15, 14634.8, 10, 2e-20, 3e-20, 2e-20, 2e-20, -1
0.49771, 0.0631617, 0.283068, 0.05, -0.00108808, -0.024807, -0.0282503, 0.0376119, 1008.47, 13559.9, 10, 2e-20, 3e-20, 2e-20, 2e-20, -1
0.549765, 0.0660548, 0.280064, 0.05, 0.0970474, -0.0128779, 0.0483156, 0.109172, 1006.81, 10888.2, 10, 2e-20, 3e-20, 2e-20, 2e-20, -1
0.470709, 0.0585508, 0.338528, 0.05, 0.0025255, 0.0135761, 0.0536995, 0.0554466, 1006.63, 10615.1, 10, 2e-20, 3e-20, 2e-20, 2e-20, -1
0.471636, 0.0943001, 0.349194, 0.05, 0.0411672, 0.0124208, -0.033755, 0.0546664, 1004.6, 7358.92, 10, 2e-20, 3e-20, 2e-20, 2e-20, -1
0.492985, 0.194517, 0.345404, 0.05, -0.0313142, 0.000465419, -0.0187891, 0.0365216, 1007.94, 12698.8, 10, 2e-20, 3e-20, 2e-20, 2e-20, -1
0.485525, 0.138505, 0.364618, 0.05, -0.0187705, -0.0634203, 0.018767, 0.0687508, 1005.91, 9460.88, 10, 2e-20, 3e-20, 2e-20, 2e-20, -1
0.52593, 0.135706, 0.400892, 0.05, -0.0708608, 0.000786398, 0.0326594, 0.0780289, 1004.57, 7318.6, 10, 2e-20, 3e-20, 2e-20, 2e-20, -1
0.508195, 0.119225, 0.439609, 0.05, 0.0516336, 0.0459909, 0.0537405, 0.0875741, 1001.66, 2651.03, 10, 2e-20, 3e-20, 2e-20, 2e-20, -1
0.510883, 0.174228, 0.455706, 0.05, -0.0339064, 0.00394233, -0.128992, 0.133432, 1012.56, 20095.2, 10, 2e-20, 3e-20, 2e-20, 2e-20, -1
0.494094, 0.0738237, 0.459944, 0.05, 0.0709828, -0.0231854, 0.0797133, 0.109226, 1005.72, 9145.43, 10, 2e-20, 3e-20, 2e-20, 2e-20, -1
0.456727, 0.105669, 0.441184, 0.05, -0.0488628, 0.0484285, -0.00321043, 0.0688709, 999.255, -1191.35, 10, 2e-20, 3e-20, 2e-20, 2e-20, -1
0.479276, 0.120816, 0.483861, 0.05, 0.0697819, -0.0289121, -0.0175904, 0.0775554, 1004.56, 7299.8, 10, 2e-20, 3e-20, 2e-20, 2e-20, -1
0.458288, 0.153821, 0.457815, 0.05, -0.00399279, -0.0825874, -0.0906705, 0.12271, 1004.49, 7183.74, 10, 2e-20, 3e-20, 2e-20, 2e-20, -1
0.509724, 0.115783, 0.526393, 0.05, -0.0300857, -0.0353407, -0.0871363, 0.0987261, 1007.76, 12421.9, 10, 2e-20, 3e-20, 2e-20, 2e-20, -1
0.459668, 0.113158, 0.529758, 0.05, -0.0786078, -0.139015, -0.0671044, 0.173226, 1004.76, 7615.97, 10, 2e-20, 3e-20, 2e-20, 2e-20, -1
0.504027, 0.131815, 0.580807, 0.05, 0.0942444, -0.0271252, -0.0301863, 0.102611, 1002.21, 3539.74, 10, 2e-20, 3e-20, 2e-20, 2e-20, -1
0.489012, 0.11391, 0.620797, 0.05, -0.0361377, -0.0925601, -0.011357, 0.100011, 1006.54, 10468.1, 10, 2e-20, 3e-20, 2e-20, 2e-20, -1
0.472036, 0.0813279, 0.663739, 0.05, -0.0932375, -0.0997766, -0.00313311, 0.136596, 1007.16, 11450.7, 10, 2e-20, 3e-20, 2e-20, 2e-20, -1
0.468418, 0.104935, 0.70898, 0.05, -0.0677745, -0.0445265, -0.0713656, 0.108023, 1003.48, 5562.64, 10, 2e-20, 3e-20, 2e-20, 2e-20, -1
0.537294, 0.16264, 0.723015, 0.05, -0.0141795, 0.00285152, 0.0484797, 0.0505912, 1003, 4807.16, 10, 2e-20, 3e-20, 2e-20, 2e-20, -1
0.499858, 0.173867, 0.758592, 0.05, 0.0234468, -0.00926326, -0.0118472, 0.0278553, 999.97, -47.2456, 10, 2e-20, 3e-20, 2e-20, 2e-20, -1
0.484196, 0.147899, 0.800358, 0.05, -0.020779, -0.104761, -0.0399015, 0.114012, 1003.12, 4988.05, 10, 2e-20, 3e-20, 2e-20, 2e-20, -1
0.481028, 0.109012, 0.840978, 0.05, 0.00172391, -0.0971085, 0.0368095, 0.103865, 1003.53, 5648.18, 10, 2e-20, 3e-20, 2e-20, 2e-20, -1
0.454667, 0.221745, 0.777042, 0.05, 0.144054, -0.0774387, 0.0675287, 0.176942, 999.463, -859.454, 10, 2e-20, 3e-20, 2e-20, 2e-20, -1
0.426914, 0.120112, 0.836879, 0.05, -0.0327659, -0.061004, -0.0634447, 0.0939166, 1002.58, 4129.86, 10, 2e-20, 3e-20, 2e-20, 2e-20, -1
0.446064, 0.190181, 0.81891, 0.05, -0.0271552, -0.0517009, -0.0640051, 0.0866432, 1004.96, 7934.53, 10, 2e-20, 3e-20, 2e-20, 2e-20, -1
0.463749, 0.216093, 0.872754, 0.05, 0.0730212, -0.0873669, -0.057284, 0.127462, 999.416, -933.91, 10, 2e-20, 3e-20, 2e-20, 2e-20, -1
0.397329, 0.159964, 0.836243, 0.05, -0.0139137, 0.0130881, -0.0637671, 0.0665668, 1004.36, 6982.12, 10, 2e-20, 3e-20, 2e-20, 2e-20, -1
0.449219, 0.139076, 0.920952, 0.05, -0.121301, -0.0953992, -0.00844084, 0.154551, 1003.34, 5350.06, 10, 2e-20, 3e-20, 2e-20, 2e-20, -1
0.408104, 0.0759348, 1.0081, 0.05, -0.0343077, -0.0979276, 0.024825, 0.106692, 1001.94, 3111.43, 10, 2e-20, 3e-20, 2e-20, 2e-20, -1
0.446397, 0.134698, 0.99993, 0.05, -0.00454413, -0.0729176, -0.0507222, 0.0889402, 998.623, -2203.49, 10, 2e-20, 3e-20, 2e-20, 2e-20, -1
0.404595, 0.123073, 1.02634, 0.05, -0.0980625, -0.0754991, -0.0811673, 0.148002, 1002.72, 4345.84, 10, 2e-20, 3e-20, 2e-20, 2e-20, -1
0.352934, 0.0769735, 1.12898, 0.05, -0.0556051, -0.0485949, 0.102902, 0.126658, 1002.94, 4697.83, 10, 2e-20, 3e-20, 2e-20, 2e-20, -1
0.318581, 0.112279, 1.14157, 0.05, -0.156218, -0.0346874, 0.115569, 0.197392, 1004.6, 7366.75, 10, 2e-20, 3e-20, 2e-20, 2e-20, -1
0.288771, 0.080696, 1.18848, 0.05, -0.140603, 0.0497583, 0.29686, 0.332221, 1001.18, 1891.8, 10, 2e-20, 3e-20, 2e-20, 2e-20, -1
0.224958, 0.0484624, 1.23113, 0.05, 0.027459, -0.0295761, 0.171449, 0.176135, 1000.52, 834.409, 10, 2e-20, 3e-20, 2e-20, 2e-20, -1
0.0999907, 0.0190003, 1.34288, 0.05, 0.0327863, 0.0589734, 0.155366, 0.169385, 1002.9, 4641.12, 10, 2e-20, 3e-20, 2e-20, 2e-20, -1
0.0163393, 0.0710535, 1.37649, 0.05, 0.0912725, -0.0782242, -0.0130008, 0.120908, 1001.41, 2249.24, 10, 2e-20, 3e-20, 2e-20, 2e-20, -1
0.468769, 0.236136, 0.0518755, 0.05, 0.0736125, -0.0474783, -0.00235239, 0.0876272, 1014.05, 22483.3, 10, 2e-20, 3e-20, 2e-20, 2e-20, -1
0.441789, 0.282133, 0.0499217, 0.05, 0.0636278, -0.035548, 0.0144494, 0.074303, 1009.93, 15886.2, 10, 2e-20, 3e-20, 2e-20, 2e-20, -1
0.429102, 0.277323, 0.101475, 0.05, -0.019149, -0.0732802, 0.053599, 0.0927875, 1006.74, 10777.2, 10, 2e-20, 3e-20, 2e-20, 2e-20, -1
0.472731, 0.253434, 0.105078, 0.05, -0.0175798, 0.0252769, 0.0476023, 0.0566917, 1010.92, 17465.9, 10, 2e-20, 3e-20, 2e-20, 2e-20, -1
0.470765, 0.200438, 0.10382, 0.05, -0.0161659, -0.0244297, 0.0778163, 0.0831476, 1009.58, 15335.5, 10, 2e-20, 3e-20, 2e-20, 2e-20, -1
0.443458, 0.246624, 0.155669, 0.05, -0.0325231, 0.133027, 0.0419858, 0.143237, 1009.21, 14729.2, 10, 2e-20, 3e-20, 2e-20, 2e-20, -1
0.483136, 0.213675, 0.148803, 0.05, -0.000606956, 0.0148818, -0.0397212, 0.0424218, 1002.18, 3483.33, 10, 2e-20, 3e-20, 2e-20, 2e-20, -1
0.42689, 0.147997, 0.142975, 0.05, 0.0415218, 0.00512443, -0.0316396, 0.0524536, 1005.68, 9094.92, 10, 2e-20, 3e-20, 2e-20, 2e-20, -1
0.484572, 0.164668, 0.154039, 0.05, 0.00560507, -0.00103466, -0.0276457, 0.0282271, 1009.63, 15405.7, 10, 2e-20, 3e-20, 2e-20, 2e-20, -1
0.456084, 0.124072, 0.170506, 0.05, -0.0326596, 0.0403221, -0.039187, 0.0650241, 1004.63, 7403.4, 10, 2e-20, 3e-20, 2e-20, 2e-20, -1
0.519905, 0.219064, 0.231356, 0.05, -0.0275324, -0.100291, -0.00787206, 0.104299, 1006.61, 10576.2, 10, 2e-20, 3e-20, 2e-20, 2e-20, -1
0.472305, 0.169132, 0.206135, 0.05, 0.123268, -0.00528109, -0.0152742, 0.124322, 1002.43, 3893.44, 10, 2e-20, 3e-20, 2e-20, 2e-20, -1
0.519787, 0.165289, 0.243398, 0.05, -0.0602695, 0.0244025, -0.0757293, 0.0998139, 1007.89, 12616.3, 10, 2e-20, 3e-20, 2e-20, 2e-20, -1
0.509997, 0.12761, 0.274116, 0.05, -0.024493, -0.0168313, 0.0641003, 0.0706544, 1003.46, 5529.54, 10, 2e-20, 3e-20, 2e-20, 2e-20, -1
0.500938, 0.180384, 0.28991, 0.05, -0.00592029, -0.0343815, -0.0598046, 0.0692367, 1008.19, 13107.8, 10, 2e-20, 3e-20, 2e-20, 2e-20, -1
0.478992, 0.132511, 0.312216, 0.05, 0.0117913, -0.0423495, -0.0250019, 0.0505728, 1005.5, 8802.69, 10, 2e-20, 3e-20, 2e-20, 2e-20, -1
0.470585, 0.214375, 0.301531, 0.05, -0.0984943, -0.037227, -0.0847424, 0.13516, 1006.28, 10052.7, 10, 2e-20, 3e-20, 2e-20, 2e-20, -1
0.522037, 0.156614, 0.328431, 0.05, -0.00790461, -0.0584877, -0.0867538, 0.104926, 1006.52, 10437.5, 10, 2e-20, 3e-20, 2e-20, 2e-20, -1
0.463222, 0.178616, 0.385277, 0.05, 0.0330616, -0.0789397, 0.00344383, 0.0856528, 1004.76, 7608.01, 10, 2e-20, 3e-20, 2e-20, 2e-20, -1
0.449975, 0.107725, 0.392817, 0.05, 0.00136788, 0.0481976, 0.036451, 0.0604446, 1007.88, 12608.6, 10, 2e-20, 3e-20, 2e-20, 2e-20, -1
0.482505, 0.15508, 0.41463, 0.05, 0.00538233, -0.0245013, -0.0092563, 0.0267387, 1006.27, 10026.9, 10, 2e-20, 3e-20, 2e-20, 2e-20, -1
0.437221, 0.281289, 0.441204, 0.05, -0.0636, -0.0262362, 0.0137095, 0.0701516, 1007.11, 11377.4, 10, 2e-20, 3e-20, 2e-20, 2e-20, -1
0.424097, 0.144312, 0.410414, 0.05, 0.0536422, 0.000999137, 0.149557, 0.158889, 1004.59, 7338.42, 10, 2e-20, 3e-20, 2e-20, 2e-20, -1
0.446281, 0.194281, 0.42392, 0.05, -0.0699855, -0.0519616, 0.00699732, 0.0874468, 1006.75, 10798, 10, 2e-20, 3e-20, 2e-20, 2e-20, -1
0.471608, 0.233739, 0.445936, 0.05, 0.0156324, 0.0251584, -0.0564397, 0.0637398, 1008.89, 14224.6, 10, 2e-20, 3e-20, 2e-20, 2e-20, -1
0.489705, 0.218963, 0.487689, 0.05, -0.00439071, 0.0390219, -0.0768328, 0.086286, 1005.59, 8942.5, 10, 2e-20, 3e-20, 2e-20, 2e-20, -1
0.533073, 0.178949, 0.59063, 0.05, -0.0536954, -0.0269821, -0.0752125, 0.0962712, 1007.58, 12125.7, 10, 2e-20, 3e-20, 2e-20, 2e-20, -1
0.45909, 0.142404, 0.566869, 0.05, -0.0544606, 0.002728, -0.086462, 0.102221, 1002.15, 3433.17, 10, 2e-20, 3e-20, 2e-20, 2e-20, -1
0.489996, 0.174411, 0.631387, 0.05, 0.0560185, -0.0126829, -0.0246195, 0.0624903, 1001.65, 2638.25, 10, 2e-20, 3e-20, 2e-20, 2e-20, -1
0.5151, 0.224279, 0.646424, 0.05, -0.00428657, -0.0309445, -0.0243542, 0.0396114, 1004.97, 7959.11, 10, 2e-20, 3e-20, 2e-20, 2e-20, -1
0.513631, 0.102235, 0.664682, 0.05, -0.026386, -0.082147, -0.0414384, 0.0957156, 1001.12, 1790.75, 10, 2e-20, 3e-20, 2e-20, 2e-20, -1
0.481813, 0.225667, 0.681397, 0.05, -0.0568273, -0.0671284, -0.102567, 0.135113, 998.11, -3024.59, 10, 2e-20, 3e-20, 2e-20, 2e-20, -1
0.497583, 0.191573, 0.707086, 0.05, 0.0013019, -0.057311, 0.0506142, 0.0764725, 1004.35, 6961.37, 10, 2e-20, 3e-20, 2e-20, 2e-20, -1
0.502379, 0.27268, 0.643679, 0.05, 0.0369964, 0.0254692, 0.031079, 0.0546198, 1005.57, 8916.22, 10, 2e-20, 3e-20, 2e-20, 2e-20, -1
0.499926, 0.241741, 0.714428, 0.05, -0.0211643, 0.00365562, -0.0340428, 0.0402517, 1003.07, 4904.19, 10, 2e-20, 3e-20, 2e-20, 2e-20, -1
0.493424, 0.19302, 0.808921, 0.05, -0.182402, 0.0456472, -0.106711, 0.216197, 1003, 4797.36, 10, 2e-20, 3e-20, 2e-20, 2e-20, -1
0.450554, 0.228856, 0.729753, 0.05, -0.123404, -0.0649985, -0.149383, 0.204374, 1006.14, 9823.96, 10, 2e-20, 3e-20, 2e-20, 2e-20, -1
0.46771, 0.241681, 0.817386, 0.05, 0.0143689, -0.0694666, -0.0853104, 0.11095, 1003.61, 5783.51, 10, 2e-20, 3e-20, 2e-20, 2e-20, -1
0.432474, 0.243327, 0.902492, 0.05, -0.0970274, -0.0745926, -0.0325548, 0.126642, 1005.52, 8831.74, 10, 2e-20, 3e-20, 2e-20, 2e-20, -1
0.39834, 0.251484, 0.94758, 0.05, -0.0155388, -0.0389464, -0.141412, 0.147498, 1004.31, 6894.58, 10, 2e-20, 3e-20, 2e-20, 2e-20, -1
0.441674, 0.191748, 0.918483, 0.05, -0.086579, -0.0517928, 0.0104368, 0.101427, 1003.01, 4810.53, 10, 2e-20, 3e-20, 2e-20, 2e-20, -1
0.416622, 0.174845, 1.00504, 0.05, -0.0766574, -0.139977, -0.0939669, 0.185202, 1000.21, 331.245, 10, 2e-20, 3e-20, 2e-20, 2e-20, -1
0.415377, 0.168385, 0.953358, 0.05, -0.0517429, -0.114203, 0.0178161, 0.126638, 1006.7, 10724.7, 10, 2e-20, 3e-20, 2e-20, 2e-20, -1
0.38964, 0.167085, 1.04991, 0.05, -0.0960872, -0.0267619, -0.0188506, 0.10151, 1006.03, 9641.53, 10, 2e-20, 3e-20, 2e-20, 2e-20, -1
0.355471, 0.13509, 1.10394, 0.05, -0.164029, -0.0786382, 0.0462866, 0.187701, 1000.71, 1129.3, 10, 2e-20, 3e-20, 2e-20, 2e-20, -1
0.277281, 0.135652, 1.15776, 0.05, -0.0887065, -0.118196, 0.022381, 0.149466, 1002.82, 4517.25, 10, 2e-20, 3e-20, 2e-20, 2e-20, -1
0.247321, 0.0996752, 1.16827, 0.05, -0.133709, 0.00644975, 0.13699, 0.191536, 998.174, -2921.58, 10, 2e-20, 3e-20, 2e-20, 2e-20, -1
0.208371, 0.0796653, 1.21768, 0.05, 0.0141308, -0.018183, 0.1918, 0.193178, 1006.16, 9856.39, 10, 2e-20, 3e-20, 2e-20, 2e-20, -1
0.144282, 0.0312402, 1.36804, 0.05, -0.0347568, -0.111255, 0.253517, 0.279028, 1003.76, 6009.93, 10, 2e-20, 3e-20, 2e-20, 2e-20, -1
-0.0216894, -0.0871671, 1.41951, 0.05, 0.0612988, -0.098058, 0.048436, 0.125375, 1001.19, 1903.68, 10, 2e-20, 3e-20, 2e-20, 2e-20, -1
0.0016783, 0.183822, 1.44888, 0.05, -0.0235789, -0.096474, -0.0181994, 0.100967, 999.755, -392.441, 10, 2e-20, 3e-20, 2e-20, 2e-20, -1
0.400352, 0.395762, 0.0508402, 0.05, 0.0213076, 0.040267, 0.0537245, 0.0704398, 1009.55, 15283.4, 10, 2e-20, 3e-20, 2e-20, 2e-20, -1
0.436948, 0.45199, 0.0494945, 0.05, -0.00411821, -0.0769844, 0.0132165, 0.0782191, 1010.21, 16343.4, 10, 2e-20, 3e-20, 2e-20, 2e-20, -1
0.449561, 0.413654, 0.0696108, 0.05, 0.0803211, -0.0812219, -0.0523688, 0.125662, 1004.15, 6641.98, 10, 2e-20, 3e-20, 2e-20, 2e-20, -1
0.441347, 0.318655, 0.0625447, 0.05, 0.0225643, -0.0343692, -0.0990026, 0.1072, 1007.03, 11245.5, 10, 2e-20, 3e-20, 2e-20, 2e-20, -1
0.384242, 0.279183, 0.104679, 0.05, -0.0672473, 0.0434091, -0.00189719, 0.0800634, 1009.37, 14993.3, 10, 2e-20, 3e-20, 2e-20, 2e-20, -1
0.441192, 0.334171, 0.117987, 0.05, 0.0116262, 0.0844611, -0.020325, 0.0876467, 1009.38, 15009.8, 10, 2e-20, 3e-20, 2e-20, 2e-20, -1
0.503809, 0.296718, 0.173333, 0.05, -0.0811191, -0.0258701, -0.0486455, 0.098061, 1007.89, 12621.3, 10, 2e-20, 3e-20, 2e-20, 2e-20, -1
0.452425, 0.280229, 0.190307, 0.05, -0.0286419, -0.00168453, 0.0220003, 0.0361554, 1003.55, 5675.55, 10, 2e-20, 3e-20, 2e-20, 2e-20, -1
0.455188, 0.22002, 0.204125, 0.05, -0.0350559, 0.129747, 0.102257, 0.168878, 1015.41, 24652.8, 10, 2e-20, 3e-20, 2e-20, 2e-20, -1
0.510749, 0.290021, 0.265979, 0.05, -0.0620888, -0.0401781, 0.0112695, 0.0748084, 1003.18, 5088.18, 10, 2e-20, 3e-20, 2e-20, 2e-20, -1
0.466721, 0.314126, 0.294106, 0.05, -0.0322939, 0.00847599, -0.086187, 0.0924281, 1005.34, 8542.18, 10, 2e-20, 3e-20, 2e-20, 2e-20, -1
0.486046, 0.241329, 0.258235, 0.05, -0.0909294, 0.0137174, -0.0648478, 0.112524, 1007.02, 11234.9, 10, 2e-20, 3e-20, 2e-20, 2e-20, -1
0.48965, 0.26692, 0.30501, 0.05, -0.0223737, 0.0755928, -0.0392013, 0.0880432, 1000.93, 1494.51, 10, 2e-20, 3e-20, 2e-20, 2e-20, -1
0.444541, 0.259316, 0.284252, 0.05, -0.0355775, 0.0382277, -0.080475, 0.0959341, 1006.74, 10782.8, 10, 2e-20, 3e-20, 2e-20, 2e-20, -1
0.442847, 0.289989, 0.324627, 0.05, 0.00219406, -0.0177536, -0.0247101, 0.0305056, 1003.82, 6111.46, 10, 2e-20, 3e-20, 2e-20, 2e-20, -1
0.416311, 0.216188, 0.301717, 0.05, -0.0775403, 0.0134022, 0.0540036, 0.0954385, 1002.69, 4306.44, 10, 2e-20, 3e-20, 2e-20, 2e-20, -1
0.445626, 0.245178, 0.340957, 0.05, -0.0851596, -0.035841, 0.0127765, 0.0932736, 1008.29, 13256, 10, 2e-20, 3e-20, 2e-20, 2e-20, -1
0.454791, 0.285079, 0.378906, 0.05, -0.0342105, -0.0363843, -0.149659, 0.157772, 1010.02, 16024.4, 10, 2e-20, 3e-20, 2e-20, 2e-20, -1
0.426354, 0.22776, 0.384694, 0.05, -0.0634325, 0.0969587, -0.0494077, 0.125959, 1005.94, 9497.41, 10, 2e-20, 3e-20, 2e-20, 2e-20, -1
0.441306, 0.368913, 0.422793, 0.05, -0.0496296, -0.104921, -0.0464673, 0.125023, 1002.88, 4611.08, 10, 2e-20, 3e-20, 2e-20, 2e-20, -1
0.46379, 0.329059, 0.402746, 0.05, -0.0323061, -0.0267819, -0.0334528, 0.053666, 1003.53, 5650.73, 10, 2e-20, 3e-20, 2e-20, 2e-20, -1
0.416526, 0.328282, 0.440052, 0.05, 0.0621121, -0.0213992, -0.0152476, 0.0674413, 1004.55, 7281.73, 10, 2e-20, 3e-20, 2e-20, 2e-20, -1
0.371803, 0.272448, 0.440239, 0.05, -0.022131, -0.0131669, -0.00281155, 0.0259046, 1005.07, 8104.25, 10, 2e-20, 3e-20, 2e-20, 2e-20, -1
0.42679, 0.300178, 0.480538, 0.05, 0.0818897, -0.0404093, -0.0281779, 0.0955658, 1004.59, 7344.96, 10, 2e-20, 3e-20, 2e-20, 2e-20, -1
0.482744, 0.277666, 0.471047, 0.05, -0.0504726, -0.012743, -0.0586691, 0.0784343, 1006.98, 11172.7, 10, 2e-20, 3e-20, 2e-20, 2e-20, -1
0.462828, 0.241824, 0.532798, 0.05, -0.0617286, 0.0218877, -0.0837229, 0.106297, 1004.4, 7045.35, 10, 2e-20, 3e-20, 2e-20, 2e-20, -1
0.464888, 0.195478, 0.550238, 0.05, -0.0238426, -0.061335, -0.167825, 0.180266, 1007.6, 12156.5, 10, 2e-20, 3e-20, 2e-20, 2e-20, -1
0.434363, 0.237221, 0.566156, 0.05, 0.0339713, 0.0715235, -0.0360508, 0.0870019, 1001.92, 3076.9, 10, 2e-20, 3e-20, 2e-20, 2e-20, -1
0.43925, 0.154459, 0.514496, 0.05, 0.0128635, -0.00897389, -0.0539499, 0.0561836, 1005.3, 8484.4, 10, 2e-20, 3e-20, 2e-20, 2e-20, -1
0.468933, 0.257501, 0.603019, 0.05, -0.0993405, -0.0447074, -0.121033, 0.162838, 1006.97, 11148, 10, 2e-20, 3e-20, 2e-20, 2e-20, -1
0.444326, 0.329738, 0.662726, 0.05, 0.00045411, 0.0320629, -0.00467356, 0.032405, 1005.5, 8801.38, 10, 2e-20, 3e-20, 2e-20, 2e-20, -1
0.40701, 0.377767, 0.785562, 0.05, -0.083494, 0.0476785, -0.117277, 0.151652, 999.508, -786.696, 10, 2e-20, 3e-20, 2e-20, 2e-20, -1
0.505501, 0.326399, 0.670569, 0.05, 0.0337723, 0.0396137, -0.0690663, 0.0864868, 1004.72, 7554.63, 10, 2e-20, 3e-20, 2e-20, 2e-20, -1
0.490709, 0.328981, 0.716779, 0.05, -0.0663831, -0.0797919, -0.0740692, 0.127514, 1006.02, 9627.89, 10, 2e-20, 3e-20, 2e-20, 2e-20, -1
0.536934, 0.26905, 0.680544, 0.05, -0.0247896, 0.00730745, -0.119908, 0.122662, 1005.6, 8961.85, 10, 2e-20, 3e-20, 2e-20, 2e-20, -1
0.43235, 0.289082, 0.712222, 0.05, -0.0200778, -0.0667113, -0.0964486, 0.118978, 1005.98, 9571.04, 10, 2e-20, 3e-20, 2e-20, 2e-20, -1
0.477361, 0.294088, 0.831902, 0.05, -0.00496392, -0.000130562, -0.1475, 0.147584, 1004, 6397.24, 10, 2e-20, 3e-20, 2e-20, 2e-20, -1
0.485276, 0.229549, 0.764887, 0.05, 0.00293566, -0.115524, 0.132529, 0.175836, 1002.2, 3514.62, 10, 2e-20, 3e-20, 2e-20, 2e-20, -1
0.434978, 0.268906, 0.76104, 0.05, -0.00615258, 0.0405234, -0.0482418, 0.063303, 1002.24, 3585.53, 10, 2e-20, 3e-20, 2e-20, 2e-20, -1
0.417055, 0.297051, 0.893837, 0.05, -0.0759261, 0.0192602, -0.155326, 0.173959, 1007.17, 11474.5, 10, 2e-20, 3e-20, 2e-20, 2e-20, -1
0.364312, 0.247178, 0.986268, 0.05, -0.192267, -0.0163751, -0.0350272, 0.196116, 1001.78, 2843.4, 10, 2e-20, 3e-20, 2e-20, 2e-20, -1
0.341881, 0.171555, 1.06329, 0.05, -0.0146605, -0.000318715, -0.00864291, 0.0170215, 1004.68, 7484.33, 10, 2e-20, 3e-20, 2e-20, 2e-20, -1
0.365263, 0.185076, 1.1107, 0.05, -0.226966, 0.034277, 0.093897, 0.248002, 1000.98, 1568.32, 10, 2e-20, 3e-20, 2e-20, 2e-20, -1
0.294291, 0.222975, 1.03661, 0.05, -0.00494619, 0.0194436, -0.0931848, 0.0953201, 1001.9, 3036.09, 10, 2e-20, 3e-20, 2e-20, 2e-20, -1
0.254826, 0.180137, 1.1412, 0.05, -0.207106, 0.0439382, 0.0808122, 0.226614, 998.169, -2929.27, 10, 2e-20, 3e-20, 2e-20, 2e-20, -1
0.307951, 0.161178, 1.12115, 0.05, -0.0630203, -0.0762583, 0.0973759, 0.138813, 1003.46, 5543.78, 10, 2e-20, 3e-20, 2e-20, 2e-20, -1
0.21496, 0.171089, 1.18478, 0.05, -0.0875427, -0.00552435, 0.0750182, 0.115421, 1003.82, 6109.26, 10, 2e-20, 3e-20, 2e-20, 2e-20, -1
0.178989, 0.129587, 1.2182, 0.05, 0.0782157, -0.031715, 0.0895096, 0.123026, 1001.38, 2211.87, 10, 2e-20, 3e-20, 2e-20, 2e-20, -1
0.0842724, 0.10228, 1.32474, 0.05, -0.056475, -0.16567, 0.0633668, 0.186149, 999.033, -1546.57, 10, 2e-20, 3e-20, 2e-20, 2e-20, -1
0.0994959, 0.180012, 1.33435, 0.05, -0.0548658, 0.0491032, 0.018188, 0.0758432, 999.828, -275.763, 10, 2e-20, 3e-20, 2e-20, 2e-20, -1
0.0303267, 0.231103, 1.43879, 0.05, 0.0673175, -0.1542, 0.0666148, 0.180961, 1002.87, 4589.2, 10, 2e-20, 3e-20, 2e-20, 2e-20, -1
0.43195, 0.500663, 0.106055, 0.05, 0.0864916, -0.0617036, 0.0266044, 0.109526, 1012.86, 20578.2, 10, 2e-20, 3e-20, 2e-20, 2e-20, -1
0.384091, 0.437991, 0.16397, 0.05, -0.0153122, -0.00115295, -0.0884821, 0.0898047, 1011.24, 17988.3, 10, 2e-20, 3e-20, 2e-20, 2e-20, -1
0.417818, 0.423784, 0.129981, 0.05, 0.01682, 0.0444035, 0.115362, 0.124752, 1007.16, 11452.7, 10, 2e-20, 3e-20, 2e-20, 2e-20, -1
0.451345, 0.463413, 0.114504, 0.05, 0.0380391, 0.0893531, -0.03657, 0.10377, 1007.45, 11915.1, 10, 2e-20, 3e-20, 2e-20, 2e-20, -1
0.467678, 0.373382, 0.107001, 0.05, 0.0964472, 0.17617, 0.0379314, 0.204394, 1001, 1594.3, 10, 2e-20, 3e-20, 2e-20, 2e-20, -1
0.49878, 0.333665, 0.137015, 0.05, 0.0587559, 0.0795911, 0.0581715, 0.114765, 1006.23, 9975.24, 10, 2e-20, 3e-20, 2e-20, 2e-20, -1
0.541148, 0.337385, 0.193554, 0.05, -0.038186, -0.0917954, -0.0837185, 0.129974, 1011.1, 17763.6, 10, 2e-20, 3e-20, 2e-20, 2e-20, -1
0.487908, 0.271907, 0.222231, 0.05, -0.0922617, 0.0253113, -0.0648344, 0.11557, 1006.4, 10233.8, 10, 2e-20, 3e-20, 2e-20, 2e-20, -1
0.43862, 0.350851, 0.270286, 0.05, -0.0875189, -0.0342787, -0.0380604, 0.101406, 1001.67, 2664.93, 10, 2e-20, 3e-20, 2e-20, 2e-20, -1
0.464791, 0.310901, 0.242392, 0.05, -0.127889, -0.157356, 0.0415543, 0.206986, 1003.93, 6289.21, 10, 2e-20, 3e-20, 2e-20, 2e-20, -1
0.483782, 0.398847, 0.267234, 0.05, -0.0679002, -0.0202997, -0.101718, 0.123972, 1002.3, 3682.72, 10, 2e-20, 3e-20, 2e-20, 2e-20, -1
0.410904, 0.375496, 0.313884, 0.05, -0.0895852, 0.0257092, -0.110539, 0.144587, 1005.32, 8512.17, 10, 2e-20, 3e-20, 2e-20, 2e-20, -1
0.397426, 0.380031, 0.365491, 0.05, -0.00474372, -0.0745136, -0.0323363, 0.081366, 1000.69, 1096.09, 10, 2e-20, 3e-20, 2e-20, 2e-20, -1
0.431379, 0.339887, 0.351148, 0.05, -0.00622747, 0.0415968, 0.0606578, 0.0738136, 1005.32, 8505.74, 10, 2e-20, 3e-20, 2e-20, 2e-20, -1
0.357739, 0.4415, 0.446562, 0.05, 0.0777313, 0.0107406, -0.19168, 0.20712, 1003.44, 5499.66, 10, 2e-20, 3e-20, 2e-20, 2e-20, -1
0.44997, 0.42755, 0.443544, 0.05, -0.10022, 0.0101098, -0.184046, 0.209808, 1005.75, 9194.38, 10, 2e-20, 3e-20, 2e-20, 2e-20, -1
0.410143, 0.333418, 0.391652, 0.05, -0.0681036, -0.025517, -0.0948869, 0.119552, 1006.26, 10022.9, 10, 2e-20, 3e-20, 2e-20, 2e-20, -1
0.370728, 0.443967, 0.494197, 0.05, 0.0476171, -0.00992881, -0.00489704, 0.0488872, 1001.01, 1613.61, 10, 2e-20, 3e-20, 2e-20, 2e-20, -1
0.407148, 0.419642, 0.455378, 0.05, -0.0335744, -0.00914305, -0.041766, 0.0543621, 1005.23, 8375.22, 10, 2e-20, 3e-20, 2e-20, 2e-20, -1
0.391834, 0.409371, 0.507057, 0.05, 0.105091, -0.0350238, -0.012287, 0.111453, 1006.63, 10601.7, 10, 2e-20, 3e-20, 2e-20, 2e-20, -1
0.436189, 0.345639, 0.504904, 0.05, -0.0519947, 0.0103667, -0.0417557, 0.0674867, 1005.54, 8866.7, 10, 2e-20, 3e-20, 2e-20, 2e-20, -1
0.462294, 0.443617, 0.675477, 0.05, 0.0722239, 0.0855534, -0.0904011, 0.143903, 1002.7, 4316.76, 10, 2e-20, 3e-20, 2e-20, 2e-20, -1
0.406043, 0.368851, 0.469191, 0.05, -0.0176861, -0.0227173, -0.00919572, 0.0302231, 1005.37, 8591.25, 10, 2e-20, 3e-20, 2e-20, 2e-20, -1
0.389948, 0.376133, 0.542526, 0.05, -0.00667902, 0.0698674, -0.104699, 0.126048, 1002.94, 4710.81, 10, 2e-20, 3e-20, 2e-20, 2e-20, -1
0.460233, 0.286734, 0.520473, 0.05, -0.102849, -0.186959, -0.0423557, 0.217544, 1003.89, 6218.09, 10, 2e-20, 3e-20, 2e-20, 2e-20, -1
0.504125, 0.310696, 0.547589, 0.05, 0.0149101, -0.00990686, 0.00487913, 0.0185543, 1005.92, 9478.05, 10, 2e-20, 3e-20, 2e-20, 2e-20, -1
0.451304, 0.293981, 0.572572, 0.05, -0.10092, 0.00511591, -0.0956776, 0.139159, 1007.12, 11385.8, 10, 2e-20, 3e-20, 2e-20, 2e-20, -1
0.4798, 0.360813, 0.636295, 0.05, 0.0417665, -0.000567991, 0.0404338, 0.0581348, 1001.83, 2933.2, 10, 2e-20, 3e-20, 2e-20, 2e-20, -1
0.523538, 0.332868, 0.63603, 0.05, -0.0198933, -0.0749977, 0.0070873, 0.0779143, 1004.84, 7744.35, 10, 2e-20, 3e-20, 2e-20, 2e-20, -1
0.463654, 0.37868, 0.734292, 0.05, -0.0612373, -0.0289088, -0.161603, 0.175218, 1004.34, 6939.11, 10, 2e-20, 3e-20, 2e-20, 2e-20, -1
0.480046, 0.367667, 0.685764, 0.05, -0.0034077, -0.00692313, -0.034275, 0.0351329, 1003.98, 6368.13, 10, 2e-20, 3e-20, 2e-20, 2e-20, -1
0.457748, 0.392461, 0.778332, 0.05, -0.0289179, 0.0310241, -0.0753832, 0.0864949, 1004.51, 7220.22, 10, 2e-20, 3e-20, 2e-20, 2e-20, -1
0.505382, 0.361508, 0.753793, 0.05, 0.00460077, -0.0829884, -0.0496868, 0.096835, 1003.58, 5731.01, 10, 2e-20, 3e-20, 2e-20, 2e-20, -1
0.427936, 0.389127, 0.86607, 0.05, -0.121096, -0.0235741, -0.0794086, 0.146716, 1001.25, 1994.09, 10, 2e-20, 3e-20, 2e-20, 2e-20, -1
0.459796, 0.304939, 0.744596, 0.05, 0.119333, 0.066237, -0.0987287, 0.168449, 1000.73, 1166.28, 10, 2e-20, 3e-20, 2e-20, 2e-20, -1
0.504784, 0.281817, 0.734361, 0.05, -0.0451696, 0.13065, 0.0846069, 0.162074, 1004.68, 7481.76, 10, 2e-20, 3e-20, 2e-20, 2e-20, -1
0.385823, 0.393016, 0.896842, 0.05, -0.115377, 0.0237671, 0.000168303, 0.1178, 1008.52, 13625.7, 10, 2e-20, 3e-20, 2e-20, 2e-20, -1
0.359734, 0.352513, 0.933391, 0.05, -0.0713149, 0.0494989, -0.173129, 0.193674, 1000.06, 94.1276, 10, 2e-20, 3e-20, 2e-20, 2e-20, -1
0.417766, 0.330435, 0.850331, 0.05, 0.0431365, -0.0932239, -0.107739, 0.14886, 999.538, -739.823, 10, 2e-20, 3e-20, 2e-20, 2e-20, -1
0.361558, 0.295157, 0.940739, 0.05, -0.170238, -0.087561, -0.197858, 0.27531, 999.148, -1363.71, 10, 2e-20, 3e-20, 2e-20, 2e-20, -1
0.337448, 0.201726, 0.997603, 0.05, -0.13647, -0.0791302, -0.0348581, 0.161557, 996.42, -5728.29, 10, 2e-20, 3e-20, 2e-20, 2e-20, -1
0.332754, 0.217237, 1.07228, 0.05, -0.0895101, 0.024117, -0.0273043, 0.0966396, 1003.61, 5775.19, 10, 2e-20, 3e-20, 2e-20, 2e-20, -1
0.290332, 0.246047, 0.988858, 0.05, 0.0528144, -0.0490076, -0.0793056, 0.107147, 1004.25, 6792.23, 10, 2e-20, 3e-20, 2e-20, 2e-20, -1
0.316023, 0.315386, 1.08442, 0.05, -0.156135, -0.0470459, -0.12326, 0.204413, 999.203, -1275.36, 10, 2e-20, 3e-20, 2e-20, 2e-20, -1
0.318562, 0.326764, 1.02996, 0.05, -0.0318932, 0.0257683, -0.0977245, 0.105978, 1001.46, 2331.07, 10, 2e-20, 3e-20, 2e-20, 2e-20, -1
0.283833, 0.265772, 1.0689, 0.05, -0.120711, -0.024003, -0.0380868, 0.128833, 1003.05, 4885.01, 10, 2e-20, 3e-20, 2e-20, 2e-20, -1
0.262516, 0.220023, 1.07992, 0.05, -0.18058, -0.00953322, -0.00871067, 0.181041, 1007.32, 11708.6, 10, 2e-20, 3e-20, 2e-20, 2e-20, -1
0.27502, 0.277461, 1.12166, 0.05, -0.225628, 0.00986201, -0.102902, 0.248182, 1004.7, 7518.37, 10, 2e-20, 3e-20, 2e-20, 2e-20, -1
0.11231, 0.167763, 1.36937, 0.05, -0.129382, -0.0439528, -0.0606124, 0.149484, 998.927, -1716.62, 10, 2e-20, 3e-20, 2e-20, 2e-20, -1
0.191295, 0.229285, 1.20687, 0.05, -0.095775, -0.145398, -0.0441597, 0.179621, 1002.38, 3811.41, 10, 2e-20, 3e-20, 2e-20, 2e-20, -1
0.0915473, 0.249028, 1.35509, 0.05, -0.0174566, -0.0531453, 0.148836, 0.159001, 997.98, -3231.61, 10, 2e-20, 3e-20, 2e-20, 2e-20, -1
0.402913, 0.499162, 0.0515478, 0.05, -0.0900994, -0.185605, 0.0292973, 0.208388, 1005.55, 8873.73, 10, 2e-20, 3e-20, 2e-20, 2e-20, -1
0.454905, 0.49892, 0.27844, 0.05, -0.250753, 0.0223122, -0.0422677, 0.255268, 1010.41, 16661.2, 10, 2e-20, 3e-20, 2e-20, 2e-20, -1
0.421033, 0.46397, 0.264444, 0.05, 0.0681188, -0.0109226, 0.0704683, 0.0986167, 1002.54, 4062.63, 10, 2e-20, 3e-20, 2e-20, 2e-20, -1
0.39476, 0.428505, 0.253635, 0.05, -0.0385362, -0.0137729, 0.0624427, 0.074658, 1004.27, 6837.54, 10, 2e-20, 3e-20, 2e-20, 2e-20, -1
0.43169, 0.436971, 0.224295, 0.05, -0.000579857, -0.0658889, 0.0739624, 0.0990561, 1004.58, 7331.72, 10, 2e-20, 3e-20, 2e-20, 2e-20, -1
0.416087, 0.398436, 0.18924, 0.05, -0.0220016, -0.0909152, -0.0509411, 0.106511, 1006.65, 10632.4, 10, 2e-20, 3e-20, 2e-20, 2e-20, -1
0.49389, 0.358426, 0.184839, 0.05, 0.0203733, 0.0714822, -0.0609375, 0.0961154, 1004.96, 7933.4, 10, 2e-20, 3e-20, 2e-20, 2e-20, -1
0.469899, 0.353727, 0.228755, 0.05, -0.0425014, 0.132796, -0.0395159, 0.144923, 1005.57, 8916.76, 10, 2e-20, 3e-20, 2e-20, 2e-20, -1
0.475498, 0.434051, 0.325367, 0.05, -0.0255435, 0.0371051, -0.0784303, 0.0904465, 1005.86, 9383.81, 10, 2e-20, 3e-20, 2e-20, 2e-20, -1
0.515255, 0.451413, 0.399425, 0.05, -0.00710586, -0.0119516, -0.00580373, 0.0150671, 995.187, -7700.56, 10, 2e-20, 3e-20, 2e-20, 2e-20, -1
0.435875, 0.396665, 0.27596, 0.05, -0.159622, 0.000953773, -0.0558981, 0.169129, 1010.1, 16166.1, 10, 2e-20, 3e-20, 2e-20, 2e-20, -1
0.444498, 0.401095, 0.346587, 0.05, -0.125082, -0.00759353, -0.0131997, 0.126005, 1006.3, 10081.8, 10, 2e-20, 3e-20, 2e-20, 2e-20, -1
0.445143, 0.402128, 0.39627, 0.05, -0.0601812, -0.0151205, -0.0110243, 0.0630234, 1006.31, 10093.8, 10, 2e-20, 3e-20, 2e-20, 2e-20, -1
0.428519, 0.453116, 0.530231, 0.05, -0.00328714, 0.0550088, -0.031588, 0.0635183, 1002.95, 4726.8, 10, 2e-20, 3e-20, 2e-20, 2e-20, -1
0.469814, 0.465561, 0.429467, 0.05, 0.00971277, -0.0251135, -0.00771961, 0.028011, 1004.14, 6631.83, 10, 2e-20, 3e-20, 2e-20, 2e-20, -1
0.356127, 0.488803, 0.54391, 0.05, 0.00761212, 0.0419031, 0.0180085, 0.0462398, 1003.61, 5769.97, 10, 2e-20, 3e-20, 2e-20, 2e-20, -1
0.457368, 0.431519, 0.49388, 0.05, -0.05629, -0.0518067, 0.122583, 0.144496, 1000.88, 1409, 10, 2e-20, 3e-20, 2e-20, 2e-20, -1
0.51775, 0.450413, 0.658299, 0.05, 0.0808005, -0.134913, -0.0777257, 0.175418, 1002.39, 3821.66, 10, 2e-20, 3e-20, 2e-20, 2e-20, -1
0.471406, 0.437575, 0.544044, 0.05, -0.0309118, -0.0452193, -0.0505244, 0.0745188, 1001.02, 1627.39, 10, 2e-20, 3e-20, 2e-20, 2e-20, -1
0.436469, 0.395009, 0.521728, 0.05, 0.0441119, -0.0497342, -0.0438977, 0.079664, 1005.62, 8985.71, 10, 2e-20, 3e-20, 2e-20, 2e-20, -1
0.445808, 0.432282, 0.582885, 0.05, 0.0901616, 0.11292, 0.0285721, 0.147297, 1003.43, 5484.29, 10, 2e-20, 3e-20, 2e-20, 2e-20, -1
0.486203, 0.444624, 0.752858, 0.05, -0.0409381, -0.0456863, -0.0553906, 0.0826516, 1009.28, 14840.7, 10, 2e-20, 3e-20, 2e-20, 2e-20, -1
0.436886, 0.455664, 0.737072, 0.05, -0.0121919, -0.00492161, 0.108721, 0.109513, 1001.42, 2272.71, 10, 2e-20, 3e-20, 2e-20, 2e-20, -1
0.463746, 0.34557, 0.546125, 0.05, 0.0326931, 0.0352661, -0.0399363, 0.0625096, 1006.13, 9803.63, 10, 2e-20, 3e-20, 2e-20, 2e-20, -1
0.449985, 0.342702, 0.598583, 0.05, -0.0170323, 0.00596224, -0.0580344, 0.0607754, 1005.56, 8889.37, 10, 2e-20, 3e-20, 2e-20, 2e-20, -1
0.42144, 0.435383, 0.806439, 0.05, 0.0786711, 0.0457045, -0.0870324, 0.125907, 1006.99, 11187.9, 10, 2e-20, 3e-20, 2e-20, 2e-20, -1
0.436804, 0.381269, 0.667338, 0.05, -0.0665516, 0.0413559, -0.00944187, 0.0789213, 1005.35, 8556.77, 10, 2e-20, 3e-20, 2e-20, 2e-20, -1
0.379725, 0.415695, 0.791538, 0.05, 0.00438779, -0.0162213, -0.032704, 0.0367687, 999.134, -1386.34, 10, 2e-20, 3e-20, 2e-20, 2e-20, -1
0.458303, 0.411057, 0.709725, 0.05, 0.0400123, -0.122208, -0.00933438, 0.12893, 1002.12, 3396.96, 10, 2e-20, 3e-20, 2e-20, 2e-20, -1
0.435971, 0.43433, 0.921571, 0.05, -0.0541795, 0.00452679, 1.6743e-06, 0.0543683, 1001.12, 1798.28, 10, 2e-20, 3e-20, 2e-20, 2e-20, -1
0.347489, 0.490414, 1.25919, 0.05, 0.0771792, -0.0507872, -0.0482769, 0.104243, 1002.44, 3900.5, 10, 2e-20, 3e-20, 2e-20, 2e-20, -1
0.412941, 0.42971, 0.89551, 0.05, -0.124283, -0.0141442, 0.038519, 0.130882, 999.433, -906.846, 10, 2e-20, 3e-20, 2e-20, 2e-20, -1
0.383465, 0.452215, 0.966851, 0.05, -0.0686258, -0.024489, -0.0317413, 0.0794778, 1000.66, 1055.15, 10, 2e-20, 3e-20, 2e-20, 2e-20, -1
0.323699, 0.454428, 1.05581, 0.05, -0.110427, -0.10941, -0.0414686, 0.160886, 1002.99, 4782.4, 10, 2e-20, 3e-20, 2e-20, 2e-20, -1
0.446922, 0.352603, 0.824359, 0.05, -0.0317911, -0.0966534, -0.0247147, 0.104706, 1003.23, 5160.09, 10, 2e-20, 3e-20, 2e-20, 2e-20, -1
0.397609, 0.353751, 0.948979, 0.05, -0.0245591, 0.0395383, -0.147523, 0.154691, 1004.41, 7052.76, 10, 2e-20, 3e-20, 2e-20, 2e-20, -1
0.337515, 0.327428, 0.970742, 0.05, -0.0416142, -0.0110505, -0.116479, 0.124182, 1003.18, 5083.23, 10, 2e-20, 3e-20, 2e-20, 2e-20, -1
0.291581, 0.392357, 1.00291, 0.05, -0.0769413, -0.107811, -0.166164, 0.212494, 1002.25, 3601.84, 10, 2e-20, 3e-20, 2e-20, 2e-20, -1
0.246334, 0.397611, 1.09371, 0.05, -0.0932808, -0.0702153, -0.023377, 0.119071, 1000.69, 1100.39, 10, 2e-20, 3e-20, 2e-20, 2e-20, -1
0.322654, 0.268559, 0.952968, 0.05, -0.109585, -0.102306, -0.0632426, 0.162712, 1006.19, 9900.22, 10, 2e-20, 3e-20, 2e-20, 2e-20, -1
0.256346, 0.291247, 0.987728, 0.05, -0.0789552, -0.022627, -0.134157, 0.157302, 1000.7, 1122.04, 10, 2e-20, 3e-20, 2e-20, 2e-20, -1
0.304133, 0.297607, 0.979721, 0.05, -0.0604218, -0.13226, -0.0702652, 0.161495, 999.607, -629.067, 10, 2e-20, 3e-20, 2e-20, 2e-20, -1
0.291353, 0.368301, 1.08128, 0.05, -0.0694903, 0.0288051, -0.159727, 0.176554, 1005.1, 8157.96, 10, 2e-20, 3e-20, 2e-20, 2e-20, -1
0.287719, 0.38501, 1.15716, 0.05, -0.0695397, -0.104306, -0.0489453, 0.134577, 1001.11, 1769.36, 10, 2e-20, 3e-20, 2e-20, 2e-20, -1
0.284486, 0.327296, 1.10521, 0.05, -0.0019421, -0.0573633, -0.0494581, 0.0757656, 1000.55, 877.31, 10, 2e-20, 3e-20, 2e-20, 2e-20, -1
0.373136, 0.484285, 1.33831, 0.05, -0.0192382, 0.109991, 0.0700846, 0.131833, 1002.35, 3767.53, 10, 2e-20, 3e-20, 2e-20, 2e-20, -1
0.416983, 0.505495, 1.36308, 0.05, -0.00808698, -0.023992, 0.0556141, 0.061106, 1000.12, 195.013, 10, 2e-20, 3e-20, 2e-20, 2e-20, -1
0.461308, 0.376834, 1.28309, 0.05, -0.0918802, -0.169395, 0.0183919, 0.193585, 1001.31, 2093.62, 10, 2e-20, 3e-20, 2e-20, 2e-20, -1
0.288768, 0.355747, 1.21372, 0.05, -0.24619, 0.0495665, -0.0647613, 0.259346, 1000.32, 509.651, 10, 2e-20, 3e-20, 2e-20, 2e-20, -1
0.218977, 0.261881, 1.20085, 0.05, -0.0875829, -0.0536019, -0.103235, 0.145607, 1000.59, 951.651, 10, 2e-20, 3e-20, 2e-20, 2e-20, -1
0.12139, 0.26176, 1.28093, 0.05, 0.0134701, -0.0541347, 0.0947351, 0.10994, 1002.33, 3727.22, 10, 2e-20, 3e-20, 2e-20, 2e-20, -1
0.421563, 0.457529, 0.177395, 0.05, -0.0569346, -0.0353747, -0.0273197, 0.0723829, 1003.17, 5074.93, 10, 2e-20, 3e-20, 2e-20, 2e-20, -1
0.395861, 0.495824, 0.15792, 0.05, -0.0658437, -0.0519095, -0.0666598, 0.107115, 1009.79, 15668.9, 10, 2e-20, 3e-20, 2e-20, 2e-20, -1
0.428113, 0.496844, 0.217151, 0.05, 0.152409, 0.00402827, 0.0553002, 0.162182, 1009.58, 15321.6, 10, 2e-20, 3e-20, 2e-20, 2e-20, -1
0.498351, 0.491867, 0.320002, 0.05, -0.0600718, -0.0291599, -0.133731, 0.149475, 1014.45, 23117.6, 10, 2e-20, 3e-20, 2e-20, 2e-20, -1
-0.368148, -0.306427, 1.42857, 0.05, 0.155273, 0.0722865, 0.0418386, 0.176311, 995.609, -7025.96, 10, 2e-20, 3e-20, 2e-20, 2e-20, -1
0.485703, 0.497632, 0.249387, 0.05, -0.0749547, -0.0475185, 0.000656466, 0.0887505, 999.407, -948.33, 10, 2e-20, 3e-20, 2e-20, 2e-20, -1
0.460481, 0.440159, 0.278803, 0.05, 0.081168, 0.0663974, -0.0296779, 0.108985, 1003.09, 4948.15, 10, 2e-20, 3e-20, 2e-20, 2e-20, -1
0.543815, 0.492542, 0.61138, 0.05, 0.0455185, -0.00292377, 0.0911308, 0.101908, 1010.69, 17108.8, 10, 2e-20, 3e-20, 2e-20, 2e-20, -1
0.502482, 0.499981, 0.447681, 0.05, 0.130111, -0.0271824, 0.0177501, 0.1341, 1006.8, 10886.9, 10, 2e-20, 3e-20, 2e-20, 2e-20, -1
0.988811, -0.387627, 1.28932, 0.05, -0.0760198, 0.168588, -0.0627013, 0.195275, 1000.98, 1572.12, 10, 2e-20, 3e-20, 2e-20, 2e-20, -1
0.488529, 0.494356, 0.642573, 0.05, -0.0504466, 0.00357428, 0.0344859, 0.0612121, 1015.94, 25502.9, 10, 2e-20, 3e-20, 2e-20, 2e-20, -1
0.53265, 0.495529, 0.555651, 0.05, 0.177086, 0.0954444, 0.0393582, 0.204983, 1010.24, 16389.7, 10, 2e-20, 3e-20, 2e-20, 2e-20, -1
0.518909, 0.498519, 0.711903, 0.05, 0.00190829, 0.0142767, 0.0570685, 0.0588581, 1005.51, 8823.36, 10, 2e-20, 3e-20, 2e-20, 2e-20, -1
0.427976, 0.496443, 0.640098, 0.05, 0.0986155, -0.0452432, 0.0764883, 0.132749, 1009.47, 15144.4, 10, 2e-20, 3e-20, 2e-20, 2e-20, -1
0.446206, 0.48523, 0.595471, 0.05, 0.0460138, 0.0611933, 0.159261, 0.176709, 1007.61, 12170.8, 10, 2e-20, 3e-20, 2e-20, 2e-20, -1
0.73986, -0.313743, 1.32689, 0.05, -0.35963, 0.040505, -0.0428421, 0.364431, 1004.24, 6791.7, 10, 2e-20, 3e-20, 2e-20, 2e-20, -1
0.474417, 0.495862, 0.749981, 0.05, -0.188772, -0.0633092, 0.18772, 0.273646, 1008.68, 13893.8, 10, 2e-20, 3e-20, 2e-20, 2e-20, -1
0.471704, 0.496536, 0.808235, 0.05, -0.112971, -0.071514, 0.101116, 0.167634, 1007.8, 12482.5, 10, 2e-20, 3e-20, 2e-20, 2e-20, -1
0.373903, 0.496327, 0.764184, 0.05, 0.00925317, -0.00239184, -0.0967238, 0.0971948, 1004.18, 6688.4, 10, 2e-20, 3e-20, 2e-20, 2e-20, -1
0.423517, 0.495319, 0.77095, 0.05, -0.105361, -0.0899357, 0.0806872, 0.160312, 1003.46, 5537.14, 10, 2e-20, 3e-20, 2e-20, 2e-20, -1
1.0012, -0.47369, 1.39764, 0.05, -0.400811, 0.179022, -0.0609035, 0.443179, 993.967, -9652.83, 10, 2e-20, 3e-20, 2e-20, 2e-20, -1
0.437858, 0.50002, 0.877869, 0.05, 0.0607455, -0.0273902, 0.0101261, 0.0674002, 1004.71, 7531.39, 10, 2e-20, 3e-20, 2e-20, 2e-20, -1
0.439057, 0.44939, 0.784535, 0.05, -0.0184809, -0.0529334, -0.0285945, 0.0629376, 1006.26, 10010.9, 10, 2e-20, 3e-20, 2e-20, 2e-20, -1
0.500786, -0.485118, 1.45887, 0.05, -0.277569, -0.298724, -0.103226, 0.420637, 993.319, -10690.1, 10, 2e-20, 3e-20, 2e-20, 2e-20, -1
0.440702, 0.501477, 1.00515, 0.05, -0.0836109, -0.00108457, 0.023421, 0.086836, 1002.39, 3822.48, 10, 2e-20, 3e-20, 2e-20, 2e-20, -1
0.389206, 0.494225, 1.19325, 0.05, 0.0900004, -0.0799649, 0.0884564, 0.149395, 1003.5, 5600.5, 10, 2e-20, 3e-20, 2e-20, 2e-20, -1
0.458262, 0.501627, 1.18082, 0.05, -0.0558273, -0.0369958, 0.08921, 0.111552, 1002.86, 4579.8, 10, 2e-20, 3e-20, 2e-20, 2e-20, -1
0.325061, 0.479926, 1.31644, 0.05, -0.127842, 0.191012, 0.117544, 0.258158, 1003.45, 5526.6, 10, 2e-20, 3e-20, 2e-20, 2e-20, -1
0.627059, -0.366183, 1.37765, 0.05, -0.0683637, -0.0445296, -0.298956, 0.309889, 999.097, -1445.2, 10, 2e-20, 3e-20, 2e-20, 2e-20, -1
0.335927, 0.473352, 1.1872, 0.05, -0.0456114, -0.0338489, 0.172397, 0.181513, 1004.11, 6581.93, 10, 2e-20, 3e-20, 2e-20, 2e-20, -1
0.362557, 0.446389, 1.23483, 0.05, -0.0587516, 0.000688597, 0.0534385, 0.0794223, 998.925, -1719.82, 10, 2e-20, 3e-20, 2e-20, 2e-20, -1
0.328592, 0.402954, 1.27833, 0.05, -0.00580519, 0.147354, -0.0509064, 0.156008, 997.847, -3444.52, 10, 2e-20, 3e-20, 2e-20, 2e-20, -1
0.355542, 0.427093, 1.03692, 0.05, -0.151568, -0.00243088, -0.0636072, 0.164392, 1003.89, 6220.18, 10, 2e-20, 3e-20, 2e-20, 2e-20, -1
0.469763, 0.522143, 1.37341, 0.05, -0.0608464, -0.131323, 0.0604785, 0.156862, 1000.46, 731.232, 10, 2e-20, 3e-20, 2e-20, 2e-20, -1
0.336335, 0.439972, 1.22022, 0.05, -0.0593352, -0.00347756, 0.0233185, 0.0638475, 1004.55, 7281.94, 10, 2e-20, 3e-20, 2e-20, 2e-20, -1
0.208668, 0.383776, 1.26239, 0.05, -0.113777, 0.00244489, 0.0512349, 0.124805, 1003.94, 6299.56, 10, 2e-20, 3e-20, 2e-20, 2e-20, -1
0.516284, 0.502521, 1.40246, 0.05, -0.0192457, 0.108459, -0.0614189, 0.126119, 997.041, -4735, 10, 2e-20, 3e-20, 2e-20, 2e-20, -1
0.339348, 0.369026, 1.31239, 0.05, -0.137879, 0.0192663, 0.0999705, 0.171394, 1005.76, 9212.37, 10, 2e-20, 3e-20, 2e-20, 2e-20, -1
0.377044, 0.343143, 1.26237, 0.05, -0.191159, 0.000600627, 0.0202885, 0.192234, 1001.59, 2549.69, 10, 2e-20, 3e-20, 2e-20, 2e-20, -1
0.711312, 0.0635549, 1.34227, 0.05, -0.108024, -0.0479928, 0.0688667, 0.136803, 998.128, -2994.95, 10, 2e-20, 3e-20, 2e-20, 2e-20, -1
0.311643, 0.400786, 1.19352, 0.05, -0.174947, 0.0662393, -0.0597577, 0.19638, 1003.17, 5077.09, 10, 2e-20, 3e-20, 2e-20, 2e-20, -1
0.808887, -0.214838, 1.31061, 0.05, -0.332758, 0.0401657, -0.173951, 0.377624, 1002.21, 3534.7, 10, 2e-20, 3e-20, 2e-20, 2e-20, -1
0.503765, 0.322419, 1.31898, 0.05, -0.103277, -0.0577317, -0.108118, 0.160276, 1000.5, 801.649, 10, 2e-20, 3e-20, 2e-20, 2e-20, -1
0.470152, 0.511171, 1.4105, 0.05, -0.0251707, -0.0448888, -0.0318218, 0.0605078, 999.175, -1320.19, 10, 2e-20, 3e-20, 2e-20, 2e-20, -1
0.804639, -0.265536, 1.29286, 0.05, -0.376573, 0.0323009, -0.24825, 0.452193, 1001.92, 3072.89, 10, 2e-20, 3e-20, 2e-20, 2e-20, -1
0.634079, 0.50381, 1.36705, 0.05, -0.0555437, 0.0627724, -0.123547, 0.149297, 999.459, -865.926, 10, 2e-20, 3e-20, 2e-20, 2e-20, -1
0.785231, 0.380159, 1.15448, 0.05, -0.0987411, -0.0352057, -0.119538, 0.158992, 1003.88, 6208.32, 10, 2e-20, 3e-20, 2e-20, 2e-20, -1
0.747308, 0.335896, 1.25385, 0.05, -0.200511, -0.0895704, -0.242581, 0.32722, 993.788, -9938.6, 10, 2e-20, 3e-20, 2e-20, 2e-20, -1
0.541709, 0.383965, 1.36969, 0.05, -0.173328, -0.17088, -0.0290361, 0.245124, 1001.05, 1678, 10, 2e-20, 3e-20, 2e-20, 2e-20, -1
0.564584, 0.47205, 1.37808, 0.05, -0.0563503, -0.154059, 0.112823, 0.199094, 1000.4, 642.33, 10, 2e-20, 3e-20, 2e-20, 2e-20, -1
0.227091, 0.296407, 1.43271, 0.05, -0.0880596, -0.0746636, -0.0544966, 0.127668, 999.153, -1355.26, 10, 2e-20, 3e-20, 2e-20, 2e-20, -1
0.479381, -0.449956, 0.0545076, 0.05, -0.12274, -0.0292797, 0.00509116, 0.126287, 1016.81, 26894.4, 10, 2e-20, 3e-20, 2e-20, 2e-20, -1
0.419555, -0.496755, 0.095769, 0.05, -0.129048, -0.189402, 0.0731353, 0.240573, 1015, 23993.4, 10, 2e-20, 3e-20, 2e-20, 2e-20, -1
0.481308, -0.489809, 0.208855, 0.05, 0.0424666, 0.0898923, 0.112981, 0.150495, 1011.78, 18853.4, 10, 2e-20, 3e-20, 2e-20, 2e-20, -1
0.445826, -0.494046, 0.248026, 0.05, -0.0462237, 0.0709767, 0.24011, 0.254612, 1012.86, 20583.4, 10, 2e-20, 3e-20, 2e-20, 2e-20, -1
0.543776, -0.500907, 0.315247, 0.05, -0.0441838, 0.0463168, -0.017065, 0.066247, 1010.83, 17325.2, 10, 2e-20, 3e-20, 2e-20, 2e-20, -1
0.489358, -0.494624, 0.357807, 0.05, -0.133544, -0.052017, 0.0334678, 0.147173, 1021.03, 33648.5, 10, 2e-20, 3e-20, 2e-20, 2e-20, -1
0.422021, -0.498866, 0.488087, 0.05, -0.236133, 0.0460489, 0.192882, 0.308355, 1015.23, 24367.7, 10, 2e-20, 3e-20, 2e-20, 2e-20, -1
0.346609, -0.496808, 0.466593, 0.05, 0.0873509, 0.0634787, 0.0782805, 0.13337, 1012.7, 20313.4, 10, 2e-20, 3e-20, 2e-20, 2e-20, -1
0.422817, -0.485509, 0.560372, 0.05, 0.115982, -0.0160444, 0.117642, 0.165978, 997.654, -3752.83, 10, 2e-20, 3e-20, 2e-20, 2e-20, -1
0.469831, -0.49812, 0.54224, 0.05, -0.0783632, -0.0624322, 0.103518, 0.144065, 1011.19, 17909.2, 10, 2e-20, 3e-20, 2e-20, 2e-20, -1
0.442518, -0.495468, 0.612308, 0.05, -0.00938598, -0.0935436, -0.0556284, 0.109238, 1009.36, 14982.7, 10, 2e-20, 3e-20, 2e-20, 2e-20, -1
0.457315, -0.481371, 0.661072, 0.05, 0.0904579, 0.0860832, 0.0581069, 0.137729, 1000.57, 911.852, 10, 2e-20, 3e-20, 2e-20, 2e-20, -1
0.491221, -0.49335, 0.746823, 0.05, -0.0311008, -0.0145533, 0.194248, 0.19726, 1012.63, 20213.4, 10, 2e-20, 3e-20, 2e-20, 2e-20, -1
0.498772, -0.496558, 0.660927, 0.05, -0.0267892, 0.0178321, -0.0449148, 0.0552538, 1007.96, 12730.7, 10, 2e-20, 3e-20, 2e-20, 2e-20, -1
0.398904, -0.498207, 0.735563, 0.05, 0.0613541, -0.0196206, 0.224664, 0.233716, 1006.64, 10631, 10, 2e-20, 3e-20, 2e-20, 2e-20, -1
0.447485, -0.4952, 0.784237, 0.05, -0.098988, 0.0222763, 0.110907, 0.150317, 1013.76, 22008.6, 10, 2e-20, 3e-20, 2e-20, 2e-20, -1
0.50849, -0.456119, 0.78455, 0.05, 0.096589, 0.0108612, 0.0674741, 0.118322, 1003.96, 6332.93, 10, 2e-20, 3e-20, 2e-20, 2e-20, -1
0.40168, -0.468444, 0.865665, 0.05, -0.0611779, -0.157409, 0.254787, 0.305674, 1005.99, 9589.15, 10, 2e-20, 3e-20, 2e-20, 2e-20, -1
0.563504, -0.452869, 0.774943, 0.05, -0.0448502, -0.0920934, 0.102742, 0.145082, 1006.47, 10357.5, 10, 2e-20, 3e-20, 2e-20, 2e-20, -1
0.509329, -0.455051, 0.868833, 0.05, -0.25182, -0.0896605, 0.205639, 0.337253, 1003.38, 5401.75, 10, 2e-20, 3e-20, 2e-20, 2e-20, -1
0.406696, -0.497739, 1.20321, 0.05, -0.143234, 0.0430933, -0.0101642, 0.149921, 1007.09, 11340.5, 10, 2e-20, 3e-20, 2e-20, 2e-20, -1
0.480042, -0.500202, 0.974083, 0.05, 0.0488435, -0.0023308, 0.0194879, 0.0526393, 1006.18, 9895.59, 10, 2e-20, 3e-20, 2e-20, 2e-20, -1
0.428006, -0.497668, 0.914254, 0.05, -0.0587211, -0.0421176, 0.0430077, 0.0840935, 1004.22, 6755.78, 10, 2e-20, 3e-20, 2e-20, 2e-20, -1
0.626673, -0.500916, 1.12399, 0.05, 0.0230042, 0.0227287, 0.0544499, 0.0633292, 1001.7, 2719.95, 10, 2e-20, 3e-20, 2e-20, 2e-20, -1
0.380785, -0.465358, 1.13263, 0.05, -0.147807, -0.0850269, 0.213788, 0.273463, 1000.6, 956.319, 10, 2e-20, 3e-20, 2e-20, 2e-20, -1
0.504326, -0.390228, 0.913764, 0.05, -0.0837861, 0.0299587, 0.0274114, 0.0931076, 1004.84, 7739.49, 10, 2e-20, 3e-20, 2e-20, 2e-20, -1
0.450263, -0.467732, 0.997033, 0.05, -0.127549, 0.086151, 0.212418, 0.26232, 1006.12, 9796.13, 10, 2e-20, 3e-20, 2e-20, 2e-20, -1
0.484229, -0.402875, 1.02098, 0.05, -0.14307, -0.043232, 0.168182, 0.224996, 1000.2, 325.567, 10, 2e-20, 3e-20, 2e-20, 2e-20, -1
0.475968, -0.493117, 1.34397, 0.05, -0.0531885, 0.0185405, -0.101842, 0.116381, 1006.13, 9802.5, 10, 2e-20, 3e-20, 2e-20, 2e-20, -1
0.361629, -0.438334, 1.2906, 0.05, -0.119961, 0.269481, 0.306433, 0.425337, 998.065, -3095.75, 10, 2e-20, 3e-20, 2e-20, 2e-20, -1
0.413069, -0.449962, 1.17266, 0.05, -0.238358, -0.0767982, 0.233586, 0.342454, 1001.22, 1958.88, 10, 2e-20, 3e-20, 2e-20, 2e-20, -1
0.372053, -0.452922, 1.38762, 0.05, -0.163485, -0.0729494, -0.157303, 0.238313, 997.306, -4310.27, 10, 2e-20, 3e-20, 2e-20, 2e-20, -1
0.414874, -0.440531, 1.07491, 0.05, -0.0378967, -0.0934125, 0.0852704, 0.132034, 1002.25, 3606.69, 10, 2e-20, 3e-20, 2e-20, 2e-20, -1
0.692694, -0.380356, 1.33922, 0.05, -0.231746, 0.0874006, -0.0289047, 0.249361, 994.931, -8110.01, 10, 2e-20, 3e-20, 2e-20, 2e-20, -1
0.332666, -0.464337, 1.37281, 0.05, -0.0126414, -0.0809364, 0.0713538, 0.108636, 999.969, -50.3604, 10, 2e-20, 3e-20, 2e-20, 2e-20, -1
0.421873, -0.336695, 1.02535, 0.05, -0.0184785, 0.0280307, 0.0968354, 0.10249, 1004.64, 7417.72, 10, 2e-20, 3e-20, 2e-20, 2e-20, -1
0.364666, -0.371351, 1.4613, 0.05, -0.419379, -0.0717231, -0.163511, 0.455806, 1005.2, 8313.02, 10, 2e-20, 3e-20, 2e-20, 2e-20, -1
0.404096, -0.362458, 1.30492, 0.05, -0.193966, 0.0426073, 0.102041, 0.223273, 998.654, -2153.93, 10, 2e-20, 3e-20, 2e-20, 2e-20, -1
0.435877, -0.439053, 1.42003, 0.05, -0.0904168, -0.0419076, -0.23528, 0.255515, 999.89, -175.934, 10, 2e-20, 3e-20, 2e-20, 2e-20, -1
0.402488, -0.366247, 1.13466, 0.05, -0.0834782, -0.00288117, 0.198558, 0.215412, 1003.91, 6256.86, 10, 2e-20, 3e-20, 2e-20, 2e-20, -1
0.403682, -0.308559, 1.09574, 0.05, 0.0407622, -0.137296, -0.0167478, 0.144195, 1002.56, 4100.44, 10, 2e-20, 3e-20, 2e-20, 2e-20, -1
0.431532, -0.186014, 1.42939, 0.05, -0.172095, 0.193286, -0.0983603, 0.276859, 1002.15, 3441.66, 10, 2e-20, 3e-20, 2e-20, 2e-20, -1
0.482079, -0.511589, 1.41404, 0.05, -0.00697558, -0.156437, -0.173561, 0.233762, 998.57, -2287.63, 10, 2e-20, 3e-20, 2e-20, 2e-20, -1
0.593759, -0.45974, 1.38902, 0.05, 0.109453, 0.0773916, -0.0980056, 0.166056, 995.042, -7932.75, 10, 2e-20, 3e-20, 2e-20, 2e-20, -1
0.611714, -0.439756, 1.33849, 0.05, -0.165078, 0.120368, -0.0576914, 0.212291, 1000.49, 777.057, 10, 2e-20, 3e-20, 2e-20, 2e-20, -1
0.338139, -0.511524, 1.38839, 0.05, -0.134295, 0.0272114, -0.238536, 0.27509, 1004.73, 7564.26, 10, 2e-20, 3e-20, 2e-20, 2e-20, -1
0.534789, -0.239129, 1.34093, 0.05, -0.0737754, 0.0516867, -0.0818172, 0.12169, 1000.03, 52.3607, 10, 2e-20, 3e-20, 2e-20, 2e-20, -1
0.421406, -0.520401, 1.38722, 0.05, -0.26621, 0.343006, -0.0359199, 0.435673, 1002.78, 4447.3, 10, 2e-20, 3e-20, 2e-20, 2e-20, -1
0.324635, -0.326517, 1.45374, 0.05, -0.207578, 0.0538644, 0.112524, 0.242181, 1001.26, 2017.86, 10, 2e-20, 3e-20, 2e-20, 2e-20, -1
0.376261, -0.288124, 1.35551, 0.05, -0.303322, -0.228946, -0.048915, 0.383162, 1000.5, 807.029, 10, 2e-20, 3e-20, 2e-20, 2e-20, -1
0.283111, -0.242276, 1.39128, 0.05, -0.251497, 0.118308, 0.237153, 0.365361, 999.963, -59.7772, 10, 2e-20, 3e-20, 2e-20, 2e-20, -1
0.420202, -0.450165, 0.0502239, 0.05, -0.0919614, 0.0586001, 0.0794235, 0.134904, 1007.56, 12094.1, 10, 2e-20, 3e-20, 2e-20, 2e-20, -1
0.501132, -0.496475, 0.109263, 0.05, 0.126137, 0.101181, 0.0476841, 0.168588, 1010.31, 16501.7, 10, 2e-20, 3e-20, 2e-20, 2e-20, -1
0.538311, -0.442942, 0.108392, 0.05, 0.107016, 0.0820145, -0.120297, 0.180694, 1011.05, 17683.4, 10, 2e-20, 3e-20, 2e-20, 2e-20, -1
0.461581, -0.442631, 0.177221, 0.05, 0.124394, 0.130628, -0.161272, 0.241963, 1011.34, 18137.3, 10, 2e-20, 3e-20, 2e-20, 2e-20, -1
0.559125, -0.457808, 0.205367, 0.05, -0.076306, -0.0308409, 0.0848257, 0.118191, 1006.44, 10300.3, 10, 2e-20, 3e-20, 2e-20, 2e-20, -1
0.543718, -0.466971, 0.289689, 0.05, 0.0927778, 0.0527701, 0.0312979, 0.111229, 1006.74, 10782.4, 10, 2e-20, 3e-20, 2e-20, 2e-20, -1
0.497582, -0.436625, 0.277485, 0.05, 0.067859, 0.0546264, 0.0476626, 0.0993006, 1008.83, 14130.1, 10, 2e-20, 3e-20, 2e-20, 2e-20, -1
0.466677, -0.481498, 0.465648, 0.05, -0.0670334, 0.0148819, 0.09804, 0.119695, 1000.73, 1175, 10, 2e-20, 3e-20, 2e-20, 2e-20, -1
0.510594, -0.429907, 0.357279, 0.05, 0.0805234, 0.156874, -0.0686022, 0.189208, 1002.3, 3683, 10, 2e-20, 3e-20, 2e-20, 2e-20, -1
0.483408, -0.43742, 0.469295, 0.05, -0.0437274, 0.0181044, -0.0168696, 0.0502438, 1003.84, 6145.13, 10, 2e-20, 3e-20, 2e-20, 2e-20, -1
0.483857, -0.430102, 0.40247, 0.05, 0.024808, 0.00363127, 0.068098, 0.0725669, 1003.55, 5678.87, 10, 2e-20, 3e-20, 2e-20, 2e-20, -1
0.444032, -0.45723, 0.511032, 0.05, 0.00716014, -0.08707, 0.0484015, 0.0998757, 1003.86, 6175.89, 10, 2e-20, 3e-20, 2e-20, 2e-20, -1
0.473582, -0.406157, 0.359767, 0.05, -0.0693621, 0.112667, 0.0984902, 0.16494, 1003.46, 5532.53, 10, 2e-20, 3e-20, 2e-20, 2e-20, -1
0.419562, -0.445635, 0.587632, 0.05, 0.0300825, 0.0233697, 0.144911, 0.149835, 1002.13, 3405.23, 10, 2e-20, 3e-20, 2e-20, 2e-20, -1
0.474999, -0.43674, 0.650355, 0.05, 0.0480307, 0.0191235, -0.0671282, 0.0847281, 1002.07, 3319.79, 10, 2e-20, 3e-20, 2e-20, 2e-20, -1
0.452243, -0.409711, 0.514827, 0.05, -0.0843676, -0.0577029, 0.0580565, 0.11755, 1005.02, 8032.11, 10, 2e-20, 3e-20, 2e-20, 2e-20, -1
0.463371, -0.427171, 0.592938, 0.05, -0.0563315, 0.00991888, 0.0473401, 0.0742475, 1004.12, 6592.71, 10, 2e-20, 3e-20, 2e-20, 2e-20, -1
0.520251, -0.440882, 0.646614, 0.05, -0.0271456, 0.0120402, -0.00420708, 0.0299925, 1004.78, 7651.05, 10, 2e-20, 3e-20, 2e-20, 2e-20, -1
0.448112, -0.366777, 0.472401, 0.05, -0.0410749, -0.0368593, 0.0842831, 0.100744, 1005.78, 9247.42, 10, 2e-20, 3e-20, 2e-20, 2e-20, -1
0.416925, -0.400285, 0.552957, 0.05, 0.0704847, 0.0410818, 0.00926914, 0.082108, 1004.31, 6900.55, 10, 2e-20, 3e-20, 2e-20, 2e-20, -1
0.481476, -0.447005, 0.701528, 0.05, -0.0407867, -0.0620155, 0.0208275, 0.0770926, 1002.64, 4226.47, 10, 2e-20, 3e-20, 2e-20, 2e-20, -1
0.43833, -0.448319, 0.733646, 0.05, -0.0889714, -0.00580029, 0.011182, 0.0898587, 1003.7, 5924.36, 10, 2e-20, 3e-20, 2e-20, 2e-20, -1
0.465574, -0.418658, 0.744843, 0.05, -0.0301016, 0.0993998, -0.0567671, 0.118359, 1000.72, 1158.93, 10, 2e-20, 3e-20, 2e-20, 2e-20, -1
0.453784, -0.408827, 0.693721, 0.05, -0.0123616, 0.0642586, 0.00996074, 0.0661906, 1001.7, 2724.49, 10, 2e-20, 3e-20, 2e-20, 2e-20, -1
0.476531, -0.420412, 0.849433, 0.05, -0.0771784, 0.0118542, 0.0334754, 0.0849566, 1001.02, 1639.56, 10, 2e-20, 3e-20, 2e-20, 2e-20, -1
0.422335, -0.430877, 0.833187, 0.05, 0.00533097, -0.0739143, 0.105547, 0.128965, 1001.88, 3013.28, 10, 2e-20, 3e-20, 2e-20, 2e-20, -1
0.458742, -0.426955, 0.938934, 0.05, -0.0700772, 0.0143479, -0.00358547, 0.0716208, 1005.59, 8951.01, 10, 2e-20, 3e-20, 2e-20, 2e-20, -1
0.468141, -0.376537, 0.772439, 0.05, -0.0243777, -0.00998178, 0.0690879, 0.0739395, 1003.46, 5530.12, 10, 2e-20, 3e-20, 2e-20, 2e-20, -1
0.456774, -0.444027, 1.05084, 0.05, 0.0166382, -0.0194127, 0.169092, 0.171014, 1004.8, 7686.05, 10, 2e-20, 3e-20, 2e-20, 2e-20, -1
0.434725, -0.397966, 0.866836, 0.05, -0.0636551, -0.0161163, 0.0393051, 0.0765285, 1005.9, 9442.66, 10, 2e-20, 3e-20, 2e-20, 2e-20, -1
0.473638, -0.369094, 0.961138, 0.05, -0.0734962, -0.0815895, 0.0417793, 0.117491, 1004, 6407.4, 10, 2e-20, 3e-20, 2e-20, 2e-20, -1
0.454364, -0.381652, 0.820547, 0.05, -0.0450522, -0.0818, -0.0211162, 0.0957436, 1004.74, 7580.64, 10, 2e-20, 3e-20, 2e-20, 2e-20, -1
0.461495, -0.385276, 0.90358, 0.05, -0.0243103, -0.0700835, 0.0829197, 0.111258, 1001.6, 2554.05, 10, 2e-20, 3e-20, 2e-20, 2e-20, -1
0.497749, -0.347663, 0.884622, 0.05, -0.0292659, -0.0231271, 0.0828281, 0.0908397, 998.925, -1720.44, 10, 2e-20, 3e-20, 2e-20, 2e-20, -1
0.367607, -0.450683, 1.19388, 0.05, -0.0454268, -0.147962, 0.0491792, 0.162404, 1006.26, 10019.9, 10, 2e-20, 3e-20, 2e-20, 2e-20, -1
0.359234, -0.423603, 1.1344, 0.05, -0.0636295, -0.209204, 0.124282, 0.251517, 1001.06, 1700.91, 10, 2e-20, 3e-20, 2e-20, 2e-20, -1
0.426022, -0.379725, 0.994914, 0.05, -0.120411, -0.0229632, 0.0537191, 0.133835, 995.997, -6405.03, 10, 2e-20, 3e-20, 2e-20, 2e-20, -1
0.450864, -0.323762, 0.973822, 0.05, -0.0899002, -0.00693681, 0.107747, 0.140498, 1002.26, 3620.19, 10, 2e-20, 3e-20, 2e-20, 2e-20, -1
0.417271, -0.399469, 1.27627, 0.05, -0.239078, -0.266986, 0.0286229, 0.359526, 1006.91, 11058.4, 10, 2e-20, 3e-20, 2e-20, 2e-20, -1
0.3922, -0.382799, 1.04239, 0.05, -0.0140886, 0.0594569, 0.0342694, 0.0700571, 1005.6, 8964.64, 10, 2e-20, 3e-20, 2e-20, 2e-20, -1
0.375296, -0.397058, 1.24642, 0.05, -0.102896, -0.0959756, 0.113354, 0.180688, 996.14, -6175.4, 10, 2e-20, 3e-20, 2e-20, 2e-20, -1
0.360866, -0.381738, 1.13618, 0.05, -0.129106, 0.06717, 0.142673, 0.203803, 1002.46, 3931.8, 10, 2e-20, 3e-20, 2e-20, 2e-20, -1
0.385107, -0.400995, 1.1798, 0.05, -0.0216647, -0.0594765, 0.107546, 0.124791, 1007.19, 11496.3, 10, 2e-20, 3e-20, 2e-20, 2e-20, -1
0.416229, -0.184861, 1.09043, 0.05, -0.102802, -0.0223886, 0.118088, 0.158159, 997.26, -4383.54, 10, 2e-20, 3e-20, 2e-20, 2e-20, -1
0.385839, -0.313761, 1.13712, 0.05, -0.0829871, -0.128562, 0.0617025, 0.164992, 1001.97, 3155.02, 10, 2e-20, 3e-20, 2e-20, 2e-20, -1
0.394296, -0.233038, 1.0961, 0.05, -0.113912, -0.0374877, 0.103923, 0.158686, 1004.79, 7668.26, 10, 2e-20, 3e-20, 2e-20, 2e-20, -1
0.396487, -0.273308, 1.14463, 0.05, -0.0576836, 0.0988809, 0.0486569, 0.124388, 998.267, -2772.61, 10, 2e-20, 3e-20, 2e-20, 2e-20, -1
0.36306, -0.251035, 1.17595, 0.05, -0.133161, 0.0654221, 0.044682, 0.154946, 998.811, -1902.82, 10, 2e-20, 3e-20, 2e-20, 2e-20, -1
0.331359, -0.302539, 1.24642, 0.05, -0.12301, -0.190385, 0.166737, 0.281388, 1001.99, 3188.74, 10, 2e-20, 3e-20, 2e-20, 2e-20, -1
0.35677, -0.25814, 1.22915, 0.05, -0.186324, -0.0215731, 0.00104368, 0.187572, 997.486, -4022.57, 10, 2e-20, 3e-20, 2e-20, 2e-20, -1
0.18187, -0.224597, 1.38628, 0.05, -0.141857, 0.0875786, 0.313179, 0.354788, 999.727, -436.672, 10, 2e-20, 3e-20, 2e-20, 2e-20, -1
0.544513, -0.4054, 0.0627133, 0.05, 0.115107, -0.291717, -0.175896, 0.359566, 1009.9, 15838.2, 10, 2e-20, 3e-20, 2e-20, 2e-20, -1
0.469324, -0.497018, 0.115759, 0.05, -0.135745, -0.00515497, -0.0730222, 0.154225, 1007.87, 12599.7, 10, 2e-20, 3e-20, 2e-20, 2e-20, -1
0.502294, -0.430831, 0.0979956, 0.05, 0.0385076, 0.0339709, -0.243645, 0.248997, 1011, 17602.7, 10, 2e-20, 3e-20, 2e-20, 2e-20, -1
0.537375, -0.390376, 0.0999789, 0.05, 0.203237, 0.035344, -0.173862, 0.269783, 1009.39, 15018.9, 10, 2e-20, 3e-20, 2e-20, 2e-20, -1
0.501792, -0.448463, 0.146154, 0.05, 0.193124, -0.176082, -0.0273421, 0.262772, 1011.53, 18447.8, 10, 2e-20, 3e-20, 2e-20, 2e-20, -1
0.516483, -0.439142, 0.188287, 0.05, 0.028756, 0.10781, 0.0963406, 0.147416, 1006.68, 10686.8, 10, 2e-20, 3e-20, 2e-20, 2e-20, -1
0.479784, -0.33628, 0.153915, 0.05, -0.0877973, 0.0425276, 0.0598068, 0.114428, 1010.51, 16822.3, 10, 2e-20, 3e-20, 2e-20, 2e-20, -1
0.494872, -0.397372, 0.206812, 0.05, -0.0206521, 0.156599, -0.227505, 0.276963, 1009.55, 15279.8, 10, 2e-20, 3e-20, 2e-20, 2e-20, -1
0.525453, -0.45216, 0.324619, 0.05, 0.0328964, 0.00133081, 0.0746333, 0.0815725, 1005.79, 9271.41, 10, 2e-20, 3e-20, 2e-20, 2e-20, -1
0.468429, -0.397516, 0.279306, 0.05, -0.0633596, 0.0677363, 0.0538044, 0.107227, 1010.24, 16390, 10, 2e-20, 3e-20, 2e-20, 2e-20, -1
0.443957, -0.451145, 0.359175, 0.05, 0.0129126, 0.0385188, 0.0495323, 0.0640616, 1004.86, 7779.31, 10, 2e-20, 3e-20, 2e-20, 2e-20, -1
0.473197, -0.439537, 0.319882, 0.05, -0.102241, 0.0739512, 0.020926, 0.127906, 1006.52, 10436.8, 10, 2e-20, 3e-20, 2e-20, 2e-20, -1
0.467961, -0.357253, 0.310554, 0.05, -0.0298949, -0.0758882, 0.0210542, 0.0842378, 1005.85, 9360.52, 10, 2e-20, 3e-20, 2e-20, 2e-20, -1
0.459427, -0.315371, 0.296729, 0.05, 0.0172795, 0.0453286, -0.171145, 0.177888, 1006.91, 11051.9, 10, 2e-20, 3e-20, 2e-20, 2e-20, -1
0.452686, -0.394947, 0.40766, 0.05, -0.0132207, -0.0107359, 0.025327, 0.0305205, 1007.27, 11629.5, 10, 2e-20, 3e-20, 2e-20, 2e-20, -1
0.493102, -0.356633, 0.373072, 0.05, 0.0285701, -0.083212, 0.029426, 0.0927706, 1007.72, 12344.9, 10, 2e-20, 3e-20, 2e-20, 2e-20, -1
0.471586, -0.388546, 0.443236, 0.05, 0.0034623, -0.0961469, -0.0461231, 0.106694, 1002.15, 3436.73, 10, 2e-20, 3e-20, 2e-20, 2e-20, -1
0.452484, -0.345136, 0.419018, 0.05, -0.030811, -0.064351, -0.0295196, 0.0772126, 1008.3, 13279.5, 10, 2e-20, 3e-20, 2e-20, 2e-20, -1
0.491873, -0.317126, 0.412698, 0.05, 0.0328419, -0.0484544, 0.0634715, 0.0863426, 1005.45, 8716.25, 10, 2e-20, 3e-20, 2e-20, 2e-20, -1
0.44211, -0.313416, 0.459753, 0.05, 0.00347067, 0.0181262, 0.0470678, 0.0505567, 1005.23, 8372.28, 10, 2e-20, 3e-20, 2e-20, 2e-20, -1
0.476205, -0.38676, 0.557415, 0.05, -0.123366, -0.00389687, 0.00461133, 0.123513, 1009.49, 15189.7, 10, 2e-20, 3e-20, 2e-20, 2e-20, -1
0.424381, -0.440379, 0.684238, 0.05, -0.058151, 0.0200443, 0.0870895, 0.10662, 1003.61, 5782.02, 10, 2e-20, 3e-20, 2e-20, 2e-20, -1
0.446681, -0.389723, 0.644515, 0.05, -0.075179, -0.00938623, -0.00870938, 0.0762617, 1007.99, 12783.4, 10, 2e-20, 3e-20, 2e-20, 2e-20, -1
0.471712, -0.34617, 0.627353, 0.05, 0.0818819, 0.00271506, 0.0122137, 0.0828323, 1002.73, 4368.14, 10, 2e-20, 3e-20, 2e-20, 2e-20, -1
0.451067, -0.294825, 0.594535, 0.05, -0.0716322, 0.0165392, 0.0296165, 0.0792581, 1006.75, 10794.2, 10, 2e-20, 3e-20, 2e-20, 2e-20, -1
0.485323, -0.298563, 0.645614, 0.05, 0.0522637, -0.0579544, -0.0753301, 0.108466, 1005.04, 8067.71, 10, 2e-20, 3e-20, 2e-20, 2e-20, -1
0.454804, -0.273519, 0.643787, 0.05, -0.0544585, -0.0630328, 0.00164548, 0.0833161, 1003.96, 6331.11, 10, 2e-20, 3e-20, 2e-20, 2e-20, -1
0.519416, -0.23104, 0.604903, 0.05, -0.0365966, 0.00646853, 0.0938411, 0.100932, 1004.55, 7283.43, 10, 2e-20, 3e-20, 2e-20, 2e-20, -1
0.498375, -0.392023, 0.715211, 0.05, 0.00106394, -0.0343167, 0.0428498, 0.0549078, 1004.46, 7142.3, 10, 2e-20, 3e-20, 2e-20, 2e-20, -1
0.464778, -0.3537, 0.689103, 0.05, -0.0435723, -0.0993628, -0.00254469, 0.108526, 1004.54, 7269.39, 10, 2e-20, 3e-20, 2e-20, 2e-20, -1
0.469948, -0.330166, 0.738447, 0.05, -0.0524477, 0.00519376, 0.114826, 0.126344, 1004.7, 7513.71, 10, 2e-20, 3e-20, 2e-20, 2e-20, -1
0.451652, -0.298565, 0.698753, 0.05, 0.0346525, 0.066315, -0.00891404, 0.0753521, 1003.99, 6386.98, 10, 2e-20, 3e-20, 2e-20, 2e-20, -1
0.499852, -0.33967, 0.778643, 0.05, -0.0229765, -0.019618, 0.0134666, 0.0330777, 1002.33, 3731.33, 10, 2e-20, 3e-20, 2e-20, 2e-20, -1
0.454674, -0.347038, 0.862084, 0.05, -0.0437842, -0.057962, 0.0585652, 0.0933088, 1002.12, 3395.29, 10, 2e-20, 3e-20, 2e-20, 2e-20, -1
0.463708, -0.411143, 0.979168, 0.05, -0.0685423, -0.0706045, 0.062786, 0.116727, 1003.21, 5134.79, 10, 2e-20, 3e-20, 2e-20, 2e-20, -1
0.459771, -0.294496, 0.831561, 0.05, -0.0410691, 0.0815365, -0.00386405, 0.0913772, 1007.99, 12783.2, 10, 2e-20, 3e-20, 2e-20, 2e-20, -1
0.462378, -0.335855, 0.921276, 0.05, -0.0657485, -0.0432194, 0.0415363, 0.0889722, 1000.97, 1552.04, 10, 2e-20, 3e-20, 2e-20, 2e-20, -1
0.429568, -0.317464, 0.896947, 0.05, -0.0575007, 0.0841552, 0.0198602, 0.103841, 1000.69, 1102.28, 10, 2e-20, 3e-20, 2e-20, 2e-20, -1
0.416441, -0.26093, 0.921843, 0.05, -0.0718305, -0.125071, -0.0687572, 0.159781, 1002.01, 3223.66, 10, 2e-20, 3e-20, 2e-20, 2e-20, -1
0.404506, -0.384435, 1.09124, 0.05, -0.044469, -0.0889256, 0.0583786, 0.115297, 999.61, -624.205, 10, 2e-20, 3e-20, 2e-20, 2e-20, -1
0.449644, -0.22962, 0.884841, 0.05, -0.170315, -0.202785, -0.00331235, 0.264839, 1005.09, 8138.05, 10, 2e-20, 3e-20, 2e-20, 2e-20, -1
0.438222, -0.281446, 0.962383, 0.05, -0.112871, -0.0783082, 0.0482586, 0.145606, 1003.42, 5467.6, 10, 2e-20, 3e-20, 2e-20, 2e-20, -1
0.416226, -0.231702, 0.976242, 0.05, -0.0763974, -0.0386958, 0.0532273, 0.100832, 1001.68, 2689.04, 10, 2e-20, 3e-20, 2e-20, 2e-20, -1
0.36563, -0.277412, 1.02334, 0.05, -0.102869, -0.114432, -0.0311263, 0.156989, 1005.06, 8099.99, 10, 2e-20, 3e-20, 2e-20, 2e-20, -1
0.362211, -0.250348, 1.06076, 0.05, -0.0321038, 0.0313642, 0.0382872, 0.0589939, 1002.01, 3219.91, 10, 2e-20, 3e-20, 2e-20, 2e-20, -1
0.375822, -0.180704, 1.1327, 0.05, -0.201285, 0.121758, 0.0569024, 0.24203, 1000.94, 1501.82, 10, 2e-20, 3e-20, 2e-20, 2e-20, -1
0.371017, -0.23305, 1.13603, 0.05, -0.0332824, -0.031323, 0.0281137, 0.0536584, 1003.34, 5349.72, 10, 2e-20, 3e-20, 2e-20, 2e-20, -1
0.333312, -0.28296, 1.14441, 0.05, -0.155245, -0.087434, 0.0352395, 0.181624, 1007.44, 11910.4, 10, 2e-20, 3e-20, 2e-20, 2e-20, -1
0.328353, -0.206816, 1.18266, 0.05, -0.0547423, -0.036994, 0.0991812, 0.119173, 1001.73, 2770.61, 10, 2e-20, 3e-20, 2e-20, 2e-20, -1
0.281366, -0.196026, 1.23575, 0.05, -0.198838, -0.0939957, 0.0413765, 0.223794, 998.942, -1692.9, 10, 2e-20, 3e-20, 2e-20, 2e-20, -1
0.143107, -0.104344, 1.31486, 0.05, -0.108329, 0.0693481, 0.170576, 0.213636, 999.741, -414.17, 10, 2e-20, 3e-20, 2e-20, 2e-20, -1
0.432914, -0.394241, 0.0507627, 0.05, -0.190279, -0.0727946, 0.0593821, 0.212206, 1016.43, 26294.7, 10, 2e-20, 3e-20, 2e-20, 2e-20, -1
0.58218, -0.332777, 0.148667, 0.05, 0.11672, 0.0972966, 0.00279554, 0.15198, 1005.55, 8875.89, 10, 2e-20, 3e-20, 2e-20, 2e-20, -1
0.546847, -0.344309, 0.0985491, 0.05, -0.0204226, 0.141468, -0.122833, 0.188463, 1006.06, 9702.31, 10, 2e-20, 3e-20, 2e-20, 2e-20, -1
0.515604, -0.279779, 0.178614, 0.05, -0.0378449, -0.045134, -0.0290476, 0.065674, 1000.13, 201.448, 10, 2e-20, 3e-20, 2e-20, 2e-20, -1
0.539417, -0.347722, 0.153295, 0.05, -0.0156801, 0.00417157, -0.0433985, 0.0463324, 1006.73, 10762.7, 10, 2e-20, 3e-20, 2e-20, 2e-20, -1
0.527056, -0.31167, 0.141528, 0.05, 0.0163367, 0.15135, -0.119857, 0.19375, 1004.52, 7228.08, 10, 2e-20, 3e-20, 2e-20, 2e-20, -1
0.47938, -0.286566, 0.135264, 0.05, 0.0918058, 0.00024685, -0.0262654, 0.0954895, 1007.22, 11556.3, 10, 2e-20, 3e-20, 2e-20, 2e-20, -1
0.508987, -0.347962, 0.192173, 0.05, -0.141312, -0.0190496, -0.0228286, 0.144406, 1011, 17598.3, 10, 2e-20, 3e-20, 2e-20, 2e-20, -1
0.546115, -0.418812, 0.274288, 0.05, 0.0295328, -0.00720823, 0.216994, 0.219113, 1005.68, 9081.96, 10, 2e-20, 3e-20, 2e-20, 2e-20, -1
0.518737, -0.384278, 0.265431, 0.05, -0.0361993, -0.0342733, 0.0160793, 0.0523794, 1005.41, 8660.35, 10, 2e-20, 3e-20, 2e-20, 2e-20, -1
0.472561, -0.329327, 0.237924, 0.05, -0.111597, -0.117534, 0.0198514, 0.163286, 1006.85, 10967.4, 10, 2e-20, 3e-20, 2e-20, 2e-20, -1
0.48742, -0.243585, 0.22857, 0.05, 0.0294203, -0.0635184, -0.0214774, 0.0732218, 999.971, -45.9187, 10, 2e-20, 3e-20, 2e-20, 2e-20, -1
0.446276, -0.289932, 0.253282, 0.05, -0.122123, -0.146528, 0.0220134, 0.192014, 1001.09, 1743.18, 10, 2e-20, 3e-20, 2e-20, 2e-20, -1
0.473263, -0.254443, 0.276938, 0.05, 0.0441075, 0.050748, 0.0266238, 0.0723163, 1005.4, 8646.57, 10, 2e-20, 3e-20, 2e-20, 2e-20, -1
0.47529, -0.267719, 0.323179, 0.05, -0.0211304, -0.0304363, 0.0465065, 0.0594619, 1004, 6397.51, 10, 2e-20, 3e-20, 2e-20, 2e-20, -1
0.482488, -0.231351, 0.362207, 0.05, -0.105181, 0.0120589, -0.150423, 0.183944, 1006.84, 10941, 10, 2e-20, 3e-20, 2e-20, 2e-20, -1
0.489356, -0.283282, 0.370507, 0.05, 0.047018, -0.10056, -0.021281, 0.113031, 1006.45, 10321, 10, 2e-20, 3e-20, 2e-20, 2e-20, -1
0.530859, -0.242847, 0.390095, 0.05, 0.138582, -0.0216492, 0.0220906, 0.141992, 1008.5, 13598.7, 10, 2e-20, 3e-20, 2e-20, 2e-20, -1
0.491143, -0.270507, 0.426546, 0.05, -0.0120506, -0.14992, 0.159002, 0.218867, 1004.13, 6610.34, 10, 2e-20, 3e-20, 2e-20, 2e-20, -1
0.513199, -0.299906, 0.459978, 0.05, -0.174996, 0.0174857, -0.031479, 0.178663, 1007.63, 12201.9, 10, 2e-20, 3e-20, 2e-20, 2e-20, -1
0.521133, -0.343517, 0.481967, 0.05, -0.071608, 0.0465691, 0.0653183, 0.107531, 1004.78, 7651.5, 10, 2e-20, 3e-20, 2e-20, 2e-20, -1
0.47604, -0.327886, 0.485277, 0.05, 0.060279, 0.108101, 0.0317709, 0.127784, 1008.41, 13448.6, 10, 2e-20, 3e-20, 2e-20, 2e-20, -1
0.501792, -0.338744, 0.537148, 0.05, -0.0155732, -0.0229581, 0.0623117, 0.0682081, 1003.16, 5061.83, 10, 2e-20, 3e-20, 2e-20, 2e-20, -1
0.464846, -0.305043, 0.534071, 0.05, 0.00690154, 0.0132764, -0.0424991, 0.0450563, 1001.47, 2354.53, 10, 2e-20, 3e-20, 2e-20, 2e-20, -1
0.458859, -0.339568, 0.574577, 0.05, 0.0978614, -0.0410354, 0.0461877, 0.115733, 1007.39, 11829.3, 10, 2e-20, 3e-20, 2e-20, 2e-20, -1
0.435807, -0.323697, 0.6581, 0.05, -0.0536535, 0.00447898, -0.0441517, 0.0696286, 1000.95, 1525.74, 10, 2e-20, 3e-20, 2e-20, 2e-20, -1
0.446534, -0.247051, 0.590776, 0.05, -0.119037, 0.0489716, -0.0641434, 0.143814, 1008.28, 13244.4, 10, 2e-20, 3e-20, 2e-20, 2e-20, -1
0.512654, -0.189116, 0.591585, 0.05, -0.0569176, -0.0469533, -0.0582525, 0.0940084, 999.895, -168.265, 10, 2e-20, 3e-20, 2e-20, 2e-20, -1
0.469604, -0.222769, 0.624569, 0.05, 0.00175497, 0.0135715, 0.0215318, 0.0255124, 1001.17, 1878.87, 10, 2e-20, 3e-20, 2e-20, 2e-20, -1
0.509216, -0.205474, 0.650408, 0.05, 0.0112051, 0.0025151, 0.0207549, 0.0237201, 999.678, -515.738, 10, 2e-20, 3e-20, 2e-20, 2e-20, -1
0.505193, -0.251003, 0.656148, 0.05, 0.00768818, -0.00298089, 0.0298594, 0.0309771, 1008.38, 13413.8, 10, 2e-20, 3e-20, 2e-20, 2e-20, -1
0.493912, -0.276363, 0.715982, 0.05, -0.0208285, 0.0439905, 0.0704797, 0.0856527, 1006.69, 10698.5, 10, 2e-20, 3e-20, 2e-20, 2e-20, -1
0.422346, -0.31058, 0.738165, 0.05, -0.0336504, 0.0141947, 0.111659, 0.11748, 1004.18, 6686.59, 10, 2e-20, 3e-20, 2e-20, 2e-20, -1
0.481327, -0.289786, 0.770202, 0.05, -0.044258, 0.0157251, -0.0497497, 0.0684184, 1006.64, 10619.1, 10, 2e-20, 3e-20, 2e-20, 2e-20, -1
0.522718, -0.300826, 0.800989, 0.05, 0.0262285, 0.00916263, -0.0568137, 0.063243, 1002, 3202.81, 10, 2e-20, 3e-20, 2e-20, 2e-20, -1
0.499863, -0.254124, 0.809171, 0.05, -0.000689997, 0.0581731, 0.0975154, 0.113551, 1001.35, 2167.05, 10, 2e-20, 3e-20, 2e-20, 2e-20, -1
0.524897, -0.209834, 0.798164, 0.05, -0.0968877, -0.0267514, 0.0471547, 0.111024, 1007.77, 12424.7, 10, 2e-20, 3e-20, 2e-20, 2e-20, -1
0.488658, -0.264662, 0.86552, 0.05, -0.0745457, -0.025163, 0.0692247, 0.104796, 1004.19, 6706.6, 10, 2e-20, 3e-20, 2e-20, 2e-20, -1
0.536672, -0.190136, 0.852163, 0.05, 0.0470491, -0.019957, 0.0349598, 0.06192, 1002.57, 4114.7, 10, 2e-20, 3e-20, 2e-20, 2e-20, -1
0.493483, -0.20424, 0.861227, 0.05, -0.0497641, -0.130708, 0.011587, 0.14034, 998.727, -2037.28, 10, 2e-20, 3e-20, 2e-20, 2e-20, -1
0.503145, -0.145536, 0.871256, 0.05, 0.0764708, 0.029656, 0.0153841, 0.0834501, 1003.52, 5627.02, 10, 2e-20, 3e-20, 2e-20, 2e-20, -1
0.466046, -0.180937, 0.902455, 0.05, -0.0271681, -0.021807, 0.155873, 0.159719, 999.255, -1191.33, 10, 2e-20, 3e-20, 2e-20, 2e-20, -1
0.458454, -0.1463, 0.969654, 0.05, 0.0505248, -0.0465076, 0.0205498, 0.0716798, 1004.22, 6748.04, 10, 2e-20, 3e-20, 2e-20, 2e-20, -1
0.387911, -0.197104, 1.01225, 0.05, -0.161286, 0.142799, 0.0545238, 0.222211, 1003.57, 5717.82, 10, 2e-20, 3e-20, 2e-20, 2e-20, -1
0.395234, -0.150087, 1.07131, 0.05, -0.02264, -0.00709, 0.0742209, 0.0779204, 1001.4, 2238.33, 10, 2e-20, 3e-20, 2e-20, 2e-20, -1
0.365844, -0.175984, 1.08887, 0.05, -0.161567, -0.145362, 0.107036, 0.242262, 1001.93, 3087.63, 10, 2e-20, 3e-20, 2e-20, 2e-20, -1
0.317894, -0.152011, 1.18549, 0.05, -0.0718499, -0.0350334, 0.138716, 0.160099, 1001.6, 2555.35, 10, 2e-20, 3e-20, 2e-20, 2e-20, -1
0.342938, -0.244087, 1.10675, 0.05, -0.0654925, 0.0778503, 0.031144, 0.106395, 1000.3, 473.743, 10, 2e-20, 3e-20, 2e-20, 2e-20, -1
0.268932, -0.148541, 1.23909, 0.05, -0.2305, 0.0467025, 0.266796, 0.355656, 995.54, -7136.6, 10, 2e-20, 3e-20, 2e-20, 2e-20, -1
0.220713, -0.145281, 1.27889, 0.05, -0.108014, 0.00475236, 0.143553, 0.179714, 1001.45, 2319.41, 10, 2e-20, 3e-20, 2e-20, 2e-20, -1
0.203788, -0.0870178, 1.47032, 0.05, -0.147735, 0.196963, 0.789861, 0.827346, 1001.23, 1969.44, 10, 2e-20, 3e-20, 2e-20, 2e-20, -1
0.463372, -0.27421, 0.0508246, 0.05, -0.0819755, -0.0742563, 0.131334, 0.171705, 1014.7, 23516.7, 10, 2e-20, 3e-20, 2e-20, 2e-20, -1
0.58166, -0.342141, 0.100924, 0.05, 0.145311, -0.0493236, 0.202169, 0.253812, 1005.35, 8563.75, 10, 2e-20, 3e-20, 2e-20, 2e-20, -1
0.494031, -0.310596, 0.0948797, 0.05, -0.0393212, -0.0486062, 0.0232754, 0.0667118, 1007.42, 11874.7, 10, 2e-20, 3e-20, 2e-20, 2e-20, -1
0.565042, -0.256795, 0.0761841, 0.05, -0.0984676, 0.0146375, -0.0684725, 0.120825, 1006.47, 10350.3, 10, 2e-20, 3e-20, 2e-20, 2e-20, -1
0.513211, -0.273604, 0.0873411, 0.05, 0.0969373, -0.0330251, -0.0909498, 0.136965, 1007.34, 11738.4, 10, 2e-20, 3e-20, 2e-20, 2e-20, -1
0.483308, -0.240119, 0.13388, 0.05, 0.0350251, 0.0380992, -0.116191, 0.127195, 1010.26, 16414.1, 10, 2e-20, 3e-20, 2e-20, 2e-20, -1
0.519327, -0.20239, 0.138447, 0.05, 0.0295619, 0.109231, -0.0927173, 0.146294, 1011.31, 18094.5, 10, 2e-20, 3e-20, 2e-20, 2e-20, -1
0.52324, -0.140346, 0.120091, 0.05, -0.0437755, 0.11249, 0.0472764, 0.129635, 1009.55, 15288, 10, 2e-20, 3e-20, 2e-20, 2e-20, -1
0.47477, -0.266779, 0.179765, 0.05, 0.0120535, -0.00883396, 0.0322669, 0.0355595, 1002.18, 3482.17, 10, 2e-20, 3e-20, 2e-20, 2e-20, -1
0.507487, -0.168389, 0.178554, 0.05, -0.00343395, 0.0434311, -0.0456429, 0.0630977, 1004.85, 7756.65, 10, 2e-20, 3e-20, 2e-20, 2e-20, -1
0.452618, -0.299374, 0.202305, 0.05, -0.0330613, -0.164939, 0.0295908, 0.170803, 1006, 9601.3, 10, 2e-20, 3e-20, 2e-20, 2e-20, -1
0.495043, -0.219235, 0.181404, 0.05, -0.0309434, -0.0211551, 0.0607394, 0.0713744, 1008.97, 14358.6, 10, 2e-20, 3e-20, 2e-20, 2e-20, -1
0.505314, -0.187724, 0.225114, 0.05, 0.0337834, -0.0219748, 0.0794888, 0.0891217, 1003.66, 5860.48, 10, 2e-20, 3e-20, 2e-20, 2e-20, -1
0.520086, -0.211809, 0.265685, 0.05, -0.096099, 0.0182417, -0.0492154, 0.109499, 1004.91, 7852.93, 10, 2e-20, 3e-20, 2e-20, 2e-20, -1
0.536814, -0.242892, 0.297719, 0.05, -0.0515521, 0.0394261, 0.030818, 0.0718456, 1006.97, 11151.3, 10, 2e-20, 3e-20, 2e-20, 2e-20, -1
0.486918, -0.218589, 0.31108, 0.05, 0.00471355, 0.117694, -0.105888, 0.158387, 1011.05, 17682.5, 10, 2e-20, 3e-20, 2e-20, 2e-20, -1
0.533439, -0.212273, 0.336238, 0.05, -0.00407442, 0.037467, -0.00429648, 0.037932, 1005.21, 8340.26, 10, 2e-20, 3e-20, 2e-20, 2e-20, -1
0.507108, -0.172934, 0.330394, 0.05, -0.00337325, -0.0871733, -0.149976, 0.173503, 1011.5, 18392.3, 10, 2e-20, 3e-20, 2e-20, 2e-20, -1
0.483107, -0.22119, 0.413138, 0.05, -0.00669639, 0.0482303, 0.0614525, 0.0784054, 1006.06, 9702.56, 10, 2e-20, 3e-20, 2e-20, 2e-20, -1
0.553759, -0.218485, 0.426166, 0.05, -0.0762706, 0.0239999, -0.0802456, 0.113281, 1004.8, 7686.59, 10, 2e-20, 3e-20, 2e-20, 2e-20, -1
0.506856, -0.23377, 0.457147, 0.05, -0.0546994, -0.0386705, 0.115581, 0.13359, 1008.34, 13338.8, 10, 2e-20, 3e-20, 2e-20, 2e-20, -1
0.522103, -0.264892, 0.499555, 0.05, -0.0497542, -0.0438135, 0.0368944, 0.0758703, 1001.8, 2880.71, 10, 2e-20, 3e-20, 2e-20, 2e-20, -1
0.540733, -0.220657, 0.485501, 0.05, -0.032432, 0.0459997, 0.0688853, 0.088955, 996.989, -4817.16, 10, 2e-20, 3e-20, 2e-20, 2e-20, -1
0.53711, -0.194043, 0.533741, 0.05, -0.160678, -0.00878955, -0.0281081, 0.163354, 1005.71, 9134.2, 10, 2e-20, 3e-20, 2e-20, 2e-20, -1
0.559941, -0.15135, 0.523545, 0.05, -0.0972804, -0.0636079, 0.0221616, 0.118324, 1001.64, 2625.92, 10, 2e-20, 3e-20, 2e-20, 2e-20, -1
0.492994, -0.212313, 0.56044, 0.05, -0.0627673, 0.0526671, -0.0226446, 0.0850079, 999.806, -310.067, 10, 2e-20, 3e-20, 2e-20, 2e-20, -1
0.595135, -0.168047, 0.56523, 0.05, -0.00875323, -0.063911, 0.0210431, 0.0678531, 1005.89, 9416.3, 10, 2e-20, 3e-20, 2e-20, 2e-20, -1
0.549044, -0.15059, 0.583204, 0.05, -0.0589775, 0.00820248, 0.0522142, 0.0791957, 1005.67, 9070.22, 10, 2e-20, 3e-20, 2e-20, 2e-20, -1
0.541287, -0.133347, 0.630599, 0.05, -0.0391144, -0.0325447, 0.0771622, 0.0924288, 1008.14, 13017.1, 10, 2e-20, 3e-20, 2e-20, 2e-20, -1
0.57998, -0.106014, 0.681741, 0.05, -0.092032, -0.0401647, 0.0623973, 0.118222, 1002.91, 4654.37, 10, 2e-20, 3e-20, 2e-20, 2e-20, -1
0.548441, -0.144165, 0.699536, 0.05, -0.103248, -0.0240521, 0.000518326, 0.106014, 1002.4, 3838.95, 10, 2e-20, 3e-20, 2e-20, 2e-20, -1
0.589731, -0.0573577, 0.755353, 0.05, -0.0402495, 0.0418943, -0.0819217, 0.100431, 1007.45, 11918.3, 10, 2e-20, 3e-20, 2e-20, 2e-20, -1
0.498146, -0.225992, 0.710465, 0.05, -0.0716942, -0.21189, -0.0333867, 0.226168, 1000.84, 1351.11, 10, 2e-20, 3e-20, 2e-20, 2e-20, -1
0.584726, -0.106211, 0.727579, 0.05, -0.0212578, 0.0307646, 0.00886774, 0.0384317, 1005.19, 8305.02, 10, 2e-20, 3e-20, 2e-20, 2e-20, -1
0.509965, -0.241478, 0.759544, 0.05, -0.145182, -0.0773707, 0.0649539, 0.17687, 1007.48, 11970.2, 10, 2e-20, 3e-20, 2e-20, 2e-20, -1
0.54789, -0.135203, 0.754402, 0.05, -0.0940048, -0.0296062, -0.0107941, 0.0991461, 1004.31, 6890.32, 10, 2e-20, 3e-20, 2e-20, 2e-20, -1
0.564651, -0.178236, 0.789021, 0.05, -0.0330801, -0.0803665, 0.0497403, 0.100136, 1004.44, 7100.21, 10, 2e-20, 3e-20, 2e-20, 2e-20, -1
0.597768, -0.152188, 0.813906, 0.05, -0.00204469, -0.025069, 0.0978887, 0.101068, 1005.67, 9075.38, 10, 2e-20, 3e-20, 2e-20, 2e-20, -1
0.542336, -0.151251, 0.823455, 0.05, -0.0502056, 0.00723257, 0.0591857, 0.0779478, 1002.72, 4344.5, 10, 2e-20, 3e-20, 2e-20, 2e-20, -1
0.537195, -0.0954464, 0.881731, 0.05, -0.0326425, 0.0071351, 0.0359766, 0.0490995, 1005.29, 8467.14, 10, 2e-20, 3e-20, 2e-20, 2e-20, -1
0.496554, -0.0784566, 0.941189, 0.05, -0.0772594, -0.0254379, 0.0145513, 0.0826307, 998.497, -2405.34, 10, 2e-20, 3e-20, 2e-20, 2e-20, -1
0.485398, -0.12004, 0.928366, 0.05, -0.000329276, 0.00487891, 0.0593803, 0.0595813, 1003.52, 5638.86, 10, 2e-20, 3e-20, 2e-20, 2e-20, -1
0.475201, -0.106776, 0.991951, 0.05, -0.0263767, 0.0370099, 0.0800573, 0.0920578, 1005.98, 9570.29, 10, 2e-20, 3e-20, 2e-20, 2e-20, -1
0.458777, -0.195038, 0.993811, 0.05, -0.0338265, -0.00652669, -0.0229466, 0.0413929, 998.92, -1728.3, 10, 2e-20, 3e-20, 2e-20, 2e-20, -1
0.437151, -0.16652, 1.03363, 0.05, -0.0555285, 0.0342786, -0.00533263, 0.0654742, 1006, 9604.94, 10, 2e-20, 3e-20, 2e-20, 2e-20, -1
0.365143, -0.123367, 1.15783, 0.05, -0.10951, -0.0907441, 0.160622, 0.214538, 1001.6, 2564.34, 10, 2e-20, 3e-20, 2e-20, 2e-20, -1
0.299411, -0.0874436, 1.23556, 0.05, -0.197177, 0.00590955, 0.332911, 0.386967, 999.567, -693.029, 10, 2e-20, 3e-20, 2e-20, 2e-20, -1
0.324555, -0.0999984, 1.18713, 0.05, -0.0547112, 0.0461347, 0.118733, 0.138634, 999.885, -184.434, 10, 2e-20, 3e-20, 2e-20, 2e-20, -1
0.224024, -0.0895882, 1.28196, 0.05, -0.104353, 0.0793683, 0.334887, 0.359636, 1000.52, 833.139, 10, 2e-20, 3e-20, 2e-20, 2e-20, -1
0.174094, -0.0807256, 1.27894, 0.05, -0.135917, 0.0627913, 0.199852, 0.249713, 1003.38, 5415.15, 10, 2e-20, 3e-20, 2e-20, 2e-20, -1
0.160627, -0.160381, 1.39176, 0.05, -0.00690914, 0.0533409, 0.42802, 0.431386, 1002.43, 3881.82, 10, 2e-20, 3e-20, 2e-20, 2e-20, -1
0.501526, -0.18784, 0.0530465, 0.05, -0.0170621, 0.0853702, -0.0590512, 0.105196, 1014.09, 22542.9, 10, 2e-20, 3e-20, 2e-20, 2e-20, -1
0.589251, -0.258477, 0.048403, 0.05, 0.0375841, -0.0632955, -0.00859157, 0.0741128, 1015.07, 24107.4, 10, 2e-20, 3e-20, 2e-20, 2e-20, -1
0.576951, -0.212017, 0.0940031, 0.05, -0.0519853, 0.179121, 0.056394, 0.194852, 1010.69, 17096.5, 10, 2e-20, 3e-20, 2e-20, 2e-20, -1
0.580119, -0.128464, 0.0858544, 0.05, 0.0301865, 0.0440386, -0.0559795, 0.0773584, 1012.07, 19314.4, 10, 2e-20, 3e-20, 2e-20, 2e-20, -1
0.500362, -0.139836, 0.0734926, 0.05, -0.0510631, -0.0570195, 0.00689315, 0.0768517, 1007.35, 11752.9, 10, 2e-20, 3e-20, 2e-20, 2e-20, -1
0.530088, -0.223683, 0.101147, 0.05, 0.025962, -0.048743, 0.0514826, 0.0755007, 1008.17, 13076.9, 10, 2e-20, 3e-20, 2e-20, 2e-20, -1
0.551484, -0.170844, 0.101836, 0.05, -0.159254, 0.0265062, 0.0594306, 0.172036, 1005.75, 9206.88, 10, 2e-20, 3e-20, 2e-20, 2e-20, -1
0.521643, -0.0934123, 0.127168, 0.05, 0.0989915, -0.165021, -0.0348149, 0.195559, 1013.04, 20866.9, 10, 2e-20, 3e-20, 2e-20, 2e-20, -1
0.534556, -0.116561, 0.173519, 0.05, -0.0581044, 0.006976, -0.100887, 0.116632, 1014.56, 23295.7, 10, 2e-20, 3e-20, 2e-20, 2e-20, -1
0.577584, -0.0729472, 0.200617, 0.05, -0.0727366, -0.0301734, 0.0521806, 0.0944662, 1010.14, 16230.4, 10, 2e-20, 3e-20, 2e-20, 2e-20, -1
0.546277, -0.150778, 0.212242, 0.05, -0.125093, -0.0419862, -0.0113546, 0.132439, 1002.76, 4413.92, 10, 2e-20, 3e-20, 2e-20, 2e-20, -1
0.498644, -0.136564, 0.225136, 0.05, 0.132358, -0.094251, -0.0491687, 0.169763, 1006.03, 9654.14, 10, 2e-20, 3e-20, 2e-20, 2e-20, -1
0.531583, -0.117008, 0.264919, 0.05, -0.103764, 0.00150627, -0.114461, 0.154501, 1006.89, 11029.4, 10, 2e-20, 3e-20, 2e-20, 2e-20, -1
0.51026, -0.162788, 0.275239, 0.05, -0.0101087, -0.130272, -0.0387606, 0.136292, 1004.45, 7124.32, 10, 2e-20, 3e-20, 2e-20, 2e-20, -1
0.55412, -0.181409, 0.30252, 0.05, -0.0970373, -0.0159654, 0.0222262, 0.100822, 1007.48, 11964.1, 10, 2e-20, 3e-20, 2e-20, 2e-20, -1
0.547363, -0.073291, 0.328069, 0.05, -0.0175261, -0.0349493, -0.078674, 0.0878534, 1006.55, 10473.6, 10, 2e-20, 3e-20, 2e-20, 2e-20, -1
0.555767, -0.142039, 0.334532, 0.05, 0.000690525, -0.0579285, -0.00171574, 0.057958, 1002.42, 3865.61, 10, 2e-20, 3e-20, 2e-20, 2e-20, -1
0.545782, -0.106194, 0.369913, 0.05, -0.024105, -0.0341485, 0.030189, 0.0515611, 1006.8, 10882.2, 10, 2e-20, 3e-20, 2e-20, 2e-20, -1
0.539248, -0.187638, 0.376809, 0.05, -0.0731665, 0.00818312, -0.0182618, 0.0758537, 1009.03, 14448.4, 10, 2e-20, 3e-20, 2e-20, 2e-20, -1
0.571029, -0.148223, 0.379552, 0.05, -0.0464637, -0.0503316, -0.0642748, 0.0939329, 1006.56, 10494.6, 10, 2e-20, 3e-20, 2e-20, 2e-20, -1
0.526809, -0.148514, 0.401035, 0.05, -0.0922313, -0.0556108, -0.0612046, 0.123876, 1004.2, 6713.47, 10, 2e-20, 3e-20, 2e-20, 2e-20, -1
0.566802, -0.168804, 0.43328, 0.05, -0.0772026, -0.0984089, 0.00945539, 0.125435, 1009.71, 15542.3, 10, 2e-20, 3e-20, 2e-20, 2e-20, -1
0.534734, -0.171784, 0.480024, 0.05, -0.0639027, -0.142008, 0.0126227, 0.156234, 1006.61, 10582.5, 10, 2e-20, 3e-20, 2e-20, 2e-20, -1
0.588726, -0.0971298, 0.511077, 0.05, -0.265991, 0.0917084, 0.00549025, 0.28141, 1000.66, 1058.19, 10, 2e-20, 3e-20, 2e-20, 2e-20, -1
0.554453, -0.05757, 0.558266, 0.05, -0.106747, -0.0638929, -0.137833, 0.185675, 1004.83, 7723.71, 10, 2e-20, 3e-20, 2e-20, 2e-20, -1
0.587106, -0.117954, 0.559779, 0.05, -0.115529, 0.00454226, -0.012424, 0.116284, 1003.46, 5531.61, 10, 2e-20, 3e-20, 2e-20, 2e-20, -1
0.590554, -0.0264589, 0.575719, 0.05, -0.057498, 0.0303337, 0.0564472, 0.0860956, 1005.22, 8358.92, 10, 2e-20, 3e-20, 2e-20, 2e-20, -1
0.58771, -0.100787, 0.631148, 0.05, -0.0573831, -0.0389418, -0.0492823, 0.0850766, 1004.35, 6960.89, 10, 2e-20, 3e-20, 2e-20, 2e-20, -1
0.602676, -0.0623112, 0.662822, 0.05, -0.015115, 0.0127309, 0.03671, 0.0416913, 1003.31, 5293.92, 10, 2e-20, 3e-20, 2e-20, 2e-20, -1
0.62561, -0.0051336, 0.669827, 0.05, -0.0573867, -0.0717513, 0.0367177, 0.0989428, 1003.24, 5184.34, 10, 2e-20, 3e-20, 2e-20, 2e-20, -1
0.59716, -0.0314526, 0.704682, 0.05, -0.0716165, -0.0727083, 0.09817, 0.141608, 1002.85, 4557.05, 10, 2e-20, 3e-20, 2e-20, 2e-20, -1
0.578854, 0.0131151, 0.719105, 0.05, 0.0144076, -0.147532, 0.00604386, 0.148357, 1006.07, 9709.01, 10, 2e-20, 3e-20, 2e-20, 2e-20, -1
0.599765, -0.00499434, 0.763755, 0.05, -0.00631101, -0.0637885, -0.0683861, 0.0937308, 1002.68, 4287.19, 10, 2e-20, 3e-20, 2e-20, 2e-20, -1
0.615753, 0.0380444, 0.781347, 0.05, 0.037762, -0.0540742, 0.0261585, 0.0709524, 1002.46, 3942.28, 10, 2e-20, 3e-20, 2e-20, 2e-20, -1
0.579757, -0.0649986, 0.808259, 0.05, -0.126443, 0.0152575, -0.00158771, 0.12737, 1002.2, 3516.52, 10, 2e-20, 3e-20, 2e-20, 2e-20, -1
0.657891, 0.0702675, 0.829708, 0.05, -0.0218674, -0.104771, 0.0459552, 0.116477, 999.003, -1594.99, 10, 2e-20, 3e-20, 2e-20, 2e-20, -1
0.590684, -0.119419, 0.772937, 0.05, -0.0213641, 0.0107352, -0.0316802, 0.0396901, 1002.95, 4717.29, 10, 2e-20, 3e-20, 2e-20, 2e-20, -1
0.623113, -0.0446027, 0.796533, 0.05, -0.0285132, 0.0594937, -0.0221927, 0.0696061, 1000.42, 665.564, 10, 2e-20, 3e-20, 2e-20, 2e-20, -1
0.569426, -0.11001, 0.836846, 0.05, -0.0954301, -0.0174769, 0.0846677, 0.128767, 999.453, -875.175, 10, 2e-20, 3e-20, 2e-20, 2e-20, -1
0.566066, -0.0543275, 0.863237, 0.05, -0.0120666, 0.000565294, 0.0294234, 0.0318066, 1002.06, 3291.03, 10, 2e-20, 3e-20, 2e-20, 2e-20, -1
0.567047, -0.0300241, 0.941141, 0.05, 0.0326752, -0.0212961, -0.0475032, 0.0614633, 1005.87, 9399.64, 10, 2e-20, 3e-20, 2e-20, 2e-20, -1
0.525342, -0.0984507, 0.976768, 0.05, 0.0480703, 0.0161324, 0.0593889, 0.07809, 1005.39, 8624.26, 10, 2e-20, 3e-20, 2e-20, 2e-20, -1
0.516389, -0.0367327, 0.966576, 0.05, -0.0149059, 0.0149088, -0.00805193, 0.0225675, 1005.38, 8606.62, 10, 2e-20, 3e-20, 2e-20, 2e-20, -1
0.47168, -0.131544, 1.03999, 0.05, -0.027133, 0.121019, 0.12108, 0.173327, 1008.38, 13400.8, 10, 2e-20, 3e-20, 2e-20, 2e-20, -1
0.554922, -0.0593335, 0.995225, 0.05, -0.00325124, -0.042515, -0.0403184, 0.0586828, 1004.71, 7538.2, 10, 2e-20, 3e-20, 2e-20, 2e-20, -1
0.467552, -0.0896761, 1.066, 0.05, -0.0775605, 0.0632173, 0.087873, 0.133168, 1001.94, 3110.25, 10, 2e-20, 3e-20, 2e-20, 2e-20, -1
0.506577, -0.0606428, 1.01777, 0.05, 0.0364854, -0.038509, 0.149816, 0.158931, 1002.98, 4763.53, 10, 2e-20, 3e-20, 2e-20, 2e-20, -1
0.36918, -0.060029, 1.17646, 0.05, -0.129985, 0.109994, 0.134419, 0.216941, 1001.57, 2506.96, 10, 2e-20, 3e-20, 2e-20, 2e-20, -1
0.257362, -0.053207, 1.26928, 0.05, -0.247672, -0.0103313, 0.406251, 0.475907, 1007.09, 11348, 10, 2e-20, 3e-20, 2e-20, 2e-20, -1
0.194595, -0.0262466, 1.35656, 0.05, -0.0974343, -0.138036, 0.477908, 0.506896, 998.783, -1947.48, 10, 2e-20, 3e-20, 2e-20, 2e-20, -1
0.12091, -0.0944297, 1.41451, 0.05, -0.00810263, 0.13196, 0.352016, 0.376025, 1000.27, 425.642, 10, 2e-20, 3e-20, 2e-20, 2e-20, -1
0.596305, -0.0369538, 0.0482396, 0.05, -0.0374491, -0.0463115, 0.0546625, 0.0808405, 1010.01, 16021.7, 10, 2e-20, 3e-20, 2e-20, 2e-20, -1
0.545306, -0.139926, 0.0485331, 0.05, 0.0246084, -0.0864072, 0.00462714, 0.0899622, 1011.72, 18752, 10, 2e-20, 3e-20, 2e-20, 2e-20, -1
0.610766, -0.0796938, 0.0834614, 0.05, -0.0407197, 0.0358617, -0.0515775, 0.0748625, 1003.78, 6040.93, 10, 2e-20, 3e-20, 2e-20, 2e-20, -1
0.625177, -0.0130258, 0.0940201, 0.05, -0.075858, -0.052834, -0.0644661, 0.112702, 1010.11, 16180.6, 10, 2e-20, 3e-20, 2e-20, 2e-20, -1
0.569507, -0.0818768, 0.1129, 0.05, -0.237185, 0.0196051, -0.0295853, 0.239826, 1007.04, 11271.3, 10, 2e-20, 3e-20, 2e-20, 2e-20, -1
0.57887, -0.13508, 0.128729, 0.05, -0.0594844, -0.0252164, -0.0102788, 0.065421, 1005.57, 8905.7, 10, 2e-20, 3e-20, 2e-20, 2e-20, -1
0.587782, 0.00568792, 0.12259, 0.05, -0.00510055, -0.13728, -0.0844795, 0.161272, 1006.13, 9800.04, 10, 2e-20, 3e-20, 2e-20, 2e-20, -1
0.586976, -0.0928323, 0.149211, 0.05, 0.0163733, -0.0612782, -0.0308483, 0.0705317, 1002.58, 4126.67, 10, 2e-20, 3e-20, 2e-20, 2e-20, -1
0.614198, -0.0608952, 0.17024, 0.05, -0.0447921, 0.0749349, -0.0808447, 0.118985, 1007.37, 11791.4, 10, 2e-20, 3e-20, 2e-20, 2e-20, -1
0.587137, -0.0527122, 0.246873, 0.05, 0.027418, 0.0239513, -0.054768, 0.0657643, 1007.53, 12055.2, 10, 2e-20, 3e-20, 2e-20, 2e-20, -1
0.535652, -0.0447819, 0.233047, 0.05, -0.0949524, -0.0344211, -0.0677967, 0.121644, 1009.97, 15959.1, 10, 2e-20, 3e-20, 2e-20, 2e-20, -1
0.557388, -0.0165247, 0.270065, 0.05, -0.0309232, -0.00134837, -0.0536883, 0.0619717, 1007.85, 12567.1, 10, 2e-20, 3e-20, 2e-20, 2e-20, -1
0.545448, -0.0654866, 0.276122, 0.05, -0.0759118, -0.0712706, 0.0313852, 0.108753, 1005.39, 8624.56, 10, 2e-20, 3e-20, 2e-20, 2e-20, -1
0.518743, 0.0193303, 0.297427, 0.05, 0.0117583, -0.0651156, -0.0114405, 0.0671505, 1003.79, 6064.2, 10, 2e-20, 3e-20, 2e-20, 2e-20, -1
0.499958, -0.0808187, 0.30189, 0.05, -0.0111878, -0.0505457, 0.0150271, 0.0539059, 1005.94, 9499.66, 10, 2e-20, 3e-20, 2e-20, 2e-20, -1
0.562406, 0.0298266, 0.312537, 0.05, -0.0196167, 0.0180268, -0.0395751, 0.0477072, 1004.14, 6621.45, 10, 2e-20, 3e-20, 2e-20, 2e-20, -1
0.479573, -0.0396835, 0.329178, 0.05, 0.0513736, -0.031751, 0.0525472, 0.0800536, 1005.11, 8176.4, 10, 2e-20, 3e-20, 2e-20, 2e-20, -1
0.577255, -0.0041363, 0.364472, 0.05, -0.000971298, -0.0281348, 0.00800147, 0.0292666, 1005, 7997.02, 10, 2e-20, 3e-20, 2e-20, 2e-20, -1
0.578324, -0.0577427, 0.36971, 0.05, -0.00476193, -0.0517834, -0.0834844, 0.0983557, 1005.88, 9408.86, 10, 2e-20, 3e-20, 2e-20, 2e-20, -1
0.558667, -0.072116, 0.41138, 0.05, -0.0760794, -0.00640007, 0.0473466, 0.0898373, 1008.07, 12909.5, 10, 2e-20, 3e-20, 2e-20, 2e-20, -1
0.563319, -0.0220655, 0.418831, 0.05, -0.0150027, -0.00331445, -0.017858, 0.0235579, 1007.29, 11666.4, 10, 2e-20, 3e-20, 2e-20, 2e-20, -1
0.565774, -0.124114, 0.432046, 0.05, -0.10292, 0.00853824, -0.0881039, 0.135748, 1012.45, 19920.9, 10, 2e-20, 3e-20, 2e-20, 2e-20, -1
0.529621, -0.0949429, 0.450174, 0.05, -0.115115, 0.0511298, -0.0367128, 0.1312, 1005.68, 9092, 10, 2e-20, 3e-20, 2e-20, 2e-20, -1
0.536959, -0.120485, 0.490645, 0.05, -0.049929, 0.092345, 0.0244273, 0.107783, 1004.89, 7822.7, 10, 2e-20, 3e-20, 2e-20, 2e-20, -1
0.553421, -0.0632686, 0.500417, 0.05, -0.0158263, -0.133412, 0.0297644, 0.137605, 1003.5, 5593.73, 10, 2e-20, 3e-20, 2e-20, 2e-20, -1
0.564343, -0.0165925, 0.528171, 0.05, 0.0169871, -0.141528, -0.00882418, 0.142817, 1003.51, 5615.53, 10, 2e-20, 3e-20, 2e-20, 2e-20, -1
0.60936, 0.0290442, 0.636761, 0.05, -0.0577562, 0.00774587, 0.000366826, 0.0582745, 1002.34, 3745.45, 10, 2e-20, 3e-20, 2e-20, 2e-20, -1
0.570862, 0.0343724, 0.611251, 0.05, -0.00933892, -0.164039, -0.0364378, 0.168296, 1003.23, 5163.41, 10, 2e-20, 3e-20, 2e-20, 2e-20, -1
0.572785, -0.00961639, 0.655671, 0.05, -0.0877768, -0.0861772, -0.040614, 0.129541, 1004.22, 6757.56, 10, 2e-20, 3e-20, 2e-20, 2e-20, -1
0.593726, 0.0753009, 0.65677, 0.05, -0.014965, -0.030481, -0.022609, 0.0407947, 1004.71, 7528.05, 10, 2e-20, 3e-20, 2e-20, 2e-20, -1
0.612103, 0.0442158, 0.696359, 0.05, -0.0233632, -0.0383951, -0.0326319, 0.0555415, 1002.63, 4205.26, 10, 2e-20, 3e-20, 2e-20, 2e-20, -1
0.597642, 0.0984444, 0.709603, 0.05, 0.0501802, -0.0144646, -0.0457996, 0.0694613, 1002.11, 3380.84, 10, 2e-20, 3e-20, 2e-20, 2e-20, -1
0.62967, 0.0652614, 0.740896, 0.05, 0.0855538, 0.0228593, 0.0212249, 0.0910631, 1002.45, 3921.93, 10, 2e-20, 3e-20, 2e-20, 2e-20, -1
0.578736, 0.101709, 0.778586, 0.05, -0.0710753, -0.0730226, 0.0164719, 0.103225, 1005.38, 8613.35, 10, 2e-20, 3e-20, 2e-20, 2e-20, -1
0.564384, 0.0565042, 0.794272, 0.05, -0.091487, -0.028137, -0.0393631, 0.103494, 1003.05, 4882.47, 10, 2e-20, 3e-20, 2e-20, 2e-20, -1
0.571957, 0.117095, 0.825779, 0.05, -0.0750931, -0.0725534, -0.0492477, 0.115448, 1006.59, 10549.9, 10, 2e-20, 3e-20, 2e-20, 2e-20, -1
0.601398, 0.0649557, 0.827124, 0.05, 0.064973, -0.0397991, 0.0100171, 0.0768492, 1002.81, 4494.4, 10, 2e-20, 3e-20, 2e-20, 2e-20, -1
0.597149, -0.0225737, 0.832881, 0.05, -0.0396305, -0.0920435, 0.0818082, 0.129364, 1005.84, 9350.59, 10, 2e-20, 3e-20, 2e-20, 2e-20, -1
0.573838, -0.0108826, 0.890497, 0.05, -0.0381556, -0.0478751, 0.00436723, 0.0613754, 1007.96, 12739, 10, 2e-20, 3e-20, 2e-20, 2e-20, -1
0.564359, 0.050297, 0.942899, 0.05, -0.0249838, -0.131565, -0.0110745, 0.134374, 1001.61, 2574, 10, 2e-20, 3e-20, 2e-20, 2e-20, -1
0.51037, 0.0597595, 0.94714, 0.05, -0.0938143, -0.0853219, 0.072755, 0.146199, 1003.08, 4928.88, 10, 2e-20, 3e-20, 2e-20, 2e-20, -1
0.541394, 0.0120825, 0.93108, 0.05, -0.0130234, -0.052994, -0.0280888, 0.0613755, 1003.47, 5547.35, 10, 2e-20, 3e-20, 2e-20, 2e-20, -1
0.511411, 0.061194, 1.01351, 0.05, -0.0990151, -0.0743823, 0.0157468, 0.124839, 1003.72, 5954.44, 10, 2e-20, 3e-20, 2e-20, 2e-20, -1
0.506653, 0.0200696, 0.974919, 0.05, -0.0612985, -0.0426691, 0.016711, 0.0765338, 1003.91, 6259.21, 10, 2e-20, 3e-20, 2e-20, 2e-20, -1
0.493202, 0.0297133, 1.06816, 0.05, 0.0482806, -0.00155503, 0.0358305, 0.0601436, 1003.69, 5897.58, 10, 2e-20, 3e-20, 2e-20, 2e-20, -1
0.480304, -0.0173824, 1.02101, 0.05, 0.0342704, -0.00465342, -0.0197404, 0.039822, 1003.81, 6089.68, 10, 2e-20, 3e-20, 2e-20, 2e-20, -1
0.450628, -0.00165298, 1.08232, 0.05, -0.0341914, -0.0523821, 0.0320104, 0.0702681, 1003.88, 6203.77, 10, 2e-20, 3e-20, 2e-20, 2e-20, -1
0.410997, -0.0351332, 1.13028, 0.05, -0.174021, 0.0562032, 0.000283219, 0.182872, 1002.18, 3484.07, 10, 2e-20, 3e-20, 2e-20, 2e-20, -1
0.30193, -0.0363187, 1.24736, 0.05, -0.122782, 0.0268187, 0.244989, 0.275344, 1001.22, 1958.48, 10, 2e-20, 3e-20, 2e-20, 2e-20, -1
0.228204, 0.000367268, 1.33664, 0.05, -0.219008, 0.00941892, 0.371615, 0.431452, 1002.8, 4479.7, 10, 2e-20, 3e-20, 2e-20, 2e-20, -1
0.104372, -0.0759943, 1.25315, 0.05, 0.104512, 0.0298355, -0.106987, 0.152509, 1003.31, 5296.61, 10, 2e-20, 3e-20, 2e-20, 2e-20, -1
0.560255, 0.0159719, 0.0477393, 0.05, -0.0965044, -0.0936775, 0.0561551, 0.145746, 1012.31, 19690.4, 10, 2e-20, 3e-20, 2e-20, 2e-20, -1
0.581274, 0.094254, 0.0504674, 0.05, 0.0815492, 0.0165253, 0.103962, 0.133159, 1012.26, 19622.9, 10, 2e-20, 3e-20, 2e-20, 2e-20, -1
0.590624, 0.0566557, 0.0659211, 0.05, -0.0338959, 0.110667, 0.0222375, 0.117858, 1007.19, 11506.4, 10, 2e-20, 3e-20, 2e-20, 2e-20, -1
0.551788, 0.0216138, 0.0904304, 0.05, -0.0565615, -0.0226538, 0.0803126, 0.100809, 1014.82, 23714, 10, 2e-20, 3e-20, 2e-20, 2e-20, -1
0.547673, 0.0578024, 0.13066, 0.05, -0.0406951, 0.0595877, -0.0712147, 0.101382, 1004.91, 7858.65, 10, 2e-20, 3e-20, 2e-20, 2e-20, -1
0.586278, 0.0500784, 0.148185, 0.05, -0.0030672, 0.00877663, -0.00319498, 0.00983081, 1008.1, 12965.4, 10, 2e-20, 3e-20, 2e-20, 2e-20, -1
0.551919, -0.0307942, 0.134375, 0.05, -0.0902493, -0.104903, -0.0221953, 0.140151, 1004.03, 6440.44, 10, 2e-20, 3e-20, 2e-20, 2e-20, -1
0.544733, 0.0190466, 0.155001, 0.05, -0.133595, -0.0797832, 0.00526794, 0.155695, 1008.95, 14312.8, 10, 2e-20, 3e-20, 2e-20, 2e-20, -1
0.592959, -0.0110835, 0.167597, 0.05, 0.0416947, -0.146219, 0.0230366, 0.153783, 1008.88, 14215.2, 10, 2e-20, 3e-20, 2e-20, 2e-20, -1
0.570974, 0.0148926, 0.202103, 0.05, -0.0195109, -0.0260882, 0.0506953, 0.0602601, 1010.67, 17077.1, 10, 2e-20, 3e-20, 2e-20, 2e-20, -1
0.607364, -0.0297532, 0.209663, 0.05, 0.0525358, -0.0190434, 0.0157828, 0.0580668, 1009.88, 15800.7, 10, 2e-20, 3e-20, 2e-20, 2e-20, -1
0.566473, 0.0302255, 0.251825, 0.05, 0.00614438, 0.00940275, 0.0251137, 0.0275111, 1010.1, 16153.5, 10, 2e-20, 3e-20, 2e-20, 2e-20, -1
0.569145, 0.0846805, 0.23068, 0.05, 0.0467504, -0.0747336, -0.016719, 0.0897231, 1006.36, 10175.7, 10, 2e-20, 3e-20, 2e-20, 2e-20, -1
0.604664, 0.0837145, 0.270543, 0.05, -0.0374771, -0.0158634, 0.0207183, 0.0456665, 1012.19, 19504.4, 10, 2e-20, 3e-20, 2e-20, 2e-20, -1
0.520737, 0.0653914, 0.341576, 0.05, -0.0525769, -0.0113285, 0.00712733, 0.0542537, 1004.16, 6659.11, 10, 2e-20, 3e-20, 2e-20, 2e-20, -1
0.519462, 0.0139252, 0.347988, 0.05, -0.0770256, -0.014687, 0.0495096, 0.0927354, 1000.39, 630.554, 10, 2e-20, 3e-20, 2e-20, 2e-20, -1
0.546117, -0.0213327, 0.317231, 0.05, -0.0463233, -0.0560363, 0.00114868, 0.0727134, 1007.09, 11337.2, 10, 2e-20, 3e-20, 2e-20, 2e-20, -1
0.548209, 0.0907674, 0.387513, 0.05, 0.0215824, -0.065294, -0.000720832, 0.0687722, 1004.14, 6626.4, 10, 2e-20, 3e-20, 2e-20, 2e-20, -1
0.478848, 0.0263749, 0.38218, 0.05, 0.108733, -0.10048, -0.0119104, 0.148529, 1004.05, 6476.06, 10, 2e-20, 3e-20, 2e-20, 2e-20, -1
0.523664, 0.0467463, 0.393363, 0.05, -0.0834936, -0.121874, -0.0660544, 0.161826, 1002.86, 4583.68, 10, 2e-20, 3e-20, 2e-20, 2e-20, -1
0.530519, 0.0565816, 0.428491, 0.05, 0.0254157, -0.0754596, 0.0768696, 0.110675, 1007.13, 11406, 10, 2e-20, 3e-20, 2e-20, 2e-20, -1
0.586163, 0.107517, 0.482416, 0.05, -0.0186115, 0.00111685, -0.102528, 0.104209, 1003.68, 5888.94, 10, 2e-20, 3e-20, 2e-20, 2e-20, -1
0.573225, 0.0570519, 0.453805, 0.05, -0.110189, -0.0325605, -0.0123827, 0.115565, 1006.8, 10884.4, 10, 2e-20, 3e-20, 2e-20, 2e-20, -1
0.558694, -0.0184813, 0.472953, 0.05, -0.0489832, -0.068182, -0.00170286, 0.0839705, 1007.23, 11574, 10, 2e-20, 3e-20, 2e-20, 2e-20, -1
0.528128, 0.0148382, 0.520984, 0.05, -0.0590326, 0.00541682, -0.0712595, 0.0926937, 1004.11, 6571.38, 10, 2e-20, 3e-20, 2e-20, 2e-20, -1
0.554181, 0.0170487, 0.566104, 0.05, 0.031631, -0.0338813, 0.0878229, 0.0993042, 1002.28, 3645, 10, 2e-20, 3e-20, 2e-20, 2e-20, -1
0.574012, 0.0626072, 0.555016, 0.05, -0.0842829, -0.0630134, -0.00387788, 0.105306, 1001.11, 1768.5, 10, 2e-20, 3e-20, 2e-20, 2e-20, -1
0.524597, 0.0578785, 0.552022, 0.05, -0.0452327, -0.0565087, 0.0248246, 0.0765212, 1007.16, 11462.3, 10, 2e-20, 3e-20, 2e-20, 2e-20, -1
0.556446, 0.106571, 0.643656, 0.05, 0.00939285, -0.0359334, -0.0553503, 0.0666565, 1004.17, 6677.88, 10, 2e-20, 3e-20, 2e-20, 2e-20, -1
0.528336, 0.14642, 0.635155, 0.05, -0.00276517, -0.111999, -0.00426062, 0.112114, 998.523, -2362.65, 10, 2e-20, 3e-20, 2e-20, 2e-20, -1
0.553026, 0.126731, 0.689629, 0.05, 0.0389094, -0.0269122, -0.00989779, 0.048334, 1004.94, 7906.52, 10, 2e-20, 3e-20, 2e-20, 2e-20, -1
0.551496, 0.0767217, 0.708745, 0.05, 0.024029, -0.0241337, -0.0115396, 0.0359582, 1005.74, 9189.42, 10, 2e-20, 3e-20, 2e-20, 2e-20, -1
0.594192, 0.15342, 0.782984, 0.05, -0.011577, -0.0691932, 0.0205986, 0.0731165, 1004.34, 6951.71, 10, 2e-20, 3e-20, 2e-20, 2e-20, -1
0.535698, 0.21096, 0.753911, 0.05, -0.0995983, -0.103098, -0.103862, 0.177021, 1003.87, 6198.88, 10, 2e-20, 3e-20, 2e-20, 2e-20, -1
0.515966, 0.109854, 0.726358, 0.05, 0.010954, 0.0468493, 0.00281178, 0.0481949, 1004.36, 6982.21, 10, 2e-20, 3e-20, 2e-20, 2e-20, -1
0.543199, 0.168543, 0.798521, 0.05, -0.00262517, -0.103066, -0.130959, 0.166673, 999.778, -355.185, 10, 2e-20, 3e-20, 2e-20, 2e-20, -1
0.578138, 0.165377, 0.835222, 0.05, 0.0713269, -0.0525809, -0.0461977, 0.0999325, 1001.32, 2107.82, 10, 2e-20, 3e-20, 2e-20, 2e-20, -1
0.531159, 0.101497, 0.821354, 0.05, 0.0209773, -0.125338, -0.0514462, 0.1371, 1000.94, 1508.3, 10, 2e-20, 3e-20, 2e-20, 2e-20, -1
0.534282, 0.0105338, 0.846661, 0.05, 0.0106567, -0.0665708, -0.000841186, 0.0674236, 1000.68, 1089.66, 10, 2e-20, 3e-20, 2e-20, 2e-20, -1
0.546612, 0.0559875, 0.847523, 0.05, -0.0117767, 0.0119057, -0.0108339, 0.0199452, 1001.93, 3084.06, 10, 2e-20, 3e-20, 2e-20, 2e-20, -1
0.58948, 0.0257851, 0.86274, 0.05, 0.0231893, -0.133439, 0.0977121, 0.167007, 1005.31, 8493.67, 10, 2e-20, 3e-20, 2e-20, 2e-20, -1
0.543831, 0.0889841, 0.917078, 0.05, -0.0450045, -0.0273751, -0.13342, 0.143442, 1003.21, 5130.76, 10, 2e-20, 3e-20, 2e-20, 2e-20, -1
0.511029, 0.105582, 0.970096, 0.05, -0.104777, -0.00240412, 0.0132729, 0.105642, 1008.1, 12954.4, 10, 2e-20, 3e-20, 2e-20, 2e-20, -1
0.448232, 0.0700291, 1.07813, 0.05, -0.050027, -0.0770373, 0.0977944, 0.134169, 999.735, -423.805, 10, 2e-20, 3e-20, 2e-20, 2e-20, -1
0.401159, 0.0722527, 1.11649, 0.05, -0.23139, -0.166466, 0.0922734, 0.299611, 996.712, -5260.49, 10, 2e-20, 3e-20, 2e-20, 2e-20, -1
0.413643, 0.0330901, 1.08711, 0.05, -0.183409, -0.0515121, 0.0497098, 0.196885, 1000.67, 1070.01, 10, 2e-20, 3e-20, 2e-20, 2e-20, -1
0.356533, 0.0218548, 1.21352, 0.05, -0.198512, 0.0709177, 0.241903, 0.320863, 1003.78, 6052.64, 10, 2e-20, 3e-20, 2e-20, 2e-20, -1
0.36549, -0.0106844, 1.17292, 0.05, -0.155134, -0.0566171, 0.0475017, 0.171839, 1004.13, 6614.83, 10, 2e-20, 3e-20, 2e-20, 2e-20, -1
0.26601, -0.00178472, 1.27062, 0.05, -0.182555, 0.0693502, 0.268324, 0.331864, 1001.44, 2305.64, 10, 2e-20, 3e-20, 2e-20, 2e-20, -1
0.150974, -0.0254919, 1.42671, 0.05, -0.107508, -0.0320847, 0.497398, 0.509895, 997.917, -3332.59, 10, 2e-20, 3e-20, 2e-20, 2e-20, -1
0.0990592, -0.0771267, 1.33763, 0.05, -0.0041808, -0.0293497, 0.142459, 0.145511, 1003.02, 4828.26, 10, 2e-20, 3e-20, 2e-20, 2e-20, -1
0.552317, 0.143269, 0.0539957, 0.05, 0.140141, -0.176239, 0.110881, 0.250987, 1016.28, 26042.7, 10, 2e-20, 3e-20, 2e-20, 2e-20, -1
0.559631, 0.186329, 0.110996, 0.05, 0.0199339, -0.188756, 0.0706198, 0.202518, 1001.82, 2911.94, 10, 2e-20, 3e-20, 2e-20, 2e-20, -1
0.513179, 0.168693, 0.1163, 0.05, 0.0228761, -0.00282553, 0.0249766, 0.0339872, 1003.75, 5995.46, 10, 2e-20, 3e-20, 2e-20, 2e-20, -1
0.562692, 0.132565, 0.113021, 0.05, 0.076866, 0.0805475, -0.087323, 0.141498, 1006.74, 10784.7, 10, 2e-20, 3e-20, 2e-20, 2e-20, -1
0.513694, 0.12687, 0.094349, 0.05, 0.0109459, -0.0287337, 0.0549012, 0.0629252, 1013.66, 21861.1, 10, 2e-20, 3e-20, 2e-20, 2e-20, -1
0.534367, 0.211065, 0.156424, 0.05, -0.0428255, -0.0877349, 0.0245838, 0.100677, 1005.65, 9036.81, 10, 2e-20, 3e-20, 2e-20, 2e-20, -1
0.472797, 0.123469, 0.125975, 0.05, -0.00554442, 0.0693727, 0.0016526, 0.0696135, 1010.92, 17464.5, 10, 2e-20, 3e-20, 2e-20, 2e-20, -1
0.503655, 0.083356, 0.121536, 0.05, 0.0344349, -0.089323, -0.0651848, 0.115816, 1011.6, 18565.4, 10, 2e-20, 3e-20, 2e-20, 2e-20, -1
0.52663, 0.111052, 0.153918, 0.05, -0.0114624, -0.142215, 0.10302, 0.175982, 1007.23, 11564.9, 10, 2e-20, 3e-20, 2e-20, 2e-20, -1
0.550823, 0.0731788, 0.183676, 0.05, -0.0851753, 0.00705936, 0.0147218, 0.086726, 1008.63, 13806.7, 10, 2e-20, 3e-20, 2e-20, 2e-20, -1
0.592241, 0.0540643, 0.202159, 0.05, -0.0373114, -0.021588, -0.000826237, 0.0431146, 1007.71, 12332.1, 10, 2e-20, 3e-20, 2e-20, 2e-20, -1
0.524495, 0.00526627, 0.234069, 0.05, -0.0591218, -0.0871785, -0.0455796, 0.114774, 1008.9, 14235.2, 10, 2e-20, 3e-20, 2e-20, 2e-20, -1
0.522999, 0.0644598, 0.236663, 0.05, -0.0545797, -0.0611746, -0.125042, 0.149522, 1005.35, 8559.11, 10, 2e-20, 3e-20, 2e-20, 2e-20, -1
0.564103, 0.120364, 0.277645, 0.05, 0.0286906, -0.0593583, 0.0916356, 0.112888, 1008.71, 13935, 10, 2e-20, 3e-20, 2e-20, 2e-20, -1
0.570005, 0.152271, 0.31828, 0.05, 0.035897, -0.0489279, -0.0648869, 0.0888417, 1005.8, 9283.14, 10, 2e-20, 3e-20, 2e-20, 2e-20, -1
0.610695, 0.116255, 0.314425, 0.05, -0.0520855, -0.0769402, -0.117098, 0.149481, 1006.27, 10039.1, 10, 2e-20, 3e-20, 2e-20, 2e-20, -1
0.609099, 0.146236, 0.35207, 0.05, -0.0416554, -0.0994342, -0.066709, 0.126777, 1005.33, 8527.01, 10, 2e-20, 3e-20, 2e-20, 2e-20, -1
0.536815, 0.118225, 0.354388, 0.05, -0.0671751, -0.149051, -0.0749209, 0.179838, 1005.05, 8086.89, 10, 2e-20, 3e-20, 2e-20, 2e-20, -1
0.559688, 0.178121, 0.423309, 0.05, -0.111279, -0.057585, 0.0162686, 0.126348, 1006.78, 10843.2, 10, 2e-20, 3e-20, 2e-20, 2e-20, -1
0.558602, 0.10631, 0.438933, 0.05, -0.0237212, -0.0505693, -0.0430835, 0.0705418, 1006.51, 10412.1, 10, 2e-20, 3e-20, 2e-20, 2e-20, -1
0.559553, 0.155138, 0.464636, 0.05, -0.0546071, -0.0709389, -0.0489031, 0.102009, 1008.19, 13107.8, 10, 2e-20, 3e-20, 2e-20, 2e-20, -1
0.591645, 0.153648, 0.499629, 0.05, 0.0497556, -0.0399374, -0.0701131, 0.0947969, 1008.93, 14286.8, 10, 2e-20, 3e-20, 2e-20, 2e-20, -1
0.524934, 0.032839, 0.471528, 0.05, -0.0114254, -0.00852144, -0.075676, 0.0770065, 1007.48, 11967.9, 10, 2e-20, 3e-20, 2e-20, 2e-20, -1
0.52786, 0.106086, 0.483662, 0.05, -0.0520757, -0.131144, -0.0850521, 0.164756, 1005.04, 8064.75, 10, 2e-20, 3e-20, 2e-20, 2e-20, -1
0.543584, 0.0654523, 0.502152, 0.05, -0.101239, -0.0513535, -0.10219, 0.15274, 1005.81, 9294.68, 10, 2e-20, 3e-20, 2e-20, 2e-20, -1
0.47768, 0.17118, 0.499586, 0.05, -0.00766395, -0.0685606, 0.0535694, 0.087344, 1006.25, 9994.83, 10, 2e-20, 3e-20, 2e-20, 2e-20, -1
0.562447, 0.106992, 0.51979, 0.05, -0.0545411, -0.051672, -0.075441, 0.106471, 1000.67, 1079.38, 10, 2e-20, 3e-20, 2e-20, 2e-20, -1
0.542987, 0.109333, 0.564458, 0.05, -0.031247, -0.0910111, -0.00316842, 0.0962779, 1008.56, 13689.5, 10, 2e-20, 3e-20, 2e-20, 2e-20, -1
0.572959, 0.085575, 0.599907, 0.05, 0.0415521, -0.0890833, -0.0394768, 0.105928, 1006.84, 10948.9, 10, 2e-20, 3e-20, 2e-20, 2e-20, -1
0.566311, 0.138589, 0.598754, 0.05, -0.00705979, -0.0804692, 0.0190524, 0.0829947, 1009.81, 15690.1, 10, 2e-20, 3e-20, 2e-20, 2e-20, -1
0.629017, 0.172814, 0.677651, 0.05, -0.0127498, -0.0861792, -0.00658375, 0.0873657, 1000.81, 1290.77, 10, 2e-20, 3e-20, 2e-20, 2e-20, -1
0.579674, 0.174321, 0.688302, 0.05, -0.0449932, -0.00755137, -0.00728444, 0.0462004, 1005.18, 8286.55, 10, 2e-20, 3e-20, 2e-20, 2e-20, -1
0.574452, 0.133046, 0.737063, 0.05, -0.0549193, 0.00141356, 0.0320022, 0.0635788, 1004.48, 7174.31, 10, 2e-20, 3e-20, 2e-20, 2e-20, -1
0.543966, 0.219695, 0.702926, 0.05, 0.0175514, -0.0973612, -0.0351257, 0.104981, 1002.62, 4186.8, 10, 2e-20, 3e-20, 2e-20, 2e-20, -1
0.58473, 0.203637, 0.788252, 0.05, 0.00586208, 0.00112441, 0.0113963, 0.0128649, 1003.96, 6338.12, 10, 2e-20, 3e-20, 2e-20, 2e-20, -1
0.54425, 0.196899, 0.849888, 0.05, 0.00964649, -0.0240844, 0.0417991, 0.0491963, 1002.17, 3465.07, 10, 2e-20, 3e-20, 2e-20, 2e-20, -1
0.525544, 0.160628, 0.891841, 0.05, -0.042185, -0.0818027, -0.0167809, 0.0935567, 1001.25, 2000.2, 10, 2e-20, 3e-20, 2e-20, 2e-20, -1
0.521178, 0.14677, 0.840917, 0.05, -0.0251625, -0.100645, 0.0409799, 0.111543, 1002, 3201.76, 10, 2e-20, 3e-20, 2e-20, 2e-20, -1
0.485772, 0.167479, 0.864457, 0.05, -0.0792484, -0.0271226, 0.00272137, 0.0838054, 1000.98, 1574.75, 10, 2e-20, 3e-20, 2e-20, 2e-20, -1
0.575293, 0.0784728, 0.872127, 0.05, -0.00723512, -0.00900624, 0.0522493, 0.0535112, 1002.1, 3360.91, 10, 2e-20, 3e-20, 2e-20, 2e-20, -1
0.501454, 0.121892, 0.912776, 0.05, 0.00829428, -0.0609729, -0.11581, 0.131143, 1004.6, 7361.61, 10, 2e-20, 3e-20, 2e-20, 2e-20, -1
0.464774, 0.103253, 0.963272, 0.05, -0.0241354, -0.0300238, 0.0572223, 0.0689807, 1003.09, 4948.14, 10, 2e-20, 3e-20, 2e-20, 2e-20, -1
0.441059, 0.0780982, 1.02543, 0.05, -0.082894, -0.0965576, -0.0322321, 0.131277, 1003.83, 6121.99, 10, 2e-20, 3e-20, 2e-20, 2e-20, -1
0.487832, 0.143589, 1.00193, 0.05, 0.0424248, -0.0684203, 0.0654586, 0.103759, 999.238, -1219.7, 10, 2e-20, 3e-20, 2e-20, 2e-20, -1
0.445997, 0.124544, 1.05263, 0.05, 0.0382822, -0.0607552, 0.0993515, 0.122586, 1002.28, 3652.51, 10, 2e-20, 3e-20, 2e-20, 2e-20, -1
0.378636, 0.122557, 1.13649, 0.05, -0.167015, -0.130207, 0.0434235, 0.21618, 999.137, -1381.08, 10, 2e-20, 3e-20, 2e-20, 2e-20, -1
0.337135, 0.0889423, 1.18458, 0.05, 0.0661357, -0.0111479, 0.0836628, 0.107227, 1002.9, 4644.57, 10, 2e-20, 3e-20, 2e-20, 2e-20, -1
0.271388, 0.0468001, 1.23355, 0.05, -0.116571, 0.0042747, 0.291072, 0.313577, 999.56, -703.492, 10, 2e-20, 3e-20, 2e-20, 2e-20, -1
0.224329, 0.0479248, 1.29985, 0.05, -0.174206, -0.123846, 0.322884, 0.38722, 997.986, -3222.57, 10, 2e-20, 3e-20, 2e-20, 2e-20, -1
0.0704702, -0.0785527, 1.40749, 0.05, 0.154443, 0.051485, 0.076807, 0.180007, 1000.21, 334.684, 10, 2e-20, 3e-20, 2e-20, 2e-20, -1
0.0334962, 0.113282, 1.39065, 0.05, 0.117282, -0.145404, 0.0147391, 0.18739, 1002.62, 4190.77, 10, 2e-20, 3e-20, 2e-20, 2e-20, -1
0.520835, 0.247314, 0.0509018, 0.05, -0.0878648, 0.0358703, 0.00968282, 0.0953974, 1016.61, 26582.3, 10, 2e-20, 3e-20, 2e-20, 2e-20, -1
0.495587, 0.298566, 0.0502845, 0.05, -0.114347, -0.0986002, -0.0590124, 0.16211, 1011.49, 18387, 10, 2e-20, 3e-20, 2e-20, 2e-20, -1
0.518495, 0.279196, 0.091326, 0.05, -0.118006, -0.0562981, -0.0299175, 0.134127, 1008.29, 13256.3, 10, 2e-20, 3e-20, 2e-20, 2e-20, -1
0.583714, 0.234897, 0.0766736, 0.05, 0.141175, -0.0307898, -0.0148362, 0.145254, 1005.53, 8849.25, 10, 2e-20, 3e-20, 2e-20, 2e-20, -1
0.517218, 0.218765, 0.095836, 0.05, -0.114421, -0.0337793, -0.00527057, 0.119419, 1007.5, 11995, 10, 2e-20, 3e-20, 2e-20, 2e-20, -1
0.556457, 0.239184, 0.118988, 0.05, 0.0992194, -0.0595509, 0.0363375, 0.12129, 1012.61, 20182, 10, 2e-20, 3e-20, 2e-20, 2e-20, -1
0.593407, 0.214728, 0.160702, 0.05, 0.0835886, -0.0326812, -0.0406036, 0.0985077, 1005.29, 8470.28, 10, 2e-20, 3e-20, 2e-20, 2e-20, -1
0.541605, 0.159297, 0.155446, 0.05, -0.00381166, 0.00819095, -0.0747559, 0.0752998, 1006.67, 10669.3, 10, 2e-20, 3e-20, 2e-20, 2e-20, -1
0.558542, 0.135822, 0.196765, 0.05, -0.0121228, -0.0393613, 0.0181201, 0.0449957, 1008.04, 12863.8, 10, 2e-20, 3e-20, 2e-20, 2e-20, -1
0.504432, 0.137552, 0.193795, 0.05, 0.0160321, 0.0380328, 0.037574, 0.0558151, 1001.4, 2237.9, 10, 2e-20, 3e-20, 2e-20, 2e-20, -1
0.517697, 0.187463, 0.196671, 0.05, -0.0953638, -0.05009, 0.0499707, 0.118745, 1007.09, 11341.7, 10, 2e-20, 3e-20, 2e-20, 2e-20, -1
0.529418, 0.117206, 0.231795, 0.05, -0.0330822, -0.0251811, -0.114781, 0.122079, 1008.45, 13519.9, 10, 2e-20, 3e-20, 2e-20, 2e-20, -1
0.548154, 0.2426, 0.256411, 0.05, -0.0190879, -0.0416503, -0.0770235, 0.0896199, 1005.66, 9057.84, 10, 2e-20, 3e-20, 2e-20, 2e-20, -1
0.562721, 0.186849, 0.235477, 0.05, -0.0655298, -0.0482217, -0.0442648, 0.0926221, 1009.1, 14552.2, 10, 2e-20, 3e-20, 2e-20, 2e-20, -1
0.549059, 0.184414, 0.2839, 0.05, -0.0136751, -0.0592892, 0.0726245, 0.0947446, 1005.17, 8269.83, 10, 2e-20, 3e-20, 2e-20, 2e-20, -1
0.524419, 0.102805, 0.309215, 0.05, 0.0107403, -0.0850346, 0.00662312, 0.0859657, 1006.36, 10171.5, 10, 2e-20, 3e-20, 2e-20, 2e-20, -1
0.566014, 0.229646, 0.302705, 0.05, -0.0260348, -0.0457579, 0.000984726, 0.0526552, 1006.55, 10473.3, 10, 2e-20, 3e-20, 2e-20, 2e-20, -1
0.539621, 0.208151, 0.338941, 0.05, 0.0202447, 0.00971375, -0.0937023, 0.0963552, 1006.64, 10618.8, 10, 2e-20, 3e-20, 2e-20, 2e-20, -1
0.527631, 0.185947, 0.383371, 0.05, -0.1039, -0.0232233, 0.0445713, 0.115417, 1007.65, 12237.8, 10, 2e-20, 3e-20, 2e-20, 2e-20, -1
0.506881, 0.210366, 0.420896, 0.05, 0.00994145, -0.0558554, -0.0252391, 0.062094, 1006.68, 10688.8, 10, 2e-20, 3e-20, 2e-20, 2e-20, -1
0.542878, 0.22175, 0.4578, 0.05, -0.0663855, -0.0307804, -0.0381947, 0.0825427, 1008.41, 13461.7, 10, 2e-20, 3e-20, 2e-20, 2e-20, -1
0.484565, 0.281288, 0.418893, 0.05, -0.0486059, -0.0287681, -0.0464226, 0.0731109, 1011.5, 18393.8, 10, 2e-20, 3e-20, 2e-20, 2e-20, -1
0.541059, 0.207428, 0.502936, 0.05, -0.0362744, -0.0237339, 0.0482309, 0.0648487, 1001.37, 2192.13, 10, 2e-20, 3e-20, 2e-20, 2e-20, -1
0.527391, 0.155248, 0.50287, 0.05, -0.0638034, -0.0159736, 0.00659034, 0.0661019, 1008.45, 13527.4, 10, 2e-20, 3e-20, 2e-20, 2e-20, -1
0.512222, 0.27224, 0.509232, 0.05, 0.0411813, -0.057554, -0.0876954, 0.112689, 1006.96, 11131.5, 10, 2e-20, 3e-20, 2e-20, 2e-20, -1
0.502677, 0.167496, 0.54779, 0.05, 0.0512126, 0.0491337, -0.0839457, 0.109926, 1003.97, 6357.67, 10, 2e-20, 3e-20, 2e-20, 2e-20, -1
0.607887, 0.168677, 0.574282, 0.05, 0.051867, -0.0322006, -0.0200868, 0.0642693, 1006.47, 10357.6, 10, 2e-20, 3e-20, 2e-20, 2e-20, -1
0.618019, 0.21748, 0.559819, 0.05, 0.094476, -0.0164859, 0.0038094, 0.0959792, 1001.4, 2236.82, 10, 2e-20, 3e-20, 2e-20, 2e-20, -1
0.587181, 0.200057, 0.605839, 0.05, 0.0434999, -0.00482452, -0.0410144, 0.0599808, 1005.15, 8235.44, 10, 2e-20, 3e-20, 2e-20, 2e-20, -1
0.566558, 0.215119, 0.567661, 0.05, 0.00930671, 0.00758648, -0.0855675, 0.0864058, 1006.31, 10092.4, 10, 2e-20, 3e-20, 2e-20, 2e-20, -1
0.567169, 0.17316, 0.635967, 0.05, -0.0161496, -0.0629852, -0.00495017, 0.0652108, 1005.81, 9289.99, 10, 2e-20, 3e-20, 2e-20, 2e-20, -1
0.531879, 0.181354, 0.668075, 0.05, 0.00260357, 0.0179338, 0.0215848, 0.0281834, 1004.4, 7032.49, 10, 2e-20, 3e-20, 2e-20, 2e-20, -1
0.498389, 0.144117, 0.688145, 0.05, -0.0252234, -0.00730231, -0.0366668, 0.0450999, 1005.4, 8637.93, 10, 2e-20, 3e-20, 2e-20, 2e-20, -1
0.547563, 0.284836, 0.622462, 0.05, 0.00707172, 0.0664051, 0.0191469, 0.0694712, 999.695, -488.385, 10, 2e-20, 3e-20, 2e-20, 2e-20, -1
0.557389, 0.225642, 0.648347, 0.05, -0.0625012, 0.00761105, -0.0428438, 0.0761572, 1006.47, 10350.3, 10, 2e-20, 3e-20, 2e-20, 2e-20, -1
0.593821, 0.247814, 0.77206, 0.05, -0.0323066, 0.0129824, -0.0455325, 0.0573189, 1003.44, 5509.01, 10, 2e-20, 3e-20, 2e-20, 2e-20, -1
0.533924, 0.2242, 0.803406, 0.05, -0.0812114, -0.0929572, -0.113559, 0.167726, 1006.31, 10095.4, 10, 2e-20, 3e-20, 2e-20, 2e-20, -1
0.548639, 0.187177, 0.930775, 0.05, -0.0540606, -0.0539395, -0.0871609, 0.115884, 1002.12, 3392.6, 10, 2e-20, 3e-20, 2e-20, 2e-20, -1
0.516025, 0.213482, 0.901768, 0.05, -0.116784, -0.0698512, -0.104012, 0.171278, 1004.17, 6675.3, 10, 2e-20, 3e-20, 2e-20, 2e-20, -1
0.47784, 0.246625, 0.964603, 0.05, -0.112578, -0.0850954, -0.0908351, 0.167827, 1002.25, 3606.14, 10, 2e-20, 3e-20, 2e-20, 2e-20, -1
0.485706, 0.17851, 0.917113, 0.05, -0.0122494, -0.00924736, -0.131172, 0.132067, 1003.9, 6244.76, 10, 2e-20, 3e-20, 2e-20, 2e-20, -1
0.432252, 0.213374, 0.963942, 0.05, 0.00229108, -0.095111, -0.0633475, 0.114299, 1002.71, 4329.73, 10, 2e-20, 3e-20, 2e-20, 2e-20, -1
0.493128, 0.155131, 0.952471, 0.05, -0.10591, -0.0687683, -0.0283492, 0.129421, 999.75, -399.672, 10, 2e-20, 3e-20, 2e-20, 2e-20, -1
0.466558, 0.179889, 0.973933, 0.05, -0.137254, -0.0591287, 0.0175582, 0.150476, 997.57, -3888.63, 10, 2e-20, 3e-20, 2e-20, 2e-20, -1
0.447489, 0.176841, 1.04834, 0.05, -0.0645297, 0.00808407, 0.0346719, 0.0736993, 1003.35, 5364.18, 10, 2e-20, 3e-20, 2e-20, 2e-20, -1
0.403358, 0.134541, 1.08506, 0.05, -0.152763, -0.0583967, 0.0492352, 0.170795, 998.3, -2719.74, 10, 2e-20, 3e-20, 2e-20, 2e-20, -1
0.312383, 0.147257, 1.1803, 0.05, -0.144534, -0.048004, 0.098049, 0.18113, 1004.15, 6642.58, 10, 2e-20, 3e-20, 2e-20, 2e-20, -1
0.241953, 0.103832, 1.22423, 0.05, -0.153865, -0.0690851, 0.163556, 0.234942, 999.987, -21.5724, 10, 2e-20, 3e-20, 2e-20, 2e-20, -1
0.196356, 0.0879127, 1.27536, 0.05, -0.0966605, 0.124468, 0.0281425, 0.160086, 999.822, -284.448, 10, 2e-20, 3e-20, 2e-20, 2e-20, -1
0.121171, 0.0655445, 1.32471, 0.05, 0.0127435, -0.0583083, 0.235089, 0.242547, 1002.72, 4344.77, 10, 2e-20, 3e-20, 2e-20, 2e-20, -1
0.0079097, 0.139001, 1.44268, 0.05, -0.0237975, -0.220235, 0.161371, 0.274063, 993.229, -10833.8, 10, 2e-20, 3e-20, 2e-20, 2e-20, -1
0.445289, 0.365019, 0.0512288, 0.05, 0.0890904, 0.0547844, 0.0568359, 0.119033, 1009.61, 15380, 10, 2e-20, 3e-20, 2e-20, 2e-20, -1
0.487075, 0.422942, 0.0487746, 0.05, -0.103114, 0.00626876, -0.0418498, 0.111459, 1012.4, 19833.8, 10, 2e-20, 3e-20, 2e-20, 2e-20, -1
0.515121, 0.373319, 0.101509, 0.05, -0.114415, -0.0525597, 0.031143, 0.129704, 1009.8, 15685.4, 10, 2e-20, 3e-20, 2e-20, 2e-20, -1
0.481703, 0.31197, 0.0979897, 0.05, 0.0237815, 0.00288664, 0.00523927, 0.0245223, 1007.19, 11510.6, 10, 2e-20, 3e-20, 2e-20, 2e-20, -1
0.462188, 0.290664, 0.141881, 0.05, 0.0274819, -0.140876, 0.104104, 0.17731, 1002.3, 3679.28, 10, 2e-20, 3e-20, 2e-20, 2e-20, -1
0.537209, 0.325439, 0.107856, 0.05, -0.00621324, 0.105019, 0.0730238, 0.128063, 1007.99, 12784.1, 10, 2e-20, 3e-20, 2e-20, 2e-20, -1
0.54944, 0.290322, 0.14918, 0.05, -0.0837586, 0.0791714, 0.0691956, 0.134431, 1008.39, 13417.5, 10, 2e-20, 3e-20, 2e-20, 2e-20, -1
0.566512, 0.249722, 0.178071, 0.05, 0.0467512, -0.0587129, 0.0502322, 0.0903114, 1006.58, 10525.8, 10, 2e-20, 3e-20, 2e-20, 2e-20, -1
0.50493, 0.239328, 0.18887, 0.05, 0.0235039, 0.0119406, 0.0036538, 0.0266151, 1006.71, 10736.9, 10, 2e-20, 3e-20, 2e-20, 2e-20, -1
0.543701, 0.268983, 0.209704, 0.05, -0.0115114, -0.0129959, -0.0205375, 0.0268923, 1002.75, 4406.05, 10, 2e-20, 3e-20, 2e-20, 2e-20, -1
0.547494, 0.347213, 0.24491, 0.05, -0.0862673, -0.0026861, -0.0162166, 0.0878193, 1007.93, 12686.5, 10, 2e-20, 3e-20, 2e-20, 2e-20, -1
0.55872, 0.297746, 0.247908, 0.05, 0.00367584, 0.00417766, -0.0630232, 0.0632684, 1005.35, 8558.07, 10, 2e-20, 3e-20, 2e-20, 2e-20, -1
0.552535, 0.335736, 0.290208, 0.05, -0.0066746, -0.00119558, -0.0206024, 0.0216896, 1006.86, 10976.1, 10, 2e-20, 3e-20, 2e-20, 2e-20, -1
0.55115, 0.278377, 0.293556, 0.05, -0.0107946, -0.0204974, -0.0793129, 0.0826269, 1006.04, 9660.1, 10, 2e-20, 3e-20, 2e-20, 2e-20, -1
0.513947, 0.306933, 0.31337, 0.05, -0.0677645, 0.0174152, -0.115549, 0.135081, 1007.86, 12568.8, 10, 2e-20, 3e-20, 2e-20, 2e-20, -1
0.520406, 0.230698, 0.298164, 0.05, 0.0512707, -0.022497, -0.0478329, 0.0736396, 1000.89, 1428.14, 10, 2e-20, 3e-20, 2e-20, 2e-20, -1
0.499262, 0.249495, 0.344826, 0.05, -0.0439097, -0.0091841, 0.0275659, 0.0526525, 1008.36, 13377.7, 10, 2e-20, 3e-20, 2e-20, 2e-20, -1
0.473775, 0.232599, 0.388139, 0.05, 0.0139748, 0.041117, -0.0705477, 0.0828425, 1011.89, 19024.4, 10, 2e-20, 3e-20, 2e-20, 2e-20, -1
0.522796, 0.251578, 0.39216, 0.05, -0.0814037, -0.0754407, -0.0588039, 0.125602, 1006.46, 10338.6, 10, 2e-20, 3e-20, 2e-20, 2e-20, -1
0.451536, 0.384725, 0.472912, 0.05, -0.0174616, -0.0968229, 0.0776777, 0.125353, 1002.34, 3743.23, 10, 2e-20, 3e-20, 2e-20, 2e-20, -1
0.503086, 0.345438, 0.41698, 0.05, 0.00502647, 0.0553541, 0.0590543, 0.0810972, 1000.27, 432.251, 10, 2e-20, 3e-20, 2e-20, 2e-20, -1
0.501778, 0.359515, 0.477383, 0.05, 0.0209749, 0.0488011, -0.0667091, 0.0852737, 1003.03, 4840.19, 10, 2e-20, 3e-20, 2e-20, 2e-20, -1
0.464246, 0.331119, 0.452153, 0.05, -0.0236923, -0.0196265, -0.0439769, 0.0536702, 1007.82, 12512.4, 10, 2e-20, 3e-20, 2e-20, 2e-20, -1
0.516498, 0.314316, 0.455387, 0.05, -0.043187, 0.0112704, -0.0570872, 0.0724644, 1007.14, 11427.7, 10, 2e-20, 3e-20, 2e-20, 2e-20, -1
0.527286, 0.264319, 0.461511, 0.05, -0.0397933, -0.0263227, -0.089842, 0.101725, 1005.11, 8175.1, 10, 2e-20, 3e-20, 2e-20, 2e-20, -1
0.50018, 0.350986, 0.584378, 0.05, 0.0309317, -0.0316892, -0.0336124, 0.0555947, 1006.17, 9871.45, 10, 2e-20, 3e-20, 2e-20, 2e-20, -1
0.508918, 0.219716, 0.534161, 0.05, 0.0130048, -0.0586507, -0.00871814, 0.0607045, 1004.91, 7852.34, 10, 2e-20, 3e-20, 2e-20, 2e-20, -1
0.504528, 0.25726, 0.561463, 0.05, -0.0331345, -0.0314412, -0.143908, 0.150983, 1007.16, 11461.6, 10, 2e-20, 3e-20, 2e-20, 2e-20, -1
0.498286, 0.210512, 0.590791, 0.05, -0.00328711, -0.0146234, -0.189021, 0.189615, 1002.79, 4457.33, 10, 2e-20, 3e-20, 2e-20, 2e-20, -1
0.536462, 0.238267, 0.599892, 0.05, -0.106402, 0.0344871, -0.114883, 0.160339, 1006.16, 9856.64, 10, 2e-20, 3e-20, 2e-20, 2e-20, -1
0.591064, 0.250122, 0.604856, 0.05, 0.0361387, -0.0635752, 0.00337616, 0.0732066, 1009.07, 14513.5, 10, 2e-20, 3e-20, 2e-20, 2e-20, -1
0.534161, 0.356079, 0.707129, 0.05, -0.0285193, -0.0236996, -0.0610062, 0.0713918, 1004.09, 6547.76, 10, 2e-20, 3e-20, 2e-20, 2e-20, -1
0.556273, 0.32004, 0.661901, 0.05, -0.026788, 0.0333697, -0.0507395, 0.0663749, 1004.17, 6679.95, 10, 2e-20, 3e-20, 2e-20, 2e-20, -1
0.547327, 0.304873, 0.713445, 0.05, -0.0146306, 0.0341529, -0.0545535, 0.0660042, 1004.22, 6747.93, 10, 2e-20, 3e-20, 2e-20, 2e-20, -1
0.537726, 0.261431, 0.763797, 0.05, -0.0869746, -0.0543597, -0.0481874, 0.113321, 1005.22, 8345.53, 10, 2e-20, 3e-20, 2e-20, 2e-20, -1
0.515659, 0.267355, 0.818185, 0.05, -0.0919612, -0.0733869, -0.0723513, 0.13812, 1007.38, 11814.3, 10, 2e-20, 3e-20, 2e-20, 2e-20, -1
0.559544, 0.232454, 0.882078, 0.05, -0.0319993, -0.0707669, -0.135999, 0.156613, 1004.5, 7193.63, 10, 2e-20, 3e-20, 2e-20, 2e-20, -1
0.500045, 0.223091, 0.849344, 0.05, -0.110399, -0.0870264, -0.00907252, 0.140868, 1007.37, 11789.2, 10, 2e-20, 3e-20, 2e-20, 2e-20, -1
0.479489, 0.294533, 0.970656, 0.05, -0.192279, -0.0142999, -0.0882557, 0.212049, 1003.19, 5098.49, 10, 2e-20, 3e-20, 2e-20, 2e-20, -1
0.474908, 0.227737, 0.925084, 0.05, -0.000882978, -0.110934, -0.0189565, 0.112545, 1000.5, 806.684, 10, 2e-20, 3e-20, 2e-20, 2e-20, -1
0.431027, 0.258306, 0.984533, 0.05, 0.063843, -0.0291724, -0.0581424, 0.0911455, 997.309, -4306.29, 10, 2e-20, 3e-20, 2e-20, 2e-20, -1
0.407951, 0.223721, 1.01938, 0.05, -0.0327543, -0.0191215, 0.0104016, 0.0393277, 1001.41, 2258.98, 10, 2e-20, 3e-20, 2e-20, 2e-20, -1
0.401966, 0.196106, 1.0787, 0.05, -0.176167, -0.110602, -0.00626093, 0.208103, 1001.2, 1917.2, 10, 2e-20, 3e-20, 2e-20, 2e-20, -1
0.458949, 0.214985, 1.01396, 0.05, -0.00442658, 0.0246969, -0.0594489, 0.0645268, 1001.4, 2235.89, 10, 2e-20, 3e-20, 2e-20, 2e-20, -1
0.234794, 0.207532, 1.2123, 0.05, -0.115538, -0.0813593, 0.0233918, 0.143233, 999.004, -1594.25, 10, 2e-20, 3e-20, 2e-20, 2e-20, -1
0.359908, 0.14878, 1.16733, 0.05, -0.219529, 0.0501861, 0.13159, 0.260821, 997.164, -4537.8, 10, 2e-20, 3e-20, 2e-20, 2e-20, -1
0.257941, 0.1593, 1.196, 0.05, -0.209293, -0.13918, 0.0928917, 0.267962, 998.631, -2191.19, 10, 2e-20, 3e-20, 2e-20, 2e-20, -1
0.218077, 0.147678, 1.23588, 0.05, -0.116195, -0.0643604, 0.0876721, 0.159153, 999.416, -934.531, 10, 2e-20, 3e-20, 2e-20, 2e-20, -1
0.155706, 0.115572, 1.25018, 0.05, 0.0302196, -0.0500846, 0.173983, 0.183553, 999.509, -785.458, 10, 2e-20, 3e-20, 2e-20, 2e-20, -1
0.138364, 0.214443, 1.27701, 0.05, -0.110177, 0.0740655, -0.0267535, 0.135427, 1004.47, 7147.71, 10, 2e-20, 3e-20, 2e-20, 2e-20, -1
0.0809315, 0.189125, 1.38728, 0.05, -0.0364674, -0.0352514, 0.109812, 0.12096, 1001.72, 2746.5, 10, 2e-20, 3e-20, 2e-20, 2e-20, -1
0.497814, 0.477524, 0.0506352, 0.05, -0.0391696, 0.165647, -0.0315003, 0.173106, 1015.1, 24167.2, 10, 2e-20, 3e-20, 2e-20, 2e-20, -1
0.499222, 0.444039, 0.148998, 0.05, -0.0748663, -0.132759, -0.0463802, 0.159314, 1003.14, 5017.5, 10, 2e-20, 3e-20, 2e-20, 2e-20, -1
0.48092, 0.420841, 0.105955, 0.05, -0.0639687, 0.0488756, 0.0274593, 0.0850578, 1002.29, 3668.59, 10, 2e-20, 3e-20, 2e-20, 2e-20, -1
0.504064, 0.459111, 0.0974091, 0.05, -0.116659, 0.116568, 0.0244133, 0.166714, 1009.65, 15442.7, 10, 2e-20, 3e-20, 2e-20, 2e-20, -1
0.4967, 0.389384, 0.150423, 0.05, -0.0784888, -0.0042831, -0.0300735, 0.084162, 1006.88, 11002.5, 10, 2e-20, 3e-20, 2e-20, 2e-20, -1
0.567285, 0.334281, 0.146958, 0.05, -0.0138186, -0.016851, 0.0282054, 0.0356435, 1003.42, 5471.48, 10, 2e-20, 3e-20, 2e-20, 2e-20, -1
0.538724, 0.369279, 0.163497, 0.05, -0.125093, -0.0844527, -0.0610772, 0.162822, 1005.84, 9337.09, 10, 2e-20, 3e-20, 2e-20, 2e-20, -1
0.601554, 0.307247, 0.162247, 0.05, -0.00581539, 0.0236902, 0.00718626, 0.02543, 1001.97, 3150.3, 10, 2e-20, 3e-20, 2e-20, 2e-20, -1
0.518001, 0.381927, 0.24415, 0.05, -0.0220482, 0.0543391, 0.0160861, 0.0608081, 1003.4, 5437.62, 10, 2e-20, 3e-20, 2e-20, 2e-20, -1
0.577149, 0.301169, 0.202032, 0.05, 0.00733057, -0.0360465, -0.00620537, 0.0373041, 1005.52, 8836.28, 10, 2e-20, 3e-20, 2e-20, 2e-20, -1
0.497825, 0.391489, 0.321983, 0.05, -0.00658615, -0.00131797, -0.00431586, 0.0079838, 1005.67, 9078.89, 10, 2e-20, 3e-20, 2e-20, 2e-20, -1
0.510964, 0.317089, 0.223015, 0.05, -0.00375511, 0.0258399, -0.0386141, 0.0466138, 1006.32, 10113, 10, 2e-20, 3e-20, 2e-20, 2e-20, -1
0.500093, 0.351022, 0.275398, 0.05, 0.0413644, -0.110885, -0.051472, 0.129058, 1009.74, 15589.4, 10, 2e-20, 3e-20, 2e-20, 2e-20, -1
0.527874, 0.38801, 0.362418, 0.05, -0.0232512, 0.0528839, -0.0206565, 0.0613516, 1007.75, 12402.8, 10, 2e-20, 3e-20, 2e-20, 2e-20, -1
0.534972, 0.480976, 0.444499, 0.05, 0.0311139, 0.0251265, 0.00423397, 0.0402162, 1004.19, 6708.97, 10, 2e-20, 3e-20, 2e-20, 2e-20, -1
0.47805, 0.369426, 0.373621, 0.05, 0.0290782, -0.0228544, 0.00871202, 0.0379969, 1005, 7999.67, 10, 2e-20, 3e-20, 2e-20, 2e-20, -1
0.479339, 0.319642, 0.347507, 0.05, 0.0119224, -0.0534246, -0.0578833, 0.0796668, 1008.7, 13917.1, 10, 2e-20, 3e-20, 2e-20, 2e-20, -1
0.482481, 0.386715, 0.442768, 0.05, 0.150602, -0.140504, -0.0796246, 0.220822, 1002.56, 4095.39, 10, 2e-20, 3e-20, 2e-20, 2e-20, -1
0.515212, 0.293986, 0.362724, 0.05, -0.102145, -0.0754528, -0.0641152, 0.142258, 1004.77, 7630.03, 10, 2e-20, 3e-20, 2e-20, 2e-20, -1
0.521958, 0.403291, 0.479494, 0.05, 0.0879975, -0.0380118, -0.0321117, 0.101092, 1002.48, 3973.72, 10, 2e-20, 3e-20, 2e-20, 2e-20, -1
0.485508, 0.383698, 0.513991, 0.05, 0.0018373, 0.0860875, 0.00249023, 0.0861431, 1007.68, 12283.3, 10, 2e-20, 3e-20, 2e-20, 2e-20, -1
0.49915, 0.445695, 0.709896, 0.05, 0.0117384, -0.0233147, 0.0515586, 0.0577898, 1005.41, 8659.16, 10, 2e-20, 3e-20, 2e-20, 2e-20, -1
0.482449, 0.325521, 0.497775, 0.05, -0.0634942, -0.0127308, -0.117666, 0.134309, 1005.13, 8214.08, 10, 2e-20, 3e-20, 2e-20, 2e-20, -1
0.479873, 0.393016, 0.560442, 0.05, -0.0193882, -0.0804448, -0.0696477, 0.108158, 1004.11, 6574.04, 10, 2e-20, 3e-20, 2e-20, 2e-20, -1
0.48486, 0.395756, 0.606475, 0.05, 0.0257767, -0.00751435, -0.0892846, 0.0932344, 999.265, -1175.42, 10, 2e-20, 3e-20, 2e-20, 2e-20, -1
0.495454, 0.404567, 0.656217, 0.05, 0.0269261, -0.0348689, 0.000800057, 0.0440624, 1006.2, 9915.31, 10, 2e-20, 3e-20, 2e-20, 2e-20, -1
0.541489, 0.327967, 0.589179, 0.05, 0.0401642, 0.0176759, -0.0308633, 0.0536484, 1004.19, 6705.06, 10, 2e-20, 3e-20, 2e-20, 2e-20, -1
0.545088, 0.39558, 0.754923, 0.05, 0.0192945, 0.0508093, -0.0708479, 0.0892933, 1001.86, 2971.38, 10, 2e-20, 3e-20, 2e-20, 2e-20, -1
0.510934, 0.29086, 0.596839, 0.05, -0.0441014, 0.0980609, -0.0941807, 0.142937, 1005.33, 8526.55, 10, 2e-20, 3e-20, 2e-20, 2e-20, -1
0.502593, 0.407547, 0.781588, 0.05, -0.0281987, 0.0343297, -0.147895, 0.154424, 1003.25, 5202.38, 10, 2e-20, 3e-20, 2e-20, 2e-20, -1
0.576422, 0.327726, 0.618307, 0.05, -0.0527954, -0.0342985, -0.0481461, 0.0792577, 1003.14, 5027.38, 10, 2e-20, 3e-20, 2e-20, 2e-20, -1
0.519308, 0.455018, 0.834318, 0.05, -0.0649812, -0.0175054, -0.0341575, 0.0754701, 1002.59, 4148.54, 10, 2e-20, 3e-20, 2e-20, 2e-20, -1
0.565826, 0.340409, 0.743833, 0.05, 0.0183632, -0.034263, -0.0361683, 0.0530971, 1000.61, 980.382, 10, 2e-20, 3e-20, 2e-20, 2e-20, -1
0.486216, 0.333109, 0.794228, 0.05, 0.0866937, -0.153386, -0.101567, 0.203369, 1006.81, 10895.1, 10, 2e-20, 3e-20, 2e-20, 2e-20, -1
0.488994, 0.331318, 0.854736, 0.05, -0.0156297, 0.0411895, -0.13594, 0.1429, 1002.37, 3796.07, 10, 2e-20, 3e-20, 2e-20, 2e-20, -1
0.523382, 0.315185, 0.764184, 0.05, 0.021445, -0.0786788, 0.0119694, 0.0824227, 1001.89, 3019.21, 10, 2e-20, 3e-20, 2e-20, 2e-20, -1
0.484533, 0.279451, 0.780823, 0.05, 0.0654958, -0.0337246, -0.0276959, 0.0787026, 1003.18, 5092.71, 10, 2e-20, 3e-20, 2e-20, 2e-20, -1
0.473533, 0.277726, 0.882191, 0.05, -0.0590419, -0.0338301, -0.10709, 0.12688, 998.581, -2269.79, 10, 2e-20, 3e-20, 2e-20, 2e-20, -1
0.451729, 0.277625, 0.933332, 0.05, -0.0835046, 0.0575662, 0.0566879, 0.116191, 1005.67, 9073.65, 10, 2e-20, 3e-20, 2e-20, 2e-20, -1
0.391314, 0.293142, 0.994835, 0.05, 0.00532498, -0.0349738, 0.0252523, 0.043465, 1002.08, 3332.37, 10, 2e-20, 3e-20, 2e-20, 2e-20, -1
0.371104, 0.216431, 1.03506, 0.05, -0.191131, -0.1421, 0.0335939, 0.240525, 1005.88, 9407.8, 10, 2e-20, 3e-20, 2e-20, 2e-20, -1
0.324604, 0.19346, 1.13596, 0.05, -0.0938103, 0.0357061, 0.0543959, 0.114167, 997.875, -3399.34, 10, 2e-20, 3e-20, 2e-20, 2e-20, -1
0.317926, 0.257629, 1.10393, 0.05, -0.0629172, -0.0199137, -0.0662352, 0.0934999, 998.026, -3157.79, 10, 2e-20, 3e-20, 2e-20, 2e-20, -1
0.358405, 0.224514, 1.11651, 0.05, -0.258873, 0.00985495, -0.00939388, 0.259231, 1000.66, 1056.08, 10, 2e-20, 3e-20, 2e-20, 2e-20, -1
0.313381, 0.291433, 1.05864, 0.05, -0.108037, -0.0248277, -0.0252024, 0.113681, 1001.47, 2348.26, 10, 2e-20, 3e-20, 2e-20, 2e-20, -1
0.273959, 0.203449, 1.14194, 0.05, -0.186772, -0.049073, 0.0354956, 0.196347, 996.659, -5345.23, 10, 2e-20, 3e-20, 2e-20, 2e-20, -1
0.291919, 0.226112, 1.10612, 0.05, -0.150655, -0.0232665, -0.0584593, 0.163266, 1001.46, 2339.09, 10, 2e-20, 3e-20, 2e-20, 2e-20, -1
0.306296, 0.23676, 1.15501, 0.05, -0.133149, -0.0698567, 0.0248949, 0.152408, 1001.19, 1896.68, 10, 2e-20, 3e-20, 2e-20, 2e-20, -1
0.182452, 0.187578, 1.2398, 0.05, -0.0701528, -0.113691, 0.0509931, 0.142994, 998.553, -2315.54, 10, 2e-20, 3e-20, 2e-20, 2e-20, -1
0.187852, 0.204169, 1.27318, 0.05, -0.0810107, 0.0594757, -0.0152896, 0.101656, 1000.38, 611.89, 10, 2e-20, 3e-20, 2e-20, 2e-20, -1
0.143208, 0.247807, 1.35384, 0.05, -0.136836, -0.117602, 0.172906, 0.249902, 1006.85, 10957.3, 10, 2e-20, 3e-20, 2e-20, 2e-20, -1
0.453533, 0.499972, 0.0550909, 0.05, 0.115458, -0.0204704, 0.112522, 0.162513, 1008.42, 13476.1, 10, 2e-20, 3e-20, 2e-20, 2e-20, -1
0.548964, 0.50154, 0.195384, 0.05, 0.128683, 0.00993276, 0.0946219, 0.160035, 1007.13, 11402.1, 10, 2e-20, 3e-20, 2e-20, 2e-20, -1
0.493114, 0.500376, 0.207274, 0.05, -0.0655954, -0.0689419, -0.0452587, 0.105376, 1012.17, 19473.1, 10, 2e-20, 3e-20, 2e-20, 2e-20, -1
0.477038, 0.454523, 0.234801, 0.05, 0.00502149, -0.0444145, 0.0909602, 0.101349, 1011.39, 18227.8, 10, 2e-20, 3e-20, 2e-20, 2e-20, -1
0.474947, 0.447434, 0.19166, 0.05, -0.0411025, -0.0114187, 0.0110788, 0.0440742, 1002.95, 4716.19, 10, 2e-20, 3e-20, 2e-20, 2e-20, -1
0.453231, 0.419395, 0.157431, 0.05, 0.0469318, 0.0187102, -0.00469308, 0.0507414, 1005.88, 9402.6, 10, 2e-20, 3e-20, 2e-20, 2e-20, -1
0.472983, 0.398626, 0.211325, 0.05, 0.00711469, -0.0330874, -0.027148, 0.0433868, 1011.13, 17806.8, 10, 2e-20, 3e-20, 2e-20, 2e-20, -1
0.505392, 0.450726, 0.27677, 0.05, -0.0555615, -0.104873, -0.101439, 0.156126, 1004.56, 7295.16, 10, 2e-20, 3e-20, 2e-20, 2e-20, -1
0.484777, 0.496364, 0.391532, 0.05, -0.00724855, -0.0416192, 0.0901991, 0.0996021, 1010.8, 17278.7, 10, 2e-20, 3e-20, 2e-20, 2e-20, -1
0.61417, 0.497745, 0.419304, 0.05, 0.0232746, -0.0244449, 0.0821084, 0.0887753, 1005.95, 9523.24, 10, 2e-20, 3e-20, 2e-20, 2e-20, -1
0.564505, 0.500986, 0.415879, 0.05, 0.0769553, -0.0473538, -0.0193177, 0.0923996, 1008.8, 14081.9, 10, 2e-20, 3e-20, 2e-20, 2e-20, -1
0.525287, 0.41318, 0.291367, 0.05, -0.0347176, 0.100001, -0.0519251, 0.117905, 1006.5, 10392.7, 10, 2e-20, 3e-20, 2e-20, 2e-20, -1
0.462132, 0.362217, 0.313667, 0.05, -0.0696458, -0.0919619, -0.120459, 0.166787, 1005.93, 9481.56, 10, 2e-20, 3e-20, 2e-20, 2e-20, -1
0.543261, 0.499273, 0.491923, 0.05, 0.0134713, 0.029406, -0.00170766, 0.0323899, 1009.28, 14842.7, 10, 2e-20, 3e-20, 2e-20, 2e-20, -1
0.497622, 0.442166, 0.456446, 0.05, 0.11464, -0.019277, -0.0331339, 0.120879, 1006.05, 9677.51, 10, 2e-20, 3e-20, 2e-20, 2e-20, -1
0.512918, 0.440578, 0.556454, 0.05, -0.082806, -0.0129849, 0.0711698, 0.109957, 1006.53, 10450, 10, 2e-20, 3e-20, 2e-20, 2e-20, -1
0.504636, 0.409126, 0.408237, 0.05, -0.00805158, -0.0870995, -0.0278182, 0.0917878, 1006.42, 10273.9, 10, 2e-20, 3e-20, 2e-20, 2e-20, -1
0.458414, 0.430811, 0.632631, 0.05, -0.0715898, 0.0217594, 0.0122355, 0.0758175, 1005.08, 8124.03, 10, 2e-20, 3e-20, 2e-20, 2e-20, -1
0.571671, 0.421823, 0.507051, 0.05, 0.132866, -0.0252662, -0.079235, 0.156748, 1000.87, 1397.39, 10, 2e-20, 3e-20, 2e-20, 2e-20, -1
0.532863, 0.429938, 0.613321, 0.05, -0.0050116, 0.0067901, 0.00209789, 0.00869614, 1002.92, 4675.43, 10, 2e-20, 3e-20, 2e-20, 2e-20, -1
0.564462, 0.417922, 0.657377, 0.05, -0.0573621, 0.0694796, -0.0279064, 0.0943218, 1003.94, 6297.84, 10, 2e-20, 3e-20, 2e-20, 2e-20, -1
0.520954, 0.450654, 0.784214, 0.05, -0.0194452, -0.103863, -0.0200471, 0.107553, 995.773, -6763.79, 10, 2e-20, 3e-20, 2e-20, 2e-20, -1
0.52938, 0.394231, 0.574964, 0.05, 0.00869608, -0.0336418, -0.00186005, 0.0347973, 1006.34, 10146, 10, 2e-20, 3e-20, 2e-20, 2e-20, -1
0.534048, 0.378516, 0.624739, 0.05, -0.0386129, -0.00363249, -0.0492398, 0.0626794, 1006.95, 11119.1, 10, 2e-20, 3e-20, 2e-20, 2e-20, -1
0.474956, 0.474543, 0.854023, 0.05, -0.00561649, -0.230612, 0.0265935, 0.232208, 998.723, -2043.37, 10, 2e-20, 3e-20, 2e-20, 2e-20, -1
0.425686, 0.439124, 0.963944, 0.05, 0.0142964, 0.0243999, 0.0107768, 0.0302636, 1000.87, 1392.56, 10, 2e-20, 3e-20, 2e-20, 2e-20, -1
0.475527, 0.438871, 0.81117, 0.05, -0.00397128, -0.06807, 0.0112859, 0.0691134, 1003.2, 5115.46, 10, 2e-20, 3e-20, 2e-20, 2e-20, -1
0.417581, 0.431965, 1.02411, 0.05, 0.0480251, -0.106885, -0.0364988, 0.122732, 1000.69, 1097.53, 10, 2e-20, 3e-20, 2e-20, 2e-20, -1
0.425449, 0.441469, 1.06105, 0.05, 0.0693022, -0.00428143, 0.049425, 0.0852288, 1001.91, 3059.07, 10, 2e-20, 3e-20, 2e-20, 2e-20, -1
0.397689, 0.453407, 1.0194, 0.05, -0.0534753, 0.0435231, 0.0140255, 0.0703604, 1000.17, 270.319, 10, 2e-20, 3e-20, 2e-20, 2e-20, -1
0.375231, 0.465221, 1.29147, 0.05, -0.0279043, -0.0317498, 0.0175273, 0.0457592, 1000, 2.07124, 10, 2e-20, 3e-20, 2e-20, 2e-20, -1
0.44883, 0.401055, 0.829311, 0.05, 0.0322437, -0.0120513, -0.0475121, 0.058671, 1005.7, 9118.98, 10, 2e-20, 3e-20, 2e-20, 2e-20, -1
0.478773, 0.381484, 0.878919, 0.05, 0.00214545, -0.052333, -0.148492, 0.157459, 1003.49, 5577.51, 10, 2e-20, 3e-20, 2e-20, 2e-20, -1
0.371146, 0.460415, 1.07725, 0.05, -0.101361, 0.0573875, -0.157916, 0.196227, 1001.23, 1973.71, 10, 2e-20, 3e-20, 2e-20, 2e-20, -1
0.435142, 0.381771, 0.919945, 0.05, -0.080567, -0.0446426, -0.126659, 0.15661, 1006.24, 9988.08, 10, 2e-20, 3e-20, 2e-20, 2e-20, -1
0.445717, 0.341197, 0.880032, 0.05, -0.0204483, -0.0328616, -0.0802437, 0.0890902, 999.577, -676.332, 10, 2e-20, 3e-20, 2e-20, 2e-20, -1
0.293379, 0.437084, 1.17177, 0.05, -0.0476699, -0.0459908, 0.0442137, 0.0796394, 1000.31, 491.188, 10, 2e-20, 3e-20, 2e-20, 2e-20, -1
0.440415, 0.330638, 0.93326, 0.05, 0.0885477, -0.0460408, -0.0245226, 0.102771, 999.47, -847.384, 10, 2e-20, 3e-20, 2e-20, 2e-20, -1
0.319972, 0.44651, 1.27447, 0.05, 0.053924, -0.0216179, 0.0138712, 0.0597289, 997.802, -3516.66, 10, 2e-20, 3e-20, 2e-20, 2e-20, -1
0.40482, 0.300383, 0.944323, 0.05, 0.0526855, 0.0288481, -0.0740978, 0.0953858, 1002.4, 3838.1, 10, 2e-20, 3e-20, 2e-20, 2e-20, -1
0.367239, 0.342815, 1.00173, 0.05, -0.0452501, 0.027245, -0.00614511, 0.0531754, 1006.71, 10728.3, 10, 2e-20, 3e-20, 2e-20, 2e-20, -1
0.321706, 0.252172, 1.02248, 0.05, -0.0587375, -0.0519323, 0.00716652, 0.07873, 1000.16, 251.972, 10, 2e-20, 3e-20, 2e-20, 2e-20, -1
0.286817, 0.345501, 1.02075, 0.05, 0.00829931, 0.0742133, -0.0818754, 0.110815, 1002.06, 3291.68, 10, 2e-20, 3e-20, 2e-20, 2e-20, -1
0.312686, 0.412198, 1.10335, 0.05, -0.155634, 0.114419, -0.0669842, 0.204452, 1002.8, 4474.39, 10, 2e-20, 3e-20, 2e-20, 2e-20, -1
0.319189, 0.366409, 1.09956, 0.05, -0.0736961, -0.00162888, -0.051619, 0.0899905, 1003.43, 5484.14, 10, 2e-20, 3e-20, 2e-20, 2e-20, -1
0.362607, 0.364597, 1.06222, 0.05, -0.139633, 0.0132538, -0.202868, 0.246634, 1000.6, 961.236, 10, 2e-20, 3e-20, 2e-20, 2e-20, -1
0.331191, 0.356576, 1.15121, 0.05, -0.113183, -0.0253808, -0.0809264, 0.141434, 1000.07, 107.651, 10, 2e-20, 3e-20, 2e-20, 2e-20, -1
0.353766, 0.337733, 1.09106, 0.05, -0.14588, -0.0606938, -0.06715, 0.171679, 1001.4, 2237.81, 10, 2e-20, 3e-20, 2e-20, 2e-20, -1
0.338378, 0.340577, 1.21801, 0.05, -0.0962621, -0.0666093, -0.0290546, 0.120612, 1001.92, 3078.03, 10, 2e-20, 3e-20, 2e-20, 2e-20, -1
0.247932, 0.301745, 1.17837, 0.05, -0.0936216, -0.00487983, -0.0800628, 0.123284, 1003.23, 5171.71, 10, 2e-20, 3e-20, 2e-20, 2e-20, -1
0.158112, 0.301256, 1.36466, 0.05, -0.122648, 0.0649195, -0.0548696, 0.149224, 1004.91, 7853.29, 10, 2e-20, 3e-20, 2e-20, 2e-20, -1
0.490125, 0.501917, 0.0963315, 0.05, -0.141117, 0.0169022, -0.105955, 0.177274, 1014.89, 23820.5, 10, 2e-20, 3e-20, 2e-20, 2e-20, -1
0.459565, 0.495477, 0.159874, 0.05, -0.101186, -0.0599682, -0.0929727, 0.149929, 1018.37, 29395.7, 10, 2e-20, 3e-20, 2e-20, 2e-20, -1
0.520861, 0.495303, 0.143416, 0.05, -0.0424441, -0.0433682, -0.0842727, 0.103847, 1018.92, 30278.1, 10, 2e-20, 3e-20, 2e-20, 2e-20, -1
0.5935, 0.496483, 0.155598, 0.05, 0.0969539, -0.0996348, 0.05878, 0.150938, 1016.03, 25649.8, 10, 2e-20, 3e-20, 2e-20, 2e-20, -1
0.562929, 0.491787, 0.322282, 0.05, 0.0453087, -0.0277305, 0.00813907, 0.053741, 1014.3, 22885.3, 10, 2e-20, 3e-20, 2e-20, 2e-20, -1
0.535397, 0.499955, 0.273985, 0.05, 0.0703828, -0.0758091, 0.0096183, 0.103891, 1014.96, 23932.2, 10, 2e-20, 3e-20, 2e-20, 2e-20, -1
0.522792, 0.445576, 0.339368, 0.05, 0.104983, -0.0361636, 0.00177694, 0.111051, 1007.27, 11634.8, 10, 2e-20, 3e-20, 2e-20, 2e-20, -1
0.485495, 0.49552, 0.510544, 0.05, 0.0303885, 0.0445122, 0.138079, 0.148224, 1012.96, 20737.3, 10, 2e-20, 3e-20, 2e-20, 2e-20, -1
0.652329, 0.494589, 0.612915, 0.05, -0.0201454, 0.0229382, 0.0221805, 0.0377356, 1009.47, 15149.3, 10, 2e-20, 3e-20, 2e-20, 2e-20, -1
0.626984, 0.491519, 1.15496, 0.05, -0.00106165, -0.0179358, 0.00282435, 0.0181878, 1007.32, 11705.8, 10, 2e-20, 3e-20, 2e-20, 2e-20, -1
0.599304, 0.492648, 0.596379, 0.05, -0.0605194, 0.0336401, 0.0223378, 0.0727546, 1009.72, 15553.2, 10, 2e-20, 3e-20, 2e-20, 2e-20, -1
0.597073, 0.500003, 0.475813, 0.05, 0.0493116, -0.0137408, -0.0167077, 0.0538479, 1009.19, 14707.3, 10, 2e-20, 3e-20, 2e-20, 2e-20, -1
0.645131, 0.497507, 0.796041, 0.05, 0.0347033, 0.027049, -0.103831, 0.112769, 1005.5, 8797.71, 10, 2e-20, 3e-20, 2e-20, 2e-20, -1
0.502562, 0.446307, 0.508414, 0.05, 0.0611982, -0.110361, -0.0864061, 0.15294, 1002.85, 4561.46, 10, 2e-20, 3e-20, 2e-20, 2e-20, -1
0.492191, 0.451755, 0.602035, 0.05, 0.0264014, -0.038828, 0.059412, 0.0757261, 1007.99, 12786.3, 10, 2e-20, 3e-20, 2e-20, 2e-20, -1
0.487759, -0.505224, 1.92321, 0.05, 0.028363, -0.00127489, -0.771177, 0.771699, 999.994, -9.47652, 10, 2e-20, 3e-20, 2e-20, 2e-20, -1
0.550837, 0.467574, 0.739976, 0.05, -0.0339444, -0.022992, 0.034039, 0.053287, 1003.65, 5838.4, 10, 2e-20, 3e-20, 2e-20, 2e-20, -1
0.599183, 0.492589, 0.830025, 0.05, -0.00953463, -0.0134294, 0.0468889, 0.0496974, 1006.65, 10635, 10, 2e-20, 3e-20, 2e-20, 2e-20, -1
0.553721, 0.490079, 0.86789, 0.05, 0.0552827, 0.0462729, 0.0902039, 0.115473, 1007.74, 12378.8, 10, 2e-20, 3e-20, 2e-20, 2e-20, -1
0.545383, 0.49527, 0.81932, 0.05, -0.0127039, -0.0265947, -0.00629252, 0.0301374, 1007.34, 11740.1, 10, 2e-20, 3e-20, 2e-20, 2e-20, -1
0.450134, 0.496797, 1.10502, 0.05, -0.0724, -0.0891396, 0.0988233, 0.151505, 997.508, -3987.18, 10, 2e-20, 3e-20, 2e-20, 2e-20, -1
0.51235, 0.499599, 0.924772, 0.05, -0.0184548, -0.00570076, 0.126251, 0.12772, 1005.51, 8821.52, 10, 2e-20, 3e-20, 2e-20, 2e-20, -1
0.590201, 0.458064, 0.766555, 0.05, -0.065197, -0.0402479, 0.0390747, 0.086008, 1006.5, 10392.2, 10, 2e-20, 3e-20, 2e-20, 2e-20, -1
0.514015, 0.48364, 1.06286, 0.05, 0.0165374, 0.004514, 0.0910341, 0.0926341, 1004.07, 6506.98, 10, 2e-20, 3e-20, 2e-20, 2e-20, -1
0.432846, 0.480076, 0.973965, 0.05, -0.0516288, -0.111929, 0.0086559, 0.123566, 1003.22, 5148.98, 10, 2e-20, 3e-20, 2e-20, 2e-20, -1
0.486957, 0.498214, 1.23685, 0.05, -0.104682, -0.102894, 0.0902766, 0.172324, 998.173, -2922.64, 10, 2e-20, 3e-20, 2e-20, 2e-20, -1
0.41337, 0.495656, 1.06251, 0.05, -0.0756567, -0.00160074, 0.0905295, 0.117992, 1001.24, 1987.43, 10, 2e-20, 3e-20, 2e-20, 2e-20, -1
0.51318, 0.499534, 1.11607, 0.05, -0.137098, -0.0589728, 0.0468698, 0.156431, 1002.84, 4550.47, 10, 2e-20, 3e-20, 2e-20, 2e-20, -1
0.987142, -0.248165, 1.37686, 0.05, -0.149674, 0.116593, -0.159691, 0.247987, 1000.41, 650.58, 10, 2e-20, 3e-20, 2e-20, 2e-20, -1
0.449141, 0.480878, 1.15232, 0.05, -0.0139562, -0.0560483, 0.134282, 0.146177, 1002.37, 3785.47, 10, 2e-20, 3e-20, 2e-20, 2e-20, -1
0.329872, 0.436752, 1.33332, 0.05, -0.111728, 0.00304302, 0.0397652, 0.118632, 1003.5, 5603.23, 10, 2e-20, 3e-20, 2e-20, 2e-20, -1
0.661617, 0.397291, 1.24998, 0.05, -0.189942, -0.0443617, -0.201286, 0.280289, 1001.44, 2296.52, 10, 2e-20, 3e-20, 2e-20, 2e-20, -1
0.389705, 0.438908, 1.15528, 0.05, -0.0599336, 0.00109468, 0.0137521, 0.0615009, 1005.59, 8940.24, 10, 2e-20, 3e-20, 2e-20, 2e-20, -1
0.372511, 0.511327, 1.29247, 0.05, -0.0758829, 0.0271615, -0.0292109, 0.0857277, 1001.11, 1774.82, 10, 2e-20, 3e-20, 2e-20, 2e-20, -1
0.360149, 0.420511, 1.3264, 0.05, -0.0920234, 0.0171412, 0.0486656, 0.105501, 1003.22, 5148.67, 10, 2e-20, 3e-20, 2e-20, 2e-20, -1
0.40733, 0.509454, 1.32306, 0.05, 0.0268402, -0.0645407, 0.0980309, 0.120399, 1000.27, 439.534, 10, 2e-20, 3e-20, 2e-20, 2e-20, -1
0.462944, 0.36686, 1.28268, 0.05, -0.0781028, -0.151602, -0.0242462, 0.172253, 999.349, -1041.28, 10, 2e-20, 3e-20, 2e-20, 2e-20, -1
0.498543, 0.377814, 1.23485, 0.05, -0.226813, 0.0603009, -0.0743394, 0.246184, 1000.59, 943.979, 10, 2e-20, 3e-20, 2e-20, 2e-20, -1
0.403647, 0.391327, 1.27988, 0.05, -0.263763, -0.0786663, 0.0781018, 0.28611, 1002.09, 3336.19, 10, 2e-20, 3e-20, 2e-20, 2e-20, -1
0.776248, 0.145829, 1.28345, 0.05, -0.150398, -0.0516924, -0.204058, 0.25871, 1002.06, 3302.67, 10, 2e-20, 3e-20, 2e-20, 2e-20, -1
0.450595, 0.417109, 1.33801, 0.05, -0.126647, 0.0273094, 0.0630524, 0.144086, 1002.7, 4316.36, 10, 2e-20, 3e-20, 2e-20, 2e-20, -1
0.684136, 0.36475, 1.34255, 0.05, -0.156005, -0.0669524, -0.019898, 0.170927, 997.92, -3327.74, 10, 2e-20, 3e-20, 2e-20, 2e-20, -1
0.292792, 0.394699, 1.24984, 0.05, -0.137506, -0.0241885, -0.0423195, 0.14589, 997.495, -4007.72, 10, 2e-20, 3e-20, 2e-20, 2e-20, -1
0.430835, 0.337102, 1.31928, 0.05, -0.148824, -0.0397312, -0.0889248, 0.177862, 1000.58, 925.266, 10, 2e-20, 3e-20, 2e-20, 2e-20, -1
0.337181, 0.397597, 1.14067, 0.05, -0.111807, -0.0180682, -0.0849449, 0.141573, 999.045, -1528.24, 10, 2e-20, 3e-20, 2e-20, 2e-20, -1
0.27855, 0.304524, 1.22419, 0.05, -0.143623, 0.0912835, -0.0176873, 0.171094, 997.969, -3249.95, 10, 2e-20, 3e-20, 2e-20, 2e-20, -1
0.195742, 0.255014, 1.37351, 0.05, -0.0750125, 0.00378033, 0.100056, 0.12511, 999.315, -1095.75, 10, 2e-20, 3e-20, 2e-20, 2e-20, -1
0.557203, 0.294326, 1.35822, 0.05, -0.185131, -0.104518, -0.191777, 0.286315, 1000.51, 811.942, 10, 2e-20, 3e-20, 2e-20, 2e-20, -1
0.553086, 0.41667, 1.36575, 0.05, -0.110217, -0.143803, -0.014165, 0.181735, 1003.35, 5356.37, 10, 2e-20, 3e-20, 2e-20, 2e-20, -1
0.430562, 0.446543, 1.42227, 0.05, -0.0403933, 0.0391633, 0.076776, 0.0951837, 1000.18, 285.941, 10, 2e-20, 3e-20, 2e-20, 2e-20, -1
0.220825, 0.218723, 1.41953, 0.05, -0.150187, -0.305166, 0.130687, 0.364365, 1000.68, 1094.95, 10, 2e-20, 3e-20, 2e-20, 2e-20, -1
0.55066, -0.448535, 0.0497091, 0.05, -0.0293117, -0.0837708, 0.0829202, 0.12146, 1011, 17600.2, 10, 2e-20, 3e-20, 2e-20, 2e-20, -1
0.518032, -0.491684, 0.0583802, 0.05, -0.104237, -0.0609295, -0.0387543, 0.126806, 1017.86, 28580.6, 10, 2e-20, 3e-20, 2e-20, 2e-20, -1
0.59186, -0.494487, 0.261189, 0.05, -0.119109, -0.0249017, 0.0569517, 0.134353, 1022.18, 35489.4, 10, 2e-20, 3e-20, 2e-20, 2e-20, -1
0.524827, -0.494439, 0.247046, 0.05, 0.0873941, -0.0371766, 0.151579, 0.178874, 1018.09, 28944.7, 10, 2e-20, 3e-20, 2e-20, 2e-20, -1
0.565621, -0.498483, 0.200909, 0.05, -0.132478, 0.0825739, 0.0993857, 0.185058, 1015.02, 24032.1, 10, 2e-20, 3e-20, 2e-20, 2e-20, -1
0.561476, -0.498902, 0.36809, 0.05, -0.0786425, 0.113652, 0.0713211, 0.155525, 1010.76, 17220.2, 10, 2e-20, 3e-20, 2e-20, 2e-20, -1
0.534923, -0.47108, 0.382756, 0.05, 0.0382153, 0.0768572, 0.275269, 0.288341, 1003.51, 5609.76, 10, 2e-20, 3e-20, 2e-20, 2e-20, -1
0.517375, -0.496878, 0.427191, 0.05, 0.0468067, 0.0638616, 0.0365658, 0.0872137, 1014.49, 23186.3, 10, 2e-20, 3e-20, 2e-20, 2e-20, -1
0.509457, -0.46559, 0.514716, 0.05, 0.0308245, 0.0075631, 0.0672134, 0.0743302, 1004.38, 7006.26, 10, 2e-20, 3e-20, 2e-20, 2e-20, -1
0.540793, -0.493663, 0.554973, 0.05, -0.184722, 0.0684535, 0.096455, 0.219344, 1013.51, 21615.6, 10, 2e-20, 3e-20, 2e-20, 2e-20, -1
0.59908, -0.492798, 0.556485, 0.05, -0.0605236, -0.0210187, 0.0613335, 0.0886944, 1011.92, 19076.5, 10, 2e-20, 3e-20, 2e-20, 2e-20, -1
0.49324, -0.490964, 0.59672, 0.05, -0.101505, 0.0182298, -0.0854922, 0.133957, 1005.37, 8597.41, 10, 2e-20, 3e-20, 2e-20, 2e-20, -1
0.626036, -0.494323, 0.763967, 0.05, -0.0741346, -0.0699321, 0.151433, 0.182534, 1008.66, 13860.1, 10, 2e-20, 3e-20, 2e-20, 2e-20, -1
0.448062, -0.496074, 0.709191, 0.05, -0.0212178, -0.0228209, 0.0733906, 0.0797318, 1007.76, 12417.3, 10, 2e-20, 3e-20, 2e-20, 2e-20, -1
0.523747, -0.498741, 0.79714, 0.05, 0.122896, 0.019858, 0.10394, 0.162176, 1006.21, 9935.6, 10, 2e-20, 3e-20, 2e-20, 2e-20, -1
0.544559, -0.496346, 0.858279, 0.05, 0.0577947, -0.0351128, 0.236599, 0.246074, 1004.3, 6886.91, 10, 2e-20, 3e-20, 2e-20, 2e-20, -1
0.566604, -0.462734, 0.71286, 0.05, 0.0390352, -0.0104053, 0.0791977, 0.0889061, 1002.19, 3506.73, 10, 2e-20, 3e-20, 2e-20, 2e-20, -1
0.549195, -0.491883, 0.914648, 0.05, -0.132842, -0.0747501, 0.10517, 0.18519, 1003.69, 5906.69, 10, 2e-20, 3e-20, 2e-20, 2e-20, -1
0.503959, -0.501123, 1.02568, 0.05, -0.0433021, 0.0258247, 0.24759, 0.252671, 1004.07, 6514.5, 10, 2e-20, 3e-20, 2e-20, 2e-20, -1
0.541879, -0.447602, 0.827828, 0.05, 0.010196, -0.0971136, 0.0631, 0.116261, 1002.94, 4710.68, 10, 2e-20, 3e-20, 2e-20, 2e-20, -1
0.450159, -0.494436, 1.16139, 0.05, -0.173365, 0.0162597, 0.252027, 0.306329, 1001.01, 1622.34, 10, 2e-20, 3e-20, 2e-20, 2e-20, -1
0.534784, -0.495588, 0.958288, 0.05, 0.00457787, 0.0413588, 0.00224021, 0.0416716, 1004.77, 7635.28, 10, 2e-20, 3e-20, 2e-20, 2e-20, -1
0.452599, -0.474356, 0.94166, 0.05, -0.0237291, 0.1226, -0.0342151, 0.129478, 1002.32, 3710.02, 10, 2e-20, 3e-20, 2e-20, 2e-20, -1
0.517235, -0.502913, 1.15645, 0.05, -0.0764985, 2.11782e-05, 0.181669, 0.197118, 1005.09, 8145.61, 10, 2e-20, 3e-20, 2e-20, 2e-20, -1
0.552397, -0.499956, 1.06291, 0.05, -0.134117, 0.0728244, 0.317293, 0.352087, 1004.44, 7099.45, 10, 2e-20, 3e-20, 2e-20, 2e-20, -1
0.608887, -0.448769, 1.02576, 0.05, 0.000782663, 0.0312466, 0.171287, 0.174116, 1002.02, 3237.16, 10, 2e-20, 3e-20, 2e-20, 2e-20, -1
0.554994, -0.499053, 1.20856, 0.05, 0.00514216, -0.0119015, 0.155833, 0.156372, 1008.74, 13991.2, 10, 2e-20, 3e-20, 2e-20, 2e-20, -1
0.529696, -0.460412, 1.025, 0.05, -0.0794785, -0.00385501, 0.244053, 0.256698, 1004.35, 6954.39, 10, 2e-20, 3e-20, 2e-20, 2e-20, -1
0.624875, -0.167426, 1.36296, 0.05, -0.155776, 0.0499874, 0.236861, 0.287868, 1002.12, 3399.68, 10, 2e-20, 3e-20, 2e-20, 2e-20, -1
0.493181, -0.498809, 1.10041, 0.05, -0.0570958, 0.0865129, 0.224277, 0.247072, 998.455, -2472.21, 10, 2e-20, 3e-20, 2e-20, 2e-20, -1
0.417487, -0.491078, 1.39935, 0.05, -0.116157, 0.0436306, -0.132189, 0.181301, 998.548, -2323.89, 10, 2e-20, 3e-20, 2e-20, 2e-20, -1
0.412148, -0.498628, 1.35108, 0.05, -0.196158, 0.0836669, 0.14119, 0.25576, 999.368, -1010.5, 10, 2e-20, 3e-20, 2e-20, 2e-20, -1
0.415296, -0.426914, 1.12269, 0.05, -0.184114, -0.237875, 0.191383, 0.356525, 1003.88, 6207.43, 10, 2e-20, 3e-20, 2e-20, 2e-20, -1
0.473125, -0.328818, 1.37379, 0.05, -0.229433, 0.044031, -0.159593, 0.282928, 1001.23, 1961.62, 10, 2e-20, 3e-20, 2e-20, 2e-20, -1
0.470343, -0.351213, 1.01381, 0.05, -0.0672259, 0.0253915, 0.13241, 0.150653, 1003.91, 6257.51, 10, 2e-20, 3e-20, 2e-20, 2e-20, -1
0.445371, -0.463378, 1.20815, 0.05, -0.0493351, 0.233096, 0.138336, 0.275508, 994.901, -8157.84, 10, 2e-20, 3e-20, 2e-20, 2e-20, -1
0.383925, -0.448319, 1.24804, 0.05, -0.109352, 0.212593, 0.240681, 0.339236, 1002.21, 3538.62, 10, 2e-20, 3e-20, 2e-20, 2e-20, -1
0.365847, -0.356999, 1.39699, 0.05, -0.344376, -0.142397, -0.0251884, 0.373505, 996.6, -5439.88, 10, 2e-20, 3e-20, 2e-20, 2e-20, -1
0.403, -0.433015, 1.39926, 0.05, -0.432918, -0.135412, -0.194636, 0.493597, 997.448, -4083.69, 10, 2e-20, 3e-20, 2e-20, 2e-20, -1
0.45402, -0.395581, 1.43301, 0.05, -0.114614, 0.10081, -0.369254, 0.39956, 1002.71, 4331.53, 10, 2e-20, 3e-20, 2e-20, 2e-20, -1
0.366559, -0.52329, 1.35214, 0.05, -0.0709573, 0.0335701, -0.115635, 0.139762, 1002.35, 3765.51, 10, 2e-20, 3e-20, 2e-20, 2e-20, -1
0.399793, -0.242508, 1.44658, 0.05, -0.465251, 0.194575, -0.123855, 0.519286, 997.135, -4583.44, 10, 2e-20, 3e-20, 2e-20, 2e-20, -1
0.583452, -0.347127, 1.31626, 0.05, -0.139522, 0.0911924, 0.0194297, 0.16781, 997.924, -3320.99, 10, 2e-20, 3e-20, 2e-20, 2e-20, -1
0.499189, -0.268045, 1.37969, 0.05, -0.0195021, 0.114178, 0.0652212, 0.132932, 1002.81, 4493.09, 10, 2e-20, 3e-20, 2e-20, 2e-20, -1
0.377926, -0.325037, 1.35007, 0.05, -0.157377, 0.0216785, 0.126289, 0.202944, 991.066, -14293.8, 10, 2e-20, 3e-20, 2e-20, 2e-20, -1
0.423517, -0.241823, 1.33245, 0.05, -0.2117, -0.00836989, -0.0177188, 0.212605, 1000.43, 683.294, 10, 2e-20, 3e-20, 2e-20, 2e-20, -1
0.671539, -0.465451, 1.38772, 0.05, 0.244255, 0.0989411, 0.248692, 0.36235, 999.64, -575.581, 10, 2e-20, 3e-20, 2e-20, 2e-20, -1
0.425401, -0.323327, 1.3526, 0.05, -0.280455, 0.0872539, -0.154698, 0.331963, 1000.64, 1027.6, 10, 2e-20, 3e-20, 2e-20, 2e-20, -1
0.312351, -0.264185, 1.27378, 0.05, -0.285767, 0.0426689, 0.256185, 0.386153, 999.802, -317.177, 10, 2e-20, 3e-20, 2e-20, 2e-20, -1
0.328765, -0.232274, 1.35772, 0.05, -0.259566, 0.116291, 0.124315, 0.310407, 999.893, -171.573, 10, 2e-20, 3e-20, 2e-20, 2e-20, -1
0.368882, -0.273854, 1.43583, 0.05, -0.459315, 0.161226, -0.0703235, 0.491843, 1004.6, 7361.16, 10, 2e-20, 3e-20, 2e-20, 2e-20, -1
0.536618, -0.355925, 0.0511057, 0.05, -0.111475, -0.0763475, 0.0233055, 0.137109, 1008.38, 13412.7, 10, 2e-20, 3e-20, 2e-20, 2e-20, -1
0.517579, -0.497692, 0.167763, 0.05, 0.0651188, -0.0967513, 0.104582, 0.156648, 1019.53, 31241, 10, 2e-20, 3e-20, 2e-20, 2e-20, -1
0.552616, -0.499547, 0.117286, 0.05, 0.106602, 0.0459741, -0.0269259, 0.119175, 1003.85, 6160.64, 10, 2e-20, 3e-20, 2e-20, 2e-20, -1
0.62705, -0.498032, 0.201447, 0.05, -0.0701824, 0.0916216, -0.00930236, 0.115787, 1006.29, 10068.6, 10, 2e-20, 3e-20, 2e-20, 2e-20, -1
0.558722, -0.437901, 0.157643, 0.05, -0.11105, -0.13114, -0.141779, 0.22278, 1006.71, 10742.8, 10, 2e-20, 3e-20, 2e-20, 2e-20, -1
0.600347, -0.443098, 0.166719, 0.05, -0.0774272, 0.281034, 0.00464643, 0.291542, 1005.76, 9211.7, 10, 2e-20, 3e-20, 2e-20, 2e-20, -1
0.611573, -0.417864, 0.201877, 0.05, -0.261215, -0.07475, 0.0264744, 0.272987, 1006.24, 9979.66, 10, 2e-20, 3e-20, 2e-20, 2e-20, -1
0.472137, -0.470004, 0.401222, 0.05, 0.0112211, 0.126481, 0.237492, 0.269307, 1008.02, 12829.3, 10, 2e-20, 3e-20, 2e-20, 2e-20, -1
0.494291, -0.501675, 0.487464, 0.05, -0.0632118, 0.024659, 0.0784184, 0.103698, 1008.18, 13093.6, 10, 2e-20, 3e-20, 2e-20, 2e-20, -1
0.561091, -0.38914, 0.416121, 0.05, -0.026154, 0.0264847, -0.0559201, 0.0671753, 1002.74, 4388.68, 10, 2e-20, 3e-20, 2e-20, 2e-20, -1
0.544952, -0.42532, 0.39888, 0.05, -0.0626442, -0.0266607, 0.00430961, 0.0682178, 1005.82, 9309.66, 10, 2e-20, 3e-20, 2e-20, 2e-20, -1
0.566513, -0.41468, 0.456965, 0.05, -0.0106587, -0.0848038, 0.0805471, 0.117444, 1000.44, 700.49, 10, 2e-20, 3e-20, 2e-20, 2e-20, -1
0.513349, -0.395529, 0.400314, 0.05, -0.0768923, 0.0169679, -0.00163623, 0.0787592, 1001.36, 2173.09, 10, 2e-20, 3e-20, 2e-20, 2e-20, -1
0.530304, -0.454456, 0.464898, 0.05, -0.0840703, 0.0523201, -0.0277585, 0.102838, 999.554, -713.455, 10, 2e-20, 3e-20, 2e-20, 2e-20, -1
0.559823, -0.451216, 0.503104, 0.05, -0.106346, -0.0682719, -0.0199417, 0.127938, 1007.9, 12640, 10, 2e-20, 3e-20, 2e-20, 2e-20, -1
0.500648, -0.445975, 0.561637, 0.05, -0.043927, -0.0987741, 0.0281878, 0.111716, 1007.67, 12274.3, 10, 2e-20, 3e-20, 2e-20, 2e-20, -1
0.502725, -0.427619, 0.516478, 0.05, -0.100322, -0.0427622, 0.0704728, 0.129844, 1005.27, 8430.39, 10, 2e-20, 3e-20, 2e-20, 2e-20, -1
0.541626, -0.419299, 0.597458, 0.05, -0.00213236, -0.134533, -0.0817917, 0.15746, 1004.34, 6950.59, 10, 2e-20, 3e-20, 2e-20, 2e-20, -1
0.523835, -0.404901, 0.54913, 0.05, -0.0149791, 0.0472357, -0.0350251, 0.0606823, 1003.83, 6135.35, 10, 2e-20, 3e-20, 2e-20, 2e-20, -1
0.495585, -0.388304, 0.607425, 0.05, -0.108385, 0.0270497, 0.0317198, 0.116126, 1007.94, 12705.9, 10, 2e-20, 3e-20, 2e-20, 2e-20, -1
0.538043, -0.388263, 0.632161, 0.05, -0.103289, 0.0643231, 0.0312314, 0.125624, 1006.57, 10508.7, 10, 2e-20, 3e-20, 2e-20, 2e-20, -1
0.529739, -0.445037, 0.682636, 0.05, -0.0332701, 0.0467643, -0.111452, 0.125361, 1003.76, 6011.64, 10, 2e-20, 3e-20, 2e-20, 2e-20, -1
0.480219, -0.433745, 0.904076, 0.05, -0.0549213, -0.0736328, 0.157097, 0.181982, 998.808, -1907.89, 10, 2e-20, 3e-20, 2e-20, 2e-20, -1
0.511358, -0.442581, 0.737271, 0.05, 0.00920348, 0.0772345, 0.0750416, 0.108079, 1001.17, 1871.67, 10, 2e-20, 3e-20, 2e-20, 2e-20, -1
0.485224, -0.420944, 0.793249, 0.05, 0.0248879, 0.0323064, 0.0469591, 0.0621954, 1002.28, 3653.68, 10, 2e-20, 3e-20, 2e-20, 2e-20, -1
0.504922, -0.450489, 0.957469, 0.05, 0.0218998, -0.0116074, -0.0933666, 0.0966004, 999.699, -481.109, 10, 2e-20, 3e-20, 2e-20, 2e-20, -1
0.505633, -0.388404, 0.802554, 0.05, -0.0872623, 0.0365778, 0.0705467, 0.118023, 1005.66, 9058.16, 10, 2e-20, 3e-20, 2e-20, 2e-20, -1
0.541886, -0.381286, 0.681766, 0.05, 0.0177887, -0.02454, 0.0493488, 0.0579133, 1004.68, 7480.23, 10, 2e-20, 3e-20, 2e-20, 2e-20, -1
0.554632, -0.404966, 0.814094, 0.05, 0.011498, -0.0165813, 0.0607246, 0.0639892, 1004.19, 6704.97, 10, 2e-20, 3e-20, 2e-20, 2e-20, -1
0.492969, -0.4422, 1.00293, 0.05, -0.143754, 0.0517954, 0.211578, 0.260985, 1000.44, 698.091, 10, 2e-20, 3e-20, 2e-20, 2e-20, -1
0.525933, -0.47404, 1.09532, 0.05, -0.0744865, 0.101063, 0.232647, 0.264361, 999.882, -189.029, 10, 2e-20, 3e-20, 2e-20, 2e-20, -1
0.563462, -0.421981, 1.00852, 0.05, 0.0520656, 0.0428929, -0.0664378, 0.0946816, 997.054, -4714.31, 10, 2e-20, 3e-20, 2e-20, 2e-20, -1
0.545496, -0.356763, 0.891498, 0.05, -0.171189, 0.00254773, -0.0878136, 0.192414, 1005.34, 8544.23, 10, 2e-20, 3e-20, 2e-20, 2e-20, -1
0.465271, -0.443127, 1.11035, 0.05, -0.0110122, -0.00881149, 0.0821774, 0.0833788, 1000.18, 288.151, 10, 2e-20, 3e-20, 2e-20, 2e-20, -1
0.513122, -0.341076, 0.935885, 0.05, -0.00198244, -0.00847662, -0.0326675, 0.0338075, 1002.73, 4364.26, 10, 2e-20, 3e-20, 2e-20, 2e-20, -1
0.510705, -0.322729, 0.981486, 0.05, -0.111088, -0.0343906, 0.128116, 0.173023, 1000.32, 512.732, 10, 2e-20, 3e-20, 2e-20, 2e-20, -1
0.498263, -0.291817, 0.910729, 0.05, 0.0111404, -0.0389343, -0.0348475, 0.053426, 1002.46, 3940.01, 10, 2e-20, 3e-20, 2e-20, 2e-20, -1
0.479237, -0.376565, 1.06508, 0.05, -0.18306, 0.133005, 0.0901308, 0.243567, 1003.57, 5714.1, 10, 2e-20, 3e-20, 2e-20, 2e-20, -1
0.410745, -0.429624, 1.23336, 0.05, -0.0589759, 0.0941472, 0.0566375, 0.124698, 1000.43, 693.55, 10, 2e-20, 3e-20, 2e-20, 2e-20, -1
0.435887, -0.411269, 1.16378, 0.05, -0.186958, -0.224076, 0.0661095, 0.299222, 1007.91, 12659.4, 10, 2e-20, 3e-20, 2e-20, 2e-20, -1
0.464129, -0.436472, 1.26428, 0.05, 0.0252057, 0.0991879, 0.076895, 0.128009, 996.902, -4956.12, 10, 2e-20, 3e-20, 2e-20, 2e-20, -1
0.481632, -0.325298, 1.07039, 0.05, -0.21576, -0.0417609, -0.0495208, 0.225274, 1005.34, 8547.57, 10, 2e-20, 3e-20, 2e-20, 2e-20, -1
0.450095, -0.408415, 1.22261, 0.05, -0.132507, -0.299556, 0.0306537, 0.328986, 1003.07, 4909.93, 10, 2e-20, 3e-20, 2e-20, 2e-20, -1
0.455016, -0.243876, 1.04817, 0.05, -0.0784598, -0.0557643, -0.0302733, 0.100906, 1003.21, 5142.25, 10, 2e-20, 3e-20, 2e-20, 2e-20, -1
0.422338, -0.259155, 1.10911, 0.05, -0.135647, 0.01098, 0.0684559, 0.152338, 999.736, -422.98, 10, 2e-20, 3e-20, 2e-20, 2e-20, -1
0.416822, -0.201748, 1.13929, 0.05, -0.0795914, -0.00418284, 0.116383, 0.141058, 1004.57, 7313.53, 10, 2e-20, 3e-20, 2e-20, 2e-20, -1
0.4258, -0.341416, 1.15123, 0.05, -0.0279254, 0.0424618, 0.0845886, 0.0986816, 1000.26, 422.59, 10, 2e-20, 3e-20, 2e-20, 2e-20, -1
0.389638, -0.237931, 1.1716, 0.05, -0.115634, -0.0797624, -0.00611865, 0.140608, 999.774, -362.395, 10, 2e-20, 3e-20, 2e-20, 2e-20, -1
0.392426, -0.291671, 1.22094, 0.05, -0.122771, -0.103357, 0.264979, 0.309789, 1003.52, 5624.85, 10, 2e-20, 3e-20, 2e-20, 2e-20, -1
0.295894, -0.196345, 1.37018, 0.05, -0.274051, 0.0173309, 0.259286, 0.377669, 997.678, -3714.63, 10, 2e-20, 3e-20, 2e-20, 2e-20, -1
0.278453, -0.20178, 1.4272, 0.05, -0.265868, 0.230869, 0.196345, 0.40316, 994.949, -8082.15, 10, 2e-20, 3e-20, 2e-20, 2e-20, -1
0.580756, -0.395945, 0.124482, 0.05, -0.0559064, -0.136051, 0.208129, 0.254858, 1014.92, 23866.4, 10, 2e-20, 3e-20, 2e-20, 2e-20, -1
0.59099, -0.43571, 0.0706733, 0.05, -0.148347, 0.146185, 0.0373988, 0.211603, 1003.73, 5963.34, 10, 2e-20, 3e-20, 2e-20, 2e-20, -1
0.672872, -0.398268, 0.105654, 0.05, 0.17895, 0.0249492, 0.001243, 0.180685, 1009.04, 14457.2, 10, 2e-20, 3e-20, 2e-20, 2e-20, -1
0.612949, -0.471935, 0.131906, 0.05, 0.304651, 0.0536834, 0.280725, 0.417733, 1008.53, 13654.9, 10, 2e-20, 3e-20, 2e-20, 2e-20, -1
0.571611, -0.464199, 0.112315, 0.05, 0.234926, -0.0297412, 0.137942, 0.274049, 1006.19, 9906.74, 10, 2e-20, 3e-20, 2e-20, 2e-20, -1
0.576895, -0.37288, 0.17927, 0.05, -0.00794661, -0.0638791, 0.0240674, 0.0687236, 1005.8, 9286.05, 10, 2e-20, 3e-20, 2e-20, 2e-20, -1
0.574086, -0.292308, 0.174241, 0.05, -0.0900003, -0.0579196, -0.0943595, 0.142683, 1017.65, 28245.5, 10, 2e-20, 3e-20, 2e-20, 2e-20, -1
0.533283, -0.394705, 0.165411, 0.05, -0.0712749, -0.0277205, 0.153071, 0.171112, 1007.94, 12708.5, 10, 2e-20, 3e-20, 2e-20, 2e-20, -1
0.526568, -0.439258, 0.23811, 0.05, -0.0161298, 0.0785784, 0.151331, 0.171277, 1009, 14399.1, 10, 2e-20, 3e-20, 2e-20, 2e-20, -1
0.581428, -0.445938, 0.313432, 0.05, -0.0234763, -0.0861334, -0.00247195, 0.0893097, 1009.23, 14769.1, 10, 2e-20, 3e-20, 2e-20, 2e-20, -1
0.555883, -0.39331, 0.3231, 0.05, -0.0410414, -0.0377688, 0.0227603, 0.0602404, 1009.57, 15308.3, 10, 2e-20, 3e-20, 2e-20, 2e-20, -1
0.508061, -0.387431, 0.320028, 0.05, 0.0719243, -0.112763, 0.133775, 0.189167, 1009.99, 15979.8, 10, 2e-20, 3e-20, 2e-20, 2e-20, -1
0.562734, -0.340595, 0.313861, 0.05, 0.0630121, -0.0756485, -0.106809, 0.145263, 1009.04, 14462.1, 10, 2e-20, 3e-20, 2e-20, 2e-20, -1
0.578266, -0.388263, 0.369657, 0.05, -0.015857, -0.1113, 0.0206437, 0.114303, 1007.83, 12525.9, 10, 2e-20, 3e-20, 2e-20, 2e-20, -1
0.450953, -0.445068, 0.552089, 0.05, 0.0136429, -0.00689579, 0.0334433, 0.0367714, 1001.49, 2384.51, 10, 2e-20, 3e-20, 2e-20, 2e-20, -1
0.536077, -0.3705, 0.372378, 0.05, -0.0287657, 0.0463641, 0.0711621, 0.0896724, 1002.83, 4523.73, 10, 2e-20, 3e-20, 2e-20, 2e-20, -1
0.516957, -0.393678, 0.45671, 0.05, -0.0437254, -0.0581216, -0.0214176, 0.0758205, 1011.11, 17781.5, 10, 2e-20, 3e-20, 2e-20, 2e-20, -1
0.51345, -0.350588, 0.427861, 0.05, -0.0511568, 0.0155676, -0.0489026, 0.0724627, 1009.71, 15531.6, 10, 2e-20, 3e-20, 2e-20, 2e-20, -1
0.556764, -0.321299, 0.409955, 0.05, -0.0156758, 0.00888035, -0.028542, 0.0337525, 1007.28, 11646.4, 10, 2e-20, 3e-20, 2e-20, 2e-20, -1
0.489463, -0.379482, 0.500543, 0.05, -0.068093, -0.023031, 0.171372, 0.185837, 1005.96, 9532.17, 10, 2e-20, 3e-20, 2e-20, 2e-20, -1
0.521811, -0.360612, 0.580177, 0.05, -0.0666705, 0.105967, 0.0242996, 0.127532, 1003.8, 6074.17, 10, 2e-20, 3e-20, 2e-20, 2e-20, -1
0.504493, -0.315334, 0.594103, 0.05, 0.0515072, -0.0211805, 0.0935695, 0.108889, 1005.96, 9539.14, 10, 2e-20, 3e-20, 2e-20, 2e-20, -1
0.535115, -0.277021, 0.617333, 0.05, -0.132715, -0.100988, 0.0177269, 0.167709, 1005.73, 9169.61, 10, 2e-20, 3e-20, 2e-20, 2e-20, -1
0.495321, -0.388815, 0.663603, 0.05, -0.0357267, -0.0428766, 0.0331873, 0.0649323, 1006.25, 9995.47, 10, 2e-20, 3e-20, 2e-20, 2e-20, -1
0.567636, -0.34156, 0.655026, 0.05, -0.0409713, -0.075313, 0.0659119, 0.108144, 1007.03, 11243.7, 10, 2e-20, 3e-20, 2e-20, 2e-20, -1
0.550472, -0.414558, 0.719797, 0.05, -0.0380112, 0.102024, -0.0164376, 0.110109, 1001.19, 1906.76, 10, 2e-20, 3e-20, 2e-20, 2e-20, -1
0.57722, -0.365422, 0.704982, 0.05, -0.0483004, 0.0211944, 0.0136558, 0.0544849, 1002.2, 3514.21, 10, 2e-20, 3e-20, 2e-20, 2e-20, -1
0.516319, -0.338438, 0.653854, 0.05, -0.0554883, 0.00528047, -0.0798672, 0.097394, 1003.3, 5273.11, 10, 2e-20, 3e-20, 2e-20, 2e-20, -1
0.52487, -0.403792, 0.763594, 0.05, -0.125289, -0.0466432, -0.0504426, 0.14289, 1004.33, 6922.75, 10, 2e-20, 3e-20, 2e-20, 2e-20, -1
0.499206, -0.329789, 0.69934, 0.05, 0.01199, 0.047807, -0.0217649, 0.0538793, 1005.84, 9343.44, 10, 2e-20, 3e-20, 2e-20, 2e-20, -1
0.515753, -0.38788, 0.968693, 0.05, -0.0081557, -0.00191567, 0.0405196, 0.0413766, 1001.67, 2667.07, 10, 2e-20, 3e-20, 2e-20, 2e-20, -1
0.52275, -0.358995, 0.736875, 0.05, 0.0314869, -0.117587, 0.0185367, 0.123133, 1005.27, 8428, 10, 2e-20, 3e-20, 2e-20, 2e-20, -1
0.497294, -0.380472, 0.851228, 0.05, -0.0692191, 0.0610667, 0.0836529, 0.124572, 1003.52, 5625.55, 10, 2e-20, 3e-20, 2e-20, 2e-20, -1
0.530366, -0.346919, 0.823206, 0.05, 0.0730714, 0.0242521, 0.0916541, 0.1197, 1003.49, 5578.65, 10, 2e-20, 3e-20, 2e-20, 2e-20, -1
0.541744, -0.285216, 0.836682, 0.05, -0.0500136, 0.0377126, -0.0253856, 0.0675872, 1004.98, 7968.71, 10, 2e-20, 3e-20, 2e-20, 2e-20, -1
0.530562, -0.236338, 0.849491, 0.05, -0.119013, 0.0118139, 0.000727147, 0.1196, 1006.62, 10587.6, 10, 2e-20, 3e-20, 2e-20, 2e-20, -1
0.49431, -0.314607, 0.853449, 0.05, -0.0338562, -0.0422452, 0.116831, 0.128765, 1006, 9601.5, 10, 2e-20, 3e-20, 2e-20, 2e-20, -1
0.54382, -0.259624, 0.884622, 0.05, -0.00342454, 0.0116649, 0.0479784, 0.0494947, 1005.98, 9564.1, 10, 2e-20, 3e-20, 2e-20, 2e-20, -1
0.463274, -0.282756, 0.916813, 0.05, -0.077469, 0.036857, -0.0569316, 0.102962, 1000.72, 1155.36, 10, 2e-20, 3e-20, 2e-20, 2e-20, -1
0.490329, -0.282384, 0.96845, 0.05, -0.0245232, 0.00324279, 0.0933972, 0.0966175, 1002.14, 3424.49, 10, 2e-20, 3e-20, 2e-20, 2e-20, -1
0.496609, -0.231799, 0.906379, 0.05, -0.0661094, -0.0467581, 0.00459673, 0.0811043, 1005.65, 9041.51, 10, 2e-20, 3e-20, 2e-20, 2e-20, -1
0.465227, -0.297573, 1.02731, 0.05, -0.0123251, -0.0413095, 0.071607, 0.0835819, 1003.89, 6229.21, 10, 2e-20, 3e-20, 2e-20, 2e-20, -1
0.43398, -0.339727, 1.0741, 0.05, -0.0740252, -0.0301195, 0.0712645, 0.107077, 1005.95, 9524.79, 10, 2e-20, 3e-20, 2e-20, 2e-20, -1
0.404441, -0.286347, 1.04549, 0.05, -0.107955, -0.0158264, -0.0214371, 0.111195, 1001.28, 2040.45, 10, 2e-20, 3e-20, 2e-20, 2e-20, -1
0.446213, -0.160119, 1.14369, 0.05, -0.11579, 0.0483667, 0.0558342, 0.137347, 1000.4, 636.572, 10, 2e-20, 3e-20, 2e-20, 2e-20, -1
0.402433, -0.153991, 1.17458, 0.05, -0.102807, 0.0215163, 0.191564, 0.218469, 997.275, -4359.86, 10, 2e-20, 3e-20, 2e-20, 2e-20, -1
0.35659, -0.181481, 1.18479, 0.05, -0.0280427, 0.0381248, 0.0670748, 0.0820909, 995.31, -7504.51, 10, 2e-20, 3e-20, 2e-20, 2e-20, -1
0.306448, -0.169485, 1.24155, 0.05, -0.157029, -0.0750338, 0.147325, 0.228019, 999.13, -1391.58, 10, 2e-20, 3e-20, 2e-20, 2e-20, -1
0.320028, -0.224963, 1.23436, 0.05, -0.179013, 0.0922745, 0.112532, 0.230703, 1001.89, 3027.75, 10, 2e-20, 3e-20, 2e-20, 2e-20, -1
0.268674, -0.175583, 1.34102, 0.05, -0.277665, -0.0269918, 0.219331, 0.35487, 1003.21, 5137.88, 10, 2e-20, 3e-20, 2e-20, 2e-20, -1
0.17088, -0.192396, 1.26017, 0.05, -0.0914786, -0.0578494, 0.177958, 0.208288, 1005.54, 8857.79, 10, 2e-20, 3e-20, 2e-20, 2e-20, -1
0.613671, -0.305358, 0.0930016, 0.05, 0.0295838, -0.0879762, 0.31778, 0.331058, 1009.36, 14974.1, 10, 2e-20, 3e-20, 2e-20, 2e-20, -1
0.632602, -0.364282, 0.102791, 0.05, 0.100904, -0.224044, 0.227567, 0.334909, 1009.76, 15610.8, 10, 2e-20, 3e-20, 2e-20, 2e-20, -1
0.66039, -0.339045, 0.115407, 0.05, -0.00417338, -0.0125661, -0.106962, 0.107779, 1006.21, 9938.88, 10, 2e-20, 3e-20, 2e-20, 2e-20, -1
0.642433, -0.271318, 0.109559, 0.05, 0.0776953, -0.225079, -0.151441, 0.282191, 1011.62, 18591.5, 10, 2e-20, 3e-20, 2e-20, 2e-20, -1
0.617654, -0.3391, 0.143723, 0.05, 0.0483122, -0.108489, -0.0232017, 0.121005, 1006.75, 10797.5, 10, 2e-20, 3e-20, 2e-20, 2e-20, -1
0.635913, -0.233702, 0.15126, 0.05, -0.0304899, -0.199758, -0.0337949, 0.204878, 1006.16, 9862.65, 10, 2e-20, 3e-20, 2e-20, 2e-20, -1
0.558844, -0.23781, 0.151306, 0.05, -0.0359345, 0.0419919, -0.0572986, 0.0796099, 1008.26, 13215.1, 10, 2e-20, 3e-20, 2e-20, 2e-20, -1
0.55437, -0.326913, 0.208135, 0.05, -0.00213066, 0.0661694, 0.0514854, 0.083867, 1010.67, 17067.6, 10, 2e-20, 3e-20, 2e-20, 2e-20, -1
0.56928, -0.412093, 0.219186, 0.05, -0.189804, -0.00540874, -0.0543825, 0.197516, 1005.8, 9274.41, 10, 2e-20, 3e-20, 2e-20, 2e-20, -1
0.540948, -0.384279, 0.226514, 0.05, 0.137128, -0.121686, 0.0742164, 0.197787, 1008.21, 13132.5, 10, 2e-20, 3e-20, 2e-20, 2e-20, -1
0.521339, -0.342042, 0.246516, 0.05, -0.138479, -0.105226, 0.0839784, 0.193135, 1004.35, 6963.16, 10, 2e-20, 3e-20, 2e-20, 2e-20, -1
0.538571, -0.242862, 0.201326, 0.05, -0.113624, -0.0822999, 0.0288573, 0.143236, 1013.72, 21950.8, 10, 2e-20, 3e-20, 2e-20, 2e-20, -1
0.500033, -0.296879, 0.262932, 0.05, 0.0212526, -0.0664388, 0.0406281, 0.0807244, 1005.49, 8787.98, 10, 2e-20, 3e-20, 2e-20, 2e-20, -1
0.526237, -0.26283, 0.245856, 0.05, -0.116755, 0.0437859, -0.0105594, 0.125142, 1011.13, 17801.8, 10, 2e-20, 3e-20, 2e-20, 2e-20, -1
0.514376, -0.3388, 0.292673, 0.05, 0.0950931, 0.0382014, -0.0477988, 0.113079, 1009.59, 15339.6, 10, 2e-20, 3e-20, 2e-20, 2e-20, -1
0.519527, -0.325902, 0.343616, 0.05, 0.026297, 0.0514578, 0.0298342, 0.0650347, 1012.86, 20571.9, 10, 2e-20, 3e-20, 2e-20, 2e-20, -1
0.567286, -0.331948, 0.361416, 0.05, -0.0587874, -0.0158503, 0.108061, 0.124033, 1007.94, 12703.1, 10, 2e-20, 3e-20, 2e-20, 2e-20, -1
0.535797, -0.294327, 0.384353, 0.05, -3.99521e-05, -0.0359421, 0.0564106, 0.0668879, 1007.85, 12566.2, 10, 2e-20, 3e-20, 2e-20, 2e-20, -1
0.549807, -0.269859, 0.433487, 0.05, -0.0238083, -0.0882796, -0.125257, 0.155079, 1010.49, 16777.1, 10, 2e-20, 3e-20, 2e-20, 2e-20, -1
0.591887, -0.317266, 0.525928, 0.05, -0.0296392, 0.0578951, 0.11401, 0.131257, 1004.93, 7890.51, 10, 2e-20, 3e-20, 2e-20, 2e-20, -1
0.5403, -0.311998, 0.520943, 0.05, -0.051597, -0.0408459, 0.109777, 0.12799, 1004.94, 7906.43, 10, 2e-20, 3e-20, 2e-20, 2e-20, -1
0.570439, -0.255603, 0.505581, 0.05, -0.0224485, 0.0186924, 0.115529, 0.119165, 1009.41, 15062.9, 10, 2e-20, 3e-20, 2e-20, 2e-20, -1
0.514645, -0.287716, 0.549891, 0.05, -0.0515359, -0.116495, 0.0249041, 0.129797, 1006.82, 10918.1, 10, 2e-20, 3e-20, 2e-20, 2e-20, -1
0.491409, -0.26647, 0.590803, 0.05, 0.0330029, -0.0590269, 0.0432377, 0.0802675, 1013.4, 21433, 10, 2e-20, 3e-20, 2e-20, 2e-20, -1
0.531962, -0.239228, 0.547723, 0.05, -0.0169358, -0.00906096, -0.0601824, 0.0631731, 1006.63, 10609.5, 10, 2e-20, 3e-20, 2e-20, 2e-20, -1
0.529714, -0.291998, 0.67436, 0.05, -0.0648948, 0.0214976, -0.0130947, 0.0696057, 1006.67, 10676.9, 10, 2e-20, 3e-20, 2e-20, 2e-20, -1
0.56552, -0.203072, 0.586737, 0.05, -0.073276, 0.0341949, 0.096948, 0.126244, 1003.31, 5293.51, 10, 2e-20, 3e-20, 2e-20, 2e-20, -1
0.58615, -0.204052, 0.662707, 0.05, -0.0910349, 0.0212553, -0.0208585, 0.0957821, 1005.02, 8030.01, 10, 2e-20, 3e-20, 2e-20, 2e-20, -1
0.549996, -0.24052, 0.679154, 0.05, -0.0922514, -0.0470894, -0.00313731, 0.103622, 1007.95, 12722.8, 10, 2e-20, 3e-20, 2e-20, 2e-20, -1
0.535322, -0.193191, 0.691497, 0.05, -0.0764225, 0.0398256, -0.159353, 0.181162, 1008.97, 14350.1, 10, 2e-20, 3e-20, 2e-20, 2e-20, -1
0.573463, -0.280939, 0.704359, 0.05, -0.0777296, -0.0423761, 0.0531829, 0.103277, 1004.21, 6738.96, 10, 2e-20, 3e-20, 2e-20, 2e-20, -1
0.531979, -0.189219, 0.744305, 0.05, -0.0556202, 0.053942, 0.0873957, 0.116796, 1005.73, 9173.82, 10, 2e-20, 3e-20, 2e-20, 2e-20, -1
0.527723, -0.299784, 0.740145, 0.05, -0.0332662, -0.0106036, 0.0306905, 0.0464864, 1002.5, 3994.43, 10, 2e-20, 3e-20, 2e-20, 2e-20, -1
0.543609, -0.250718, 0.730911, 0.05, -0.0475534, -0.17291, -0.0378824, 0.183288, 1004.68, 7484.78, 10, 2e-20, 3e-20, 2e-20, 2e-20, -1
0.554859, -0.270136, 0.779209, 0.05, -0.0486356, -0.0475579, 0.0810789, 0.105835, 1003.24, 5190.36, 10, 2e-20, 3e-20, 2e-20, 2e-20, -1
0.590547, -0.24263, 0.863932, 0.05, -0.0282345, -0.0128418, 0.0125731, 0.0334691, 1001.61, 2570.21, 10, 2e-20, 3e-20, 2e-20, 2e-20, -1
0.570446, -0.22694, 0.814651, 0.05, -0.0348007, 0.00834834, 0.0117762, 0.0376758, 1001.94, 3101.82, 10, 2e-20, 3e-20, 2e-20, 2e-20, -1
0.558543, -0.146246, 0.874375, 0.05, 0.0252271, -0.0643185, 0.0462228, 0.0831253, 1003.86, 6170.51, 10, 2e-20, 3e-20, 2e-20, 2e-20, -1
0.523565, -0.133263, 0.912787, 0.05, -0.0840758, -0.0105896, -0.0319512, 0.0905636, 1005.87, 9392.11, 10, 2e-20, 3e-20, 2e-20, 2e-20, -1
0.55738, -0.202586, 0.896553, 0.05, -0.0211219, -0.0278389, 0.000950469, 0.0349577, 1006.23, 9965.02, 10, 2e-20, 3e-20, 2e-20, 2e-20, -1
0.516351, -0.182443, 0.90635, 0.05, -0.0129637, -0.0128036, 0.128658, 0.129941, 1003.78, 6054.39, 10, 2e-20, 3e-20, 2e-20, 2e-20, -1
0.452294, -0.229543, 0.939692, 0.05, -0.0505387, 0.0295367, 0.0112925, 0.0596163, 1005.95, 9520.89, 10, 2e-20, 3e-20, 2e-20, 2e-20, -1
0.486622, -0.180299, 0.948522, 0.05, -0.0409409, -0.0668886, 0.0158618, 0.0800115, 1000.25, 400.785, 10, 2e-20, 3e-20, 2e-20, 2e-20, -1
0.430968, -0.274568, 1.00288, 0.05, -0.131288, -0.0587437, 0.10689, 0.179201, 1004.06, 6488.71, 10, 2e-20, 3e-20, 2e-20, 2e-20, -1
0.426653, -0.227618, 1.02139, 0.05, -0.1482, -0.038183, 0.0814845, 0.173381, 1001.44, 2311.5, 10, 2e-20, 3e-20, 2e-20, 2e-20, -1
0.392631, -0.20952, 1.05222, 0.05, -0.168917, -0.0133302, 0.0778692, 0.186478, 1002.07, 3305.94, 10, 2e-20, 3e-20, 2e-20, 2e-20, -1
0.407576, -0.133758, 1.12866, 0.05, -0.188087, -0.0304987, 0.181125, 0.262894, 1001.26, 2009.86, 10, 2e-20, 3e-20, 2e-20, 2e-20, -1
0.366675, -0.101172, 1.21108, 0.05, -0.037354, -0.0316613, 0.22426, 0.229543, 1003.5, 5597.3, 10, 2e-20, 3e-20, 2e-20, 2e-20, -1
0.324801, -0.134237, 1.23203, 0.05, -0.157936, 0.00896535, 0.219323, 0.27042, 1003.76, 6022.36, 10, 2e-20, 3e-20, 2e-20, 2e-20, -1
0.218763, -0.126535, 1.37953, 0.05, -0.163978, -0.0103178, 0.4595, 0.487991, 1001.71, 2731.37, 10, 2e-20, 3e-20, 2e-20, 2e-20, -1
0.130349, -0.209447, 1.47026, 0.05, 0.058475, 0.167707, 0.276885, 0.328953, 1000.18, 281.249, 10, 2e-20, 3e-20, 2e-20, 2e-20, -1
0.512371, -0.300327, 0.0496096, 0.05, -0.0824347, -0.308433, 0.00942981, 0.319399, 1008.56, 13702.5, 10, 2e-20, 3e-20, 2e-20, 2e-20, -1
0.562544, -0.297046, 0.106228, 0.05, -0.0362185, 0.00611703, -0.136518, 0.141373, 1005.66, 9058.63, 10, 2e-20, 3e-20, 2e-20, 2e-20, -1
0.624558, -0.29661, 0.15022, 0.05, -0.127781, -0.144835, 0.0705893, 0.20564, 1011.05, 17674.7, 10, 2e-20, 3e-20, 2e-20, 2e-20, -1
0.59465, -0.263589, 0.115348, 0.05, 0.0700664, 0.0317941, 0.0196649, 0.0794158, 1007.75, 12398.3, 10, 2e-20, 3e-20, 2e-20, 2e-20, -1
0.53662, -0.264822, 0.134044, 0.05, -0.0991123, -0.217786, -0.00788241, 0.239408, 1008.2, 13114.4, 10, 2e-20, 3e-20, 2e-20, 2e-20, -1
0.645658, -0.187166, 0.149911, 0.05, -0.0121208, -0.0144262, -0.0181498, 0.0261619, 1006.63, 10612.8, 10, 2e-20, 3e-20, 2e-20, 2e-20, -1
0.597743, -0.190911, 0.185409, 0.05, -0.0582314, -0.0166177, 0.0689947, 0.0918004, 1007.14, 11430.1, 10, 2e-20, 3e-20, 2e-20, 2e-20, -1
0.587885, -0.134086, 0.180404, 0.05, -0.000959004, 0.0309419, -0.026556, 0.0407865, 1004.49, 7186.69, 10, 2e-20, 3e-20, 2e-20, 2e-20, -1
0.548571, -0.201601, 0.186011, 0.05, 0.0166572, 0.0131863, 0.0405205, 0.045752, 1003.96, 6340.15, 10, 2e-20, 3e-20, 2e-20, 2e-20, -1
0.552477, -0.164507, 0.159042, 0.05, -0.153486, 0.00759849, -0.0104251, 0.154027, 1001.18, 1886.61, 10, 2e-20, 3e-20, 2e-20, 2e-20, -1
0.506218, -0.300195, 0.213337, 0.05, -0.0669881, 0.0937633, -0.0984542, 0.151566, 1001.18, 1885.75, 10, 2e-20, 3e-20, 2e-20, 2e-20, -1
0.599232, -0.157741, 0.224135, 0.05, -0.0883259, 0.00712, 0.0878286, 0.124764, 1007.02, 11239, 10, 2e-20, 3e-20, 2e-20, 2e-20, -1
0.558379, -0.197296, 0.234267, 0.05, -0.153505, -0.00703235, -0.0724059, 0.16987, 1010.79, 17265.9, 10, 2e-20, 3e-20, 2e-20, 2e-20, -1
0.575305, -0.240102, 0.260112, 0.05, -0.0447658, 0.000972488, 0.125289, 0.13305, 1009.05, 14479.3, 10, 2e-20, 3e-20, 2e-20, 2e-20, -1
0.516093, -0.289002, 0.308384, 0.05, -0.0402247, -0.0285011, -0.0235708, 0.0546436, 1008.86, 14168.5, 10, 2e-20, 3e-20, 2e-20, 2e-20, -1
0.582702, -0.221286, 0.312774, 0.05, -0.0996691, 0.0633095, 0.00234925, 0.1181, 1007.76, 12410.9, 10, 2e-20, 3e-20, 2e-20, 2e-20, -1
0.536989, -0.260946, 0.345578, 0.05, -0.0406922, 0.0393965, 0.0253373, 0.0620477, 1007.13, 11405.8, 10, 2e-20, 3e-20, 2e-20, 2e-20, -1
0.590394, -0.180936, 0.348108, 0.05, -0.0937819, 0.0941263, -0.0676703, 0.149111, 1005.46, 8729.68, 10, 2e-20, 3e-20, 2e-20, 2e-20, -1
0.576079, -0.223588, 0.371506, 0.05, -0.229396, 0.0182146, -0.0679733, 0.239948, 1009.34, 14936.1, 10, 2e-20, 3e-20, 2e-20, 2e-20, -1
0.598352, -0.196161, 0.409365, 0.05, -0.0448374, 0.00887305, 0.0956064, 0.10597, 1005.13, 8209.98, 10, 2e-20, 3e-20, 2e-20, 2e-20, -1
0.558894, -0.30188, 0.476149, 0.05, -0.136551, 0.0193595, 0.0237868, 0.139953, 998.325, -2679.59, 10, 2e-20, 3e-20, 2e-20, 2e-20, -1
0.590246, -0.239847, 0.452826, 0.05, -0.0472422, -0.0204668, -0.00783887, 0.0520785, 1004.69, 7505.82, 10, 2e-20, 3e-20, 2e-20, 2e-20, -1
0.58291, -0.197875, 0.482515, 0.05, -0.104469, -0.0286905, 0.0265587, 0.111545, 1006.18, 9888.65, 10, 2e-20, 3e-20, 2e-20, 2e-20, -1
0.577124, -0.213225, 0.536926, 0.05, -0.0295359, -0.0469681, -0.0586166, 0.0807111, 1004.73, 7564.18, 10, 2e-20, 3e-20, 2e-20, 2e-20, -1
0.608691, -0.168364, 0.517275, 0.05, 0.00862617, -0.0717678, 0.029091, 0.0779186, 1005.26, 8413.14, 10, 2e-20, 3e-20, 2e-20, 2e-20, -1
0.613293, -0.187803, 0.607756, 0.05, -0.0472813, -0.000813236, 0.0749282, 0.0886026, 1003.51, 5616.57, 10, 2e-20, 3e-20, 2e-20, 2e-20, -1
0.636114, -0.135363, 0.551116, 0.05, -0.0364754, -0.0837283, 0.0240575, 0.0944438, 1006.64, 10623.4, 10, 2e-20, 3e-20, 2e-20, 2e-20, -1
0.611441, -0.135714, 0.604681, 0.05, -0.0252617, 0.0364229, 0.0431255, 0.0618433, 1004.8, 7681.61, 10, 2e-20, 3e-20, 2e-20, 2e-20, -1
0.553135, -0.186257, 0.6321, 0.05, -0.105187, -0.0244466, 0.0739177, 0.130865, 1008.27, 13229.8, 10, 2e-20, 3e-20, 2e-20, 2e-20, -1
0.584529, -0.150606, 0.649594, 0.05, -0.116693, -0.0613767, -0.0354701, 0.136537, 1006.24, 9984.64, 10, 2e-20, 3e-20, 2e-20, 2e-20, -1
0.596075, -0.165208, 0.694702, 0.05, -0.0940256, 0.0444539, 0.127079, 0.164213, 1003.24, 5176.43, 10, 2e-20, 3e-20, 2e-20, 2e-20, -1
0.626987, -0.117789, 0.69709, 0.05, 0.00327146, -0.0465942, 0.0852458, 0.0972038, 1004.42, 7068.44, 10, 2e-20, 3e-20, 2e-20, 2e-20, -1
0.620326, -0.150176, 0.73848, 0.05, -0.0616015, -0.0146766, -0.0197138, 0.0663233, 1001.45, 2320.12, 10, 2e-20, 3e-20, 2e-20, 2e-20, -1
0.582091, -0.16937, 0.741128, 0.05, 0.0510883, -0.0562758, 0.00452564, 0.0761411, 1003.18, 5092.13, 10, 2e-20, 3e-20, 2e-20, 2e-20, -1
0.57158, -0.222677, 0.763534, 0.05, 0.134032, 0.0558447, 0.0876841, 0.169622, 1002.23, 3568.45, 10, 2e-20, 3e-20, 2e-20, 2e-20, -1
0.616464, -0.17551, 0.773252, 0.05, -0.051689, -0.0453884, -0.037299, 0.0782501, 1007.7, 12315.9, 10, 2e-20, 3e-20, 2e-20, 2e-20, -1
0.658478, -0.138427, 0.830908, 0.05, -0.140328, 0.101761, -0.0328539, 0.176427, 1006.89, 11028.3, 10, 2e-20, 3e-20, 2e-20, 2e-20, -1
0.611041, -0.135412, 0.857564, 0.05, -0.0298664, -0.0399686, -0.0216137, 0.0543751, 1005.75, 9194.42, 10, 2e-20, 3e-20, 2e-20, 2e-20, -1
0.593316, -0.0883734, 0.87821, 0.05, -0.0414911, 0.0193955, 0.0475877, 0.0660476, 1003.06, 4894.15, 10, 2e-20, 3e-20, 2e-20, 2e-20, -1
0.552164, -0.0809161, 0.929891, 0.05, 0.0303916, -0.0408019, 0.0385944, 0.063859, 1005.03, 8051.26, 10, 2e-20, 3e-20, 2e-20, 2e-20, -1
0.574703, -0.132076, 0.919298, 0.05, 0.00988806, 0.0987967, 0.0314051, 0.104139, 1003.18, 5085.36, 10, 2e-20, 3e-20, 2e-20, 2e-20, -1
0.525957, -0.147978, 0.954289, 0.05, -0.153009, 0.0168823, 0.0621421, 0.166007, 1005.1, 8154.56, 10, 2e-20, 3e-20, 2e-20, 2e-20, -1
0.501006, -0.150575, 1.00041, 0.05, -0.024133, 0.00407379, 0.0637363, 0.0682738, 999.302, -1116.18, 10, 2e-20, 3e-20, 2e-20, 2e-20, -1
0.48976, -0.232459, 0.962259, 0.05, -0.0662473, 0.123538, 0.0585408, 0.151912, 1003.25, 5202.37, 10, 2e-20, 3e-20, 2e-20, 2e-20, -1
0.49272, -0.190008, 1.02514, 0.05, -0.0733192, 0.00786551, -0.00505864, 0.0739132, 1002.25, 3595.6, 10, 2e-20, 3e-20, 2e-20, 2e-20, -1
0.452647, -0.136374, 1.09028, 0.05, -0.13524, 0.0491522, 0.120728, 0.187833, 1001.64, 2630.17, 10, 2e-20, 3e-20, 2e-20, 2e-20, -1
0.438961, -0.0763405, 1.11781, 0.05, -0.123929, 0.142674, -0.156943, 0.245653, 1003.52, 5627.45, 10, 2e-20, 3e-20, 2e-20, 2e-20, -1
0.412887, -0.0924497, 1.16885, 0.05, -0.162784, -0.0579902, 0.282975, 0.331567, 1003.54, 5657.81, 10, 2e-20, 3e-20, 2e-20, 2e-20, -1
0.340854, -0.0746036, 1.24696, 0.05, -0.231289, -0.0117553, 0.299222, 0.378374, 997.95, -3280.18, 10, 2e-20, 3e-20, 2e-20, 2e-20, -1
0.257446, -0.14501, 1.29974, 0.05, -0.18859, 0.0331231, 0.244714, 0.310722, 999.816, -295.136, 10, 2e-20, 3e-20, 2e-20, 2e-20, -1
0.180208, -0.169333, 1.34371, 0.05, -0.00430108, 0.100099, 0.183613, 0.20917, 1006.32, 10107.1, 10, 2e-20, 3e-20, 2e-20, 2e-20, -1
0.556843, -0.189893, 0.0527454, 0.05, 0.0302063, -0.208025, -0.120962, 0.242526, 1011.74, 18788.7, 10, 2e-20, 3e-20, 2e-20, 2e-20, -1
0.603606, -0.201812, 0.051434, 0.05, 0.103591, 0.100661, -0.0189213, 0.145677, 1007.4, 11838.5, 10, 2e-20, 3e-20, 2e-20, 2e-20, -1
0.625364, -0.225016, 0.102461, 0.05, 0.0528105, -0.0868296, -0.143842, 0.176122, 1007.1, 11360.4, 10, 2e-20, 3e-20, 2e-20, 2e-20, -1
0.634628, -0.112861, 0.109907, 0.05, -0.0600344, -0.195127, 0.0683927, 0.215305, 1002.55, 4087.68, 10, 2e-20, 3e-20, 2e-20, 2e-20, -1
0.617839, -0.166202, 0.102822, 0.05, 0.0304542, 0.00774579, -0.11299, 0.117279, 1007.29, 11662.6, 10, 2e-20, 3e-20, 2e-20, 2e-20, -1
0.593154, -0.193727, 0.137629, 0.05, 0.044018, 0.0422544, 0.0186632, 0.063807, 1010.03, 16055.5, 10, 2e-20, 3e-20, 2e-20, 2e-20, -1
0.628688, -0.137443, 0.149709, 0.05, -0.00870655, -0.0455532, -0.177965, 0.183909, 1007.92, 12678, 10, 2e-20, 3e-20, 2e-20, 2e-20, -1
0.642428, -0.0233712, 0.151526, 0.05, -0.0317768, 0.0127823, 0.0263158, 0.0431934, 1012.67, 20273.8, 10, 2e-20, 3e-20, 2e-20, 2e-20, -1
0.654915, -0.0933652, 0.153409, 0.05, 0.0561761, -0.140539, -0.0472649, 0.158559, 1008.89, 14220.1, 10, 2e-20, 3e-20, 2e-20, 2e-20, -1
0.658605, -0.0668106, 0.199862, 0.05, -0.0189789, 0.00352112, -0.0580725, 0.0611965, 1011.58, 18525, 10, 2e-20, 3e-20, 2e-20, 2e-20, -1
0.621865, -0.10597, 0.206055, 0.05, -0.0467806, -0.0702977, 0.00902636, 0.0849215, 1006.89, 11017.6, 10, 2e-20, 3e-20, 2e-20, 2e-20, -1
0.580437, -0.108215, 0.237703, 0.05, -0.102921, -0.0697108, -0.0407511, 0.130817, 1009.09, 14542, 10, 2e-20, 3e-20, 2e-20, 2e-20, -1
0.566792, -0.156511, 0.267043, 0.05, -0.0874098, -0.0947197, -0.0971611, 0.161408, 1005.25, 8392.39, 10, 2e-20, 3e-20, 2e-20, 2e-20, -1
0.603256, -0.197488, 0.264149, 0.05, -0.114973, -0.0382553, -0.0535644, 0.132482, 1007.64, 12216.5, 10, 2e-20, 3e-20, 2e-20, 2e-20, -1
0.619444, -0.226993, 0.339954, 0.05, 0.0194966, -0.0855025, -0.0961691, 0.130151, 1002.91, 4654.04, 10, 2e-20, 3e-20, 2e-20, 2e-20, -1
0.594983, -0.0919518, 0.333734, 0.05, -0.0273755, -0.00388659, -0.00938872, 0.0292005, 1004.57, 7319.66, 10, 2e-20, 3e-20, 2e-20, 2e-20, -1
0.600854, -0.140898, 0.315977, 0.05, -0.00976667, 0.0101244, 0.0234975, 0.0273865, 1005.69, 9097.83, 10, 2e-20, 3e-20, 2e-20, 2e-20, -1
0.630888, -0.114716, 0.352417, 0.05, -0.106395, 0.0339065, -0.0482495, 0.121645, 1007.93, 12692, 10, 2e-20, 3e-20, 2e-20, 2e-20, -1
0.618588, -0.156392, 0.388976, 0.05, -0.0340746, 0.00383242, -0.0452625, 0.0567843, 1010.69, 17105, 10, 2e-20, 3e-20, 2e-20, 2e-20, -1
0.64495, -0.199992, 0.428417, 0.05, -0.000569399, -0.0520463, -0.0400709, 0.0656873, 1004.88, 7804.52, 10, 2e-20, 3e-20, 2e-20, 2e-20, -1
0.596514, -0.108758, 0.391777, 0.05, -0.0102401, 0.0105018, -0.0904987, 0.0916797, 1004.55, 7279.96, 10, 2e-20, 3e-20, 2e-20, 2e-20, -1
0.618137, -0.162064, 0.446881, 0.05, 0.00332027, -0.0724725, -0.036724, 0.0813139, 1006.06, 9700.88, 10, 2e-20, 3e-20, 2e-20, 2e-20, -1
0.616451, -0.101538, 0.439805, 0.05, 0.0199079, -0.00641262, -0.121549, 0.123336, 1010.26, 16409, 10, 2e-20, 3e-20, 2e-20, 2e-20, -1
0.583371, -0.140662, 0.476703, 0.05, -0.0510657, -0.0639346, 0.0596707, 0.101272, 1009.53, 15254.5, 10, 2e-20, 3e-20, 2e-20, 2e-20, -1
0.630039, -0.0738449, 0.4805, 0.05, -0.0702743, 0.01351, -0.000372226, 0.0715621, 1008.65, 13842.9, 10, 2e-20, 3e-20, 2e-20, 2e-20, -1
0.607316, -0.050948, 0.540048, 0.05, -0.0877938, 0.00760154, -0.101665, 0.134541, 1005.12, 8186.74, 10, 2e-20, 3e-20, 2e-20, 2e-20, -1
0.636236, -0.0957268, 0.532517, 0.05, -0.0433344, -0.0158806, -0.0129076, 0.0479235, 1005.39, 8631.4, 10, 2e-20, 3e-20, 2e-20, 2e-20, -1
0.602223, -0.0796512, 0.581323, 0.05, -0.00135073, -0.110929, 0.0945281, 0.145749, 1004.77, 7629.45, 10, 2e-20, 3e-20, 2e-20, 2e-20, -1
0.637098, -0.107006, 0.649694, 0.05, 0.0327262, 0.0198126, -0.0880378, 0.0959906, 1002.21, 3531.16, 10, 2e-20, 3e-20, 2e-20, 2e-20, -1
0.610017, -0.0238041, 0.620887, 0.05, -0.0592222, -0.0648546, -0.0317646, 0.0933937, 1008.82, 14113, 10, 2e-20, 3e-20, 2e-20, 2e-20, -1
0.627318, -0.0692955, 0.710247, 0.05, -0.091823, 0.0406965, 0.0389378, 0.107721, 1004.94, 7900.98, 10, 2e-20, 3e-20, 2e-20, 2e-20, -1
0.634514, -8.12392e-05, 0.718985, 0.05, -0.0991144, -0.161377, 0.104649, 0.216374, 1002.25, 3602.17, 10, 2e-20, 3e-20, 2e-20, 2e-20, -1
0.702107, -0.0832753, 0.764943, 0.05, -0.013784, -0.0157085, 0.0955147, 0.0977743, 1000.71, 1129.97, 10, 2e-20, 3e-20, 2e-20, 2e-20, -1
0.632023, -0.0878395, 0.761093, 0.05, -0.0284877, -0.0535361, -0.01793, 0.0632388, 1002.69, 4308.5, 10, 2e-20, 3e-20, 2e-20, 2e-20, -1
0.643387, -0.128567, 0.7812, 0.05, 0.0423833, -0.0204479, 0.0389371, 0.0610783, 999.646, -565.625, 10, 2e-20, 3e-20, 2e-20, 2e-20, -1
0.665342, -0.0650473, 0.79619, 0.05, 0.0243786, -0.0114449, 0.0630241, 0.0685371, 1006.53, 10447.7, 10, 2e-20, 3e-20, 2e-20, 2e-20, -1
0.618083, -0.098965, 0.814793, 0.05, 0.00116818, -0.100965, 0.0359388, 0.107177, 1005.82, 9310.89, 10, 2e-20, 3e-20, 2e-20, 2e-20, -1
0.646598, -0.0294386, 0.832939, 0.05, -0.0299616, 0.0332174, -0.0810824, 0.0926037, 1004.05, 6474.56, 10, 2e-20, 3e-20, 2e-20, 2e-20, -1
0.637748, -0.0796208, 0.846083, 0.05, -0.0116896, -0.0818799, 0.0475104, 0.0953845, 1004.21, 6742.82, 10, 2e-20, 3e-20, 2e-20, 2e-20, -1
0.62034, -0.0440436, 0.879826, 0.05, -0.159246, -0.00809155, 0.0195949, 0.160651, 1009.83, 15725.6, 10, 2e-20, 3e-20, 2e-20, 2e-20, -1
0.603826, -0.0624369, 0.927453, 0.05, -0.030699, -0.0455037, 0.0173412, 0.0575651, 1004.32, 6914.72, 10, 2e-20, 3e-20, 2e-20, 2e-20, -1
0.634604, -0.145736, 0.935864, 0.05, -0.047577, -0.0836837, -0.0376093, 0.103349, 1001.07, 1705.02, 10, 2e-20, 3e-20, 2e-20, 2e-20, -1
0.58143, -0.103188, 0.965423, 0.05, 0.0126176, 0.00664828, 0.183858, 0.184411, 1002.28, 3653.92, 10, 2e-20, 3e-20, 2e-20, 2e-20, -1
0.511451, -0.148639, 1.05756, 0.05, -0.203369, 0.0429033, 0.0722067, 0.22003, 1005.58, 8924.03, 10, 2e-20, 3e-20, 2e-20, 2e-20, -1
0.549759, -0.133184, 1.00081, 0.05, -0.00456781, 0.0957122, 0.0669961, 0.116919, 1000.04, 61.296, 10, 2e-20, 3e-20, 2e-20, 2e-20, -1
0.516067, -0.106026, 1.03536, 0.05, -0.160803, 0.0281173, 0.00769562, 0.163424, 1001.73, 2770.07, 10, 2e-20, 3e-20, 2e-20, 2e-20, -1
0.508812, -0.0675774, 1.06921, 0.05, -0.22344, -0.0534611, 0.0416304, 0.233488, 1002.81, 4502.55, 10, 2e-20, 3e-20, 2e-20, 2e-20, -1
0.434528, -0.0331538, 1.15986, 0.05, -0.0519396, 0.0584102, 0.14025, 0.16056, 1003.17, 5075.65, 10, 2e-20, 3e-20, 2e-20, 2e-20, -1
0.266982, -0.100841, 1.28239, 0.05, -0.12432, 0.0544895, 0.398033, 0.420541, 1005.16, 8257.66, 10, 2e-20, 3e-20, 2e-20, 2e-20, -1
0.215976, -0.0362227, 1.30655, 0.05, -0.172543, 0.0558079, 0.150658, 0.235762, 997.827, -3476.64, 10, 2e-20, 3e-20, 2e-20, 2e-20, -1
0.10251, -0.052537, 1.40813, 0.05, 0.0567322, 0.215266, 0.310401, 0.381978, 997.263, -4379.75, 10, 2e-20, 3e-20, 2e-20, 2e-20, -1
0.619522, 0.0195943, 0.0504904, 0.05, 0.0842671, -0.0783065, -0.0267582, 0.118105, 1009.15, 14644.5, 10, 2e-20, 3e-20, 2e-20, 2e-20, -1
0.587107, -0.0945574, 0.0475541, 0.05, -0.017278, 0.0287188, 0.0197935, 0.038924, 1008.36, 13370.9, 10, 2e-20, 3e-20, 2e-20, 2e-20, -1
0.649982, -0.0657626, 0.0496834, 0.05, 0.0143359, -0.0309764, 0.0519877, 0.0621915, 1010.64, 17016.1, 10, 2e-20, 3e-20, 2e-20, 2e-20, -1
0.653019, -0.0238291, 0.0556027, 0.05, -0.116918, -0.036717, -0.026611, 0.125403, 1008.63, 13807.4, 10, 2e-20, 3e-20, 2e-20, 2e-20, -1
0.671264, -0.00813473, 0.109424, 0.05, -0.000399516, -0.055257, 0.0826341, 0.0994077, 1004.21, 6733.75, 10, 2e-20, 3e-20, 2e-20, 2e-20, -1
0.599252, -0.049947, 0.123473, 0.05, -0.0703608, 0.0644219, -0.0252994, 0.0986959, 1001.27, 2029.84, 10, 2e-20, 3e-20, 2e-20, 2e-20, -1
0.621932, 0.0383394, 0.100739, 0.05, 0.0953066, -0.0229362, 0.015337, 0.0992202, 1005.38, 8611.4, 10, 2e-20, 3e-20, 2e-20, 2e-20, -1
0.710544, -0.0442629, 0.20155, 0.05, 0.0227388, 0.0325872, 0.0594783, 0.0715307, 1004.02, 6424.31, 10, 2e-20, 3e-20, 2e-20, 2e-20, -1
0.662336, -0.0194964, 0.210365, 0.05, -0.0201537, 0.0510844, 0.0931723, 0.108152, 1009.79, 15663.7, 10, 2e-20, 3e-20, 2e-20, 2e-20, -1
0.696478, -0.059475, 0.245437, 0.05, 0.0498133, 0.0021751, 0.0616703, 0.0793053, 1004.98, 7961.8, 10, 2e-20, 3e-20, 2e-20, 2e-20, -1
0.637569, -0.0434976, 0.250144, 0.05, -0.0783923, 0.0482268, -0.0651711, 0.112776, 1003.76, 6013.08, 10, 2e-20, 3e-20, 2e-20, 2e-20, -1
0.618546, -0.0831898, 0.272681, 0.05, 0.0302578, -0.0379541, -0.0623199, 0.0789925, 1005.55, 8875.82, 10, 2e-20, 3e-20, 2e-20, 2e-20, -1
0.618147, -0.135958, 0.267685, 0.05, -0.0476885, -0.0188605, -0.0741083, 0.0901218, 1007.16, 11451, 10, 2e-20, 3e-20, 2e-20, 2e-20, -1
0.596342, -0.0514748, 0.300047, 0.05, -0.0787344, -0.123613, 0.0144144, 0.147265, 1008.09, 12945.1, 10, 2e-20, 3e-20, 2e-20, 2e-20, -1
0.571955, -0.105114, 0.292339, 0.05, 0.0308033, 0.012377, 0.0234965, 0.0406709, 1006.23, 9964.5, 10, 2e-20, 3e-20, 2e-20, 2e-20, -1
0.594049, -0.006053, 0.31147, 0.05, -0.0140193, 0.0420075, -0.0321007, 0.0546957, 1006.35, 10152.4, 10, 2e-20, 3e-20, 2e-20, 2e-20, -1
0.617734, -0.0384807, 0.342731, 0.05, -0.0751818, -0.0420741, 0.0262791, 0.0900729, 1006.58, 10534.6, 10, 2e-20, 3e-20, 2e-20, 2e-20, -1
0.626498, 0.0125981, 0.351018, 0.05, -0.0528764, 0.0529264, -0.0800011, 0.109532, 1007.01, 11209.3, 10, 2e-20, 3e-20, 2e-20, 2e-20, -1
0.630775, -0.0719687, 0.389149, 0.05, -0.0811394, -0.0442014, 0.0108286, 0.0930302, 1003.78, 6040.97, 10, 2e-20, 3e-20, 2e-20, 2e-20, -1
0.612705, -0.0258942, 0.397909, 0.05, -0.0282273, -0.0159968, 0.0441816, 0.0548151, 1007.43, 11883.7, 10, 2e-20, 3e-20, 2e-20, 2e-20, -1
0.648862, -0.0488311, 0.429361, 0.05, -0.0645358, -0.00259243, -0.0535511, 0.0839006, 1008.06, 12899.7, 10, 2e-20, 3e-20, 2e-20, 2e-20, -1
0.597979, -0.0486144, 0.448143, 0.05, -0.0353776, 0.0416932, -0.0496779, 0.0738768, 1004.55, 7285.68, 10, 2e-20, 3e-20, 2e-20, 2e-20, -1
0.615622, 0.0499823, 0.424519, 0.05, -0.0742476, -0.0215598, -0.0554018, 0.0951151, 1003.46, 5542.45, 10, 2e-20, 3e-20, 2e-20, 2e-20, -1
0.56993, -0.0822544, 0.459678, 0.05, -0.145038, 0.0911725, 0.145031, 0.22446, 1000.33, 528.99, 10, 2e-20, 3e-20, 2e-20, 2e-20, -1
0.596699, 0.00986401, 0.445667, 0.05, -0.0107837, -0.019536, -0.0253815, 0.0337959, 1001.96, 3133.84, 10, 2e-20, 3e-20, 2e-20, 2e-20, -1
0.608076, -0.0288479, 0.498683, 0.05, -0.0684803, 0.00482153, 0.0183807, 0.0710679, 1010.52, 16836.3, 10, 2e-20, 3e-20, 2e-20, 2e-20, -1
0.622565, 0.0127136, 0.586462, 0.05, -0.0587312, -0.117234, 0.0609066, 0.144578, 1007.67, 12277.9, 10, 2e-20, 3e-20, 2e-20, 2e-20, -1
0.660478, -0.0206853, 0.600901, 0.05, -0.0719952, -0.114147, 0.00785174, 0.135183, 1003.52, 5633.5, 10, 2e-20, 3e-20, 2e-20, 2e-20, -1
0.665415, 0.0304334, 0.608429, 0.05, 0.0441789, -0.037332, -0.00962668, 0.0586355, 1004.83, 7726.78, 10, 2e-20, 3e-20, 2e-20, 2e-20, -1
0.640757, 0.0896357, 0.67743, 0.05, 0.0527241, -0.00219714, 0.0152726, 0.0549355, 1005.05, 8076.11, 10, 2e-20, 3e-20, 2e-20, 2e-20, -1
0.656287, 0.0372182, 0.664695, 0.05, 0.0368299, 0.0334831, 0.0126477, 0.0513568, 1008.83, 14124.6, 10, 2e-20, 3e-20, 2e-20, 2e-20, -1
0.659492, 0.0381443, 0.723733, 0.05, 0.103698, 0.0191461, 0.0198662, 0.107306, 1002.75, 4398.17, 10, 2e-20, 3e-20, 2e-20, 2e-20, -1
0.64994, -0.0457399, 0.744575, 0.05, -0.0592666, 0.0243708, 0.0329978, 0.0720786, 1004.11, 6583.17, 10, 2e-20, 3e-20, 2e-20, 2e-20, -1
0.66592, 0.0362164, 0.784665, 0.05, -0.00649857, -0.0632863, 0.0568511, 0.0853196, 1005.54, 8867.75, 10, 2e-20, 3e-20, 2e-20, 2e-20, -1
0.649901, -0.00766516, 0.771749, 0.05, -0.0225815, -0.0197011, 0.0650616, 0.0716315, 1002.89, 4626.83, 10, 2e-20, 3e-20, 2e-20, 2e-20, -1
0.622974, 0.109938, 0.821888, 0.05, 0.0291333, -0.0643145, 0.00914814, 0.0711954, 1002.14, 3426.03, 10, 2e-20, 3e-20, 2e-20, 2e-20, -1
0.687628, 0.0342872, 0.837135, 0.05, -0.102722, 0.0452523, -0.00646784, 0.112434, 1001.86, 2969.42, 10, 2e-20, 3e-20, 2e-20, 2e-20, -1
0.630969, 0.019492, 0.833322, 0.05, 0.122543, -0.0143361, 0.00657386, 0.123553, 1000.89, 1419.1, 10, 2e-20, 3e-20, 2e-20, 2e-20, -1
0.619745, 0.0334609, 0.955346, 0.05, -0.096955, -0.16853, -0.0284757, 0.196503, 1000.21, 341.411, 10, 2e-20, 3e-20, 2e-20, 2e-20, -1
0.666905, 0.00327984, 0.929014, 0.05, -0.00926584, -0.109474, -0.0179359, 0.11132, 1002.93, 4683.69, 10, 2e-20, 3e-20, 2e-20, 2e-20, -1
0.57937, 0.00859183, 0.968131, 0.05, -0.123534, -0.0145553, 0.058866, 0.137614, 1003.35, 5355.55, 10, 2e-20, 3e-20, 2e-20, 2e-20, -1
0.599712, -0.0423649, 0.980905, 0.05, -0.0592929, -0.106386, -0.0322569, 0.125993, 1002.24, 3585.9, 10, 2e-20, 3e-20, 2e-20, 2e-20, -1
0.535618, 0.0794633, 1.04976, 0.05, -0.223475, -0.0226918, -0.00202113, 0.224633, 998.588, -2258.45, 10, 2e-20, 3e-20, 2e-20, 2e-20, -1
0.5331, 0.0302827, 1.01939, 0.05, -0.0588779, -0.0394949, 0.0223442, 0.0743352, 999.448, -883.163, 10, 2e-20, 3e-20, 2e-20, 2e-20, -1
0.531006, 0.0467137, 1.08531, 0.05, -0.193668, -0.0425258, 0.0880124, 0.216937, 1002.56, 4099.04, 10, 2e-20, 3e-20, 2e-20, 2e-20, -1
0.540773, -0.00749403, 0.990201, 0.05, -0.0637698, 0.0836456, 0.0184237, 0.106783, 1000.41, 654.708, 10, 2e-20, 3e-20, 2e-20, 2e-20, -1
0.512333, -0.0142391, 1.04576, 0.05, -0.0798389, 0.0365701, 0.120413, 0.149033, 1007.81, 12490.7, 10, 2e-20, 3e-20, 2e-20, 2e-20, -1
0.472121, -0.0379919, 1.08543, 0.05, 0.0048348, -0.104526, -0.0543248, 0.1179, 1004, 6395.1, 10, 2e-20, 3e-20, 2e-20, 2e-20, -1
0.359463, -0.0296284, 1.2231, 0.05, -0.132674, 0.0933851, 0.1949, 0.253593, 1005.96, 9541.86, 10, 2e-20, 3e-20, 2e-20, 2e-20, -1
0.218256, -0.0175967, 1.40499, 0.05, -0.125718, -0.108998, 0.517548, 0.543638, 1003.43, 5488.56, 10, 2e-20, 3e-20, 2e-20, 2e-20, -1
0.0714985, 0.0530416, 1.34365, 0.05, -0.0713696, -0.0200895, 0.00812712, 0.0745873, 998.934, -1705.57, 10, 2e-20, 3e-20, 2e-20, 2e-20, -1
0.640337, 0.0767773, 0.0484388, 0.05, 0.00747246, -0.00199629, -0.0144258, 0.0163685, 1011.26, 18021.9, 10, 2e-20, 3e-20, 2e-20, 2e-20, -1
0.671056, 0.126467, 0.0500047, 0.05, -0.00129013, 0.0202214, 0.0886204, 0.0909074, 1003.09, 4937.18, 10, 2e-20, 3e-20, 2e-20, 2e-20, -1
0.728592, 0.0573795, 0.071746, 0.05, 0.102797, -0.0685502, -0.0253632, 0.126133, 1003.58, 5730.15, 10, 2e-20, 3e-20, 2e-20, 2e-20, -1
0.67745, 0.0600186, 0.072686, 0.05, -0.0472257, 0.0127717, 0.0687927, 0.0844145, 1007.89, 12628.8, 10, 2e-20, 3e-20, 2e-20, 2e-20, -1
0.591689, 0.0813131, 0.107265, 0.05, -0.0301607, 0.0392787, -0.0846907, 0.098107, 1005.33, 8534.4, 10, 2e-20, 3e-20, 2e-20, 2e-20, -1
0.619514, 0.115612, 0.121953, 0.05, -0.0623743, -0.0536287, -0.119734, 0.145268, 1003.88, 6206.16, 10, 2e-20, 3e-20, 2e-20, 2e-20, -1
0.665494, 0.0308532, 0.124375, 0.05, -0.106334, 0.0679629, 0.0203074, 0.127821, 1007.88, 12614.9, 10, 2e-20, 3e-20, 2e-20, 2e-20, -1
0.644404, 0.0733537, 0.110328, 0.05, 0.108652, -0.0614709, -0.0620927, 0.139425, 1000.53, 840.59, 10, 2e-20, 3e-20, 2e-20, 2e-20, -1
0.627834, 0.0314438, 0.157404, 0.05, 0.129899, -0.0417781, -0.0568781, 0.147832, 1006.53, 10442.1, 10, 2e-20, 3e-20, 2e-20, 2e-20, -1
0.630159, 0.0189423, 0.206292, 0.05, 0.0118075, -0.114116, -0.0689928, 0.133873, 1007.11, 11376.6, 10, 2e-20, 3e-20, 2e-20, 2e-20, -1
0.678556, -0.0118047, 0.258807, 0.05, 0.0303798, -0.0148377, -0.0709943, 0.0786338, 1006.83, 10926.6, 10, 2e-20, 3e-20, 2e-20, 2e-20, -1
0.665739, -0.0428538, 0.298754, 0.05, 0.0721931, -0.0630959, -0.0241782, 0.0988813, 1005.55, 8882.26, 10, 2e-20, 3e-20, 2e-20, 2e-20, -1
0.637426, -0.00550065, 0.284541, 0.05, -0.0398143, 0.0550134, -0.0253891, 0.0725, 1009.5, 15192.9, 10, 2e-20, 3e-20, 2e-20, 2e-20, -1
0.576857, 0.07868, 0.320361, 0.05, -0.012304, -0.0134428, -0.0694011, 0.0717538, 1005.65, 9042.87, 10, 2e-20, 3e-20, 2e-20, 2e-20, -1
0.611855, 0.0381709, 0.296501, 0.05, 0.0144526, 0.0124153, 0.0143511, 0.0238531, 1004.47, 7149.15, 10, 2e-20, 3e-20, 2e-20, 2e-20, -1
0.626857, 0.0618499, 0.328648, 0.05, -0.0578367, -0.0339023, 0.0149763, 0.068693, 1004.64, 7428.2, 10, 2e-20, 3e-20, 2e-20, 2e-20, -1
0.572952, 0.0432947, 0.363315, 0.05, 0.00997949, -0.0205496, 0.00255811, 0.0229874, 1005.08, 8121.43, 10, 2e-20, 3e-20, 2e-20, 2e-20, -1
0.591371, 0.0854447, 0.402019, 0.05, -0.0132321, -0.0348733, 0.0180348, 0.0414305, 1009.8, 15674.8, 10, 2e-20, 3e-20, 2e-20, 2e-20, -1
0.568518, 0.0265, 0.411193, 0.05, -0.0373493, -0.0504894, 0.00788118, 0.0632951, 1008.52, 13627.7, 10, 2e-20, 3e-20, 2e-20, 2e-20, -1
0.64029, 0.0983286, 0.423443, 0.05, -0.124115, -0.0528112, 0.0287508, 0.137913, 1005.52, 8829.9, 10, 2e-20, 3e-20, 2e-20, 2e-20, -1
0.66494, 0.107725, 0.47019, 0.05, 0.018706, 0.0149387, -0.000114053, 0.0239394, 1004.73, 7567.07, 10, 2e-20, 3e-20, 2e-20, 2e-20, -1
0.63514, 0.0125985, 0.402215, 0.05, -0.108854, -0.0371286, -0.031546, 0.11926, 1006.05, 9674.42, 10, 2e-20, 3e-20, 2e-20, 2e-20, -1
0.624696, 0.12935, 0.463629, 0.05, -0.0003599, -0.0535929, -0.0301484, 0.061492, 1004.41, 7052.87, 10, 2e-20, 3e-20, 2e-20, 2e-20, -1
0.624144, 0.0747909, 0.467171, 0.05, -0.021288, -0.0270129, -0.0938779, 0.0999797, 1009.65, 15441.7, 10, 2e-20, 3e-20, 2e-20, 2e-20, -1
0.626237, 0.0216506, 0.491505, 0.05, -0.0466596, -0.0779826, -0.016157, 0.0923008, 1005.4, 8633.16, 10, 2e-20, 3e-20, 2e-20, 2e-20, -1
0.604395, 0.0176779, 0.541874, 0.05, -0.0494082, -0.0851169, -0.0581666, 0.114322, 1010.99, 17579.6, 10, 2e-20, 3e-20, 2e-20, 2e-20, -1
0.617755, 0.0601509, 0.585889, 0.05, -0.0492821, 0.0193981, -0.0641571, 0.0831934, 1007.2, 11518, 10, 2e-20, 3e-20, 2e-20, 2e-20, -1
0.644545, 0.0745878, 0.630003, 0.05, -0.0145335, -0.0922193, 0.0369447, 0.100402, 1005.81, 9294.96, 10, 2e-20, 3e-20, 2e-20, 2e-20, -1
0.688863, 0.0890858, 0.662499, 0.05, -0.0471562, -0.0801163, 0.0321407, 0.0983634, 1003.52, 5625.42, 10, 2e-20, 3e-20, 2e-20, 2e-20, -1
0.601204, 0.130929, 0.665278, 0.05, 0.0184245, -0.0580912, 0.0131671, 0.0623492, 1003.46, 5536.28, 10, 2e-20, 3e-20, 2e-20, 2e-20, -1
0.637359, 0.0865634, 0.782525, 0.05, 0.0527232, -0.0953473, 0.0316262, 0.113451, 1006.01, 9621.14, 10, 2e-20, 3e-20, 2e-20, 2e-20, -1
0.689593, 0.0838214, 0.774329, 0.05, -0.0680728, -0.0790731, -0.0674889, 0.124263, 1008.58, 13726.2, 10, 2e-20, 3e-20, 2e-20, 2e-20, -1
0.649381, 0.137327, 0.784818, 0.05, 0.00486112, 0.0598345, -0.0169913, 0.06239, 1002.04, 3258.94, 10, 2e-20, 3e-20, 2e-20, 2e-20, -1
0.692642, 0.114367, 0.819384, 0.05, -0.135568, 0.00457162, 0.0103789, 0.136041, 1004.66, 7449.75, 10, 2e-20, 3e-20, 2e-20, 2e-20, -1
0.655093, 0.145935, 0.838986, 0.05, -0.00554884, -0.0516119, -0.0953381, 0.108554, 1001.5, 2392.56, 10, 2e-20, 3e-20, 2e-20, 2e-20, -1
0.626474, 0.180114, 0.810081, 0.05, -0.000220303, -0.080379, -0.110588, 0.136714, 1004.26, 6812.33, 10, 2e-20, 3e-20, 2e-20, 2e-20, -1
0.709601, 0.087751, 0.824125, 0.05, -0.0779243, -0.154293, 0.0417674, 0.177828, 1004.17, 6672.59, 10, 2e-20, 3e-20, 2e-20, 2e-20, -1
0.645826, 0.0349802, 0.879233, 0.05, -0.0524841, -0.0495538, -0.0893398, 0.114855, 1000.55, 875.19, 10, 2e-20, 3e-20, 2e-20, 2e-20, -1
0.614856, -0.00142081, 0.912152, 0.05, -0.0603848, -0.102312, -0.012599, 0.119468, 1006.31, 10097.5, 10, 2e-20, 3e-20, 2e-20, 2e-20, -1
0.601598, 0.0485755, 0.908654, 0.05, -0.0910256, -0.0875776, -0.0637376, 0.141485, 1003, 4807.65, 10, 2e-20, 3e-20, 2e-20, 2e-20, -1
0.555434, 0.0850049, 0.970861, 0.05, -0.0325371, -0.0995129, 0.0381573, 0.111434, 1003.07, 4906.95, 10, 2e-20, 3e-20, 2e-20, 2e-20, -1
0.552914, 0.134976, 0.938109, 0.05, -0.0136732, -0.112578, -0.0728659, 0.134797, 1001.12, 1785.32, 10, 2e-20, 3e-20, 2e-20, 2e-20, -1
0.542536, 0.113913, 1.01201, 0.05, -0.11487, -0.0862965, 0.044681, 0.150461, 1009.09, 14538.4, 10, 2e-20, 3e-20, 2e-20, 2e-20, -1
0.488636, 0.100308, 1.07973, 0.05, -0.054037, -0.0718808, 0.0340078, 0.0961425, 999.81, -303.96, 10, 2e-20, 3e-20, 2e-20, 2e-20, -1
0.48083, 0.0622797, 1.11534, 0.05, 0.00640203, -0.0397751, 0.0490385, 0.0634651, 1005.42, 8669.97, 10, 2e-20, 3e-20, 2e-20, 2e-20, -1
0.441186, 0.0357218, 1.1282, 0.05, -0.0968328, -0.0140477, 0.0684676, 0.119423, 1005.31, 8497.25, 10, 2e-20, 3e-20, 2e-20, 2e-20, -1
0.403737, 0.0133752, 1.1521, 0.05, -0.248767, 0.0528904, 0.0709038, 0.264026, 999.125, -1399.73, 10, 2e-20, 3e-20, 2e-20, 2e-20, -1
0.275455, -0.0205087, 1.30942, 0.05, -0.29099, -0.14488, 0.37442, 0.495838, 997.54, -3936.72, 10, 2e-20, 3e-20, 2e-20, 2e-20, -1
0.3149, 0.0254531, 1.26321, 0.05, -0.160152, 0.0631797, 0.221898, 0.280854, 1006.03, 9646.75, 10, 2e-20, 3e-20, 2e-20, 2e-20, -1
0.269163, 0.0370803, 1.29091, 0.05, -0.241963, 0.0548055, 0.214666, 0.328072, 1000.27, 436.397, 10, 2e-20, 3e-20, 2e-20, 2e-20, -1
0.205221, -0.00784635, 1.45918, 0.05, -0.000924434, -0.0655283, 0.550262, 0.55415, 1000.4, 632.584, 10, 2e-20, 3e-20, 2e-20, 2e-20, -1
0.614764, 0.138888, 0.0475973, 0.05, 0.0142397, -0.0543564, -0.00757128, 0.0566985, 1008.29, 13271.8, 10, 2e-20, 3e-20, 2e-20, 2e-20, -1
0.640342, 0.18714, 0.0820799, 0.05, -0.0121273, -0.0672707, -0.016724, 0.0703713, 1008.36, 13370.4, 10, 2e-20, 3e-20, 2e-20, 2e-20, -1
0.67138, 0.215154, 0.118492, 0.05, 0.0412048, -0.0473564, -0.0289954, 0.0691462, 1005.26, 8414.23, 10, 2e-20, 3e-20, 2e-20, 2e-20, -1
0.630476, 0.119089, 0.0816426, 0.05, 0.0216549, -0.00844126, -0.0902712, 0.0932152, 1006.62, 10595.9, 10, 2e-20, 3e-20, 2e-20, 2e-20, -1
0.593667, 0.155863, 0.0897739, 0.05, -0.0241154, -0.0474067, 0.043954, 0.0689992, 1007.71, 12341.2, 10, 2e-20, 3e-20, 2e-20, 2e-20, -1
0.643413, 0.218565, 0.155763, 0.05, -0.0378879, 0.0342945, -0.0514654, 0.0725279, 1003.83, 6133.54, 10, 2e-20, 3e-20, 2e-20, 2e-20, -1
0.605813, 0.205008, 0.114601, 0.05, -0.0364146, -0.0905104, 0.0563274, 0.112654, 1009.42, 15065, 10, 2e-20, 3e-20, 2e-20, 2e-20, -1
0.599024, 0.163745, 0.151689, 0.05, -0.0587112, -0.00643703, -0.0674248, 0.0896356, 1008.36, 13374.1, 10, 2e-20, 3e-20, 2e-20, 2e-20, -1
0.579878, 0.10786, 0.156539, 0.05, -0.0611451, 0.0371574, 0.045638, 0.0848659, 1010.12, 16184.8, 10, 2e-20, 3e-20, 2e-20, 2e-20, -1
0.625157, 0.0821586, 0.168747, 0.05, 0.0445653, -0.0814019, 0.0744722, 0.118989, 1011.59, 18548.8, 10, 2e-20, 3e-20, 2e-20, 2e-20, -1
0.620815, 0.0878717, 0.222402, 0.05, 0.0187674, 0.00278354, 0.0802166, 0.0824297, 1005.83, 9334.72, 10, 2e-20, 3e-20, 2e-20, 2e-20, -1
0.60244, -0.00399165, 0.250098, 0.05, 0.0480316, -0.109985, -0.0162121, 0.121106, 1002.99, 4790.3, 10, 2e-20, 3e-20, 2e-20, 2e-20, -1
0.627479, 0.0419399, 0.250187, 0.05, -0.0379132, -0.00792045, 0.0238905, 0.0455071, 1006.99, 11188.4, 10, 2e-20, 3e-20, 2e-20, 2e-20, -1
0.661497, 0.0804258, 0.300618, 0.05, -0.135189, -0.0486217, 0.0986748, 0.174289, 1008.99, 14383.2, 10, 2e-20, 3e-20, 2e-20, 2e-20, -1
0.657143, 0.135021, 0.325201, 0.05, -0.0073891, -0.128394, 0.0164359, 0.129653, 1008.07, 12906.8, 10, 2e-20, 3e-20, 2e-20, 2e-20, -1
0.684111, 0.186969, 0.332255, 0.05, 0.13964, -0.0159466, 0.033838, 0.144564, 1005.04, 8058.28, 10, 2e-20, 3e-20, 2e-20, 2e-20, -1
0.588988, 0.103122, 0.353825, 0.05, 0.0465884, -0.0521125, -0.0643164, 0.0949884, 1009.61, 15375.1, 10, 2e-20, 3e-20, 2e-20, 2e-20, -1
0.65591, 0.169693, 0.371313, 0.05, 0.0160092, -0.0229503, -0.0481003, 0.0556476, 1009.16, 14648.8, 10, 2e-20, 3e-20, 2e-20, 2e-20, -1
0.632809, 0.115478, 0.373893, 0.05, -0.078511, -0.0784721, -0.0928924, 0.144744, 1004.64, 7431.88, 10, 2e-20, 3e-20, 2e-20, 2e-20, -1
0.567571, 0.1499, 0.378307, 0.05, 0.0190391, -0.0995499, -0.0664687, 0.121205, 1007.1, 11364, 10, 2e-20, 3e-20, 2e-20, 2e-20, -1
0.596961, 0.133837, 0.419604, 0.05, 0.00637776, -0.157803, 0.0195075, 0.159132, 1004.03, 6451.22, 10, 2e-20, 3e-20, 2e-20, 2e-20, -1
0.673174, 0.157825, 0.470956, 0.05, 0.0378938, -0.173462, -0.0130174, 0.17803, 1005.3, 8477.63, 10, 2e-20, 3e-20, 2e-20, 2e-20, -1
0.641391, 0.138007, 0.511703, 0.05, -0.0189335, -0.0596671, -0.0272915, 0.0682896, 1008.81, 14096.1, 10, 2e-20, 3e-20, 2e-20, 2e-20, -1
0.599501, 0.065456, 0.514104, 0.05, 0.00136104, -0.0691502, 0.00612901, 0.0694347, 1007.46, 11935.7, 10, 2e-20, 3e-20, 2e-20, 2e-20, -1
0.573749, 0.0243512, 0.493161, 0.05, -0.0495663, 0.00895034, -0.0689474, 0.0853855, 1004.59, 7348.78, 10, 2e-20, 3e-20, 2e-20, 2e-20, -1
0.620716, 0.0984158, 0.554427, 0.05, 0.00838935, -0.0209635, 0.0121044, 0.0256197, 1003.95, 6313.65, 10, 2e-20, 3e-20, 2e-20, 2e-20, -1
0.650359, 0.0654829, 0.567206, 0.05, 0.023947, 0.0327108, -0.0446121, 0.0602802, 1004.24, 6788.95, 10, 2e-20, 3e-20, 2e-20, 2e-20, -1
0.614114, 0.111012, 0.615754, 0.05, -0.039195, -0.0790762, 0.00276988, 0.0883004, 1008.68, 13885.8, 10, 2e-20, 3e-20, 2e-20, 2e-20, -1
0.617854, 0.159066, 0.626972, 0.05, -0.0389747, -0.0711161, -0.0355957, 0.088564, 1001.81, 2892.56, 10, 2e-20, 3e-20, 2e-20, 2e-20, -1
0.700437, 0.148343, 0.696205, 0.05, -0.0875261, 0.0110242, -0.0361245, 0.0953275, 1003.1, 4959.05, 10, 2e-20, 3e-20, 2e-20, 2e-20, -1
0.71657, 0.227472, 0.710319, 0.05, -0.00197663, -0.0771811, -0.1412, 0.160929, 1003.02, 4829.89, 10, 2e-20, 3e-20, 2e-20, 2e-20, -1
0.64634, 0.12672, 0.702208, 0.05, 0.0401347, -0.10949, -0.0715597, 0.13682, 1003.49, 5588.47, 10, 2e-20, 3e-20, 2e-20, 2e-20, -1
0.661041, 0.1891, 0.712631, 0.05, -0.00833749, -0.0734897, -0.0137965, 0.0752369, 1008.51, 13610.4, 10, 2e-20, 3e-20, 2e-20, 2e-20, -1
0.622322, 0.160827, 0.730155, 0.05, 0.0156292, -0.06513, -0.023161, 0.0708705, 1000.64, 1022.4, 10, 2e-20, 3e-20, 2e-20, 2e-20, -1
0.581637, 0.190061, 0.738834, 0.05, -0.0969877, -0.0876828, -0.135039, 0.187964, 1009.22, 14756.3, 10, 2e-20, 3e-20, 2e-20, 2e-20, -1
0.597832, 0.199375, 0.849558, 0.05, -0.141409, -0.0243738, -0.0701508, 0.159724, 1002.92, 4676.86, 10, 2e-20, 3e-20, 2e-20, 2e-20, -1
0.628442, 0.0821052, 0.875513, 0.05, -0.0522279, -0.118278, -0.0505774, 0.138836, 1000.82, 1315.28, 10, 2e-20, 3e-20, 2e-20, 2e-20, -1
0.552923, 0.125557, 0.874863, 0.05, -0.0158754, -0.133723, 0.00596527, 0.134794, 1000.53, 847.004, 10, 2e-20, 3e-20, 2e-20, 2e-20, -1
0.604019, 0.137148, 0.859444, 0.05, -0.0967451, -0.0825341, -0.0447796, 0.134821, 1002.8, 4484.93, 10, 2e-20, 3e-20, 2e-20, 2e-20, -1
0.599958, 0.127564, 0.948855, 0.05, -0.0664441, -0.075222, -0.0712511, 0.123085, 1003.88, 6203.18, 10, 2e-20, 3e-20, 2e-20, 2e-20, -1
0.591725, 0.108602, 0.908817, 0.05, -0.0625771, -0.0514079, 0.00132534, 0.0809964, 1003.7, 5916.96, 10, 2e-20, 3e-20, 2e-20, 2e-20, -1
0.534106, 0.159679, 0.976958, 0.05, -0.0398529, -0.112833, -0.0677348, 0.137505, 1004.26, 6816.15, 10, 2e-20, 3e-20, 2e-20, 2e-20, -1
0.487841, 0.0989143, 1.02945, 0.05, 0.0262402, 0.00725776, 0.00858615, 0.0285473, 1007.03, 11253, 10, 2e-20, 3e-20, 2e-20, 2e-20, -1
0.498885, 0.147666, 1.04346, 0.05, -0.00279532, -0.134493, 0.0329877, 0.138508, 1001.71, 2729.22, 10, 2e-20, 3e-20, 2e-20, 2e-20, -1
0.435801, 0.112479, 1.11295, 0.05, 0.0134196, -0.100108, 0.136893, 0.170122, 1008.45, 13516.6, 10, 2e-20, 3e-20, 2e-20, 2e-20, -1
0.420113, 0.0903857, 1.15806, 0.05, -0.06267, -0.0649922, 0.0735913, 0.116478, 1004.15, 6634.53, 10, 2e-20, 3e-20, 2e-20, 2e-20, -1
0.35826, 0.0685225, 1.2389, 0.05, -0.229212, -0.0683619, 0.237624, 0.33716, 996.737, -5221.22, 10, 2e-20, 3e-20, 2e-20, 2e-20, -1
0.374828, 0.0560664, 1.17074, 0.05, -0.268353, -0.0615779, 0.1022, 0.293684, 1000.49, 788.589, 10, 2e-20, 3e-20, 2e-20, 2e-20, -1
0.305138, 0.0743396, 1.24844, 0.05, -0.252382, -0.127456, 0.0901519, 0.296764, 996.855, -5031.87, 10, 2e-20, 3e-20, 2e-20, 2e-20, -1
0.211885, 0.0265158, 1.37618, 0.05, -0.0535041, -0.00970784, 0.409474, 0.413069, 1004.23, 6767.59, 10, 2e-20, 3e-20, 2e-20, 2e-20, -1
-0.000743696, 0.000460203, 1.41916, 0.05, -0.0432532, -0.0971487, -0.0347656, 0.111881, 1007.96, 12728, 10, 2e-20, 3e-20, 2e-20, 2e-20, -1
0.547448, 0.199757, 0.0536624, 0.05, -0.0138492, 0.0448415, 0.0492163, 0.068006, 1015.63, 25002.6, 10, 2e-20, 3e-20, 2e-20, 2e-20, -1
0.631701, 0.300484, 0.0513219, 0.05, 0.0727758, -0.111617, 0.0101762, 0.133634, 1013.52, 21639.1, 10, 2e-20, 3e-20, 2e-20, 2e-20, -1
0.623709, 0.246361, 0.0490269, 0.05, 0.0418636, -0.0277849, -0.0245304, 0.0559133, 1006.92, 11066.1, 10, 2e-20, 3e-20, 2e-20, 2e-20, -1
0.706336, 0.212497, 0.0783308, 0.05, -0.0908035, -0.02008, 0.0735027, 0.118537, 1008.9, 14244.6, 10, 2e-20, 3e-20, 2e-20, 2e-20, -1
0.634661, 0.238877, 0.0960312, 0.05, -0.0243729, 0.0194409, -0.0332466, 0.0455777, 1007.82, 12517.2, 10, 2e-20, 3e-20, 2e-20, 2e-20, -1
0.568012, 0.286526, 0.0916896, 0.05, 0.0793047, -0.0021708, 0.0547715, 0.0964047, 1011.96, 19138.3, 10, 2e-20, 3e-20, 2e-20, 2e-20, -1
0.626711, 0.262905, 0.177504, 0.05, 0.00116118, 0.00118856, -0.0188166, 0.0188898, 1007.89, 12619, 10, 2e-20, 3e-20, 2e-20, 2e-20, -1
0.646964, 0.1378, 0.16057, 0.05, 0.0289325, 0.0147017, 0.123808, 0.127991, 1008.64, 13824.3, 10, 2e-20, 3e-20, 2e-20, 2e-20, -1
0.631284, 0.180884, 0.193652, 0.05, -0.0548869, -0.0995136, -0.0539887, 0.125819, 1005.79, 9262.91, 10, 2e-20, 3e-20, 2e-20, 2e-20, -1
0.609341, 0.130625, 0.193426, 0.05, -0.0756614, -0.0265291, 0.0493493, 0.0941478, 1005.84, 9346.75, 10, 2e-20, 3e-20, 2e-20, 2e-20, -1
0.570099, 0.188448, 0.191028, 0.05, -0.0104367, -0.00172562, -0.0532482, 0.0542888, 1007.84, 12551.1, 10, 2e-20, 3e-20, 2e-20, 2e-20, -1
0.641037, 0.123263, 0.27869, 0.05, -0.147868, -0.0152669, -0.124696, 0.194028, 1007.37, 11796.9, 10, 2e-20, 3e-20, 2e-20, 2e-20, -1
0.584612, 0.135595, 0.233274, 0.05, 0.0612932, -0.0762315, -0.00542452, 0.097967, 1008.02, 12825.2, 10, 2e-20, 3e-20, 2e-20, 2e-20, -1
0.597343, 0.158696, 0.274413, 0.05, 0.0285033, -0.207015, 0.0204572, 0.209967, 1001.71, 2742.99, 10, 2e-20, 3e-20, 2e-20, 2e-20, -1
0.599395, 0.207517, 0.272907, 0.05, -0.00958262, -0.00768287, 0.0711759, 0.0722278, 1006.4, 10232.8, 10, 2e-20, 3e-20, 2e-20, 2e-20, -1
0.6297, 0.181155, 0.317758, 0.05, -0.0363373, 0.0208378, 0.0412476, 0.0587876, 1005.06, 8088.08, 10, 2e-20, 3e-20, 2e-20, 2e-20, -1
0.615864, 0.230772, 0.320645, 0.05, -0.00504082, 0.00478416, -0.0216019, 0.0226923, 1007.85, 12554.5, 10, 2e-20, 3e-20, 2e-20, 2e-20, -1
0.624113, 0.217119, 0.368276, 0.05, -0.00869418, -0.0480746, 0.0150592, 0.0511228, 1009.04, 14461.5, 10, 2e-20, 3e-20, 2e-20, 2e-20, -1
0.586465, 0.194326, 0.342892, 0.05, -0.0252455, -0.0260221, -0.0548065, 0.0657133, 1008.42, 13476.9, 10, 2e-20, 3e-20, 2e-20, 2e-20, -1
0.607567, 0.175909, 0.393698, 0.05, 0.0456999, 0.0301053, -0.0698042, 0.0886985, 1001.21, 1939.89, 10, 2e-20, 3e-20, 2e-20, 2e-20, -1
0.612404, 0.177677, 0.449185, 0.05, 0.0251961, -0.0490768, -0.0181208, 0.0580667, 1008.7, 13915.6, 10, 2e-20, 3e-20, 2e-20, 2e-20, -1
0.594393, 0.2203, 0.418001, 0.05, 0.0854014, -0.0906222, -0.0394857, 0.130633, 1005.86, 9371.37, 10, 2e-20, 3e-20, 2e-20, 2e-20, -1
0.556542, 0.251711, 0.421935, 0.05, -0.0351836, -0.0392716, -0.0690945, 0.0869149, 1010.84, 17344, 10, 2e-20, 3e-20, 2e-20, 2e-20, -1
0.601423, 0.238356, 0.462266, 0.05, 0.035694, 0.00340321, -0.0278988, 0.0454311, 1006.23, 9971.15, 10, 2e-20, 3e-20, 2e-20, 2e-20, -1
0.586521, 0.199373, 0.48077, 0.05, -0.0318999, -0.0368139, -0.0847025, 0.0977107, 1003.91, 6256.26, 10, 2e-20, 3e-20, 2e-20, 2e-20, -1
0.590991, 0.128672, 0.547529, 0.05, 0.0824692, -0.0973478, -0.00697834, 0.127775, 1000.84, 1343.14, 10, 2e-20, 3e-20, 2e-20, 2e-20, -1
0.663864, 0.119185, 0.612541, 0.05, 0.0709985, -0.0552494, -0.0199888, 0.0921565, 1002.76, 4417.62, 10, 2e-20, 3e-20, 2e-20, 2e-20, -1
0.658022, 0.185433, 0.559026, 0.05, 0.00688317, 0.0195449, -0.0214485, 0.0298231, 1005.72, 9146.59, 10, 2e-20, 3e-20, 2e-20, 2e-20, -1
0.66732, 0.134251, 0.661842, 0.05, -0.0157002, -0.0480749, -0.0329533, 0.0603623, 1004.21, 6728.84, 10, 2e-20, 3e-20, 2e-20, 2e-20, -1
0.670458, 0.169074, 0.642324, 0.05, 0.0575622, -0.0913229, -0.0302866, 0.112119, 1003.43, 5494.33, 10, 2e-20, 3e-20, 2e-20, 2e-20, -1
0.607206, 0.216832, 0.648765, 0.05, -0.0837433, 0.0271557, -0.0265708, 0.0919586, 1005.21, 8335.63, 10, 2e-20, 3e-20, 2e-20, 2e-20, -1
0.645441, 0.223547, 0.675516, 0.05, 0.0794237, 0.0251056, -0.0119831, 0.0841547, 1003.79, 6063.73, 10, 2e-20, 3e-20, 2e-20, 2e-20, -1
0.591376, 0.22922, 0.694561, 0.05, -0.0540193, -0.051272, 0.0280972, 0.0796012, 1005.13, 8205.83, 10, 2e-20, 3e-20, 2e-20, 2e-20, -1
0.622584, 0.219593, 0.735324, 0.05, 0.0370584, -0.0347986, -0.00804174, 0.0514678, 1003.27, 5227.43, 10, 2e-20, 3e-20, 2e-20, 2e-20, -1
0.681393, 0.2189, 0.756478, 0.05, -0.0869257, -0.132842, -0.0936702, 0.184329, 1004.74, 7583.38, 10, 2e-20, 3e-20, 2e-20, 2e-20, -1
0.640624, 0.220517, 0.78587, 0.05, -0.00242683, -0.0846808, -0.0798903, 0.116444, 998.781, -1950.48, 10, 2e-20, 3e-20, 2e-20, 2e-20, -1
0.573997, 0.240463, 0.825994, 0.05, -0.00781771, -0.0185193, -0.0396772, 0.0444787, 1001.02, 1632.74, 10, 2e-20, 3e-20, 2e-20, 2e-20, -1
0.578217, 0.168805, 0.894409, 0.05, -0.0828329, -0.131391, -0.0539514, 0.164425, 998.45, -2479.89, 10, 2e-20, 3e-20, 2e-20, 2e-20, -1
0.568016, 0.212131, 0.967362, 0.05, -0.00931759, -0.0182425, -0.0999295, 0.102007, 1003.31, 5289.67, 10, 2e-20, 3e-20, 2e-20, 2e-20, -1
0.601415, 0.177864, 0.939779, 0.05, -0.077932, -0.0827205, -0.0463709, 0.122745, 1001.13, 1803.82, 10, 2e-20, 3e-20, 2e-20, 2e-20, -1
0.491106, 0.257299, 1.00908, 0.05, -0.0520321, -0.0707896, -0.014035, 0.088969, 1003.99, 6384.45, 10, 2e-20, 3e-20, 2e-20, 2e-20, -1
0.499435, 0.190381, 1.0246, 0.05, -0.0503356, -0.0934632, -0.0622466, 0.12306, 1003.8, 6072.42, 10, 2e-20, 3e-20, 2e-20, 2e-20, -1
0.512562, 0.210216, 0.966833, 0.05, -0.0977932, -0.0727915, -0.059595, 0.135697, 1007.93, 12692.8, 10, 2e-20, 3e-20, 2e-20, 2e-20, -1
0.45878, 0.151871, 1.09257, 0.05, -0.0389894, -0.119037, 0.16416, 0.20649, 1005.61, 8978.98, 10, 2e-20, 3e-20, 2e-20, 2e-20, -1
0.411359, 0.17566, 1.12698, 0.05, -0.100004, -0.0381392, -0.0345133, 0.112457, 1004.4, 7036.13, 10, 2e-20, 3e-20, 2e-20, 2e-20, -1
0.373494, 0.106692, 1.19281, 0.05, -0.240454, -0.142246, 0.102897, 0.297724, 999.992, -12.2199, 10, 2e-20, 3e-20, 2e-20, 2e-20, -1
0.330346, 0.119539, 1.2278, 0.05, -0.138525, -0.0688869, 0.152522, 0.21725, 1002.94, 4711.13, 10, 2e-20, 3e-20, 2e-20, 2e-20, -1
0.285749, 0.121901, 1.22214, 0.05, -0.222682, -0.0391145, 0.201897, 0.303116, 1000.76, 1211.31, 10, 2e-20, 3e-20, 2e-20, 2e-20, -1
0.21268, 0.125421, 1.28564, 0.05, -0.0797525, -0.0255982, 0.0108925, 0.0844653, 1002.16, 3462.67, 10, 2e-20, 3e-20, 2e-20, 2e-20, -1
0.132777, 0.105348, 1.35103, 0.05, -0.0898252, -0.0207206, -0.00620825, 0.092393, 1003.3, 5274.99, 10, 2e-20, 3e-20, 2e-20, 2e-20, -1
-0.0144191, -0.0565889, 1.3623, 0.05, 0.062238, -0.0220016, 0.060892, 0.089808, 1003.69, 5907.67, 10, 2e-20, 3e-20, 2e-20, 2e-20, -1
0.496496, 0.354186, 0.0547394, 0.05, -0.0475137, 0.109815, 0.0556794, 0.131974, 1019.78, 31644.2, 10, 2e-20, 3e-20, 2e-20, 2e-20, -1
0.533022, 0.397356, 0.0500554, 0.05, -0.0090479, -0.0675489, -0.049774, 0.084393, 1007.76, 12409.3, 10, 2e-20, 3e-20, 2e-20, 2e-20, -1
0.557154, 0.35899, 0.0712884, 0.05, -0.00138541, 0.039921, -0.0353762, 0.053358, 1007.33, 11734.4, 10, 2e-20, 3e-20, 2e-20, 2e-20, -1
0.594444, 0.335088, 0.100179, 0.05, 0.040656, 0.022135, -0.055519, 0.0722858, 1009.7, 15514.1, 10, 2e-20, 3e-20, 2e-20, 2e-20, -1
0.572724, 0.271616, 0.0465449, 0.05, 0.112844, -0.038142, 0.0626513, 0.134588, 1013.45, 21516.6, 10, 2e-20, 3e-20, 2e-20, 2e-20, -1
0.546433, 0.320224, 0.0495117, 0.05, 0.00691075, 0.0995643, 0.0451221, 0.10953, 1009.99, 15983.7, 10, 2e-20, 3e-20, 2e-20, 2e-20, -1
0.598657, 0.264416, 0.132738, 0.05, 0.126847, -0.0537685, 0.0305355, 0.141116, 1012.94, 20701.1, 10, 2e-20, 3e-20, 2e-20, 2e-20, -1
0.641288, 0.233707, 0.20947, 0.05, 0.0269078, 0.00673289, 0.000154096, 0.0277378, 1009.71, 15535.8, 10, 2e-20, 3e-20, 2e-20, 2e-20, -1
0.588779, 0.234694, 0.220631, 0.05, -0.0394163, 0.0593939, -0.051899, 0.0881747, 1009.18, 14684.7, 10, 2e-20, 3e-20, 2e-20, 2e-20, -1
0.638427, 0.138272, 0.23252, 0.05, -0.0107952, -0.121154, 0.0497061, 0.131398, 1004.02, 6432.03, 10, 2e-20, 3e-20, 2e-20, 2e-20, -1
0.60696, 0.284818, 0.239361, 0.05, 0.0028848, -0.1187, -0.0211252, 0.1206, 1005.7, 9119.97, 10, 2e-20, 3e-20, 2e-20, 2e-20, -1
0.613225, 0.186839, 0.22925, 0.05, 0.0402095, -0.0869858, 0.045182, 0.105947, 1008.55, 13682.5, 10, 2e-20, 3e-20, 2e-20, 2e-20, -1
0.594956, 0.312553, 0.278707, 0.05, 0.019691, -0.0850722, -0.0139888, 0.0884347, 1006.56, 10502.9, 10, 2e-20, 3e-20, 2e-20, 2e-20, -1
0.600083, 0.258055, 0.276482, 0.05, 0.025071, 0.0260659, -0.0367199, 0.0515397, 1005.3, 8478.22, 10, 2e-20, 3e-20, 2e-20, 2e-20, -1
0.559821, 0.313453, 0.330966, 0.05, 0.00338144, 0.0424759, -0.0574127, 0.0714972, 1005.09, 8137.91, 10, 2e-20, 3e-20, 2e-20, 2e-20, -1
0.599647, 0.281401, 0.321572, 0.05, 0.0767846, -0.0612054, -0.0788985, 0.125964, 1005.71, 9135.28, 10, 2e-20, 3e-20, 2e-20, 2e-20, -1
0.554456, 0.260361, 0.344087, 0.05, -0.0434608, -0.106237, 0.000569726, 0.114784, 1011.79, 18867.1, 10, 2e-20, 3e-20, 2e-20, 2e-20, -1
0.596065, 0.265782, 0.372144, 0.05, -0.0325841, -0.0793665, -0.031581, 0.0914228, 1004.84, 7748.61, 10, 2e-20, 3e-20, 2e-20, 2e-20, -1
0.566022, 0.222255, 0.380958, 0.05, 0.0322, -0.00909689, -0.0616024, 0.0701031, 1007.15, 11435.6, 10, 2e-20, 3e-20, 2e-20, 2e-20, -1
0.567447, 0.309329, 0.376739, 0.05, 0.0380318, -0.020562, -0.00892792, 0.0441466, 1001.11, 1774, 10, 2e-20, 3e-20, 2e-20, 2e-20, -1
0.532522, 0.297699, 0.408415, 0.05, 0.00591118, 0.0179276, -0.0455777, 0.0493322, 1002.74, 4390.16, 10, 2e-20, 3e-20, 2e-20, 2e-20, -1
0.554124, 0.339825, 0.415239, 0.05, -0.0814655, -0.0872597, -0.0417008, 0.126451, 1010.39, 16617, 10, 2e-20, 3e-20, 2e-20, 2e-20, -1
0.586193, 0.296315, 0.409057, 0.05, 0.0108719, 0.0821457, -0.037767, 0.0910629, 1004.6, 7367.92, 10, 2e-20, 3e-20, 2e-20, 2e-20, -1
0.563982, 0.300892, 0.453521, 0.05, 0.0529035, -0.0693102, -0.0147849, 0.088438, 1006.08, 9726.11, 10, 2e-20, 3e-20, 2e-20, 2e-20, -1
0.56451, 0.267294, 0.491316, 0.05, -0.00939713, -0.0254337, -0.106111, 0.109521, 1004.68, 7495.03, 10, 2e-20, 3e-20, 2e-20, 2e-20, -1
0.583738, 0.334808, 0.56721, 0.05, 0.0911394, 0.0852534, -0.0302527, 0.128412, 1004.17, 6675.17, 10, 2e-20, 3e-20, 2e-20, 2e-20, -1
0.560274, 0.299923, 0.529553, 0.05, 0.0237196, -0.0558174, -0.0777665, 0.0986196, 1011.6, 18565.2, 10, 2e-20, 3e-20, 2e-20, 2e-20, -1
0.557913, 0.170593, 0.542206, 0.05, -0.105823, -0.0128519, -0.0951592, 0.142895, 1009.82, 15713.5, 10, 2e-20, 3e-20, 2e-20, 2e-20, -1
0.644481, 0.197848, 0.609569, 0.05, -0.0851628, 0.00448338, -0.0159056, 0.0867514, 1005.37, 8596.7, 10, 2e-20, 3e-20, 2e-20, 2e-20, -1
0.63221, 0.264136, 0.639469, 0.05, -0.0230868, -0.050938, -0.0108864, 0.0569754, 1007.72, 12356, 10, 2e-20, 3e-20, 2e-20, 2e-20, -1
0.583808, 0.277537, 0.646193, 0.05, 0.0190771, 0.0402363, -0.0067651, 0.0450407, 1003.11, 4974.46, 10, 2e-20, 3e-20, 2e-20, 2e-20, -1
0.642231, 0.263578, 0.755958, 0.05, -0.0329922, -0.00230733, -0.0508755, 0.0606805, 1002.12, 3394.39, 10, 2e-20, 3e-20, 2e-20, 2e-20, -1
0.581875, 0.292017, 0.75243, 0.05, -0.0646393, -0.111352, -0.112689, 0.171103, 1003.58, 5724.62, 10, 2e-20, 3e-20, 2e-20, 2e-20, -1
0.570772, 0.253159, 0.730563, 0.05, -0.0712291, -0.038785, -0.0190418, 0.0833094, 1006.88, 11000.8, 10, 2e-20, 3e-20, 2e-20, 2e-20, -1
0.62202, 0.258032, 0.814847, 0.05, -0.127115, -0.081239, -0.0820624, 0.171733, 1003.54, 5664.25, 10, 2e-20, 3e-20, 2e-20, 2e-20, -1
0.601961, 0.256213, 0.866999, 0.05, -0.130964, -0.0180714, -0.118001, 0.177207, 1008.12, 12990.2, 10, 2e-20, 3e-20, 2e-20, 2e-20, -1
0.505356, 0.270683, 0.926113, 0.05, -0.118478, -0.0726043, -0.0446128, 0.145941, 999.183, -1306.86, 10, 2e-20, 3e-20, 2e-20, 2e-20, -1
0.592701, 0.217468, 0.908946, 0.05, -0.0433832, -0.0666371, -0.149583, 0.169404, 1000.81, 1298.79, 10, 2e-20, 3e-20, 2e-20, 2e-20, -1
0.452379, 0.323409, 0.970789, 0.05, -0.114717, -0.0692897, -0.21249, 0.251223, 1002.14, 3427.63, 10, 2e-20, 3e-20, 2e-20, 2e-20, -1
0.54377, 0.245539, 0.936517, 0.05, -0.103766, -0.0973492, -0.167611, 0.219859, 1001.39, 2217.56, 10, 2e-20, 3e-20, 2e-20, 2e-20, -1
0.524438, 0.28407, 0.974792, 0.05, -0.0638124, 0.0133048, -0.136915, 0.15164, 1003.05, 4883.59, 10, 2e-20, 3e-20, 2e-20, 2e-20, -1
0.48114, 0.242563, 1.05055, 0.05, 0.000398573, -0.0434117, -0.0578959, 0.0723648, 1004.48, 7170.9, 10, 2e-20, 3e-20, 2e-20, 2e-20, -1
0.449539, 0.208824, 1.09053, 0.05, -0.0335107, -0.0068389, 0.0203146, 0.0397797, 1001.07, 1712.44, 10, 2e-20, 3e-20, 2e-20, 2e-20, -1
0.495789, 0.191574, 1.07847, 0.05, -0.0537495, -0.00674985, -0.0663899, 0.0856866, 1000.42, 679.375, 10, 2e-20, 3e-20, 2e-20, 2e-20, -1
0.344336, 0.190313, 1.23018, 0.05, -0.192198, -0.055781, -0.0199744, 0.201123, 1002.61, 4168.89, 10, 2e-20, 3e-20, 2e-20, 2e-20, -1
0.340339, 0.185233, 1.18166, 0.05, -0.1581, 0.0579686, 0.0642489, 0.180233, 998.871, -1806.69, 10, 2e-20, 3e-20, 2e-20, 2e-20, -1
0.300117, 0.177085, 1.23519, 0.05, -0.189329, 0.0385327, 0.139408, 0.238254, 1005.77, 9232.04, 10, 2e-20, 3e-20, 2e-20, 2e-20, -1
0.274863, 0.142746, 1.27118, 0.05, -0.28591, -0.0600629, 0.180893, 0.343619, 999.094, -1449.02, 10, 2e-20, 3e-20, 2e-20, 2e-20, -1
0.252806, 0.0843439, 1.26849, 0.05, -0.18881, -0.100265, 0.0881493, 0.231242, 1001.74, 2776.09, 10, 2e-20, 3e-20, 2e-20, 2e-20, -1
0.149666, 0.120945, 1.3071, 0.05, -0.170239, 0.0411238, 0.17368, 0.246652, 998.036, -3142.96, 10, 2e-20, 3e-20, 2e-20, 2e-20, -1
0.0992821, 0.254015, 1.43481, 0.05, -0.0959359, -0.086483, 0.00868645, 0.129454, 1000.86, 1376.96, 10, 2e-20, 3e-20, 2e-20, 2e-20, -1
0.549504, 0.452329, 0.052169, 0.05, -0.043845, 0.0415778, -0.058442, 0.0840629, 1010.81, 17289.9, 10, 2e-20, 3e-20, 2e-20, 2e-20, -1
0.533453, 0.424011, 0.0959393, 0.05, 0.0567041, 0.00447255, 0.0711251, 0.0910722, 1007.82, 12516.7, 10, 2e-20, 3e-20, 2e-20, 2e-20, -1
0.539791, 0.415829, 0.164119, 0.05, -0.0254896, 0.0168069, -0.0859411, 0.0912034, 1012.98, 20775.7, 10, 2e-20, 3e-20, 2e-20, 2e-20, -1
0.554633, 0.381336, 0.121469, 0.05, 0.0444999, -0.0408996, -0.0431059, 0.074237, 1003.18, 5089.38, 10, 2e-20, 3e-20, 2e-20, 2e-20, -1
0.596578, 0.381362, 0.152865, 0.05, 0.0524845, -0.000284377, 0.0418631, 0.0671359, 1006.15, 9841.78, 10, 2e-20, 3e-20, 2e-20, 2e-20, -1
0.624966, 0.334406, 0.135267, 0.05, 0.100571, 0.0485359, -0.0205824, 0.113551, 1002.74, 4378.5, 10, 2e-20, 3e-20, 2e-20, 2e-20, -1
0.590315, 0.403841, 0.200236, 0.05, 0.0480405, -0.00386905, -0.00715482, 0.0487243, 1006.75, 10793.7, 10, 2e-20, 3e-20, 2e-20, 2e-20, -1
0.593778, 0.350658, 0.191593, 0.05, 0.0333691, 0.0197004, -0.0411368, 0.056514, 1003.46, 5532.27, 10, 2e-20, 3e-20, 2e-20, 2e-20, -1
0.554567, 0.385036, 0.211386, 0.05, -0.0539952, -0.02487, -0.0289045, 0.066102, 1000.71, 1137.97, 10, 2e-20, 3e-20, 2e-20, 2e-20, -1
0.627391, 0.30597, 0.204508, 0.05, -0.012059, 0.135807, 0.0645754, 0.150861, 1006.83, 10931.1, 10, 2e-20, 3e-20, 2e-20, 2e-20, -1
0.55048, 0.427581, 0.254523, 0.05, 0.0710941, 0.0834811, -0.142648, 0.179922, 1000.96, 1533.29, 10, 2e-20, 3e-20, 2e-20, 2e-20, -1
0.597281, 0.349452, 0.240561, 0.05, 0.0788113, 0.03894, -0.0345915, 0.0944675, 1009.18, 14687.2, 10, 2e-20, 3e-20, 2e-20, 2e-20, -1
0.570083, 0.383597, 0.277457, 0.05, 0.0580694, -0.028884, -0.051524, 0.0828315, 1006.13, 9811.62, 10, 2e-20, 3e-20, 2e-20, 2e-20, -1
0.564737, 0.386741, 0.323223, 0.05, -0.00734142, 0.0135266, -0.0133974, 0.0204048, 1008.25, 13193.7, 10, 2e-20, 3e-20, 2e-20, 2e-20, -1
0.554432, 0.435694, 0.424511, 0.05, -0.0223011, 0.0672386, -0.0163114, 0.0726941, 1009.37, 14996.1, 10, 2e-20, 3e-20, 2e-20, 2e-20, -1
0.566591, 0.381522, 0.391583, 0.05, 0.0331469, 0.0356528, -0.0658138, 0.0818614, 1004.19, 6710.65, 10, 2e-20, 3e-20, 2e-20, 2e-20, -1
0.524243, 0.355865, 0.323199, 0.05, -0.00610661, -0.131779, -0.0420566, 0.138462, 1001.53, 2445.98, 10, 2e-20, 3e-20, 2e-20, 2e-20, -1
0.612991, 0.343367, 0.391649, 0.05, 0.044809, -0.0147059, -0.00961316, 0.0481302, 1010.02, 16033.9, 10, 2e-20, 3e-20, 2e-20, 2e-20, -1
0.523132, 0.338212, 0.372769, 0.05, -0.0919711, -0.00320115, -0.0130655, 0.0929497, 1004.61, 7374.71, 10, 2e-20, 3e-20, 2e-20, 2e-20, -1
0.537431, 0.383825, 0.434551, 0.05, -0.180156, -0.0528631, 0.0105583, 0.188049, 1011.14, 17825.9, 10, 2e-20, 3e-20, 2e-20, 2e-20, -1
0.559687, 0.35683, 0.469999, 0.05, -0.0244358, -0.0135235, -0.0151521, 0.0317739, 1006.16, 9863.06, 10, 2e-20, 3e-20, 2e-20, 2e-20, -1
0.532072, 0.392545, 0.523975, 0.05, -0.00527132, 0.121552, -0.172437, 0.211039, 1004.3, 6877.69, 10, 2e-20, 3e-20, 2e-20, 2e-20, -1
0.593639, 0.327482, 0.494446, 0.05, 0.0435635, -0.0381749, -0.0541489, 0.079292, 1005.58, 8931.58, 10, 2e-20, 3e-20, 2e-20, 2e-20, -1
0.534267, 0.328395, 0.502103, 0.05, -0.0296203, -0.105813, -0.120419, 0.163017, 1003.57, 5711.09, 10, 2e-20, 3e-20, 2e-20, 2e-20, -1
0.540529, 0.352266, 0.541956, 0.05, 0.0696717, -0.0683338, -0.0216684, 0.0999659, 1007.67, 12270.6, 10, 2e-20, 3e-20, 2e-20, 2e-20, -1
0.538062, 0.388846, 0.677778, 0.05, 0.00316365, 0.0254557, -0.0937115, 0.0971589, 1005.55, 8881.52, 10, 2e-20, 3e-20, 2e-20, 2e-20, -1
0.56514, 0.281052, 0.574266, 0.05, 0.0134404, 0.016583, -0.0758032, 0.0787513, 1008.01, 12810.7, 10, 2e-20, 3e-20, 2e-20, 2e-20, -1
0.550639, 0.251074, 0.538839, 0.05, -0.0586978, -0.0574238, -0.109394, 0.136784, 1006.14, 9823.56, 10, 2e-20, 3e-20, 2e-20, 2e-20, -1
0.619137, 0.295032, 0.596062, 0.05, -0.0311583, -0.0804956, -0.0455296, 0.0975876, 1009.92, 15869.6, 10, 2e-20, 3e-20, 2e-20, 2e-20, -1
0.610622, 0.31942, 0.719196, 0.05, -0.0268673, -0.0107752, -0.131797, 0.134938, 1005.13, 8208.81, 10, 2e-20, 3e-20, 2e-20, 2e-20, -1
0.589198, 0.281646, 0.692888, 0.05, 0.0197673, -0.0277526, -0.049464, 0.0600636, 1004.19, 6703.9, 10, 2e-20, 3e-20, 2e-20, 2e-20, -1
0.534718, 0.417444, 0.83137, 0.05, -0.0658213, -0.0481844, -0.17062, 0.189117, 1001.93, 3090.25, 10, 2e-20, 3e-20, 2e-20, 2e-20, -1
0.631536, 0.307167, 0.760887, 0.05, 0.0205164, -0.0180954, -0.138794, 0.141464, 1007.46, 11929.1, 10, 2e-20, 3e-20, 2e-20, 2e-20, -1
0.531662, 0.369627, 0.796597, 0.05, -0.0214136, -0.0167387, -0.153358, 0.155748, 1005.34, 8542.02, 10, 2e-20, 3e-20, 2e-20, 2e-20, -1
0.558921, 0.32465, 0.785491, 0.05, -0.115521, -0.0258635, -0.13919, 0.182724, 1004.17, 6668.86, 10, 2e-20, 3e-20, 2e-20, 2e-20, -1
0.527721, 0.321442, 0.824842, 0.05, -0.0875888, -0.0489079, -0.124023, 0.159517, 1001.11, 1774.66, 10, 2e-20, 3e-20, 2e-20, 2e-20, -1
0.518546, 0.262995, 0.874336, 0.05, 0.0177009, -0.139715, -0.0516423, 0.150001, 1002.98, 4761.72, 10, 2e-20, 3e-20, 2e-20, 2e-20, -1
0.484432, 0.322133, 0.907114, 0.05, -0.112833, 0.0099398, -0.0384265, 0.11961, 1000.96, 1537.95, 10, 2e-20, 3e-20, 2e-20, 2e-20, -1
0.44703, 0.342186, 1.01925, 0.05, -0.205402, -0.00143621, -0.00615232, 0.2055, 1003.66, 5851.73, 10, 2e-20, 3e-20, 2e-20, 2e-20, -1
0.438877, 0.28806, 1.0193, 0.05, -0.233953, -0.105871, -0.0660376, 0.265148, 1001.23, 1972.92, 10, 2e-20, 3e-20, 2e-20, 2e-20, -1
0.458388, 0.272908, 1.08361, 0.05, -0.201858, -0.144535, -0.055583, 0.254414, 1003.88, 6207.87, 10, 2e-20, 3e-20, 2e-20, 2e-20, -1
0.435031, 0.313965, 1.06607, 0.05, -0.245908, -0.0326787, -0.0611006, 0.255483, 1000.06, 95.6616, 10, 2e-20, 3e-20, 2e-20, 2e-20, -1
0.398215, 0.239539, 1.09075, 0.05, -0.0982099, 0.0188153, -0.0768918, 0.126141, 998.723, -2043.73, 10, 2e-20, 3e-20, 2e-20, 2e-20, -1
0.431913, 0.244062, 1.05349, 0.05, -0.00963047, 0.0211229, -0.0513439, 0.0563482, 1002.42, 3870.27, 10, 2e-20, 3e-20, 2e-20, 2e-20, -1
0.404413, 0.296152, 1.09248, 0.05, -0.175353, -0.0210334, -0.097229, 0.201605, 998.654, -2154.38, 10, 2e-20, 3e-20, 2e-20, 2e-20, -1
0.357762, 0.258027, 1.05739, 0.05, -0.208764, -0.0635443, -0.0899789, 0.236044, 1004.53, 7249.69, 10, 2e-20, 3e-20, 2e-20, 2e-20, -1
0.373024, 0.221482, 1.1561, 0.05, -0.239159, -0.0612758, 0.0492912, 0.251757, 1005.41, 8655.98, 10, 2e-20, 3e-20, 2e-20, 2e-20, -1
0.285396, 0.201633, 1.19527, 0.05, -0.0782139, 0.0232895, 0.121679, 0.146512, 1000.34, 549.259, 10, 2e-20, 3e-20, 2e-20, 2e-20, -1
0.126409, 0.229427, 1.42639, 0.05, -0.109784, -0.0669271, 0.128249, 0.181602, 1001.93, 3083.83, 10, 2e-20, 3e-20, 2e-20, 2e-20, -1
0.21095, 0.264195, 1.25084, 0.05, -0.15551, -0.069709, 0.0568731, 0.179659, 997.078, -4675.42, 10, 2e-20, 3e-20, 2e-20, 2e-20, -1
0.11668, 0.289274, 1.41236, 0.05, -0.199621, -0.0733342, -0.0269216, 0.214362, 999.15, -1359.64, 10, 2e-20, 3e-20, 2e-20, 2e-20, -1
0.537045, 0.503737, 0.0562596, 0.05, -0.0239678, 0.0327194, -0.0476577, 0.0625801, 1012.13, 19403, 10, 2e-20, 3e-20, 2e-20, 2e-20, -1
0.555111, 0.446382, 0.127458, 0.05, 0.132838, -0.0390416, 0.0673847, 0.153983, 1007.53, 12055.8, 10, 2e-20, 3e-20, 2e-20, 2e-20, -1
0.590215, 0.503473, 0.233629, 0.05, 0.0293402, 0.00186861, -0.0192398, 0.0351356, 1010.99, 17582.7, 10, 2e-20, 3e-20, 2e-20, 2e-20, -1
0.600786, 0.449925, 0.218117, 0.05, 0.050832, -0.0203955, -0.00589296, 0.0550871, 1005.95, 9525.55, 10, 2e-20, 3e-20, 2e-20, 2e-20, -1
0.521514, 0.459236, 0.18721, 0.05, -0.0243408, -0.069238, -0.0175885, 0.07547, 999.844, -249.08, 10, 2e-20, 3e-20, 2e-20, 2e-20, -1
0.570204, 0.45872, 0.193798, 0.05, 0.0721894, 0.0477617, -0.0325337, 0.0924712, 1000.98, 1572.86, 10, 2e-20, 3e-20, 2e-20, 2e-20, -1
0.521509, 0.419587, 0.215539, 0.05, -0.112679, -0.0396448, 0.037558, 0.125215, 1010.66, 17056.2, 10, 2e-20, 3e-20, 2e-20, 2e-20, -1
0.537444, 0.470491, 0.234176, 0.05, -0.0911089, -0.0149311, -0.00577993, 0.092505, 1008.19, 13102, 10, 2e-20, 3e-20, 2e-20, 2e-20, -1
0.598755, 0.412335, 0.248292, 0.05, 0.0386377, -0.0222685, -0.0535995, 0.0697256, 1009.6, 15358.6, 10, 2e-20, 3e-20, 2e-20, 2e-20, -1
0.57057, 0.45982, 0.386446, 0.05, -0.129191, -0.0446511, -0.0479784, 0.144865, 1004.93, 7881.4, 10, 2e-20, 3e-20, 2e-20, 2e-20, -1
0.56375, 0.427928, 0.364803, 0.05, 0.0288408, 0.0187957, -0.0482987, 0.0593113, 1003.05, 4879.49, 10, 2e-20, 3e-20, 2e-20, 2e-20, -1
0.619269, 0.43012, 0.294771, 0.05, -0.0388502, 0.0296676, -0.00752655, 0.0494586, 1007.78, 12443.6, 10, 2e-20, 3e-20, 2e-20, 2e-20, -1
0.600929, 0.426108, 0.334165, 0.05, -0.0864061, -0.106495, -0.0462984, 0.144744, 1007.05, 11277.1, 10, 2e-20, 3e-20, 2e-20, 2e-20, -1
0.622996, 0.45473, 0.42858, 0.05, 0.0369584, 0.115564, 0.106626, 0.161524, 1005.98, 9561.74, 10, 2e-20, 3e-20, 2e-20, 2e-20, -1
0.589246, 0.453955, 0.461174, 0.05, 0.0317759, 0.0392535, -0.0281284, 0.057808, 1006.09, 9750.9, 10, 2e-20, 3e-20, 2e-20, 2e-20, -1
0.554332, 0.461848, 0.525218, 0.05, -0.00156745, 0.0542456, -0.0412278, 0.0681526, 1003.48, 5560.86, 10, 2e-20, 3e-20, 2e-20, 2e-20, -1
0.544919, 0.445584, 0.476991, 0.05, 0.0742729, -0.0933801, 0.0509943, 0.129756, 1011.04, 17665.2, 10, 2e-20, 3e-20, 2e-20, 2e-20, -1
0.557243, 0.437424, 0.571648, 0.05, 0.0369353, -0.0513497, 0.0485834, 0.0797581, 1004.41, 7049.62, 10, 2e-20, 3e-20, 2e-20, 2e-20, -1
0.581714, 0.401889, 0.457373, 0.05, -0.0197959, 0.0268246, 0.0126658, 0.0356631, 1004.84, 7742.41, 10, 2e-20, 3e-20, 2e-20, 2e-20, -1
0.579505, 0.392647, 0.551546, 0.05, 0.08619, 0.00993563, -0.0127545, 0.0876933, 1003.95, 6317.14, 10, 2e-20, 3e-20, 2e-20, 2e-20, -1
0.589609, 0.436058, 0.715286, 0.05, -0.0597387, -0.072126, -0.0152941, 0.0948935, 1004.73, 7574.62, 10, 2e-20, 3e-20, 2e-20, 2e-20, -1
0.629386, 0.411531, 0.729831, 0.05, -0.0692297, -0.0631491, -0.144518, 0.172238, 1003.5, 5594.11, 10, 2e-20, 3e-20, 2e-20, 2e-20, -1
0.575953, 0.383778, 0.597066, 0.05, -0.0375576, 0.0145988, -0.197878, 0.201939, 1007.2, 11523, 10, 2e-20, 3e-20, 2e-20, 2e-20, -1
0.549528, 0.419812, 0.726303, 0.05, 0.0281412, -0.0190315, 0.092939, 0.0989534, 1001.69, 2699.37, 10, 2e-20, 3e-20, 2e-20, 2e-20, -1
0.58195, 0.368946, 0.644899, 0.05, -0.00776605, -0.0336648, 0.0375864, 0.0510527, 1005.96, 9540.27, 10, 2e-20, 3e-20, 2e-20, 2e-20, -1
0.586282, 0.382997, 0.723692, 0.05, -0.0522589, 0.00549693, -0.096669, 0.110028, 1003.21, 5138.78, 10, 2e-20, 3e-20, 2e-20, 2e-20, -1
0.626345, 0.358085, 0.692738, 0.05, -0.176477, 0.102934, -0.0528586, 0.21103, 1001.93, 3093.97, 10, 2e-20, 3e-20, 2e-20, 2e-20, -1
0.581135, 0.346964, 0.685942, 0.05, 0.0208746, -0.0434065, -0.0635415, 0.0797333, 1007.25, 11603, 10, 2e-20, 3e-20, 2e-20, 2e-20, -1
0.564608, 0.431805, 0.79001, 0.05, -0.113474, -0.0908604, -0.126765, 0.192876, 1008.68, 13891.5, 10, 2e-20, 3e-20, 2e-20, 2e-20, -1
0.480098, 0.456899, 0.908789, 0.05, -0.0548747, 0.0235063, -0.0156406, 0.0617123, 1004.46, 7133.07, 10, 2e-20, 3e-20, 2e-20, 2e-20, -1
0.507328, 0.414307, 0.861314, 0.05, -0.0035808, -0.0359699, -0.116545, 0.122022, 1002.72, 4359.85, 10, 2e-20, 3e-20, 2e-20, 2e-20, -1
0.490693, 0.381464, 0.824524, 0.05, 0.00978426, -0.062542, -0.0601345, 0.087312, 1004.91, 7849.94, 10, 2e-20, 3e-20, 2e-20, 2e-20, -1
0.485094, 0.419324, 0.915354, 0.05, -0.0274903, -0.00538725, -0.103183, 0.106918, 1001.36, 2178.85, 10, 2e-20, 3e-20, 2e-20, 2e-20, -1
0.463216, 0.396257, 0.966284, 0.05, -0.026242, -0.0867622, -0.106653, 0.139968, 1004.86, 7778.51, 10, 2e-20, 3e-20, 2e-20, 2e-20, -1
0.400822, 0.450106, 1.11236, 0.05, 0.00344354, 0.0435825, 0.127064, 0.134375, 1000.27, 431.062, 10, 2e-20, 3e-20, 2e-20, 2e-20, -1
0.41164, 0.343533, 0.988325, 0.05, -0.0410689, -0.0332118, -0.0744755, 0.0913032, 1001.77, 2838.37, 10, 2e-20, 3e-20, 2e-20, 2e-20, -1
0.469027, 0.360754, 1.06291, 0.05, -0.0535059, 0.00223269, 0.0237178, 0.0585696, 1005.36, 8568.52, 10, 2e-20, 3e-20, 2e-20, 2e-20, -1
0.39494, 0.27404, 1.04772, 0.05, -0.0824323, 0.0643502, -0.105052, 0.148229, 1003.12, 4988.85, 10, 2e-20, 3e-20, 2e-20, 2e-20, -1
0.344236, 0.288103, 1.00935, 0.05, -0.12468, -0.0824582, -0.0896972, 0.174328, 1000.24, 381.004, 10, 2e-20, 3e-20, 2e-20, 2e-20, -1
0.398508, 0.327823, 1.04261, 0.05, -0.0649771, -0.00852802, -0.00896009, 0.0661441, 1004.24, 6779.75, 10, 2e-20, 3e-20, 2e-20, 2e-20, -1
0.411999, 0.374273, 1.05802, 0.05, -0.14901, 0.00803385, -0.011789, 0.149691, 1001.59, 2550.07, 10, 2e-20, 3e-20, 2e-20, 2e-20, -1
0.374119, 0.421624, 1.17927, 0.05, -0.0728265, 0.0717986, -0.0295295, 0.106446, 1004.71, 7534.67, 10, 2e-20, 3e-20, 2e-20, 2e-20, -1
0.34582, 0.388946, 1.21234, 0.05, -0.0492424, -0.0260121, 0.0564751, 0.0793151, 1002.61, 4178.97, 10, 2e-20, 3e-20, 2e-20, 2e-20, -1
0.398921, 0.38179, 1.20405, 0.05, -0.179864, -0.0513949, -0.0328296, 0.189922, 1000.64, 1029.17, 10, 2e-20, 3e-20, 2e-20, 2e-20, -1
0.363549, 0.317647, 1.1214, 0.05, -0.218099, -0.0587173, -0.0865093, 0.241865, 1002.35, 3754, 10, 2e-20, 3e-20, 2e-20, 2e-20, -1
0.360768, 0.310289, 1.05347, 0.05, 0.0306846, -0.0907194, -0.116824, 0.151061, 1004.72, 7556.57, 10, 2e-20, 3e-20, 2e-20, 2e-20, -1
0.31466, 0.331857, 1.13736, 0.05, -0.147088, -0.0369773, -0.0252573, 0.153754, 1001.29, 2058.38, 10, 2e-20, 3e-20, 2e-20, 2e-20, -1
0.29588, 0.29045, 1.15137, 0.05, -0.1687, 0.003505, -0.0327241, 0.17188, 1004.69, 7510.96, 10, 2e-20, 3e-20, 2e-20, 2e-20, -1
0.249793, 0.290569, 1.24327, 0.05, -0.192676, -0.000110918, 0.0107667, 0.192976, 999.02, -1568.12, 10, 2e-20, 3e-20, 2e-20, 2e-20, -1
0.264405, 0.252723, 1.19089, 0.05, -0.148204, -0.0650968, -0.0329281, 0.165186, 1002.66, 4262.96, 10, 2e-20, 3e-20, 2e-20, 2e-20, -1
0.197448, 0.331232, 1.44267, 0.05, -0.179429, 0.0532518, -0.212929, 0.283495, 996.023, -6362.6, 10, 2e-20, 3e-20, 2e-20, 2e-20, -1
0.580959, 0.438602, 0.0884782, 0.05, 0.0800938, -0.01776, 0.10719, 0.134982, 1007.57, 12115.6, 10, 2e-20, 3e-20, 2e-20, 2e-20, -1
0.560452, 0.493766, 0.104565, 0.05, 0.106992, -0.0300852, 0.0298408, 0.115078, 1015.37, 24592.3, 10, 2e-20, 3e-20, 2e-20, 2e-20, -1
0.616238, 0.493146, 0.100194, 0.05, -0.000659704, 0.0201556, 0.0598871, 0.0631914, 1012.63, 20206.1, 10, 2e-20, 3e-20, 2e-20, 2e-20, -1
0.602287, 0.495954, 0.356459, 0.05, 0.0053261, 0.0722432, 0.0488633, 0.0873789, 1014.38, 23005, 10, 2e-20, 3e-20, 2e-20, 2e-20, -1
0.248971, -0.503227, 1.77734, 0.05, -7.53059e-05, 0.00082759, -0.820599, 0.820599, 1000, 7.38699, 10, 2e-20, 3e-20, 2e-20, 2e-20, -1
0.636626, 0.46571, 0.324776, 0.05, 0.0696313, 0.0887228, -0.0178808, 0.114193, 1007.27, 11633.8, 10, 2e-20, 3e-20, 2e-20, 2e-20, -1
0.564851, 0.439975, 0.309619, 0.05, 0.0123269, 0.0160058, 0.0586382, 0.0620208, 1009.72, 15546.3, 10, 2e-20, 3e-20, 2e-20, 2e-20, -1
0.532842, 0.496064, 0.369554, 0.05, 0.0244145, -0.078721, -0.0250015, 0.0861286, 1007.78, 12454, 10, 2e-20, 3e-20, 2e-20, 2e-20, -1
0.639817, 0.499555, 0.552455, 0.05, -0.120333, 0.0157184, -0.083395, 0.147247, 1012.17, 19469.8, 10, 2e-20, 3e-20, 2e-20, 2e-20, -1
-0.152107, -0.160139, 1.42314, 0.05, 0.00791879, -0.140586, -0.0434498, 0.14736, 997.879, -3393.06, 10, 2e-20, 3e-20, 2e-20, 2e-20, -1
0.651599, 0.495427, 0.663645, 0.05, 0.00263248, 0.0453841, -0.0217618, 0.0504006, 1010.66, 17063.7, 10, 2e-20, 3e-20, 2e-20, 2e-20, -1
0.584734, 0.50084, 0.539003, 0.05, 0.00702828, 0.0859525, 0.0144905, 0.0874483, 1004.25, 6793.94, 10, 2e-20, 3e-20, 2e-20, 2e-20, -1
0.58931, 0.500222, 0.771573, 0.05, -0.0385946, -0.028687, -0.0728201, 0.0872654, 1004.06, 6499.81, 10, 2e-20, 3e-20, 2e-20, 2e-20, -1
0.544641, 0.499124, 0.669658, 0.05, 0.0303397, 0.0164594, 0.0433124, 0.0553839, 1002.17, 3474.78, 10, 2e-20, 3e-20, 2e-20, 2e-20, -1
0.581772, 0.500386, 0.714682, 0.05, 0.0903505, 0.0219832, -0.0327622, 0.0985892, 1006.91, 11056.8, 10, 2e-20, 3e-20, 2e-20, 2e-20, -1
0.629143, 0.468062, 0.747317, 0.05, -0.0142765, -0.00236197, -0.0654799, 0.0670598, 1002.37, 3786.9, 10, 2e-20, 3e-20, 2e-20, 2e-20, -1
0.596806, 0.496994, 0.655581, 0.05, -0.0613682, 0.0610616, 0.0134777, 0.087614, 1006.71, 10731.6, 10, 2e-20, 3e-20, 2e-20, 2e-20, -1
0.5291, 0.456513, 0.89377, 0.05, -0.103834, -0.0734581, 0.0714701, 0.145896, 1006.23, 9965.44, 10, 2e-20, 3e-20, 2e-20, 2e-20, -1
0.545986, 0.454387, 0.690863, 0.05, -0.0439434, 0.0543748, -0.101276, 0.123063, 1002.29, 3656.41, 10, 2e-20, 3e-20, 2e-20, 2e-20, -1
0.636926, 0.496605, 0.936941, 0.05, -0.00269845, 0.00357371, 0.0212386, 0.0217056, 1007.31, 11702.6, 10, 2e-20, 3e-20, 2e-20, 2e-20, -1
0.577019, 0.501279, 0.957652, 0.05, 0.00741364, 0.054268, 0.193184, 0.200798, 1003.21, 5128.65, 10, 2e-20, 3e-20, 2e-20, 2e-20, -1
0.57164, 0.491997, 1.1416, 0.05, -0.0564618, -0.0338337, 0.126268, 0.142394, 1003.5, 5594.83, 10, 2e-20, 3e-20, 2e-20, 2e-20, -1
0.50446, 0.501426, 0.86464, 0.05, -0.0548251, -0.0561965, 0.0284324, 0.0834999, 1006.87, 10998.9, 10, 2e-20, 3e-20, 2e-20, 2e-20, -1
0.405918, 0.435627, 1.33271, 0.05, -0.0578748, 0.0706557, 0.159098, 0.18345, 1000.53, 855.468, 10, 2e-20, 3e-20, 2e-20, 2e-20, -1
0.478498, 0.498995, 1.0502, 0.05, -0.0485138, -0.0304884, 0.221723, 0.229007, 1000.83, 1332.45, 10, 2e-20, 3e-20, 2e-20, 2e-20, -1
0.423385, 0.508724, 1.27196, 0.05, 0.108878, -0.0818958, -0.0220608, 0.138015, 997.403, -4155.6, 10, 2e-20, 3e-20, 2e-20, 2e-20, -1
0.538306, 0.473279, 0.958536, 0.05, -0.0366899, -0.057271, 0.176293, 0.188958, 1002.22, 3548.8, 10, 2e-20, 3e-20, 2e-20, 2e-20, -1
0.470743, 0.448732, 0.959073, 0.05, -0.104921, 0.0213152, -0.0544331, 0.120107, 1005.78, 9242.52, 10, 2e-20, 3e-20, 2e-20, 2e-20, -1
0.751993, 0.325095, 1.30512, 0.05, -0.195601, -0.12054, -0.320003, 0.393944, 1002.11, 3380.72, 10, 2e-20, 3e-20, 2e-20, 2e-20, -1
0.40876, 0.443559, 1.21023, 0.05, -0.0899059, 0.0802609, 0.0228463, 0.122666, 997.51, -3983.9, 10, 2e-20, 3e-20, 2e-20, 2e-20, -1
0.363382, 0.418167, 1.08389, 0.05, -0.166293, -0.0392398, -0.151426, 0.228304, 1000.13, 213.201, 10, 2e-20, 3e-20, 2e-20, 2e-20, -1
0.539952, 0.325557, 1.34733, 0.05, -0.123587, -0.0436993, -0.204211, 0.242663, 999.672, -524.009, 10, 2e-20, 3e-20, 2e-20, 2e-20, -1
0.381667, 0.428769, 1.27161, 0.05, -0.128104, 0.0226887, -0.0514417, 0.139899, 998.404, -2553.75, 10, 2e-20, 3e-20, 2e-20, 2e-20, -1
0.450509, 0.419812, 1.27569, 0.05, -0.157394, 0.114862, 0.0886067, 0.21405, 1004.88, 7809.73, 10, 2e-20, 3e-20, 2e-20, 2e-20, -1
0.38444, 0.389296, 1.01903, 0.05, -0.113256, 0.00116282, 0.0863227, 0.142407, 1000.84, 1336.27, 10, 2e-20, 3e-20, 2e-20, 2e-20, -1
0.42704, 0.422901, 1.22794, 0.05, -0.155294, 0.103167, 0.0163985, 0.187159, 997.56, -3903.29, 10, 2e-20, 3e-20, 2e-20, 2e-20, -1
0.48451, 0.441608, 1.40985, 0.05, -0.195978, 0.0191031, 0.0734791, 0.21017, 1000.17, 278.867, 10, 2e-20, 3e-20, 2e-20, 2e-20, -1
0.489524, 0.410733, 1.37578, 0.05, -0.197602, -0.209453, -0.0581528, 0.293767, 1001.43, 2284.35, 10, 2e-20, 3e-20, 2e-20, 2e-20, -1
0.342918, 0.436482, 1.14581, 0.05, -0.0986894, 0.071924, -0.0169527, 0.123288, 999.807, -308.491, 10, 2e-20, 3e-20, 2e-20, 2e-20, -1
0.644109, -0.217519, 1.3715, 0.05, -0.238311, 0.267083, 0.203026, 0.411515, 1001.31, 2092.5, 10, 2e-20, 3e-20, 2e-20, 2e-20, -1
0.329276, 0.377697, 1.03413, 0.05, -0.130017, 0.0441511, -0.177949, 0.224766, 1001.64, 2618.07, 10, 2e-20, 3e-20, 2e-20, 2e-20, -1
0.640686, 0.333556, 1.3643, 0.05, -0.18285, -0.037629, -0.116443, 0.22002, 1000.98, 1560.14, 10, 2e-20, 3e-20, 2e-20, 2e-20, -1
0.489093, 0.400654, 1.32302, 0.05, -0.200565, -0.0333489, -0.0644549, 0.213291, 1001.47, 2354.25, 10, 2e-20, 3e-20, 2e-20, 2e-20, -1
0.4313, 0.349394, 1.25974, 0.05, -0.26389, 0.00970833, -0.0325302, 0.266065, 999.394, -969.49, 10, 2e-20, 3e-20, 2e-20, 2e-20, -1
0.622966, 0.364774, 1.24613, 0.05, -0.155688, -0.135961, -0.190478, 0.28108, 1000.05, 73.7683, 10, 2e-20, 3e-20, 2e-20, 2e-20, -1
0.267135, 0.205024, 1.37833, 0.05, -0.175049, -0.121866, 0.127971, 0.248737, 998.159, -2946.07, 10, 2e-20, 3e-20, 2e-20, 2e-20, -1
0.699513, 0.246915, 1.27771, 0.05, -0.153225, 0.0227203, -0.330863, 0.365328, 996.227, -6036.33, 10, 2e-20, 3e-20, 2e-20, 2e-20, -1
0.666849, 0.276547, 1.32425, 0.05, -0.210471, 0.0121084, -0.269464, 0.342133, 1000.3, 474.115, 10, 2e-20, 3e-20, 2e-20, 2e-20, -1
0.647266, 0.359566, 1.2716, 0.05, -0.227123, -0.14236, -0.304886, 0.405964, 997.412, -4141.1, 10, 2e-20, 3e-20, 2e-20, 2e-20, -1
0.296731, 0.333705, 1.18862, 0.05, -0.170628, -0.016432, -0.125786, 0.212617, 1001.73, 2761.59, 10, 2e-20, 3e-20, 2e-20, 2e-20, -1
0.401286, 0.363946, 1.41691, 0.05, -0.0730486, 0.00131104, -0.0583476, 0.0935, 998.086, -3062.93, 10, 2e-20, 3e-20, 2e-20, 2e-20, -1
0.663649, -0.497439, 0.0590121, 0.05, -0.15159, 0.0520391, -0.203784, 0.259259, 1010.17, 16276.8, 10, 2e-20, 3e-20, 2e-20, 2e-20, -1
0.580565, -0.495993, 0.0611053, 0.05, -0.2748, 0.0852029, 0.0892557, 0.301233, 1025.61, 40969.8, 10, 2e-20, 3e-20, 2e-20, 2e-20, -1
0.661567, -0.497743, 0.24513, 0.05, 0.157278, -0.0334424, -0.0905532, 0.184539, 1015.8, 25286.3, 10, 2e-20, 3e-20, 2e-20, 2e-20, -1
0.712138, -0.495602, 0.283999, 0.05, -0.0159279, -0.0183083, 0.148646, 0.150614, 1016.72, 26748, 10, 2e-20, 3e-20, 2e-20, 2e-20, -1
0.703164, -0.459526, 0.23476, 0.05, 0.0537561, 0.00909675, 0.0700608, 0.0887749, 1011.44, 18302, 10, 2e-20, 3e-20, 2e-20, 2e-20, -1
0.602804, -0.494848, 0.322383, 0.05, -0.0105405, -0.0294688, 0.000464204, 0.0313006, 1017.53, 28048.7, 10, 2e-20, 3e-20, 2e-20, 2e-20, -1
0.624063, -0.501001, 0.381334, 0.05, 0.130645, -0.0844521, -0.0196297, 0.156798, 1014.73, 23565.9, 10, 2e-20, 3e-20, 2e-20, 2e-20, -1
0.577894, -0.498544, 0.436948, 0.05, -0.0436419, 0.00734614, 0.0575137, 0.07257, 1010.69, 17105.8, 10, 2e-20, 3e-20, 2e-20, 2e-20, -1
0.544575, -0.497654, 0.493639, 0.05, -0.0803309, -0.0255295, 0.0408156, 0.0936521, 1009.8, 15679.2, 10, 2e-20, 3e-20, 2e-20, 2e-20, -1
0.596559, -0.494538, 0.49912, 0.05, -0.0445125, -0.053909, -0.00197764, 0.069939, 1008.53, 13644.4, 10, 2e-20, 3e-20, 2e-20, 2e-20, -1
0.54056, -0.496215, 0.619164, 0.05, -0.0622021, 0.0772118, -0.0603484, 0.116072, 1007.53, 12055.6, 10, 2e-20, 3e-20, 2e-20, 2e-20, -1
0.56124, -0.497333, 0.751961, 0.05, 0.0403633, -0.02934, 0.157521, 0.165236, 1008.7, 13921.1, 10, 2e-20, 3e-20, 2e-20, 2e-20, -1
0.578073, -0.497318, 0.669983, 0.05, -0.11107, 0.0178501, 0.0133644, 0.113287, 1008.76, 14023.4, 10, 2e-20, 3e-20, 2e-20, 2e-20, -1
0.525311, -0.495194, 0.704656, 0.05, -0.143124, -0.0420303, 0.113978, 0.187729, 1006.44, 10308.7, 10, 2e-20, 3e-20, 2e-20, 2e-20, -1
0.662744, -0.495563, 0.805711, 0.05, -0.0405381, -0.102191, 0.0957346, 0.145779, 1006.2, 9919.63, 10, 2e-20, 3e-20, 2e-20, 2e-20, -1
0.585128, -0.49395, 0.813057, 0.05, -0.0452492, -0.0525595, 0.0728967, 0.100618, 1011.1, 17752, 10, 2e-20, 3e-20, 2e-20, 2e-20, -1
0.662562, -0.497561, 0.895376, 0.05, 0.00237568, -0.0359417, 0.152395, 0.156594, 1001.41, 2260.75, 10, 2e-20, 3e-20, 2e-20, 2e-20, -1
0.599549, -0.497003, 0.951389, 0.05, -0.0446921, -0.0177936, 0.0452205, 0.0660219, 1007.13, 11403, 10, 2e-20, 3e-20, 2e-20, 2e-20, -1
0.596924, -0.494838, 0.88608, 0.05, 0.0743234, -0.0229677, 0.152339, 0.171051, 1004.89, 7816.34, 10, 2e-20, 3e-20, 2e-20, 2e-20, -1
0.635958, -0.496545, 0.845908, 0.05, -0.10099, 0.00427551, 0.101244, 0.143065, 1005.66, 9057.16, 10, 2e-20, 3e-20, 2e-20, 2e-20, -1
0.562613, -0.498671, 1.00618, 0.05, 0.102431, 0.0627609, 0.0621413, 0.13525, 1003.52, 5635.07, 10, 2e-20, 3e-20, 2e-20, 2e-20, -1
0.596328, -0.449508, 0.844498, 0.05, 0.00873854, -0.0758709, 0.192746, 0.207325, 1010.68, 17094.7, 10, 2e-20, 3e-20, 2e-20, 2e-20, -1
0.609307, -0.49774, 1.06666, 0.05, 0.0171114, 0.0342848, 0.237412, 0.240485, 1003.28, 5251.54, 10, 2e-20, 3e-20, 2e-20, 2e-20, -1
0.570945, -0.498567, 1.1148, 0.05, -0.00915413, 0.0890166, 0.10867, 0.140772, 1001, 1602.08, 10, 2e-20, 3e-20, 2e-20, 2e-20, -1
0.479089, -0.487844, 1.05063, 0.05, -0.0435453, 0.0484872, 0.281605, 0.289048, 1002.79, 4464.47, 10, 2e-20, 3e-20, 2e-20, 2e-20, -1
0.679231, -0.496655, 1.34601, 0.05, -0.0151549, 0.0951733, 0.0292802, 0.100722, 999.686, -501.997, 10, 2e-20, 3e-20, 2e-20, 2e-20, -1
0.572882, -0.458115, 0.979934, 0.05, -0.0554446, 0.119164, -0.0238329, 0.133575, 1006.69, 10701.9, 10, 2e-20, 3e-20, 2e-20, 2e-20, -1
0.608307, -0.406926, 0.916269, 0.05, -0.0906678, -0.0591696, 0.0750065, 0.131711, 1000.09, 148.59, 10, 2e-20, 3e-20, 2e-20, 2e-20, -1
0.708141, -0.312172, 1.28467, 0.05, -0.41124, -0.015493, -0.0592652, 0.415777, 1002.35, 3756.65, 10, 2e-20, 3e-20, 2e-20, 2e-20, -1
0.508832, -0.491078, 1.25991, 0.05, -0.211907, -0.424401, 0.33956, 0.583371, 1012.26, 19610.9, 10, 2e-20, 3e-20, 2e-20, 2e-20, -1
0.533208, -0.500035, 1.33243, 0.05, -0.0393456, -0.0155663, 0.0653874, 0.0778839, 1011.4, 18241, 10, 2e-20, 3e-20, 2e-20, 2e-20, -1
0.432362, -0.451038, 1.35227, 0.05, -0.274751, 0.0605911, 0.00887894, 0.281493, 997.669, -3729.79, 10, 2e-20, 3e-20, 2e-20, 2e-20, -1
0.562538, -0.482875, 1.15169, 0.05, -0.0320758, 0.00215583, 0.138402, 0.142086, 999.954, -73.5949, 10, 2e-20, 3e-20, 2e-20, 2e-20, -1
0.399619, -0.398569, 1.36257, 0.05, -0.270654, -0.229105, 0.138029, 0.380519, 1004.29, 6871.65, 10, 2e-20, 3e-20, 2e-20, 2e-20, -1
0.493338, -0.46655, 1.16207, 0.05, -0.0687024, 0.0305959, 0.147286, 0.165376, 1002.23, 3560.15, 10, 2e-20, 3e-20, 2e-20, 2e-20, -1
0.446887, -0.474065, 1.26395, 0.05, -0.162565, 0.0904594, 0.227183, 0.293636, 1002.35, 3762.77, 10, 2e-20, 3e-20, 2e-20, 2e-20, -1
0.469685, -0.473504, 1.39912, 0.05, -0.136569, -0.043541, -0.153047, 0.20969, 1012.07, 19309.5, 10, 2e-20, 3e-20, 2e-20, 2e-20, -1
0.464461, -0.410401, 1.35619, 0.05, -0.271242, 0.0164053, -0.0168868, 0.272262, 1004.94, 7911.29, 10, 2e-20, 3e-20, 2e-20, 2e-20, -1
0.433356, -0.362693, 1.32796, 0.05, -0.0847149, 0.140312, 0.314058, 0.354255, 996.225, -6040.31, 10, 2e-20, 3e-20, 2e-20, 2e-20, -1
0.494993, -0.380968, 1.18789, 0.05, -0.122515, 0.0123438, 0.0282721, 0.126339, 1000.43, 690.077, 10, 2e-20, 3e-20, 2e-20, 2e-20, -1
0.496205, -0.444024, 1.35986, 0.05, 0.0247629, 0.00645936, -0.0871685, 0.0908476, 1009.28, 14849.6, 10, 2e-20, 3e-20, 2e-20, 2e-20, -1
0.640918, -0.166697, 1.26124, 0.05, -0.121519, 0.0817544, 0.00103771, 0.146464, 1000.3, 486.053, 10, 2e-20, 3e-20, 2e-20, 2e-20, -1
0.684628, -0.292154, 1.29045, 0.05, -0.197073, 0.14583, -0.100772, 0.265064, 999.163, -1339.59, 10, 2e-20, 3e-20, 2e-20, 2e-20, -1
0.39353, -0.243239, 1.39222, 0.05, -0.314674, 0.0908671, 0.0724813, 0.335455, 994.611, -8621.82, 10, 2e-20, 3e-20, 2e-20, 2e-20, -1
0.589529, -0.131972, 1.3135, 0.05, -0.139204, 0.160051, 0.100675, 0.234796, 1003.17, 5071.7, 10, 2e-20, 3e-20, 2e-20, 2e-20, -1
0.36148, -0.222078, 1.41282, 0.05, -0.388947, 0.0681466, 0.147011, 0.42135, 1002.04, 3263.94, 10, 2e-20, 3e-20, 2e-20, 2e-20, -1
0.618449, -0.408757, 1.30067, 0.05, -0.0735643, -0.0486516, -0.0831915, 0.121242, 997.47, -4048.45, 10, 2e-20, 3e-20, 2e-20, 2e-20, -1
0.418231, -0.286734, 1.36834, 0.05, -0.188998, -0.223697, -0.0978134, 0.308752, 1002.55, 4083.27, 10, 2e-20, 3e-20, 2e-20, 2e-20, -1
0.368325, -0.245814, 1.3443, 0.05, -0.257265, 0.0358991, 0.0252874, 0.260985, 995.28, -7551.72, 10, 2e-20, 3e-20, 2e-20, 2e-20, -1
0.4772, -0.522712, 1.39943, 0.05, 0.0742308, -0.0256114, 0.0461641, 0.0910894, 998.561, -2302.85, 10, 2e-20, 3e-20, 2e-20, 2e-20, -1
0.383491, -0.182756, 1.43209, 0.05, -0.385114, 0.164923, 0.263251, 0.494787, 1006.43, 10295.1, 10, 2e-20, 3e-20, 2e-20, 2e-20, -1
0.631053, -0.500702, 0.101183, 0.05, 0.0400547, 0.0427557, 0.0617386, 0.0851122, 1014.69, 23502.3, 10, 2e-20, 3e-20, 2e-20, 2e-20, -1
0.60808, -0.351617, 0.0543203, 0.05, 0.0550186, -0.0400514, -0.1445, 0.159723, 1018.31, 29300.1, 10, 2e-20, 3e-20, 2e-20, 2e-20, -1
0.660444, -0.45235, 0.177038, 0.05, 0.140709, -0.0868321, -0.0566507, 0.17478, 1010.72, 17155.8, 10, 2e-20, 3e-20, 2e-20, 2e-20, -1
0.726542, -0.44048, 0.164925, 0.05, 0.215347, -0.0270048, 0.0801821, 0.231371, 1009.53, 15243.6, 10, 2e-20, 3e-20, 2e-20, 2e-20, -1
0.618301, -0.463923, 0.212132, 0.05, -0.130054, 0.0329318, -0.109644, 0.173264, 1002.16, 3449.85, 10, 2e-20, 3e-20, 2e-20, 2e-20, -1
0.656222, -0.439015, 0.224337, 0.05, 0.0106945, 0.0183702, 0.119794, 0.121665, 1010.08, 16122.9, 10, 2e-20, 3e-20, 2e-20, 2e-20, -1
0.640697, -0.42193, 0.141104, 0.05, 0.181004, -0.149358, 0.0426597, 0.238517, 1009.7, 15512.9, 10, 2e-20, 3e-20, 2e-20, 2e-20, -1
0.58693, -0.442463, 0.253953, 0.05, -0.0456917, 0.0892599, 0.0502191, 0.112147, 1005.98, 9568.12, 10, 2e-20, 3e-20, 2e-20, 2e-20, -1
0.566432, -0.437056, 0.356326, 0.05, 0.0808121, 0.0968253, 0.127618, 0.179421, 1001.3, 2081.16, 10, 2e-20, 3e-20, 2e-20, 2e-20, -1
0.522834, -0.436784, 0.431737, 0.05, -0.11069, -0.0963154, 0.0318454, 0.150144, 1007.58, 12130.6, 10, 2e-20, 3e-20, 2e-20, 2e-20, -1
0.601941, -0.430099, 0.395139, 0.05, -0.0429531, 0.105267, 0.00209541, 0.113713, 1005.46, 8734.31, 10, 2e-20, 3e-20, 2e-20, 2e-20, -1
0.598376, -0.39589, 0.443228, 0.05, 0.0315966, -0.129659, 0.121664, 0.180588, 1000.75, 1195.19, 10, 2e-20, 3e-20, 2e-20, 2e-20, -1
0.625128, -0.390906, 0.398082, 0.05, -0.111173, -0.037447, -0.0157738, 0.118366, 1006.46, 10341.1, 10, 2e-20, 3e-20, 2e-20, 2e-20, -1
0.570348, -0.420089, 0.52431, 0.05, -0.0380242, 0.130274, 0.0252603, 0.13804, 1003.58, 5733.94, 10, 2e-20, 3e-20, 2e-20, 2e-20, -1
0.593341, -0.443089, 0.581182, 0.05, -0.0254311, -0.00265419, 0.0608714, 0.0660236, 1006.28, 10051.4, 10, 2e-20, 3e-20, 2e-20, 2e-20, -1
0.613294, -0.389602, 0.491195, 0.05, -0.0494197, -0.0120868, -0.0393862, 0.0643403, 1004.58, 7324.03, 10, 2e-20, 3e-20, 2e-20, 2e-20, -1
0.552694, -0.441367, 0.566987, 0.05, -0.0458336, 0.000554976, -0.0347183, 0.0575012, 1004.43, 7082.61, 10, 2e-20, 3e-20, 2e-20, 2e-20, -1
0.501416, -0.442563, 0.605431, 0.05, -0.0730494, -0.0296179, 0.114062, 0.138649, 1001.43, 2283.88, 10, 2e-20, 3e-20, 2e-20, 2e-20, -1
0.601877, -0.37685, 0.53461, 0.05, -0.0214432, 0.0519897, -0.0213126, 0.0601413, 1002.55, 4080.92, 10, 2e-20, 3e-20, 2e-20, 2e-20, -1
0.577595, -0.39011, 0.574505, 0.05, -0.0518417, 0.00732593, -0.0451941, 0.0691646, 1004.81, 7697.09, 10, 2e-20, 3e-20, 2e-20, 2e-20, -1
0.594085, -0.434884, 0.635508, 0.05, -0.0480984, -0.0895743, 0.0316837, 0.106494, 1001.06, 1701.86, 10, 2e-20, 3e-20, 2e-20, 2e-20, -1
0.619572, -0.419371, 0.663067, 0.05, 0.0170481, 0.0413174, 0.0819883, 0.0933801, 1003.98, 6367.49, 10, 2e-20, 3e-20, 2e-20, 2e-20, -1
0.529368, -0.432643, 0.913522, 0.05, -0.103317, 0.0301524, 0.0930872, 0.142298, 1004.68, 7490.95, 10, 2e-20, 3e-20, 2e-20, 2e-20, -1
0.567431, -0.420822, 0.669363, 0.05, -0.0736133, -0.10241, -0.0126842, 0.126758, 1002.42, 3869.49, 10, 2e-20, 3e-20, 2e-20, 2e-20, -1
0.602434, -0.395216, 0.702187, 0.05, -0.137698, 0.122471, 0.0308102, 0.18684, 1002.35, 3759.01, 10, 2e-20, 3e-20, 2e-20, 2e-20, -1
0.574631, -0.445538, 0.92955, 0.05, -0.113371, 0.0178116, 0.0847473, 0.142661, 1003.24, 5183.27, 10, 2e-20, 3e-20, 2e-20, 2e-20, -1
0.530056, -0.435265, 0.960735, 0.05, 0.04674, 0.0498798, 0.0993434, 0.120589, 997.688, -3699.7, 10, 2e-20, 3e-20, 2e-20, 2e-20, -1
0.56646, -0.442391, 0.883485, 0.05, -0.00453141, -0.0441968, 0.112244, 0.120717, 1005.75, 9199.35, 10, 2e-20, 3e-20, 2e-20, 2e-20, -1
0.602912, -0.391553, 0.825317, 0.05, -0.0137082, -0.0371286, 0.137183, 0.142778, 1001.83, 2932.97, 10, 2e-20, 3e-20, 2e-20, 2e-20, -1
0.573511, -0.397079, 0.879547, 0.05, -0.00342294, 0.0416727, 0.0265247, 0.0495165, 1002.16, 3452.06, 10, 2e-20, 3e-20, 2e-20, 2e-20, -1
0.553708, -0.393394, 0.934172, 0.05, -0.134621, -0.0113504, 0.173142, 0.219613, 1003.97, 6350.91, 10, 2e-20, 3e-20, 2e-20, 2e-20, -1
0.60937, -0.383965, 0.9767, 0.05, -0.0691894, 0.00454315, 0.117226, 0.136197, 1001.68, 2684.12, 10, 2e-20, 3e-20, 2e-20, 2e-20, -1
0.588949, -0.36376, 0.919884, 0.05, -0.034309, -0.046446, 0.0589531, 0.0825216, 1004.55, 7286.89, 10, 2e-20, 3e-20, 2e-20, 2e-20, -1
0.532611, -0.404234, 1.02508, 0.05, -0.108918, 0.0147199, -0.000347666, 0.109908, 1000.32, 506.094, 10, 2e-20, 3e-20, 2e-20, 2e-20, -1
0.562825, -0.380174, 0.977262, 0.05, -0.175384, -0.0506064, 0.0726028, 0.196448, 1002.41, 3860.23, 10, 2e-20, 3e-20, 2e-20, 2e-20, -1
0.51659, -0.405266, 1.06918, 0.05, -0.101332, -0.0897189, 0.19948, 0.24106, 1003.87, 6197.13, 10, 2e-20, 3e-20, 2e-20, 2e-20, -1
0.483168, -0.424502, 1.12114, 0.05, 0.0453926, -0.0875046, 0.102361, 0.14211, 1000.42, 678.637, 10, 2e-20, 3e-20, 2e-20, 2e-20, -1
0.525388, -0.361283, 1.00837, 0.05, -0.0539902, 0.00989942, 0.0386202, 0.0671153, 1003.48, 5565.03, 10, 2e-20, 3e-20, 2e-20, 2e-20, -1
0.483739, -0.423768, 1.1699, 0.05, -0.00652306, -0.0329492, 0.145744, 0.149564, 998.332, -2668.16, 10, 2e-20, 3e-20, 2e-20, 2e-20, -1
0.497216, -0.391368, 1.13186, 0.05, 0.0247803, 0.0308769, 0.046067, 0.0607422, 1001.59, 2542.61, 10, 2e-20, 3e-20, 2e-20, 2e-20, -1
0.479387, -0.452471, 1.30443, 0.05, -0.0455006, 0.203296, 0.000428944, 0.208326, 994.784, -8346.27, 10, 2e-20, 3e-20, 2e-20, 2e-20, -1
0.455264, -0.388725, 1.10144, 0.05, -0.0928954, -0.030303, 0.0121146, 0.0984611, 999.256, -1190.07, 10, 2e-20, 3e-20, 2e-20, 2e-20, -1
0.450023, -0.387817, 1.17983, 0.05, -0.143002, 0.143209, 0.0444711, 0.20721, 1006.11, 9774.79, 10, 2e-20, 3e-20, 2e-20, 2e-20, -1
0.427513, -0.233519, 1.07308, 0.05, -0.101941, -0.0875466, 0.0176159, 0.135524, 1001.17, 1867.4, 10, 2e-20, 3e-20, 2e-20, 2e-20, -1
0.408901, -0.380049, 1.21047, 0.05, -0.237928, -0.0996639, 0.151705, 0.299261, 1003.12, 4995.21, 10, 2e-20, 3e-20, 2e-20, 2e-20, -1
0.404812, -0.206611, 1.19439, 0.05, -0.210074, 0.0168703, 0.111424, 0.238393, 1001.61, 2570.32, 10, 2e-20, 3e-20, 2e-20, 2e-20, -1
0.472364, -0.34595, 1.32603, 0.05, -0.142067, 0.063166, -0.114291, 0.192965, 994.37, -9008.42, 10, 2e-20, 3e-20, 2e-20, 2e-20, -1
0.46901, -0.314594, 1.28567, 0.05, -0.303994, -0.131138, 0.0579415, 0.336105, 1001.42, 2270.58, 10, 2e-20, 3e-20, 2e-20, 2e-20, -1
0.376826, -0.287773, 1.28111, 0.05, -0.129679, -0.104185, 0.181852, 0.246457, 1001.72, 2748.22, 10, 2e-20, 3e-20, 2e-20, 2e-20, -1
0.314241, -0.225752, 1.31205, 0.05, -0.219629, 0.0220328, 0.118326, 0.250446, 1004.72, 7546.25, 10, 2e-20, 3e-20, 2e-20, 2e-20, -1
0.217734, -0.180634, 1.42205, 0.05, -0.253151, 0.263734, 0.286186, 0.464267, 994.828, -8274.6, 10, 2e-20, 3e-20, 2e-20, 2e-20, -1
0.627949, -0.475303, 0.0433368, 0.05, -0.270657, -0.218597, 0.0750641, 0.355913, 1006.59, 10543.8, 10, 2e-20, 3e-20, 2e-20, 2e-20, -1
0.627174, -0.421795, 0.0439638, 0.05, -0.035243, -0.224461, -0.10438, 0.25004, 1010.59, 16939.9, 10, 2e-20, 3e-20, 2e-20, 2e-20, -1
0.618369, -0.44485, 0.0956111, 0.05, 0.117483, -0.131916, 0.167165, 0.243205, 1006.81, 10899.6, 10, 2e-20, 3e-20, 2e-20, 2e-20, -1
0.590412, -0.500709, 0.155705, 0.05, -0.0822668, 0.0318254, -0.137389, 0.163268, 1010.5, 16802, 10, 2e-20, 3e-20, 2e-20, 2e-20, -1
0.620247, -0.405604, 0.0937632, 0.05, 0.0139723, -0.0113047, -0.112267, 0.113697, 1006.63, 10605.9, 10, 2e-20, 3e-20, 2e-20, 2e-20, -1
0.622152, -0.382912, 0.168717, 0.05, -0.122052, 0.0821472, -0.0214048, 0.148671, 1008.2, 13116.9, 10, 2e-20, 3e-20, 2e-20, 2e-20, -1
0.651225, -0.332543, 0.182235, 0.05, 0.00237915, -0.0713726, 0.0596127, 0.0930236, 1008.73, 13965.1, 10, 2e-20, 3e-20, 2e-20, 2e-20, -1
0.648119, -0.377549, 0.211799, 0.05, 0.00617706, -0.0653368, -0.19351, 0.204336, 1006.13, 9809.58, 10, 2e-20, 3e-20, 2e-20, 2e-20, -1
0.671047, -0.453846, 0.316607, 0.05, -0.00470636, -0.0108299, 0.156897, 0.157341, 1007.12, 11394.8, 10, 2e-20, 3e-20, 2e-20, 2e-20, -1
0.620576, -0.4195, 0.296548, 0.05, 0.066766, 0.0381343, 0.0314745, 0.0830817, 1007.12, 11390, 10, 2e-20, 3e-20, 2e-20, 2e-20, -1
0.569301, -0.33748, 0.262163, 0.05, -0.0756546, 0.0574795, 0.174918, 0.199058, 1004.21, 6734.89, 10, 2e-20, 3e-20, 2e-20, 2e-20, -1
0.584474, -0.381829, 0.2821, 0.05, -0.121059, 0.023283, -0.0308694, 0.127083, 1010, 15996.5, 10, 2e-20, 3e-20, 2e-20, 2e-20, -1
0.614549, -0.390258, 0.342007, 0.05, 0.0015372, -0.0141635, 0.0876282, 0.0887788, 1004.89, 7824.3, 10, 2e-20, 3e-20, 2e-20, 2e-20, -1
0.610908, -0.344046, 0.337204, 0.05, -0.000797751, 0.105163, -0.0710351, 0.126909, 1004.89, 7821.48, 10, 2e-20, 3e-20, 2e-20, 2e-20, -1
0.56435, -0.354234, 0.450015, 0.05, -0.0454426, -0.0470783, 0.0820991, 0.104984, 1006.16, 9861.23, 10, 2e-20, 3e-20, 2e-20, 2e-20, -1
0.595887, -0.353817, 0.398818, 0.05, -0.0825846, 0.0882763, -0.0267486, 0.123808, 1005.54, 8856.26, 10, 2e-20, 3e-20, 2e-20, 2e-20, -1
0.542718, -0.394871, 0.495765, 0.05, 0.0591812, 0.0289805, 0.087445, 0.109494, 1006.95, 11119.6, 10, 2e-20, 3e-20, 2e-20, 2e-20, -1
0.580003, -0.355084, 0.4942, 0.05, -0.0118331, -0.107177, 0.0991651, 0.146495, 1007.07, 11310.8, 10, 2e-20, 3e-20, 2e-20, 2e-20, -1
0.597857, -0.311607, 0.445747, 0.05, -0.0577419, 0.0231884, -0.107297, 0.124034, 1003.85, 6156.78, 10, 2e-20, 3e-20, 2e-20, 2e-20, -1
0.544346, -0.36143, 0.535939, 0.05, -0.0174667, -0.0445541, 0.0529803, 0.0713938, 1005.96, 9533.64, 10, 2e-20, 3e-20, 2e-20, 2e-20, -1
0.580735, -0.34338, 0.571808, 0.05, -0.0491723, 0.0226823, 0.0990454, 0.112882, 1005.18, 8290.54, 10, 2e-20, 3e-20, 2e-20, 2e-20, -1
0.564513, -0.29365, 0.565434, 0.05, -0.0287522, -0.010958, 0.0442983, 0.0539362, 1006.33, 10133.8, 10, 2e-20, 3e-20, 2e-20, 2e-20, -1
0.550537, -0.329828, 0.609754, 0.05, -0.16748, 0.059335, -0.039106, 0.181933, 1005.21, 8332.4, 10, 2e-20, 3e-20, 2e-20, 2e-20, -1
0.57639, -0.293081, 0.641057, 0.05, -0.141709, -0.0137981, -0.0151009, 0.143178, 1006.6, 10559.1, 10, 2e-20, 3e-20, 2e-20, 2e-20, -1
0.578354, -0.381065, 0.626032, 0.05, 0.0224503, 0.067277, 0.0211815, 0.0740194, 1011.07, 17717.8, 10, 2e-20, 3e-20, 2e-20, 2e-20, -1
0.583923, -0.413584, 0.75419, 0.05, -0.0305742, -0.024682, 0.0334663, 0.0516137, 1003.97, 6347.34, 10, 2e-20, 3e-20, 2e-20, 2e-20, -1
0.608632, -0.422999, 0.793499, 0.05, -0.0842017, 0.0245771, -0.00994951, 0.0882778, 1002.2, 3524.73, 10, 2e-20, 3e-20, 2e-20, 2e-20, -1
0.605749, -0.365257, 0.74781, 0.05, -0.0492439, -0.0382668, 0.0634799, 0.0889889, 1006.26, 10013.7, 10, 2e-20, 3e-20, 2e-20, 2e-20, -1
0.559632, -0.374717, 0.772562, 0.05, -0.0312186, -0.034403, 0.0263846, 0.0534257, 1003.53, 5642.96, 10, 2e-20, 3e-20, 2e-20, 2e-20, -1
0.549453, -0.330822, 0.705754, 0.05, 0.0761437, -0.0666166, 0.0713628, 0.123807, 1000.48, 763.737, 10, 2e-20, 3e-20, 2e-20, 2e-20, -1
0.57331, -0.360768, 0.849697, 0.05, -0.0308049, -0.00528838, 0.0395432, 0.0504041, 1001.03, 1653.69, 10, 2e-20, 3e-20, 2e-20, 2e-20, -1
0.53086, -0.40306, 0.864921, 0.05, -0.0725708, 0.0155111, 0.10514, 0.128692, 1001.29, 2065.39, 10, 2e-20, 3e-20, 2e-20, 2e-20, -1
0.575828, -0.340998, 0.805099, 0.05, -0.0148608, -0.0398395, 0.039141, 0.0577931, 1003.25, 5206.92, 10, 2e-20, 3e-20, 2e-20, 2e-20, -1
0.577107, -0.31089, 0.854966, 0.05, -0.0467216, -0.0971807, -0.0703947, 0.128773, 1005.35, 8559.2, 10, 2e-20, 3e-20, 2e-20, 2e-20, -1
0.580854, -0.317253, 0.905614, 0.05, -0.0925327, 0.0871321, -0.0255369, 0.12964, 998.927, -1716.7, 10, 2e-20, 3e-20, 2e-20, 2e-20, -1
0.532176, -0.312125, 0.879308, 0.05, -0.123941, -0.103401, 0.132363, 0.208742, 1005.78, 9245.07, 10, 2e-20, 3e-20, 2e-20, 2e-20, -1
0.594873, -0.340738, 0.987597, 0.05, -0.0793971, 0.053111, 0.0178101, 0.0971693, 1004.83, 7735.13, 10, 2e-20, 3e-20, 2e-20, 2e-20, -1
0.558905, -0.33071, 0.954619, 0.05, -0.122493, 0.0439917, 0.031397, 0.133887, 1005.34, 8550.36, 10, 2e-20, 3e-20, 2e-20, 2e-20, -1
0.601617, -0.294503, 0.961588, 0.05, -0.109614, 0.0462617, -0.0741723, 0.140203, 1004.58, 7321.42, 10, 2e-20, 3e-20, 2e-20, 2e-20, -1
0.539378, -0.283345, 0.993881, 0.05, -0.092477, -0.0385939, 0.0394479, 0.107692, 1002.95, 4717.26, 10, 2e-20, 3e-20, 2e-20, 2e-20, -1
0.567091, -0.258496, 0.960347, 0.05, 0.0124584, 0.000942463, 0.0105216, 0.0163341, 1004.29, 6860.31, 10, 2e-20, 3e-20, 2e-20, 2e-20, -1
0.531274, -0.231039, 0.992404, 0.05, -0.0435397, 0.0770409, 0.0481789, 0.100758, 1001.14, 1826.38, 10, 2e-20, 3e-20, 2e-20, 2e-20, -1
0.507226, -0.263287, 1.03771, 0.05, -0.111575, -0.0507421, -0.0502723, 0.132481, 1001.79, 2865.38, 10, 2e-20, 3e-20, 2e-20, 2e-20, -1
0.492019, -0.20795, 1.07287, 0.05, -0.0399323, -0.0446046, 0.0848515, 0.103846, 1010.02, 16036.8, 10, 2e-20, 3e-20, 2e-20, 2e-20, -1
0.462692, -0.212742, 1.1228, 0.05, -0.10265, 0.031385, 0.0625991, 0.12426, 1003.49, 5584.43, 10, 2e-20, 3e-20, 2e-20, 2e-20, -1
0.395021, -0.171618, 1.25168, 0.05, -0.17547, 0.0521032, 0.109417, 0.213252, 1003.11, 4979.06, 10, 2e-20, 3e-20, 2e-20, 2e-20, -1
0.471228, -0.13346, 1.17135, 0.05, -0.167823, 0.0432131, 0.147612, 0.227642, 999.459, -866.037, 10, 2e-20, 3e-20, 2e-20, 2e-20, -1
0.377057, -0.15149, 1.21434, 0.05, -0.1407, 0.152737, 0.139976, 0.250436, 1000.21, 338.964, 10, 2e-20, 3e-20, 2e-20, 2e-20, -1
0.354633, -0.199702, 1.23264, 0.05, -0.17548, 0.0934913, 0.00875617, 0.199024, 1000.86, 1381.21, 10, 2e-20, 3e-20, 2e-20, 2e-20, -1
0.30419, -0.186498, 1.28693, 0.05, -0.324612, 0.0602368, 0.203839, 0.38801, 1001.21, 1933.44, 10, 2e-20, 3e-20, 2e-20, 2e-20, -1
0.250473, -0.131425, 1.36885, 0.05, -0.175623, -0.00366063, 0.408188, 0.444381, 1000.43, 689.312, 10, 2e-20, 3e-20, 2e-20, 2e-20, -1
0.632229, -0.293048, 0.0480677, 0.05, -0.0692153, -0.0488662, 0.030281, 0.0899756, 1006.55, 10472.7, 10, 2e-20, 3e-20, 2e-20, 2e-20, -1
0.716431, -0.445431, 0.0481582, 0.05, 0.0453887, -0.0224642, 0.0630611, 0.0808794, 1014.73, 23569.1, 10, 2e-20, 3e-20, 2e-20, 2e-20, -1
0.680136, -0.411804, 0.0532905, 0.05, 0.215148, 0.0362652, 0.06044, 0.2264, 1017.81, 28495.1, 10, 2e-20, 3e-20, 2e-20, 2e-20, -1
0.690179, -0.320791, 0.150547, 0.05, 0.093341, 0.0625748, -0.00116226, 0.112381, 1006.19, 9911.06, 10, 2e-20, 3e-20, 2e-20, 2e-20, -1
0.706271, -0.359036, 0.109774, 0.05, -0.0202746, -0.068756, -0.0211435, 0.0747361, 1006.49, 10379.3, 10, 2e-20, 3e-20, 2e-20, 2e-20, -1
0.673716, -0.306166, 0.098306, 0.05, -0.113526, -0.130621, -0.0639796, 0.184508, 1008.83, 14128, 10, 2e-20, 3e-20, 2e-20, 2e-20, -1
0.662156, -0.278544, 0.1657, 0.05, 0.0153553, 0.0763455, 0.0346402, 0.0852313, 1007.89, 12618.8, 10, 2e-20, 3e-20, 2e-20, 2e-20, -1
0.610967, -0.324473, 0.211372, 0.05, 0.105645, -0.038464, -0.0845878, 0.140696, 1007.73, 12364, 10, 2e-20, 3e-20, 2e-20, 2e-20, -1
0.623826, -0.406127, 0.245013, 0.05, -0.00736011, -0.202647, -0.0793447, 0.217751, 1008.07, 12913.4, 10, 2e-20, 3e-20, 2e-20, 2e-20, -1
0.589985, -0.367992, 0.226283, 0.05, -0.0564997, -0.0007305, -0.0120468, 0.0577744, 1008.87, 14191, 10, 2e-20, 3e-20, 2e-20, 2e-20, -1
0.567929, -0.280486, 0.223825, 0.05, 0.0112573, 0.0313151, 0.0190321, 0.0383351, 1012.38, 19806, 10, 2e-20, 3e-20, 2e-20, 2e-20, -1
0.59204, -0.234492, 0.213229, 0.05, 0.00905799, 0.013507, -0.0235074, 0.0285847, 1009.36, 14981.5, 10, 2e-20, 3e-20, 2e-20, 2e-20, -1
0.612517, -0.321548, 0.294784, 0.05, -0.0221006, -0.0757265, -0.00928082, 0.0794297, 1003.77, 6028.94, 10, 2e-20, 3e-20, 2e-20, 2e-20, -1
0.560645, -0.293723, 0.272717, 0.05, -0.0945702, -0.149842, 0.0445527, 0.182705, 1011.56, 18501.9, 10, 2e-20, 3e-20, 2e-20, 2e-20, -1
0.572297, -0.290014, 0.323044, 0.05, -0.0624662, 0.0293754, 0.0895961, 0.113104, 1006.33, 10130.8, 10, 2e-20, 3e-20, 2e-20, 2e-20, -1
0.58685, -0.271816, 0.366138, 0.05, -0.0468432, -0.077424, -0.00601325, 0.0906913, 1006.88, 11015.3, 10, 2e-20, 3e-20, 2e-20, 2e-20, -1
0.614713, -0.311377, 0.38029, 0.05, -0.0776813, 0.0262725, -0.0143599, 0.0832516, 1003.12, 4986.73, 10, 2e-20, 3e-20, 2e-20, 2e-20, -1
0.600225, -0.274255, 0.412802, 0.05, -0.0627513, -0.102976, 0.0250121, 0.123156, 1006.7, 10723.3, 10, 2e-20, 3e-20, 2e-20, 2e-20, -1
0.646398, -0.301368, 0.419188, 0.05, -0.0385585, -0.0196316, 0.0209831, 0.0480879, 1005.97, 9554, 10, 2e-20, 3e-20, 2e-20, 2e-20, -1
0.644312, -0.299089, 0.533008, 0.05, -0.0811967, -0.0208805, 0.0603478, 0.103299, 1007.52, 12033.7, 10, 2e-20, 3e-20, 2e-20, 2e-20, -1
0.630034, -0.329956, 0.494612, 0.05, 0.0152791, -0.130387, 0.0608208, 0.144684, 1008.31, 13296.8, 10, 2e-20, 3e-20, 2e-20, 2e-20, -1
0.690953, -0.289216, 0.563079, 0.05, 0.0927417, 0.0505392, 0.0154776, 0.106746, 1002.21, 3539.4, 10, 2e-20, 3e-20, 2e-20, 2e-20, -1
0.603379, -0.259379, 0.53888, 0.05, -0.0717981, -0.0219036, 0.0416504, 0.0858457, 1010.51, 16820.6, 10, 2e-20, 3e-20, 2e-20, 2e-20, -1
0.568162, -0.252281, 0.579832, 0.05, 0.0466876, -0.165949, 0.053029, 0.180363, 1002.09, 3344.24, 10, 2e-20, 3e-20, 2e-20, 2e-20, -1
0.571646, -0.239798, 0.629293, 0.05, -0.116263, 0.0270398, 0.0410783, 0.126236, 1005.64, 9019.52, 10, 2e-20, 3e-20, 2e-20, 2e-20, -1
0.606742, -0.31215, 0.675556, 0.05, 0.0232505, -0.0475536, 0.00206158, 0.0529734, 1005.78, 9249.96, 10, 2e-20, 3e-20, 2e-20, 2e-20, -1
0.613065, -0.360326, 0.657965, 0.05, -0.0638649, 0.00906342, 0.025302, 0.0692897, 1003.91, 6248.24, 10, 2e-20, 3e-20, 2e-20, 2e-20, -1
0.649, -0.278617, 0.668987, 0.05, 0.0476926, -0.0203177, -0.069362, 0.0865937, 1002.25, 3601.48, 10, 2e-20, 3e-20, 2e-20, 2e-20, -1
0.603059, -0.252831, 0.672128, 0.05, -0.0183881, -0.0376888, 0.0605564, 0.0736589, 1005.39, 8630.02, 10, 2e-20, 3e-20, 2e-20, 2e-20, -1
0.578117, -0.213426, 0.71198, 0.05, 0.0490325, 0.0345706, 0.110931, 0.126115, 1004.55, 7284.87, 10, 2e-20, 3e-20, 2e-20, 2e-20, -1
0.597084, -0.321547, 0.72517, 0.05, -0.11224, -0.0696879, 0.090914, 0.160373, 1003.57, 5718.2, 10, 2e-20, 3e-20, 2e-20, 2e-20, -1
0.626653, -0.264231, 0.711374, 0.05, -0.0392477, 0.0279573, -0.00748089, 0.0487643, 1001.63, 2609.05, 10, 2e-20, 3e-20, 2e-20, 2e-20, -1
0.554744, -0.326973, 0.761845, 0.05, -0.0234992, -0.00315144, 0.0149417, 0.028025, 1003.31, 5295.82, 10, 2e-20, 3e-20, 2e-20, 2e-20, -1
0.615184, -0.220142, 0.740428, 0.05, -0.064923, 0.0500856, 0.0890694, 0.121066, 1003.51, 5616.51, 10, 2e-20, 3e-20, 2e-20, 2e-20, -1
0.595743, -0.271448, 0.75159, 0.05, 0.00732066, 0.0127941, 0.068724, 0.0702871, 1000.64, 1018.1, 10, 2e-20, 3e-20, 2e-20, 2e-20, -1
0.589221, -0.274557, 0.817044, 0.05, 0.0259999, 0.00112108, 0.0252171, 0.0362374, 1003.28, 5254.38, 10, 2e-20, 3e-20, 2e-20, 2e-20, -1
0.588962, -0.272048, 0.903895, 0.05, -0.0251615, 0.0372275, 0.0550848, 0.0710868, 1001.21, 1940.66, 10, 2e-20, 3e-20, 2e-20, 2e-20, -1
0.543594, -0.291552, 0.928956, 0.05, -0.0566011, -0.0283632, 0.0139556, 0.0648299, 997.063, -4698.79, 10, 2e-20, 3e-20, 2e-20, 2e-20, -1
0.587182, -0.18812, 0.855736, 0.05, -0.0904837, 0.0158592, -0.0367632, 0.0989462, 1002.19, 3504.53, 10, 2e-20, 3e-20, 2e-20, 2e-20, -1
0.531188, -0.244586, 0.931402, 0.05, -0.0929964, -0.0157005, -0.0275757, 0.0982612, 1004.93, 7881.83, 10, 2e-20, 3e-20, 2e-20, 2e-20, -1
0.600061, -0.173473, 0.90068, 0.05, -0.0373465, -0.00111267, 0.000765304, 0.037371, 1003.06, 4890.73, 10, 2e-20, 3e-20, 2e-20, 2e-20, -1
0.528386, -0.198337, 0.952897, 0.05, -0.148302, -0.00188334, -0.0118161, 0.148784, 1003.22, 5152.07, 10, 2e-20, 3e-20, 2e-20, 2e-20, -1
0.575127, -0.163777, 0.952515, 0.05, -0.0190894, -0.02772, 0.142866, 0.146777, 1001.95, 3118.92, 10, 2e-20, 3e-20, 2e-20, 2e-20, -1
0.510438, -0.318644, 1.03028, 0.05, -0.145579, 0.044928, 0.0505832, 0.160531, 998.904, -1752.99, 10, 2e-20, 3e-20, 2e-20, 2e-20, -1
0.479763, -0.244212, 1.00804, 0.05, -0.124476, -0.0700087, 0.0636527, 0.156356, 1004.15, 6640.63, 10, 2e-20, 3e-20, 2e-20, 2e-20, -1
0.452603, -0.186659, 1.07505, 0.05, 0.0406956, 0.0632726, 0.0847076, 0.113291, 1004.21, 6742.41, 10, 2e-20, 3e-20, 2e-20, 2e-20, -1
0.457418, -0.0982232, 1.14786, 0.05, -0.0386923, -0.0243095, 0.150325, 0.157117, 1001.73, 2766.9, 10, 2e-20, 3e-20, 2e-20, 2e-20, -1
0.418848, -0.116543, 1.21276, 0.05, -0.140849, -0.021967, 0.144104, 0.202699, 1001.87, 2984.72, 10, 2e-20, 3e-20, 2e-20, 2e-20, -1
0.354658, -0.123963, 1.26262, 0.05, -0.206932, -0.0264411, 0.290909, 0.357978, 1003.7, 5927.1, 10, 2e-20, 3e-20, 2e-20, 2e-20, -1
0.301909, -0.129797, 1.29152, 0.05, -0.127703, -0.0169956, 0.154591, 0.201234, 1001.67, 2664.58, 10, 2e-20, 3e-20, 2e-20, 2e-20, -1
0.170205, -0.164263, 1.30136, 0.05, 0.00722282, 0.00132636, 0.294842, 0.294933, 1000.27, 433.013, 10, 2e-20, 3e-20, 2e-20, 2e-20, -1
0.566212, -0.308884, 0.0503, 0.05, -0.0161419, -0.078373, 0.0214955, 0.082855, 1013.6, 21755.9, 10, 2e-20, 3e-20, 2e-20, 2e-20, -1
0.655341, -0.300133, 0.0535656, 0.05, -0.00388806, 0.118089, -0.071218, 0.137957, 1005.01, 8020.88, 10, 2e-20, 3e-20, 2e-20, 2e-20, -1
0.720596, -0.403383, 0.09283, 0.05, 0.00381704, -0.0722767, -0.0574345, 0.092397, 1010.61, 16971.2, 10, 2e-20, 3e-20, 2e-20, 2e-20, -1
0.683347, -0.245803, 0.0462555, 0.05, 0.0116799, -0.102905, 0.076164, 0.128556, 1007.73, 12371.2, 10, 2e-20, 3e-20, 2e-20, 2e-20, -1
0.637822, -0.237125, 0.0538908, 0.05, -0.123049, -0.115193, -0.060272, 0.179006, 1012.86, 20570.3, 10, 2e-20, 3e-20, 2e-20, 2e-20, -1
0.68231, -0.231552, 0.139379, 0.05, 0.0638058, -0.0464745, -0.226387, 0.239754, 1009.72, 15548.3, 10, 2e-20, 3e-20, 2e-20, 2e-20, -1
0.680687, -0.194609, 0.195549, 0.05, 0.0429629, -0.0938487, 0.0825438, 0.132162, 1010.93, 17480.9, 10, 2e-20, 3e-20, 2e-20, 2e-20, -1
0.678749, -0.149064, 0.167085, 0.05, -0.00324058, 0.0161603, -0.0484907, 0.0512152, 1009.98, 15964.6, 10, 2e-20, 3e-20, 2e-20, 2e-20, -1
0.600505, -0.248367, 0.166406, 0.05, 0.043627, 0.0510744, -0.0643077, 0.0929913, 1007.81, 12492.8, 10, 2e-20, 3e-20, 2e-20, 2e-20, -1
0.639595, -0.158406, 0.190925, 0.05, -0.052644, -0.138134, -0.0478166, 0.155367, 1007.88, 12600.7, 10, 2e-20, 3e-20, 2e-20, 2e-20, -1
0.645359, -0.237234, 0.192722, 0.05, -0.0423007, -0.0182909, 0.00932507, 0.0470198, 1007.35, 11766.8, 10, 2e-20, 3e-20, 2e-20, 2e-20, -1
0.633407, -0.198543, 0.21881, 0.05, 0.161621, -0.0696089, -0.0845072, 0.195214, 1004.65, 7433.84, 10, 2e-20, 3e-20, 2e-20, 2e-20, -1
0.654292, -0.204404, 0.264383, 0.05, 0.061427, -0.0342697, -0.07078, 0.0997872, 1006.89, 11030, 10, 2e-20, 3e-20, 2e-20, 2e-20, -1
0.65446, -0.156586, 0.237941, 0.05, -0.00782969, -0.0357236, 0.0115699, 0.0383581, 1004.13, 6603.74, 10, 2e-20, 3e-20, 2e-20, 2e-20, -1
0.632773, -0.245585, 0.250908, 0.05, -0.0569825, -0.0235349, 0.0105422, 0.0625463, 1009.79, 15666.4, 10, 2e-20, 3e-20, 2e-20, 2e-20, -1
0.603969, -0.262821, 0.295, 0.05, -0.0218774, 0.028035, 0.0951189, 0.101549, 1007.58, 12131.1, 10, 2e-20, 3e-20, 2e-20, 2e-20, -1
0.659281, -0.250603, 0.357018, 0.05, -0.0222105, -0.0133567, -0.00156807, 0.0259648, 1008.05, 12877.3, 10, 2e-20, 3e-20, 2e-20, 2e-20, -1
0.64166, -0.164586, 0.340575, 0.05, 0.0540079, -0.0136403, 0.0413186, 0.0693551, 1005.82, 9315.37, 10, 2e-20, 3e-20, 2e-20, 2e-20, -1
0.623472, -0.23683, 0.392573, 0.05, 0.0677793, -0.0187539, 0.0476393, 0.0849426, 1004.97, 7952.01, 10, 2e-20, 3e-20, 2e-20, 2e-20, -1
0.603983, -0.280434, 0.486532, 0.05, -0.0151989, 0.0981341, 0.122933, 0.158031, 1002.31, 3688.57, 10, 2e-20, 3e-20, 2e-20, 2e-20, -1
0.650933, -0.197989, 0.372413, 0.05, 0.0688729, 0.0271021, -0.0104329, 0.0747452, 1007.31, 11690.3, 10, 2e-20, 3e-20, 2e-20, 2e-20, -1
0.641805, -0.245233, 0.498886, 0.05, -0.0324769, -0.06332, 0.076974, 0.104829, 1009.22, 14756.3, 10, 2e-20, 3e-20, 2e-20, 2e-20, -1
0.627587, -0.20524, 0.475287, 0.05, -0.0672527, -0.0374557, -0.0373018, 0.085541, 1005.07, 8112.58, 10, 2e-20, 3e-20, 2e-20, 2e-20, -1
0.656748, -0.251347, 0.549341, 0.05, -0.130603, 0.0237739, 0.0302708, 0.136157, 1005.98, 9566.76, 10, 2e-20, 3e-20, 2e-20, 2e-20, -1
0.623709, -0.21163, 0.527756, 0.05, -0.0250763, -0.0242111, 0.0445668, 0.0565792, 1003.61, 5771.35, 10, 2e-20, 3e-20, 2e-20, 2e-20, -1
0.617361, -0.229787, 0.583863, 0.05, -0.0159076, -0.00718596, -0.0260783, 0.031381, 1002.8, 4483.06, 10, 2e-20, 3e-20, 2e-20, 2e-20, -1
0.629944, -0.22009, 0.641195, 0.05, -0.0297064, -0.0376473, -0.00567161, 0.0482903, 1002.09, 3338.59, 10, 2e-20, 3e-20, 2e-20, 2e-20, -1
0.635279, -0.168014, 0.649703, 0.05, -0.0701987, -0.000337089, -0.0380366, 0.079842, 1004.12, 6594.39, 10, 2e-20, 3e-20, 2e-20, 2e-20, -1
0.632589, -0.210858, 0.694001, 0.05, -0.0102813, 0.000830981, 0.105312, 0.105816, 1002.02, 3230.99, 10, 2e-20, 3e-20, 2e-20, 2e-20, -1
0.65155, -0.164696, 0.703624, 0.05, 0.00234909, -0.00132675, 0.139251, 0.139277, 1005.97, 9544.6, 10, 2e-20, 3e-20, 2e-20, 2e-20, -1
0.660123, -0.19951, 0.749509, 0.05, 0.0297805, -0.000856043, -0.0411518, 0.0508043, 1005.43, 8684.48, 10, 2e-20, 3e-20, 2e-20, 2e-20, -1
0.668431, -0.115658, 0.733597, 0.05, -0.0377026, -0.0936586, 0.0472211, 0.11146, 1002.44, 3901.1, 10, 2e-20, 3e-20, 2e-20, 2e-20, -1
0.666187, -0.171845, 0.791653, 0.05, 0.0259141, 0.0319603, -0.0285663, 0.0500903, 1001.45, 2323.53, 10, 2e-20, 3e-20, 2e-20, 2e-20, -1
0.717093, -0.174807, 0.820978, 0.05, -0.0229701, -0.118476, -0.0452877, 0.128899, 1003.02, 4830.37, 10, 2e-20, 3e-20, 2e-20, 2e-20, -1
0.654222, -0.228703, 0.81772, 0.05, 0.0555967, -0.0366163, -0.00932626, 0.0672214, 1003.73, 5961.38, 10, 2e-20, 3e-20, 2e-20, 2e-20, -1
0.701296, -0.228536, 0.830761, 0.05, -0.0842616, -0.0225962, 0.0116928, 0.0880189, 1004.38, 7005.89, 10, 2e-20, 3e-20, 2e-20, 2e-20, -1
0.618699, -0.195493, 0.819755, 0.05, -0.109499, 0.0150721, 0.0538604, 0.122956, 1005.99, 9587.06, 10, 2e-20, 3e-20, 2e-20, 2e-20, -1
0.576531, -0.211108, 0.932094, 0.05, -0.0339353, -0.00990789, 0.0103942, 0.0368485, 1005.84, 9346.36, 10, 2e-20, 3e-20, 2e-20, 2e-20, -1
0.630087, -0.206118, 0.868526, 0.05, -0.0771103, -0.0667872, 0.0221986, 0.1044, 999.688, -499.439, 10, 2e-20, 3e-20, 2e-20, 2e-20, -1
0.648371, -0.158596, 0.880049, 0.05, -0.0953914, 0.071005, 0.0271839, 0.121984, 1002.12, 3384.78, 10, 2e-20, 3e-20, 2e-20, 2e-20, -1
0.688226, -0.151946, 0.91136, 0.05, -0.0750022, 0.0200632, 0.0855474, 0.115526, 1007.82, 12511.3, 10, 2e-20, 3e-20, 2e-20, 2e-20, -1
0.645128, -0.190083, 0.917153, 0.05, -0.0824776, 0.0132522, 0.0636259, 0.105007, 1002.61, 4172.77, 10, 2e-20, 3e-20, 2e-20, 2e-20, -1
0.613908, -0.172789, 0.968774, 0.05, -0.145144, -0.0199236, -0.0323244, 0.150029, 998.46, -2463.26, 10, 2e-20, 3e-20, 2e-20, 2e-20, -1
0.544423, -0.185608, 0.993148, 0.05, -0.107845, 0.00488635, 0.0433574, 0.116337, 1000.31, 493.046, 10, 2e-20, 3e-20, 2e-20, 2e-20, -1
0.489277, -0.15243, 1.1104, 0.05, -0.213463, -0.0746167, 0.091692, 0.244011, 1002.18, 3489.55, 10, 2e-20, 3e-20, 2e-20, 2e-20, -1
0.538544, -0.123985, 1.09506, 0.05, -0.0637136, -0.000965991, 0.00574481, 0.0639794, 1003.69, 5911.81, 10, 2e-20, 3e-20, 2e-20, 2e-20, -1
0.49219, -0.101071, 1.10827, 0.05, -0.154267, -0.0201558, 0.0941121, 0.181829, 1002.71, 4336.59, 10, 2e-20, 3e-20, 2e-20, 2e-20, -1
0.486119, -0.0489151, 1.13105, 0.05, -0.0822777, 0.106571, 0.177961, 0.223153, 1006.77, 10825.3, 10, 2e-20, 3e-20, 2e-20, 2e-20, -1
0.385858, -0.0547251, 1.25057, 0.05, -0.0677776, -0.0755116, 0.159046, 0.188657, 1005.33, 8526.84, 10, 2e-20, 3e-20, 2e-20, 2e-20, -1
0.245898, -0.101895, 1.34769, 0.05, -0.172488, 0.0503139, 0.287323, 0.338878, 1000.27, 432.82, 10, 2e-20, 3e-20, 2e-20, 2e-20, -1
0.163563, -0.0464687, 1.36316, 0.05, -0.0222988, 0.114789, 0.474227, 0.488431, 998.273, -2763.6, 10, 2e-20, 3e-20, 2e-20, 2e-20, -1
0.612952, -0.151478, 0.0520807, 0.05, -0.0159212, -0.0917659, 0.0196844, 0.0951942, 1016.18, 25884.2, 10, 2e-20, 3e-20, 2e-20, 2e-20, -1
0.660545, -0.188011, 0.0477289, 0.05, -0.00640804, -0.090265, 0.0393917, 0.0986942, 1007.92, 12669.3, 10, 2e-20, 3e-20, 2e-20, 2e-20, -1
0.710331, -0.212024, 0.0826497, 0.05, -0.138071, -0.0188997, 0.00723572, 0.139546, 1006.16, 9861.02, 10, 2e-20, 3e-20, 2e-20, 2e-20, -1
0.648729, -0.0633773, 0.109334, 0.05, 0.0323547, -0.00830975, -0.0423501, 0.0539389, 1004.45, 7117.58, 10, 2e-20, 3e-20, 2e-20, 2e-20, -1
0.666752, -0.152819, 0.0980229, 0.05, -0.0383265, 0.0202367, -0.00221523, 0.0433976, 1011.57, 18507.6, 10, 2e-20, 3e-20, 2e-20, 2e-20, -1
0.664392, -0.198795, 0.0948403, 0.05, 0.0990243, 0.0401472, -0.141916, 0.177645, 1010.18, 16294.7, 10, 2e-20, 3e-20, 2e-20, 2e-20, -1
0.698785, -0.184552, 0.136665, 0.05, 0.11437, -0.1011, -0.0827962, 0.173658, 1008.82, 14117.6, 10, 2e-20, 3e-20, 2e-20, 2e-20, -1
0.690206, -0.0501412, 0.146247, 0.05, 0.0737083, -0.127818, -0.0314347, 0.150859, 1013.34, 21351.6, 10, 2e-20, 3e-20, 2e-20, 2e-20, -1
0.703436, -0.0945533, 0.168665, 0.05, -0.0142698, -0.0289993, -0.092564, 0.0980443, 1010.15, 16233.2, 10, 2e-20, 3e-20, 2e-20, 2e-20, -1
0.674821, -0.121873, 0.207883, 0.05, 0.123478, 0.0238867, 0.0635666, 0.140919, 1009.24, 14791.5, 10, 2e-20, 3e-20, 2e-20, 2e-20, -1
0.715009, -0.173302, 0.232401, 0.05, 0.00907832, -0.0626778, -0.0385013, 0.0741166, 1007.51, 12022.5, 10, 2e-20, 3e-20, 2e-20, 2e-20, -1
0.701307, -0.119012, 0.252219, 0.05, 0.00597189, -0.0190903, -0.0266693, 0.033337, 1014.07, 22519.2, 10, 2e-20, 3e-20, 2e-20, 2e-20, -1
0.682927, -0.166812, 0.274474, 0.05, 0.133376, -0.0216892, -0.0423303, 0.141603, 1006.01, 9613.31, 10, 2e-20, 3e-20, 2e-20, 2e-20, -1
0.653921, -0.126563, 0.292686, 0.05, -0.00587224, 0.000916404, -0.06659, 0.0668547, 1007, 11205.4, 10, 2e-20, 3e-20, 2e-20, 2e-20, -1
0.623226, -0.184586, 0.299827, 0.05, -0.0313075, 0.0386017, 0.0593333, 0.0773995, 1006.69, 10710.8, 10, 2e-20, 3e-20, 2e-20, 2e-20, -1
0.681424, -0.118491, 0.334327, 0.05, 0.0331342, -0.0318914, -0.00676788, 0.0464838, 1006.61, 10570.3, 10, 2e-20, 3e-20, 2e-20, 2e-20, -1
0.67021, -0.198881, 0.316932, 0.05, 0.0115993, 0.0067802, 0.0666407, 0.0679816, 1006.89, 11026.4, 10, 2e-20, 3e-20, 2e-20, 2e-20, -1
0.671186, -0.0911708, 0.373514, 0.05, -0.0377522, 0.0313961, -0.0567463, 0.0750406, 1004.35, 6967.37, 10, 2e-20, 3e-20, 2e-20, 2e-20, -1
0.67226, -0.14428, 0.376723, 0.05, 0.0264551, -0.107977, -0.119934, 0.163534, 1008.11, 12973.5, 10, 2e-20, 3e-20, 2e-20, 2e-20, -1
0.701045, -0.14362, 0.422643, 0.05, 0.00851515, 0.0499646, 0.049017, 0.0705099, 1009.55, 15286.5, 10, 2e-20, 3e-20, 2e-20, 2e-20, -1
0.649446, -0.136086, 0.41979, 0.05, -0.072112, -0.0363072, 0.00599747, 0.0809588, 1005.88, 9410.11, 10, 2e-20, 3e-20, 2e-20, 2e-20, -1
0.637695, -0.251015, 0.44071, 0.05, 0.0335143, -0.0216311, -0.0229743, 0.0460319, 1004.4, 7033.41, 10, 2e-20, 3e-20, 2e-20, 2e-20, -1
0.664571, -0.155733, 0.466844, 0.05, -0.00916141, 0.0410618, 0.0704474, 0.0820538, 1003.73, 5972.3, 10, 2e-20, 3e-20, 2e-20, 2e-20, -1
0.677135, -0.104769, 0.481836, 0.05, 0.0569842, -0.0663797, 0.0295793, 0.0923493, 1002.83, 4534.52, 10, 2e-20, 3e-20, 2e-20, 2e-20, -1
0.631024, -0.130032, 0.490578, 0.05, 0.0273423, -0.0925898, 0.0256199, 0.0998842, 1003.34, 5340.06, 10, 2e-20, 3e-20, 2e-20, 2e-20, -1
0.655295, -0.20129, 0.569858, 0.05, -0.064973, -0.039478, 0.0414115, 0.0865732, 1007.1, 11353, 10, 2e-20, 3e-20, 2e-20, 2e-20, -1
0.658011, -0.161361, 0.596814, 0.05, -0.0211747, 0.00129895, 0.0700995, 0.0732393, 999.468, -850.403, 10, 2e-20, 3e-20, 2e-20, 2e-20, -1
0.637647, -0.0736638, 0.616415, 0.05, -0.0446511, -0.0246007, 0.0509071, 0.0720448, 1005.22, 8351.39, 10, 2e-20, 3e-20, 2e-20, 2e-20, -1
0.665782, -0.132678, 0.656783, 0.05, -0.00600969, 0.0461452, 0.0198696, 0.0505994, 1000.3, 472.977, 10, 2e-20, 3e-20, 2e-20, 2e-20, -1
0.650321, -0.0475274, 0.653045, 0.05, -0.0712402, -0.1315, -0.0772893, 0.168348, 1006.39, 10228.9, 10, 2e-20, 3e-20, 2e-20, 2e-20, -1
0.669473, -0.0864678, 0.681326, 0.05, 0.00380652, -0.0131068, 0.000280567, 0.0136513, 1005.09, 8147.79, 10, 2e-20, 3e-20, 2e-20, 2e-20, -1
0.671466, -0.0340804, 0.693345, 0.05, -0.0245345, -0.0662936, 0.0153157, 0.0723281, 1005.96, 9538.85, 10, 2e-20, 3e-20, 2e-20, 2e-20, -1
0.745984, -0.10198, 0.763107, 0.05, -0.0193748, -0.0117469, 0.0375358, 0.0438441, 1004.21, 6742.23, 10, 2e-20, 3e-20, 2e-20, 2e-20, -1
0.698863, -0.0363286, 0.759903, 0.05, -0.0353238, 0.0306806, 0.0957777, 0.106595, 1004.97, 7958.55, 10, 2e-20, 3e-20, 2e-20, 2e-20, -1
0.747203, -0.072865, 0.798828, 0.05, -0.0199923, 0.0190974, 0.0497726, 0.056936, 1004.93, 7890.48, 10, 2e-20, 3e-20, 2e-20, 2e-20, -1
0.711717, -0.0572285, 0.826345, 0.05, -0.0103745, -0.0961088, -0.0196254, 0.0986392, 1001.85, 2961.95, 10, 2e-20, 3e-20, 2e-20, 2e-20, -1
0.697669, -0.128667, 0.780049, 0.05, -0.106919, -0.059332, -0.0061482, 0.122433, 1003.5, 5603.56, 10, 2e-20, 3e-20, 2e-20, 2e-20, -1
0.687825, -0.0992516, 0.821266, 0.05, -0.0632172, 0.0122283, -0.0586866, 0.087121, 1001.95, 3123.63, 10, 2e-20, 3e-20, 2e-20, 2e-20, -1
0.668835, -0.188825, 0.842594, 0.05, -0.00375322, -0.0940548, -0.00367302, 0.0942013, 1005.29, 8464.49, 10, 2e-20, 3e-20, 2e-20, 2e-20, -1
0.71074, -0.182621, 0.87123, 0.05, 0.0335483, -0.0687772, 0.00275324, 0.0765726, 1004.93, 7888.25, 10, 2e-20, 3e-20, 2e-20, 2e-20, -1
0.622666, -0.112366, 0.907978, 0.05, -0.0352822, 0.00181647, -0.00853569, 0.0363455, 1003.66, 5860.98, 10, 2e-20, 3e-20, 2e-20, 2e-20, -1
0.663039, -0.1814, 0.98521, 0.05, -0.020344, -0.081453, -0.00918185, 0.0844557, 1001.44, 2308.18, 10, 2e-20, 3e-20, 2e-20, 2e-20, -1
0.677609, -0.108995, 0.941756, 0.05, -0.0300382, -0.052008, -0.0967092, 0.113841, 1006.93, 11092.7, 10, 2e-20, 3e-20, 2e-20, 2e-20, -1
0.575075, -0.160482, 1.02473, 0.05, -0.0462871, 0.0739944, -0.0520193, 0.101606, 1004.31, 6890.99, 10, 2e-20, 3e-20, 2e-20, 2e-20, -1
0.599349, -0.118284, 0.998451, 0.05, -0.138123, -0.00777074, -0.0712915, 0.15563, 1002.56, 4098.36, 10, 2e-20, 3e-20, 2e-20, 2e-20, -1
0.553158, -0.10476, 1.04189, 0.05, -0.0293997, 0.0018179, -0.094497, 0.0989815, 999.601, -638.1, 10, 2e-20, 3e-20, 2e-20, 2e-20, -1
0.53692, -0.0331228, 1.07619, 0.05, -0.115768, -0.0316627, 0.0356507, 0.125203, 1003.94, 6308.32, 10, 2e-20, 3e-20, 2e-20, 2e-20, -1
0.414624, -0.0642397, 1.20606, 0.05, -0.252606, -0.033588, 0.118191, 0.280904, 999.97, -47.3357, 10, 2e-20, 3e-20, 2e-20, 2e-20, -1
0.298665, -0.0709378, 1.29376, 0.05, -0.208395, 0.0341791, 0.287587, 0.356795, 1008.78, 14053.2, 10, 2e-20, 3e-20, 2e-20, 2e-20, -1
0.24874, -0.0498037, 1.34383, 0.05, -0.0882862, 0.0552793, 0.42222, 0.434879, 995.683, -6907.68, 10, 2e-20, 3e-20, 2e-20, 2e-20, -1
0.0596028, -0.0197158, 1.393, 0.05, 0.113873, 0.010222, 0.195317, 0.226319, 1004.75, 7602.73, 10, 2e-20, 3e-20, 2e-20, 2e-20, -1
0.708391, -0.0353776, 0.0511471, 0.05, 0.0494062, -0.0773607, -0.04803, 0.103598, 1013.97, 22354.2, 10, 2e-20, 3e-20, 2e-20, 2e-20, -1
0.707281, -0.0976744, 0.0491928, 0.05, -0.0964134, -0.020803, -0.0122464, 0.0993895, 1010.42, 16675.5, 10, 2e-20, 3e-20, 2e-20, 2e-20, -1
0.758711, -0.0503843, 0.049612, 0.05, -0.0656828, 0.0381398, -0.0154092, 0.0775004, 1007.97, 12759.8, 10, 2e-20, 3e-20, 2e-20, 2e-20, -1
0.709333, 0.0119524, 0.0948411, 0.05, 0.063565, -0.0800371, -0.0108898, 0.102786, 1006.29, 10068.4, 10, 2e-20, 3e-20, 2e-20, 2e-20, -1
0.692826, -0.0531356, 0.0939608, 0.05, 0.0940041, -0.121587, -0.0386977, 0.158486, 1006.75, 10804.8, 10, 2e-20, 3e-20, 2e-20, 2e-20, -1
0.697537, -0.129557, 0.128377, 0.05, -0.0682908, 0.0381231, -0.109126, 0.134259, 1004.4, 7043.52, 10, 2e-20, 3e-20, 2e-20, 2e-20, -1
0.773513, -0.0499322, 0.101479, 0.05, -0.064578, 0.02757, 0.0572879, 0.0906219, 1005.33, 8530.96, 10, 2e-20, 3e-20, 2e-20, 2e-20, -1
0.727042, -0.0840634, 0.213632, 0.05, 0.0136762, -0.0250411, -0.043947, 0.0523969, 1004.91, 7855.45, 10, 2e-20, 3e-20, 2e-20, 2e-20, -1
0.733878, -0.0222081, 0.164226, 0.05, 0.0346176, 0.00178198, -0.0818488, 0.0888864, 1008.24, 13180.7, 10, 2e-20, 3e-20, 2e-20, 2e-20, -1
0.738905, -0.0801446, 0.265898, 0.05, -0.0434875, 0.0191818, 0.00224372, 0.047583, 1006.57, 10507.4, 10, 2e-20, 3e-20, 2e-20, 2e-20, -1
0.755857, -0.038005, 0.23678, 0.05, -0.0668717, 0.0251918, -0.00702963, 0.0718043, 1005.6, 8958.41, 10, 2e-20, 3e-20, 2e-20, 2e-20, -1
0.686808, -0.0854521, 0.287357, 0.05, 0.0353795, 0.0111828, 0.00702099, 0.0377632, 1007.53, 12055.1, 10, 2e-20, 3e-20, 2e-20, 2e-20, -1
0.654426, -0.0910676, 0.244948, 0.05, 0.0177597, -0.0295562, 0.115541, 0.120576, 1004.84, 7738.23, 10, 2e-20, 3e-20, 2e-20, 2e-20, -1
0.706249, -0.0205301, 0.319634, 0.05, 0.0671879, 0.0110839, -0.0109019, 0.0689631, 1006.56, 10497.8, 10, 2e-20, 3e-20, 2e-20, 2e-20, -1
0.64435, -0.077696, 0.319655, 0.05, -0.0495746, -0.123143, -0.0445135, 0.140012, 1007.48, 11972.4, 10, 2e-20, 3e-20, 2e-20, 2e-20, -1
0.661104, 0.00771246, 0.326591, 0.05, -0.0108733, 0.036392, -0.117526, 0.123511, 1009.76, 15608.6, 10, 2e-20, 3e-20, 2e-20, 2e-20, -1
0.715308, -0.0149407, 0.369672, 0.05, -0.0516597, -0.0541996, -0.0524977, 0.0914458, 1005.64, 9024.52, 10, 2e-20, 3e-20, 2e-20, 2e-20, -1
0.663944, -0.0382135, 0.357971, 0.05, 0.0461368, 0.00332662, 0.0488604, 0.0672831, 1005.82, 9304.54, 10, 2e-20, 3e-20, 2e-20, 2e-20, -1
0.698846, -0.0569265, 0.401038, 0.05, -0.00287012, 0.0510239, 0.00949536, 0.0519792, 1007.6, 12159.8, 10, 2e-20, 3e-20, 2e-20, 2e-20, -1
0.671311, -0.096709, 0.425699, 0.05, -0.0358832, 0.0126883, 0.0567251, 0.0683106, 1007.8, 12479.9, 10, 2e-20, 3e-20, 2e-20, 2e-20, -1
0.657246, 0.0299543, 0.452437, 0.05, -0.124369, 0.0319942, 0.0424156, 0.135242, 1003.15, 5046.27, 10, 2e-20, 3e-20, 2e-20, 2e-20, -1
0.683948, -0.0668784, 0.466414, 0.05, 0.0079875, -0.134568, 0.014673, 0.135601, 1003.81, 6103.98, 10, 2e-20, 3e-20, 2e-20, 2e-20, -1
0.670442, -0.0169753, 0.496627, 0.05, -0.0565835, 0.00967681, 0.0820532, 0.10014, 1003.06, 4903.67, 10, 2e-20, 3e-20, 2e-20, 2e-20, -1
0.635503, -0.0135087, 0.459314, 0.05, -0.158156, -0.0203852, -0.0181278, 0.160491, 1002.17, 3472.17, 10, 2e-20, 3e-20, 2e-20, 2e-20, -1
0.720228, -0.013751, 0.533516, 0.05, -0.0180204, 0.029537, 0.00644216, 0.0351947, 1005.28, 8455.21, 10, 2e-20, 3e-20, 2e-20, 2e-20, -1
0.662407, -0.0540604, 0.513502, 0.05, 0.030081, -0.0313658, 0.0100448, 0.0446046, 1004.37, 6997.55, 10, 2e-20, 3e-20, 2e-20, 2e-20, -1
0.659372, -0.110092, 0.596441, 0.05, -0.0929111, 0.00381584, 0.111132, 0.144905, 1002.64, 4224.58, 10, 2e-20, 3e-20, 2e-20, 2e-20, -1
0.690765, 0.0184709, 0.559299, 0.05, 0.0200404, -0.0313203, -0.00953716, 0.0383867, 1005.14, 8218.82, 10, 2e-20, 3e-20, 2e-20, 2e-20, -1
0.691378, -0.0589556, 0.625922, 0.05, -0.12656, -0.0286056, 0.0498962, 0.139016, 1007.75, 12402.1, 10, 2e-20, 3e-20, 2e-20, 2e-20, -1
0.685472, 0.00175105, 0.726905, 0.05, 0.0320789, 0.0238535, 0.0675107, 0.0784586, 1005.1, 8165.25, 10, 2e-20, 3e-20, 2e-20, 2e-20, -1
0.676901, -0.00353236, 0.650303, 0.05, 0.0695026, -0.00534723, 0.00555632, 0.0699291, 1003.47, 5553.31, 10, 2e-20, 3e-20, 2e-20, 2e-20, -1
0.729931, -0.0326706, 0.706209, 0.05, 0.00877168, -0.0650151, -0.0338808, 0.0738364, 1003.31, 5302.04, 10, 2e-20, 3e-20, 2e-20, 2e-20, -1
0.683213, -0.00949195, 0.803693, 0.05, -0.108647, -0.0167792, -0.0306225, 0.11412, 1008.59, 13749.5, 10, 2e-20, 3e-20, 2e-20, 2e-20, -1
0.734314, 0.0466088, 0.84133, 0.05, -0.0619685, -0.0529198, 0.0519951, 0.0966648, 1006.7, 10715.9, 10, 2e-20, 3e-20, 2e-20, 2e-20, -1
0.70669, -0.0132649, 0.850705, 0.05, -0.0707614, -0.0292508, -0.0329669, 0.0833643, 1006.65, 10644.1, 10, 2e-20, 3e-20, 2e-20, 2e-20, -1
0.659064, -0.00857137, 0.878853, 0.05, -0.0463822, -0.0219534, 0.0554822, 0.0755747, 1006.03, 9641.05, 10, 2e-20, 3e-20, 2e-20, 2e-20, -1
0.707653, 0.0093152, 0.895659, 0.05, -0.118268, -0.0264375, 0.0284609, 0.124484, 1003.6, 5766.7, 10, 2e-20, 3e-20, 2e-20, 2e-20, -1
0.679369, -0.0620245, 0.868578, 0.05, 0.00501909, -0.0660036, 0.000698783, 0.0661978, 999.536, -742.567, 10, 2e-20, 3e-20, 2e-20, 2e-20, -1
0.656369, -0.0756133, 0.912286, 0.05, -0.0897024, -0.0114703, -0.0375962, 0.0979365, 1003.57, 5711.01, 10, 2e-20, 3e-20, 2e-20, 2e-20, -1
0.665195, -0.110169, 0.878223, 0.05, -0.108268, 0.0347139, 0.0333676, 0.118493, 1000.96, 1531.5, 10, 2e-20, 3e-20, 2e-20, 2e-20, -1
0.689127, -0.0388872, 0.912197, 0.05, -0.049075, -1.377e-05, -0.0110346, 0.0503003, 1005.69, 9103.56, 10, 2e-20, 3e-20, 2e-20, 2e-20, -1
0.669673, -0.0583791, 0.955481, 0.05, -0.0775187, -0.0346914, -0.0276739, 0.0893224, 1003.38, 5411.77, 10, 2e-20, 3e-20, 2e-20, 2e-20, -1
0.636422, -0.0286003, 0.947374, 0.05, -0.0598787, 0.0195359, -0.0543267, 0.0831775, 1000.4, 639.773, 10, 2e-20, 3e-20, 2e-20, 2e-20, -1
0.631031, -0.0935753, 0.959907, 0.05, -0.209698, -0.0392492, -0.0194391, 0.214223, 1003.13, 5011.63, 10, 2e-20, 3e-20, 2e-20, 2e-20, -1
0.612052, 0.00798804, 1.00156, 0.05, -0.150732, -0.0142494, 0.00957627, 0.151706, 1006.19, 9902.26, 10, 2e-20, 3e-20, 2e-20, 2e-20, -1
0.578169, -0.0609351, 1.0282, 0.05, -0.0623934, -0.00502935, -0.031217, 0.0699481, 1000.44, 705.57, 10, 2e-20, 3e-20, 2e-20, 2e-20, -1
0.559524, -0.00785193, 1.03333, 0.05, -0.0672344, -0.0717163, -0.00673821, 0.0985347, 999.591, -655.132, 10, 2e-20, 3e-20, 2e-20, 2e-20, -1
0.475909, 0.000596416, 1.12169, 0.05, 0.0156627, -0.00190106, 0.226265, 0.226815, 1007.39, 11824.8, 10, 2e-20, 3e-20, 2e-20, 2e-20, -1
0.330876, -0.0216533, 1.27987, 0.05, -0.218301, -0.0494654, 0.276585, 0.355811, 1000.6, 962.854, 10, 2e-20, 3e-20, 2e-20, 2e-20, -1
0.316543, 0.0114299, 1.31324, 0.05, -0.178449, 0.00763285, 0.219258, 0.282801, 1002.73, 4365.58, 10, 2e-20, 3e-20, 2e-20, 2e-20, -1
0.187681, 0.106023, 1.37039, 0.05, -0.0567049, -0.0540184, 0.130634, 0.152311, 998.678, -2114.49, 10, 2e-20, 3e-20, 2e-20, 2e-20, -1
0.67777, 0.02094, 0.0497067, 0.05, -0.0247815, -0.00540022, -0.0941481, 0.0975047, 1010.15, 16237.7, 10, 2e-20, 3e-20, 2e-20, 2e-20, -1
0.713063, 0.0969217, 0.0488461, 0.05, -0.0915569, -0.0247501, 0.0651944, 0.115089, 1016.33, 26134.3, 10, 2e-20, 3e-20, 2e-20, 2e-20, -1
0.771878, 0.0516607, 0.0970529, 0.05, 0.020869, -0.00592674, 0.0521102, 0.0564456, 1005.7, 9113.16, 10, 2e-20, 3e-20, 2e-20, 2e-20, -1
0.801508, -0.0376114, 0.0537511, 0.05, -0.0798643, -0.0355806, 0.00276267, 0.0874753, 1004.91, 7862.94, 10, 2e-20, 3e-20, 2e-20, 2e-20, -1
0.754672, 0.0144628, 0.126168, 0.05, 0.0173382, -0.0736586, -0.0648179, 0.0996371, 1006.31, 10103.4, 10, 2e-20, 3e-20, 2e-20, 2e-20, -1
0.715718, 0.0270468, 0.149732, 0.05, 0.0571983, 0.00773787, -0.0484978, 0.0753894, 1000.27, 435.827, 10, 2e-20, 3e-20, 2e-20, 2e-20, -1
0.73126, -0.0226794, 0.113439, 0.05, 0.116893, -0.0908024, -0.0234023, 0.149855, 1007.09, 11348.5, 10, 2e-20, 3e-20, 2e-20, 2e-20, -1
0.672644, 0.0402253, 0.174146, 0.05, -0.0819367, 0.0279777, -0.10319, 0.134702, 1006.49, 10390.3, 10, 2e-20, 3e-20, 2e-20, 2e-20, -1
0.686871, -0.00536875, 0.171827, 0.05, -0.061616, -0.0168868, 0.0345087, 0.0726123, 1011.89, 19023, 10, 2e-20, 3e-20, 2e-20, 2e-20, -1
0.715847, 0.0404941, 0.202693, 0.05, 0.0600915, -0.0221387, 0.0880672, 0.10889, 1006.19, 9904.53, 10, 2e-20, 3e-20, 2e-20, 2e-20, -1
0.710372, 0.00452528, 0.235883, 0.05, 0.0882933, -0.0237748, 0.000542541, 0.0914399, 1007.56, 12096.3, 10, 2e-20, 3e-20, 2e-20, 2e-20, -1
0.724316, -0.0323807, 0.280108, 0.05, -0.0149358, -0.0157755, -0.0325046, 0.0390959, 1006.34, 10146.2, 10, 2e-20, 3e-20, 2e-20, 2e-20, -1
0.673988, 0.0379652, 0.277888, 0.05, -0.000312788, -0.165216, 0.0189069, 0.166294, 1013.43, 21486.3, 10, 2e-20, 3e-20, 2e-20, 2e-20, -1
0.726198, 0.0201855, 0.288451, 0.05, -0.0527037, -0.0631002, -0.00768316, 0.0825733, 1005.31, 8494.28, 10, 2e-20, 3e-20, 2e-20, 2e-20, -1
0.734962, 0.0781465, 0.292142, 0.05, 0.102243, 0.0105626, -0.0499762, 0.114293, 999.891, -174.252, 10, 2e-20, 3e-20, 2e-20, 2e-20, -1
0.697272, 0.0425687, 0.320685, 0.05, -0.047352, -0.107937, -0.0476559, 0.127137, 1005.66, 9055.03, 10, 2e-20, 3e-20, 2e-20, 2e-20, -1
0.683176, 0.0279159, 0.364245, 0.05, -0.00893135, -0.00606012, -0.059998, 0.0609611, 1003.49, 5576.58, 10, 2e-20, 3e-20, 2e-20, 2e-20, -1
0.668247, 0.0836195, 0.352626, 0.05, -0.027956, -0.037968, -0.0295199, 0.0556285, 1007.95, 12718.5, 10, 2e-20, 3e-20, 2e-20, 2e-20, -1
0.677489, -0.00861476, 0.399138, 0.05, -0.0237601, -0.0404496, 0.0223472, 0.0519626, 1005.1, 8158.45, 10, 2e-20, 3e-20, 2e-20, 2e-20, -1
0.624899, 0.0586096, 0.375169, 0.05, -0.0530467, -0.0170942, -0.112784, 0.125803, 1009.31, 14899.6, 10, 2e-20, 3e-20, 2e-20, 2e-20, -1
0.689526, 0.0823817, 0.437031, 0.05, 0.0571084, -0.0265279, 0.0433331, 0.0764386, 1007.36, 11780.8, 10, 2e-20, 3e-20, 2e-20, 2e-20, -1
0.680752, 0.058644, 0.486312, 0.05, 0.00865464, -0.0598917, 0.0220432, 0.0644036, 1015.03, 24049.1, 10, 2e-20, 3e-20, 2e-20, 2e-20, -1
0.702368, 0.106788, 0.509023, 0.05, 0.0141544, -0.00666445, -0.0848638, 0.0862939, 1007.92, 12671.9, 10, 2e-20, 3e-20, 2e-20, 2e-20, -1
0.696694, 0.0690877, 0.552704, 0.05, -0.0230894, -0.0272126, 0.0237914, 0.0428914, 1001.59, 2539.97, 10, 2e-20, 3e-20, 2e-20, 2e-20, -1
0.649841, -0.0139182, 0.543983, 0.05, -0.0223458, -0.0331251, 0.0149256, 0.0426541, 1006.59, 10549.1, 10, 2e-20, 3e-20, 2e-20, 2e-20, -1
0.648442, -0.0598115, 0.570607, 0.05, -0.0270157, 0.00175601, 0.136354, 0.139016, 1005.04, 8059.24, 10, 2e-20, 3e-20, 2e-20, 2e-20, -1
0.718579, 0.0395343, 0.636777, 0.05, -0.0194471, -0.046388, 0.00782849, 0.050905, 1004.01, 6413.35, 10, 2e-20, 3e-20, 2e-20, 2e-20, -1
0.72682, 0.0812172, 0.713441, 0.05, -0.111738, -0.0866291, 0.0174034, 0.142453, 1006.14, 9821.84, 10, 2e-20, 3e-20, 2e-20, 2e-20, -1
0.699171, 0.048446, 0.686598, 0.05, -0.0991055, -0.0593555, -0.00358748, 0.115576, 1003.07, 4911.85, 10, 2e-20, 3e-20, 2e-20, 2e-20, -1
0.755946, 0.127125, 0.782735, 0.05, 0.0195837, -0.0218147, -0.125185, 0.128572, 1002.34, 3750.47, 10, 2e-20, 3e-20, 2e-20, 2e-20, -1
0.740352, 0.0796891, 0.777397, 0.05, 0.0491499, -0.0599037, -0.0526095, 0.0936586, 1002.71, 4332.98, 10, 2e-20, 3e-20, 2e-20, 2e-20, -1
0.725249, 0.156819, 0.813975, 0.05, -0.0257504, -0.0278521, -0.0994959, 0.106481, 1002.11, 3374.18, 10, 2e-20, 3e-20, 2e-20, 2e-20, -1
0.709009, 0.127131, 0.896659, 0.05, 0.030175, -0.119144, -0.034798, 0.127737, 1000.05, 80.2182, 10, 2e-20, 3e-20, 2e-20, 2e-20, -1
0.707609, 0.219302, 0.806602, 0.05, 0.0115496, -0.0460648, -0.0681797, 0.0830893, 1003.84, 6138.87, 10, 2e-20, 3e-20, 2e-20, 2e-20, -1
0.731204, 0.085304, 0.875463, 0.05, -0.013794, -0.0334376, 0.0267008, 0.0449587, 999.275, -1160.32, 10, 2e-20, 3e-20, 2e-20, 2e-20, -1
0.678463, 0.181768, 0.812179, 0.05, -0.0907239, -0.111876, -0.0698204, 0.160068, 1000.69, 1101.38, 10, 2e-20, 3e-20, 2e-20, 2e-20, -1
0.755076, 0.00473996, 0.870464, 0.05, -0.0241231, -0.0375348, 0.0304333, 0.054009, 1004.83, 7732.64, 10, 2e-20, 3e-20, 2e-20, 2e-20, -1
0.675225, 0.10229, 0.869577, 0.05, -0.153562, -0.0832381, -0.159515, 0.236548, 1006.33, 10132.2, 10, 2e-20, 3e-20, 2e-20, 2e-20, -1
0.736206, 0.0429211, 0.90209, 0.05, -0.0768321, -0.0318294, -0.0560592, 0.100294, 998.666, -2135.18, 10, 2e-20, 3e-20, 2e-20, 2e-20, -1
0.659792, 0.055152, 0.922675, 0.05, -0.0384853, -0.114112, 0.0126236, 0.121087, 1004.97, 7946.56, 10, 2e-20, 3e-20, 2e-20, 2e-20, -1
0.718067, 0.00515655, 0.944695, 0.05, -0.105342, 0.0240016, -0.144487, 0.180415, 1005.72, 9150.85, 10, 2e-20, 3e-20, 2e-20, 2e-20, -1
0.612579, 0.113361, 1.03425, 0.05, -0.0637767, -0.0360255, -0.0644915, 0.0975933, 1002.75, 4399.61, 10, 2e-20, 3e-20, 2e-20, 2e-20, -1
0.663375, 0.0236336, 0.971814, 0.05, -0.0622713, -0.0578025, -0.0821543, 0.118187, 1000.83, 1324.61, 10, 2e-20, 3e-20, 2e-20, 2e-20, -1
0.57377, 0.0519095, 1.00014, 0.05, -0.0942919, -0.125238, -0.00686715, 0.156916, 1002.96, 4733.09, 10, 2e-20, 3e-20, 2e-20, 2e-20, -1
0.580197, 0.0815837, 1.06902, 0.05, 0.0648787, 0.0813913, -0.0196215, 0.105919, 1003.93, 6280.13, 10, 2e-20, 3e-20, 2e-20, 2e-20, -1
0.52365, 0.000439049, 1.10738, 0.05, -0.110928, -0.00280176, 0.036369, 0.116771, 1000.79, 1267.92, 10, 2e-20, 3e-20, 2e-20, 2e-20, -1
0.450296, 0.0146506, 1.17278, 0.05, 0.00297881, -0.0224277, 0.216592, 0.217771, 1004.53, 7255.79, 10, 2e-20, 3e-20, 2e-20, 2e-20, -1
0.404751, -0.00971016, 1.20219, 0.05, -0.18616, -0.0387155, 0.116325, 0.222904, 1001.66, 2652.55, 10, 2e-20, 3e-20, 2e-20, 2e-20, -1
0.368342, 0.0199648, 1.25912, 0.05, -0.180082, 0.0484869, 0.241923, 0.305463, 1000.13, 201.826, 10, 2e-20, 3e-20, 2e-20, 2e-20, -1
0.263823, 0.0261379, 1.34039, 0.05, -0.324319, -0.100326, 0.302657, 0.454807, 1005.12, 8184.29, 10, 2e-20, 3e-20, 2e-20, 2e-20, -1
0.071707, 0.0873622, 1.37918, 0.05, -0.0463846, -0.0939737, 0.0420505, 0.11292, 997.178, -4514.49, 10, 2e-20, 3e-20, 2e-20, 2e-20, -1
0.669408, 0.177886, 0.047138, 0.05, -0.0577911, -0.0720625, 0.0707216, 0.116337, 1015.23, 24375.9, 10, 2e-20, 3e-20, 2e-20, 2e-20, -1
0.719461, 0.137608, 0.08844, 0.05, -0.162148, -0.106771, 0.0980872, 0.217516, 1003.53, 5646.13, 10, 2e-20, 3e-20, 2e-20, 2e-20, -1
0.690862, 0.168355, 0.100081, 0.05, 0.0039742, -0.119171, -0.0485601, 0.128746, 1004.07, 6515.35, 10, 2e-20, 3e-20, 2e-20, 2e-20, -1
0.741723, 0.0960541, 0.10225, 0.05, 0.0324509, -0.0116246, 0.054342, 0.0643526, 1004.21, 6741.85, 10, 2e-20, 3e-20, 2e-20, 2e-20, -1
0.678554, 0.11439, 0.0978552, 0.05, 0.0855731, 0.0393122, -0.0778808, 0.122203, 1006.13, 9813, 10, 2e-20, 3e-20, 2e-20, 2e-20, -1
0.718154, 0.20118, 0.136066, 0.05, -0.0323324, 0.0289775, -0.0859407, 0.0962855, 1008.93, 14292.8, 10, 2e-20, 3e-20, 2e-20, 2e-20, -1
0.642761, 0.159977, 0.120317, 0.05, -0.00980708, 0.0347315, -0.0830362, 0.0905399, 1007.77, 12432.3, 10, 2e-20, 3e-20, 2e-20, 2e-20, -1
0.703547, 0.0676523, 0.12074, 0.05, -0.119763, 0.0712886, -0.0269515, 0.141956, 1015.87, 25397, 10, 2e-20, 3e-20, 2e-20, 2e-20, -1
0.671572, 0.0948501, 0.149429, 0.05, 0.0802197, -0.0400651, -0.0166249, 0.0911965, 1011.09, 17746.4, 10, 2e-20, 3e-20, 2e-20, 2e-20, -1
0.669863, 0.0882324, 0.200502, 0.05, 0.0364727, 0.0135558, 0.0154907, 0.0418805, 1002.85, 4558.94, 10, 2e-20, 3e-20, 2e-20, 2e-20, -1
0.67412, 0.141313, 0.199159, 0.05, 0.023019, -0.102869, -0.0388539, 0.112346, 1006.18, 9894.08, 10, 2e-20, 3e-20, 2e-20, 2e-20, -1
0.671466, 0.0390111, 0.225437, 0.05, 0.00974435, -0.0917671, -0.0656302, 0.113241, 1009.78, 15654.9, 10, 2e-20, 3e-20, 2e-20, 2e-20, -1
0.664141, 0.0897771, 0.249644, 0.05, -0.151139, 0.0515832, -0.125477, 0.203096, 1007.93, 12687.8, 10, 2e-20, 3e-20, 2e-20, 2e-20, -1
0.705995, 0.114882, 0.26998, 0.05, 0.0321258, -0.00717928, 0.00360109, 0.0331146, 1007.33, 11732.9, 10, 2e-20, 3e-20, 2e-20, 2e-20, -1
0.703961, 0.104679, 0.319543, 0.05, 0.00770874, 0.0210551, 0.131659, 0.133555, 1008.52, 13630, 10, 2e-20, 3e-20, 2e-20, 2e-20, -1
0.737682, 0.0631865, 0.338155, 0.05, -0.0110927, -0.0329987, 0.012226, 0.0368976, 1004.77, 7633.27, 10, 2e-20, 3e-20, 2e-20, 2e-20, -1
0.701614, 0.135497, 0.355546, 0.05, 0.0845862, -0.0210098, -0.104848, 0.136343, 1007.1, 11359.9, 10, 2e-20, 3e-20, 2e-20, 2e-20, -1
0.730817, 0.168339, 0.326616, 0.05, -0.0219188, -0.131801, 0.0220998, 0.135426, 1001.89, 3022.98, 10, 2e-20, 3e-20, 2e-20, 2e-20, -1
0.720589, 0.120934, 0.403235, 0.05, 0.10549, -0.0174231, 0.00303982, 0.106962, 1006.98, 11170.8, 10, 2e-20, 3e-20, 2e-20, 2e-20, -1
0.676693, 0.119794, 0.395658, 0.05, -0.019597, -0.0855265, -0.108874, 0.13983, 1002.16, 3458.98, 10, 2e-20, 3e-20, 2e-20, 2e-20, -1
0.709536, 0.160027, 0.430557, 0.05, 0.111476, -0.0232511, 0.0249493, 0.116576, 1005.08, 8120.85, 10, 2e-20, 3e-20, 2e-20, 2e-20, -1
0.712004, 0.121706, 0.4612, 0.05, 0.0251588, 0.027015, 0.0269956, 0.0457333, 1005.3, 8483.9, 10, 2e-20, 3e-20, 2e-20, 2e-20, -1
0.674489, 0.1139, 0.554158, 0.05, -0.0026239, -0.0835899, -0.00929436, 0.0841459, 1002.59, 4147.93, 10, 2e-20, 3e-20, 2e-20, 2e-20, -1
0.647825, 0.0855142, 0.514203, 0.05, 0.0025885, -0.00774265, 0.0119851, 0.0145015, 1006, 9597.7, 10, 2e-20, 3e-20, 2e-20, 2e-20, -1
0.658052, 0.0361543, 0.52923, 0.05, 0.0327151, -0.0461304, -0.0940248, 0.109722, 1007.49, 11976.8, 10, 2e-20, 3e-20, 2e-20, 2e-20, -1
0.692675, 0.0730794, 0.604401, 0.05, 0.0369777, -0.0190483, -0.0132591, 0.0436577, 1008.36, 13369.3, 10, 2e-20, 3e-20, 2e-20, 2e-20, -1
0.751146, 0.0418886, 0.701551, 0.05, -0.0307966, -0.100999, 0.0310242, 0.110053, 1003.38, 5410.23, 10, 2e-20, 3e-20, 2e-20, 2e-20, -1
0.730896, 0.116553, 0.675836, 0.05, 0.062899, -0.129293, -0.154902, 0.211347, 1002.75, 4397.52, 10, 2e-20, 3e-20, 2e-20, 2e-20, -1
0.735671, 0.120447, 0.736963, 0.05, 0.035046, 0.0326467, 0.0632156, 0.0793111, 1006.65, 10634.7, 10, 2e-20, 3e-20, 2e-20, 2e-20, -1
0.676466, 0.0841856, 0.719231, 0.05, -0.0854134, -0.094624, -0.0157922, 0.128447, 1004.36, 6970.91, 10, 2e-20, 3e-20, 2e-20, 2e-20, -1
0.69319, 0.199303, 0.678004, 0.05, 0.0249899, -0.0458287, -0.0559566, 0.0765239, 1004.45, 7115.19, 10, 2e-20, 3e-20, 2e-20, 2e-20, -1
0.62261, 0.113958, 0.749844, 0.05, 0.00342288, -0.019589, -0.0389967, 0.0437743, 998.46, -2463.77, 10, 2e-20, 3e-20, 2e-20, 2e-20, -1
0.705948, 0.175907, 0.729066, 0.05, -0.0571959, 0.0191875, 0.0199812, 0.0635514, 1005.52, 8826.99, 10, 2e-20, 3e-20, 2e-20, 2e-20, -1
0.678811, 0.128317, 0.739939, 0.05, -0.0387018, -0.0386005, -0.0321649, 0.0634225, 1006.13, 9802.57, 10, 2e-20, 3e-20, 2e-20, 2e-20, -1
0.6325, 0.178546, 0.882268, 0.05, -0.00413292, -0.140522, -0.0709849, 0.157488, 1002.92, 4667.7, 10, 2e-20, 3e-20, 2e-20, 2e-20, -1
0.650722, 0.152486, 0.92499, 0.05, -0.0810692, -0.143113, -0.0403918, 0.169367, 1001.28, 2053.36, 10, 2e-20, 3e-20, 2e-20, 2e-20, -1
0.680055, 0.155985, 0.870629, 0.05, 0.0313089, -0.106216, -0.221135, 0.247311, 1003.95, 6326.89, 10, 2e-20, 3e-20, 2e-20, 2e-20, -1
0.631152, 0.12414, 0.89819, 0.05, -0.100556, -0.182194, -0.106041, 0.233561, 1003.33, 5325.42, 10, 2e-20, 3e-20, 2e-20, 2e-20, -1
0.69224, 0.0544027, 0.882727, 0.05, -0.00667491, -0.051634, -0.0621663, 0.0810881, 1004.42, 7066.06, 10, 2e-20, 3e-20, 2e-20, 2e-20, -1
0.616951, 0.0798883, 0.946379, 0.05, -0.120484, 0.0267685, -0.0141135, 0.124227, 1003.73, 5973.54, 10, 2e-20, 3e-20, 2e-20, 2e-20, -1
0.62876, 0.0596812, 0.99877, 0.05, -0.0186728, -0.010814, -0.030425, 0.0373001, 1003.02, 4829.08, 10, 2e-20, 3e-20, 2e-20, 2e-20, -1
0.590988, 0.101205, 0.996426, 0.05, -0.0522282, 0.0153154, -0.0399646, 0.0675242, 1005.42, 8679.28, 10, 2e-20, 3e-20, 2e-20, 2e-20, -1
0.554332, 0.123526, 1.0563, 0.05, -0.15799, -0.0353639, -0.032583, 0.165145, 1001.14, 1823.95, 10, 2e-20, 3e-20, 2e-20, 2e-20, -1
0.531932, 0.0956312, 1.10491, 0.05, -0.22099, -0.0829411, -0.107751, 0.259473, 999.474, -842.387, 10, 2e-20, 3e-20, 2e-20, 2e-20, -1
0.482196, 0.104329, 1.16057, 0.05, -0.244722, -0.0211477, 0.00910304, 0.245802, 997.828, -3474.85, 10, 2e-20, 3e-20, 2e-20, 2e-20, -1
0.499687, 0.0600596, 1.15303, 0.05, -0.228429, -0.103322, 0.0123858, 0.251015, 999.383, -986.825, 10, 2e-20, 3e-20, 2e-20, 2e-20, -1
0.446228, 0.0623752, 1.1744, 0.05, -0.0474681, -0.00209595, 0.0838663, 0.0963907, 1004.22, 6751.1, 10, 2e-20, 3e-20, 2e-20, 2e-20, -1
0.405198, 0.0449155, 1.20294, 0.05, -0.202573, -0.0186336, 0.0983683, 0.225963, 1003.03, 4844.26, 10, 2e-20, 3e-20, 2e-20, 2e-20, -1
0.33952, 0.0618246, 1.29515, 0.05, -0.0587565, -0.113551, 0.144296, 0.192789, 1000.67, 1079.51, 10, 2e-20, 3e-20, 2e-20, 2e-20, -1
0.249144, -0.0185113, 1.37725, 0.05, -0.267634, -0.055925, 0.530956, 0.597218, 1000.33, 522.816, 10, 2e-20, 3e-20, 2e-20, 2e-20, -1
0.0247108, 0.0371755, 1.39486, 0.05, 0.0363676, 0.017006, -0.0118526, 0.0418604, 1001.37, 2198.24, 10, 2e-20, 3e-20, 2e-20, 2e-20, -1
0.60231, 0.193653, 0.0490559, 0.05, 0.119446, -0.0573549, 0.11815, 0.177528, 1011.34, 18141.4, 10, 2e-20, 3e-20, 2e-20, 2e-20, -1
0.670612, 0.234556, 0.0481554, 0.05, -0.0274575, 0.00792918, -0.0345442, 0.044834, 1009.94, 15907.1, 10, 2e-20, 3e-20, 2e-20, 2e-20, -1
0.723075, 0.294922, 0.095275, 0.05, 0.00915529, 0.0050676, 0.0420274, 0.0433105, 1005.83, 9334.79, 10, 2e-20, 3e-20, 2e-20, 2e-20, -1
0.763003, 0.237646, 0.0830913, 0.05, 0.0689903, -0.00990642, 0.0267521, 0.0746557, 1005.67, 9078.93, 10, 2e-20, 3e-20, 2e-20, 2e-20, -1
0.746502, 0.183033, 0.0957944, 0.05, 0.0346099, -0.0626405, 0.0129925, 0.0727357, 1009.23, 14767.4, 10, 2e-20, 3e-20, 2e-20, 2e-20, -1
0.72726, 0.207479, 0.186714, 0.05, -0.0195247, -0.0382643, 0.000863198, 0.0429664, 1006.27, 10030.1, 10, 2e-20, 3e-20, 2e-20, 2e-20, -1
0.74486, 0.247066, 0.212152, 0.05, 0.0256939, 0.0572962, -0.0413504, 0.0751857, 1004.82, 7711.15, 10, 2e-20, 3e-20, 2e-20, 2e-20, -1
0.695188, 0.13973, 0.138084, 0.05, 0.00739731, -0.0234806, -0.135589, 0.137806, 1006.37, 10188.4, 10, 2e-20, 3e-20, 2e-20, 2e-20, -1
0.676061, 0.183093, 0.158437, 0.05, 0.0665146, -0.0667022, -0.0175644, 0.0958221, 1003.99, 6381.64, 10, 2e-20, 3e-20, 2e-20, 2e-20, -1
0.717819, 0.155128, 0.170898, 0.05, -0.101841, 0.00293944, 0.0257511, 0.105088, 1007.57, 12116.5, 10, 2e-20, 3e-20, 2e-20, 2e-20, -1
0.682787, 0.193284, 0.201841, 0.05, 0.054183, -0.0481569, -0.0248639, 0.0766362, 1005.04, 8057.11, 10, 2e-20, 3e-20, 2e-20, 2e-20, -1
0.69369, 0.157984, 0.292366, 0.05, 0.02438, -0.0342325, 0.0528194, 0.0674991, 1011.01, 17610.3, 10, 2e-20, 3e-20, 2e-20, 2e-20, -1
0.667412, 0.208985, 0.247798, 0.05, 0.00354235, -0.00750231, 0.0601372, 0.0607068, 1010.3, 16479, 10, 2e-20, 3e-20, 2e-20, 2e-20, -1
0.663284, 0.216129, 0.298865, 0.05, 0.0112536, 0.0550325, -0.0331778, 0.0652379, 1008.18, 13095, 10, 2e-20, 3e-20, 2e-20, 2e-20, -1
0.639883, 0.17463, 0.271273, 0.05, -0.0128872, -0.158201, -0.0592716, 0.169431, 1006.04, 9660.54, 10, 2e-20, 3e-20, 2e-20, 2e-20, -1
0.701417, 0.278014, 0.293635, 0.05, 0.130276, -0.045738, 0.0502206, 0.146921, 1007.89, 12619.6, 10, 2e-20, 3e-20, 2e-20, 2e-20, -1
0.716747, 0.213487, 0.300622, 0.05, -0.00802603, -0.0403588, -0.0152219, 0.0438743, 1008.02, 12833.9, 10, 2e-20, 3e-20, 2e-20, 2e-20, -1
0.698678, 0.246408, 0.335386, 0.05, 0.0154427, -0.0394785, -0.0940704, 0.103181, 1003.01, 4811.26, 10, 2e-20, 3e-20, 2e-20, 2e-20, -1
0.715682, 0.176732, 0.377665, 0.05, 0.0293909, -0.0704278, -0.05915, 0.0965537, 1006.14, 9821.74, 10, 2e-20, 3e-20, 2e-20, 2e-20, -1
0.65266, 0.153888, 0.424154, 0.05, -0.0420013, -0.0144958, 0.0535808, 0.069607, 1004.23, 6762.25, 10, 2e-20, 3e-20, 2e-20, 2e-20, -1
0.729227, 0.164524, 0.48471, 0.05, -0.0100178, -0.0941641, -0.0716342, 0.118738, 1007.66, 12263.2, 10, 2e-20, 3e-20, 2e-20, 2e-20, -1
0.644926, 0.202981, 0.475573, 0.05, -0.078364, -0.0742567, -0.0566915, 0.121938, 1012.25, 19596.2, 10, 2e-20, 3e-20, 2e-20, 2e-20, -1
0.619657, 0.183811, 0.523462, 0.05, 0.0731255, -0.0422414, -0.0314386, 0.0901113, 1006.76, 10817.4, 10, 2e-20, 3e-20, 2e-20, 2e-20, -1
0.632813, 0.136399, 0.575399, 0.05, -0.0133774, -0.137173, -0.0739836, 0.156425, 1002.03, 3244.99, 10, 2e-20, 3e-20, 2e-20, 2e-20, -1
0.688316, 0.233355, 0.565435, 0.05, -0.0368079, -0.0754543, 0.0126778, 0.0849052, 1003.89, 6224.24, 10, 2e-20, 3e-20, 2e-20, 2e-20, -1
0.711694, 0.1366, 0.626155, 0.05, -0.0184896, -0.0845372, -0.0861479, 0.122106, 1007.19, 11500.9, 10, 2e-20, 3e-20, 2e-20, 2e-20, -1
0.744649, 0.181903, 0.617793, 0.05, -0.061923, -0.0334715, 0.0400403, 0.0809816, 1003.53, 5653, 10, 2e-20, 3e-20, 2e-20, 2e-20, -1
0.581094, 0.225621, 0.520464, 0.05, -0.0823373, 0.0350167, -0.0888658, 0.126106, 1003.34, 5337.4, 10, 2e-20, 3e-20, 2e-20, 2e-20, -1
0.722578, 0.174263, 0.64903, 0.05, -0.0291164, -0.0091393, -0.029116, 0.0421786, 1002.9, 4634.28, 10, 2e-20, 3e-20, 2e-20, 2e-20, -1
0.702509, 0.19073, 0.596687, 0.05, -0.0489797, -0.0437699, -0.0483446, 0.0815599, 1006.17, 9865.5, 10, 2e-20, 3e-20, 2e-20, 2e-20, -1
0.745674, 0.211694, 0.669845, 0.05, 0.0225988, -0.0275849, -0.076865, 0.0847341, 1001.02, 1628.09, 10, 2e-20, 3e-20, 2e-20, 2e-20, -1
0.761427, 0.235561, 0.736938, 0.05, 0.0465137, -0.0874647, -0.0543583, 0.112997, 1002.75, 4393.53, 10, 2e-20, 3e-20, 2e-20, 2e-20, -1
0.756483, 0.222994, 0.783924, 0.05, 0.0193207, -0.0504222, -0.0515097, 0.0746253, 1006.25, 9995.11, 10, 2e-20, 3e-20, 2e-20, 2e-20, -1
0.642477, 0.216796, 0.835698, 0.05, -0.0850065, -0.0466048, -0.0738918, 0.121894, 1007.11, 11375.2, 10, 2e-20, 3e-20, 2e-20, 2e-20, -1
0.65598, 0.180676, 0.762655, 0.05, 0.0116964, -0.0666435, -0.0153355, 0.0693782, 1001.9, 3041.18, 10, 2e-20, 3e-20, 2e-20, 2e-20, -1
0.67765, 0.213173, 0.864561, 0.05, 0.116634, -0.0613677, -0.0183811, 0.133069, 999.166, -1334.83, 10, 2e-20, 3e-20, 2e-20, 2e-20, -1
0.64242, 0.229279, 0.892657, 0.05, -0.0123228, -0.0633274, -0.0794338, 0.102332, 1002.03, 3240.77, 10, 2e-20, 3e-20, 2e-20, 2e-20, -1
0.647999, 0.108271, 0.974892, 0.05, -0.102799, -0.140655, -0.0345984, 0.177619, 1003.84, 6150.05, 10, 2e-20, 3e-20, 2e-20, 2e-20, -1
0.616268, 0.212566, 0.977693, 0.05, -0.164861, -0.0460093, -0.05837, 0.18084, 1006.44, 10302.9, 10, 2e-20, 3e-20, 2e-20, 2e-20, -1
0.623898, 0.156745, 0.982364, 0.05, -0.140374, -0.0860008, -0.153264, 0.224924, 998.932, -1708.42, 10, 2e-20, 3e-20, 2e-20, 2e-20, -1
0.581433, 0.163419, 0.983954, 0.05, -0.019396, -0.100436, -0.0646807, 0.121025, 998.835, -1863.49, 10, 2e-20, 3e-20, 2e-20, 2e-20, -1
0.589871, 0.16142, 1.02475, 0.05, -0.0607339, -0.069279, -0.119737, 0.15108, 999.425, -919.52, 10, 2e-20, 3e-20, 2e-20, 2e-20, -1
0.541785, 0.168065, 1.01996, 0.05, -0.118833, -0.102971, -0.117754, 0.196444, 1003.06, 4892.99, 10, 2e-20, 3e-20, 2e-20, 2e-20, -1
0.580645, 0.147423, 1.07632, 0.05, 0.0466823, -0.0598956, -0.0250911, 0.0799768, 1004.97, 7959.91, 10, 2e-20, 3e-20, 2e-20, 2e-20, -1
0.475986, 0.121438, 1.13965, 0.05, -0.0956277, -0.0668344, 0.00724568, 0.116893, 1005.51, 8820.4, 10, 2e-20, 3e-20, 2e-20, 2e-20, -1
0.413288, 0.0943939, 1.21598, 0.05, -0.225423, -0.0166065, 0.0779033, 0.239082, 1003.54, 5664.73, 10, 2e-20, 3e-20, 2e-20, 2e-20, -1
0.412686, 0.138185, 1.16477, 0.05, -0.0959425, 0.00176976, 0.0880472, 0.130232, 1004.63, 7409.88, 10, 2e-20, 3e-20, 2e-20, 2e-20, -1
0.364181, 0.110054, 1.26304, 0.05, -0.239274, -0.0437103, 0.101133, 0.263421, 1005.1, 8152.5, 10, 2e-20, 3e-20, 2e-20, 2e-20, -1
0.299115, 0.0867792, 1.28603, 0.05, -0.261911, -0.0936615, 0.181895, 0.332348, 1001.22, 1952.61, 10, 2e-20, 3e-20, 2e-20, 2e-20, -1
0.203414, 0.105264, 1.31939, 0.05, -0.132527, -0.0444348, 0.288419, 0.320505, 997.086, -4662.76, 10, 2e-20, 3e-20, 2e-20, 2e-20, -1
0.0530947, 0.202681, 1.45002, 0.05, -0.0103046, -0.0591808, -0.214287, 0.222547, 1001.82, 2919.21, 10, 2e-20, 3e-20, 2e-20, 2e-20, -1
0.691015, 0.287251, 0.0490956, 0.05, 0.0533251, -0.0247271, 0.0367347, 0.0693141, 1015.14, 24226.9, 10, 2e-20, 3e-20, 2e-20, 2e-20, -1
0.59869, 0.34162, 0.0487921, 0.05, 0.0558037, 0.0797605, -0.0104755, 0.0979057, 1012.07, 19305.2, 10, 2e-20, 3e-20, 2e-20, 2e-20, -1
0.671282, 0.31623, 0.0910926, 0.05, 0.0241187, 0.0427341, 0.121755, 0.131271, 1003.9, 6240.76, 10, 2e-20, 3e-20, 2e-20, 2e-20, -1
0.620906, 0.291394, 0.0966426, 0.05, 0.120382, -0.0422816, 0.042646, 0.13453, 1009.36, 14975.4, 10, 2e-20, 3e-20, 2e-20, 2e-20, -1
0.68106, 0.259752, 0.0891151, 0.05, 0.0803112, 0.0271002, 0.0683815, 0.108905, 1006.69, 10706.1, 10, 2e-20, 3e-20, 2e-20, 2e-20, -1
0.726294, 0.249086, 0.11526, 0.05, -0.00321111, 0.0177532, -0.0314732, 0.0362774, 1007.99, 12776.9, 10, 2e-20, 3e-20, 2e-20, 2e-20, -1
0.655228, 0.277011, 0.132456, 0.05, -0.00834144, 0.0637252, -0.0556356, 0.0850047, 1012.39, 19823.7, 10, 2e-20, 3e-20, 2e-20, 2e-20, -1
0.6913, 0.254551, 0.154404, 0.05, 0.0421086, 0.0136142, -0.073819, 0.0860681, 1011.48, 18375.2, 10, 2e-20, 3e-20, 2e-20, 2e-20, -1
0.693015, 0.248133, 0.198452, 0.05, 0.0714268, 0.0251482, 0.0317636, 0.0821167, 1013.1, 20966.1, 10, 2e-20, 3e-20, 2e-20, 2e-20, -1
0.687154, 0.158837, 0.246029, 0.05, -0.0771924, -0.0705322, -0.065872, 0.123582, 1009.21, 14733.9, 10, 2e-20, 3e-20, 2e-20, 2e-20, -1
0.662932, 0.285673, 0.224349, 0.05, 0.0363646, -0.0504732, -0.120726, 0.135811, 1005, 7993.18, 10, 2e-20, 3e-20, 2e-20, 2e-20, -1
0.636433, 0.246587, 0.256773, 0.05, -0.0174243, -0.0359218, 0.0556913, 0.0685238, 1006.22, 9947.34, 10, 2e-20, 3e-20, 2e-20, 2e-20, -1
0.617279, 0.374172, 0.32408, 0.05, -0.0184703, 0.0270588, 0.0345753, 0.0476317, 1006.23, 9970.38, 10, 2e-20, 3e-20, 2e-20, 2e-20, -1
0.604797, 0.341589, 0.312596, 0.05, -0.0190989, -0.0478635, -0.00173224, 0.0515624, 1003.31, 5303.27, 10, 2e-20, 3e-20, 2e-20, 2e-20, -1
0.612325, 0.392812, 0.368999, 0.05, 0.016588, -0.0392587, -0.0485322, 0.0645894, 1007.15, 11438.7, 10, 2e-20, 3e-20, 2e-20, 2e-20, -1
0.653183, 0.263297, 0.307353, 0.05, -0.0102048, -0.113171, -0.0177306, 0.115005, 1007.92, 12677.7, 10, 2e-20, 3e-20, 2e-20, 2e-20, -1
0.64567, 0.263711, 0.36163, 0.05, 0.0198861, -0.121544, -0.0874031, 0.151022, 1005.47, 8744.6, 10, 2e-20, 3e-20, 2e-20, 2e-20, -1
0.676603, 0.222924, 0.366231, 0.05, -0.0338132, -0.0443927, 0.0276539, 0.0622798, 1008.63, 13805.6, 10, 2e-20, 3e-20, 2e-20, 2e-20, -1
0.67825, 0.26301, 0.401505, 0.05, 0.099173, -0.0612073, -0.0290862, 0.120115, 1007.29, 11662.3, 10, 2e-20, 3e-20, 2e-20, 2e-20, -1
0.637999, 0.301948, 0.415684, 0.05, -0.071324, 0.0603445, -0.0221344, 0.096013, 1008.26, 13210, 10, 2e-20, 3e-20, 2e-20, 2e-20, -1
0.641665, 0.208585, 0.413104, 0.05, -0.0334373, 0.00981734, -0.069854, 0.0780641, 1003.52, 5634.98, 10, 2e-20, 3e-20, 2e-20, 2e-20, -1
0.627003, 0.25843, 0.417935, 0.05, -0.0670975, -0.138017, -0.085742, 0.175791, 1007.68, 12288.6, 10, 2e-20, 3e-20, 2e-20, 2e-20, -1
0.650104, 0.268781, 0.468602, 0.05, 0.0568717, 0.0489065, 0.0288366, 0.0803603, 1009.92, 15877.4, 10, 2e-20, 3e-20, 2e-20, 2e-20, -1
0.615897, 0.285753, 0.505005, 0.05, 0.0162923, -0.0559165, -0.0882578, 0.105743, 1005.3, 8485.46, 10, 2e-20, 3e-20, 2e-20, 2e-20, -1
0.601129, 0.28703, 0.454863, 0.05, -0.078701, 0.0482013, -0.0616072, 0.110962, 1002.94, 4706.85, 10, 2e-20, 3e-20, 2e-20, 2e-20, -1
0.611703, 0.307759, 0.538943, 0.05, 0.0411405, 0.0581367, -0.0138734, 0.0725596, 1003.86, 6172.19, 10, 2e-20, 3e-20, 2e-20, 2e-20, -1
0.619945, 0.238727, 0.508526, 0.05, 0.124622, -0.026292, 0.0391623, 0.13325, 1002.2, 3513.87, 10, 2e-20, 3e-20, 2e-20, 2e-20, -1
0.611734, 0.262255, 0.553086, 0.05, 0.0326924, -0.0375642, -0.0221155, 0.0544881, 1006.36, 10169.6, 10, 2e-20, 3e-20, 2e-20, 2e-20, -1
0.648088, 0.243126, 0.592135, 0.05, -0.0303865, -0.0562426, -0.0310297, 0.0710592, 1006.44, 10299.3, 10, 2e-20, 3e-20, 2e-20, 2e-20, -1
0.679668, 0.22077, 0.633946, 0.05, 0.0207118, -0.0207141, -0.0737407, 0.0793457, 1000.52, 829.136, 10, 2e-20, 3e-20, 2e-20, 2e-20, -1
0.709411, 0.260455, 0.742502, 0.05, -0.0449156, 0.028445, -0.0497363, 0.0728027, 1008.48, 13567.6, 10, 2e-20, 3e-20, 2e-20, 2e-20, -1
0.74615, 0.277098, 0.761745, 0.05, 0.00790722, 0.0218417, -0.109272, 0.111714, 1003.15, 5041.32, 10, 2e-20, 3e-20, 2e-20, 2e-20, -1
0.676655, 0.254252, 0.791272, 0.05, -0.058204, 0.0577764, -0.0436551, 0.0929064, 1001.89, 3019.49, 10, 2e-20, 3e-20, 2e-20, 2e-20, -1
0.687841, 0.292387, 0.770325, 0.05, -0.131939, 0.0238325, -0.0826843, 0.15752, 999.666, -534.713, 10, 2e-20, 3e-20, 2e-20, 2e-20, -1
0.651544, 0.299174, 0.817583, 0.05, 0.0457242, 0.00261134, -0.155728, 0.162323, 1003.54, 5660.89, 10, 2e-20, 3e-20, 2e-20, 2e-20, -1
0.641534, 0.286698, 0.870602, 0.05, -0.167555, 0.00596241, -0.147993, 0.223633, 1008.84, 14141.8, 10, 2e-20, 3e-20, 2e-20, 2e-20, -1
0.553301, 0.283267, 0.854253, 0.05, 0.0162313, -0.108651, -0.180019, 0.210892, 1000.73, 1162.83, 10, 2e-20, 3e-20, 2e-20, 2e-20, -1
0.631931, 0.214335, 0.929379, 0.05, -0.0461416, 0.0118832, -0.0566344, 0.0740116, 1003.06, 4903.53, 10, 2e-20, 3e-20, 2e-20, 2e-20, -1
0.524039, 0.318304, 0.93246, 0.05, -0.00683479, 0.00929989, -0.0821032, 0.0829104, 1005.92, 9472.75, 10, 2e-20, 3e-20, 2e-20, 2e-20, -1
0.53331, 0.315049, 0.880769, 0.05, -0.0484944, 0.149229, -0.17635, 0.236051, 1003.34, 5336.61, 10, 2e-20, 3e-20, 2e-20, 2e-20, -1
0.558625, 0.280819, 0.912139, 0.05, -0.00182664, 0.0103599, -0.152379, 0.152742, 1001.86, 2975.16, 10, 2e-20, 3e-20, 2e-20, 2e-20, -1
0.54982, 0.181506, 1.06377, 0.05, -0.143794, -0.0530871, 0.00529466, 0.153372, 1003.87, 6185.56, 10, 2e-20, 3e-20, 2e-20, 2e-20, -1
0.53188, 0.184515, 1.1203, 0.05, -0.157822, 0.105839, -0.033878, 0.193022, 1001.18, 1895.14, 10, 2e-20, 3e-20, 2e-20, 2e-20, -1
0.513483, 0.144483, 1.09345, 0.05, -0.26187, -0.182003, -0.0765281, 0.32796, 999.238, -1218.62, 10, 2e-20, 3e-20, 2e-20, 2e-20, -1
0.472693, 0.177202, 1.13121, 0.05, -0.185577, -0.0864952, -0.0422727, 0.209063, 1001.66, 2662.08, 10, 2e-20, 3e-20, 2e-20, 2e-20, -1
0.449191, 0.16519, 1.15924, 0.05, -0.0108061, -0.128334, -0.0597531, 0.141975, 1005.12, 8186.98, 10, 2e-20, 3e-20, 2e-20, 2e-20, -1
0.423796, 0.145604, 1.20291, 0.05, -0.175335, 0.000332411, 0.11556, 0.209992, 1000.26, 414.262, 10, 2e-20, 3e-20, 2e-20, 2e-20, -1
0.366971, 0.148345, 1.22336, 0.05, -0.103856, -0.00387248, 0.122217, 0.160431, 1003.41, 5452.63, 10, 2e-20, 3e-20, 2e-20, 2e-20, -1
0.322441, 0.141221, 1.27379, 0.05, -0.123421, 0.00255861, 0.126594, 0.17682, 998.53, -2352.27, 10, 2e-20, 3e-20, 2e-20, 2e-20, -1
0.251973, 0.165705, 1.26599, 0.05, -0.133355, -0.0486918, 0.221893, 0.263422, 996.589, -5457.05, 10, 2e-20, 3e-20, 2e-20, 2e-20, -1
0.129186, 0.150655, 1.42417, 0.05, -0.156353, -0.178091, 0.278733, 0.365861, 999.894, -170.322, 10, 2e-20, 3e-20, 2e-20, 2e-20, -1
0.587482, 0.395828, 0.0502548, 0.05, 0.0834844, -0.0395146, 0.0424328, 0.101644, 1010.98, 17567.2, 10, 2e-20, 3e-20, 2e-20, 2e-20, -1
0.616414, 0.444873, 0.124099, 0.05, -0.061426, 0.056159, 0.0557457, 0.100173, 1011.28, 18044, 10, 2e-20, 3e-20, 2e-20, 2e-20, -1
0.597206, 0.394722, 0.105989, 0.05, 0.0575605, 0.0765874, -0.0666581, 0.116714, 1011.26, 18015.3, 10, 2e-20, 3e-20, 2e-20, 2e-20, -1
0.633283, 0.370569, 0.0826201, 0.05, 0.102166, 0.0983475, 0.0370108, 0.14656, 1010.52, 16833, 10, 2e-20, 3e-20, 2e-20, 2e-20, -1
0.659141, 0.356765, 0.116436, 0.05, 0.0818606, -0.0892539, -0.0838218, 0.147287, 1008.83, 14135.7, 10, 2e-20, 3e-20, 2e-20, 2e-20, -1
0.689837, 0.317168, 0.135295, 0.05, 0.0274158, -0.0288067, -0.158233, 0.163154, 1007.74, 12377.3, 10, 2e-20, 3e-20, 2e-20, 2e-20, -1
0.64536, 0.36579, 0.164374, 0.05, -0.00811704, -0.0195992, 0.0271871, 0.0344841, 1009.84, 15742.3, 10, 2e-20, 3e-20, 2e-20, 2e-20, -1
0.651875, 0.315654, 0.166359, 0.05, 0.0313877, 0.0134249, -0.0562488, 0.0657978, 1008.85, 14152.3, 10, 2e-20, 3e-20, 2e-20, 2e-20, -1
0.633123, 0.37219, 0.213762, 0.05, 0.0107517, -0.0435741, -0.107394, 0.116395, 1008.21, 13143.5, 10, 2e-20, 3e-20, 2e-20, 2e-20, -1
0.670623, 0.339724, 0.201386, 0.05, 0.0335234, 0.0317499, 0.0237535, 0.051924, 1006.01, 9623.04, 10, 2e-20, 3e-20, 2e-20, 2e-20, -1
0.654082, 0.407991, 0.261956, 0.05, 0.02505, -0.0245384, -0.0698806, 0.0781853, 1009.53, 15241.6, 10, 2e-20, 3e-20, 2e-20, 2e-20, -1
0.642765, 0.333443, 0.249752, 0.05, 0.0225542, 0.0430826, -0.0880672, 0.100601, 1009.85, 15759.5, 10, 2e-20, 3e-20, 2e-20, 2e-20, -1
0.625327, 0.37411, 0.279254, 0.05, 0.0318924, -0.0103315, 0.0233796, 0.0408714, 1007.88, 12600.3, 10, 2e-20, 3e-20, 2e-20, 2e-20, -1
0.695984, 0.395716, 0.389754, 0.05, 0.00617156, 0.00644446, -0.0277962, 0.0291933, 1007.3, 11681.2, 10, 2e-20, 3e-20, 2e-20, 2e-20, -1
0.60037, 0.410107, 0.412734, 0.05, 0.059665, 0.0671454, -0.0717137, 0.11494, 1004.39, 7017.06, 10, 2e-20, 3e-20, 2e-20, 2e-20, -1
0.619633, 0.42036, 0.483148, 0.05, 0.0485648, 0.141677, -0.161191, 0.220031, 1003.91, 6259.64, 10, 2e-20, 3e-20, 2e-20, 2e-20, -1
0.581432, 0.348865, 0.353117, 0.05, -0.0123975, -0.0643543, -0.076018, 0.100369, 1006.08, 9733.78, 10, 2e-20, 3e-20, 2e-20, 2e-20, -1
0.655596, 0.372687, 0.365832, 0.05, 0.00833254, 0.0446226, 0.0185698, 0.0490454, 1008.13, 13010.2, 10, 2e-20, 3e-20, 2e-20, 2e-20, -1
0.620492, 0.312885, 0.351162, 0.05, -0.0869993, 0.00752504, -0.00400204, 0.0874158, 1007.74, 12387.6, 10, 2e-20, 3e-20, 2e-20, 2e-20, -1
0.658099, 0.356648, 0.413011, 0.05, -0.0597765, 0.047985, -0.0729501, 0.105818, 1004.77, 7639.97, 10, 2e-20, 3e-20, 2e-20, 2e-20, -1
0.600387, 0.348298, 0.438098, 0.05, 0.0983024, -0.106678, -0.112361, 0.18349, 1010.5, 16804.7, 10, 2e-20, 3e-20, 2e-20, 2e-20, -1
0.641036, 0.328564, 0.464077, 0.05, -0.0385576, 0.0267699, -0.0680371, 0.0826582, 1007.34, 11738, 10, 2e-20, 3e-20, 2e-20, 2e-20, -1
0.657239, 0.328825, 0.51814, 0.05, 0.0150499, 0.00483262, -0.0182693, 0.0241583, 1009.98, 15974.6, 10, 2e-20, 3e-20, 2e-20, 2e-20, -1
0.645657, 0.332498, 0.568863, 0.05, -0.0390559, 0.0427869, -0.10846, 0.122962, 1005.36, 8575.59, 10, 2e-20, 3e-20, 2e-20, 2e-20, -1
0.619887, 0.334681, 0.620286, 0.05, 0.000453088, 0.030558, -0.013907, 0.0335767, 1004.85, 7756.99, 10, 2e-20, 3e-20, 2e-20, 2e-20, -1
0.665062, 0.277079, 0.677257, 0.05, -0.093048, -0.0753931, 0.0227116, 0.121893, 1000.03, 55.322, 10, 2e-20, 3e-20, 2e-20, 2e-20, -1
0.620096, 0.312044, 0.666088, 0.05, -0.110827, -0.0510902, 0.037956, 0.127803, 1005.6, 8956.3, 10, 2e-20, 3e-20, 2e-20, 2e-20, -1
0.669685, 0.244646, 0.713401, 0.05, -0.0963175, 0.00313753, -0.0613797, 0.114256, 1002.84, 4542.74, 10, 2e-20, 3e-20, 2e-20, 2e-20, -1
0.631513, 0.357489, 0.742289, 0.05, -0.0652486, -0.00875389, -0.0373166, 0.0756739, 1004.65, 7437.92, 10, 2e-20, 3e-20, 2e-20, 2e-20, -1
0.626826, 0.267368, 0.708228, 0.05, -0.0452635, -0.0431834, 0.00584052, 0.0628307, 1000.59, 942.54, 10, 2e-20, 3e-20, 2e-20, 2e-20, -1
0.713238, 0.317876, 0.735888, 0.05, 0.0428527, -0.0976383, 0.0131489, 0.107436, 1002.74, 4390.54, 10, 2e-20, 3e-20, 2e-20, 2e-20, -1
0.667441, 0.302294, 0.723754, 0.05, -0.0533412, -0.156016, 0.0212207, 0.166242, 1003.38, 5412.29, 10, 2e-20, 3e-20, 2e-20, 2e-20, -1
0.675764, 0.336024, 0.774345, 0.05, -0.0435812, -0.00769456, -0.0350001, 0.0564228, 1006.35, 10152.6, 10, 2e-20, 3e-20, 2e-20, 2e-20, -1
0.60297, 0.304249, 0.804663, 0.05, 0.0116377, -0.0587433, -0.0258004, 0.0652064, 1005.32, 8518.34, 10, 2e-20, 3e-20, 2e-20, 2e-20, -1
0.525134, 0.363976, 0.858862, 0.05, -0.072597, 0.00731039, -0.154294, 0.170676, 1002.32, 3704.83, 10, 2e-20, 3e-20, 2e-20, 2e-20, -1
0.558024, 0.281345, 0.807052, 0.05, -0.0320363, -0.021706, -0.19566, 0.19945, 997.895, -3368.37, 10, 2e-20, 3e-20, 2e-20, 2e-20, -1
0.439289, 0.383539, 0.992907, 0.05, -0.0439293, 0.0834598, 0.00542338, 0.0944708, 1004, 6401.48, 10, 2e-20, 3e-20, 2e-20, 2e-20, -1
0.488087, 0.36748, 0.925274, 0.05, -0.042932, -0.0531841, -0.198526, 0.209963, 999.611, -622.495, 10, 2e-20, 3e-20, 2e-20, 2e-20, -1
0.493617, 0.359498, 1.01146, 0.05, -0.056587, 0.00433806, -0.013206, 0.0582692, 1004.63, 7408.03, 10, 2e-20, 3e-20, 2e-20, 2e-20, -1
0.484833, 0.301518, 1.0297, 0.05, -0.0618368, -0.056658, -0.0365617, 0.0914914, 1003.05, 4877.64, 10, 2e-20, 3e-20, 2e-20, 2e-20, -1
0.527601, 0.232493, 1.00499, 0.05, -0.220784, -0.0148494, -0.0430105, 0.225424, 1005.59, 8940.01, 10, 2e-20, 3e-20, 2e-20, 2e-20, -1
0.530207, 0.230041, 1.05438, 0.05, -0.120122, -0.0424258, 0.000927145, 0.127397, 1001.19, 1907.81, 10, 2e-20, 3e-20, 2e-20, 2e-20, -1
0.501193, 0.267287, 1.09769, 0.05, -0.131214, -0.178828, -0.157387, 0.27197, 1000.74, 1178.05, 10, 2e-20, 3e-20, 2e-20, 2e-20, -1
0.429332, 0.225594, 1.14167, 0.05, -0.126618, 0.0268753, -0.12413, 0.179339, 999.884, -184.902, 10, 2e-20, 3e-20, 2e-20, 2e-20, -1
0.445966, 0.25736, 1.12762, 0.05, -0.190356, 0.0321203, -0.0384775, 0.196845, 1002.73, 4362.41, 10, 2e-20, 3e-20, 2e-20, 2e-20, -1
0.344545, 0.267507, 1.15752, 0.05, -0.162626, -0.00691079, -0.068533, 0.176612, 1004.88, 7809.61, 10, 2e-20, 3e-20, 2e-20, 2e-20, -1
0.402049, 0.258263, 1.13189, 0.05, -0.148072, 0.0525972, -0.0197703, 0.158375, 1004.47, 7150.92, 10, 2e-20, 3e-20, 2e-20, 2e-20, -1
0.335189, 0.225665, 1.19075, 0.05, -0.151424, -0.0343103, -0.0596283, 0.166319, 1002.27, 3634.59, 10, 2e-20, 3e-20, 2e-20, 2e-20, -1
0.218053, 0.175818, 1.31472, 0.05, -0.109447, -0.0478704, 0.106897, 0.160304, 998.732, -2029.52, 10, 2e-20, 3e-20, 2e-20, 2e-20, -1
0.249058, 0.238925, 1.25536, 0.05, -0.25267, -0.00224014, -0.0507606, 0.257728, 999.864, -217.028, 10, 2e-20, 3e-20, 2e-20, 2e-20, -1
0.122738, 0.307015, 1.38681, 0.05, -0.199455, 0.0104387, -0.0432998, 0.204368, 1000.46, 734.817, 10, 2e-20, 3e-20, 2e-20, 2e-20, -1
0.605122, 0.449324, 0.047747, 0.05, 0.0485147, -0.0597509, 0.00955245, 0.0775571, 1008.7, 13923.7, 10, 2e-20, 3e-20, 2e-20, 2e-20, -1
0.648158, 0.501961, 0.193107, 0.05, 0.0187409, -0.00623606, 0.087782, 0.0899766, 1007.35, 11753.2, 10, 2e-20, 3e-20, 2e-20, 2e-20, -1
0.615306, 0.498238, 0.292571, 0.05, 0.0623325, 0.0275063, 0.0238481, 0.0721849, 1016.57, 26505.3, 10, 2e-20, 3e-20, 2e-20, 2e-20, -1
0.657295, 0.497242, 0.38012, 0.05, -0.0315822, 0.0777687, 0.126884, 0.152135, 1013.73, 21971, 10, 2e-20, 3e-20, 2e-20, 2e-20, -1
0.633806, 0.459015, 0.174015, 0.05, 0.0122432, 0.0817173, 0.0339116, 0.0893174, 1003.02, 4828, 10, 2e-20, 3e-20, 2e-20, 2e-20, -1
0.630263, 0.485485, 0.2105, 0.05, 0.133896, 0.0248518, -0.025999, 0.138642, 1000.13, 205.447, 10, 2e-20, 3e-20, 2e-20, 2e-20, -1
0.586482, 0.435631, 0.161206, 0.05, 0.0335457, 0.0392572, -0.060568, 0.0795922, 1008.22, 13156.6, 10, 2e-20, 3e-20, 2e-20, 2e-20, -1
0.644603, 0.418785, 0.21154, 0.05, 0.0358019, 0.0141536, -0.0282904, 0.0477749, 1014.39, 23028.4, 10, 2e-20, 3e-20, 2e-20, 2e-20, -1
0.686027, 0.451366, 0.329218, 0.05, 0.0462759, 0.013601, -0.0165933, 0.0510077, 1004.2, 6713.94, 10, 2e-20, 3e-20, 2e-20, 2e-20, -1
0.687416, 0.44041, 0.422801, 0.05, 0.0339456, 0.0155394, 0.0284769, 0.0469543, 1007.98, 12766.9, 10, 2e-20, 3e-20, 2e-20, 2e-20, -1
0.673426, 0.397028, 0.302071, 0.05, 0.0539869, -0.0100542, 0.0556354, 0.0781727, 1003.98, 6371.08, 10, 2e-20, 3e-20, 2e-20, 2e-20, -1
0.648841, 0.414617, 0.337281, 0.05, 0.0331964, -0.0100848, -0.0810878, 0.0881983, 1003.07, 4911.26, 10, 2e-20, 3e-20, 2e-20, 2e-20, -1
0.649464, 0.411674, 0.404131, 0.05, -0.00207661, -0.00388181, 0.0201232, 0.0205992, 1005.56, 8889.22, 10, 2e-20, 3e-20, 2e-20, 2e-20, -1
0.618686, 0.466885, 0.510772, 0.05, 0.0195566, -0.0354404, -0.0878022, 0.0966836, 1003.34, 5344.19, 10, 2e-20, 3e-20, 2e-20, 2e-20, -1
0.596173, 0.449833, 0.548224, 0.05, 0.081075, 0.0392105, -0.0305684, 0.0951055, 1003.5, 5604.37, 10, 2e-20, 3e-20, 2e-20, 2e-20, -1
0.649714, 0.44478, 0.610059, 0.05, 0.0242313, -0.0251619, -0.0616917, 0.0708953, 1008.82, 14115.3, 10, 2e-20, 3e-20, 2e-20, 2e-20, -1
0.612342, 0.43455, 0.58196, 0.05, -0.00758889, 0.0248715, -0.0242836, 0.0355791, 1004.27, 6834.92, 10, 2e-20, 3e-20, 2e-20, 2e-20, -1
0.578143, 0.446621, 0.622865, 0.05, -0.0598247, -0.0626098, -0.0370687, 0.094197, 1002.49, 3979.14, 10, 2e-20, 3e-20, 2e-20, 2e-20, -1
0.596872, 0.456869, 0.670928, 0.05, -0.069656, 0.0168707, -0.130775, 0.149126, 1005.1, 8156.73, 10, 2e-20, 3e-20, 2e-20, 2e-20, -1
0.611144, 0.380646, 0.591982, 0.05, -0.0887915, -0.0532409, -0.136074, 0.170981, 1002.57, 4112.85, 10, 2e-20, 3e-20, 2e-20, 2e-20, -1
0.60936, 0.416728, 0.630047, 0.05, -0.0496546, -0.0313816, -0.00626379, 0.059073, 1002.57, 4118.37, 10, 2e-20, 3e-20, 2e-20, 2e-20, -1
0.678983, 0.439201, 0.720759, 0.05, -0.0145165, -0.0168818, -0.0217583, 0.0311311, 1003.87, 6184.96, 10, 2e-20, 3e-20, 2e-20, 2e-20, -1
0.616817, 0.358533, 0.540365, 0.05, -0.0898842, -0.0520231, 0.0332276, 0.10904, 1005.86, 9368.71, 10, 2e-20, 3e-20, 2e-20, 2e-20, -1
0.63488, 0.378429, 0.647484, 0.05, 0.032306, -0.039596, 0.023915, 0.056422, 1001.99, 3176.82, 10, 2e-20, 3e-20, 2e-20, 2e-20, -1
0.602003, 0.398829, 0.682966, 0.05, -0.0452152, -0.0579397, 0.00427774, 0.0736187, 1005.62, 8986.61, 10, 2e-20, 3e-20, 2e-20, 2e-20, -1
0.600206, 0.436572, 0.814875, 0.05, -0.106573, -0.0543742, -0.11557, 0.166345, 1005.52, 8835.38, 10, 2e-20, 3e-20, 2e-20, 2e-20, -1
0.613609, 0.416367, 0.763415, 0.05, -0.0753318, -0.0133559, -0.0592267, 0.0967526, 999.871, -206.05, 10, 2e-20, 3e-20, 2e-20, 2e-20, -1
0.636991, 0.407412, 0.805128, 0.05, -0.00596271, -0.100834, -0.0987666, 0.141272, 999.064, -1496.95, 10, 2e-20, 3e-20, 2e-20, 2e-20, -1
0.570433, 0.42981, 0.84318, 0.05, 0.00623234, 0.019872, -0.116685, 0.118529, 1002.9, 4636.12, 10, 2e-20, 3e-20, 2e-20, 2e-20, -1
0.510741, 0.500343, 1.16961, 0.05, -0.0834898, -0.0555885, 0.0940364, 0.13749, 1001.83, 2930.99, 10, 2e-20, 3e-20, 2e-20, 2e-20, -1
0.45843, 0.453542, 1.07383, 0.05, -0.103336, -0.0202678, -0.0365164, 0.111456, 1001.57, 2510.48, 10, 2e-20, 3e-20, 2e-20, 2e-20, -1
0.543728, 0.408025, 0.888287, 0.05, -0.105816, -0.0219365, -0.00607094, 0.108236, 1002.23, 3571.73, 10, 2e-20, 3e-20, 2e-20, 2e-20, -1
0.587233, 0.372622, 0.776845, 0.05, -0.0502669, 0.00672477, -0.142286, 0.151054, 1004.7, 7515.73, 10, 2e-20, 3e-20, 2e-20, 2e-20, -1
0.461476, 0.461775, 1.01542, 0.05, 0.066771, -0.0399709, 0.0475313, 0.0911881, 999.308, -1107.72, 10, 2e-20, 3e-20, 2e-20, 2e-20, -1
0.478874, 0.425141, 1.00985, 0.05, -0.10056, 0.00719672, -0.0977541, 0.140428, 1000.93, 1494.49, 10, 2e-20, 3e-20, 2e-20, 2e-20, -1
0.420726, 0.417744, 1.10054, 0.05, -0.0571227, -0.00281717, 0.010207, 0.0580958, 1000.72, 1148.43, 10, 2e-20, 3e-20, 2e-20, 2e-20, -1
0.438256, 0.396347, 1.04257, 0.05, -0.0675018, -0.0205575, -0.0553532, 0.0896832, 1005.82, 9319.04, 10, 2e-20, 3e-20, 2e-20, 2e-20, -1
0.459944, 0.39873, 1.09909, 0.05, -0.196326, 0.0223791, -0.0516001, 0.204223, 999.781, -350.668, 10, 2e-20, 3e-20, 2e-20, 2e-20, -1
0.510096, 0.388793, 1.07884, 0.05, -0.0330025, -0.0765058, -0.122256, 0.147949, 999.784, -345.056, 10, 2e-20, 3e-20, 2e-20, 2e-20, -1
0.515826, 0.342044, 1.05599, 0.05, -0.0243945, -0.0387563, -0.0750521, 0.0879202, 1006.96, 11133.5, 10, 2e-20, 3e-20, 2e-20, 2e-20, -1
0.528935, 0.313755, 1.01362, 0.05, -0.143845, 0.00631033, -0.0591279, 0.155652, 999.15, -1360.78, 10, 2e-20, 3e-20, 2e-20, 2e-20, -1
0.460091, 0.35719, 1.12639, 0.05, -0.154323, 0.027313, -0.0603196, 0.167928, 1002.17, 3472.89, 10, 2e-20, 3e-20, 2e-20, 2e-20, -1
0.479008, 0.320155, 1.09065, 0.05, -0.0690232, 0.0247793, -0.15548, 0.171907, 1002.89, 4631.8, 10, 2e-20, 3e-20, 2e-20, 2e-20, -1
0.388634, 0.379745, 1.13661, 0.05, -0.142082, -0.0297638, 0.0689482, 0.160708, 1001.38, 2201.83, 10, 2e-20, 3e-20, 2e-20, 2e-20, -1
0.381474, 0.378739, 1.10157, 0.05, -0.0681496, -0.07853, 0.0363885, 0.110161, 1002.85, 4558.31, 10, 2e-20, 3e-20, 2e-20, 2e-20, -1
0.40013, 0.352773, 1.12738, 0.05, -0.215701, 0.0203457, -0.0213077, 0.217703, 1002.11, 3371.88, 10, 2e-20, 3e-20, 2e-20, 2e-20, -1
0.31994, 0.295745, 1.19442, 0.05, -0.206433, -0.0224523, 0.074834, 0.220723, 1001.8, 2878.54, 10, 2e-20, 3e-20, 2e-20, 2e-20, -1
0.378985, 0.376757, 1.16279, 0.05, -0.112272, -0.0136649, -0.112844, 0.159767, 1001.49, 2388.76, 10, 2e-20, 3e-20, 2e-20, 2e-20, -1
0.362603, 0.275802, 1.20359, 0.05, -0.18277, -0.0272883, 0.0582621, 0.193763, 1000.28, 455.223, 10, 2e-20, 3e-20, 2e-20, 2e-20, -1
0.276049, 0.216718, 1.24921, 0.05, -0.157499, 0.0558582, 0.0497743, 0.174366, 999.043, -1530.81, 10, 2e-20, 3e-20, 2e-20, 2e-20, -1
0.21028, 0.24777, 1.4224, 0.05, -0.0583659, -0.124991, 0.00714716, 0.138132, 1000.14, 220.346, 10, 2e-20, 3e-20, 2e-20, 2e-20, -1
0.639534, 0.438952, 0.0814787, 0.05, 0.0785144, -0.05874, -0.0509564, 0.110505, 1007.91, 12649, 10, 2e-20, 3e-20, 2e-20, 2e-20, -1
0.588342, 0.499476, 0.0494895, 0.05, -0.026653, 0.0621832, -0.0140756, 0.0691032, 1010.31, 16500.8, 10, 2e-20, 3e-20, 2e-20, 2e-20, -1
0.662107, 0.49563, 0.129773, 0.05, 0.03148, -0.0617315, 0.0460272, 0.0831882, 1021.96, 35134.5, 10, 2e-20, 3e-20, 2e-20, 2e-20, -1
0.774185, 0.494754, 0.495839, 0.05, -0.0467567, 0.0492689, 0.0218129, 0.0713401, 1012.29, 19657.9, 10, 2e-20, 3e-20, 2e-20, 2e-20, -1
0.726065, 0.490346, 0.459458, 0.05, 0.0183545, -0.0573227, 0.0823884, 0.102032, 1019.66, 31454.3, 10, 2e-20, 3e-20, 2e-20, 2e-20, -1
0.667309, 0.493737, 0.444283, 0.05, -0.0879502, -0.0225641, -0.0256296, 0.0943464, 1014.75, 23603.5, 10, 2e-20, 3e-20, 2e-20, 2e-20, -1
0.581515, 0.467197, 0.269953, 0.05, 0.0128619, 0.0133071, 0.0226412, 0.0292426, 1010.36, 16580.9, 10, 2e-20, 3e-20, 2e-20, 2e-20, -1
0.651399, 0.494815, 0.495129, 0.05, -0.00858865, -0.0449687, 0.00303553, 0.0458821, 1004.45, 7117, 10, 2e-20, 3e-20, 2e-20, 2e-20, -1
0.748246, 0.494563, 0.549699, 0.05, 0.0107133, 0.00603194, -0.00962496, 0.0156141, 1010.89, 17431.3, 10, 2e-20, 3e-20, 2e-20, 2e-20, -1
0.704221, 0.491996, 0.514695, 0.05, 0.0797546, -0.00234227, -0.0154158, 0.0812646, 1011.51, 18414, 10, 2e-20, 3e-20, 2e-20, 2e-20, -1
0.702443, 0.497926, 0.704967, 0.05, -0.000497374, -0.0250511, -0.0400619, 0.0472521, 1004.83, 7728.53, 10, 2e-20, 3e-20, 2e-20, 2e-20, -1
0.624076, 0.451705, 0.377563, 0.05, -0.0897782, 0.100264, 0.0627266, 0.148484, 1011.44, 18305.6, 10, 2e-20, 3e-20, 2e-20, 2e-20, -1
0.748144, 0.493673, 0.754087, 0.05, 0.0368939, 0.0268509, -0.0540215, 0.0707139, 1012.48, 19961.5, 10, 2e-20, 3e-20, 2e-20, 2e-20, -1
0.687094, 0.460341, 0.679457, 0.05, -0.0871355, -0.037042, 0.0127586, 0.0955379, 1005.24, 8376.12, 10, 2e-20, 3e-20, 2e-20, 2e-20, -1
0.626647, 0.496859, 0.88039, 0.05, 0.0148818, -0.0377165, 0.0460661, 0.0613684, 1003.6, 5758.85, 10, 2e-20, 3e-20, 2e-20, 2e-20, -1
0.693433, 0.498646, 0.917658, 0.05, -0.0441162, -0.010095, 0.013081, 0.0471091, 1000.16, 253.605, 10, 2e-20, 3e-20, 2e-20, 2e-20, -1
0.638001, 0.499531, 0.718323, 0.05, 0.0945347, -0.035784, -0.01416, 0.102068, 1008.13, 13003.1, 10, 2e-20, 3e-20, 2e-20, 2e-20, -1
0.679705, 0.501401, 0.853377, 0.05, -0.0401588, 0.0591173, 0.0443367, 0.0841031, 1003.71, 5930.11, 10, 2e-20, 3e-20, 2e-20, 2e-20, -1
0.576011, 0.497346, 0.90415, 0.05, 0.0948725, -0.0020834, 0.0480956, 0.106388, 1009.14, 14626, 10, 2e-20, 3e-20, 2e-20, 2e-20, -1
0.495151, 0.497224, 0.985412, 0.05, 0.0116707, -0.0309816, 0.0513269, 0.0610779, 999.291, -1135, 10, 2e-20, 3e-20, 2e-20, 2e-20, -1
0.829251, -0.512694, 1.48241, 0.05, -0.0258064, -0.103125, -0.486031, 0.497521, 1000.48, 765.468, 10, 2e-20, 3e-20, 2e-20, 2e-20, -1
0.887463, -0.390422, 1.25434, 0.05, -0.193959, 0.03315, -0.136854, 0.239683, 999.679, -514.37, 10, 2e-20, 3e-20, 2e-20, 2e-20, -1
0.655219, 0.445279, 0.783886, 0.05, 0.0675375, -0.000678996, -0.151408, 0.16579, 1001.77, 2830.24, 10, 2e-20, 3e-20, 2e-20, 2e-20, -1
0.538073, 0.490287, 1.29364, 0.05, -0.134592, 0.00654183, 0.112919, 0.175808, 999.508, -787.59, 10, 2e-20, 3e-20, 2e-20, 2e-20, -1
0.565283, 0.495361, 1.08289, 0.05, 0.0408723, 0.0132826, 0.0257996, 0.0501257, 1004.84, 7739.23, 10, 2e-20, 3e-20, 2e-20, 2e-20, -1
0.434321, 0.488478, 1.22788, 0.05, 0.0563281, -0.0574541, 0.125306, 0.148914, 1001.8, 2879.23, 10, 2e-20, 3e-20, 2e-20, 2e-20, -1
0.536564, 0.497107, 1.24371, 0.05, -0.206503, -5.91416e-05, 0.122712, 0.240212, 996.048, -6322.48, 10, 2e-20, 3e-20, 2e-20, 2e-20, -1
0.504633, 0.489306, 1.34004, 0.05, -0.0240341, 0.00908896, 0.0786415, 0.0827329, 999.596, -646.414, 10, 2e-20, 3e-20, 2e-20, 2e-20, -1
0.411614, -0.461949, 1.46314, 0.05, -0.0145177, -0.0338673, -0.268199, 0.270718, 1001.23, 1973.08, 10, 2e-20, 3e-20, 2e-20, 2e-20, -1
0.450507, 0.476806, 1.33231, 0.05, 0.0502323, -0.0787291, 0.0840351, 0.125632, 997.208, -4466.52, 10, 2e-20, 3e-20, 2e-20, 2e-20, -1
0.706858, 0.287492, 1.32454, 0.05, -0.250369, -0.0246543, -0.328911, 0.414096, 1000.59, 937.275, 10, 2e-20, 3e-20, 2e-20, 2e-20, -1
0.493048, 0.440822, 1.30121, 0.05, -0.175764, 0.0615861, -0.102876, 0.212766, 997.645, -3768.58, 10, 2e-20, 3e-20, 2e-20, 2e-20, -1
0.514193, 0.428038, 1.24242, 0.05, -0.241197, -0.0318827, -0.0436127, 0.247173, 996.836, -5061.93, 10, 2e-20, 3e-20, 2e-20, 2e-20, -1
0.207486, -0.289854, 1.46642, 0.05, -0.132124, 0.184769, 0.343613, 0.411905, 1003.19, 5111.28, 10, 2e-20, 3e-20, 2e-20, 2e-20, -1
0.480956, 0.449266, 1.24485, 0.05, -0.16727, -0.00690708, -0.0481914, 0.17421, 1000.99, 1583.93, 10, 2e-20, 3e-20, 2e-20, 2e-20, -1
0.526378, 0.358304, 1.25862, 0.05, -0.411174, 0.129396, -0.0500187, 0.433946, 1001.4, 2235.96, 10, 2e-20, 3e-20, 2e-20, 2e-20, -1
0.43772, 0.393138, 1.15913, 0.05, -0.190506, -0.0977257, -0.0187197, 0.214926, 1001.76, 2811.15, 10, 2e-20, 3e-20, 2e-20, 2e-20, -1
0.514189, 0.395639, 1.27585, 0.05, -0.207091, -0.0846458, -0.124412, 0.255988, 997.961, -3262.39, 10, 2e-20, 3e-20, 2e-20, 2e-20, -1
0.486559, -0.379244, 1.39427, 0.05, -0.231724, -0.00099942, -0.135357, 0.268363, 999.705, -471.731, 10, 2e-20, 3e-20, 2e-20, 2e-20, -1
0.476829, 0.40457, 1.1924, 0.05, -0.0900435, -0.0331306, 0.00963014, 0.0964273, 1004.88, 7802.26, 10, 2e-20, 3e-20, 2e-20, 2e-20, -1
0.490254, 0.319106, 1.28166, 0.05, -0.0699205, 0.0123999, -0.0836103, 0.109696, 996.505, -5592.78, 10, 2e-20, 3e-20, 2e-20, 2e-20, -1
0.748024, 0.45785, 1.26426, 0.05, -0.203755, -0.231805, -0.202441, 0.369096, 1001.91, 3052.68, 10, 2e-20, 3e-20, 2e-20, 2e-20, -1
0.488207, 0.453733, 1.37562, 0.05, -0.171094, -0.0259899, -0.00853912, 0.173267, 998.365, -2616.14, 10, 2e-20, 3e-20, 2e-20, 2e-20, -1
0.778384, 0.287388, 1.15451, 0.05, -0.164867, 0.103166, -0.279355, 0.340387, 1000.04, 57.4053, 10, 2e-20, 3e-20, 2e-20, 2e-20, -1
0.794387, 0.117537, 1.28823, 0.05, -0.234013, -0.062619, -0.219971, 0.327216, 999.275, -1159.37, 10, 2e-20, 3e-20, 2e-20, 2e-20, -1
0.498421, 0.2998, 1.38428, 0.05, -0.111137, -0.0769321, -0.0416456, 0.141437, 1000.76, 1217.59, 10, 2e-20, 3e-20, 2e-20, 2e-20, -1
0.807501, 0.307052, 1.15012, 0.05, 0.0211466, 0.0257841, -0.159323, 0.162775, 1000.43, 691.442, 10, 2e-20, 3e-20, 2e-20, 2e-20, -1
0.680493, 0.224068, 1.29059, 0.05, -0.19893, 0.0109158, -0.286714, 0.349138, 1000.26, 411.548, 10, 2e-20, 3e-20, 2e-20, 2e-20, -1
0.272027, 0.22932, 1.36705, 0.05, -0.193794, -0.100647, 0.0731958, 0.230312, 998.562, -2300.13, 10, 2e-20, 3e-20, 2e-20, 2e-20, -1
0.352601, 0.331188, 1.176, 0.05, -0.21234, -9.52284e-05, -0.0974435, 0.233631, 1000.27, 428.182, 10, 2e-20, 3e-20, 2e-20, 2e-20, -1
0.289961, 0.260386, 1.33433, 0.05, -0.145685, -0.100298, 0.0560199, 0.185531, 1001.24, 1982.89, 10, 2e-20, 3e-20, 2e-20, 2e-20, -1
0.707432, -0.497835, 0.0504354, 0.05, 0.270077, 0.0643514, -0.0113532, 0.27787, 1009.75, 15592.7, 10, 2e-20, 3e-20, 2e-20, 2e-20, -1
0.664549, -0.497081, 0.156094, 0.05, -0.0480647, 0.0790522, -0.062308, 0.111543, 1016.38, 26210.5, 10, 2e-20, 3e-20, 2e-20, 2e-20, -1
0.701572, -0.492728, 0.198955, 0.05, 0.0916002, -0.12396, 0.0797974, 0.173564, 1016.28, 26045.5, 10, 2e-20, 3e-20, 2e-20, 2e-20, -1
0.768531, -0.494656, 0.310519, 0.05, 0.00123769, 0.131409, 0.192929, 0.233434, 1021.08, 33726.7, 10, 2e-20, 3e-20, 2e-20, 2e-20, -1
0.694985, -0.49927, 0.347605, 0.05, -0.122119, -0.0376233, 0.118478, 0.174257, 1011.48, 18370, 10, 2e-20, 3e-20, 2e-20, 2e-20, -1
0.748454, -0.497008, 0.37464, 0.05, -0.0876259, -0.0493737, 0.0770156, 0.126679, 1012.77, 20427.1, 10, 2e-20, 3e-20, 2e-20, 2e-20, -1
0.640275, -0.458601, 0.273569, 0.05, 0.0766554, -0.156007, 0.00939768, 0.174076, 1007, 11199.4, 10, 2e-20, 3e-20, 2e-20, 2e-20, -1
0.65253, -0.497195, 0.306797, 0.05, 0.0443682, 0.0233473, -0.104917, 0.116281, 1008.25, 13204.7, 10, 2e-20, 3e-20, 2e-20, 2e-20, -1
0.695566, -0.500412, 0.412022, 0.05, 0.00467556, -0.0651846, 0.0345518, 0.0739237, 1008.8, 14080.5, 10, 2e-20, 3e-20, 2e-20, 2e-20, -1
0.651529, -0.49262, 0.519285, 0.05, -0.0684854, -0.0107802, 0.205689, 0.217059, 1015.31, 24493.7, 10, 2e-20, 3e-20, 2e-20, 2e-20, -1
0.658774, -0.49491, 0.5796, 0.05, 0.0355209, -0.0334995, 0.0741463, 0.0887785, 1010.13, 16215.1, 10, 2e-20, 3e-20, 2e-20, 2e-20, -1
0.598164, -0.494908, 0.607485, 0.05, 0.0198521, 0.0857373, 0.1553, 0.178502, 1002.12, 3387.37, 10, 2e-20, 3e-20, 2e-20, 2e-20, -1
0.698176, -0.498284, 0.633288, 0.05, 0.0480625, -0.0623545, 0.00404355, 0.0788317, 1006.47, 10355.7, 10, 2e-20, 3e-20, 2e-20, 2e-20, -1
0.640161, -0.498092, 0.637139, 0.05, -0.0748679, -0.0261882, 0.0341705, 0.0863635, 1007.74, 12390.6, 10, 2e-20, 3e-20, 2e-20, 2e-20, -1
0.605841, -0.489058, 0.716171, 0.05, -0.0408919, -0.0438153, 0.118231, 0.132554, 1001.79, 2856.33, 10, 2e-20, 3e-20, 2e-20, 2e-20, -1
0.765304, -0.49585, 0.659415, 0.05, 0.0781411, -0.0569121, 0.0416192, 0.105248, 1009.64, 15418.6, 10, 2e-20, 3e-20, 2e-20, 2e-20, -1
0.707517, -0.4819, 0.672476, 0.05, 0.0301738, -0.100173, 0.179833, 0.20805, 1003.16, 5057.79, 10, 2e-20, 3e-20, 2e-20, 2e-20, -1
0.692524, -0.494436, 0.753716, 0.05, 0.025016, -0.0799614, 0.192886, 0.210297, 1008.83, 14133.2, 10, 2e-20, 3e-20, 2e-20, 2e-20, -1
0.70324, -0.496318, 0.838668, 0.05, -0.0222164, 0.00047911, 0.0880055, 0.0907677, 1001.68, 2682.22, 10, 2e-20, 3e-20, 2e-20, 2e-20, -1
0.662776, -0.494974, 0.954309, 0.05, 0.101487, -0.053126, 0.185008, 0.217601, 1004.4, 7035, 10, 2e-20, 3e-20, 2e-20, 2e-20, -1
0.723778, -0.498155, 1.20503, 0.05, 0.0413207, -0.00964401, 0.149531, 0.155435, 1003.71, 5940.92, 10, 2e-20, 3e-20, 2e-20, 2e-20, -1
0.624614, -0.465405, 0.917671, 0.05, -0.0313, -0.0615496, 0.144441, 0.160098, 1001.06, 1697.21, 10, 2e-20, 3e-20, 2e-20, 2e-20, -1
0.623978, -0.497232, 1.01262, 0.05, 0.0960516, 0.00747801, 0.144983, 0.174074, 1004.83, 7733.49, 10, 2e-20, 3e-20, 2e-20, 2e-20, -1
0.654451, -0.406674, 0.946878, 0.05, -0.0441274, 0.0546589, 0.125576, 0.143889, 1004.54, 7262.4, 10, 2e-20, 3e-20, 2e-20, 2e-20, -1
0.638674, -0.458062, 0.978658, 0.05, 0.00334341, -0.0853806, 0.132985, 0.15807, 1009.64, 15427.6, 10, 2e-20, 3e-20, 2e-20, 2e-20, -1
0.533569, -0.483831, 1.28629, 0.05, -0.200559, -0.00892613, 0.379247, 0.429106, 1003.56, 5701.93, 10, 2e-20, 3e-20, 2e-20, 2e-20, -1
0.60031, -0.422998, 0.964286, 0.05, -0.174094, 0.00309854, 0.118643, 0.2107, 1001.8, 2886.45, 10, 2e-20, 3e-20, 2e-20, 2e-20, -1
0.616994, -0.502982, 1.18137, 0.05, 0.0128282, 0.102171, 0.128302, 0.164514, 999.717, -452.332, 10, 2e-20, 3e-20, 2e-20, 2e-20, -1
0.472977, -0.233802, 1.33041, 0.05, -0.0892616, 0.0897858, -0.0204329, 0.128244, 1000.78, 1242.48, 10, 2e-20, 3e-20, 2e-20, 2e-20, -1
0.521552, -0.458789, 1.20832, 0.05, -0.0323056, 0.0382381, 0.133943, 0.142992, 1008.03, 12851.8, 10, 2e-20, 3e-20, 2e-20, 2e-20, -1
0.557974, -0.487388, 1.41127, 0.05, -0.0353846, -0.0690868, -0.328016, 0.337075, 992.162, -12540.9, 10, 2e-20, 3e-20, 2e-20, 2e-20, -1
0.428093, -0.363017, 1.46908, 0.05, -0.34692, 0.200304, -0.17771, 0.438242, 995.786, -6742.49, 10, 2e-20, 3e-20, 2e-20, 2e-20, -1
0.557731, -0.434893, 1.07959, 0.05, -0.157124, -0.0879578, 0.0712123, 0.193638, 1001.78, 2845.47, 10, 2e-20, 3e-20, 2e-20, 2e-20, -1
0.545659, -0.216226, 1.38557, 0.05, 0.080058, 0.00807619, 0.245434, 0.258287, 1002.85, 4565.09, 10, 2e-20, 3e-20, 2e-20, 2e-20, -1
0.611567, -0.498309, 1.35895, 0.05, -0.0893392, 0.0337371, 0.132106, 0.163009, 997.186, -4502.56, 10, 2e-20, 3e-20, 2e-20, 2e-20, -1
0.539243, -0.498194, 1.38875, 0.05, -0.0288366, -0.0572101, -0.00995794, 0.064836, 994.584, -8666.08, 10, 2e-20, 3e-20, 2e-20, 2e-20, -1
0.628165, -0.353055, 1.31693, 0.05, -0.164743, -0.0668232, -0.216351, 0.280024, 1000.03, 42.3233, 10, 2e-20, 3e-20, 2e-20, 2e-20, -1
0.411044, -0.360846, 1.40129, 0.05, -0.225069, 0.048952, -0.262575, 0.349282, 1000.76, 1215.69, 10, 2e-20, 3e-20, 2e-20, 2e-20, -1
0.562649, -0.436565, 1.34953, 0.05, -0.0732944, 0.0199188, -0.0394043, 0.0855659, 998.827, -1877.34, 10, 2e-20, 3e-20, 2e-20, 2e-20, -1
0.467714, -0.337699, 1.17788, 0.05, -0.209845, 0.0169007, 0.10021, 0.233158, 1000.31, 493.588, 10, 2e-20, 3e-20, 2e-20, 2e-20, -1
0.508946, -0.439741, 1.31019, 0.05, -0.114208, 0.0350094, 0.0159058, 0.120508, 1000.96, 1539.84, 10, 2e-20, 3e-20, 2e-20, 2e-20, -1
0.651978, -0.276945, 1.2141, 0.05, -0.103533, 0.120551, 0.00598187, 0.15902, 1001.07, 1709.01, 10, 2e-20, 3e-20, 2e-20, 2e-20, -1
0.417308, -0.334167, 1.21077, 0.05, -0.117615, -0.0158034, 0.080857, 0.1436, 995.513, -7178.74, 10, 2e-20, 3e-20, 2e-20, 2e-20, -1
0.465786, -0.238814, 1.38391, 0.05, -0.0693829, 0.056988, -0.0108225, 0.0904364, 994.992, -8013.13, 10, 2e-20, 3e-20, 2e-20, 2e-20, -1
0.551866, -0.122569, 1.36017, 0.05, -0.121966, 0.0357857, 0.0952776, 0.158852, 1000.85, 1361.02, 10, 2e-20, 3e-20, 2e-20, 2e-20, -1
0.433597, -0.218486, 1.39174, 0.05, -0.112187, 0.135913, 0.161015, 0.238713, 994.236, -9222.42, 10, 2e-20, 3e-20, 2e-20, 2e-20, -1
0.436608, -0.265209, 1.26484, 0.05, -0.3593, -0.110253, 0.00429416, 0.37586, 1000.09, 140.384, 10, 2e-20, 3e-20, 2e-20, 2e-20, -1
0.39815, -0.250552, 1.29346, 0.05, -0.164802, -0.10707, -0.0328157, 0.19925, 998.807, -1908.62, 10, 2e-20, 3e-20, 2e-20, 2e-20, -1
0.514642, -0.109411, 1.3322, 0.05, -0.0600657, 0.078892, 0.069594, 0.121141, 995.157, -7748.1, 10, 2e-20, 3e-20, 2e-20, 2e-20, -1
0.304764, -0.149896, 1.37475, 0.05, -0.220529, 0.0722144, 0.347627, 0.417963, 1000.36, 569.222, 10, 2e-20, 3e-20, 2e-20, 2e-20, -1
0.25718, -0.16946, 1.42711, 0.05, -0.285147, 0.25221, 0.258547, 0.46018, 1004.26, 6818.64, 10, 2e-20, 3e-20, 2e-20, 2e-20, -1
0.744182, -0.48606, 0.0849974, 0.05, -0.0555173, 0.0469858, 0.0385259, 0.0823048, 1000.22, 352.04, 10, 2e-20, 3e-20, 2e-20, 2e-20, -1
0.66953, -0.458019, 0.11334, 0.05, 0.149401, 0.000636165, -0.117592, 0.190129, 1014.54, 23267.6, 10, 2e-20, 3e-20, 2e-20, 2e-20, -1
0.6654, -0.450073, 0.077355, 0.05, 0.100035, 0.0646286, -0.254758, 0.281222, 1006.56, 10494.9, 10, 2e-20, 3e-20, 2e-20, 2e-20, -1
0.767507, -0.449209, 0.194282, 0.05, 0.122872, 0.301918, 0.11596, 0.345975, 1012.36, 19778.5, 10, 2e-20, 3e-20, 2e-20, 2e-20, -1
0.77971, -0.500714, 0.242092, 0.05, -0.0606565, 0.0446995, 0.114975, 0.137465, 1005.51, 8813.92, 10, 2e-20, 3e-20, 2e-20, 2e-20, -1
0.75489, -0.449269, 0.223574, 0.05, 0.119858, 0.00527878, 0.236801, 0.265459, 1006.42, 10266.2, 10, 2e-20, 3e-20, 2e-20, 2e-20, -1
0.735308, -0.419086, 0.248813, 0.05, -0.182717, -0.0614369, 0.0382454, 0.196526, 1005.65, 9036.16, 10, 2e-20, 3e-20, 2e-20, 2e-20, -1
0.726958, -0.44834, 0.286483, 0.05, -0.239298, -0.0127758, 0.0713286, 0.250029, 1005.39, 8617.17, 10, 2e-20, 3e-20, 2e-20, 2e-20, -1
0.662863, -0.476147, 0.369207, 0.05, 0.0449775, 0.0141597, 0.0272167, 0.0544447, 1002.53, 4040.07, 10, 2e-20, 3e-20, 2e-20, 2e-20, -1
0.587713, -0.46278, 0.398399, 0.05, 0.0182102, -0.0152586, 0.00206621, 0.0238476, 1007.77, 12424.1, 10, 2e-20, 3e-20, 2e-20, 2e-20, -1
0.575221, -0.447483, 0.443111, 0.05, 0.0691963, 0.0385679, 0.040656, 0.0890422, 1003.9, 6239.82, 10, 2e-20, 3e-20, 2e-20, 2e-20, -1
0.609469, -0.433537, 0.476295, 0.05, -0.00247192, 0.0364975, -0.0150598, 0.0395598, 1002.92, 4671.53, 10, 2e-20, 3e-20, 2e-20, 2e-20, -1
0.64282, -0.43101, 0.414119, 0.05, -0.123168, -0.0518516, -0.0321365, 0.137447, 1005.94, 9500.8, 10, 2e-20, 3e-20, 2e-20, 2e-20, -1
0.603643, -0.441257, 0.528355, 0.05, -0.0354265, -0.0595481, 0.0493999, 0.0850962, 1004.3, 6879.47, 10, 2e-20, 3e-20, 2e-20, 2e-20, -1
0.633025, -0.448704, 0.606069, 0.05, -0.0441353, -0.0390371, 0.00152878, 0.0589419, 1003.5, 5606.06, 10, 2e-20, 3e-20, 2e-20, 2e-20, -1
0.647204, -0.393982, 0.452115, 0.05, -0.0587418, -0.0363791, 0.0187106, 0.071583, 1003.37, 5395.92, 10, 2e-20, 3e-20, 2e-20, 2e-20, -1
0.676796, -0.398855, 0.496134, 0.05, -0.0381676, -0.0684226, 0.00856461, 0.0788148, 1003.73, 5966.33, 10, 2e-20, 3e-20, 2e-20, 2e-20, -1
0.563967, -0.455591, 0.624621, 0.05, 0.0220848, -0.0129994, 0.0464981, 0.0530923, 999.481, -830.612, 10, 2e-20, 3e-20, 2e-20, 2e-20, -1
0.627115, -0.413998, 0.55907, 0.05, 0.0158076, 0.0105445, -0.0231193, 0.0299261, 1000.06, 102.131, 10, 2e-20, 3e-20, 2e-20, 2e-20, -1
0.616264, -0.443398, 0.707442, 0.05, -0.0484703, 0.0145266, 0.0858465, 0.0996495, 1004.73, 7570.42, 10, 2e-20, 3e-20, 2e-20, 2e-20, -1
0.662996, -0.429313, 0.686387, 0.05, -0.0139823, 0.0466915, 0.119394, 0.12896, 1002.66, 4261.16, 10, 2e-20, 3e-20, 2e-20, 2e-20, -1
0.630146, -0.452017, 0.800953, 0.05, -0.142097, -0.152772, 0.0841504, 0.224972, 1003.95, 6316.32, 10, 2e-20, 3e-20, 2e-20, 2e-20, -1
0.617445, -0.419954, 0.867596, 0.05, -0.0422286, -0.0399462, 0.0866404, 0.104334, 1007.85, 12557.1, 10, 2e-20, 3e-20, 2e-20, 2e-20, -1
0.621169, -0.439481, 0.743014, 0.05, 0.00729312, -0.0183281, 0.0421764, 0.0465614, 1005.78, 9251.59, 10, 2e-20, 3e-20, 2e-20, 2e-20, -1
0.649241, -0.373056, 0.679874, 0.05, -0.0666081, -0.060518, -0.0480837, 0.102035, 1003.38, 5407.9, 10, 2e-20, 3e-20, 2e-20, 2e-20, -1
0.645947, -0.434924, 0.905699, 0.05, 0.0220939, 0.00213365, -0.0084117, 0.0237371, 1000.19, 309.603, 10, 2e-20, 3e-20, 2e-20, 2e-20, -1
0.648019, -0.387675, 0.728176, 0.05, -0.0914454, -0.0769309, 0.140882, 0.184739, 1005.04, 8069.7, 10, 2e-20, 3e-20, 2e-20, 2e-20, -1
0.62451, -0.367645, 0.866046, 0.05, -0.0118445, -0.0603086, 0.0500354, 0.0792525, 1000.14, 224.65, 10, 2e-20, 3e-20, 2e-20, 2e-20, -1
0.672449, -0.386536, 0.798579, 0.05, -0.0121649, 0.0132372, 0.0287793, 0.0339331, 1001.4, 2238.95, 10, 2e-20, 3e-20, 2e-20, 2e-20, -1
0.623107, -0.36553, 0.794191, 0.05, -0.00393998, -0.0612018, 0.0486101, 0.0782568, 1001.8, 2883.02, 10, 2e-20, 3e-20, 2e-20, 2e-20, -1
0.582347, -0.45828, 1.04836, 0.05, 0.0304321, 0.0301485, 0.207039, 0.211424, 1000.53, 842.55, 10, 2e-20, 3e-20, 2e-20, 2e-20, -1
0.726965, -0.43609, 1.01676, 0.05, -0.0117467, -0.0395829, 0.142123, 0.147999, 1001.91, 3053.09, 10, 2e-20, 3e-20, 2e-20, 2e-20, -1
0.623502, -0.319088, 0.824521, 0.05, -0.13449, 0.0388879, 0.00767349, 0.14021, 1006.21, 9942.94, 10, 2e-20, 3e-20, 2e-20, 2e-20, -1
0.638816, -0.365886, 0.914773, 0.05, 0.0102008, 0.00116629, 0.10624, 0.106735, 1004.73, 7572.46, 10, 2e-20, 3e-20, 2e-20, 2e-20, -1
0.655556, -0.353702, 0.968279, 0.05, -0.054968, -0.0410681, -0.0213374, 0.0718564, 1001.95, 3121.39, 10, 2e-20, 3e-20, 2e-20, 2e-20, -1
0.484326, -0.441055, 1.2172, 0.05, -0.148905, 0.0835051, 0.106446, 0.201188, 999.648, -562.906, 10, 2e-20, 3e-20, 2e-20, 2e-20, -1
0.566242, -0.326199, 1.00713, 0.05, -0.220034, -0.0361953, 0.0111595, 0.22327, 1000.56, 901.768, 10, 2e-20, 3e-20, 2e-20, 2e-20, -1
0.560915, -0.365381, 1.03642, 0.05, -0.0626174, 0.0180325, 0.0703358, 0.0958813, 1000.75, 1198.89, 10, 2e-20, 3e-20, 2e-20, 2e-20, -1
0.503961, -0.435996, 1.24461, 0.05, -0.288189, 0.0717693, 0.0373064, 0.299325, 1000.51, 820.179, 10, 2e-20, 3e-20, 2e-20, 2e-20, -1
0.524906, -0.352971, 1.06618, 0.05, -0.0689356, 0.0660534, 0.0452296, 0.105645, 1000.69, 1111.09, 10, 2e-20, 3e-20, 2e-20, 2e-20, -1
0.540775, -0.386663, 1.09824, 0.05, -0.100569, -0.0418145, 0.149831, 0.185235, 1002.73, 4366.24, 10, 2e-20, 3e-20, 2e-20, 2e-20, -1
0.51414, -0.296863, 1.07894, 0.05, -0.0859573, -0.0447978, -0.117462, 0.152292, 998.812, -1900.44, 10, 2e-20, 3e-20, 2e-20, 2e-20, -1
0.457322, -0.360177, 1.13185, 0.05, -0.110488, 0.0589858, 0.108554, 0.165744, 997.497, -4004.1, 10, 2e-20, 3e-20, 2e-20, 2e-20, -1
0.446393, -0.285617, 1.07303, 0.05, -0.0793522, -0.101255, -0.0825686, 0.152862, 1001.67, 2669.11, 10, 2e-20, 3e-20, 2e-20, 2e-20, -1
0.465389, -0.506115, 1.40891, 0.05, 0.0403206, -0.0784258, -0.0896675, 0.125764, 1001.77, 2835.69, 10, 2e-20, 3e-20, 2e-20, 2e-20, -1
0.440471, -0.376998, 1.24253, 0.05, -0.290339, 0.0131464, 0.148977, 0.326594, 1001.1, 1761.01, 10, 2e-20, 3e-20, 2e-20, 2e-20, -1
0.468854, -0.267967, 1.3032, 0.05, -0.336229, -0.096318, 0.114458, 0.368005, 1006.9, 11047.7, 10, 2e-20, 3e-20, 2e-20, 2e-20, -1
0.633218, -0.45936, 1.30686, 0.05, 0.0185793, -0.0171838, -0.0455787, 0.0521334, 1000.57, 906.667, 10, 2e-20, 3e-20, 2e-20, 2e-20, -1
0.501917, -0.215361, 1.36839, 0.05, -0.111302, 0.152239, -0.14504, 0.23791, 999.554, -714.185, 10, 2e-20, 3e-20, 2e-20, 2e-20, -1
0.327245, -0.179913, 1.32913, 0.05, -0.285554, 0.0418179, 0.159068, 0.329534, 1001.79, 2864.26, 10, 2e-20, 3e-20, 2e-20, 2e-20, -1
0.336084, -0.183904, 1.3994, 0.05, -0.410398, 0.115412, 0.15358, 0.453137, 1001.97, 3154.87, 10, 2e-20, 3e-20, 2e-20, 2e-20, -1
0.660586, -0.363677, 0.0548198, 0.05, -0.0609689, 0.0117065, 0.0906676, 0.109886, 1019, 30397.9, 10, 2e-20, 3e-20, 2e-20, 2e-20, -1
0.703103, -0.498169, 0.109915, 0.05, 0.0980049, 0.0137915, 0.0162484, 0.100295, 1016.43, 26295.9, 10, 2e-20, 3e-20, 2e-20, 2e-20, -1
0.757807, -0.418966, 0.130705, 0.05, 0.16446, -0.035441, 0.125848, 0.210097, 1003.84, 6138.93, 10, 2e-20, 3e-20, 2e-20, 2e-20, -1
0.704602, -0.441556, 0.123158, 0.05, 0.0255803, -0.048516, 0.0134919, 0.0564817, 1010.17, 16276.1, 10, 2e-20, 3e-20, 2e-20, 2e-20, -1
0.689142, -0.423159, 0.179033, 0.05, 0.129241, 0.156914, -0.0317972, 0.205757, 1008.01, 12822.8, 10, 2e-20, 3e-20, 2e-20, 2e-20, -1
0.669784, -0.382409, 0.151417, 0.05, -0.0963618, 0.0354703, 0.0594366, 0.118644, 1009.84, 15745.7, 10, 2e-20, 3e-20, 2e-20, 2e-20, -1
0.700724, -0.359535, 0.184423, 0.05, 0.0654256, -0.0134774, -0.150118, 0.16431, 1010.09, 16141.3, 10, 2e-20, 3e-20, 2e-20, 2e-20, -1
0.689973, -0.398301, 0.223531, 0.05, 0.0503386, -0.00340154, 0.0626311, 0.0804252, 1008.17, 13078.1, 10, 2e-20, 3e-20, 2e-20, 2e-20, -1
0.680959, -0.427732, 0.269759, 0.05, -0.0736296, -0.0259252, 0.083608, 0.114384, 1009.51, 15211.2, 10, 2e-20, 3e-20, 2e-20, 2e-20, -1
0.697272, -0.412729, 0.314812, 0.05, -0.119939, 0.0451536, -0.0426054, 0.135053, 1008.71, 13943.1, 10, 2e-20, 3e-20, 2e-20, 2e-20, -1
0.618986, -0.453055, 0.34964, 0.05, -0.0111041, -0.00893261, -0.015083, 0.0207506, 1005.57, 8915.06, 10, 2e-20, 3e-20, 2e-20, 2e-20, -1
0.651366, -0.422574, 0.350164, 0.05, -0.0225292, -0.143013, 0.0206285, 0.146239, 1006.81, 10888.3, 10, 2e-20, 3e-20, 2e-20, 2e-20, -1
0.676032, -0.391918, 0.390633, 0.05, 0.0425407, 0.0569443, 0.0826672, 0.109024, 1006.79, 10868.3, 10, 2e-20, 3e-20, 2e-20, 2e-20, -1
0.71013, -0.329637, 0.306594, 0.05, 0.0735453, -0.0303532, 0.165861, 0.183957, 1006.11, 9777.87, 10, 2e-20, 3e-20, 2e-20, 2e-20, -1
0.664134, -0.432588, 0.455624, 0.05, -0.00295422, -0.115242, 0.0619003, 0.130848, 1004.53, 7254.2, 10, 2e-20, 3e-20, 2e-20, 2e-20, -1
0.663555, -0.335112, 0.32405, 0.05, -0.0594019, -0.0109708, 0.0946261, 0.112263, 1000.18, 283.653, 10, 2e-20, 3e-20, 2e-20, 2e-20, -1
0.647894, -0.349318, 0.377276, 0.05, 0.0783981, -0.00839766, 0.00714373, 0.0791696, 1009.33, 14930.7, 10, 2e-20, 3e-20, 2e-20, 2e-20, -1
0.629554, -0.3484, 0.444004, 0.05, 0.0118609, -0.0606748, 0.0163307, 0.0639437, 1006.77, 10836.7, 10, 2e-20, 3e-20, 2e-20, 2e-20, -1
0.687285, -0.312878, 0.456524, 0.05, -0.0377362, -0.101224, -0.0335367, 0.113115, 1008.25, 13202.7, 10, 2e-20, 3e-20, 2e-20, 2e-20, -1
0.665288, -0.354469, 0.489511, 0.05, -0.104606, -0.0127527, 0.0207195, 0.107398, 1005.7, 9113.76, 10, 2e-20, 3e-20, 2e-20, 2e-20, -1
0.629543, -0.470866, 0.664673, 0.05, -0.166216, -0.0433527, 0.121269, 0.21027, 1003.74, 5990.86, 10, 2e-20, 3e-20, 2e-20, 2e-20, -1
0.622226, -0.398671, 0.606494, 0.05, 0.0373017, 0.0871777, 0.026176, 0.0983695, 1005.02, 8026.15, 10, 2e-20, 3e-20, 2e-20, 2e-20, -1
0.66645, -0.395734, 0.635469, 0.05, -0.0248491, 0.0024144, -0.00653559, 0.0258074, 1009.41, 15056.3, 10, 2e-20, 3e-20, 2e-20, 2e-20, -1
0.692277, -0.35238, 0.642027, 0.05, -0.10558, 0.0282172, 0.0237152, 0.111829, 1005.7, 9127.66, 10, 2e-20, 3e-20, 2e-20, 2e-20, -1
0.726313, -0.303765, 0.626349, 0.05, 0.0286809, 0.07832, 0.109575, 0.137707, 1007.28, 11648.8, 10, 2e-20, 3e-20, 2e-20, 2e-20, -1
0.649793, -0.320641, 0.643045, 0.05, -0.0734481, 0.0628724, 0.135981, 0.166848, 1006.13, 9809.6, 10, 2e-20, 3e-20, 2e-20, 2e-20, -1
0.659817, -0.393584, 0.845178, 0.05, -0.0490604, -0.0225102, 0.0157444, 0.0562274, 1000.96, 1528.5, 10, 2e-20, 3e-20, 2e-20, 2e-20, -1
0.658138, -0.351444, 0.760703, 0.05, -0.0951313, -0.000476, 0.0972024, 0.136009, 1005.4, 8634.52, 10, 2e-20, 3e-20, 2e-20, 2e-20, -1
0.674256, -0.274835, 0.713063, 0.05, -0.0593745, -0.0523561, -0.0106921, 0.07988, 1001.71, 2729.26, 10, 2e-20, 3e-20, 2e-20, 2e-20, -1
0.693446, -0.309381, 0.746303, 0.05, -0.0481655, -0.0140493, 0.082876, 0.09688, 1005.65, 9033.81, 10, 2e-20, 3e-20, 2e-20, 2e-20, -1
0.594147, -0.313543, 0.778065, 0.05, -0.00997343, -0.00626098, 0.0973971, 0.0981064, 1005.86, 9381.64, 10, 2e-20, 3e-20, 2e-20, 2e-20, -1
0.705014, -0.34459, 0.779211, 0.05, -0.0645929, -0.0442742, 0.051495, 0.093724, 1003.38, 5401.89, 10, 2e-20, 3e-20, 2e-20, 2e-20, -1
0.640959, -0.273965, 0.796696, 0.05, -0.0597026, -0.0389951, 0.0175345, 0.0734335, 1003.26, 5213.86, 10, 2e-20, 3e-20, 2e-20, 2e-20, -1
0.624425, -0.319442, 0.878276, 0.05, -0.0647116, 0.0284065, 0.0487151, 0.0858352, 1007.85, 12564.8, 10, 2e-20, 3e-20, 2e-20, 2e-20, -1
0.630545, -0.26642, 0.853729, 0.05, -0.100358, 0.0429733, 0.0107501, 0.1097, 1004.94, 7902.57, 10, 2e-20, 3e-20, 2e-20, 2e-20, -1
0.632312, -0.279579, 0.9243, 0.05, -0.167498, 0.00923189, 0.0107207, 0.168095, 1006.1, 9756.81, 10, 2e-20, 3e-20, 2e-20, 2e-20, -1
0.657692, -0.26596, 0.965464, 0.05, -0.0508663, 0.0884687, 0.110862, 0.15068, 1003.55, 5685.87, 10, 2e-20, 3e-20, 2e-20, 2e-20, -1
0.652233, -0.222084, 0.95189, 0.05, -0.0717816, 0.0849864, -0.0183615, 0.112749, 1007.55, 12084.1, 10, 2e-20, 3e-20, 2e-20, 2e-20, -1
0.631085, -0.302773, 0.997418, 0.05, -0.0384436, 0.000293064, 0.00722511, 0.0391178, 1002.28, 3650.74, 10, 2e-20, 3e-20, 2e-20, 2e-20, -1
0.59756, -0.265177, 1.00029, 0.05, -0.0496965, 0.0676391, -0.0215107, 0.0866458, 999.449, -880.878, 10, 2e-20, 3e-20, 2e-20, 2e-20, -1
0.592668, -0.204856, 1.01135, 0.05, -0.111822, -0.0688227, -0.0127281, 0.131919, 1001.21, 1935.49, 10, 2e-20, 3e-20, 2e-20, 2e-20, -1
0.590206, -0.381709, 1.06858, 0.05, -0.194738, 0.0530207, 0.0661013, 0.212376, 999.604, -634.08, 10, 2e-20, 3e-20, 2e-20, 2e-20, -1
0.56202, -0.246742, 1.0294, 0.05, -0.0538897, 0.0122512, 0.0126591, 0.0566961, 1002.33, 3725.71, 10, 2e-20, 3e-20, 2e-20, 2e-20, -1
0.558932, -0.297502, 1.04034, 0.05, -0.140244, 0.00140058, -0.00537188, 0.140353, 1001.71, 2728.04, 10, 2e-20, 3e-20, 2e-20, 2e-20, -1
0.502355, -0.212081, 1.14103, 0.05, -0.118099, 0.0408585, 0.0476759, 0.133753, 1000.9, 1437.5, 10, 2e-20, 3e-20, 2e-20, 2e-20, -1
0.450528, -0.214405, 1.17715, 0.05, -0.150826, -0.120969, 0.0769519, 0.208095, 1000.25, 404.527, 10, 2e-20, 3e-20, 2e-20, 2e-20, -1
0.394933, -0.225498, 1.23835, 0.05, -0.183938, 0.023527, 0.0865724, 0.20465, 1001.08, 1733.46, 10, 2e-20, 3e-20, 2e-20, 2e-20, -1
0.433936, -0.166327, 1.2076, 0.05, -0.163736, 0.140134, 0.0878064, 0.232717, 1000.29, 460.777, 10, 2e-20, 3e-20, 2e-20, 2e-20, -1
0.371179, -0.172459, 1.3198, 0.05, -0.133796, -0.000354264, 0.168462, 0.21513, 1000.48, 775.207, 10, 2e-20, 3e-20, 2e-20, 2e-20, -1
0.294135, -0.129595, 1.332, 0.05, -0.253198, 0.106149, 0.170208, 0.323029, 999.427, -916.616, 10, 2e-20, 3e-20, 2e-20, 2e-20, -1
0.216302, -0.074765, 1.32596, 0.05, -0.0209501, 0.0534136, 0.25645, 0.26279, 1001.78, 2851.48, 10, 2e-20, 3e-20, 2e-20, 2e-20, -1
0.702388, -0.335682, 0.0552235, 0.05, -0.0820741, -0.059284, 0.0950558, 0.138875, 1015.63, 25002.6, 10, 2e-20, 3e-20, 2e-20, 2e-20, -1
0.77277, -0.382849, 0.086669, 0.05, -0.0413931, 0.00390595, 0.0713369, 0.0825687, 1011.37, 18186.9, 10, 2e-20, 3e-20, 2e-20, 2e-20, -1
0.720857, -0.381217, 0.138942, 0.05, -0.0105869, -0.0769943, 0.045267, 0.0899406, 1006.33, 10135.5, 10, 2e-20, 3e-20, 2e-20, 2e-20, -1
0.72297, -0.311796, 0.110913, 0.05, -0.0356449, 0.00622601, 0.0202284, 0.0414549, 1006.57, 10506.7, 10, 2e-20, 3e-20, 2e-20, 2e-20, -1
0.73571, -0.319142, 0.168666, 0.05, 0.0267502, -0.0933651, 0.082795, 0.127623, 1009.99, 15979.3, 10, 2e-20, 3e-20, 2e-20, 2e-20, -1
0.707331, -0.273788, 0.144983, 0.05, 0.137713, -0.0251754, -0.043819, 0.146693, 1005.34, 8546.31, 10, 2e-20, 3e-20, 2e-20, 2e-20, -1
0.705187, -0.300934, 0.19772, 0.05, 0.00398897, -0.158362, 0.0345608, 0.162138, 1009.82, 15706.7, 10, 2e-20, 3e-20, 2e-20, 2e-20, -1
0.667465, -0.329658, 0.229153, 0.05, -0.0226791, -0.146598, -0.135499, 0.200911, 1007.87, 12594.3, 10, 2e-20, 3e-20, 2e-20, 2e-20, -1
0.659043, -0.383153, 0.272754, 0.05, -0.0668158, 0.0179817, 0.0240487, 0.0732532, 1007.3, 11675.4, 10, 2e-20, 3e-20, 2e-20, 2e-20, -1
0.624804, -0.349523, 0.255232, 0.05, -0.0246658, 0.014995, -0.0108465, 0.0308367, 1006.14, 9826.23, 10, 2e-20, 3e-20, 2e-20, 2e-20, -1
0.674196, -0.343527, 0.273794, 0.05, -0.048984, -0.0492477, 0.0220967, 0.0728906, 1008.64, 13824.2, 10, 2e-20, 3e-20, 2e-20, 2e-20, -1
0.608959, -0.292897, 0.24855, 0.05, -0.0263544, -0.187912, -0.00284553, 0.189772, 1009.42, 15078.4, 10, 2e-20, 3e-20, 2e-20, 2e-20, -1
0.641218, -0.368363, 0.306048, 0.05, -0.0237292, 0.0278595, -0.0534072, 0.0647422, 1005.58, 8929.63, 10, 2e-20, 3e-20, 2e-20, 2e-20, -1
0.650871, -0.2959, 0.273974, 0.05, -0.076149, -0.0273329, -0.0204341, 0.0834464, 1006.72, 10754.4, 10, 2e-20, 3e-20, 2e-20, 2e-20, -1
0.683937, -0.289681, 0.316516, 0.05, -0.112725, 0.017725, -0.0130898, 0.114859, 1008.05, 12884.1, 10, 2e-20, 3e-20, 2e-20, 2e-20, -1
0.630587, -0.288774, 0.333987, 0.05, -0.0393981, 0.0122981, -0.0703184, 0.0815361, 1007.18, 11488.1, 10, 2e-20, 3e-20, 2e-20, 2e-20, -1
0.69981, -0.341047, 0.36257, 0.05, -0.0615903, -0.06358, -0.0765532, 0.117031, 1007.51, 12012.9, 10, 2e-20, 3e-20, 2e-20, 2e-20, -1
0.668483, -0.302921, 0.370494, 0.05, -0.00663873, -0.0486745, -0.00896648, 0.0499368, 1010.41, 16663.8, 10, 2e-20, 3e-20, 2e-20, 2e-20, -1
0.709604, -0.269041, 0.43739, 0.05, 0.0459664, -0.00674692, -0.0306837, 0.0556769, 1003.21, 5128.08, 10, 2e-20, 3e-20, 2e-20, 2e-20, -1
0.688589, -0.297763, 0.51014, 0.05, -0.0032805, 0.0213182, 0.0675258, 0.070887, 1004.75, 7598.51, 10, 2e-20, 3e-20, 2e-20, 2e-20, -1
0.693079, -0.393501, 0.543956, 0.05, 0.00995929, -0.0118335, -0.0206686, 0.0258149, 1003.01, 4822.11, 10, 2e-20, 3e-20, 2e-20, 2e-20, -1
0.647524, -0.377207, 0.530394, 0.05, 0.00794949, -0.0393416, 0.0230794, 0.0462992, 1003.82, 6110.72, 10, 2e-20, 3e-20, 2e-20, 2e-20, -1
0.632576, -0.337171, 0.562814, 0.05, -0.0239829, -0.0382901, 0.031572, 0.0551189, 1003.38, 5410.31, 10, 2e-20, 3e-20, 2e-20, 2e-20, -1
0.623178, -0.350286, 0.610001, 0.05, -0.0234044, 0.0632371, 0.072899, 0.0993024, 1003.62, 5784.64, 10, 2e-20, 3e-20, 2e-20, 2e-20, -1
0.607082, -0.309303, 0.603155, 0.05, -0.0745541, -0.061913, -0.0481079, 0.108194, 1001.17, 1867.66, 10, 2e-20, 3e-20, 2e-20, 2e-20, -1
0.62061, -0.268996, 0.623248, 0.05, 0.0233176, 0.00244961, 0.0818359, 0.0851283, 1008.2, 13115.2, 10, 2e-20, 3e-20, 2e-20, 2e-20, -1
0.641831, -0.327934, 0.708958, 0.05, -0.0659423, 0.00884634, 0.107863, 0.126732, 1003.89, 6222.78, 10, 2e-20, 3e-20, 2e-20, 2e-20, -1
0.674653, -0.231854, 0.670834, 0.05, -0.116105, -0.10198, -0.0113394, 0.154948, 1005.42, 8671.97, 10, 2e-20, 3e-20, 2e-20, 2e-20, -1
0.683555, -0.206283, 0.702421, 0.05, 0.000531392, 0.0563974, 0.132476, 0.143982, 1004.14, 6620.62, 10, 2e-20, 3e-20, 2e-20, 2e-20, -1
0.729989, -0.194415, 0.723317, 0.05, -0.0571936, 0.00151401, 0.103376, 0.118153, 1001.22, 1948.76, 10, 2e-20, 3e-20, 2e-20, 2e-20, -1
0.639906, -0.304908, 0.755255, 0.05, 0.00757154, -0.0585144, 0.163595, 0.17391, 1005.53, 8845.48, 10, 2e-20, 3e-20, 2e-20, 2e-20, -1
0.702518, -0.236263, 0.734058, 0.05, 0.000341613, 0.12434, 0.0894579, 0.153177, 1005.19, 8309.21, 10, 2e-20, 3e-20, 2e-20, 2e-20, -1
0.653499, -0.250293, 0.752669, 0.05, -0.0783235, -0.00753634, 0.149656, 0.16908, 1004.12, 6593.38, 10, 2e-20, 3e-20, 2e-20, 2e-20, -1
0.729, -0.169104, 0.777277, 0.05, -0.081407, -0.0564477, -0.0772441, 0.125619, 1002.04, 3257.66, 10, 2e-20, 3e-20, 2e-20, 2e-20, -1
0.620346, -0.232006, 0.790224, 0.05, -0.117331, -0.0360071, 0.0126341, 0.123381, 1007.09, 11342.1, 10, 2e-20, 3e-20, 2e-20, 2e-20, -1
0.664987, -0.289839, 0.879545, 0.05, -0.00625578, -0.00803795, 0.0129364, 0.0164649, 1005.79, 9264.95, 10, 2e-20, 3e-20, 2e-20, 2e-20, -1
0.668091, -0.234045, 0.878494, 0.05, -0.0328132, -0.00454423, -0.0559615, 0.0650311, 1003.61, 5783.76, 10, 2e-20, 3e-20, 2e-20, 2e-20, -1
0.698514, -0.211293, 0.911136, 0.05, -0.042437, -0.0217787, -0.0354447, 0.0594267, 1000.91, 1449.3, 10, 2e-20, 3e-20, 2e-20, 2e-20, -1
0.704138, -0.231554, 0.95329, 0.05, -0.0934359, 0.0157809, 0.0464417, 0.105528, 999.151, -1358.9, 10, 2e-20, 3e-20, 2e-20, 2e-20, -1
0.619866, -0.233573, 0.915173, 0.05, -0.0948025, 0.0402116, -0.00201897, 0.102998, 1007.26, 11613.8, 10, 2e-20, 3e-20, 2e-20, 2e-20, -1
0.640323, -0.195914, 1.03319, 0.05, -0.0846272, 0.00759908, 0.0198358, 0.0872523, 999.896, -166.072, 10, 2e-20, 3e-20, 2e-20, 2e-20, -1
0.601508, -0.225435, 0.97169, 0.05, -0.00969318, 0.00153987, 0.0323357, 0.0337924, 1002.77, 4431.36, 10, 2e-20, 3e-20, 2e-20, 2e-20, -1
0.536578, -0.210548, 1.04237, 0.05, -0.0543831, -0.0994994, 0.0262279, 0.116385, 1001.07, 1711.91, 10, 2e-20, 3e-20, 2e-20, 2e-20, -1
0.476661, -0.254277, 1.09279, 0.05, -0.212144, 0.0666778, -0.0268482, 0.22399, 1004.35, 6963.48, 10, 2e-20, 3e-20, 2e-20, 2e-20, -1
0.528962, -0.250177, 1.07753, 0.05, -0.0237333, -0.0124439, 0.00504268, 0.0272681, 999.682, -509.471, 10, 2e-20, 3e-20, 2e-20, 2e-20, -1
0.522756, -0.189596, 1.1068, 0.05, -0.0847638, 0.0584838, 0.123648, 0.160917, 1000.07, 110.781, 10, 2e-20, 3e-20, 2e-20, 2e-20, -1
0.485195, -0.0889166, 1.17996, 0.05, -0.039436, 0.0899221, 0.179212, 0.204348, 1002.5, 4001.37, 10, 2e-20, 3e-20, 2e-20, 2e-20, -1
0.396234, -0.108403, 1.26491, 0.05, -0.110098, -0.0639158, 0.0801451, 0.150433, 997.891, -3374.39, 10, 2e-20, 3e-20, 2e-20, 2e-20, -1
0.349556, -0.174375, 1.27713, 0.05, -0.248808, 0.00708637, 0.0924719, 0.265531, 1007.35, 11757.6, 10, 2e-20, 3e-20, 2e-20, 2e-20, -1
0.237064, -0.0777808, 1.38688, 0.05, -0.285486, 0.0326697, 0.398407, 0.49122, 1000.63, 1004.99, 10, 2e-20, 3e-20, 2e-20, 2e-20, -1
0.251453, -0.093984, 1.41797, 0.05, -0.371916, 0.0620085, 0.428344, 0.570653, 996.389, -5777.54, 10, 2e-20, 3e-20, 2e-20, 2e-20, -1
0.71915, -0.286391, 0.0542908, 0.05, -0.149062, -0.252965, 0.0312803, 0.295279, 1017.38, 27803.9, 10, 2e-20, 3e-20, 2e-20, 2e-20, -1
0.777955, -0.328672, 0.0479731, 0.05, 0.0294618, 0.0527208, 0.0172922, 0.0628212, 1013.93, 22286, 10, 2e-20, 3e-20, 2e-20, 2e-20, -1
0.732047, -0.379691, 0.0496816, 0.05, 0.0694341, -0.000569533, 0.0232641, 0.07323, 1014.3, 22880.9, 10, 2e-20, 3e-20, 2e-20, 2e-20, -1
0.731703, -0.257609, 0.102242, 0.05, 0.0662186, -0.00333596, 0.0334605, 0.0742674, 1009.5, 15192.9, 10, 2e-20, 3e-20, 2e-20, 2e-20, -1
0.682309, -0.254973, 0.0947022, 0.05, -0.109179, -0.146583, -0.100032, 0.208358, 1008.39, 13430.1, 10, 2e-20, 3e-20, 2e-20, 2e-20, -1
0.780741, -0.182611, 0.155215, 0.05, -0.0103639, -0.0671154, -0.0579048, 0.0892461, 1007.72, 12357.4, 10, 2e-20, 3e-20, 2e-20, 2e-20, -1
0.732173, -0.22161, 0.161125, 0.05, 0.0582611, 0.108028, -0.00378749, 0.122795, 1004.87, 7793.06, 10, 2e-20, 3e-20, 2e-20, 2e-20, -1
0.722267, -0.132267, 0.202504, 0.05, -0.090805, -0.0204964, 0.0893007, 0.128997, 1006.21, 9930.54, 10, 2e-20, 3e-20, 2e-20, 2e-20, -1
0.699868, -0.242578, 0.190554, 0.05, -0.0844236, -0.0201251, 0.0216248, 0.0894427, 1005.21, 8333.75, 10, 2e-20, 3e-20, 2e-20, 2e-20, -1
0.727217, -0.179986, 0.187386, 0.05, -0.0447713, -0.0911235, 0.160946, 0.190293, 1003.37, 5384.4, 10, 2e-20, 3e-20, 2e-20, 2e-20, -1
0.622373, -0.278489, 0.20529, 0.05, 0.107537, -0.0573667, -0.134433, 0.181459, 1005.86, 9380.59, 10, 2e-20, 3e-20, 2e-20, 2e-20, -1
0.685451, -0.223673, 0.234248, 0.05, 0.049699, 0.0140232, -0.0802803, 0.0954545, 1005.91, 9455.53, 10, 2e-20, 3e-20, 2e-20, 2e-20, -1
0.667784, -0.278538, 0.221727, 0.05, -0.165077, -0.0543219, -0.0184327, 0.17476, 1010.11, 16176.4, 10, 2e-20, 3e-20, 2e-20, 2e-20, -1
0.715977, -0.211028, 0.275332, 0.05, -0.000146304, -0.0590027, -0.0767069, 0.0967744, 1014.48, 23161.1, 10, 2e-20, 3e-20, 2e-20, 2e-20, -1
0.686795, -0.258841, 0.269985, 0.05, 0.0714193, 0.0186104, -0.0467118, 0.0873444, 1003.07, 4919.35, 10, 2e-20, 3e-20, 2e-20, 2e-20, -1
0.649136, -0.242842, 0.303805, 0.05, -0.0546004, -0.0346421, 0.0551104, 0.0849614, 1006.56, 10493.4, 10, 2e-20, 3e-20, 2e-20, 2e-20, -1
0.708288, -0.263792, 0.364473, 0.05, 0.0189899, -0.0442309, -0.00394808, 0.0482968, 1007.04, 11256.6, 10, 2e-20, 3e-20, 2e-20, 2e-20, -1
0.700677, -0.213496, 0.36421, 0.05, -0.0829105, -0.0104775, -0.00590716, 0.0837784, 1006.18, 9882.8, 10, 2e-20, 3e-20, 2e-20, 2e-20, -1
0.670584, -0.263532, 0.402075, 0.05, -0.103503, 0.078003, 0.0288471, 0.132776, 1012.72, 20359.4, 10, 2e-20, 3e-20, 2e-20, 2e-20, -1
0.683841, -0.229702, 0.43689, 0.05, -0.0507626, 0.0346013, -0.0278418, 0.0674482, 1005.98, 9560.44, 10, 2e-20, 3e-20, 2e-20, 2e-20, -1
0.652402, -0.28552, 0.471474, 0.05, -0.0459319, 0.0303258, 0.00439038, 0.0552148, 1002.71, 4343.32, 10, 2e-20, 3e-20, 2e-20, 2e-20, -1
0.683409, -0.339247, 0.541915, 0.05, -0.0102947, -0.0623287, 0.00157947, 0.0631929, 1008.88, 14203.6, 10, 2e-20, 3e-20, 2e-20, 2e-20, -1
0.666568, -0.27932, 0.601445, 0.05, -0.0214307, 0.0775585, 0.172139, 0.190017, 1003.58, 5721.15, 10, 2e-20, 3e-20, 2e-20, 2e-20, -1
0.625667, -0.282838, 0.577883, 0.05, -0.178324, 0.00689026, -0.0772947, 0.194477, 1005.51, 8815.15, 10, 2e-20, 3e-20, 2e-20, 2e-20, -1
0.682163, -0.130921, 0.517706, 0.05, -0.021325, -0.0280144, -0.0783479, 0.085895, 1004.21, 6736.15, 10, 2e-20, 3e-20, 2e-20, 2e-20, -1
0.658438, -0.17526, 0.522676, 0.05, -0.130775, 0.0297099, 0.00773376, 0.13433, 1010.67, 17075.9, 10, 2e-20, 3e-20, 2e-20, 2e-20, -1
0.710201, -0.203625, 0.59535, 0.05, 0.0118729, -0.0136481, 0.0598483, 0.0625224, 1006.75, 10805.7, 10, 2e-20, 3e-20, 2e-20, 2e-20, -1
0.671635, -0.232539, 0.613562, 0.05, 0.0210683, 0.0608249, 0.0763093, 0.0998331, 1005.22, 8352.19, 10, 2e-20, 3e-20, 2e-20, 2e-20, -1
0.684164, -0.187098, 0.638978, 0.05, -0.0443083, -0.0421056, -0.0998414, 0.117066, 1004.01, 6409.18, 10, 2e-20, 3e-20, 2e-20, 2e-20, -1
0.702142, -0.165083, 0.676932, 0.05, 0.00487961, -0.0489971, 0.0841457, 0.0974937, 1005.36, 8579.53, 10, 2e-20, 3e-20, 2e-20, 2e-20, -1
0.711878, -0.121554, 0.698744, 0.05, -0.0423918, 0.0352703, 0.0115045, 0.0563331, 1002.82, 4515.41, 10, 2e-20, 3e-20, 2e-20, 2e-20, -1
0.693877, -0.160298, 0.736973, 0.05, 0.0331636, -0.127712, 0.041751, 0.138395, 1000.3, 483.418, 10, 2e-20, 3e-20, 2e-20, 2e-20, -1
0.750344, -0.211471, 0.835883, 0.05, -0.154365, -0.030524, 0.0167454, 0.158242, 1004.26, 6820.63, 10, 2e-20, 3e-20, 2e-20, 2e-20, -1
0.744232, -0.0958521, 0.847153, 0.05, -0.0597887, 0.0374064, -0.0176103, 0.0726915, 1004.86, 7783.72, 10, 2e-20, 3e-20, 2e-20, 2e-20, -1
0.679242, -0.272974, 0.831982, 0.05, 0.0506031, 0.103383, 0.0395879, 0.121721, 1001.54, 2457.3, 10, 2e-20, 3e-20, 2e-20, 2e-20, -1
0.753157, -0.150158, 0.8538, 0.05, 0.0349214, -0.0428812, -0.0217983, 0.059443, 1002.03, 3240.69, 10, 2e-20, 3e-20, 2e-20, 2e-20, -1
0.734956, -0.0546043, 0.87608, 0.05, -0.0582944, 0.0380571, -0.035872, 0.0783159, 997.498, -4003.15, 10, 2e-20, 3e-20, 2e-20, 2e-20, -1
0.706496, -0.133811, 0.855094, 0.05, -0.0459083, 0.0598709, 0.012239, 0.0764322, 1002.58, 4130.57, 10, 2e-20, 3e-20, 2e-20, 2e-20, -1
0.738357, -0.189349, 0.94182, 0.05, -0.089033, 0.0191689, -0.0638949, 0.111251, 999.079, -1474.13, 10, 2e-20, 3e-20, 2e-20, 2e-20, -1
0.734454, -0.12042, 1.02911, 0.05, -0.0985805, -0.0749802, -0.185653, 0.223175, 1000.07, 114.254, 10, 2e-20, 3e-20, 2e-20, 2e-20, -1
0.704695, -0.145381, 0.960647, 0.05, 0.00168945, -0.0333955, 0.0175398, 0.0377592, 1005.1, 8167.22, 10, 2e-20, 3e-20, 2e-20, 2e-20, -1
0.688514, -0.191909, 0.956498, 0.05, -0.015228, 0.0144693, -0.0427284, 0.0476127, 1003.19, 5102.5, 10, 2e-20, 3e-20, 2e-20, 2e-20, -1
0.650509, -0.140282, 1.04553, 0.05, -0.118772, -0.0187939, -0.0366244, 0.125704, 1003.84, 6148.18, 10, 2e-20, 3e-20, 2e-20, 2e-20, -1
0.54691, -0.173883, 1.06536, 0.05, -0.094113, -0.0608128, -0.0232431, 0.114436, 1001, 1601.17, 10, 2e-20, 3e-20, 2e-20, 2e-20, -1
0.522223, -0.150847, 1.14362, 0.05, -0.172915, 0.039135, 0.113353, 0.210428, 1006.07, 9714.72, 10, 2e-20, 3e-20, 2e-20, 2e-20, -1
0.589635, -0.138657, 1.06552, 0.05, 0.0481531, -0.0284603, -0.0262645, 0.0617943, 1000.71, 1141.47, 10, 2e-20, 3e-20, 2e-20, 2e-20, -1
0.524671, -0.0707819, 1.1294, 0.05, -0.0945886, 0.0513123, 0.090967, 0.140908, 1003.08, 4933.32, 10, 2e-20, 3e-20, 2e-20, 2e-20, -1
0.444959, -0.0903523, 1.24251, 0.05, -0.10383, 0.0412406, 0.0413949, 0.119143, 997.334, -4265.97, 10, 2e-20, 3e-20, 2e-20, 2e-20, -1
0.333724, -0.0775761, 1.29661, 0.05, -0.375436, 0.07414, 0.173097, 0.420014, 1001.61, 2568.59, 10, 2e-20, 3e-20, 2e-20, 2e-20, -1
0.214016, -0.0539839, 1.43554, 0.05, -0.284887, -0.0936066, 0.560839, 0.635975, 998.151, -2958.24, 10, 2e-20, 3e-20, 2e-20, 2e-20, -1
0.157513, 0.0328727, 1.42313, 0.05, -0.240326, -0.153017, 0.506789, 0.581383, 1005.01, 8016.91, 10, 2e-20, 3e-20, 2e-20, 2e-20, -1
0.654685, -0.117536, 0.0538158, 0.05, -0.0240668, -0.111812, -0.0207574, 0.116241, 1013.16, 21051.3, 10, 2e-20, 3e-20, 2e-20, 2e-20, -1
0.729187, -0.213323, 0.044447, 0.05, -0.179097, -0.0462815, -0.0863698, 0.20415, 1008.35, 13366.9, 10, 2e-20, 3e-20, 2e-20, 2e-20, -1
0.726134, -0.162523, 0.0929855, 0.05, -0.0590237, -0.0650703, -0.0399345, 0.0965024, 1008.54, 13667.3, 10, 2e-20, 3e-20, 2e-20, 2e-20, -1
0.736931, -0.0869738, 0.0852179, 0.05, -0.136481, -0.0205457, -0.0282882, 0.140888, 1006.3, 10076, 10, 2e-20, 3e-20, 2e-20, 2e-20, -1
0.689418, -0.104161, 0.0970162, 0.05, -0.0310677, -0.07969, -0.0545401, 0.101441, 1008.73, 13961.1, 10, 2e-20, 3e-20, 2e-20, 2e-20, -1
0.746083, -0.202479, 0.120462, 0.05, 0.0280621, 0.0846378, 0.0579275, 0.106333, 1010.12, 16184.7, 10, 2e-20, 3e-20, 2e-20, 2e-20, -1
0.736987, -0.147234, 0.155401, 0.05, 0.0557095, -0.100026, -0.0257779, 0.117359, 1007.12, 11384.9, 10, 2e-20, 3e-20, 2e-20, 2e-20, -1
0.734351, -0.0695963, 0.128426, 0.05, -0.112354, 0.0151532, -0.00590264, 0.113525, 1011.75, 18792.9, 10, 2e-20, 3e-20, 2e-20, 2e-20, -1
0.755242, -0.0903129, 0.168758, 0.05, -0.0309804, -0.0613234, 0.024567, 0.072965, 1009.99, 15983.6, 10, 2e-20, 3e-20, 2e-20, 2e-20, -1
0.758758, -0.119174, 0.236594, 0.05, 0.0463227, -0.0601435, 0.00570747, 0.0761288, 1010.21, 16334.9, 10, 2e-20, 3e-20, 2e-20, 2e-20, -1
0.765307, -0.19437, 0.285867, 0.05, 0.0337605, -0.0086263, -0.121779, 0.126666, 1007.22, 11555.1, 10, 2e-20, 3e-20, 2e-20, 2e-20, -1
0.814785, -0.119078, 0.261611, 0.05, -0.0508727, -0.00851764, -0.0122993, 0.0530269, 1008.07, 12909.1, 10, 2e-20, 3e-20, 2e-20, 2e-20, -1
0.773931, -0.107627, 0.291052, 0.05, -0.00287166, 0.0336875, -0.0555946, 0.0650681, 1008.67, 13879, 10, 2e-20, 3e-20, 2e-20, 2e-20, -1
0.735449, -0.153034, 0.274943, 0.05, 0.0508153, -0.0632454, -0.0939074, 0.1241, 1007.97, 12757.9, 10, 2e-20, 3e-20, 2e-20, 2e-20, -1
0.730156, -0.193767, 0.326952, 0.05, 0.0405497, 0.0238649, -0.0916842, 0.103052, 1005.16, 8260.31, 10, 2e-20, 3e-20, 2e-20, 2e-20, -1
0.716042, -0.105879, 0.378836, 0.05, 0.0397855, -0.0328452, -0.0769498, 0.0926443, 1001.59, 2544.65, 10, 2e-20, 3e-20, 2e-20, 2e-20, -1
0.686555, -0.188225, 0.404269, 0.05, -0.122434, -0.079808, -0.0244718, 0.148183, 1004.8, 7675.36, 10, 2e-20, 3e-20, 2e-20, 2e-20, -1
0.72295, -0.0993723, 0.435458, 0.05, -0.0403465, -0.0370587, 0.0824424, 0.0989845, 1009.1, 14559.8, 10, 2e-20, 3e-20, 2e-20, 2e-20, -1
0.713065, -0.184512, 0.44914, 0.05, 0.0164334, -0.08291, 0.121011, 0.147607, 1006.06, 9688.3, 10, 2e-20, 3e-20, 2e-20, 2e-20, -1
0.690343, -0.255457, 0.486627, 0.05, -0.0488683, 0.0225408, -0.0162256, 0.0562091, 1005.04, 8059.94, 10, 2e-20, 3e-20, 2e-20, 2e-20, -1
0.677176, -0.201869, 0.482095, 0.05, 0.0270739, -0.0181874, -0.0425293, 0.0535959, 1006.86, 10969.4, 10, 2e-20, 3e-20, 2e-20, 2e-20, -1
0.727999, -0.266137, 0.516862, 0.05, 0.0674548, 0.0256834, -7.96619e-05, 0.0721789, 1007.16, 11458.2, 10, 2e-20, 3e-20, 2e-20, 2e-20, -1
0.712964, -0.141, 0.475954, 0.05, -0.0722547, 0.0396474, 0.0223066, 0.0853829, 1008.57, 13719, 10, 2e-20, 3e-20, 2e-20, 2e-20, -1
0.690054, -0.218455, 0.52997, 0.05, 0.0323737, -0.0026497, 0.0886253, 0.0943903, 1002.82, 4505.8, 10, 2e-20, 3e-20, 2e-20, 2e-20, -1
0.717953, -0.067618, 0.520286, 0.05, -0.0429048, -0.00584317, 0.00758081, 0.0439595, 1008.65, 13842.4, 10, 2e-20, 3e-20, 2e-20, 2e-20, -1
0.684631, -0.0920393, 0.54917, 0.05, 0.00503603, -0.026819, -0.0213783, 0.0346649, 1007.43, 11889.4, 10, 2e-20, 3e-20, 2e-20, 2e-20, -1
0.701089, -0.14107, 0.609859, 0.05, -0.0542121, -0.0791049, -0.0147465, 0.0970258, 1001.5, 2393.11, 10, 2e-20, 3e-20, 2e-20, 2e-20, -1
0.712102, -0.0880759, 0.594831, 0.05, 0.0169934, -0.0767888, -0.00383165, 0.0787399, 1005.12, 8185.69, 10, 2e-20, 3e-20, 2e-20, 2e-20, -1
0.703249, -0.106362, 0.643736, 0.05, -0.0255317, -0.00431535, 0.0634896, 0.0685669, 1006.58, 10533.8, 10, 2e-20, 3e-20, 2e-20, 2e-20, -1
0.746592, -0.08157, 0.719013, 0.05, -0.0541453, -0.00700965, -0.00532309, 0.054856, 1004.93, 7887.6, 10, 2e-20, 3e-20, 2e-20, 2e-20, -1
0.718579, -0.071252, 0.674003, 0.05, -0.0314133, -0.0464707, 0.06385, 0.0849891, 1002.59, 4139.95, 10, 2e-20, 3e-20, 2e-20, 2e-20, -1
0.694481, -0.0687547, 0.720516, 0.05, 0.00620831, -0.0685256, -0.0345487, 0.0769929, 996.07, -6287.91, 10, 2e-20, 3e-20, 2e-20, 2e-20, -1
0.792414, -0.0731309, 0.771053, 0.05, 0.00439599, -0.0189592, -0.0145382, 0.0242927, 1000.85, 1359.41, 10, 2e-20, 3e-20, 2e-20, 2e-20, -1
0.766618, 0.013126, 0.821395, 0.05, -0.0520505, -0.0507357, 0.000885814, 0.0726922, 1004.81, 7691.64, 10, 2e-20, 3e-20, 2e-20, 2e-20, -1
0.764844, -0.0374118, 0.841841, 0.05, -0.122651, -0.0469342, -0.0240852, 0.133515, 1004.01, 6409.51, 10, 2e-20, 3e-20, 2e-20, 2e-20, -1
0.794578, 0.0201557, 0.898154, 0.05, -0.0217259, -0.0889243, -0.0134815, 0.0925273, 1001.2, 1915.13, 10, 2e-20, 3e-20, 2e-20, 2e-20, -1
0.736732, -0.0348055, 0.920245, 0.05, -0.0252921, -0.0407432, -0.0460444, 0.0664815, 1007.65, 12244.2, 10, 2e-20, 3e-20, 2e-20, 2e-20, -1
0.712015, -0.101479, 0.894103, 0.05, -0.103904, 0.0627624, -0.0200611, 0.123035, 1000.21, 333.283, 10, 2e-20, 3e-20, 2e-20, 2e-20, -1
0.739721, -0.116923, 0.931603, 0.05, -0.128164, 0.0141912, 0.0693294, 0.146403, 1002.41, 3855.29, 10, 2e-20, 3e-20, 2e-20, 2e-20, -1
0.689134, -0.106422, 0.997516, 0.05, -0.0142399, 0.0409715, -0.0484435, 0.0650247, 1001.06, 1692.51, 10, 2e-20, 3e-20, 2e-20, 2e-20, -1
0.735025, -0.0878427, 1.06009, 0.05, 0.00761176, -0.011564, 0.0271588, 0.0304838, 1001.35, 2154, 10, 2e-20, 3e-20, 2e-20, 2e-20, -1
0.66479, -0.108439, 1.08692, 0.05, -0.156868, -0.0304728, 0.0747267, 0.176409, 1005.36, 8582.86, 10, 2e-20, 3e-20, 2e-20, 2e-20, -1
0.66871, -0.0914418, 1.04104, 0.05, -0.0772636, -0.0748719, 3.48718e-06, 0.107589, 1001.15, 1844.38, 10, 2e-20, 3e-20, 2e-20, 2e-20, -1
0.627635, -0.153735, 1.01652, 0.05, -0.100344, 0.0119285, 0.170403, 0.198112, 1002.26, 3618.87, 10, 2e-20, 3e-20, 2e-20, 2e-20, -1
0.653004, -0.132563, 0.978808, 0.05, -0.047752, -0.00881747, 0.039471, 0.0625776, 1002.53, 4049.24, 10, 2e-20, 3e-20, 2e-20, 2e-20, -1
0.610247, -0.100787, 1.04172, 0.05, 0.0339869, -0.142193, -0.0273044, 0.148726, 1002.19, 3510.58, 10, 2e-20, 3e-20, 2e-20, 2e-20, -1
0.557108, -0.0782734, 1.07746, 0.05, -0.0752344, 0.0583388, 0.101141, 0.1389, 1002.76, 4418.21, 10, 2e-20, 3e-20, 2e-20, 2e-20, -1
0.564642, -0.0371512, 1.10845, 0.05, 0.00250553, -0.0554585, 0.0392071, 0.067964, 1000.98, 1575.36, 10, 2e-20, 3e-20, 2e-20, 2e-20, -1
0.435871, -0.0346476, 1.23839, 0.05, -0.162575, 0.0718025, 0.0914909, 0.199892, 1001.42, 2272.95, 10, 2e-20, 3e-20, 2e-20, 2e-20, -1
0.309942, -0.0380927, 1.33015, 0.05, -0.240969, -0.0482952, 0.257843, 0.356204, 999.766, -375.007, 10, 2e-20, 3e-20, 2e-20, 2e-20, -1
0.0965954, 0.047907, 1.3728, 0.05, 0.121908, 0.0273122, 0.227385, 0.259444, 1001.68, 2692.16, 10, 2e-20, 3e-20, 2e-20, 2e-20, -1
0.767899, -0.100801, 0.0498187, 0.05, -0.0647233, -0.0138156, 0.0267066, 0.0713668, 1010.6, 16960.6, 10, 2e-20, 3e-20, 2e-20, 2e-20, -1
0.748317, -0.148482, 0.0526222, 0.05, -0.126452, -0.101343, 0.0640834, 0.174262, 1010.21, 16333.5, 10, 2e-20, 3e-20, 2e-20, 2e-20, -1
0.805622, -0.134374, 0.0482704, 0.05, 0.0193222, -0.0569628, 0.0591053, 0.08433, 1007.32, 11712.2, 10, 2e-20, 3e-20, 2e-20, 2e-20, -1
0.873838, -0.0742284, 0.0834105, 0.05, 0.0293577, -0.0293244, -0.00343832, 0.0416368, 1010.37, 16595.1, 10, 2e-20, 3e-20, 2e-20, 2e-20, -1
0.817565, -0.0760141, 0.0968061, 0.05, -0.0729884, -0.0441432, 0.0415252, 0.0948698, 1006.57, 10513.3, 10, 2e-20, 3e-20, 2e-20, 2e-20, -1
0.744131, -0.11935, 0.112737, 0.05, 0.0414486, -0.118324, -0.0660173, 0.141693, 1004.8, 7683.09, 10, 2e-20, 3e-20, 2e-20, 2e-20, -1
0.78772, -0.112046, 0.0962375, 0.05, 0.0854088, -0.0118572, 0.0561169, 0.10288, 1007.42, 11873.6, 10, 2e-20, 3e-20, 2e-20, 2e-20, -1
0.778608, -0.0324548, 0.151014, 0.05, -0.0555959, -0.0140692, -0.0804822, 0.0988243, 1011.75, 18792.2, 10, 2e-20, 3e-20, 2e-20, 2e-20, -1
0.796933, -0.00237664, 0.200007, 0.05, 0.0281882, -0.0371701, 0.0319699, 0.0565532, 1007.54, 12063.9, 10, 2e-20, 3e-20, 2e-20, 2e-20, -1
0.787272, -0.0782274, 0.242396, 0.05, 0.0170072, -0.0420716, -0.019955, 0.0495728, 1008.36, 13374.4, 10, 2e-20, 3e-20, 2e-20, 2e-20, -1
0.773712, -0.0529525, 0.197877, 0.05, 0.0507385, -0.0345872, 0.0333788, 0.0698914, 1006.6, 10559.4, 10, 2e-20, 3e-20, 2e-20, 2e-20, -1
0.786057, -0.0352822, 0.276879, 0.05, 0.0729528, -0.0192834, -0.0631931, 0.0984242, 1012.67, 20266.2, 10, 2e-20, 3e-20, 2e-20, 2e-20, -1
0.725673, -0.111423, 0.307443, 0.05, -0.0340157, 0.0290012, 0.0293916, 0.0534976, 1008.67, 13864.8, 10, 2e-20, 3e-20, 2e-20, 2e-20, -1
0.704153, -0.0706283, 0.337712, 0.05, 0.0203512, -0.0320497, -0.0789621, 0.0876149, 1004.09, 6542.13, 10, 2e-20, 3e-20, 2e-20, 2e-20, -1
0.695903, -0.157053, 0.321139, 0.05, 0.0258252, 0.00431419, 0.113312, 0.116297, 1004.52, 7237.85, 10, 2e-20, 3e-20, 2e-20, 2e-20, -1
0.744836, 0.00815023, 0.334429, 0.05, -0.144191, -0.0451127, -0.0574466, 0.161636, 1006.93, 11093.6, 10, 2e-20, 3e-20, 2e-20, 2e-20, -1
0.738335, -0.0537499, 0.431658, 0.05, -0.027551, -0.0414851, -0.0288546, 0.0575557, 1006.63, 10602.1, 10, 2e-20, 3e-20, 2e-20, 2e-20, -1
0.736826, 0.031064, 0.386759, 0.05, -0.0281443, 0.0445905, 0.0676822, 0.085798, 1006.15, 9836.11, 10, 2e-20, 3e-20, 2e-20, 2e-20, -1
0.720704, -0.0323181, 0.479637, 0.05, 0.0129636, -0.0131299, 0.0849298, 0.086911, 1004.83, 7734.24, 10, 2e-20, 3e-20, 2e-20, 2e-20, -1
0.735397, -0.0888484, 0.475892, 0.05, -0.0555707, -0.0291018, 0.0107753, 0.0636484, 1006.41, 10260.1, 10, 2e-20, 3e-20, 2e-20, 2e-20, -1
0.685424, -0.0164852, 0.44784, 0.05, 0.00542325, -0.0448621, -0.0759329, 0.0883619, 1008.11, 12977.4, 10, 2e-20, 3e-20, 2e-20, 2e-20, -1
0.769885, -0.0467714, 0.484498, 0.05, 0.0508617, -0.0753512, 0.0563698, 0.106969, 1005.3, 8477.21, 10, 2e-20, 3e-20, 2e-20, 2e-20, -1
0.70412, 0.0167977, 0.496188, 0.05, 0.0127697, 0.0194147, 0.0505524, 0.0556376, 1006.12, 9787.97, 10, 2e-20, 3e-20, 2e-20, 2e-20, -1
0.757593, -0.0444068, 0.549755, 0.05, 0.0172395, -0.0448301, -0.0108133, 0.0492328, 1005.42, 8674.96, 10, 2e-20, 3e-20, 2e-20, 2e-20, -1
0.736716, 0.0375119, 0.552406, 0.05, -0.0407718, -0.0792503, 0.0551155, 0.104789, 1004.68, 7493.29, 10, 2e-20, 3e-20, 2e-20, 2e-20, -1
0.697251, -0.0388962, 0.565116, 0.05, -0.0469658, 0.0463909, 0.0367302, 0.0755448, 1005.88, 9409.57, 10, 2e-20, 3e-20, 2e-20, 2e-20, -1
0.712465, 0.0033071, 0.60434, 0.05, 0.0661293, -0.0273875, -0.0384805, 0.0812645, 1003.5, 5596.73, 10, 2e-20, 3e-20, 2e-20, 2e-20, -1
0.713772, 0.00907204, 0.681794, 0.05, -0.0134247, -0.0278893, -0.00784713, 0.0319314, 1000.54, 869.761, 10, 2e-20, 3e-20, 2e-20, 2e-20, -1
0.725639, -0.0290922, 0.649707, 0.05, -0.0125798, 0.00644916, 0.0424218, 0.0447152, 1002.79, 4464.67, 10, 2e-20, 3e-20, 2e-20, 2e-20, -1
0.774096, 0.0367318, 0.77631, 0.05, -0.0160481, -0.0300278, -0.0293273, 0.0449367, 1006.4, 10245, 10, 2e-20, 3e-20, 2e-20, 2e-20, -1
0.709309, 0.0429569, 0.748865, 0.05, -0.0520704, -0.0804168, -0.0206619, 0.0980057, 1006.65, 10641.1, 10, 2e-20, 3e-20, 2e-20, 2e-20, -1
0.760824, 0.0858342, 0.825968, 0.05, -0.0458269, -0.0844635, -0.0168337, 0.0975579, 1002.02, 3239.17, 10, 2e-20, 3e-20, 2e-20, 2e-20, -1
0.722044, 0.0314607, 0.796143, 0.05, -0.0311521, -0.0630535, -0.0160697, 0.0721417, 1006.85, 10954.9, 10, 2e-20, 3e-20, 2e-20, 2e-20, -1
0.783678, 0.048602, 0.85433, 0.05, -0.0660065, -0.0544654, 0.0370353, 0.0932467, 1002.65, 4232.25, 10, 2e-20, 3e-20, 2e-20, 2e-20, -1
0.809279, -0.0057777, 0.838396, 0.05, -0.0631615, -0.0299246, 0.0630428, 0.0941236, 1003.34, 5344.64, 10, 2e-20, 3e-20, 2e-20, 2e-20, -1
0.820693, 0.0567432, 0.938935, 0.05, 0.00373056, -0.0209435, 0.00220511, 0.0213872, 1000.94, 1502.21, 10, 2e-20, 3e-20, 2e-20, 2e-20, -1
0.764918, 0.0297412, 0.938747, 0.05, 0.0378764, -0.0612023, -0.107668, 0.12951, 998.949, -1681.05, 10, 2e-20, 3e-20, 2e-20, 2e-20, -1
0.716666, -0.0748723, 0.945825, 0.05, -8.69269e-05, -0.0420808, 0.0279952, 0.0505424, 1004.72, 7557.11, 10, 2e-20, 3e-20, 2e-20, 2e-20, -1
0.681789, 0.0183709, 1.017, 0.05, -0.0944249, -0.0687465, -0.102937, 0.155686, 1002.56, 4091.02, 10, 2e-20, 3e-20, 2e-20, 2e-20, -1
0.688808, -0.0180506, 0.980776, 0.05, -0.112693, -0.0166569, -0.0586864, 0.128145, 1004.15, 6639.93, 10, 2e-20, 3e-20, 2e-20, 2e-20, -1
0.665251, 0.0814984, 1.03242, 0.05, -0.156024, -0.0624133, -0.0914385, 0.191311, 1000.57, 914.267, 10, 2e-20, 3e-20, 2e-20, 2e-20, -1
0.705506, -0.0599149, 1.04537, 0.05, -0.15758, 0.0846204, -0.134866, 0.224011, 997.857, -3429.23, 10, 2e-20, 3e-20, 2e-20, 2e-20, -1
0.634852, 0.0199785, 1.04018, 0.05, -0.0308272, -0.0395668, -0.0226684, 0.0550428, 1005.99, 9587.4, 10, 2e-20, 3e-20, 2e-20, 2e-20, -1
0.65993, -0.026464, 1.03808, 0.05, -0.0318035, -0.0978334, 0.0203666, 0.10487, 1004.08, 6521.75, 10, 2e-20, 3e-20, 2e-20, 2e-20, -1
0.637094, -0.0315885, 0.999551, 0.05, -0.121186, -0.00872423, -0.063401, 0.137047, 1004.16, 6651.53, 10, 2e-20, 3e-20, 2e-20, 2e-20, -1
0.635612, -0.0815482, 1.00447, 0.05, -0.102345, -0.0497258, -0.0247579, 0.116448, 1005.98, 9571.36, 10, 2e-20, 3e-20, 2e-20, 2e-20, -1
0.590967, -0.0111884, 1.05098, 0.05, -0.0623226, 0.00848459, 0.00702192, 0.0632883, 1001.85, 2961.65, 10, 2e-20, 3e-20, 2e-20, 2e-20, -1
0.498624, -0.0149761, 1.16454, 0.05, -0.180638, 0.090694, 0.152094, 0.252959, 1000.43, 690.459, 10, 2e-20, 3e-20, 2e-20, 2e-20, -1
0.379863, -0.022348, 1.28195, 0.05, -0.150565, 0.155307, 0.135263, 0.25512, 1002.21, 3528.47, 10, 2e-20, 3e-20, 2e-20, 2e-20, -1
0.301523, -0.00182033, 1.35258, 0.05, -0.267762, -0.128129, 0.361703, 0.467913, 996.662, -5340.5, 10, 2e-20, 3e-20, 2e-20, 2e-20, -1
0.310582, 0.0396108, 1.38881, 0.05, -0.192172, 0.0115917, 0.384858, 0.430325, 1001.06, 1691.88, 10, 2e-20, 3e-20, 2e-20, 2e-20, -1
0.761697, -0.00672356, 0.0719008, 0.05, 0.0140004, -0.0348358, -0.00536036, 0.0379246, 1011.25, 18003.5, 10, 2e-20, 3e-20, 2e-20, 2e-20, -1
0.737085, 0.0235814, 0.0464824, 0.05, 0.0327812, -0.053377, -0.105323, 0.122542, 1012.24, 19588.6, 10, 2e-20, 3e-20, 2e-20, 2e-20, -1
0.831735, 0.0581771, 0.0962748, 0.05, -0.0176291, -0.0874239, -0.0350698, 0.0958312, 1005.97, 9548.42, 10, 2e-20, 3e-20, 2e-20, 2e-20, -1
0.849676, 0.0463123, 0.0509724, 0.05, -0.0513018, -0.00688529, -0.0109633, 0.0529101, 1012.78, 20451, 10, 2e-20, 3e-20, 2e-20, 2e-20, -1
0.800566, 0.0129415, 0.106555, 0.05, -0.156025, -0.115193, -0.00175339, 0.193949, 1008.11, 12973.2, 10, 2e-20, 3e-20, 2e-20, 2e-20, -1
0.812481, 0.0691958, 0.149656, 0.05, -0.109, 0.000739651, -0.0133393, 0.109815, 1010.54, 16857.7, 10, 2e-20, 3e-20, 2e-20, 2e-20, -1
0.820334, -0.0248977, 0.107581, 0.05, -0.0334195, -0.00929021, 0.00255256, 0.0347805, 1001.67, 2674.46, 10, 2e-20, 3e-20, 2e-20, 2e-20, -1
0.803675, 0.0155931, 0.153791, 0.05, -0.0843607, -0.0381522, 0.015934, 0.093948, 1006.21, 9933.85, 10, 2e-20, 3e-20, 2e-20, 2e-20, -1
0.763026, 0.037752, 0.178109, 0.05, -0.0291831, 0.0201201, -0.0306665, 0.0468712, 1008.91, 14254, 10, 2e-20, 3e-20, 2e-20, 2e-20, -1
0.75233, 0.0847503, 0.218403, 0.05, 0.0112526, -0.0876744, -0.0152155, 0.0896936, 1004.48, 7175.43, 10, 2e-20, 3e-20, 2e-20, 2e-20, -1
0.748044, 0.000623868, 0.208234, 0.05, -0.121648, -0.045301, 0.0301243, 0.133259, 1009, 14394.2, 10, 2e-20, 3e-20, 2e-20, 2e-20, -1
0.749382, -0.0616258, 0.313039, 0.05, -0.0913733, -0.0696063, -0.0129238, 0.11559, 1006.74, 10777.2, 10, 2e-20, 3e-20, 2e-20, 2e-20, -1
0.763656, 0.0053617, 0.259921, 0.05, -0.0770378, 0.00304529, -0.0995143, 0.125886, 1007.85, 12562.8, 10, 2e-20, 3e-20, 2e-20, 2e-20, -1
0.781122, -0.0312309, 0.329032, 0.05, -0.0222535, -0.0199021, -0.0167806, 0.0342476, 1004.1, 6552.42, 10, 2e-20, 3e-20, 2e-20, 2e-20, -1
0.783573, 0.0679351, 0.306974, 0.05, 0.0271316, 0.0469422, -0.00352646, 0.0543335, 1007.02, 11238.3, 10, 2e-20, 3e-20, 2e-20, 2e-20, -1
0.780766, 0.0132353, 0.305359, 0.05, -0.0153561, 0.00791549, -0.0314295, 0.0358647, 1004.29, 6862.26, 10, 2e-20, 3e-20, 2e-20, 2e-20, -1
0.783034, 0.0403167, 0.353203, 0.05, 0.039325, 0.000581043, 0.0446087, 0.0594704, 1008.48, 13572.5, 10, 2e-20, 3e-20, 2e-20, 2e-20, -1
0.766439, 0.0596323, 0.412643, 0.05, -0.0562843, -0.0886997, 0.045681, 0.114553, 1004.69, 7498.36, 10, 2e-20, 3e-20, 2e-20, 2e-20, -1
0.729978, -0.00412034, 0.426748, 0.05, -0.0151414, 0.0745603, 0.00868174, 0.076576, 1008.29, 13257.3, 10, 2e-20, 3e-20, 2e-20, 2e-20, -1
0.667738, 0.0532222, 0.403656, 0.05, 0.00205788, -0.0304869, -0.0750207, 0.0810049, 1003.62, 5792.49, 10, 2e-20, 3e-20, 2e-20, 2e-20, -1
0.703791, 0.0340951, 0.431742, 0.05, 0.130315, -0.0226639, 0.00930467, 0.132598, 1004.89, 7821.04, 10, 2e-20, 3e-20, 2e-20, 2e-20, -1
0.727565, 0.0616938, 0.503735, 0.05, -0.0875882, -0.063814, -0.0130164, 0.109148, 1003.57, 5718.3, 10, 2e-20, 3e-20, 2e-20, 2e-20, -1
0.725893, 0.143624, 0.53603, 0.05, -0.0492813, -0.0971716, -0.0143796, 0.109899, 1002.77, 4425.04, 10, 2e-20, 3e-20, 2e-20, 2e-20, -1
0.751768, 0.0914265, 0.53861, 0.05, 0.0373716, -0.0207605, 0.00153436, 0.0427784, 1004.83, 7735.55, 10, 2e-20, 3e-20, 2e-20, 2e-20, -1
0.753048, 0.0177767, 0.596535, 0.05, 0.0254187, 0.0207906, 0.0473411, 0.0576155, 1003.8, 6087.96, 10, 2e-20, 3e-20, 2e-20, 2e-20, -1
0.719794, 0.117758, 0.581207, 0.05, -0.0233382, -0.0436612, -0.0176161, 0.0525481, 1006.45, 10321.3, 10, 2e-20, 3e-20, 2e-20, 2e-20, -1
0.742268, 0.0732625, 0.588598, 0.05, -0.0291287, -0.0707034, 0.0284739, 0.0815979, 1002.34, 3751.79, 10, 2e-20, 3e-20, 2e-20, 2e-20, -1
0.766467, 0.0426192, 0.649332, 0.05, -0.081661, -0.0488102, -0.0546924, 0.109737, 1003.28, 5244.69, 10, 2e-20, 3e-20, 2e-20, 2e-20, -1
0.793019, 0.0882772, 0.785928, 0.05, -0.0842072, -0.0369325, -0.0723906, 0.117027, 1003.89, 6224.26, 10, 2e-20, 3e-20, 2e-20, 2e-20, -1
0.814863, 0.120538, 0.759096, 0.05, -0.130155, -0.016495, 0.0113995, 0.13169, 1007.42, 11865.2, 10, 2e-20, 3e-20, 2e-20, 2e-20, -1
0.787903, 0.128486, 0.823938, 0.05, -0.0606121, -0.0308359, -0.0520816, 0.0856573, 1003.01, 4811.14, 10, 2e-20, 3e-20, 2e-20, 2e-20, -1
0.775497, 0.173239, 0.784786, 0.05, 0.00642172, -0.0577627, -0.205458, 0.21352, 1000.45, 717.111, 10, 2e-20, 3e-20, 2e-20, 2e-20, -1
0.738775, 0.131625, 0.850861, 0.05, 0.0114104, -0.0297117, 0.0975997, 0.102658, 1005.42, 8673.91, 10, 2e-20, 3e-20, 2e-20, 2e-20, -1
0.71715, 0.18403, 0.84845, 0.05, -0.0854578, 0.0465523, -0.0904607, 0.132866, 1006.64, 10629.5, 10, 2e-20, 3e-20, 2e-20, 2e-20, -1
0.771893, 0.0721363, 0.909664, 0.05, 0.00438474, -0.0436733, -0.133232, 0.140276, 1003.51, 5614.1, 10, 2e-20, 3e-20, 2e-20, 2e-20, -1
0.730611, 0.092725, 0.924801, 0.05, -0.0827132, -0.0432337, -0.110414, 0.144575, 1002.26, 3608.45, 10, 2e-20, 3e-20, 2e-20, 2e-20, -1
0.777455, 0.0534028, 0.976767, 0.05, -0.0165852, 0.0212301, 0.0272064, 0.0382881, 1005.93, 9491.22, 10, 2e-20, 3e-20, 2e-20, 2e-20, -1
0.72816, 0.0834627, 0.971635, 0.05, -0.096118, -0.0940523, -0.0479683, 0.142778, 1005.09, 8143.3, 10, 2e-20, 3e-20, 2e-20, 2e-20, -1
0.702315, 0.0577786, 0.945806, 0.05, -0.0829523, -0.0803968, -0.0104349, 0.11599, 1003.1, 4954.49, 10, 2e-20, 3e-20, 2e-20, 2e-20, -1
0.730668, 0.0939285, 1.02545, 0.05, 0.0249552, -0.029751, -0.0947462, 0.102395, 1004, 6402.57, 10, 2e-20, 3e-20, 2e-20, 2e-20, -1
0.71772, 0.171175, 0.958018, 0.05, 0.0116596, -0.149365, -0.094516, 0.177142, 1002.5, 3998.21, 10, 2e-20, 3e-20, 2e-20, 2e-20, -1
0.689481, 0.0860308, 1.06724, 0.05, -0.140058, -0.0624534, -0.113012, 0.190495, 1003.96, 6330.03, 10, 2e-20, 3e-20, 2e-20, 2e-20, -1
0.655216, 0.14022, 1.01356, 0.05, -0.119825, -0.123768, -0.0701597, 0.186008, 1003.22, 5149.46, 10, 2e-20, 3e-20, 2e-20, 2e-20, -1
0.620427, 0.0648915, 1.0485, 0.05, -0.0402526, 0.00261757, -0.0944634, 0.102715, 1001.07, 1708.81, 10, 2e-20, 3e-20, 2e-20, 2e-20, -1
0.590293, 0.117702, 1.10815, 0.05, 0.00578285, -0.0311544, -0.0442104, 0.054393, 1005.5, 8805.15, 10, 2e-20, 3e-20, 2e-20, 2e-20, -1
0.577361, 0.0434532, 1.04372, 0.05, -0.130003, -0.0767547, -0.110228, 0.186929, 1003.95, 6326.64, 10, 2e-20, 3e-20, 2e-20, 2e-20, -1
0.552071, 0.0884466, 1.13914, 0.05, 0.0164625, -0.126102, -0.150477, 0.197018, 1010.62, 16994, 10, 2e-20, 3e-20, 2e-20, 2e-20, -1
0.52455, 0.0301137, 1.14728, 0.05, -0.118058, -0.140778, 0.0222562, 0.185072, 999.434, -905.233, 10, 2e-20, 3e-20, 2e-20, 2e-20, -1
0.422032, 0.0124433, 1.2355, 0.05, -0.215119, 0.0421778, 0.230778, 0.318298, 1004.06, 6497.32, 10, 2e-20, 3e-20, 2e-20, 2e-20, -1
0.325913, 0.0563131, 1.33393, 0.05, -0.295152, 0.0154434, 0.256466, 0.391316, 1001.57, 2518.45, 10, 2e-20, 3e-20, 2e-20, 2e-20, -1
0.276254, 0.0469355, 1.36264, 0.05, -0.216055, -0.0736468, 0.458199, 0.511908, 1000.66, 1051.39, 10, 2e-20, 3e-20, 2e-20, 2e-20, -1
0.758166, 0.135987, 0.0508738, 0.05, 0.143289, -0.0823874, 0.03168, 0.168294, 1010.59, 16949.2, 10, 2e-20, 3e-20, 2e-20, 2e-20, -1
0.802868, 0.134432, 0.0637465, 0.05, 0.0788473, -0.0797473, -0.0284146, 0.115689, 1007.68, 12294.1, 10, 2e-20, 3e-20, 2e-20, 2e-20, -1
0.770083, 0.136149, 0.105623, 0.05, 0.0225173, -0.125698, -0.0167032, 0.128786, 1006.02, 9637.27, 10, 2e-20, 3e-20, 2e-20, 2e-20, -1
0.802432, 0.0931599, 0.104504, 0.05, -0.0809577, 0.00933865, 0.0212654, 0.0842234, 1010.83, 17326.2, 10, 2e-20, 3e-20, 2e-20, 2e-20, -1
0.759683, 0.0646864, 0.140182, 0.05, -0.0173713, -0.0908222, -0.0370009, 0.0995967, 1007.51, 12023.2, 10, 2e-20, 3e-20, 2e-20, 2e-20, -1
0.755579, 0.230208, 0.155881, 0.05, 0.0590648, 0.0590492, -0.0608311, 0.103324, 1009.39, 15026.5, 10, 2e-20, 3e-20, 2e-20, 2e-20, -1
0.78086, 0.199005, 0.196509, 0.05, 0.0397886, -0.027953, 0.0176572, 0.0517328, 1007.32, 11719.4, 10, 2e-20, 3e-20, 2e-20, 2e-20, -1
0.762182, 0.174969, 0.143528, 0.05, 0.09509, 0.000424029, -0.0302192, 0.0997772, 1011.38, 18208.3, 10, 2e-20, 3e-20, 2e-20, 2e-20, -1
0.73986, 0.119508, 0.148869, 0.05, 0.034818, -0.0849179, -0.0593411, 0.109292, 1007.16, 11454.7, 10, 2e-20, 3e-20, 2e-20, 2e-20, -1
0.718187, 0.0828576, 0.175078, 0.05, -0.0496525, -0.0923214, 0.0818586, 0.133002, 1005.47, 8744.85, 10, 2e-20, 3e-20, 2e-20, 2e-20, -1
0.715122, 0.119514, 0.214833, 0.05, -0.0652281, -0.080056, -0.0980143, 0.142374, 1011.2, 17921.8, 10, 2e-20, 3e-20, 2e-20, 2e-20, -1
0.706974, 0.070789, 0.245726, 0.05, 0.0944099, -0.15708, -0.103984, 0.210713, 1009.35, 14958, 10, 2e-20, 3e-20, 2e-20, 2e-20, -1
0.747143, 0.0493649, 0.254829, 0.05, -0.04241, -0.0803352, -0.0490982, 0.103262, 1004.55, 7279.23, 10, 2e-20, 3e-20, 2e-20, 2e-20, -1
0.75497, 0.133568, 0.290861, 0.05, 0.0138958, -0.0662656, 0.066094, 0.0946184, 1006.25, 10007.3, 10, 2e-20, 3e-20, 2e-20, 2e-20, -1
0.747896, 0.12162, 0.339109, 0.05, -0.0749479, 0.0669854, -0.0752079, 0.125541, 1010.62, 16996.2, 10, 2e-20, 3e-20, 2e-20, 2e-20, -1
0.759621, 0.185165, 0.363167, 0.05, -0.0399676, -0.0153879, 0.0190204, 0.0468612, 1009.96, 15928.4, 10, 2e-20, 3e-20, 2e-20, 2e-20, -1
0.708874, 0.0722213, 0.381058, 0.05, -0.0201318, -0.0296188, -0.0314184, 0.0476412, 1002.37, 3787.1, 10, 2e-20, 3e-20, 2e-20, 2e-20, -1
0.757876, 0.151337, 0.404813, 0.05, -0.0075992, -0.00711865, 0.0106938, 0.0149259, 1007.21, 11536.8, 10, 2e-20, 3e-20, 2e-20, 2e-20, -1
0.745862, 0.0909527, 0.383341, 0.05, -0.108501, -0.0585981, -0.00461189, 0.123399, 1004.87, 7784.64, 10, 2e-20, 3e-20, 2e-20, 2e-20, -1
0.761341, 0.180905, 0.444151, 0.05, -0.0450604, -0.0588291, -0.0914186, 0.11768, 1007.06, 11300.4, 10, 2e-20, 3e-20, 2e-20, 2e-20, -1
0.740754, 0.0854587, 0.445663, 0.05, -0.0468485, -0.0272077, 0.0477962, 0.0722463, 1007.15, 11436.3, 10, 2e-20, 3e-20, 2e-20, 2e-20, -1
0.75917, 0.105114, 0.492173, 0.05, -0.0590396, 0.024529, -0.0310694, 0.071082, 1008.32, 13312.9, 10, 2e-20, 3e-20, 2e-20, 2e-20, -1
0.813486, 0.136138, 0.581542, 0.05, 0.0109095, -0.0696832, -0.0902434, 0.114537, 1006.34, 10147.4, 10, 2e-20, 3e-20, 2e-20, 2e-20, -1
0.789196, 0.19707, 0.553779, 0.05, 0.0367627, -0.0473619, -0.0927102, 0.110408, 1001.89, 3026.18, 10, 2e-20, 3e-20, 2e-20, 2e-20, -1
0.782598, 0.0549503, 0.590123, 0.05, -0.0822415, -0.038395, 0.029556, 0.0954536, 1002.95, 4720.63, 10, 2e-20, 3e-20, 2e-20, 2e-20, -1
0.767822, 0.125345, 0.560881, 0.05, 0.0101092, -0.0324799, -0.0528084, 0.0628161, 1000.97, 1551.06, 10, 2e-20, 3e-20, 2e-20, 2e-20, -1
0.779937, 0.0955218, 0.614122, 0.05, -0.0952171, -0.0639852, 0.0511136, 0.125591, 1004.03, 6454, 10, 2e-20, 3e-20, 2e-20, 2e-20, -1
0.733782, 0.0863768, 0.639358, 0.05, -0.0203795, -0.0719977, -0.0316128, 0.0812303, 1004.34, 6936.4, 10, 2e-20, 3e-20, 2e-20, 2e-20, -1
0.770118, 0.0724391, 0.735797, 0.05, 0.0798733, -0.00357686, 0.0943518, 0.123672, 1006.15, 9846.54, 10, 2e-20, 3e-20, 2e-20, 2e-20, -1
0.787038, 0.11548, 0.708337, 0.05, -0.0446515, -0.0728879, -0.0577426, 0.103153, 1008.34, 13346.1, 10, 2e-20, 3e-20, 2e-20, 2e-20, -1
0.745585, 0.185842, 0.727902, 0.05, 0.0443754, -0.100067, -0.0376903, 0.115772, 1000.86, 1372.18, 10, 2e-20, 3e-20, 2e-20, 2e-20, -1
0.703781, 0.142543, 0.777344, 0.05, -0.0647803, 0.0165381, -0.0329326, 0.0745289, 1003.65, 5833.98, 10, 2e-20, 3e-20, 2e-20, 2e-20, -1
0.72217, 0.239644, 0.857434, 0.05, -0.00516513, -0.0235276, -0.109082, 0.111709, 1002.1, 3354.56, 10, 2e-20, 3e-20, 2e-20, 2e-20, -1
0.719518, 0.189635, 0.767712, 0.05, 0.042243, -0.15526, -0.0724545, 0.176465, 1004.61, 7383.49, 10, 2e-20, 3e-20, 2e-20, 2e-20, -1
0.754293, 0.196814, 0.872711, 0.05, -0.0872291, -0.0865351, -0.16204, 0.203358, 1001.64, 2627.69, 10, 2e-20, 3e-20, 2e-20, 2e-20, -1
0.748553, 0.196589, 0.920034, 0.05, -0.00541874, -0.138127, -0.111213, 0.177417, 1003.75, 6000.45, 10, 2e-20, 3e-20, 2e-20, 2e-20, -1
0.66978, 0.0973401, 0.926377, 0.05, -0.0870167, -0.025866, 0.00421353, 0.0908774, 1004.85, 7754.86, 10, 2e-20, 3e-20, 2e-20, 2e-20, -1
0.663469, 0.182448, 0.953455, 0.05, -0.00476609, -0.0621035, -0.100434, 0.11818, 1003.53, 5642.11, 10, 2e-20, 3e-20, 2e-20, 2e-20, -1
0.680909, 0.0677937, 0.995118, 0.05, -0.0664095, -0.0835461, -0.0657634, 0.125359, 1002.9, 4639.73, 10, 2e-20, 3e-20, 2e-20, 2e-20, -1
0.695221, 0.133438, 0.945904, 0.05, -0.00805688, -0.0926409, -0.0589072, 0.110079, 999.803, -315.524, 10, 2e-20, 3e-20, 2e-20, 2e-20, -1
0.694872, 0.118027, 0.992946, 0.05, -0.0266217, -0.131673, -0.197699, 0.239021, 1004.72, 7555.53, 10, 2e-20, 3e-20, 2e-20, 2e-20, -1
0.608956, 0.200058, 1.04277, 0.05, -0.0499789, -0.03825, -0.18797, 0.198226, 1000.85, 1366.79, 10, 2e-20, 3e-20, 2e-20, 2e-20, -1
0.627907, 0.15976, 1.05656, 0.05, -0.0982913, -0.0617182, -0.157893, 0.19596, 1003.51, 5611.8, 10, 2e-20, 3e-20, 2e-20, 2e-20, -1
0.645763, 0.111947, 1.06874, 0.05, -0.120042, -0.080879, -0.0687284, 0.160234, 1000.2, 313.486, 10, 2e-20, 3e-20, 2e-20, 2e-20, -1
0.539885, 0.138718, 1.13271, 0.05, -0.0629207, -0.0435588, 0.0631141, 0.0991956, 1001.81, 2891.75, 10, 2e-20, 3e-20, 2e-20, 2e-20, -1
0.468118, 0.12617, 1.20337, 0.05, -0.228253, -0.050526, 0.00303144, 0.233798, 999.182, -1308.16, 10, 2e-20, 3e-20, 2e-20, 2e-20, -1
0.399698, 0.0807716, 1.28397, 0.05, -0.299551, -0.0842375, 0.148522, 0.344798, 1000.19, 311.605, 10, 2e-20, 3e-20, 2e-20, 2e-20, -1
0.416474, 0.0562959, 1.24755, 0.05, -0.324889, -0.135873, 0.090375, 0.363569, 998.814, -1897.68, 10, 2e-20, 3e-20, 2e-20, 2e-20, -1
0.394626, 0.0268477, 1.29069, 0.05, -0.235573, 0.0135126, 0.0746225, 0.247479, 996.198, -6083.19, 10, 2e-20, 3e-20, 2e-20, 2e-20, -1
0.2581, 0.077865, 1.31879, 0.05, -0.270366, -0.117928, 0.227063, 0.372239, 1002.67, 4274.19, 10, 2e-20, 3e-20, 2e-20, 2e-20, -1
0.0207999, -0.0603903, 1.43328, 0.05, 0.0135146, 0.0643144, 0.196405, 0.207109, 1003.01, 4812.89, 10, 2e-20, 3e-20, 2e-20, 2e-20, -1
0.722747, 0.171534, 0.0476826, 0.05, -0.0686201, -0.047582, 0.0458765, 0.0952755, 1011.03, 17648.8, 10, 2e-20, 3e-20, 2e-20, 2e-20, -1
0.745927, 0.291739, 0.0501537, 0.05, 0.0865129, 0.0530796, -0.00670729, 0.10172, 1007.21, 11540.6, 10, 2e-20, 3e-20, 2e-20, 2e-20, -1
0.807635, 0.335171, 0.0986947, 0.05, 0.0707944, 0.0364336, 0.0474644, 0.0926937, 1008.5, 13595.4, 10, 2e-20, 3e-20, 2e-20, 2e-20, -1
0.730091, 0.234864, 0.0467908, 0.05, -0.0730796, -0.00198466, -0.0556705, 0.09189, 1015.9, 25439.2, 10, 2e-20, 3e-20, 2e-20, 2e-20, -1
0.793091, 0.196983, 0.109365, 0.05, 0.0895366, -0.00421807, 0.0875758, 0.125316, 1006.3, 10072.4, 10, 2e-20, 3e-20, 2e-20, 2e-20, -1
0.789476, 0.246611, 0.122591, 0.05, 0.0377465, -0.0338424, 0.0648846, 0.0823415, 1008.02, 12829.2, 10, 2e-20, 3e-20, 2e-20, 2e-20, -1
0.780419, 0.258314, 0.178316, 0.05, 0.0291176, 0.0445743, -0.0566882, 0.0777705, 1007.56, 12094.8, 10, 2e-20, 3e-20, 2e-20, 2e-20, -1
0.740617, 0.167371, 0.214102, 0.05, 0.0450003, -0.067821, 0.0135751, 0.0825166, 1005.78, 9254.52, 10, 2e-20, 3e-20, 2e-20, 2e-20, -1
0.77721, 0.0897294, 0.182129, 0.05, 0.00681648, -0.0109209, -0.0178869, 0.0220379, 1006.05, 9680.82, 10, 2e-20, 3e-20, 2e-20, 2e-20, -1
0.773168, 0.137799, 0.188051, 0.05, 0.0999701, -0.0535981, 0.0417473, 0.12087, 1003.42, 5473.15, 10, 2e-20, 3e-20, 2e-20, 2e-20, -1
0.718515, 0.206023, 0.238237, 0.05, -0.0176277, 0.000982457, -0.0165195, 0.0241784, 1004.53, 7250.77, 10, 2e-20, 3e-20, 2e-20, 2e-20, -1
0.782935, 0.169459, 0.240835, 0.05, -0.0252269, -0.0471041, -0.00676157, 0.0538601, 1007.61, 12174.6, 10, 2e-20, 3e-20, 2e-20, 2e-20, -1
0.747351, 0.230715, 0.262584, 0.05, 0.110772, 0.029863, 0.0243135, 0.117275, 1004.83, 7726.95, 10, 2e-20, 3e-20, 2e-20, 2e-20, -1
0.754961, 0.126269, 0.245816, 0.05, 0.104982, -0.0420008, -0.00894015, 0.113424, 1001.16, 1859.66, 10, 2e-20, 3e-20, 2e-20, 2e-20, -1
0.739722, 0.175678, 0.268256, 0.05, 0.0853802, -0.0556722, -0.00123989, 0.101935, 1006.45, 10327.8, 10, 2e-20, 3e-20, 2e-20, 2e-20, -1
0.768157, 0.186259, 0.312318, 0.05, -0.0628392, -0.00921837, -0.0444984, 0.077549, 1005.87, 9387.86, 10, 2e-20, 3e-20, 2e-20, 2e-20, -1
0.748666, 0.233929, 0.33507, 0.05, 0.0272841, 0.00286353, -0.121046, 0.124116, 1008.01, 12808.9, 10, 2e-20, 3e-20, 2e-20, 2e-20, -1
0.756015, 0.27096, 0.370779, 0.05, -0.0427829, -0.0513114, -0.0263229, 0.0718062, 1009.63, 15404.7, 10, 2e-20, 3e-20, 2e-20, 2e-20, -1
0.758243, 0.237471, 0.425286, 0.05, 0.00558752, -0.07929, -0.058214, 0.0985241, 1006.38, 10202.4, 10, 2e-20, 3e-20, 2e-20, 2e-20, -1
0.771414, 0.149216, 0.512454, 0.05, -0.00621254, 0.00848559, 0.0322816, 0.0339515, 1005.7, 9115.8, 10, 2e-20, 3e-20, 2e-20, 2e-20, -1
0.800288, 0.0902248, 0.552712, 0.05, -0.00779515, 0.066765, -0.0304084, 0.0737767, 1004.36, 6977.47, 10, 2e-20, 3e-20, 2e-20, 2e-20, -1
0.732122, 0.226231, 0.483112, 0.05, 0.0441442, 0.0322868, -0.112813, 0.125371, 1007.73, 12363.9, 10, 2e-20, 3e-20, 2e-20, 2e-20, -1
0.770434, 0.198797, 0.504308, 0.05, -0.0297904, -0.00457477, -0.0294996, 0.0421737, 1005.73, 9174.12, 10, 2e-20, 3e-20, 2e-20, 2e-20, -1
0.763329, 0.232814, 0.523558, 0.05, 0.0125655, -0.020811, -0.0188229, 0.0307456, 1005.17, 8276.81, 10, 2e-20, 3e-20, 2e-20, 2e-20, -1
0.682977, 0.158444, 0.581489, 0.05, 0.0364533, -0.0720331, -0.00112549, 0.0807396, 1005.28, 8443.86, 10, 2e-20, 3e-20, 2e-20, 2e-20, -1
0.725813, 0.231526, 0.616266, 0.05, 0.0185775, -0.0061727, -0.0211878, 0.028847, 1004.99, 7976.4, 10, 2e-20, 3e-20, 2e-20, 2e-20, -1
0.792525, 0.174265, 0.604985, 0.05, -0.0104777, -0.0258595, -0.0513414, 0.0584332, 999.433, -906.517, 10, 2e-20, 3e-20, 2e-20, 2e-20, -1
0.783893, 0.190177, 0.648901, 0.05, -0.0447428, -0.0522189, -0.0305662, 0.0752531, 1006.97, 11156.6, 10, 2e-20, 3e-20, 2e-20, 2e-20, -1
0.770736, 0.137213, 0.646342, 0.05, 0.059238, -0.0815187, -0.0193987, 0.102619, 1000.48, 760.279, 10, 2e-20, 3e-20, 2e-20, 2e-20, -1
0.824449, 0.164321, 0.714694, 0.05, -0.062541, 0.0107646, 0.0565135, 0.0849766, 1006.46, 10331.5, 10, 2e-20, 3e-20, 2e-20, 2e-20, -1
0.755975, 0.156915, 0.688928, 0.05, 0.146613, -0.0268786, -0.0267991, 0.151446, 1003.38, 5414.51, 10, 2e-20, 3e-20, 2e-20, 2e-20, -1
0.805733, 0.221534, 0.811627, 0.05, 0.0129335, -0.0493878, -0.13961, 0.148652, 1008.29, 13266.6, 10, 2e-20, 3e-20, 2e-20, 2e-20, -1
0.769072, 0.18497, 0.832614, 0.05, 0.0165796, -0.0209925, -0.0930475, 0.0968163, 1007.16, 11459.7, 10, 2e-20, 3e-20, 2e-20, 2e-20, -1
0.782185, 0.229762, 0.891333, 0.05, 0.0863815, -0.0571843, -0.147313, 0.180091, 997.621, -3805.88, 10, 2e-20, 3e-20, 2e-20, 2e-20, -1
0.73654, 0.250129, 0.902576, 0.05, -0.065315, -0.154668, -0.243561, 0.295821, 1001.57, 2507.2, 10, 2e-20, 3e-20, 2e-20, 2e-20, -1
0.707323, 0.175403, 0.900358, 0.05, -0.0716022, -0.067306, -0.106008, 0.14455, 1004.38, 7004.15, 10, 2e-20, 3e-20, 2e-20, 2e-20, -1
0.688105, 0.21336, 0.915017, 0.05, -0.104055, -0.169354, -0.134115, 0.239781, 1003.67, 5878.61, 10, 2e-20, 3e-20, 2e-20, 2e-20, -1
0.691288, 0.210322, 0.973307, 0.05, -0.101007, -0.0774255, -0.0789473, 0.149766, 1000.31, 496.29, 10, 2e-20, 3e-20, 2e-20, 2e-20, -1
0.693829, 0.253856, 0.933132, 0.05, -0.0614684, -0.127969, -0.241088, 0.279782, 1005.61, 8977.69, 10, 2e-20, 3e-20, 2e-20, 2e-20, -1
0.654596, 0.182318, 1.0047, 0.05, -0.0649702, 0.121464, -0.0422019, 0.144068, 1003.79, 6067.54, 10, 2e-20, 3e-20, 2e-20, 2e-20, -1
0.592318, 0.252516, 0.945288, 0.05, -0.112954, -0.076046, -0.157058, 0.207867, 1001.89, 3017.12, 10, 2e-20, 3e-20, 2e-20, 2e-20, -1
0.648261, 0.246219, 0.9686, 0.05, -0.191085, -0.150147, -0.103789, 0.264253, 1002.29, 3661.48, 10, 2e-20, 3e-20, 2e-20, 2e-20, -1
0.573296, 0.216459, 1.01533, 0.05, -0.105987, -0.0841211, -0.0557152, 0.146334, 1002.44, 3896.31, 10, 2e-20, 3e-20, 2e-20, 2e-20, -1
0.582641, 0.169894, 1.12083, 0.05, -0.0164505, -0.0612872, -0.0773429, 0.100043, 999.462, -861.408, 10, 2e-20, 3e-20, 2e-20, 2e-20, -1
0.505966, 0.159258, 1.16398, 0.05, -0.249943, -0.11181, 0.0339652, 0.27591, 997.678, -3715.73, 10, 2e-20, 3e-20, 2e-20, 2e-20, -1
0.471793, 0.17687, 1.20908, 0.05, -0.210123, -0.0890128, 0.0232995, 0.229386, 1002.94, 4699.65, 10, 2e-20, 3e-20, 2e-20, 2e-20, -1
0.416375, 0.122495, 1.25235, 0.05, -0.302651, 0.026539, 0.0667926, 0.311067, 1002.89, 4624.83, 10, 2e-20, 3e-20, 2e-20, 2e-20, -1
0.334074, 0.111011, 1.32844, 0.05, -0.246731, -0.0586188, 0.062829, 0.261265, 997.01, -4783.39, 10, 2e-20, 3e-20, 2e-20, 2e-20, -1
0.244979, 0.125716, 1.31441, 0.05, -0.132525, -0.0854827, 0.240263, 0.287396, 1001.51, 2423.57, 10, 2e-20, 3e-20, 2e-20, 2e-20, -1
0.226153, 0.0639091, 1.35177, 0.05, -0.20769, -0.0737007, 0.23537, 0.322438, 1001, 1598.41, 10, 2e-20, 3e-20, 2e-20, 2e-20, -1
0.109975, 0.124614, 1.34452, 0.05, 0.0901425, -0.0465807, 0.0747623, 0.126035, 1001.15, 1832.99, 10, 2e-20, 3e-20, 2e-20, 2e-20, -1
0.715584, 0.339266, 0.0549163, 0.05, 0.055528, -0.0413058, 0.0351098, 0.077603, 1005.56, 8901.7, 10, 2e-20, 3e-20, 2e-20, 2e-20, -1
0.702888, 0.395831, 0.0517026, 0.05, -0.0429871, -0.0321763, -0.0305606, 0.0617832, 1014.11, 22583.1, 10, 2e-20, 3e-20, 2e-20, 2e-20, -1
0.767017, 0.463813, 0.0809164, 0.05, 0.0577573, -0.040281, 0.00400349, 0.0705301, 1005.04, 8059.73, 10, 2e-20, 3e-20, 2e-20, 2e-20, -1
0.70345, 0.383282, 0.0945328, 0.05, 0.0230834, -0.0233732, 0.0392686, 0.0511974, 1010.16, 16264, 10, 2e-20, 3e-20, 2e-20, 2e-20, -1
0.756994, 0.33663, 0.0909758, 0.05, -0.0179155, -0.0720998, -0.0713717, 0.103021, 1009.98, 15972.7, 10, 2e-20, 3e-20, 2e-20, 2e-20, -1
0.7751, 0.28811, 0.101656, 0.05, -0.00892341, 0.0147102, 0.0522556, 0.0550151, 1004.93, 7885.89, 10, 2e-20, 3e-20, 2e-20, 2e-20, -1
0.736695, 0.288622, 0.150995, 0.05, 0.11701, 0.015709, -0.0438811, 0.125951, 1012.95, 20716.9, 10, 2e-20, 3e-20, 2e-20, 2e-20, -1
0.805751, 0.279915, 0.2198, 0.05, -0.010418, -0.0725954, 0.0059427, 0.0735795, 1004.02, 6436.34, 10, 2e-20, 3e-20, 2e-20, 2e-20, -1
0.751448, 0.300232, 0.197578, 0.05, -0.00115509, -0.0122355, 0.00365773, 0.0128227, 1010.68, 17088.2, 10, 2e-20, 3e-20, 2e-20, 2e-20, -1
0.786302, 0.228238, 0.23468, 0.05, 0.0470436, -0.0534919, 0.0133168, 0.0724695, 1004.18, 6683.63, 10, 2e-20, 3e-20, 2e-20, 2e-20, -1
0.760934, 0.286767, 0.244368, 0.05, -0.0144331, -0.0556051, -0.0612315, 0.0839616, 1006.73, 10775, 10, 2e-20, 3e-20, 2e-20, 2e-20, -1
0.713137, 0.279855, 0.239784, 0.05, 0.106299, 0.0133438, -0.130246, 0.168646, 1004.85, 7759.35, 10, 2e-20, 3e-20, 2e-20, 2e-20, -1
0.666077, 0.289805, 0.26151, 0.05, -0.0345105, -0.0152618, -0.0581053, 0.0692829, 1005.95, 9517.99, 10, 2e-20, 3e-20, 2e-20, 2e-20, -1
0.696315, 0.244393, 0.262457, 0.05, -0.0199274, -0.0811837, -0.0462409, 0.0955307, 1008.13, 13012.4, 10, 2e-20, 3e-20, 2e-20, 2e-20, -1
0.725466, 0.340531, 0.329193, 0.05, 0.0260995, -0.0548655, 0.00650152, 0.0611038, 1003.07, 4913.77, 10, 2e-20, 3e-20, 2e-20, 2e-20, -1
0.639446, 0.309103, 0.299422, 0.05, -0.0509071, -0.0816116, 0.00399649, 0.0962703, 1005.59, 8949.37, 10, 2e-20, 3e-20, 2e-20, 2e-20, -1
0.724837, 0.292092, 0.330519, 0.05, -0.0508925, -0.0185304, -0.0821464, 0.0983944, 1008.47, 13547.7, 10, 2e-20, 3e-20, 2e-20, 2e-20, -1
0.727177, 0.2269, 0.382335, 0.05, 0.0121553, -0.0555845, 0.0128233, 0.0583252, 1008.98, 14371.1, 10, 2e-20, 3e-20, 2e-20, 2e-20, -1
0.722643, 0.211639, 0.436472, 0.05, 0.0309418, -0.0037716, -0.0603657, 0.0679385, 1005.48, 8771.71, 10, 2e-20, 3e-20, 2e-20, 2e-20, -1
0.680739, 0.310389, 0.429554, 0.05, 0.0532655, 0.0943885, -0.00387578, 0.10845, 1006.08, 9727.5, 10, 2e-20, 3e-20, 2e-20, 2e-20, -1
0.685028, 0.194767, 0.412969, 0.05, 0.00467498, 0.0554408, -0.0471111, 0.072904, 1004.06, 6500.82, 10, 2e-20, 3e-20, 2e-20, 2e-20, -1
0.669078, 0.232367, 0.439627, 0.05, 0.0191092, -0.0286212, -0.136193, 0.140473, 1006.89, 11018, 10, 2e-20, 3e-20, 2e-20, 2e-20, -1
0.692256, 0.20561, 0.482343, 0.05, 0.0731359, -0.0540229, -0.0721426, 0.116068, 1001.33, 2122.02, 10, 2e-20, 3e-20, 2e-20, 2e-20, -1
0.683575, 0.163236, 0.524125, 0.05, -0.00848701, -0.067901, -0.0257054, 0.0730982, 1003.16, 5054.99, 10, 2e-20, 3e-20, 2e-20, 2e-20, -1
0.718841, 0.199276, 0.533079, 0.05, 0.0641582, -0.0240473, -0.0425492, 0.0806535, 1006.72, 10755.5, 10, 2e-20, 3e-20, 2e-20, 2e-20, -1
0.661673, 0.266605, 0.516945, 0.05, -0.0246306, -0.0225759, -0.0458334, 0.0567189, 1008.31, 13298.3, 10, 2e-20, 3e-20, 2e-20, 2e-20, -1
0.6619, 0.217193, 0.523798, 0.05, -0.0453594, 0.0320658, 0.0893854, 0.10524, 1005.47, 8747.52, 10, 2e-20, 3e-20, 2e-20, 2e-20, -1
0.766952, 0.257245, 0.640562, 0.05, -0.0815309, -0.0295913, -0.00338064, 0.0868007, 1007.02, 11228.4, 10, 2e-20, 3e-20, 2e-20, 2e-20, -1
0.794591, 0.294871, 0.751685, 0.05, -0.0272686, -0.00094506, -0.0699241, 0.075059, 1003.76, 6022.99, 10, 2e-20, 3e-20, 2e-20, 2e-20, -1
0.70951, 0.250038, 0.658445, 0.05, 0.0191127, -0.055066, -0.0540683, 0.0795043, 1000.3, 483.528, 10, 2e-20, 3e-20, 2e-20, 2e-20, -1
0.660187, 0.346706, 0.833518, 0.05, -0.11978, -0.0535743, -0.19685, 0.236574, 1002.25, 3602.14, 10, 2e-20, 3e-20, 2e-20, 2e-20, -1
0.784893, 0.196591, 0.702412, 0.05, -0.0432529, -0.0506162, -0.0957807, 0.116648, 1001.34, 2146.16, 10, 2e-20, 3e-20, 2e-20, 2e-20, -1
0.722167, 0.265789, 0.807016, 0.05, -0.00855627, -0.0290647, -0.0151041, 0.0338542, 1004.66, 7463.47, 10, 2e-20, 3e-20, 2e-20, 2e-20, -1
0.73374, 0.282895, 0.84464, 0.05, 0.0299864, -0.114951, -0.0616607, 0.133847, 1002.45, 3923.53, 10, 2e-20, 3e-20, 2e-20, 2e-20, -1
0.673992, 0.260362, 0.840585, 0.05, 0.00128845, -0.0356771, -0.138408, 0.142938, 1004.48, 7167, 10, 2e-20, 3e-20, 2e-20, 2e-20, -1
0.696373, 0.26833, 0.879052, 0.05, 0.0183086, -0.116493, -0.0746618, 0.139571, 1003.88, 6212.08, 10, 2e-20, 3e-20, 2e-20, 2e-20, -1
0.70255, 0.3145, 0.870261, 0.05, -0.0180421, 0.12688, -0.196285, 0.234418, 1005.45, 8715.21, 10, 2e-20, 3e-20, 2e-20, 2e-20, -1
0.605408, 0.295602, 0.925344, 0.05, -0.117741, -0.0798145, -0.103594, 0.175969, 1001.69, 2700.49, 10, 2e-20, 3e-20, 2e-20, 2e-20, -1
0.573658, 0.332766, 0.927568, 0.05, -0.126205, -0.109947, -0.060531, 0.177989, 1002.42, 3867.17, 10, 2e-20, 3e-20, 2e-20, 2e-20, -1
0.572198, 0.306597, 0.963035, 0.05, -0.0692615, 0.0590246, -0.240053, 0.256723, 1000.09, 148.002, 10, 2e-20, 3e-20, 2e-20, 2e-20, -1
0.589288, 0.357072, 0.967701, 0.05, -0.105017, 0.034735, -0.132562, 0.172649, 1004, 6400.56, 10, 2e-20, 3e-20, 2e-20, 2e-20, -1
0.638971, 0.301235, 0.95414, 0.05, -0.0620662, 0.0325955, -0.157517, 0.172413, 999.355, -1032.15, 10, 2e-20, 3e-20, 2e-20, 2e-20, -1
0.560896, 0.266473, 0.996252, 0.05, -0.0455963, -0.0327985, -0.178516, 0.187144, 1000.73, 1170.04, 10, 2e-20, 3e-20, 2e-20, 2e-20, -1
0.592187, 0.261124, 1.03272, 0.05, -0.0635025, 0.0335848, -0.0700538, 0.10034, 1001.11, 1776.22, 10, 2e-20, 3e-20, 2e-20, 2e-20, -1
0.518248, 0.28435, 1.05611, 0.05, -0.0459686, -0.1441, -0.0674228, 0.165601, 998.961, -1662.32, 10, 2e-20, 3e-20, 2e-20, 2e-20, -1
0.5548, 0.298339, 1.0412, 0.05, -0.212375, -0.0255175, -0.0599162, 0.222136, 999.791, -334.001, 10, 2e-20, 3e-20, 2e-20, 2e-20, -1
0.491967, 0.223345, 1.11481, 0.05, -0.127251, 0.00894128, -0.169343, 0.212014, 1001.75, 2796.48, 10, 2e-20, 3e-20, 2e-20, 2e-20, -1
0.391933, 0.188506, 1.18077, 0.05, -0.221759, -0.0804423, 0.0402616, 0.239309, 997.913, -3339.07, 10, 2e-20, 3e-20, 2e-20, 2e-20, -1
0.366676, 0.137019, 1.29287, 0.05, -0.259348, -0.0310197, 0.0474638, 0.265474, 1003.8, 6082.31, 10, 2e-20, 3e-20, 2e-20, 2e-20, -1
0.298325, 0.129754, 1.31228, 0.05, -0.283165, 0.0484218, 0.254771, 0.383973, 999.763, -379.306, 10, 2e-20, 3e-20, 2e-20, 2e-20, -1
0.22943, 0.203373, 1.27365, 0.05, -0.100494, 0.0359535, 0.0672113, 0.126131, 1000.56, 893.431, 10, 2e-20, 3e-20, 2e-20, 2e-20, -1
0.665124, 0.349043, 0.0515582, 0.05, 0.0140446, 0.068191, 0.0827217, 0.108121, 1016.04, 25659.4, 10, 2e-20, 3e-20, 2e-20, 2e-20, -1
0.727035, 0.431791, 0.0871923, 0.05, -0.0340008, 0.0367463, 0.0664237, 0.0831772, 1003.11, 4970.08, 10, 2e-20, 3e-20, 2e-20, 2e-20, -1
0.673241, 0.444008, 0.14058, 0.05, 0.175071, 0.0233892, -0.0100171, 0.176911, 1001.46, 2340.13, 10, 2e-20, 3e-20, 2e-20, 2e-20, -1
0.641067, 0.399015, 0.0474187, 0.05, -0.00539409, 0.00883132, -0.0238744, 0.0260207, 1011.56, 18502.6, 10, 2e-20, 3e-20, 2e-20, 2e-20, -1
0.658049, 0.407268, 0.108596, 0.05, 0.0489927, -0.0264045, -0.0172013, 0.0582526, 1003.72, 5952.05, 10, 2e-20, 3e-20, 2e-20, 2e-20, -1
0.718923, 0.344463, 0.120049, 0.05, 0.0098538, 0.000222464, 0.00838498, 0.0129404, 1006.68, 10681.5, 10, 2e-20, 3e-20, 2e-20, 2e-20, -1
0.687525, 0.388327, 0.143265, 0.05, 0.120876, 0.0123936, -0.0124557, 0.122146, 1004.99, 7977.11, 10, 2e-20, 3e-20, 2e-20, 2e-20, -1
0.713386, 0.344776, 0.166947, 0.05, 0.0849421, 0.021499, 0.00517906, 0.0877735, 1004.55, 7283.54, 10, 2e-20, 3e-20, 2e-20, 2e-20, -1
0.687528, 0.389964, 0.186763, 0.05, 0.0661312, -0.0232458, -0.0215453, 0.0733342, 1006.06, 9690.88, 10, 2e-20, 3e-20, 2e-20, 2e-20, -1
0.696825, 0.300111, 0.187277, 0.05, 0.0595316, -0.0506268, 0.0599291, 0.0984814, 1008.34, 13342.1, 10, 2e-20, 3e-20, 2e-20, 2e-20, -1
0.683097, 0.377257, 0.234227, 0.05, 0.050712, -0.0924549, -0.00182696, 0.105465, 1010.05, 16081.6, 10, 2e-20, 3e-20, 2e-20, 2e-20, -1
0.712679, 0.327522, 0.229162, 0.05, 0.0587308, -0.0551056, -0.0728348, 0.108586, 1003.14, 5017.13, 10, 2e-20, 3e-20, 2e-20, 2e-20, -1
0.683054, 0.344168, 0.277832, 0.05, 0.106156, 0.013313, -0.023585, 0.109556, 1014.95, 23916, 10, 2e-20, 3e-20, 2e-20, 2e-20, -1
0.665348, 0.345863, 0.323259, 0.05, 0.0874625, 0.0131008, -0.0615025, 0.107721, 1010.71, 17134.8, 10, 2e-20, 3e-20, 2e-20, 2e-20, -1
0.655969, 0.438263, 0.46002, 0.05, 0.0014701, 0.0551939, -0.0176889, 0.0579778, 1006.14, 9817.42, 10, 2e-20, 3e-20, 2e-20, 2e-20, -1
0.628358, 0.388982, 0.442867, 0.05, -0.00104618, -0.0929881, -0.113064, 0.146394, 1006.28, 10043.3, 10, 2e-20, 3e-20, 2e-20, 2e-20, -1
0.678078, 0.297781, 0.337167, 0.05, 0.0986977, -0.0971303, -0.0470777, 0.146259, 1006.66, 10663.9, 10, 2e-20, 3e-20, 2e-20, 2e-20, -1
0.628606, 0.41396, 0.529079, 0.05, -0.0365292, 0.0237523, -0.0871317, 0.0974192, 1010.48, 16769.8, 10, 2e-20, 3e-20, 2e-20, 2e-20, -1
0.659367, 0.318665, 0.374406, 0.05, 0.0420038, 0.0212039, 0.0123734, 0.048652, 1007.64, 12227.1, 10, 2e-20, 3e-20, 2e-20, 2e-20, -1
0.590306, 0.376388, 0.505727, 0.05, 0.000388998, 0.0792794, 0.0497616, 0.0936033, 1003.32, 5313.23, 10, 2e-20, 3e-20, 2e-20, 2e-20, -1
0.645707, 0.373768, 0.489569, 0.05, 0.0406017, -0.0233071, -0.0147339, 0.0490796, 1011.46, 18342.7, 10, 2e-20, 3e-20, 2e-20, 2e-20, -1
0.671534, 0.382863, 0.531554, 0.05, 0.0522926, 0.0607761, 0.0223659, 0.0832375, 1004.3, 6874.14, 10, 2e-20, 3e-20, 2e-20, 2e-20, -1
0.693738, 0.297604, 0.536539, 0.05, -0.0846916, 0.0227286, -0.0648936, 0.109089, 1003.13, 5012.18, 10, 2e-20, 3e-20, 2e-20, 2e-20, -1
0.691429, 0.362096, 0.666682, 0.05, 0.035756, 0.00990423, -0.222115, 0.225192, 1004.54, 7261.97, 10, 2e-20, 3e-20, 2e-20, 2e-20, -1
0.700962, 0.248407, 0.517211, 0.05, -0.0316094, 0.00156333, -0.004765, 0.0320048, 1004.02, 6426.81, 10, 2e-20, 3e-20, 2e-20, 2e-20, -1
0.661962, 0.283283, 0.565204, 0.05, 0.00975697, -0.0718483, -0.0644228, 0.0969932, 1004.17, 6675.19, 10, 2e-20, 3e-20, 2e-20, 2e-20, -1
0.679832, 0.277385, 0.624414, 0.05, 0.00112412, -0.0393031, -0.00110961, 0.0393348, 1007.68, 12295.3, 10, 2e-20, 3e-20, 2e-20, 2e-20, -1
0.71308, 0.291498, 0.688959, 0.05, -0.00155229, -0.00241004, -0.166449, 0.166473, 1003.45, 5514.35, 10, 2e-20, 3e-20, 2e-20, 2e-20, -1
0.684231, 0.361224, 0.719778, 0.05, -0.10348, -0.0221921, -0.0688993, 0.126284, 1002.72, 4348.93, 10, 2e-20, 3e-20, 2e-20, 2e-20, -1
0.758223, 0.260642, 0.68995, 0.05, -0.0365408, -0.0180374, -0.149019, 0.15449, 1003.38, 5403.23, 10, 2e-20, 3e-20, 2e-20, 2e-20, -1
0.724386, 0.347763, 0.777509, 0.05, -0.0647338, -0.0385653, -0.0764888, 0.10737, 1005.39, 8623.09, 10, 2e-20, 3e-20, 2e-20, 2e-20, -1
0.626533, 0.349987, 0.792695, 0.05, 0.053628, -0.0369948, -0.0353314, 0.0741141, 1004.13, 6600.92, 10, 2e-20, 3e-20, 2e-20, 2e-20, -1
0.751221, 0.306709, 0.793707, 0.05, 0.00968222, -0.066526, -0.236962, 0.246314, 1002.21, 3532.14, 10, 2e-20, 3e-20, 2e-20, 2e-20, -1
0.697964, 0.309888, 0.815678, 0.05, -0.148129, -0.0371633, -0.239579, 0.284115, 1000.19, 300.311, 10, 2e-20, 3e-20, 2e-20, 2e-20, -1
0.610782, 0.336163, 0.845881, 0.05, -0.0573284, 0.0393045, -0.14027, 0.156547, 1003.11, 4980.82, 10, 2e-20, 3e-20, 2e-20, 2e-20, -1
0.571215, 0.328154, 0.843769, 0.05, -0.0732869, 0.0305993, -0.145335, 0.165619, 1002.16, 3452.46, 10, 2e-20, 3e-20, 2e-20, 2e-20, -1
0.542299, 0.357964, 0.90008, 0.05, -0.203427, 0.0332386, -0.142866, 0.250795, 1007.8, 12475.7, 10, 2e-20, 3e-20, 2e-20, 2e-20, -1
0.591496, 0.308707, 0.881162, 0.05, -0.0422713, -0.0234923, -0.172172, 0.178835, 1004.06, 6490.57, 10, 2e-20, 3e-20, 2e-20, 2e-20, -1
0.493449, 0.347523, 0.96524, 0.05, -0.106927, -0.157634, -0.147897, 0.241154, 1002.83, 4530.49, 10, 2e-20, 3e-20, 2e-20, 2e-20, -1
0.539976, 0.343698, 0.974549, 0.05, -0.0216596, -0.0495856, -0.121516, 0.133019, 1004.62, 7390.71, 10, 2e-20, 3e-20, 2e-20, 2e-20, -1
0.563784, 0.347757, 1.01908, 0.05, -0.24461, -0.0602853, -0.108808, 0.274422, 1000.13, 215.796, 10, 2e-20, 3e-20, 2e-20, 2e-20, -1
0.603751, 0.280823, 0.986695, 0.05, -0.101065, -0.0472527, -0.157825, 0.193276, 1005.39, 8628, 10, 2e-20, 3e-20, 2e-20, 2e-20, -1
0.520799, 0.440018, 1.18891, 0.05, -0.131421, 0.0364805, -0.0614989, 0.149614, 996.557, -5509.52, 10, 2e-20, 3e-20, 2e-20, 2e-20, -1
0.543824, 0.352703, 1.08629, 0.05, -0.226872, 0.0330855, -0.125889, 0.26156, 1003.33, 5325.46, 10, 2e-20, 3e-20, 2e-20, 2e-20, -1
0.543772, 0.371292, 1.14254, 0.05, -0.106802, -0.0272415, -0.237295, 0.261645, 1000.87, 1391.96, 10, 2e-20, 3e-20, 2e-20, 2e-20, -1
0.498309, 0.35334, 1.14686, 0.05, -0.088965, -0.0571288, -0.0924938, 0.140476, 998.094, -3048.88, 10, 2e-20, 3e-20, 2e-20, 2e-20, -1
0.448528, 0.291237, 1.16622, 0.05, -0.24083, -0.0276809, -0.00223028, 0.242426, 1004.8, 7687.48, 10, 2e-20, 3e-20, 2e-20, 2e-20, -1
0.445579, 0.209225, 1.1782, 0.05, -0.182244, -0.0144967, 0.0345313, 0.186053, 998.37, -2607.81, 10, 2e-20, 3e-20, 2e-20, 2e-20, -1
0.333918, 0.182663, 1.29098, 0.05, -0.184282, -0.0848809, 0.0568535, 0.210706, 998.463, -2459.63, 10, 2e-20, 3e-20, 2e-20, 2e-20, -1
0.291812, 0.203651, 1.28835, 0.05, -0.245135, -0.0195454, 0.0612199, 0.253419, 1003.9, 6246.8, 10, 2e-20, 3e-20, 2e-20, 2e-20, -1
0.195676, 0.300717, 1.33858, 0.05, -0.0591999, -0.0220142, 0.0692241, 0.0937082, 995.548, -7122.89, 10, 2e-20, 3e-20, 2e-20, 2e-20, -1
0.674381, 0.443337, 0.0484399, 0.05, -0.00105058, -0.0494667, 0.00649586, 0.0499025, 1011.61, 18575.4, 10, 2e-20, 3e-20, 2e-20, 2e-20, -1
0.737326, 0.44888, 0.201122, 0.05, 0.0974099, 0.00520047, 0.0170935, 0.099035, 1009.61, 15369.2, 10, 2e-20, 3e-20, 2e-20, 2e-20, -1
0.710465, 0.4985, 0.232594, 0.05, -0.143945, -0.0105099, -0.0779812, 0.164048, 1015.55, 24878.7, 10, 2e-20, 3e-20, 2e-20, 2e-20, -1
0.663687, 0.499688, 0.255186, 0.05, 0.060554, -0.0240527, -0.043579, 0.0783866, 1014.78, 23648, 10, 2e-20, 3e-20, 2e-20, 2e-20, -1
0.681646, 0.449999, 0.192379, 0.05, 0.0773705, 0.119618, 0.101024, 0.174644, 1007.17, 11467.7, 10, 2e-20, 3e-20, 2e-20, 2e-20, -1
0.682288, 0.447742, 0.232735, 0.05, 0.0665703, 0.0380367, -0.0132296, 0.0778037, 1006.23, 9961.46, 10, 2e-20, 3e-20, 2e-20, 2e-20, -1
0.635411, 0.411655, 0.161059, 0.05, -0.0139443, -0.0237861, -0.0109095, 0.029652, 1008.64, 13831.8, 10, 2e-20, 3e-20, 2e-20, 2e-20, -1
0.63469, 0.458341, 0.255832, 0.05, 0.0996112, 0.104896, -0.0586529, 0.156096, 1008.36, 13379.6, 10, 2e-20, 3e-20, 2e-20, 2e-20, -1
0.673232, 0.501721, 0.321111, 0.05, -0.0081028, 0.010762, 0.14519, 0.145814, 1012.19, 19510, 10, 2e-20, 3e-20, 2e-20, 2e-20, -1
0.677376, 0.442535, 0.376403, 0.05, 0.0714904, 0.030701, -0.0542778, 0.0948658, 1001.98, 3166.39, 10, 2e-20, 3e-20, 2e-20, 2e-20, -1
0.706247, 0.415161, 0.265858, 0.05, 0.0104322, 0.00369181, -0.09374, 0.0943909, 1004.38, 7006.48, 10, 2e-20, 3e-20, 2e-20, 2e-20, -1
0.694453, 0.399167, 0.34186, 0.05, -0.0644216, 0.0446333, -0.0797864, 0.11184, 1004.79, 7665.96, 10, 2e-20, 3e-20, 2e-20, 2e-20, -1
0.703469, 0.348569, 0.360706, 0.05, 0.105716, 0.00180199, -0.0680077, 0.125714, 1002.11, 3375.05, 10, 2e-20, 3e-20, 2e-20, 2e-20, -1
0.701867, 0.435346, 0.47236, 0.05, 0.066813, 0.0305466, -0.0585848, 0.0939641, 1002.55, 4080.92, 10, 2e-20, 3e-20, 2e-20, 2e-20, -1
0.708606, 0.427262, 0.516337, 0.05, -0.0351331, 0.0707977, -0.0525865, 0.0949315, 1003.14, 5020.99, 10, 2e-20, 3e-20, 2e-20, 2e-20, -1
0.663481, 0.438285, 0.504928, 0.05, 0.0187528, 0.050691, -0.0502681, 0.0738114, 1001.14, 1819.96, 10, 2e-20, 3e-20, 2e-20, 2e-20, -1
0.734581, 0.436687, 0.650805, 0.05, 0.0688855, -0.0221163, 0.0783171, 0.10662, 1008.62, 13784.6, 10, 2e-20, 3e-20, 2e-20, 2e-20, -1
0.647289, 0.434686, 0.654758, 0.05, -0.0125023, -0.0303904, 0.00683324, 0.0335645, 1005.44, 8708.66, 10, 2e-20, 3e-20, 2e-20, 2e-20, -1
0.633988, 0.446642, 0.695651, 0.05, 0.0169659, 0.046805, 0.111615, 0.122215, 1003.14, 5027.05, 10, 2e-20, 3e-20, 2e-20, 2e-20, -1
0.64299, 0.392079, 0.570879, 0.05, 0.0729344, 0.0183837, -0.034868, 0.0829045, 1005.15, 8241.5, 10, 2e-20, 3e-20, 2e-20, 2e-20, -1
0.68631, 0.430666, 0.742789, 0.05, -0.047023, 0.0257103, -0.00984199, 0.054489, 1003.9, 6247.28, 10, 2e-20, 3e-20, 2e-20, 2e-20, -1
0.66071, 0.370675, 0.60714, 0.05, 0.000466648, -0.0268903, 0.0164086, 0.0315047, 1003.93, 6289.75, 10, 2e-20, 3e-20, 2e-20, 2e-20, -1
0.702145, 0.443106, 0.785723, 0.05, 0.0440361, -0.0591733, -0.038956, 0.083416, 1000.49, 788.251, 10, 2e-20, 3e-20, 2e-20, 2e-20, -1
0.685679, 0.403498, 0.638049, 0.05, -0.0898567, -0.187771, -0.00976034, 0.208393, 1001.97, 3155.04, 10, 2e-20, 3e-20, 2e-20, 2e-20, -1
0.668397, 0.388322, 0.756707, 0.05, -0.0804873, -0.0148293, -0.0118171, 0.0826907, 1007.59, 12150.2, 10, 2e-20, 3e-20, 2e-20, 2e-20, -1
0.663769, 0.329616, 0.692363, 0.05, -0.0445457, -0.00848504, -0.0954638, 0.105687, 1001.6, 2561.56, 10, 2e-20, 3e-20, 2e-20, 2e-20, -1
0.659352, 0.395566, 0.690996, 0.05, -0.0183359, 0.0104886, -0.120461, 0.122299, 1003.72, 5957.25, 10, 2e-20, 3e-20, 2e-20, 2e-20, -1
0.680359, 0.381573, 0.802157, 0.05, -0.0283469, -0.0676773, -0.120043, 0.140692, 1006.26, 10010.7, 10, 2e-20, 3e-20, 2e-20, 2e-20, -1
0.581555, 0.444377, 0.87732, 0.05, -0.0091505, 0.0514082, -0.103194, 0.115653, 1002.19, 3502.77, 10, 2e-20, 3e-20, 2e-20, 2e-20, -1
0.662617, 0.409058, 0.843533, 0.05, -0.0592589, -0.0452296, -0.05498, 0.092629, 1002.64, 4216.28, 10, 2e-20, 3e-20, 2e-20, 2e-20, -1
0.513929, 0.442858, 1.05843, 0.05, -0.221716, 0.169938, -0.0768859, 0.289739, 1000.89, 1420.23, 10, 2e-20, 3e-20, 2e-20, 2e-20, -1
0.515135, 0.395515, 0.932869, 0.05, 0.0367461, 0.0336145, -0.175371, 0.182306, 1002.35, 3759.96, 10, 2e-20, 3e-20, 2e-20, 2e-20, -1
0.491731, 0.462892, 1.12145, 0.05, -0.173564, 0.00738401, -0.0820743, 0.192133, 1001.66, 2652.56, 10, 2e-20, 3e-20, 2e-20, 2e-20, -1
0.609213, 0.384226, 0.825207, 0.05, 0.00889287, -0.0225811, -0.126851, 0.129152, 1002.57, 4115.4, 10, 2e-20, 3e-20, 2e-20, 2e-20, -1
0.48463, 0.411462, 1.04996, 0.05, -0.120072, 0.00173944, -0.148117, 0.19068, 1000.99, 1590.01, 10, 2e-20, 3e-20, 2e-20, 2e-20, -1
0.519073, 0.396755, 0.986105, 0.05, -0.0673574, -0.0492403, -0.115339, 0.142354, 1003.24, 5177.47, 10, 2e-20, 3e-20, 2e-20, 2e-20, -1
0.543854, 0.421969, 1.03228, 0.05, 0.0996079, -0.0391599, -0.16404, 0.195868, 999.933, -107.48, 10, 2e-20, 3e-20, 2e-20, 2e-20, -1
0.559941, 0.383048, 0.943756, 0.05, -0.122566, -0.003669, -0.103928, 0.160739, 1002.51, 4020.79, 10, 2e-20, 3e-20, 2e-20, 2e-20, -1
0.486471, 0.434879, 1.10466, 0.05, -0.204711, 0.110464, -0.185384, 0.297449, 1001.53, 2445.99, 10, 2e-20, 3e-20, 2e-20, 2e-20, -1
0.53516, 0.385405, 1.02951, 0.05, -0.0609938, -0.0570322, -0.0481102, 0.0963717, 1000.36, 568.189, 10, 2e-20, 3e-20, 2e-20, 2e-20, -1
0.524743, 0.440017, 1.12745, 0.05, -0.00280269, 0.00921015, -0.111676, 0.11209, 1001.4, 2232.87, 10, 2e-20, 3e-20, 2e-20, 2e-20, -1
0.485261, 0.430959, 1.15825, 0.05, -0.143669, 0.0080869, -0.164738, 0.218735, 997.715, -3656.24, 10, 2e-20, 3e-20, 2e-20, 2e-20, -1
0.498799, 0.389997, 1.1261, 0.05, -0.0837226, -0.0737688, -0.0964056, 0.147463, 1003.4, 5444.3, 10, 2e-20, 3e-20, 2e-20, 2e-20, -1
0.355507, 0.277328, 1.10753, 0.05, -0.152418, -0.0325063, -0.0557414, 0.165514, 1001.71, 2741.16, 10, 2e-20, 3e-20, 2e-20, 2e-20, -1
0.423214, 0.351331, 1.09499, 0.05, -0.165822, 0.000826805, -0.20797, 0.265987, 1001.2, 1921.89, 10, 2e-20, 3e-20, 2e-20, 2e-20, -1
0.44699, 0.347805, 1.17363, 0.05, -0.130055, 0.0932162, -0.0664617, 0.173265, 998.884, -1785.46, 10, 2e-20, 3e-20, 2e-20, 2e-20, -1
0.382708, 0.325128, 1.21557, 0.05, -0.199233, -0.0255139, -0.0230905, 0.202183, 1001.56, 2501.34, 10, 2e-20, 3e-20, 2e-20, 2e-20, -1
0.444585, 0.384622, 1.22275, 0.05, -0.161991, 0.00248073, -0.0386487, 0.166556, 1003.95, 6323.15, 10, 2e-20, 3e-20, 2e-20, 2e-20, -1
0.433923, 0.310712, 1.12738, 0.05, -0.209936, -0.110115, -0.0678182, 0.246572, 1002.7, 4312.6, 10, 2e-20, 3e-20, 2e-20, 2e-20, -1
0.303151, 0.252363, 1.20819, 0.05, -0.0917961, 0.0134163, 0.00465372, 0.092888, 999.845, -247.484, 10, 2e-20, 3e-20, 2e-20, 2e-20, -1
0.301203, 0.234247, 1.29583, 0.05, -0.163194, -0.087082, 0.0125284, 0.185398, 1000.01, 16.9907, 10, 2e-20, 3e-20, 2e-20, 2e-20, -1
0.690754, 0.451561, 0.097321, 0.05, 0.0577799, 0.0197096, 0.0801073, 0.100718, 1007.15, 11438.3, 10, 2e-20, 3e-20, 2e-20, 2e-20, -1
0.644046, 0.493597, 0.0571364, 0.05, 0.0613001, 0.00619582, 0.0134508, 0.0630635, 1014.04, 22470.3, 10, 2e-20, 3e-20, 2e-20, 2e-20, -1
0.705163, 0.496337, 0.175789, 0.05, 0.0281952, 0.0199823, 0.0274149, 0.0441117, 1019.8, 31683.5, 10, 2e-20, 3e-20, 2e-20, 2e-20, -1
0.8394, 0.495142, 0.514925, 0.05, 0.0696502, -0.0367333, -0.060775, 0.0994691, 1015.03, 24055.6, 10, 2e-20, 3e-20, 2e-20, 2e-20, -1
0.194783, -0.264367, 1.44817, 0.05, -0.201481, 0.17459, 0.140431, 0.301325, 1005.9, 9446.73, 10, 2e-20, 3e-20, 2e-20, 2e-20, -1
0.810704, 0.497443, 0.658984, 0.05, -0.0300493, -0.0131355, 0.0665742, 0.0742133, 1009.78, 15652.9, 10, 2e-20, 3e-20, 2e-20, 2e-20, -1
0.700107, 0.488074, 0.395347, 0.05, -0.158553, -0.0348619, -0.0516286, 0.170352, 1004.7, 7527.16, 10, 2e-20, 3e-20, 2e-20, 2e-20, -1
0.706645, 0.494679, 0.592206, 0.05, 0.108888, 0.0310582, 0.0248503, 0.115925, 1012.83, 20535.9, 10, 2e-20, 3e-20, 2e-20, 2e-20, -1
0.698827, 0.448021, 0.622068, 0.05, -0.00572852, 0.0873223, -0.0374602, 0.0951907, 1008.15, 13044.7, 10, 2e-20, 3e-20, 2e-20, 2e-20, -1
0.755907, 0.495401, 0.824183, 0.05, 0.0610995, -0.00110201, 0.0764167, 0.0978462, 1006.35, 10156.6, 10, 2e-20, 3e-20, 2e-20, 2e-20, -1
0.491754, -0.420388, 1.42484, 0.05, -0.255016, 0.136499, -0.310415, 0.424291, 998.737, -2020.29, 10, 2e-20, 3e-20, 2e-20, 2e-20, -1
0.779021, 0.492915, 1.0568, 0.05, -0.00293933, 0.0095489, 0.0836226, 0.0842173, 1008.57, 13713.3, 10, 2e-20, 3e-20, 2e-20, 2e-20, -1
-0.0798274, -0.0805768, 1.42741, 0.05, -0.153909, -0.247683, 0.200618, 0.353952, 999.73, -431.441, 10, 2e-20, 3e-20, 2e-20, 2e-20, -1
0.667162, 0.433576, 0.556463, 0.05, -0.0382987, -0.00358497, -0.0641426, 0.0747925, 1005.69, 9097.84, 10, 2e-20, 3e-20, 2e-20, 2e-20, -1
0.726315, 0.492457, 1.02687, 0.05, -0.0233268, -0.11237, 0.0214167, 0.116747, 1006.16, 9861.18, 10, 2e-20, 3e-20, 2e-20, 2e-20, -1
0.717148, 0.50493, 1.29247, 0.05, -0.0565886, -0.0480428, -0.0488063, 0.0888394, 999.163, -1339.22, 10, 2e-20, 3e-20, 2e-20, 2e-20, -1
0.686796, 0.494335, 0.750186, 0.05, -0.00395409, -0.0262832, -0.0339122, 0.0430869, 1006.82, 10908.9, 10, 2e-20, 3e-20, 2e-20, 2e-20, -1
0.69448, 0.495296, 0.975834, 0.05, -0.00843731, -0.0912713, 0.0959926, 0.132726, 1003.67, 5872.75, 10, 2e-20, 3e-20, 2e-20, 2e-20, -1
0.7071, 0.496902, 0.798309, 0.05, -0.0424037, 0.0219127, -0.0127826, 0.0494129, 1005.66, 9048.38, 10, 2e-20, 3e-20, 2e-20, 2e-20, -1
0.695998, 0.494966, 1.07718, 0.05, -0.0506739, -0.0762331, 0.00237555, 0.0915695, 1008.19, 13102.9, 10, 2e-20, 3e-20, 2e-20, 2e-20, -1
0.658971, 0.496873, 1.03114, 0.05, -0.0551196, -0.0190576, -0.0156232, 0.0603775, 1001.92, 3066.14, 10, 2e-20, 3e-20, 2e-20, 2e-20, -1
0.63624, 0.492263, 1.10445, 0.05, -0.00767983, -0.0446711, -0.0938513, 0.104224, 999.233, -1227.62, 10, 2e-20, 3e-20, 2e-20, 2e-20, -1
0.53942, 0.501926, 1.01757, 0.05, 0.0109107, 0.0205756, 0.133908, 0.135918, 1001.43, 2294.96, 10, 2e-20, 3e-20, 2e-20, 2e-20, -1
0.606822, 0.4218, 1.24002, 0.05, -0.175364, 0.0637574, -0.0781991, 0.202318, 1000.3, 475.869, 10, 2e-20, 3e-20, 2e-20, 2e-20, -1
0.626263, 0.497845, 0.991468, 0.05, -0.0619361, 0.00560672, 0.192328, 0.202133, 1002.31, 3688.35, 10, 2e-20, 3e-20, 2e-20, 2e-20, -1
0.559968, 0.493528, 1.19475, 0.05, -0.127343, -0.0977061, 0.0957474, 0.186896, 1000.51, 816.545, 10, 2e-20, 3e-20, 2e-20, 2e-20, -1
0.672913, 0.463736, 0.87668, 0.05, -0.0530034, 0.045522, 0.0220231, 0.0732572, 1008.13, 13006.4, 10, 2e-20, 3e-20, 2e-20, 2e-20, -1
0.531079, 0.458302, 1.01379, 0.05, -0.051691, 0.0763894, -0.0448356, 0.102555, 1003.71, 5931.98, 10, 2e-20, 3e-20, 2e-20, 2e-20, -1
0.605974, 0.49911, 1.21701, 0.05, 0.0526216, -0.0311651, -0.157451, 0.168911, 1002.89, 4630.29, 10, 2e-20, 3e-20, 2e-20, 2e-20, -1
0.480341, 0.498265, 1.29318, 0.05, -0.0413913, -0.0207743, 0.0373953, 0.0595249, 996.684, -5305.57, 10, 2e-20, 3e-20, 2e-20, 2e-20, -1
0.4382, 0.435438, 1.14981, 0.05, -0.165721, -0.00297197, 0.0112488, 0.166129, 1001.65, 2634.65, 10, 2e-20, 3e-20, 2e-20, 2e-20, -1
0.736181, 0.338102, 1.06815, 0.05, -0.011499, -0.0602735, -0.257871, 0.265071, 1001.04, 1661.29, 10, 2e-20, 3e-20, 2e-20, 2e-20, -1
0.431557, 0.461084, 1.28213, 0.05, -0.0438466, 0.0500789, 0.152469, 0.166365, 998.068, -3091.72, 10, 2e-20, 3e-20, 2e-20, 2e-20, -1
0.569556, 0.403065, 1.31495, 0.05, -0.158552, -0.0233123, 0.00580116, 0.160361, 1007.5, 12006, 10, 2e-20, 3e-20, 2e-20, 2e-20, -1
0.533422, 0.438327, 1.31799, 0.05, -0.0828874, -0.0266291, -0.0939463, 0.128083, 997.912, -3341.44, 10, 2e-20, 3e-20, 2e-20, 2e-20, -1
0.592606, 0.512265, 1.31161, 0.05, -0.035926, 0.0105458, -0.0375101, 0.052999, 1001.01, 1622.49, 10, 2e-20, 3e-20, 2e-20, 2e-20, -1
0.595344, 0.363038, 1.36955, 0.05, -0.10838, -0.00605618, -0.062339, 0.125176, 1003.71, 5939.57, 10, 2e-20, 3e-20, 2e-20, 2e-20, -1
0.558791, 0.480136, 1.34683, 0.05, 0.0853881, -0.0713922, 0.0289271, 0.114999, 1002.1, 3358.93, 10, 2e-20, 3e-20, 2e-20, 2e-20, -1
0.710847, -0.306344, 1.39945, 0.05, -0.300013, 0.240393, -0.534326, 0.658256, 1003.25, 5204.34, 10, 2e-20, 3e-20, 2e-20, 2e-20, -1
0.555349, 0.391704, 1.2256, 0.05, -0.240055, 0.0577031, -0.0894898, 0.262611, 1002.7, 4320.55, 10, 2e-20, 3e-20, 2e-20, 2e-20, -1
0.662161, 0.328919, 1.20275, 0.05, -0.297736, 0.0592832, -0.172623, 0.349227, 999.641, -574.149, 10, 2e-20, 3e-20, 2e-20, 2e-20, -1
0.587042, 0.568468, 1.55635, 0.05, 0.0183132, 0.0162664, -0.0507261, 0.0563303, 1000.44, 700.3, 10, 2e-20, 3e-20, 2e-20, 2e-20, -1
0.424927, 0.308154, 1.39272, 0.05, -0.230128, -0.106875, -0.14469, 0.29209, 996.392, -5773.09, 10, 2e-20, 3e-20, 2e-20, 2e-20, -1
0.661368, 0.302118, 1.25355, 0.05, -0.248579, -0.0485419, -0.231627, 0.343219, 1004.12, 6597.18, 10, 2e-20, 3e-20, 2e-20, 2e-20, -1
0.749321, 0.316116, 1.1251, 0.05, 0.084158, -0.0336307, -0.224575, 0.242172, 1004.67, 7466.6, 10, 2e-20, 3e-20, 2e-20, 2e-20, -1
0.765357, 0.358055, 1.14172, 0.05, -0.0878069, -0.152352, -0.250917, 0.306399, 1000.63, 1013.55, 10, 2e-20, 3e-20, 2e-20, 2e-20, -1
0.857975, 0.323925, 1.14264, 0.05, -0.0962374, 0.00135836, -0.201802, 0.223579, 1000.35, 558.133, 10, 2e-20, 3e-20, 2e-20, 2e-20, -1
0.62883, 0.462177, 1.28394, 0.05, -0.0139274, -0.141028, -0.0600501, 0.153912, 1001.76, 2808.91, 10, 2e-20, 3e-20, 2e-20, 2e-20, -1
0.573024, 0.302537, 1.29468, 0.05, -0.151795, -0.171313, -0.0503506, 0.234361, 1000.09, 144.129, 10, 2e-20, 3e-20, 2e-20, 2e-20, -1
0.592165, 0.355971, 1.30547, 0.05, -0.123399, 0.0430131, 0.00937462, 0.131017, 1001.09, 1736.16, 10, 2e-20, 3e-20, 2e-20, 2e-20, -1
0.288315, 0.268029, 1.25917, 0.05, -0.230229, -0.0327466, -0.0315223, 0.234673, 1001.45, 2326.72, 10, 2e-20, 3e-20, 2e-20, 2e-20, -1
0.791078, -0.497524, 0.114512, 0.05, 0.0287265, 0.0552394, -0.0355346, 0.071689, 1018.97, 30345.7, 10, 2e-20, 3e-20, 2e-20, 2e-20, -1
0.740376, -0.492973, 0.156441, 0.05, 0.168831, -0.0338208, -0.0738393, 0.18735, 1029.55, 47280, 10, 2e-20, 3e-20, 2e-20, 2e-20, -1
0.788111, -0.492929, 0.423857, 0.05, -0.112928, -0.0211258, 0.155943, 0.193693, 1015.49, 24777.9, 10, 2e-20, 3e-20, 2e-20, 2e-20, -1
0.750972, -0.495763, 0.464712, 0.05, -0.0654261, -0.000978977, 0.0445982, 0.0791867, 1014.4, 23041, 10, 2e-20, 3e-20, 2e-20, 2e-20, -1
0.784495, -0.464467, 0.354236, 0.05, -0.0793666, -0.0413128, -0.00769462, 0.0898054, 1010.93, 17480.1, 10, 2e-20, 3e-20, 2e-20, 2e-20, -1
0.695658, -0.498348, 0.48016, 0.05, -0.046617, -0.0143501, 0.0935857, 0.105534, 1009.95, 15924.8, 10, 2e-20, 3e-20, 2e-20, 2e-20, -1
0.736226, -0.472437, 0.413629, 0.05, -0.0891746, -0.0368305, 0.143262, 0.172721, 1005.13, 8203.47, 10, 2e-20, 3e-20, 2e-20, 2e-20, -1
0.6427, -0.499996, 0.453268, 0.05, -0.0704291, 0.151527, 0.0178622, 0.168047, 1010.07, 16116.3, 10, 2e-20, 3e-20, 2e-20, 2e-20, -1
0.815847, -0.499801, 0.625166, 0.05, -0.0436402, 0.00575267, 0.187608, 0.192703, 1004.15, 6641.82, 10, 2e-20, 3e-20, 2e-20, 2e-20, -1
0.851553, -0.494891, 0.747896, 0.05, -0.166134, 0.0321156, 0.173648, 0.242457, 1005.95, 9521.52, 10, 2e-20, 3e-20, 2e-20, 2e-20, -1
0.749229, -0.496722, 0.602781, 0.05, -0.0436498, -0.021243, 0.126647, 0.135632, 1002.79, 4460.74, 10, 2e-20, 3e-20, 2e-20, 2e-20, -1
0.710848, -0.500201, 0.543375, 0.05, -0.116567, -0.0201933, 0.239593, 0.267209, 1007.1, 11352.3, 10, 2e-20, 3e-20, 2e-20, 2e-20, -1
0.819379, -0.494809, 0.694752, 0.05, -0.102609, -0.0145642, 0.128421, 0.165023, 1004.15, 6643.35, 10, 2e-20, 3e-20, 2e-20, 2e-20, -1
0.707861, -0.474192, 0.586261, 0.05, -0.00327128, -0.0525056, 0.103012, 0.115667, 1000.2, 316.161, 10, 2e-20, 3e-20, 2e-20, 2e-20, -1
0.661147, -0.495736, 0.703075, 0.05, -0.0124079, -0.00361562, 0.201431, 0.201845, 1010.77, 17237.1, 10, 2e-20, 3e-20, 2e-20, 2e-20, -1
0.780281, -0.496576, 0.733591, 0.05, 0.0225094, -0.0605069, 0.197592, 0.207871, 1005.99, 9586.32, 10, 2e-20, 3e-20, 2e-20, 2e-20, -1
0.782581, -0.492769, 0.827102, 0.05, 0.0058064, -0.062594, 0.0843404, 0.10519, 1004.63, 7410.96, 10, 2e-20, 3e-20, 2e-20, 2e-20, -1
0.717501, -0.450511, 0.81684, 0.05, -0.00459085, -0.0337236, 0.117071, 0.121918, 1003.51, 5623.01, 10, 2e-20, 3e-20, 2e-20, 2e-20, -1
0.730815, -0.497797, 0.713151, 0.05, -0.0191431, -0.0564702, 0.105233, 0.120952, 1006.45, 10316.3, 10, 2e-20, 3e-20, 2e-20, 2e-20, -1
0.709257, -0.492598, 0.895638, 0.05, -0.0212828, 0.0259308, 0.112817, 0.117699, 997.936, -3301.66, 10, 2e-20, 3e-20, 2e-20, 2e-20, -1
0.800322, -0.499408, 1.39631, 0.05, -0.60376, 0.0386523, -0.273208, 0.663824, 996.883, -4987.18, 10, 2e-20, 3e-20, 2e-20, 2e-20, -1
0.694033, -0.495481, 1.00232, 0.05, 0.0646544, -0.0250565, 0.112582, 0.132222, 1001.69, 2701.03, 10, 2e-20, 3e-20, 2e-20, 2e-20, -1
0.668205, -0.488982, 1.11091, 0.05, -0.202936, 0.0266223, 0.0547108, 0.211861, 999.974, -42.2974, 10, 2e-20, 3e-20, 2e-20, 2e-20, -1
0.739282, -0.49582, 1.35596, 0.05, 0.00652279, -0.114213, 0.165684, 0.201341, 999.614, -618.276, 10, 2e-20, 3e-20, 2e-20, 2e-20, -1
0.745836, -0.499088, 0.999783, 0.05, 0.0751181, -0.0739493, 0.084597, 0.135159, 1001.15, 1846.75, 10, 2e-20, 3e-20, 2e-20, 2e-20, -1
0.343315, 0.38929, 1.38858, 0.05, -0.210772, -0.0125379, -0.0827247, 0.226772, 998.33, -2671.38, 10, 2e-20, 3e-20, 2e-20, 2e-20, -1
0.577771, -0.496594, 1.25909, 0.05, 0.109558, -0.0656974, 0.12068, 0.175735, 1006.34, 10144.5, 10, 2e-20, 3e-20, 2e-20, 2e-20, -1
0.671573, -0.495796, 1.18634, 0.05, -0.0563665, 0.0685922, 0.133744, 0.160529, 999.077, -1477.18, 10, 2e-20, 3e-20, 2e-20, 2e-20, -1
0.692365, -0.493549, 1.40414, 0.05, 0.140525, -0.0438883, -0.00889843, 0.147488, 997.799, -3522.19, 10, 2e-20, 3e-20, 2e-20, 2e-20, -1
0.644064, -0.439918, 1.05367, 0.05, -0.0205624, -0.0435012, 0.148904, 0.156485, 1004.13, 6614.76, 10, 2e-20, 3e-20, 2e-20, 2e-20, -1
0.511118, -0.446341, 1.38536, 0.05, -0.0239002, 0.0536898, -0.109817, 0.124553, 1001.64, 2624.96, 10, 2e-20, 3e-20, 2e-20, 2e-20, -1
0.636948, -0.502973, 1.2372, 0.05, 0.149226, 0.123756, 0.0566648, 0.201977, 999.954, -73.4577, 10, 2e-20, 3e-20, 2e-20, 2e-20, -1
0.587377, -0.460607, 1.17902, 0.05, -0.013561, 0.0645981, 0.220024, 0.229712, 1003.75, 5994.76, 10, 2e-20, 3e-20, 2e-20, 2e-20, -1
0.586039, -0.329363, 1.27493, 0.05, -0.202232, 0.126117, -0.203052, 0.313102, 996.539, -5537.91, 10, 2e-20, 3e-20, 2e-20, 2e-20, -1
0.555563, -0.384784, 1.34684, 0.05, -0.124802, 0.0763336, -0.0927018, 0.173194, 995.812, -6700.56, 10, 2e-20, 3e-20, 2e-20, 2e-20, -1
0.78305, -0.257636, 1.34151, 0.05, -0.105097, -0.129865, -0.0582211, 0.176918, 1006.66, 10658.5, 10, 2e-20, 3e-20, 2e-20, 2e-20, -1
0.474507, -0.344425, 1.26782, 0.05, -0.167212, 0.0376643, 0.173428, 0.243835, 1004.37, 6987.14, 10, 2e-20, 3e-20, 2e-20, 2e-20, -1
0.44758, -0.408167, 1.30639, 0.05, -0.0962274, -0.246829, 0.107098, 0.285752, 1002.66, 4248.65, 10, 2e-20, 3e-20, 2e-20, 2e-20, -1
0.530844, -0.305168, 1.28388, 0.05, -0.1606, 0.00441176, -0.0554898, 0.169974, 994.768, -8371.48, 10, 2e-20, 3e-20, 2e-20, 2e-20, -1
0.529305, -0.264711, 1.25521, 0.05, -0.0115837, -0.0494099, 0.0213728, 0.0550665, 999.524, -761.178, 10, 2e-20, 3e-20, 2e-20, 2e-20, -1
0.502369, -0.344723, 1.1158, 0.05, -0.148063, -0.0574696, 0.073648, 0.17507, 1001.84, 2936.67, 10, 2e-20, 3e-20, 2e-20, 2e-20, -1
0.635879, -0.27686, 1.27602, 0.05, -0.141689, 0.0212667, -0.173622, 0.225106, 1000.13, 200.67, 10, 2e-20, 3e-20, 2e-20, 2e-20, -1
0.445152, -0.334031, 1.23383, 0.05, -0.254449, 0.175347, -0.0247004, 0.310001, 994.762, -8380.35, 10, 2e-20, 3e-20, 2e-20, 2e-20, -1
0.806075, -0.317049, 1.36217, 0.05, -0.241591, 0.116661, -0.268693, 0.3797, 1002.92, 4678.69, 10, 2e-20, 3e-20, 2e-20, 2e-20, -1
0.62077, -0.225721, 1.27391, 0.05, -0.0819762, 0.0466159, -0.0756757, 0.120913, 1000.8, 1283.82, 10, 2e-20, 3e-20, 2e-20, 2e-20, -1
0.617933, -0.36888, 1.32713, 0.05, -0.149423, 0.037669, -0.160874, 0.22277, 1002.99, 4784.1, 10, 2e-20, 3e-20, 2e-20, 2e-20, -1
0.524789, -0.158386, 1.33405, 0.05, -0.141774, -0.0630196, 0.173604, 0.23283, 1002.05, 3276.39, 10, 2e-20, 3e-20, 2e-20, 2e-20, -1
0.691147, -0.241589, 1.21918, 0.05, -0.164946, -0.0477792, -0.153807, 0.230536, 1001.65, 2643.75, 10, 2e-20, 3e-20, 2e-20, 2e-20, -1
0.559959, -0.179253, 1.35705, 0.05, -0.146937, 0.034248, 0.0162169, 0.151745, 1002.52, 4036.53, 10, 2e-20, 3e-20, 2e-20, 2e-20, -1
0.369772, -0.210812, 1.3146, 0.05, -0.23058, 0.167958, 0.0785087, 0.295873, 996.893, -4970.63, 10, 2e-20, 3e-20, 2e-20, 2e-20, -1
0.389939, -0.137096, 1.42717, 0.05, -0.242918, 0.301148, 0.297585, 0.488115, 1001.91, 3048.01, 10, 2e-20, 3e-20, 2e-20, 2e-20, -1
0.793341, -0.453353, 0.146591, 0.05, -0.00373695, 0.136207, 0.0492611, 0.14489, 1008.58, 13729.2, 10, 2e-20, 3e-20, 2e-20, 2e-20, -1
0.790412, -0.497784, 0.187017, 0.05, -0.0393968, 0.0318889, 0.0867497, 0.100471, 1009.31, 14892.8, 10, 2e-20, 3e-20, 2e-20, 2e-20, -1
0.81015, -0.447719, 0.197471, 0.05, 0.0916153, -0.201631, 0.0326939, 0.223869, 1006.92, 11064.8, 10, 2e-20, 3e-20, 2e-20, 2e-20, -1
0.741349, -0.497679, 0.235895, 0.05, 0.010128, 0.0634368, 0.166336, 0.17831, 1004.95, 7917.88, 10, 2e-20, 3e-20, 2e-20, 2e-20, -1
0.833789, -0.501579, 0.2736, 0.05, 0.0503983, 0.0603692, 0.131828, 0.153502, 1006.6, 10556.3, 10, 2e-20, 3e-20, 2e-20, 2e-20, -1
0.784822, -0.395798, 0.208867, 0.05, -0.0854474, -0.0915807, 0.0435721, 0.132615, 1009.32, 14919.4, 10, 2e-20, 3e-20, 2e-20, 2e-20, -1
0.794699, -0.468763, 0.26259, 0.05, 0.122115, -0.0353321, 0.260044, 0.289453, 1005.28, 8446.57, 10, 2e-20, 3e-20, 2e-20, 2e-20, -1
0.719966, -0.461196, 0.338207, 0.05, 0.0862615, -0.0615567, 0.0600292, 0.121794, 1003.19, 5109.82, 10, 2e-20, 3e-20, 2e-20, 2e-20, -1
0.649166, -0.471842, 0.414766, 0.05, 0.00969822, -0.0207894, 0.0717094, 0.0752894, 999.298, -1122.5, 10, 2e-20, 3e-20, 2e-20, 2e-20, -1
0.69446, -0.459875, 0.443812, 0.05, 0.0810319, 0.00267136, 0.0682603, 0.105985, 1003.34, 5351.12, 10, 2e-20, 3e-20, 2e-20, 2e-20, -1
0.692164, -0.443495, 0.380256, 0.05, -0.137111, -0.0703737, 0.136529, 0.205893, 1007.72, 12345.5, 10, 2e-20, 3e-20, 2e-20, 2e-20, -1
0.622286, -0.46338, 0.457685, 0.05, -0.0777882, 0.201476, -0.0029045, 0.21599, 1001.5, 2397.98, 10, 2e-20, 3e-20, 2e-20, 2e-20, -1
0.645984, -0.437104, 0.510038, 0.05, -0.0631626, 0.0566777, -0.0976632, 0.129383, 1004.45, 7118.43, 10, 2e-20, 3e-20, 2e-20, 2e-20, -1
0.651072, -0.442993, 0.562286, 0.05, 0.00388059, -0.0158364, 0.0643379, 0.0663718, 1003.08, 4930.39, 10, 2e-20, 3e-20, 2e-20, 2e-20, -1
0.750369, -0.44504, 0.592479, 0.05, 0.0192866, -0.0256798, 0.0757784, 0.082303, 1006.27, 10032.3, 10, 2e-20, 3e-20, 2e-20, 2e-20, -1
0.697082, -0.44096, 0.543459, 0.05, -0.0343833, -0.0989681, 0.12593, 0.163814, 1000.92, 1467.66, 10, 2e-20, 3e-20, 2e-20, 2e-20, -1
0.714905, -0.438427, 0.620958, 0.05, -0.0903729, -0.0261836, -0.111958, 0.146245, 1001.89, 3018.67, 10, 2e-20, 3e-20, 2e-20, 2e-20, -1
0.667991, -0.448189, 0.63155, 0.05, -0.118563, 0.0719271, -0.0172941, 0.139749, 1005.39, 8626.82, 10, 2e-20, 3e-20, 2e-20, 2e-20, -1
0.688025, -0.427098, 0.58661, 0.05, -0.0497915, -0.076319, 0.0403777, 0.0996702, 1005.02, 8034.19, 10, 2e-20, 3e-20, 2e-20, 2e-20, -1
0.670211, -0.440112, 0.723067, 0.05, -0.0137221, 0.0565307, 0.0846586, 0.102719, 1003.61, 5776.43, 10, 2e-20, 3e-20, 2e-20, 2e-20, -1
0.698597, -0.439771, 0.669073, 0.05, -0.117222, 0.00474177, 0.0453629, 0.125783, 1006.23, 9967.94, 10, 2e-20, 3e-20, 2e-20, 2e-20, -1
0.652538, -0.41788, 0.765148, 0.05, -0.190735, 0.110341, 0.0219775, 0.221445, 1000.8, 1274.81, 10, 2e-20, 3e-20, 2e-20, 2e-20, -1
0.653687, -0.450733, 0.853099, 0.05, -0.03093, 0.0718646, 0.10322, 0.129521, 1005.66, 9062.06, 10, 2e-20, 3e-20, 2e-20, 2e-20, -1
0.697266, -0.394286, 0.694927, 0.05, -0.0481862, -0.0737876, 0.132933, 0.159492, 1000.77, 1234.21, 10, 2e-20, 3e-20, 2e-20, 2e-20, -1
0.702115, -0.390544, 0.751467, 0.05, -0.105801, -0.010903, 0.0794225, 0.132743, 1004.7, 7522.47, 10, 2e-20, 3e-20, 2e-20, 2e-20, -1
0.686645, -0.443118, 0.871756, 0.05, -0.0284846, -0.069377, 0.0799653, 0.109631, 1001.09, 1736.67, 10, 2e-20, 3e-20, 2e-20, 2e-20, -1
0.723138, -0.447906, 0.936846, 0.05, -0.134027, 0.0507029, 0.108082, 0.179488, 1002.27, 3635.7, 10, 2e-20, 3e-20, 2e-20, 2e-20, -1
0.685334, -0.445136, 0.925678, 0.05, 0.108764, 0.0514893, 0.229393, 0.259041, 1001.78, 2845.14, 10, 2e-20, 3e-20, 2e-20, 2e-20, -1
0.666703, -0.344238, 0.828812, 0.05, 0.0015916, -0.0484482, 0.0929475, 0.104828, 1002.67, 4276.85, 10, 2e-20, 3e-20, 2e-20, 2e-20, -1
0.676268, -0.392697, 0.891073, 0.05, -0.02925, 0.0634855, 0.0634938, 0.0944322, 1002.8, 4487.23, 10, 2e-20, 3e-20, 2e-20, 2e-20, -1
0.64665, -0.416315, 0.994825, 0.05, -0.0896071, 0.0478303, 0.0278286, 0.105317, 1004.4, 7039.65, 10, 2e-20, 3e-20, 2e-20, 2e-20, -1
0.746348, -0.409146, 0.967113, 0.05, -0.0476964, 0.0110655, 0.0805982, 0.0943052, 1002.19, 3509.66, 10, 2e-20, 3e-20, 2e-20, 2e-20, -1
0.693373, -0.371585, 0.925335, 0.05, -0.0098033, 0.038424, 0.0956685, 0.103561, 1001.65, 2646.56, 10, 2e-20, 3e-20, 2e-20, 2e-20, -1
0.621437, -0.33329, 0.937335, 0.05, -0.0152046, 0.0380577, 0.0788709, 0.088883, 1005.47, 8747.38, 10, 2e-20, 3e-20, 2e-20, 2e-20, -1
0.530516, -0.443566, 1.13143, 0.05, -0.00818854, -0.0453393, 0.0590878, 0.0749271, 1004.26, 6820.38, 10, 2e-20, 3e-20, 2e-20, 2e-20, -1
0.594437, -0.417092, 1.11132, 0.05, -0.195801, 0.0154839, -0.0315527, 0.19893, 996.286, -5943.07, 10, 2e-20, 3e-20, 2e-20, 2e-20, -1
0.53536, -0.430402, 1.18297, 0.05, -0.083231, 0.0528767, -0.01538, 0.0997993, 1002.15, 3435.84, 10, 2e-20, 3e-20, 2e-20, 2e-20, -1
0.635438, -0.359785, 1.01812, 0.05, -0.0240725, 0.0178624, 0.0799725, 0.0854059, 1002.56, 4103.02, 10, 2e-20, 3e-20, 2e-20, 2e-20, -1
0.555366, -0.416328, 1.14606, 0.05, -0.317129, -0.161572, 0.0634965, 0.361536, 997.269, -4369.33, 10, 2e-20, 3e-20, 2e-20, 2e-20, -1
0.639425, -0.393117, 1.07858, 0.05, -0.137394, -0.0609726, 0.0557711, 0.160328, 1001.07, 1716.25, 10, 2e-20, 3e-20, 2e-20, 2e-20, -1
0.608042, -0.428507, 1.14363, 0.05, -0.133528, -0.155251, 0.0120007, 0.205126, 999.246, -1207.04, 10, 2e-20, 3e-20, 2e-20, 2e-20, -1
0.552511, -0.316186, 1.09141, 0.05, -0.119643, -0.0720889, 0.0483377, 0.14781, 1000.98, 1569.89, 10, 2e-20, 3e-20, 2e-20, 2e-20, -1
0.538859, -0.379378, 1.14762, 0.05, -0.169928, -0.020493, -0.0164709, 0.17195, 1000.19, 296.884, 10, 2e-20, 3e-20, 2e-20, 2e-20, -1
0.459084, -0.310438, 1.11423, 0.05, -0.197517, -0.186352, -0.00194025, 0.271558, 1006.05, 9674.05, 10, 2e-20, 3e-20, 2e-20, 2e-20, -1
0.632202, -0.465371, 1.30048, 0.05, -0.00501212, 0.0215217, 0.0671809, 0.0707219, 999.509, -785.351, 10, 2e-20, 3e-20, 2e-20, 2e-20, -1
0.401574, -0.271773, 1.20382, 0.05, -0.0914068, 0.0574332, 0.0109556, 0.108507, 1006.34, 10142.1, 10, 2e-20, 3e-20, 2e-20, 2e-20, -1
0.457703, -0.280571, 1.36905, 0.05, -0.145507, 0.070805, -0.178148, 0.24067, 1002.11, 3379.53, 10, 2e-20, 3e-20, 2e-20, 2e-20, -1
0.404725, -0.320932, 1.18292, 0.05, -0.0526379, -0.0195847, -0.0308941, 0.0640996, 999.143, -1371.57, 10, 2e-20, 3e-20, 2e-20, 2e-20, -1
0.493263, -0.304459, 1.31641, 0.05, -0.329429, -0.136064, -0.0653783, 0.362368, 998.876, -1797.95, 10, 2e-20, 3e-20, 2e-20, 2e-20, -1
0.355904, -0.235605, 1.2758, 0.05, -0.189346, 0.0521091, 0.167622, 0.258195, 1000.76, 1213.57, 10, 2e-20, 3e-20, 2e-20, 2e-20, -1
0.36711, -0.1897, 1.36779, 0.05, -0.25172, 0.237511, 0.19354, 0.396525, 1002.36, 3773.25, 10, 2e-20, 3e-20, 2e-20, 2e-20, -1
0.775452, -0.410402, 0.0493413, 0.05, 0.0867604, -0.0228101, 0.0335158, 0.0957652, 1014.47, 23154.2, 10, 2e-20, 3e-20, 2e-20, 2e-20, -1
0.781959, -0.4384, 0.106226, 0.05, 0.239213, 0.105825, -0.0172207, 0.262142, 1004.26, 6815.29, 10, 2e-20, 3e-20, 2e-20, 2e-20, -1
0.786732, -0.373177, 0.1192, 0.05, 0.168919, 0.0005558, 0.155983, 0.229923, 1006.89, 11025.1, 10, 2e-20, 3e-20, 2e-20, 2e-20, -1
0.829325, -0.446878, 0.237916, 0.05, -0.0290307, -0.0748098, 0.230645, 0.244206, 1009.79, 15667.6, 10, 2e-20, 3e-20, 2e-20, 2e-20, -1
0.735805, -0.401486, 0.196158, 0.05, 0.0572319, -0.00966915, 0.227433, 0.234722, 1012.26, 19609, 10, 2e-20, 3e-20, 2e-20, 2e-20, -1
0.761043, -0.376733, 0.164231, 0.05, -0.0753602, 0.089299, 0.0114326, 0.117406, 1010.65, 17038.9, 10, 2e-20, 3e-20, 2e-20, 2e-20, -1
0.725792, -0.350811, 0.224246, 0.05, 0.0115685, -0.00287588, -0.0502633, 0.0516575, 1008.16, 13053.1, 10, 2e-20, 3e-20, 2e-20, 2e-20, -1
0.80858, -0.397272, 0.251189, 0.05, 0.0285756, 0.0462611, -0.00628222, 0.0547369, 1002.75, 4392.68, 10, 2e-20, 3e-20, 2e-20, 2e-20, -1
0.748498, -0.426476, 0.318627, 0.05, 0.0131385, 0.00351398, 0.234432, 0.234827, 1004.01, 6408.47, 10, 2e-20, 3e-20, 2e-20, 2e-20, -1
0.785592, -0.393931, 0.304411, 0.05, -0.00246402, 0.000941788, 0.113891, 0.113922, 1005.99, 9578.4, 10, 2e-20, 3e-20, 2e-20, 2e-20, -1
0.741226, -0.432715, 0.372549, 0.05, 0.0414663, -0.0302489, 0.0307866, 0.059852, 1000.41, 659.059, 10, 2e-20, 3e-20, 2e-20, 2e-20, -1
0.76736, -0.402294, 0.350852, 0.05, -0.00296468, -0.038094, -0.0513156, 0.0639784, 1005.41, 8658.11, 10, 2e-20, 3e-20, 2e-20, 2e-20, -1
0.727169, -0.427547, 0.46259, 0.05, -0.129278, 0.0543138, -0.0363332, 0.144855, 1004.08, 6530.07, 10, 2e-20, 3e-20, 2e-20, 2e-20, -1
0.746729, -0.344981, 0.342804, 0.05, 0.0262486, -0.000549646, -0.0309859, 0.040613, 1006.41, 10258.6, 10, 2e-20, 3e-20, 2e-20, 2e-20, -1
0.713862, -0.416916, 0.415664, 0.05, 0.0148049, 0.119071, 0.15279, 0.194273, 1003.36, 5368.4, 10, 2e-20, 3e-20, 2e-20, 2e-20, -1
0.724796, -0.389989, 0.365779, 0.05, -0.0853112, -0.00379582, -0.00532318, 0.0855613, 1003.79, 6057.32, 10, 2e-20, 3e-20, 2e-20, 2e-20, -1
0.700842, -0.384158, 0.448233, 0.05, 0.00140343, -0.00375048, 0.0255369, 0.025849, 1005.84, 9344.14, 10, 2e-20, 3e-20, 2e-20, 2e-20, -1
0.677864, -0.350172, 0.423445, 0.05, -0.0417572, 0.0293226, -0.0639403, 0.0818037, 1006.33, 10133.9, 10, 2e-20, 3e-20, 2e-20, 2e-20, -1
0.710813, -0.311037, 0.406486, 0.05, -0.00891096, -0.0684875, 0.00134615, 0.0690778, 1008, 12795, 10, 2e-20, 3e-20, 2e-20, 2e-20, -1
0.726477, -0.389372, 0.494397, 0.05, -0.0826599, 0.0167034, 0.0648064, 0.106356, 1002.85, 4553.86, 10, 2e-20, 3e-20, 2e-20, 2e-20, -1
0.732763, -0.357956, 0.537022, 0.05, 0.026819, 0.0319304, -0.0248936, 0.0485644, 1000.53, 851.016, 10, 2e-20, 3e-20, 2e-20, 2e-20, -1
0.660241, -0.377885, 0.581868, 0.05, -0.00687542, -0.0575008, -0.0885757, 0.105827, 1009.22, 14755.2, 10, 2e-20, 3e-20, 2e-20, 2e-20, -1
0.751307, -0.345554, 0.624076, 0.05, -0.024925, -0.0225758, 0.0285488, 0.044113, 1002.34, 3740.18, 10, 2e-20, 3e-20, 2e-20, 2e-20, -1
0.729202, -0.346858, 0.674064, 0.05, 0.0665338, 0.07375, 0.106126, 0.145357, 1002.51, 4009.45, 10, 2e-20, 3e-20, 2e-20, 2e-20, -1
0.746041, -0.392338, 0.700127, 0.05, 0.00332317, 0.0097473, 0.135393, 0.135784, 1005.92, 9471.03, 10, 2e-20, 3e-20, 2e-20, 2e-20, -1
0.733424, -0.295773, 0.677561, 0.05, -0.0587412, 0.0509584, 0.040002, 0.0874496, 1003.32, 5308.65, 10, 2e-20, 3e-20, 2e-20, 2e-20, -1
0.682671, -0.356841, 0.713546, 0.05, 0.0128603, -0.0565236, 0.183876, 0.192797, 1003.18, 5080.57, 10, 2e-20, 3e-20, 2e-20, 2e-20, -1
0.722325, -0.346013, 0.726499, 0.05, 0.0481915, -0.0363369, 0.0479811, 0.0771037, 1002.49, 3982.93, 10, 2e-20, 3e-20, 2e-20, 2e-20, -1
0.781108, -0.401455, 0.849799, 0.05, -0.0365988, 0.0613866, 0.036052, 0.0800471, 1004.55, 7285.28, 10, 2e-20, 3e-20, 2e-20, 2e-20, -1
0.71859, -0.405319, 0.862716, 0.05, -0.0313396, -0.0131208, -0.0374958, 0.050599, 1001.76, 2812.67, 10, 2e-20, 3e-20, 2e-20, 2e-20, -1
0.710543, -0.367429, 0.84342, 0.05, -0.049742, 0.0484325, 0.031928, 0.0764158, 1007.05, 11286.6, 10, 2e-20, 3e-20, 2e-20, 2e-20, -1
0.70174, -0.316888, 0.834709, 0.05, -0.0148526, -0.0227313, 0.0872043, 0.091334, 1003.88, 6201.82, 10, 2e-20, 3e-20, 2e-20, 2e-20, -1
0.777141, -0.419572, 0.932582, 0.05, -0.0170148, -0.0937894, 0.0516917, 0.108434, 1004.26, 6821.56, 10, 2e-20, 3e-20, 2e-20, 2e-20, -1
0.672136, -0.316603, 0.796999, 0.05, -0.143339, 0.0091839, -0.0244854, 0.145705, 1000.5, 804.069, 10, 2e-20, 3e-20, 2e-20, 2e-20, -1
0.753204, -0.378334, 0.930885, 0.05, -0.0304239, -0.0793733, 0.0474323, 0.0973425, 1000.95, 1513.12, 10, 2e-20, 3e-20, 2e-20, 2e-20, -1
0.694134, -0.397874, 0.973096, 0.05, -0.11626, -0.186741, 0.029818, 0.221986, 997.583, -3867.63, 10, 2e-20, 3e-20, 2e-20, 2e-20, -1
0.706673, -0.326959, 0.944033, 0.05, 0.00604394, 0.0615162, -0.0109041, 0.0627668, 1001.13, 1806.3, 10, 2e-20, 3e-20, 2e-20, 2e-20, -1
0.718764, -0.272558, 0.945559, 0.05, 0.00566632, -0.00384625, 0.0372966, 0.0379202, 999.859, -225.371, 10, 2e-20, 3e-20, 2e-20, 2e-20, -1
0.676749, -0.304594, 0.983624, 0.05, 0.00365781, -0.0668561, 0.0463479, 0.0814325, 1002.04, 3256.17, 10, 2e-20, 3e-20, 2e-20, 2e-20, -1
0.690277, -0.345589, 1.0071, 0.05, -0.119759, 0.00568832, 0.0342825, 0.124699, 1004.15, 6634.29, 10, 2e-20, 3e-20, 2e-20, 2e-20, -1
0.734261, -0.30712, 0.981273, 0.05, 0.0145492, -0.0470799, -0.127924, 0.137087, 1002.32, 3718.76, 10, 2e-20, 3e-20, 2e-20, 2e-20, -1
0.658414, -0.409805, 1.11496, 0.05, -0.104566, -0.0402841, -0.00708739, 0.112282, 1001.35, 2152.43, 10, 2e-20, 3e-20, 2e-20, 2e-20, -1
0.609026, -0.274225, 1.03421, 0.05, -0.0991952, -0.0255573, 0.0214376, 0.104654, 1000.45, 723.514, 10, 2e-20, 3e-20, 2e-20, 2e-20, -1
0.581495, -0.358892, 1.10064, 0.05, -0.120049, 0.00621012, 0.0880708, 0.149019, 1004.74, 7587.75, 10, 2e-20, 3e-20, 2e-20, 2e-20, -1
0.526554, -0.325447, 1.14089, 0.05, -0.129744, -0.107094, -0.0215432, 0.169608, 999.329, -1073.92, 10, 2e-20, 3e-20, 2e-20, 2e-20, -1
0.578821, -0.258229, 1.0771, 0.05, -0.109048, 0.0515851, 0.0616825, 0.135489, 1003.33, 5326.15, 10, 2e-20, 3e-20, 2e-20, 2e-20, -1
0.50013, -0.271799, 1.12332, 0.05, -0.199488, -0.0187988, 0.0806502, 0.215994, 1001.5, 2400.22, 10, 2e-20, 3e-20, 2e-20, 2e-20, -1
0.472118, -0.22727, 1.21576, 0.05, -0.138644, -0.0550973, 0.0649298, 0.162708, 997.836, -3461.75, 10, 2e-20, 3e-20, 2e-20, 2e-20, -1
0.421869, -0.210547, 1.28454, 0.05, -0.182147, -0.0168138, 0.0954473, 0.206326, 999.193, -1291.41, 10, 2e-20, 3e-20, 2e-20, 2e-20, -1
0.345942, -0.102444, 1.34737, 0.05, -0.248547, 0.0109703, 0.313017, 0.399844, 999.354, -1033.79, 10, 2e-20, 3e-20, 2e-20, 2e-20, -1
0.308812, -0.11683, 1.40471, 0.05, -0.402733, 0.0833673, 0.344947, 0.536779, 1000.28, 440.677, 10, 2e-20, 3e-20, 2e-20, 2e-20, -1
0.82109, -0.372509, 0.0499408, 0.05, 0.037694, 0.00851124, -0.158301, 0.162949, 1018.18, 29095.7, 10, 2e-20, 3e-20, 2e-20, 2e-20, -1
0.836561, -0.383835, 0.113989, 0.05, -0.0149422, 0.0473384, 0.175807, 0.182681, 1006, 9595.46, 10, 2e-20, 3e-20, 2e-20, 2e-20, -1
0.749829, -0.338639, 0.0822268, 0.05, -0.00318223, -0.13648, -0.0140669, 0.13724, 1008.14, 13028.3, 10, 2e-20, 3e-20, 2e-20, 2e-20, -1
0.780254, -0.307398, 0.0985851, 0.05, 0.0452257, -0.131051, 0.0866505, 0.163487, 1008.36, 13378.8, 10, 2e-20, 3e-20, 2e-20, 2e-20, -1
0.761993, -0.334513, 0.136761, 0.05, -0.0311051, -0.0346551, 0.0522739, 0.0700076, 1010.4, 16632, 10, 2e-20, 3e-20, 2e-20, 2e-20, -1
0.757795, -0.27961, 0.136089, 0.05, 0.0448509, -0.0956557, 0.121559, 0.161053, 1011.8, 18872.9, 10, 2e-20, 3e-20, 2e-20, 2e-20, -1
0.773874, -0.338832, 0.187602, 0.05, -0.0207132, -0.0450968, -0.0243916, 0.0552966, 1006.99, 11191.6, 10, 2e-20, 3e-20, 2e-20, 2e-20, -1
0.754452, -0.305342, 0.220647, 0.05, -0.0626662, -0.0802709, -0.0370003, 0.108349, 1009.25, 14799.6, 10, 2e-20, 3e-20, 2e-20, 2e-20, -1
0.776977, -0.435215, 0.272371, 0.05, -0.051299, -0.058091, 0.217792, 0.23117, 1007.61, 12172.7, 10, 2e-20, 3e-20, 2e-20, 2e-20, -1
0.708118, -0.375678, 0.268382, 0.05, 0.0842237, -0.0972994, 0.0084795, 0.128968, 1005.99, 9580.7, 10, 2e-20, 3e-20, 2e-20, 2e-20, -1
0.737319, -0.374422, 0.309203, 0.05, 0.0733793, -0.0153968, 0.0756953, 0.106543, 1008.12, 12993.8, 10, 2e-20, 3e-20, 2e-20, 2e-20, -1
0.708116, -0.310668, 0.252119, 0.05, 0.0132592, 0.0583015, -0.0439391, 0.0741992, 1006.47, 10356.3, 10, 2e-20, 3e-20, 2e-20, 2e-20, -1
0.681578, -0.378746, 0.33646, 0.05, -0.0354272, 0.0651589, 0.108946, 0.131795, 1004.31, 6899.47, 10, 2e-20, 3e-20, 2e-20, 2e-20, -1
0.733144, -0.282541, 0.282207, 0.05, -0.000562629, 0.0366164, 0.00292482, 0.0367374, 1005.2, 8326.96, 10, 2e-20, 3e-20, 2e-20, 2e-20, -1
0.746506, -0.260438, 0.321363, 0.05, 0.0757325, -0.0167525, -0.0410436, 0.0877533, 1005.15, 8239.04, 10, 2e-20, 3e-20, 2e-20, 2e-20, -1
0.751476, -0.279153, 0.396767, 0.05, 0.015357, -0.0165687, 0.00102192, 0.0226142, 1005.84, 9343.93, 10, 2e-20, 3e-20, 2e-20, 2e-20, -1
0.729304, -0.359243, 0.400535, 0.05, -0.106616, -0.0511425, 0.0278521, 0.121483, 1000.24, 382.176, 10, 2e-20, 3e-20, 2e-20, 2e-20, -1
0.731112, -0.30047, 0.349608, 0.05, 0.062531, 0.0175982, -0.00351179, 0.065055, 1007.13, 11402.2, 10, 2e-20, 3e-20, 2e-20, 2e-20, -1
0.750505, -0.255328, 0.465496, 0.05, 0.0448971, -0.0188896, 0.115212, 0.125085, 1003.12, 4999.27, 10, 2e-20, 3e-20, 2e-20, 2e-20, -1
0.739366, -0.302559, 0.468442, 0.05, 0.0205945, -0.0216539, 0.0749356, 0.0806744, 1004.18, 6692.95, 10, 2e-20, 3e-20, 2e-20, 2e-20, -1
0.709545, -0.34108, 0.490947, 0.05, 0.0859448, 0.000202374, 0.107433, 0.13758, 1009.07, 14505.4, 10, 2e-20, 3e-20, 2e-20, 2e-20, -1
0.734283, -0.310673, 0.532595, 0.05, -0.0547907, -0.0706024, 0.0205933, 0.0917104, 1005.44, 8700.57, 10, 2e-20, 3e-20, 2e-20, 2e-20, -1
0.723704, -0.334512, 0.580187, 0.05, 0.073756, 0.0360523, -0.0422183, 0.0923152, 1001.75, 2795.63, 10, 2e-20, 3e-20, 2e-20, 2e-20, -1
0.678037, -0.328375, 0.599024, 0.05, -0.100336, -0.112079, 0.086552, 0.173552, 1007.81, 12494.7, 10, 2e-20, 3e-20, 2e-20, 2e-20, -1
0.728861, -0.234127, 0.646369, 0.05, -0.100842, -0.0776667, -0.0681908, 0.144399, 1000.58, 924.923, 10, 2e-20, 3e-20, 2e-20, 2e-20, -1
0.691783, -0.277575, 0.646513, 0.05, -0.100919, 0.00303426, 0.136079, 0.169444, 1005.72, 9157.85, 10, 2e-20, 3e-20, 2e-20, 2e-20, -1
0.721489, -0.24547, 0.686647, 0.05, 0.00938209, -0.0677588, -0.0117494, 0.069407, 1001.67, 2678.79, 10, 2e-20, 3e-20, 2e-20, 2e-20, -1
0.687373, -0.317829, 0.684197, 0.05, -0.0163145, 0.135165, -0.0579602, 0.14797, 1002.93, 4681.64, 10, 2e-20, 3e-20, 2e-20, 2e-20, -1
0.726758, -0.282206, 0.7195, 0.05, 0.0718579, -0.0874502, -0.0187543, 0.114729, 1003.98, 6364.35, 10, 2e-20, 3e-20, 2e-20, 2e-20, -1
0.724907, -0.39065, 0.802405, 0.05, -0.0259763, -0.0334939, 0.126513, 0.133424, 1007.63, 12213.3, 10, 2e-20, 3e-20, 2e-20, 2e-20, -1
0.751361, -0.344598, 0.799107, 0.05, -0.0499518, -0.0366339, 0.0887855, 0.108259, 1007.79, 12461.3, 10, 2e-20, 3e-20, 2e-20, 2e-20, -1
0.69771, -0.262803, 0.778205, 0.05, -0.0596541, 0.0219412, 0.149699, 0.162634, 1003.56, 5695.18, 10, 2e-20, 3e-20, 2e-20, 2e-20, -1
0.700543, -0.211727, 0.785888, 0.05, 0.0041858, -0.00787705, 0.0635354, 0.0641585, 1004.54, 7267.31, 10, 2e-20, 3e-20, 2e-20, 2e-20, -1
0.716697, -0.292727, 0.880235, 0.05, -0.0745287, 0.00426121, 0.0174586, 0.0766648, 1001.91, 3055.11, 10, 2e-20, 3e-20, 2e-20, 2e-20, -1
0.668194, -0.313786, 0.928735, 0.05, -0.026843, -0.153762, 0.0618089, 0.16788, 1001.94, 3097.43, 10, 2e-20, 3e-20, 2e-20, 2e-20, -1
0.75754, -0.321854, 0.936247, 0.05, -0.0763279, 0.0799963, 0.0716102, 0.131732, 1002.8, 4483.93, 10, 2e-20, 3e-20, 2e-20, 2e-20, -1
0.687569, -0.262766, 0.916479, 0.05, -0.00211352, 0.0098987, 0.0187727, 0.0213276, 1001.49, 2382.13, 10, 2e-20, 3e-20, 2e-20, 2e-20, -1
0.726071, -0.2416, 0.870854, 0.05, -0.111211, -0.00314842, -0.0949401, 0.146258, 1008.84, 14149, 10, 2e-20, 3e-20, 2e-20, 2e-20, -1
0.722922, -0.25413, 0.986852, 0.05, -0.0382705, 0.0356313, 0.0228666, 0.057071, 1002.2, 3524.28, 10, 2e-20, 3e-20, 2e-20, 2e-20, -1
0.645638, -0.231172, 1.00063, 0.05, -0.0127132, -0.00171368, 0.0590588, 0.0604359, 1003.69, 5903.6, 10, 2e-20, 3e-20, 2e-20, 2e-20, -1
0.676779, -0.258649, 1.01402, 0.05, -0.0309493, 0.0754068, -0.0586094, 0.100395, 1001.08, 1728.5, 10, 2e-20, 3e-20, 2e-20, 2e-20, -1
0.594245, -0.337051, 1.04474, 0.05, -0.0749025, -0.0567423, 0.0442744, 0.103876, 1000.56, 902.633, 10, 2e-20, 3e-20, 2e-20, 2e-20, -1
0.631134, -0.197297, 1.07198, 0.05, -0.140941, -0.0256004, -0.0515566, 0.152242, 1002.18, 3494.21, 10, 2e-20, 3e-20, 2e-20, 2e-20, -1
0.589307, -0.21085, 1.05857, 0.05, -0.027911, -0.063061, 0.0328454, 0.0763841, 1001.64, 2627.04, 10, 2e-20, 3e-20, 2e-20, 2e-20, -1
0.55246, -0.226021, 1.11038, 0.05, -0.143817, 0.00184358, -0.0155209, 0.144663, 999.718, -451.382, 10, 2e-20, 3e-20, 2e-20, 2e-20, -1
0.488055, -0.176064, 1.18112, 0.05, -0.0605693, -0.0418296, 0.0102247, 0.0743163, 1000.35, 562.353, 10, 2e-20, 3e-20, 2e-20, 2e-20, -1
0.467334, -0.130206, 1.22388, 0.05, -0.153744, 0.0841915, 0.0794504, 0.192452, 1000.16, 254.749, 10, 2e-20, 3e-20, 2e-20, 2e-20, -1
0.434633, -0.1928, 1.24053, 0.05, -0.0437827, -0.119117, 0.147521, 0.194597, 1001.79, 2870.24, 10, 2e-20, 3e-20, 2e-20, 2e-20, -1
0.344701, -0.128109, 1.31579, 0.05, -0.292275, -0.0795291, 0.124548, 0.327508, 999.706, -470.705, 10, 2e-20, 3e-20, 2e-20, 2e-20, -1
0.28279, -0.078981, 1.357, 0.05, -0.220725, -0.0112907, 0.331836, 0.398701, 1000.07, 106.513, 10, 2e-20, 3e-20, 2e-20, 2e-20, -1
0.197356, -0.0866748, 1.34219, 0.05, -0.0699419, -0.0654997, 0.283023, 0.298805, 1004.04, 6466.78, 10, 2e-20, 3e-20, 2e-20, 2e-20, -1
0.769676, -0.271387, 0.0518903, 0.05, 0.064523, -0.0864537, -0.0521165, 0.119807, 1016.23, 25974.8, 10, 2e-20, 3e-20, 2e-20, 2e-20, -1
0.831683, -0.298291, 0.0464123, 0.05, -0.00891723, -0.0244305, -0.138024, 0.140453, 1015.51, 24813.4, 10, 2e-20, 3e-20, 2e-20, 2e-20, -1
0.818144, -0.341275, 0.0920915, 0.05, -0.096058, 0.0560223, 0.0553346, 0.124208, 1004.9, 7840.41, 10, 2e-20, 3e-20, 2e-20, 2e-20, -1
0.786234, -0.25812, 0.100094, 0.05, 0.0660715, -0.0920882, 0.129557, 0.172136, 1007.58, 12123.9, 10, 2e-20, 3e-20, 2e-20, 2e-20, -1
0.823572, -0.294051, 0.102048, 0.05, -0.0985037, -0.0291134, 0.0550909, 0.116557, 1009.15, 14645.8, 10, 2e-20, 3e-20, 2e-20, 2e-20, -1
0.836827, -0.247615, 0.111147, 0.05, -0.0777691, -0.0446572, 0.0393283, 0.0979234, 1004.9, 7847.38, 10, 2e-20, 3e-20, 2e-20, 2e-20, -1
0.787882, -0.287283, 0.175692, 0.05, -0.0370328, 0.104386, 0.00885174, 0.111114, 1008.78, 14041.8, 10, 2e-20, 3e-20, 2e-20, 2e-20, -1
0.814879, -0.182336, 0.195575, 0.05, 0.0727189, -0.0255776, -0.0418675, 0.0877219, 1007.42, 11873.8, 10, 2e-20, 3e-20, 2e-20, 2e-20, -1
0.745736, -0.260326, 0.187926, 0.05, 0.0425764, -0.159164, -0.0680528, 0.178261, 1010.94, 17496.5, 10, 2e-20, 3e-20, 2e-20, 2e-20, -1
0.762881, -0.199731, 0.199161, 0.05, -0.00153658, 0.0140178, 0.0372168, 0.0397989, 1006.61, 10576.1, 10, 2e-20, 3e-20, 2e-20, 2e-20, -1
0.723463, -0.260959, 0.235757, 0.05, -0.0203493, 0.00116846, 0.0809056, 0.0834337, 1004.64, 7429.03, 10, 2e-20, 3e-20, 2e-20, 2e-20, -1
0.743606, -0.217924, 0.231761, 0.05, 0.0364183, 0.018216, 0.0822327, 0.0917623, 1006.59, 10538.7, 10, 2e-20, 3e-20, 2e-20, 2e-20, -1
0.817355, -0.243345, 0.260615, 0.05, 0.0122691, -0.0158895, -0.057148, 0.0605714, 1004.42, 7076.45, 10, 2e-20, 3e-20, 2e-20, 2e-20, -1
0.764756, -0.243535, 0.272678, 0.05, 0.0128151, -0.0225256, -0.059674, 0.0650586, 1008.33, 13335.3, 10, 2e-20, 3e-20, 2e-20, 2e-20, -1
0.779664, -0.224408, 0.320456, 0.05, 0.0339172, -0.0532545, 0.0149511, 0.0648842, 1007.08, 11329.7, 10, 2e-20, 3e-20, 2e-20, 2e-20, -1
0.70368, -0.238264, 0.315414, 0.05, -0.00645124, -0.0202126, -0.124739, 0.12653, 1005.65, 9037.21, 10, 2e-20, 3e-20, 2e-20, 2e-20, -1
0.754866, -0.224679, 0.366076, 0.05, 0.109022, -0.0793021, -0.054168, 0.145289, 1007.99, 12781.7, 10, 2e-20, 3e-20, 2e-20, 2e-20, -1
0.724751, -0.235166, 0.408909, 0.05, 0.0241834, 0.0145698, -0.0198989, 0.034541, 1005.45, 8716.62, 10, 2e-20, 3e-20, 2e-20, 2e-20, -1
0.742031, -0.185004, 0.40285, 0.05, 0.0852865, 0.012528, -0.0307036, 0.0915065, 1004.9, 7838.15, 10, 2e-20, 3e-20, 2e-20, 2e-20, -1
0.758269, -0.211681, 0.443762, 0.05, 0.0203688, -0.0230831, 0.0175578, 0.03544, 1006.87, 10994.8, 10, 2e-20, 3e-20, 2e-20, 2e-20, -1
0.774968, -0.246682, 0.515399, 0.05, -0.00299574, 0.0280093, 0.0200327, 0.0345659, 1005.54, 8869.58, 10, 2e-20, 3e-20, 2e-20, 2e-20, -1
0.744682, -0.281584, 0.578184, 0.05, 0.0229983, 0.0212795, 0.068732, 0.0755369, 1005.59, 8937.04, 10, 2e-20, 3e-20, 2e-20, 2e-20, -1
0.706766, -0.242226, 0.561672, 0.05, 0.069902, 0.0497114, 0.101072, 0.132563, 1003.22, 5156.42, 10, 2e-20, 3e-20, 2e-20, 2e-20, -1
0.720803, -0.257975, 0.61082, 0.05, -0.0353298, 0.0493519, 0.0633423, 0.0877271, 1001.96, 3139.34, 10, 2e-20, 3e-20, 2e-20, 2e-20, -1
0.681957, -0.158567, 0.563999, 0.05, 0.0372985, -0.0552106, 0.0827114, 0.10621, 1005.24, 8385.49, 10, 2e-20, 3e-20, 2e-20, 2e-20, -1
0.762452, -0.210089, 0.620668, 0.05, -0.0220344, -0.0350589, 0.0429482, 0.0596589, 1001.74, 2782.62, 10, 2e-20, 3e-20, 2e-20, 2e-20, -1
0.790425, -0.186919, 0.658874, 0.05, 0.0299321, 0.100094, -0.0369628, 0.11082, 1002.86, 4572.47, 10, 2e-20, 3e-20, 2e-20, 2e-20, -1
0.763773, -0.234431, 0.720279, 0.05, -0.0468749, -0.019635, 0.0387014, 0.0638795, 999.972, -44.7799, 10, 2e-20, 3e-20, 2e-20, 2e-20, -1
0.743277, -0.198262, 0.67432, 0.05, 0.0277752, -0.0157869, 0.0533758, 0.0622066, 1003.04, 4864.25, 10, 2e-20, 3e-20, 2e-20, 2e-20, -1
0.755911, -0.272248, 0.755563, 0.05, -0.0205834, -0.0292409, -0.087753, 0.0947592, 1003.74, 5983.17, 10, 2e-20, 3e-20, 2e-20, 2e-20, -1
0.745552, -0.14042, 0.73175, 0.05, -0.0742713, -0.0866822, -0.0247439, 0.1168, 1003.97, 6345.98, 10, 2e-20, 3e-20, 2e-20, 2e-20, -1
0.748305, -0.215038, 0.762674, 0.05, -0.056214, 0.0597172, -0.0510827, 0.0966209, 1002.61, 4173.04, 10, 2e-20, 3e-20, 2e-20, 2e-20, -1
0.751442, -0.24908, 0.797465, 0.05, -0.0643498, -0.00537856, 0.0430964, 0.0776345, 1006.05, 9682.96, 10, 2e-20, 3e-20, 2e-20, 2e-20, -1
0.794284, -0.107742, 0.85849, 0.05, -0.0138168, -0.109974, -0.0337321, 0.115858, 1006.41, 10262.2, 10, 2e-20, 3e-20, 2e-20, 2e-20, -1
0.777853, -0.251389, 0.842552, 0.05, 0.0451187, 0.0204302, -0.0537174, 0.073066, 1001.89, 3017.92, 10, 2e-20, 3e-20, 2e-20, 2e-20, -1
0.731413, -0.27709, 0.835094, 0.05, -0.104197, 0.00988578, 0.0922309, 0.139503, 1004.48, 7173.67, 10, 2e-20, 3e-20, 2e-20, 2e-20, -1
0.752699, -0.213181, 0.901938, 0.05, -0.085092, 0.0465005, 0.0736736, 0.121782, 1002.04, 3262.79, 10, 2e-20, 3e-20, 2e-20, 2e-20, -1
0.769704, -0.236205, 0.941846, 0.05, 0.00449553, -0.0716765, 0.00656008, 0.0721163, 1001.12, 1788.71, 10, 2e-20, 3e-20, 2e-20, 2e-20, -1
0.755002, -0.163061, 0.992263, 0.05, -0.107527, 0.0737593, -0.000265945, 0.130394, 1003.75, 6006.77, 10, 2e-20, 3e-20, 2e-20, 2e-20, -1
0.697923, -0.154813, 1.01175, 0.05, -0.131001, 0.0478566, -0.137802, 0.196064, 1001.86, 2974.3, 10, 2e-20, 3e-20, 2e-20, 2e-20, -1
0.700289, -0.148279, 1.06172, 0.05, -0.156738, -0.0159959, -0.00916844, 0.157818, 1003.64, 5825.75, 10, 2e-20, 3e-20, 2e-20, 2e-20, -1
0.651678, -0.131859, 1.1292, 0.05, 0.00179385, 0.0584097, 0.0104538, 0.0593649, 1001.24, 1991.97, 10, 2e-20, 3e-20, 2e-20, 2e-20, -1
0.585945, -0.0970418, 1.14027, 0.05, -0.171766, -0.137851, -0.02312, 0.221452, 1003.06, 4892.31, 10, 2e-20, 3e-20, 2e-20, 2e-20, -1
0.638621, -0.157014, 1.08925, 0.05, -0.0822376, 0.159459, -0.148412, 0.232844, 1001.62, 2597.7, 10, 2e-20, 3e-20, 2e-20, 2e-20, -1
0.57282, -0.151721, 1.12872, 0.05, -0.174609, 0.160752, 0.0415327, 0.240945, 1002.26, 3620.73, 10, 2e-20, 3e-20, 2e-20, 2e-20, -1
0.580554, -0.178096, 1.09769, 0.05, -0.115919, -0.097793, -0.00466454, 0.151732, 1000.92, 1464.83, 10, 2e-20, 3e-20, 2e-20, 2e-20, -1
0.526461, -0.123424, 1.18153, 0.05, -0.0388437, 0.0798991, -0.000440806, 0.088842, 1004.8, 7687.24, 10, 2e-20, 3e-20, 2e-20, 2e-20, -1
0.41132, -0.15268, 1.28296, 0.05, -0.188518, -0.0196806, 0.200048, 0.275582, 1003.73, 5973.13, 10, 2e-20, 3e-20, 2e-20, 2e-20, -1
0.356771, -0.0532629, 1.34597, 0.05, -0.348608, 0.0258238, 0.15373, 0.381873, 1002.7, 4320.94, 10, 2e-20, 3e-20, 2e-20, 2e-20, -1
0.256049, -0.0439182, 1.41678, 0.05, -0.359258, -0.00459876, 0.385384, 0.526886, 999.893, -171.947, 10, 2e-20, 3e-20, 2e-20, 2e-20, -1
0.298315, -0.0718772, 1.41896, 0.05, -0.264422, -0.0406623, 0.275564, 0.384068, 996.862, -5021.47, 10, 2e-20, 3e-20, 2e-20, 2e-20, -1
0.698485, -0.157192, 0.0508908, 0.05, 0.094343, 0.0467252, 0.0923265, 0.140029, 1009.99, 15982.2, 10, 2e-20, 3e-20, 2e-20, 2e-20, -1
0.75991, -0.22429, 0.0726244, 0.05, -0.0491662, 0.0188078, -0.0726308, 0.0897011, 1003.46, 5529.39, 10, 2e-20, 3e-20, 2e-20, 2e-20, -1
0.853445, -0.206219, 0.0999907, 0.05, -0.0797116, -0.0116031, -0.00851478, 0.0810004, 1010.34, 16541.6, 10, 2e-20, 3e-20, 2e-20, 2e-20, -1
0.820516, -0.162877, 0.0764296, 0.05, -0.00705361, 0.0334849, 0.0759415, 0.0832953, 1007.1, 11363.8, 10, 2e-20, 3e-20, 2e-20, 2e-20, -1
0.798812, -0.208318, 0.099079, 0.05, 0.0624258, 0.0177215, 0.0608305, 0.088946, 1005.85, 9360.42, 10, 2e-20, 3e-20, 2e-20, 2e-20, -1
0.78156, -0.238015, 0.145508, 0.05, 0.05817, -0.0684837, 0.00852434, 0.0902576, 1005.35, 8555.12, 10, 2e-20, 3e-20, 2e-20, 2e-20, -1
0.803448, -0.237135, 0.190047, 0.05, -0.0625854, -0.0312319, 0.0419389, 0.0815551, 1008.87, 14193.2, 10, 2e-20, 3e-20, 2e-20, 2e-20, -1
0.786714, -0.130088, 0.14606, 0.05, 0.0922437, -0.0973249, 0.0374115, 0.139214, 1009.29, 14867.9, 10, 2e-20, 3e-20, 2e-20, 2e-20, -1
0.778666, -0.143176, 0.197067, 0.05, 0.0494792, -0.0291228, 0.0554399, 0.0798118, 1007.78, 12454.8, 10, 2e-20, 3e-20, 2e-20, 2e-20, -1
0.78187, -0.163987, 0.246308, 0.05, -0.0182578, -0.126891, 0.010775, 0.12865, 1013.74, 21978.9, 10, 2e-20, 3e-20, 2e-20, 2e-20, -1
0.82274, -0.178783, 0.269586, 0.05, -0.03433, -0.131327, -0.0680692, 0.151851, 1009.21, 14740.9, 10, 2e-20, 3e-20, 2e-20, 2e-20, -1
0.806079, -0.138461, 0.305238, 0.05, -0.0138359, -0.0255529, -0.0516648, 0.0592759, 1008.44, 13509.7, 10, 2e-20, 3e-20, 2e-20, 2e-20, -1
0.80729, -0.17957, 0.322955, 0.05, 0.0579282, -0.134758, 0.00187582, 0.146693, 1005.19, 8304.11, 10, 2e-20, 3e-20, 2e-20, 2e-20, -1
0.760017, -0.151609, 0.321609, 0.05, -0.0121356, -0.0279404, -0.030582, 0.0431648, 1005.32, 8511.28, 10, 2e-20, 3e-20, 2e-20, 2e-20, -1
0.770632, -0.167875, 0.363536, 0.05, 0.000776309, -0.0583339, 0.0874117, 0.105092, 1008.18, 13090.4, 10, 2e-20, 3e-20, 2e-20, 2e-20, -1
0.752862, -0.11772, 0.35169, 0.05, -0.0478837, -0.0377619, 0.0253982, 0.0660596, 1006.82, 10906.2, 10, 2e-20, 3e-20, 2e-20, 2e-20, -1
0.71795, -0.158941, 0.362294, 0.05, -0.0528507, 0.0737746, -0.0592002, 0.108354, 1004.18, 6687.53, 10, 2e-20, 3e-20, 2e-20, 2e-20, -1
0.794524, -0.0653036, 0.441997, 0.05, 0.0534149, -0.0075495, -0.0385168, 0.0662849, 1007.67, 12269.4, 10, 2e-20, 3e-20, 2e-20, 2e-20, -1
0.752168, -0.132554, 0.405697, 0.05, 0.0409198, -0.00828713, -0.00504297, 0.042054, 1005.24, 8380.76, 10, 2e-20, 3e-20, 2e-20, 2e-20, -1
0.761308, -0.133891, 0.457864, 0.05, -0.00697195, -0.000142323, -0.0558196, 0.0562535, 1007.69, 12296.8, 10, 2e-20, 3e-20, 2e-20, 2e-20, -1
0.749835, -0.174541, 0.483838, 0.05, -0.0539566, -0.0576925, 0.021581, 0.081887, 1002.4, 3847.01, 10, 2e-20, 3e-20, 2e-20, 2e-20, -1
0.726829, -0.218628, 0.487221, 0.05, 0.0749096, 0.0544519, 0.0898622, 0.129041, 1003.17, 5076.8, 10, 2e-20, 3e-20, 2e-20, 2e-20, -1
0.738849, -0.12229, 0.513902, 0.05, -0.0322171, 0.00380587, 0.0203121, 0.0382754, 1004.22, 6750.79, 10, 2e-20, 3e-20, 2e-20, 2e-20, -1
0.743839, -0.2042, 0.531524, 0.05, 0.079077, -0.0251598, 0.000386534, 0.0829839, 1005.28, 8444.59, 10, 2e-20, 3e-20, 2e-20, 2e-20, -1
0.713201, -0.169127, 0.525119, 0.05, 0.0584401, -0.124586, 0.0301876, 0.140884, 1004.77, 7634.75, 10, 2e-20, 3e-20, 2e-20, 2e-20, -1
0.737628, -0.171138, 0.572029, 0.05, -0.0253303, -0.0768532, 0.0270072, 0.0853079, 1005.11, 8176.21, 10, 2e-20, 3e-20, 2e-20, 2e-20, -1
0.739039, -0.167576, 0.630247, 0.05, -0.0208629, -0.0660045, -0.0852779, 0.109837, 1003.44, 5498.58, 10, 2e-20, 3e-20, 2e-20, 2e-20, -1
0.746954, -0.11694, 0.626733, 0.05, -0.0126359, -0.0611111, -0.00678135, 0.0627712, 1000.72, 1146.45, 10, 2e-20, 3e-20, 2e-20, 2e-20, -1
0.755419, -0.14588, 0.672831, 0.05, 0.0213345, 0.00792524, -0.0380062, 0.0442995, 999.772, -364.496, 10, 2e-20, 3e-20, 2e-20, 2e-20, -1
0.758744, -0.102343, 0.667697, 0.05, -0.0971718, -0.0321753, 0.0444715, 0.111603, 1000.95, 1523.56, 10, 2e-20, 3e-20, 2e-20, 2e-20, -1
0.791709, -0.122436, 0.746998, 0.05, -0.0139162, 0.0221976, 0.051413, 0.0577034, 1003.48, 5566.41, 10, 2e-20, 3e-20, 2e-20, 2e-20, -1
0.756478, -0.0416274, 0.753056, 0.05, 0.00802746, 0.00140577, 0.0293528, 0.0304631, 1002.7, 4322.71, 10, 2e-20, 3e-20, 2e-20, 2e-20, -1
0.733956, -0.129958, 0.806581, 0.05, 0.0076785, 0.000967091, 0.00476615, 0.00908905, 1007.06, 11294.8, 10, 2e-20, 3e-20, 2e-20, 2e-20, -1
0.78191, -0.0299335, 0.890522, 0.05, -0.0540924, 0.0464627, 0.0559763, 0.0906539, 1003.6, 5759.09, 10, 2e-20, 3e-20, 2e-20, 2e-20, -1
0.764509, -0.0779432, 0.896615, 0.05, -0.0216034, 0.0589821, 0.00537477, 0.0630435, 1002.71, 4328.41, 10, 2e-20, 3e-20, 2e-20, 2e-20, -1
0.778879, -0.023141, 0.94293, 0.05, -0.0212558, -0.0836037, -0.103277, 0.134564, 1002.24, 3581.48, 10, 2e-20, 3e-20, 2e-20, 2e-20, -1
0.742979, -0.159595, 0.904419, 0.05, -0.0421527, -0.0805031, -0.0176891, 0.092577, 999.94, -95.8669, 10, 2e-20, 3e-20, 2e-20, 2e-20, -1
0.769829, -0.0755638, 0.945081, 0.05, -0.0255379, 0.0333615, 0.0592674, 0.0726484, 1003.61, 5776.65, 10, 2e-20, 3e-20, 2e-20, 2e-20, -1
0.752459, -0.210844, 0.980703, 0.05, -0.0968075, -0.0411552, 0.0201831, 0.107111, 1001.29, 2067.7, 10, 2e-20, 3e-20, 2e-20, 2e-20, -1
0.777213, -0.143967, 1.023, 0.05, 0.0890652, 0.00307452, 0.0704158, 0.11358, 1002.94, 4710.4, 10, 2e-20, 3e-20, 2e-20, 2e-20, -1
0.714955, -0.122576, 1.09712, 0.05, -0.071642, 0.00877684, 0.131261, 0.149797, 1005.1, 8160.33, 10, 2e-20, 3e-20, 2e-20, 2e-20, -1
0.611587, -0.0603157, 1.15299, 0.05, -0.221777, -0.191278, -0.0674563, 0.300537, 1004.43, 7083.65, 10, 2e-20, 3e-20, 2e-20, 2e-20, -1
0.609552, -0.0339595, 1.11895, 0.05, -0.0464714, 0.0843745, -0.146087, 0.174985, 1006.64, 10626.9, 10, 2e-20, 3e-20, 2e-20, 2e-20, -1
0.525861, -0.0621227, 1.18062, 0.05, -0.289793, -0.0859774, 0.020345, 0.302962, 1001.6, 2558.44, 10, 2e-20, 3e-20, 2e-20, 2e-20, -1
0.651781, -0.0545697, 1.08144, 0.05, -0.0838489, -0.0164072, 0.0936531, 0.12677, 1000.48, 770.212, 10, 2e-20, 3e-20, 2e-20, 2e-20, -1
0.610761, -0.113135, 1.09963, 0.05, 0.0055442, 0.0112534, 0.0404527, 0.0423532, 1001.85, 2953.65, 10, 2e-20, 3e-20, 2e-20, 2e-20, -1
0.59939, -0.0807087, 1.0916, 0.05, -0.0291462, -0.0071206, 0.0878842, 0.0928647, 1004.89, 7826.23, 10, 2e-20, 3e-20, 2e-20, 2e-20, -1
0.541978, -0.0996977, 1.13659, 0.05, -0.129642, -0.021769, 0.150773, 0.200034, 1004.79, 7658.17, 10, 2e-20, 3e-20, 2e-20, 2e-20, -1
0.378906, -0.0721198, 1.30152, 0.05, -0.294609, 0.0289558, 0.19035, 0.351946, 1001.65, 2640.29, 10, 2e-20, 3e-20, 2e-20, 2e-20, -1
0.363068, 0.0230133, 1.33863, 0.05, -0.378757, 0.106746, 0.132044, 0.415075, 1004.39, 7024.57, 10, 2e-20, 3e-20, 2e-20, 2e-20, -1
0.0679143, 0.0119583, 1.38515, 0.05, 0.0626321, -0.0441319, 0.0691091, 0.103182, 998.895, -1768.13, 10, 2e-20, 3e-20, 2e-20, 2e-20, -1
0.831364, -0.0823923, 0.0478298, 0.05, 0.0626002, 0.0301541, 0.0403136, 0.0803321, 1010.98, 17563.2, 10, 2e-20, 3e-20, 2e-20, 2e-20, -1
0.861666, -0.143292, 0.047843, 0.05, 0.0524773, -0.0484534, 0.034738, 0.079425, 1010.39, 16627.4, 10, 2e-20, 3e-20, 2e-20, 2e-20, -1
0.84333, -0.121257, 0.0924529, 0.05, 0.0193469, 0.0371085, -0.0367396, 0.0556879, 1007.6, 12162.5, 10, 2e-20, 3e-20, 2e-20, 2e-20, -1
0.896278, -0.0242876, 0.106647, 0.05, -0.157699, -0.0283935, 0.0222901, 0.161778, 1005.18, 8295.69, 10, 2e-20, 3e-20, 2e-20, 2e-20, -1
0.883864, -0.0813467, 0.143938, 0.05, 0.0856526, 0.000870335, 0.0196926, 0.0878915, 1001.4, 2247.21, 10, 2e-20, 3e-20, 2e-20, 2e-20, -1
0.775348, -0.160831, 0.102939, 0.05, -0.0439201, -0.082561, 0.0402898, 0.101826, 1004.15, 6632.02, 10, 2e-20, 3e-20, 2e-20, 2e-20, -1
0.841601, -0.117697, 0.138972, 0.05, 0.00597773, 0.0120606, 0.0806219, 0.0817378, 1013.53, 21654.8, 10, 2e-20, 3e-20, 2e-20, 2e-20, -1
0.798697, -0.0786199, 0.142573, 0.05, 0.0556234, -0.060576, -0.0181016, 0.0842085, 1005.64, 9030.74, 10, 2e-20, 3e-20, 2e-20, 2e-20, -1
0.829233, -0.0306843, 0.16085, 0.05, -0.0417987, -0.0268804, 0.0762237, 0.0909931, 1004.1, 6563.18, 10, 2e-20, 3e-20, 2e-20, 2e-20, -1
0.836119, -0.145611, 0.224512, 0.05, 0.0723864, -0.124217, -0.0316768, 0.147217, 1003.3, 5285.12, 10, 2e-20, 3e-20, 2e-20, 2e-20, -1
0.796654, -0.093738, 0.198468, 0.05, -0.0131239, -0.00244837, 0.00116357, 0.0134009, 1007.65, 12247, 10, 2e-20, 3e-20, 2e-20, 2e-20, -1
0.836307, -0.0939637, 0.22719, 0.05, -0.109975, 0.0618492, -0.0272784, 0.129089, 1006.21, 9940.09, 10, 2e-20, 3e-20, 2e-20, 2e-20, -1
0.813408, -0.0768427, 0.297202, 0.05, -0.0141837, -0.0204793, -0.0800817, 0.0838669, 1009.04, 14467.2, 10, 2e-20, 3e-20, 2e-20, 2e-20, -1
0.789843, -0.083228, 0.344909, 0.05, -0.0841663, -0.0800926, 0.0192745, 0.117772, 1011.46, 18328.8, 10, 2e-20, 3e-20, 2e-20, 2e-20, -1
0.745924, -0.0584589, 0.366398, 0.05, -0.0634682, -0.0250249, -0.0146139, 0.0697712, 1006.45, 10326.2, 10, 2e-20, 3e-20, 2e-20, 2e-20, -1
0.763546, -0.0147282, 0.384811, 0.05, 0.046088, -0.0270539, 0.0480736, 0.0718824, 1006.46, 10343.1, 10, 2e-20, 3e-20, 2e-20, 2e-20, -1
0.773455, -0.0168913, 0.43791, 0.05, -0.0210833, 0.0568023, -0.00256192, 0.060643, 1001.38, 2212.44, 10, 2e-20, 3e-20, 2e-20, 2e-20, -1
0.833333, 0.0191407, 0.481832, 0.05, -0.00291429, -0.0495137, 0.0731997, 0.0884211, 1006.63, 10607.5, 10, 2e-20, 3e-20, 2e-20, 2e-20, -1
0.785333, -0.09788, 0.481675, 0.05, 0.0377059, 0.0940264, -0.0312039, 0.106002, 1007.94, 12702.2, 10, 2e-20, 3e-20, 2e-20, 2e-20, -1
0.791006, 0.0238884, 0.45737, 0.05, -0.0915176, 0.00220714, 0.0141173, 0.0926264, 1006.06, 9699.3, 10, 2e-20, 3e-20, 2e-20, 2e-20, -1
0.802628, -0.00560969, 0.507764, 0.05, -0.0325187, -0.110938, 0.039273, 0.122094, 1005.98, 9566.61, 10, 2e-20, 3e-20, 2e-20, 2e-20, -1
0.799936, -0.0592417, 0.522727, 0.05, -0.0780287, -0.0665189, -0.0274672, 0.106149, 1005.27, 8430.94, 10, 2e-20, 3e-20, 2e-20, 2e-20, -1
0.755272, -0.000204395, 0.493683, 0.05, -0.02507, -0.0314426, 0.0201527, 0.0449808, 1002.89, 4617.86, 10, 2e-20, 3e-20, 2e-20, 2e-20, -1
0.767565, -0.08713, 0.537132, 0.05, -0.0244756, 0.0301861, 0.000737446, 0.038869, 1005.48, 8765.85, 10, 2e-20, 3e-20, 2e-20, 2e-20, -1
0.781179, -0.0324286, 0.594598, 0.05, -0.0533695, -0.0339178, -0.00603717, 0.063523, 1007.1, 11352.3, 10, 2e-20, 3e-20, 2e-20, 2e-20, -1
0.721535, -0.122762, 0.562725, 0.05, -0.0097967, -0.0688278, 0.0718233, 0.0999591, 1001.49, 2378.16, 10, 2e-20, 3e-20, 2e-20, 2e-20, -1
0.732005, -0.0414541, 0.59412, 0.05, 0.0319827, 0.0203481, 0.0264982, 0.0462503, 1004.18, 6687.25, 10, 2e-20, 3e-20, 2e-20, 2e-20, -1
0.760621, -0.0859968, 0.588748, 0.05, 0.0298496, -0.072386, -0.0158872, 0.0798945, 1003.3, 5277.84, 10, 2e-20, 3e-20, 2e-20, 2e-20, -1
0.765624, -0.0625953, 0.641495, 0.05, -0.0642675, 0.0184339, -0.00942634, 0.0675202, 1005.59, 8945.58, 10, 2e-20, 3e-20, 2e-20, 2e-20, -1
0.793457, -0.0935019, 0.707904, 0.05, -0.0292758, 0.0438747, 0.0297175, 0.0605408, 1002.28, 3642.86, 10, 2e-20, 3e-20, 2e-20, 2e-20, -1
0.730635, 0.00400883, 0.745898, 0.05, -0.0131418, 0.0131421, 0.0315984, 0.0366589, 1002.71, 4332.06, 10, 2e-20, 3e-20, 2e-20, 2e-20, -1
0.818566, 0.0421893, 0.803978, 0.05, 0.00482176, 0.0311701, -0.0975888, 0.102559, 1001.35, 2160.64, 10, 2e-20, 3e-20, 2e-20, 2e-20, -1
0.821151, 0.067992, 0.886953, 0.05, -0.0404693, -0.0116191, 0.021343, 0.0472047, 1002.96, 4729.55, 10, 2e-20, 3e-20, 2e-20, 2e-20, -1
0.83484, 0.0939577, 0.974557, 0.05, 0.0310255, -0.0763505, -0.0431398, 0.0930216, 1001.97, 3154.24, 10, 2e-20, 3e-20, 2e-20, 2e-20, -1
0.733881, -0.020374, 0.795663, 0.05, -0.0446391, -0.0650739, 0.00789459, 0.0793069, 1004.38, 7015.16, 10, 2e-20, 3e-20, 2e-20, 2e-20, -1
0.804599, 0.0105763, 0.965653, 0.05, -0.0808533, -0.0244163, -0.0408014, 0.0937985, 1001.78, 2849.26, 10, 2e-20, 3e-20, 2e-20, 2e-20, -1
0.740059, -0.0902554, 0.988402, 0.05, -0.0375068, 0.0453619, -0.0780449, 0.0977521, 1002.17, 3469.31, 10, 2e-20, 3e-20, 2e-20, 2e-20, -1
0.753523, -0.144694, 0.967192, 0.05, -0.178495, -0.00505578, 0.0444369, 0.184013, 1004.15, 6637.29, 10, 2e-20, 3e-20, 2e-20, 2e-20, -1
0.695422, -0.0551871, 0.996417, 0.05, -0.0291953, -0.0200994, 0.0408571, 0.0540893, 1001.72, 2756.45, 10, 2e-20, 3e-20, 2e-20, 2e-20, -1
0.777139, -0.0718407, 1.043, 0.05, -0.0124584, -0.088404, 0.020526, 0.0916067, 1005.75, 9199.29, 10, 2e-20, 3e-20, 2e-20, 2e-20, -1
0.744482, -0.0408353, 1.02016, 0.05, -0.00824994, -0.0809796, -0.019361, 0.0836696, 1008.31, 13301.3, 10, 2e-20, 3e-20, 2e-20, 2e-20, -1
0.670198, -0.0138649, 1.08487, 0.05, -0.0643108, -0.00107846, 0.0273217, 0.0698822, 999.606, -630.596, 10, 2e-20, 3e-20, 2e-20, 2e-20, -1
0.712039, 0.0480332, 1.03412, 0.05, -0.0321971, -0.083008, -0.17826, 0.199258, 999.855, -232.294, 10, 2e-20, 3e-20, 2e-20, 2e-20, -1
0.705603, -0.00700453, 1.04421, 0.05, 0.0246584, -0.0736365, -0.106386, 0.131713, 1002.81, 4498.99, 10, 2e-20, 3e-20, 2e-20, 2e-20, -1
0.612502, 0.00147329, 1.08718, 0.05, -0.0815702, -0.0415338, 0.0918958, 0.129706, 1003.23, 5166.4, 10, 2e-20, 3e-20, 2e-20, 2e-20, -1
0.554506, -0.0260287, 1.15493, 0.05, -0.192431, 0.0283955, -0.0380853, 0.198208, 999.152, -1356.49, 10, 2e-20, 3e-20, 2e-20, 2e-20, -1
0.617224, -0.0522514, 1.05586, 0.05, -0.0336174, 0.0408925, 0.0676784, 0.0859226, 1005.05, 8076.99, 10, 2e-20, 3e-20, 2e-20, 2e-20, -1
0.464014, -0.0469764, 1.19214, 0.05, -0.0547096, 0.0156607, 0.0806649, 0.0987179, 1002.1, 3360.48, 10, 2e-20, 3e-20, 2e-20, 2e-20, -1
0.448341, -0.00327598, 1.27199, 0.05, -0.241286, 0.00260844, 0.09684, 0.260007, 1001.15, 1844.63, 10, 2e-20, 3e-20, 2e-20, 2e-20, -1
0.376101, -0.0130958, 1.32549, 0.05, -0.26712, -0.0247282, 0.148699, 0.306718, 1003.09, 4940.69, 10, 2e-20, 3e-20, 2e-20, 2e-20, -1
0.127171, 0.0733361, 1.40975, 0.05, -0.265062, -0.190157, 0.218857, 0.392831, 996.669, -5329.53, 10, 2e-20, 3e-20, 2e-20, 2e-20, -1
0.801783, 0.0234411, 0.0521281, 0.05, -0.0239, -0.0749235, 0.0121286, 0.0795729, 1019.9, 31838.8, 10, 2e-20, 3e-20, 2e-20, 2e-20, -1
0.837204, 0.0950387, 0.0508701, 0.05, 0.0575302, 0.0786442, -0.110772, 0.14753, 1010.49, 16791.8, 10, 2e-20, 3e-20, 2e-20, 2e-20, -1
0.882489, 0.0721105, 0.0963224, 0.05, 0.126332, -0.0491086, 0.0335604, 0.139634, 1006.84, 10936.9, 10, 2e-20, 3e-20, 2e-20, 2e-20, -1
0.854767, 0.0104975, 0.0922982, 0.05, 0.0658201, 0.083791, 0.0398214, 0.11375, 1010.59, 16938.1, 10, 2e-20, 3e-20, 2e-20, 2e-20, -1
0.889099, 0.0378301, 0.163173, 0.05, -0.111556, 0.000964094, -0.0979406, 0.148452, 1009.46, 15130.8, 10, 2e-20, 3e-20, 2e-20, 2e-20, -1
0.844665, 0.0335331, 0.136136, 0.05, 0.0342472, -0.0735311, -0.0284262, 0.085952, 1001.74, 2780.36, 10, 2e-20, 3e-20, 2e-20, 2e-20, -1
0.856047, -0.0498597, 0.121272, 0.05, -0.0140706, -0.127843, 0.0778964, 0.150365, 1011.43, 18286.3, 10, 2e-20, 3e-20, 2e-20, 2e-20, -1
0.8716, -0.00669801, 0.143525, 0.05, -0.0251918, 0.0173146, -0.0892608, 0.09435, 1009.21, 14739.4, 10, 2e-20, 3e-20, 2e-20, 2e-20, -1
0.852071, 0.00670006, 0.183663, 0.05, -0.055841, -0.0669964, -0.0196068, 0.0893933, 1009.27, 14827.3, 10, 2e-20, 3e-20, 2e-20, 2e-20, -1
0.872912, -0.00854655, 0.225825, 0.05, -0.127985, -0.0366967, -0.0254642, 0.135555, 1007.87, 12592.1, 10, 2e-20, 3e-20, 2e-20, 2e-20, -1
0.824366, -0.0425026, 0.211459, 0.05, -0.040123, -0.0626158, -0.0402533, 0.0845631, 1007.49, 11983.3, 10, 2e-20, 3e-20, 2e-20, 2e-20, -1
0.836615, -0.0489274, 0.259753, 0.05, 0.0275358, 0.00563119, -0.0688136, 0.074332, 1010.19, 16304.5, 10, 2e-20, 3e-20, 2e-20, 2e-20, -1
0.87106, -0.00874992, 0.445567, 0.05, 0.0678502, 0.00288573, -0.00549156, 0.0681332, 1005.1, 8157.03, 10, 2e-20, 3e-20, 2e-20, 2e-20, -1
0.799752, -0.0406211, 0.390922, 0.05, 0.0797974, 0.0102453, 0.0475248, 0.0934408, 1005, 7994.12, 10, 2e-20, 3e-20, 2e-20, 2e-20, -1
0.802527, 0.118398, 0.311949, 0.05, -0.0630468, -0.0894041, -0.0207662, 0.111352, 1005.34, 8545.04, 10, 2e-20, 3e-20, 2e-20, 2e-20, -1
0.813306, -0.00541487, 0.3568, 0.05, -0.00785749, 0.00117826, 0.0386019, 0.0394111, 1007.78, 12446.9, 10, 2e-20, 3e-20, 2e-20, 2e-20, -1
0.793578, 0.024218, 0.40325, 0.05, -0.0200111, -0.00663896, 0.00506849, 0.0216843, 1008.28, 13249.7, 10, 2e-20, 3e-20, 2e-20, 2e-20, -1
0.787202, 0.106504, 0.412833, 0.05, -0.0396744, 0.00793371, 0.064849, 0.0764356, 1005.85, 9354.69, 10, 2e-20, 3e-20, 2e-20, 2e-20, -1
0.824106, 0.0678779, 0.443605, 0.05, -0.0448005, -0.00654432, -0.0544217, 0.0707929, 1005.38, 8602.57, 10, 2e-20, 3e-20, 2e-20, 2e-20, -1
0.810105, 0.121745, 0.490142, 0.05, -0.0616514, -0.064933, 0.129555, 0.157486, 1004.45, 7116.07, 10, 2e-20, 3e-20, 2e-20, 2e-20, -1
0.788019, 0.0745734, 0.467225, 0.05, -0.0491023, 0.0397618, 0.0341082, 0.0718011, 1003.26, 5213.22, 10, 2e-20, 3e-20, 2e-20, 2e-20, -1
0.743081, 0.0361127, 0.459444, 0.05, -0.0274458, -0.0700744, -0.0448763, 0.0876217, 1003.38, 5415.73, 10, 2e-20, 3e-20, 2e-20, 2e-20, -1
0.829617, 0.0840555, 0.59671, 0.05, -0.0859879, -0.0199697, -0.0258267, 0.0919767, 1004.02, 6435.05, 10, 2e-20, 3e-20, 2e-20, 2e-20, -1
0.77596, 0.0474807, 0.511395, 0.05, -0.0436907, -0.0132994, -0.0888997, 0.0999445, 1004.69, 7501.35, 10, 2e-20, 3e-20, 2e-20, 2e-20, -1
0.767033, -4.80439e-05, 0.546911, 0.05, -0.083404, -0.0403775, 0.00991883, 0.0931931, 1006.61, 10581.6, 10, 2e-20, 3e-20, 2e-20, 2e-20, -1
0.807914, 0.0124189, 0.598168, 0.05, -0.10143, -0.0220033, 0.0431596, 0.112405, 1003.28, 5249.11, 10, 2e-20, 3e-20, 2e-20, 2e-20, -1
0.767909, -0.00303771, 0.683437, 0.05, -0.0388981, -0.091285, -0.0518573, 0.111961, 999.139, -1377.5, 10, 2e-20, 3e-20, 2e-20, 2e-20, -1
0.802486, 0.0471445, 0.699474, 0.05, -0.00734026, -0.00241929, 0.0388823, 0.039643, 1004.84, 7739.97, 10, 2e-20, 3e-20, 2e-20, 2e-20, -1
0.774413, 0.00856194, 0.735537, 0.05, -0.0371346, -0.0789702, 0.0813073, 0.119273, 1009.21, 14732.4, 10, 2e-20, 3e-20, 2e-20, 2e-20, -1
0.830436, 0.119026, 0.798491, 0.05, 0.0052018, -0.0308717, -0.0405534, 0.0512318, 1002.92, 4668.25, 10, 2e-20, 3e-20, 2e-20, 2e-20, -1
0.81631, 0.0817176, 0.830008, 0.05, 0.00032053, -0.00903918, -0.049187, 0.0500117, 1001.6, 2563.79, 10, 2e-20, 3e-20, 2e-20, 2e-20, -1
0.84553, 0.116855, 0.842618, 0.05, -0.0324598, -0.0429219, 0.0133822, 0.0554528, 1005.99, 9584.33, 10, 2e-20, 3e-20, 2e-20, 2e-20, -1
0.785908, 0.10461, 0.874792, 0.05, -0.0219851, 0.0184467, 0.0345792, 0.0449372, 1003.32, 5316.17, 10, 2e-20, 3e-20, 2e-20, 2e-20, -1
0.825586, 0.111523, 0.929499, 0.05, -0.0174801, -0.0863927, -0.0723728, 0.114049, 1002.34, 3749.41, 10, 2e-20, 3e-20, 2e-20, 2e-20, -1
0.809293, 0.0192006, 1.01202, 0.05, -0.0253273, 0.0393372, 0.0130938, 0.0485833, 1002.04, 3257.51, 10, 2e-20, 3e-20, 2e-20, 2e-20, -1
0.815184, 0.0713648, 1.02169, 0.05, -0.0373393, -0.0173447, -0.076543, 0.0869131, 1003.89, 6230.83, 10, 2e-20, 3e-20, 2e-20, 2e-20, -1
0.737549, -0.0246855, 0.97832, 0.05, -0.0260513, -0.150687, -0.0414114, 0.15843, 1001.52, 2426.81, 10, 2e-20, 3e-20, 2e-20, 2e-20, -1
0.731477, 0.0338281, 0.983003, 0.05, -0.0675087, 0.0181469, -0.0458087, 0.0835773, 999.51, -783.463, 10, 2e-20, 3e-20, 2e-20, 2e-20, -1
0.746915, 0.00841937, 1.01126, 0.05, -0.0107729, -0.0536269, 0.0408273, 0.0682552, 999.927, -116.227, 10, 2e-20, 3e-20, 2e-20, 2e-20, -1
0.725401, 0.16607, 1.06405, 0.05, -0.0756573, 0.0283408, -0.214758, 0.229452, 1000.81, 1288.99, 10, 2e-20, 3e-20, 2e-20, 2e-20, -1
0.781994, 0.00847782, 1.04945, 0.05, -0.104722, -0.0661421, 0.018002, 0.125162, 1000.75, 1195.78, 10, 2e-20, 3e-20, 2e-20, 2e-20, -1
0.751525, 0.13431, 1.02881, 0.05, -0.0969384, -0.0225681, -0.140388, 0.172091, 997.641, -3774.98, 10, 2e-20, 3e-20, 2e-20, 2e-20, -1
0.771631, 0.0745499, 1.10502, 0.05, -0.0875633, -0.0699807, -0.0630148, 0.12859, 997.05, -4719.98, 10, 2e-20, 3e-20, 2e-20, 2e-20, -1
0.735467, 0.0657409, 1.07474, 0.05, -0.0593204, -0.107513, -0.0274565, 0.125824, 1003.22, 5153.88, 10, 2e-20, 3e-20, 2e-20, 2e-20, -1
0.649424, 0.0495123, 1.07566, 0.05, -0.0910308, -0.0480601, -0.0772853, 0.128722, 1000.42, 671.657, 10, 2e-20, 3e-20, 2e-20, 2e-20, -1
0.568548, 0.0259816, 1.09014, 0.05, -0.0380842, -0.106563, 0.0341375, 0.118201, 1002.23, 3568.89, 10, 2e-20, 3e-20, 2e-20, 2e-20, -1
0.598928, 0.0650381, 1.10554, 0.05, 0.0389414, -0.093991, 0.022118, 0.104115, 1002.62, 4189.32, 10, 2e-20, 3e-20, 2e-20, 2e-20, -1
0.474031, 0.0271311, 1.20526, 0.05, -0.123735, -0.0292168, 0.0221291, 0.129049, 1006.13, 9813.19, 10, 2e-20, 3e-20, 2e-20, 2e-20, -1
0.461924, 0.0498365, 1.25414, 0.05, -0.181682, -0.0442569, 0.051399, 0.19393, 1005.18, 8286.91, 10, 2e-20, 3e-20, 2e-20, 2e-20, -1
0.423052, 0.0742189, 1.34266, 0.05, -0.302247, -0.0312052, 0.0167689, 0.304316, 1003.84, 6149.74, 10, 2e-20, 3e-20, 2e-20, 2e-20, -1
0.241895, 0.131054, 1.34371, 0.05, -0.195951, -0.160155, 0.225758, 0.339136, 1001.19, 1905.98, 10, 2e-20, 3e-20, 2e-20, 2e-20, -1
0.780213, 0.0798123, 0.0511852, 0.05, 0.0750117, -0.0494564, 0.0434464, 0.0998012, 1017.05, 27276.4, 10, 2e-20, 3e-20, 2e-20, 2e-20, -1
0.834102, 0.151842, 0.0477549, 0.05, 0.123958, -0.15774, -0.0998967, 0.224114, 1011.13, 17805.2, 10, 2e-20, 3e-20, 2e-20, 2e-20, -1
0.832107, 0.178681, 0.0862556, 0.05, 0.0177044, 0.00507021, -0.0748314, 0.0770642, 1007.06, 11300.8, 10, 2e-20, 3e-20, 2e-20, 2e-20, -1
0.855445, 0.107483, 0.0971671, 0.05, 0.01874, 0.0858346, -0.206173, 0.224112, 1010.31, 16493.5, 10, 2e-20, 3e-20, 2e-20, 2e-20, -1
0.864882, 0.079094, 0.146775, 0.05, -0.00291142, -0.0374782, -0.0604676, 0.0711999, 1005.16, 8252.52, 10, 2e-20, 3e-20, 2e-20, 2e-20, -1
0.816978, 0.143196, 0.111575, 0.05, -0.0858895, -0.0769402, -0.0198185, 0.117002, 1004.76, 7621.62, 10, 2e-20, 3e-20, 2e-20, 2e-20, -1
0.796409, 0.118397, 0.146426, 0.05, 0.00587936, -0.102637, 0.00232571, 0.102832, 1003.95, 6323.21, 10, 2e-20, 3e-20, 2e-20, 2e-20, -1
0.807348, 0.172014, 0.16239, 0.05, -0.036075, -0.0571158, -0.0727038, 0.0992445, 1006.89, 11024, 10, 2e-20, 3e-20, 2e-20, 2e-20, -1
0.827275, 0.05308, 0.197219, 0.05, -0.0279442, -0.100476, -0.0932988, 0.139932, 1010.38, 16609.3, 10, 2e-20, 3e-20, 2e-20, 2e-20, -1
0.819795, 0.000296482, 0.244107, 0.05, 0.0694029, -0.0916072, -0.0433945, 0.122848, 1007.89, 12616.2, 10, 2e-20, 3e-20, 2e-20, 2e-20, -1
0.787862, 0.0474525, 0.226055, 0.05, -0.0709849, -0.077295, -0.0338759, 0.110277, 1010.5, 16797.8, 10, 2e-20, 3e-20, 2e-20, 2e-20, -1
0.807015, 0.0390373, 0.275949, 0.05, 0.014777, -0.0545927, -0.026667, 0.0625288, 1004.95, 7925.56, 10, 2e-20, 3e-20, 2e-20, 2e-20, -1
0.795927, 0.201809, 0.274764, 0.05, -0.0196196, 0.0506262, -0.0906241, 0.105644, 1007.64, 12224.5, 10, 2e-20, 3e-20, 2e-20, 2e-20, -1
0.837627, 0.0286393, 0.317452, 0.05, 0.0190823, -0.0270355, -0.0124171, 0.0353445, 1006.54, 10456.1, 10, 2e-20, 3e-20, 2e-20, 2e-20, -1
0.811178, 0.174235, 0.336486, 0.05, 0.0149957, 0.0379521, -0.0563847, 0.0696022, 1003.98, 6369.94, 10, 2e-20, 3e-20, 2e-20, 2e-20, -1
0.78643, 0.139677, 0.365659, 0.05, -0.119636, 0.0584199, -0.0382247, 0.138516, 1005.36, 8578.47, 10, 2e-20, 3e-20, 2e-20, 2e-20, -1
0.787087, 0.0897984, 0.354613, 0.05, -0.0145229, -0.0644076, -0.0956961, 0.116263, 1006.59, 10549.4, 10, 2e-20, 3e-20, 2e-20, 2e-20, -1
0.786815, 0.196931, 0.40263, 0.05, 0.0178833, 0.0307388, -0.0252619, 0.0436217, 1001.77, 2831.98, 10, 2e-20, 3e-20, 2e-20, 2e-20, -1
0.819349, 0.180005, 0.420943, 0.05, -0.0490563, 0.0153626, -0.031979, 0.0605408, 999.457, -868.632, 10, 2e-20, 3e-20, 2e-20, 2e-20, -1
0.771393, 0.131148, 0.453619, 0.05, -0.126459, -0.0378577, -0.0385644, 0.137522, 1006.91, 11048.9, 10, 2e-20, 3e-20, 2e-20, 2e-20, -1
0.838632, 0.117216, 0.533353, 0.05, -0.114419, -0.0645111, -0.0345752, 0.135827, 1004.19, 6709.71, 10, 2e-20, 3e-20, 2e-20, 2e-20, -1
0.846502, 0.0404383, 0.61794, 0.05, -0.0121633, -0.088606, 0.0491232, 0.10204, 1001.94, 3101.53, 10, 2e-20, 3e-20, 2e-20, 2e-20, -1
0.841679, 0.198643, 0.548435, 0.05, -0.084486, -0.0221451, 0.018209, 0.089218, 1005.27, 8429.37, 10, 2e-20, 3e-20, 2e-20, 2e-20, -1
0.838861, 0.17648, 0.608518, 0.05, -0.0725077, -0.0576379, -0.00890738, 0.0930528, 1009.21, 14730.5, 10, 2e-20, 3e-20, 2e-20, 2e-20, -1
0.859503, 0.0949473, 0.646442, 0.05, -0.0102113, 0.00588045, 0.087039, 0.087833, 1000.62, 995.569, 10, 2e-20, 3e-20, 2e-20, 2e-20, -1
0.816122, 0.120025, 0.639562, 0.05, 0.000191857, 0.0222095, 0.103843, 0.106192, 1007.38, 11804.5, 10, 2e-20, 3e-20, 2e-20, 2e-20, -1
0.856979, 0.144944, 0.656703, 0.05, -0.0218607, -0.0716084, -0.0614528, 0.0968612, 1002.72, 4359.59, 10, 2e-20, 3e-20, 2e-20, 2e-20, -1
0.829431, 0.0863401, 0.685116, 0.05, -0.0741218, -0.0602382, -0.0290995, 0.0998473, 1002.05, 3287.99, 10, 2e-20, 3e-20, 2e-20, 2e-20, -1
0.776017, 0.0862108, 0.671225, 0.05, -0.0180931, -0.0105192, -0.0109134, 0.0236033, 1003.64, 5826.14, 10, 2e-20, 3e-20, 2e-20, 2e-20, -1
0.841443, 0.116987, 0.712427, 0.05, -0.0225029, -0.0586004, -0.055292, 0.0836516, 1002, 3197.04, 10, 2e-20, 3e-20, 2e-20, 2e-20, -1
0.831899, 0.164628, 0.771701, 0.05, -0.00309545, -0.00716073, -0.00630213, 0.0100287, 1007.14, 11430.9, 10, 2e-20, 3e-20, 2e-20, 2e-20, -1
0.820059, 0.165694, 0.821967, 0.05, 0.0380442, 0.0139689, -0.0217395, 0.0459902, 1002.62, 4198.29, 10, 2e-20, 3e-20, 2e-20, 2e-20, -1
0.816184, 0.193885, 0.889843, 0.05, 0.00949784, -0.0419169, -0.188512, 0.19335, 1001.88, 3011.73, 10, 2e-20, 3e-20, 2e-20, 2e-20, -1
0.751698, 0.144437, 0.902864, 0.05, 0.00789689, -0.152879, -0.065256, 0.166411, 1001.79, 2864.96, 10, 2e-20, 3e-20, 2e-20, 2e-20, -1
0.779421, 0.095102, 0.943542, 0.05, 0.0441486, -0.0351424, -0.0398333, 0.0690708, 1002.87, 4595.32, 10, 2e-20, 3e-20, 2e-20, 2e-20, -1
0.786287, 0.187055, 0.947057, 0.05, 0.10132, -0.101786, -0.0216798, 0.145245, 1008.26, 13220.2, 10, 2e-20, 3e-20, 2e-20, 2e-20, -1
0.774998, 0.0939328, 0.993204, 0.05, -0.0387086, -0.0771269, 0.00546691, 0.0864685, 1002.63, 4201.69, 10, 2e-20, 3e-20, 2e-20, 2e-20, -1
0.742966, 0.128386, 0.95648, 0.05, -0.0332493, -0.00594046, -0.192801, 0.195737, 1001.68, 2694.35, 10, 2e-20, 3e-20, 2e-20, 2e-20, -1
0.762139, 0.0510648, 1.02698, 0.05, 7.18739e-05, -0.109699, -0.107874, 0.153853, 1002.64, 4231.29, 10, 2e-20, 3e-20, 2e-20, 2e-20, -1
0.719642, 0.163167, 0.993811, 0.05, -0.0649536, -0.0456972, -0.131031, 0.153219, 1000.42, 673.246, 10, 2e-20, 3e-20, 2e-20, 2e-20, -1
0.683354, 0.219824, 1.01773, 0.05, -0.147971, -0.0467857, -0.10196, 0.185689, 998.702, -2077.1, 10, 2e-20, 3e-20, 2e-20, 2e-20, -1
0.699309, 0.138205, 1.03292, 0.05, 0.0552187, -0.0621434, -0.0204239, 0.085604, 1001.21, 1928.01, 10, 2e-20, 3e-20, 2e-20, 2e-20, -1
0.678275, 0.177656, 1.04679, 0.05, -0.0509369, 0.0668355, -0.166954, 0.18691, 1003.82, 6113.66, 10, 2e-20, 3e-20, 2e-20, 2e-20, -1
0.686969, 0.130929, 1.08545, 0.05, -0.0426422, -0.0480598, -0.0853881, 0.106861, 1002.21, 3542.76, 10, 2e-20, 3e-20, 2e-20, 2e-20, -1
0.659086, 0.134239, 1.14657, 0.05, -0.0907238, -0.0623105, -0.0363762, 0.115916, 1000.97, 1554.88, 10, 2e-20, 3e-20, 2e-20, 2e-20, -1
0.629844, 0.105031, 1.12031, 0.05, -0.238512, 0.0182421, -0.0951537, 0.25744, 996.45, -5679.79, 10, 2e-20, 3e-20, 2e-20, 2e-20, -1
0.534564, 0.123877, 1.18123, 0.05, -0.131155, 0.0264515, 0.107556, 0.171667, 999.641, -573.608, 10, 2e-20, 3e-20, 2e-20, 2e-20, -1
0.466123, 0.0797025, 1.21418, 0.05, -0.231699, 0.0762757, 0.108638, 0.267029, 1003.97, 6345.61, 10, 2e-20, 3e-20, 2e-20, 2e-20, -1
0.389122, 0.0759928, 1.32325, 0.05, -0.290146, -0.071033, 0.128417, 0.325148, 1000.28, 452.342, 10, 2e-20, 3e-20, 2e-20, 2e-20, -1
0.282091, 0.0917004, 1.35507, 0.05, -0.191667, 0.0166484, 0.106798, 0.220043, 999.119, -1409.76, 10, 2e-20, 3e-20, 2e-20, 2e-20, -1
-0.0142649, 0.0652482, 1.43308, 0.05, 0.0297769, -0.176964, -0.0185819, 0.180412, 997.253, -4395.07, 10, 2e-20, 3e-20, 2e-20, 2e-20, -1
0.781573, 0.193648, 0.0527693, 0.05, 0.0944618, -0.058547, -0.025943, 0.114122, 1017.68, 28292.1, 10, 2e-20, 3e-20, 2e-20, 2e-20, -1
0.793655, 0.320871, 0.051205, 0.05, -0.118872, -0.0496925, -0.0663458, 0.14492, 1013.55, 21672.7, 10, 2e-20, 3e-20, 2e-20, 2e-20, -1
0.84323, 0.344855, 0.0538806, 0.05, 0.178183, -0.00138224, 0.0140133, 0.178738, 1008.5, 13600, 10, 2e-20, 3e-20, 2e-20, 2e-20, -1
0.789813, 0.260524, 0.0475848, 0.05, 0.110895, 0.0309882, -0.118733, 0.165395, 1010.03, 16049.2, 10, 2e-20, 3e-20, 2e-20, 2e-20, -1
0.836997, 0.227393, 0.106617, 0.05, -0.0535544, 0.0287473, 0.0340736, 0.0696813, 1010.17, 16278.5, 10, 2e-20, 3e-20, 2e-20, 2e-20, -1
0.818696, 0.225523, 0.153211, 0.05, -0.0975969, -0.0288224, -0.0852489, 0.132753, 1011.1, 17764.1, 10, 2e-20, 3e-20, 2e-20, 2e-20, -1
0.826825, 0.227964, 0.202134, 0.05, 0.0216086, -0.0630787, 0.0543748, 0.0860376, 1003.47, 5559.96, 10, 2e-20, 3e-20, 2e-20, 2e-20, -1
0.865214, 0.194967, 0.221579, 0.05, -0.00347781, -0.0341282, 0.00741132, 0.0350963, 1005.08, 8130.67, 10, 2e-20, 3e-20, 2e-20, 2e-20, -1
0.823274, 0.112398, 0.187477, 0.05, -0.0647062, -0.0176861, -0.0369977, 0.0766062, 1008.91, 14257.3, 10, 2e-20, 3e-20, 2e-20, 2e-20, -1
0.823581, 0.16736, 0.208754, 0.05, -0.0304953, -0.0719261, 0.0166645, 0.0798814, 1007.71, 12336.9, 10, 2e-20, 3e-20, 2e-20, 2e-20, -1
0.799118, 0.120851, 0.23038, 0.05, -0.114729, -0.003745, -0.134984, 0.177193, 1005.98, 9565.91, 10, 2e-20, 3e-20, 2e-20, 2e-20, -1
0.804978, 0.276359, 0.270693, 0.05, -0.00403536, -0.138699, 0.0442042, 0.145628, 1007.97, 12758.9, 10, 2e-20, 3e-20, 2e-20, 2e-20, -1
0.832025, 0.170042, 0.254467, 0.05, 0.0249851, 0.0984045, -0.124443, 0.160604, 1006.12, 9789.92, 10, 2e-20, 3e-20, 2e-20, 2e-20, -1
0.790654, 0.238962, 0.305174, 0.05, 0.00908039, 0.057764, -0.0605183, 0.0841522, 1005.79, 9260.76, 10, 2e-20, 3e-20, 2e-20, 2e-20, -1
0.844367, 0.255413, 0.371169, 0.05, -0.00481886, 0.060245, -0.0398302, 0.0723818, 1004.87, 7786.81, 10, 2e-20, 3e-20, 2e-20, 2e-20, -1
0.802143, 0.265024, 0.356997, 0.05, 0.0572294, -0.135588, -0.0324655, 0.15071, 1000.89, 1421.43, 10, 2e-20, 3e-20, 2e-20, 2e-20, -1
0.796551, 0.219223, 0.359617, 0.05, 0.0166122, 0.0306398, 0.0465486, 0.058151, 1008.08, 12928.7, 10, 2e-20, 3e-20, 2e-20, 2e-20, -1
0.84906, 0.221259, 0.408427, 0.05, -0.0402126, 0.0475929, 0.0270668, 0.0679319, 1008.98, 14374.1, 10, 2e-20, 3e-20, 2e-20, 2e-20, -1
0.800468, 0.243758, 0.406682, 0.05, -0.0236288, -0.0671561, -0.069969, 0.0998195, 1007.5, 12000.2, 10, 2e-20, 3e-20, 2e-20, 2e-20, -1
0.802583, 0.179261, 0.472357, 0.05, 0.0141682, -0.0177502, -0.0610386, 0.0651269, 1006.78, 10850.3, 10, 2e-20, 3e-20, 2e-20, 2e-20, -1
0.811199, 0.156931, 0.533623, 0.05, -0.03818, -0.103603, 0.0384273, 0.11691, 1006.02, 9636.75, 10, 2e-20, 3e-20, 2e-20, 2e-20, -1
0.788445, 0.28265, 0.510486, 0.05, 0.0623687, -0.0543106, -0.0370964, 0.0906402, 1003.13, 5001.5, 10, 2e-20, 3e-20, 2e-20, 2e-20, -1
0.81492, 0.242944, 0.524858, 0.05, -0.0124388, 0.0530294, -0.0696853, 0.088447, 1002.47, 3949.82, 10, 2e-20, 3e-20, 2e-20, 2e-20, -1
0.861351, 0.228168, 0.626011, 0.05, 0.0415957, -0.0472577, 0.031453, 0.070376, 1005.71, 9143.73, 10, 2e-20, 3e-20, 2e-20, 2e-20, -1
0.825563, 0.220463, 0.587119, 0.05, -0.0663801, -0.0496763, -0.0576282, 0.100971, 1003.62, 5793.08, 10, 2e-20, 3e-20, 2e-20, 2e-20, -1
0.746927, 0.17282, 0.568433, 0.05, -0.061094, -0.0489228, -0.0891655, 0.118644, 1005.54, 8868.16, 10, 2e-20, 3e-20, 2e-20, 2e-20, -1
0.873834, 0.230314, 0.677558, 0.05, -0.0462135, -0.0762429, 0.000796565, 0.0891589, 1003.79, 6056.4, 10, 2e-20, 3e-20, 2e-20, 2e-20, -1
0.761859, 0.135299, 0.606503, 0.05, -0.105784, -0.0418572, -0.019982, 0.115506, 1004.2, 6718.88, 10, 2e-20, 3e-20, 2e-20, 2e-20, -1
0.811617, 0.152673, 0.670534, 0.05, -0.123839, -0.0683279, -0.0862477, 0.165661, 1003.99, 6380.36, 10, 2e-20, 3e-20, 2e-20, 2e-20, -1
0.852383, 0.205527, 0.800607, 0.05, -0.0419411, -0.0820495, -0.089264, 0.128294, 1003.8, 6074.92, 10, 2e-20, 3e-20, 2e-20, 2e-20, -1
0.778303, 0.152387, 0.741765, 0.05, -0.0312788, -0.0330653, 0.010763, 0.0467709, 1006.18, 9895.19, 10, 2e-20, 3e-20, 2e-20, 2e-20, -1
0.890121, 0.29825, 0.867443, 0.05, 0.0662276, -0.0793552, -0.0289858, 0.107348, 1003.86, 6181.74, 10, 2e-20, 3e-20, 2e-20, 2e-20, -1
0.82445, 0.241028, 0.855829, 0.05, 0.0155349, -0.104547, -0.0916179, 0.139876, 1001.92, 3065.11, 10, 2e-20, 3e-20, 2e-20, 2e-20, -1
0.839049, 0.275913, 0.888145, 0.05, 0.0638285, -0.093353, -0.106258, 0.155176, 1004.57, 7304.11, 10, 2e-20, 3e-20, 2e-20, 2e-20, -1
0.874931, 0.264515, 0.905745, 0.05, 0.0296723, 0.0631167, -0.0132243, 0.0709862, 1003.37, 5388.79, 10, 2e-20, 3e-20, 2e-20, 2e-20, -1
0.871992, 0.220165, 0.937689, 0.05, -0.0980841, 0.103478, -0.178897, 0.228763, 1002.01, 3221.34, 10, 2e-20, 3e-20, 2e-20, 2e-20, -1
0.821604, 0.290053, 0.934013, 0.05, 0.0479383, -0.126047, -0.0686004, 0.151301, 1008.38, 13413.5, 10, 2e-20, 3e-20, 2e-20, 2e-20, -1
0.745274, 0.227707, 0.956798, 0.05, 0.084552, -0.0209792, -0.037686, 0.0949178, 1005.6, 8961.8, 10, 2e-20, 3e-20, 2e-20, 2e-20, -1
0.738134, 0.33362, 0.948651, 0.05, -0.0324893, -0.0825244, -0.269449, 0.28367, 1006.61, 10573.4, 10, 2e-20, 3e-20, 2e-20, 2e-20, -1
0.745715, 0.281965, 0.940368, 0.05, -0.0567614, 0.0569012, -0.0471469, 0.0931796, 1002.57, 4104.15, 10, 2e-20, 3e-20, 2e-20, 2e-20, -1
0.702881, 0.256356, 0.983574, 0.05, -0.0109513, -0.0354936, -0.0398459, 0.0544741, 998.687, -2100.91, 10, 2e-20, 3e-20, 2e-20, 2e-20, -1
0.788457, 0.241103, 0.996584, 0.05, 0.0211795, -0.206724, -0.253308, 0.32764, 1000.28, 452.528, 10, 2e-20, 3e-20, 2e-20, 2e-20, -1
0.65995, 0.23152, 1.05767, 0.05, -0.0962187, -0.127058, -0.15701, 0.223728, 999.096, -1446.04, 10, 2e-20, 3e-20, 2e-20, 2e-20, -1
0.625498, 0.195967, 1.09176, 0.05, -0.134223, -0.111432, -0.0377852, 0.178496, 1002.33, 3732.87, 10, 2e-20, 3e-20, 2e-20, 2e-20, -1
0.588046, 0.137811, 1.15779, 0.05, -0.124903, -0.0163778, -0.0481281, 0.134853, 1002.44, 3905.01, 10, 2e-20, 3e-20, 2e-20, 2e-20, -1
0.478373, 0.147348, 1.24915, 0.05, -0.263695, -0.105835, 0.0229371, 0.285065, 1001.71, 2732.28, 10, 2e-20, 3e-20, 2e-20, 2e-20, -1
0.529526, 0.175688, 1.20571, 0.05, -0.188355, -0.100018, 0.0530063, 0.219752, 1005.21, 8333.9, 10, 2e-20, 3e-20, 2e-20, 2e-20, -1
0.457454, 0.0979937, 1.27174, 0.05, -0.183587, -0.00936371, 0.0445103, 0.189138, 1002.37, 3785.55, 10, 2e-20, 3e-20, 2e-20, 2e-20, -1
0.429088, 0.14462, 1.28187, 0.05, -0.238213, 0.0851014, 0.00677389, 0.253048, 1002.1, 3362.71, 10, 2e-20, 3e-20, 2e-20, 2e-20, -1
0.322065, 0.123682, 1.36528, 0.05, -0.29038, -0.020208, 0.0517481, 0.295646, 1001.7, 2716.57, 10, 2e-20, 3e-20, 2e-20, 2e-20, -1
0.158542, 0.149926, 1.38234, 0.05, -0.152521, -0.0827567, 0.281179, 0.330413, 1000.77, 1237.95, 10, 2e-20, 3e-20, 2e-20, 2e-20, -1
0.759362, 0.368635, 0.0501177, 0.05, -0.0048916, -0.026042, 0.0509464, 0.0574252, 1012.69, 20307.2, 10, 2e-20, 3e-20, 2e-20, 2e-20, -1
0.805582, 0.445128, 0.0504841, 0.05, 0.0432904, 0.00223599, -0.0409878, 0.0596579, 1011.09, 17748.1, 10, 2e-20, 3e-20, 2e-20, 2e-20, -1
0.756555, 0.423996, 0.0475658, 0.05, 0.157298, -0.0667702, 0.0727299, 0.185716, 1010.02, 16025.5, 10, 2e-20, 3e-20, 2e-20, 2e-20, -1
0.831542, 0.435842, 0.0940778, 0.05, 0.0141629, -0.0576912, 0.0302694, 0.0666716, 1014.91, 23857.4, 10, 2e-20, 3e-20, 2e-20, 2e-20, -1
0.779224, 0.307004, 0.146388, 0.05, 0.0458452, -0.0387983, -0.0206603, 0.0635133, 1008.28, 13250.2, 10, 2e-20, 3e-20, 2e-20, 2e-20, -1
0.820648, 0.269771, 0.0775738, 0.05, 0.14057, -0.115522, -0.000127994, 0.181949, 1006.84, 10951.4, 10, 2e-20, 3e-20, 2e-20, 2e-20, -1
0.826845, 0.291578, 0.122706, 0.05, 0.0264538, 0.00516972, -0.00943444, 0.0285576, 1013.22, 21147.8, 10, 2e-20, 3e-20, 2e-20, 2e-20, -1
0.823102, 0.282094, 0.172473, 0.05, -0.0172533, 0.0237489, -0.0556443, 0.0629124, 1012.43, 19894.5, 10, 2e-20, 3e-20, 2e-20, 2e-20, -1
0.848459, 0.297285, 0.252892, 0.05, 0.0590987, -0.0181912, 0.0159236, 0.0638524, 1007.78, 12448.6, 10, 2e-20, 3e-20, 2e-20, 2e-20, -1
0.835168, 0.234244, 0.251018, 0.05, -0.0426364, -0.0265168, -0.0459311, 0.068049, 1008.44, 13497.6, 10, 2e-20, 3e-20, 2e-20, 2e-20, -1
0.784193, 0.327939, 0.221731, 0.05, 0.0350177, -0.000637494, -0.0924856, 0.0988951, 1009.91, 15856.4, 10, 2e-20, 3e-20, 2e-20, 2e-20, -1
0.819647, 0.325078, 0.293653, 0.05, 0.109381, -0.00780857, -0.0174523, 0.111039, 1007.45, 11917.8, 10, 2e-20, 3e-20, 2e-20, 2e-20, -1
0.77692, 0.324188, 0.272415, 0.05, -0.042342, 0.0398162, -0.0621458, 0.0850898, 1008.75, 13999.4, 10, 2e-20, 3e-20, 2e-20, 2e-20, -1
0.753964, 0.27006, 0.292011, 0.05, 0.0220066, -0.0707724, -0.0389296, 0.083717, 1004.27, 6836.66, 10, 2e-20, 3e-20, 2e-20, 2e-20, -1
0.775617, 0.301704, 0.327914, 0.05, -0.0639545, -0.109471, -0.0861663, 0.153293, 1009.19, 14709.4, 10, 2e-20, 3e-20, 2e-20, 2e-20, -1
0.818512, 0.31122, 0.352017, 0.05, 0.0524939, 0.0674857, 0.0391668, 0.0940424, 1006.22, 9953.79, 10, 2e-20, 3e-20, 2e-20, 2e-20, -1
0.825192, 0.290851, 0.397837, 0.05, -0.0429587, 0.0552699, -0.0513759, 0.0868315, 1005.35, 8556.59, 10, 2e-20, 3e-20, 2e-20, 2e-20, -1
0.771051, 0.289339, 0.412677, 0.05, 0.0176827, 0.0404118, -0.0462321, 0.0638999, 1009.96, 15936.9, 10, 2e-20, 3e-20, 2e-20, 2e-20, -1
0.773833, 0.28093, 0.458997, 0.05, -0.0417584, -0.00791609, -0.047313, 0.0635999, 1005.6, 8959.37, 10, 2e-20, 3e-20, 2e-20, 2e-20, -1
0.715203, 0.263733, 0.421695, 0.05, 0.000616989, -0.0418297, 0.00247518, 0.0419074, 998.142, -2972.37, 10, 2e-20, 3e-20, 2e-20, 2e-20, -1
0.779066, 0.235226, 0.469929, 0.05, 0.0542812, -0.0176288, -0.0651381, 0.0866037, 1007.77, 12438.6, 10, 2e-20, 3e-20, 2e-20, 2e-20, -1
0.69985, 0.262501, 0.46579, 0.05, 0.0355736, 0.0230811, -0.0990792, 0.107772, 1005.62, 8999.24, 10, 2e-20, 3e-20, 2e-20, 2e-20, -1
0.740673, 0.271862, 0.54642, 0.05, 0.0507192, -0.00478409, 0.0148096, 0.0530532, 1003.88, 6206.23, 10, 2e-20, 3e-20, 2e-20, 2e-20, -1
0.788351, 0.256913, 0.565316, 0.05, 0.0254711, -0.0201809, -0.0476647, 0.0576885, 1003.96, 6330.18, 10, 2e-20, 3e-20, 2e-20, 2e-20, -1
0.735753, 0.225386, 0.574662, 0.05, -0.0120238, -0.0463168, -0.0689548, 0.083932, 1006.09, 9750.95, 10, 2e-20, 3e-20, 2e-20, 2e-20, -1
0.713019, 0.2758, 0.5886, 0.05, 0.00142276, -0.0645939, 0.00389291, 0.0647267, 1005.16, 8261.11, 10, 2e-20, 3e-20, 2e-20, 2e-20, -1
0.780676, 0.226941, 0.6064, 0.05, -0.0200891, -0.0210483, -0.0591835, 0.0659491, 1006.98, 11166, 10, 2e-20, 3e-20, 2e-20, 2e-20, -1
0.802689, 0.257315, 0.719056, 0.05, -0.00709654, -0.0585397, -0.0458434, 0.0746918, 1003.29, 5262.75, 10, 2e-20, 3e-20, 2e-20, 2e-20, -1
0.870641, 0.148338, 0.74145, 0.05, 0.0978816, 0.0269353, 0.0910417, 0.136363, 1006.12, 9798.8, 10, 2e-20, 3e-20, 2e-20, 2e-20, -1
0.83577, 0.212174, 0.705398, 0.05, 0.020049, 0.052127, -0.0792597, 0.0969602, 1005.03, 8055.5, 10, 2e-20, 3e-20, 2e-20, 2e-20, -1
0.804898, 0.200297, 0.749469, 0.05, -0.0199581, -0.0985732, 0.0228676, 0.10314, 1006.26, 10013.2, 10, 2e-20, 3e-20, 2e-20, 2e-20, -1
0.786771, 0.267642, 0.800479, 0.05, 0.125738, -0.0819679, -0.0661128, 0.164011, 1004.77, 7628.69, 10, 2e-20, 3e-20, 2e-20, 2e-20, -1
0.835073, 0.278462, 0.793354, 0.05, 0.0374562, -0.0350847, -0.114294, 0.125288, 1002.62, 4199.84, 10, 2e-20, 3e-20, 2e-20, 2e-20, -1
0.763891, 0.236983, 0.837819, 0.05, -0.12384, 0.0054492, -0.1093, 0.165265, 1007.61, 12176.8, 10, 2e-20, 3e-20, 2e-20, 2e-20, -1
0.818123, 0.230548, 0.924962, 0.05, 0.0340152, -0.0412304, 0.000140096, 0.0534509, 1004.23, 6765.71, 10, 2e-20, 3e-20, 2e-20, 2e-20, -1
0.789962, 0.256328, 0.954515, 0.05, 0.0806681, -0.055181, -0.0440802, 0.107216, 1003.78, 6042.95, 10, 2e-20, 3e-20, 2e-20, 2e-20, -1
0.818994, 0.316143, 0.892932, 0.05, -0.0398692, 0.0426117, -0.249073, 0.255817, 1001.39, 2226.72, 10, 2e-20, 3e-20, 2e-20, 2e-20, -1
0.780953, 0.280685, 0.908271, 0.05, -0.0314798, -0.0206356, -0.166508, 0.17071, 1000.43, 692.161, 10, 2e-20, 3e-20, 2e-20, 2e-20, -1
0.673022, 0.307384, 0.904621, 0.05, -0.0261621, -0.109126, -0.0267716, 0.115367, 1006.2, 9914.09, 10, 2e-20, 3e-20, 2e-20, 2e-20, -1
0.849026, 0.255816, 0.966266, 0.05, -0.0178896, -0.147213, -0.150961, 0.211615, 998.415, -2535.45, 10, 2e-20, 3e-20, 2e-20, 2e-20, -1
0.645535, 0.265328, 0.920041, 0.05, -0.126496, -0.0321518, -0.109016, 0.170057, 1002.39, 3823.93, 10, 2e-20, 3e-20, 2e-20, 2e-20, -1
0.639695, 0.279273, 1.04624, 0.05, -0.164203, 0.0294301, -0.10995, 0.199794, 1001.72, 2747.81, 10, 2e-20, 3e-20, 2e-20, 2e-20, -1
0.633059, 0.231295, 1.01668, 0.05, -0.0746637, -0.0921538, -0.1987, 0.231406, 1002.67, 4271.05, 10, 2e-20, 3e-20, 2e-20, 2e-20, -1
0.568714, 0.191415, 1.15847, 0.05, -0.165745, -0.0129663, -0.0232843, 0.167874, 997.011, -4782.33, 10, 2e-20, 3e-20, 2e-20, 2e-20, -1
0.577671, 0.323944, 1.09449, 0.05, -0.173306, -0.0332811, -0.265468, 0.318773, 1006.14, 9822.89, 10, 2e-20, 3e-20, 2e-20, 2e-20, -1
0.575974, 0.21307, 1.08585, 0.05, -0.218904, -0.000316206, -0.0478825, 0.22408, 1003.49, 5579.26, 10, 2e-20, 3e-20, 2e-20, 2e-20, -1
0.542864, 0.229044, 1.11302, 0.05, -0.053817, -0.0951279, -0.189185, 0.218487, 1001.77, 2830.18, 10, 2e-20, 3e-20, 2e-20, 2e-20, -1
0.509528, 0.207654, 1.1675, 0.05, -0.203714, 0.0178284, -0.110767, 0.232565, 1006.2, 9922.97, 10, 2e-20, 3e-20, 2e-20, 2e-20, -1
0.425059, 0.179791, 1.24413, 0.05, -0.268094, -0.0435676, -0.0165032, 0.272112, 1001.39, 2227.89, 10, 2e-20, 3e-20, 2e-20, 2e-20, -1
0.264208, 0.170549, 1.32823, 0.05, -0.21274, -0.115411, 0.100919, 0.262226, 997.052, -4716.97, 10, 2e-20, 3e-20, 2e-20, 2e-20, -1
0.0964625, 0.204294, 1.44158, 0.05, -0.160923, -0.109939, 0.233383, 0.304056, 999.365, -1015.51, 10, 2e-20, 3e-20, 2e-20, 2e-20, -1
0.756348, 0.500184, 0.0557483, 0.05, -0.00252469, 0.0477747, -0.0309004, 0.0569529, 1014.22, 22749.4, 10, 2e-20, 3e-20, 2e-20, 2e-20, -1
0.791424, 0.448587, 0.217526, 0.05, 0.0652365, -0.12806, 0.00870252, 0.143983, 1008.51, 13620.8, 10, 2e-20, 3e-20, 2e-20, 2e-20, -1
0.732267, 0.459283, 0.128949, 0.05, -0.0574826, -0.0779501, -0.0689358, 0.118881, 1011.37, 18191.3, 10, 2e-20, 3e-20, 2e-20, 2e-20, -1
0.778736, 0.396692, 0.0896845, 0.05, 0.026096, 0.0523277, 0.0604104, 0.084075, 1015.37, 24586.7, 10, 2e-20, 3e-20, 2e-20, 2e-20, -1
0.820261, 0.337552, 0.153016, 0.05, -0.0372038, -0.00730637, -0.0116753, 0.0396714, 1006.15, 9845.74, 10, 2e-20, 3e-20, 2e-20, 2e-20, -1
0.767485, 0.357424, 0.131963, 0.05, 0.0600059, 0.0805763, -0.0410557, 0.10853, 1006.28, 10050.4, 10, 2e-20, 3e-20, 2e-20, 2e-20, -1
0.742221, 0.383359, 0.168824, 0.05, -0.00431966, -0.0175313, -0.0637969, 0.0663028, 1007.57, 12113.8, 10, 2e-20, 3e-20, 2e-20, 2e-20, -1
0.778984, 0.342959, 0.178765, 0.05, 0.0175364, -0.0690294, -0.0338571, 0.0788599, 1007.1, 11358.5, 10, 2e-20, 3e-20, 2e-20, 2e-20, -1
0.715754, 0.428925, 0.1604, 0.05, 0.0379921, 0.0176163, -0.0301493, 0.0516015, 1010.84, 17336.4, 10, 2e-20, 3e-20, 2e-20, 2e-20, -1
0.742757, 0.355504, 0.202984, 0.05, 0.00226306, -0.00569726, 0.000461641, 0.00614763, 1002.08, 3334.39, 10, 2e-20, 3e-20, 2e-20, 2e-20, -1
0.724962, 0.406448, 0.215212, 0.05, -0.0354297, -0.0207832, 0.0284981, 0.0499934, 1003.8, 6073.34, 10, 2e-20, 3e-20, 2e-20, 2e-20, -1
0.73957, 0.370837, 0.251034, 0.05, 0.0176548, -0.0336043, 0.0413459, 0.0561286, 1010.04, 16065.7, 10, 2e-20, 3e-20, 2e-20, 2e-20, -1
0.727243, 0.321442, 0.279299, 0.05, 0.0723429, 0.0170276, 0.00251585, 0.0743624, 1010.82, 17316.9, 10, 2e-20, 3e-20, 2e-20, 2e-20, -1
0.780113, 0.346074, 0.354558, 0.05, 0.0923972, 0.0112338, -0.0187432, 0.094946, 1006.68, 10682.1, 10, 2e-20, 3e-20, 2e-20, 2e-20, -1
0.741166, 0.378217, 0.387237, 0.05, -0.0262623, -0.035236, 0.0231109, 0.0496528, 1003.99, 6379.26, 10, 2e-20, 3e-20, 2e-20, 2e-20, -1
0.707685, 0.34397, 0.408615, 0.05, -0.0107939, 0.0182887, -0.0285852, 0.0356104, 1008.91, 14260.9, 10, 2e-20, 3e-20, 2e-20, 2e-20, -1
0.748678, 0.324416, 0.382211, 0.05, -0.028858, 0.00847958, 0.0477814, 0.0564601, 1007.93, 12695.7, 10, 2e-20, 3e-20, 2e-20, 2e-20, -1
0.698665, 0.384269, 0.490915, 0.05, 0.0337873, 0.02656, -0.0235403, 0.0490016, 1007.64, 12221.2, 10, 2e-20, 3e-20, 2e-20, 2e-20, -1
0.706372, 0.29299, 0.380037, 0.05, 0.0577855, 0.00535562, -0.057724, 0.0818529, 1011.24, 17985.5, 10, 2e-20, 3e-20, 2e-20, 2e-20, -1
0.729207, 0.29948, 0.440683, 0.05, -0.05679, 0.0184956, -0.072581, 0.0939957, 1005.34, 8546.79, 10, 2e-20, 3e-20, 2e-20, 2e-20, -1
0.736316, 0.283272, 0.495433, 0.05, -0.0173739, 0.010122, -0.0817234, 0.0841607, 1007.5, 11992.1, 10, 2e-20, 3e-20, 2e-20, 2e-20, -1
0.687516, 0.312863, 0.48002, 0.05, 0.0532222, -0.0304409, -0.0189418, 0.064172, 1009.99, 15984.7, 10, 2e-20, 3e-20, 2e-20, 2e-20, -1
0.686502, 0.321459, 0.597633, 0.05, -0.0132927, 0.0330842, 0.00948015, 0.0368936, 1005.27, 8424.37, 10, 2e-20, 3e-20, 2e-20, 2e-20, -1
0.743078, 0.376097, 0.66989, 0.05, -0.138891, -0.0152469, -0.0406412, 0.145516, 1003.29, 5269.59, 10, 2e-20, 3e-20, 2e-20, 2e-20, -1
0.663735, 0.323827, 0.64325, 0.05, 0.0711985, 0.0394798, -0.020212, 0.0838833, 1007.9, 12639.7, 10, 2e-20, 3e-20, 2e-20, 2e-20, -1
0.715771, 0.329, 0.652405, 0.05, -0.00264549, 0.0815627, -0.0172533, 0.0834096, 1010.05, 16082.1, 10, 2e-20, 3e-20, 2e-20, 2e-20, -1
0.724111, 0.404804, 0.778663, 0.05, -0.0795021, -0.0916414, -0.0689184, 0.139529, 1006.45, 10321.2, 10, 2e-20, 3e-20, 2e-20, 2e-20, -1
0.737731, 0.293968, 0.640001, 0.05, -0.0590905, -0.0499817, -0.0134412, 0.0785527, 1000.56, 900.634, 10, 2e-20, 3e-20, 2e-20, 2e-20, -1
0.759751, 0.303524, 0.713918, 0.05, -0.0480749, 0.00684337, 0.00683319, 0.0490379, 1003.18, 5095.52, 10, 2e-20, 3e-20, 2e-20, 2e-20, -1
0.820154, 0.237138, 0.764208, 0.05, 0.0318771, -0.048226, 0.0148785, 0.0596931, 1003.62, 5796.41, 10, 2e-20, 3e-20, 2e-20, 2e-20, -1
0.73233, 0.376574, 0.818816, 0.05, 0.00349803, 0.121304, -0.137972, 0.183748, 1005.64, 9026.43, 10, 2e-20, 3e-20, 2e-20, 2e-20, -1
0.784812, 0.310692, 0.832686, 0.05, 0.102716, -0.0264837, 0.0235799, 0.108664, 1009.17, 14665.4, 10, 2e-20, 3e-20, 2e-20, 2e-20, -1
0.581598, 0.384457, 0.865428, 0.05, -0.0759088, -0.00677301, -0.183846, 0.199016, 1002.6, 4159.45, 10, 2e-20, 3e-20, 2e-20, 2e-20, -1
0.733838, 0.334459, 0.838687, 0.05, 0.0573934, -0.0150901, -0.105536, 0.121076, 1002.12, 3389.4, 10, 2e-20, 3e-20, 2e-20, 2e-20, -1
0.624408, 0.442026, 0.899709, 0.05, -0.042793, -0.0163091, -0.181118, 0.186818, 1001.46, 2331.64, 10, 2e-20, 3e-20, 2e-20, 2e-20, -1
0.786642, 0.274372, 0.860686, 0.05, -0.102774, -0.00941495, -0.198778, 0.223973, 1002.77, 4431.74, 10, 2e-20, 3e-20, 2e-20, 2e-20, -1
0.761982, 0.317793, 0.876336, 0.05, 0.0390503, 0.00991586, -0.126484, 0.132745, 1002.91, 4653.8, 10, 2e-20, 3e-20, 2e-20, 2e-20, -1
0.687846, 0.353358, 0.922595, 0.05, -0.148493, -0.190443, -0.131562, 0.275004, 1007.42, 11870.9, 10, 2e-20, 3e-20, 2e-20, 2e-20, -1
0.62933, 0.341987, 0.923981, 0.05, -0.051269, -0.111653, -0.0503746, 0.132787, 1001.44, 2304.28, 10, 2e-20, 3e-20, 2e-20, 2e-20, -1
0.694621, 0.301395, 0.945961, 0.05, 0.0174653, -0.0223414, -0.119328, 0.122651, 1003.3, 5276.71, 10, 2e-20, 3e-20, 2e-20, 2e-20, -1
0.605395, 0.326096, 1.00201, 0.05, -0.144724, -0.0375632, -0.128322, 0.197034, 1005.61, 8982.76, 10, 2e-20, 3e-20, 2e-20, 2e-20, -1
0.652554, 0.278859, 0.998313, 0.05, -0.046559, -0.0453139, -0.129101, 0.144527, 1004.34, 6945.32, 10, 2e-20, 3e-20, 2e-20, 2e-20, -1
0.573762, 0.391222, 1.05948, 0.05, -0.187134, 0.128099, -0.144463, 0.268882, 1001.04, 1668.62, 10, 2e-20, 3e-20, 2e-20, 2e-20, -1
0.556702, 0.269117, 1.0754, 0.05, -0.18661, -0.119446, -0.128117, 0.255939, 998.318, -2690.67, 10, 2e-20, 3e-20, 2e-20, 2e-20, -1
0.532004, 0.422873, 1.15419, 0.05, -0.0621713, 0.0503811, -0.222316, 0.236279, 999.81, -304.249, 10, 2e-20, 3e-20, 2e-20, 2e-20, -1
0.550264, 0.397272, 1.10528, 0.05, -0.129868, 0.104541, -0.0926143, 0.190714, 1001.38, 2212.81, 10, 2e-20, 3e-20, 2e-20, 2e-20, -1
0.526016, 0.321217, 1.09923, 0.05, -0.143784, 0.0693654, -0.0774755, 0.177448, 1004.5, 7207.98, 10, 2e-20, 3e-20, 2e-20, 2e-20, -1
0.474078, 0.24694, 1.15696, 0.05, -0.16522, 0.030872, -0.122697, 0.2081, 998.936, -1702.09, 10, 2e-20, 3e-20, 2e-20, 2e-20, -1
0.398667, 0.182169, 1.23228, 0.05, -0.157273, -0.0538558, 0.0259931, 0.168259, 998.218, -2851.26, 10, 2e-20, 3e-20, 2e-20, 2e-20, -1
0.398678, 0.23103, 1.20263, 0.05, -0.196225, -0.0646194, -0.0276825, 0.208437, 999.237, -1220.36, 10, 2e-20, 3e-20, 2e-20, 2e-20, -1
0.246378, 0.229418, 1.32172, 0.05, -0.21071, -0.135021, 0.148795, 0.291152, 1000.58, 926.155, 10, 2e-20, 3e-20, 2e-20, 2e-20, -1
0.728071, 0.459215, 0.0445724, 0.05, -0.0216858, 0.102296, 0.0465117, 0.114447, 1007.26, 11617.2, 10, 2e-20, 3e-20, 2e-20, 2e-20, -1
0.766482, 0.433832, 0.161028, 0.05, 0.0709165, 0.0234905, -0.0198301, 0.0772928, 1004.55, 7276.24, 10, 2e-20, 3e-20, 2e-20, 2e-20, -1
0.742158, 0.498359, 0.397911, 0.05, -0.00797196, -0.0578106, -0.00167224, 0.0583816, 1006.71, 10732.1, 10, 2e-20, 3e-20, 2e-20, 2e-20, -1
0.746028, 0.500604, 0.30183, 0.05, -0.0550286, -0.0106194, 0.0474235, 0.073416, 1011.9, 19037.2, 10, 2e-20, 3e-20, 2e-20, 2e-20, -1
0.731001, 0.45031, 0.248126, 0.05, -0.0773489, 0.00106731, -0.0322763, 0.0838197, 1003.73, 5965.79, 10, 2e-20, 3e-20, 2e-20, 2e-20, -1
0.707633, 0.484783, 0.28313, 0.05, -0.149485, 0.0135402, 0.0157384, 0.150919, 1005.13, 8215.5, 10, 2e-20, 3e-20, 2e-20, 2e-20, -1
0.741221, 0.401611, 0.121038, 0.05, 0.0535048, 0.0705767, -0.0204337, 0.0908921, 1010.7, 17114.5, 10, 2e-20, 3e-20, 2e-20, 2e-20, -1
0.773887, 0.417633, 0.242362, 0.05, 0.0237207, -0.0753679, -0.0562776, 0.097006, 1010.59, 16951.6, 10, 2e-20, 3e-20, 2e-20, 2e-20, -1
0.67797, 0.449866, 0.284429, 0.05, -0.058169, -0.0347834, -0.0208817, 0.0709194, 1003.67, 5875.35, 10, 2e-20, 3e-20, 2e-20, 2e-20, -1
0.728938, 0.444989, 0.398524, 0.05, -0.00740891, -0.0898785, 0.00556131, 0.0903547, 1005.69, 9102.06, 10, 2e-20, 3e-20, 2e-20, 2e-20, -1
0.723448, 0.438997, 0.29858, 0.05, -0.0436711, -0.0656785, -0.017476, 0.0807852, 1008.31, 13303, 10, 2e-20, 3e-20, 2e-20, 2e-20, -1
0.721539, 0.437818, 0.349539, 0.05, -0.0284507, 0.0608653, 0.0608775, 0.0906647, 1008, 12797.8, 10, 2e-20, 3e-20, 2e-20, 2e-20, -1
0.741618, 0.389652, 0.341115, 0.05, -0.0366539, -0.129441, -0.0983045, 0.16662, 1007.21, 11531.9, 10, 2e-20, 3e-20, 2e-20, 2e-20, -1
0.749302, 0.431183, 0.426126, 0.05, -0.0793308, -0.0133018, 0.00938202, 0.0809836, 1004.81, 7702.34, 10, 2e-20, 3e-20, 2e-20, 2e-20, -1
0.724495, 0.397128, 0.433046, 0.05, 0.0266793, 0.117734, 0.000205298, 0.120719, 1008.76, 14020.3, 10, 2e-20, 3e-20, 2e-20, 2e-20, -1
0.678725, 0.383181, 0.447004, 0.05, -0.0102722, -0.0277591, -0.0522482, 0.0600496, 1005.16, 8258.75, 10, 2e-20, 3e-20, 2e-20, 2e-20, -1
0.716876, 0.351096, 0.460771, 0.05, 0.0355112, -0.0381421, -0.0873562, 0.10172, 1005.12, 8194.87, 10, 2e-20, 3e-20, 2e-20, 2e-20, -1
0.714313, 0.336602, 0.514147, 0.05, -0.0228329, 4.72369e-05, -0.0472973, 0.0525203, 1004.96, 7936.21, 10, 2e-20, 3e-20, 2e-20, 2e-20, -1
0.696558, 0.402698, 0.587324, 0.05, -0.0962938, 0.00175637, -0.107851, 0.144594, 1001.94, 3103, 10, 2e-20, 3e-20, 2e-20, 2e-20, -1
0.689758, 0.358256, 0.559401, 0.05, -0.0807566, 0.0538882, -0.0444752, 0.106788, 1001.19, 1899.71, 10, 2e-20, 3e-20, 2e-20, 2e-20, -1
0.704365, 0.411646, 0.68188, 0.05, -0.114219, -0.0625699, -0.0519435, 0.140211, 1002.97, 4748.95, 10, 2e-20, 3e-20, 2e-20, 2e-20, -1
0.70757, 0.364861, 0.615632, 0.05, -0.0851323, 0.059212, 0.023054, 0.106231, 1002.94, 4706.09, 10, 2e-20, 3e-20, 2e-20, 2e-20, -1
0.727982, 0.436703, 0.748345, 0.05, 0.0548681, -0.000100689, -0.0339316, 0.0645126, 1000.89, 1417.82, 10, 2e-20, 3e-20, 2e-20, 2e-20, -1
0.734189, 0.396652, 0.712062, 0.05, 0.0682768, 0.133617, -0.149386, 0.211734, 1002.65, 4240.15, 10, 2e-20, 3e-20, 2e-20, 2e-20, -1
0.655855, 0.459096, 0.829842, 0.05, -0.0831865, 0.0529634, 0.0057204, 0.0987818, 1005.15, 8242.83, 10, 2e-20, 3e-20, 2e-20, 2e-20, -1
0.709109, 0.420857, 0.828303, 0.05, -0.00501876, -0.0299496, -0.130348, 0.133839, 1003.2, 5115.7, 10, 2e-20, 3e-20, 2e-20, 2e-20, -1
0.734421, 0.344619, 0.701855, 0.05, 0.022432, -0.061485, -0.16359, 0.176197, 1001.36, 2173.69, 10, 2e-20, 3e-20, 2e-20, 2e-20, -1
0.619784, 0.438366, 0.855144, 0.05, -0.0602839, -0.0577774, 0.0372821, 0.0914457, 1002.2, 3518.58, 10, 2e-20, 3e-20, 2e-20, 2e-20, -1
0.583245, 0.44904, 0.922106, 0.05, -0.0592483, -0.058793, -0.0809223, 0.116256, 1000.76, 1222.08, 10, 2e-20, 3e-20, 2e-20, 2e-20, -1
0.728226, 0.372942, 0.741947, 0.05, 0.0826791, -0.0194215, 0.0108071, 0.0856143, 1005.42, 8670.96, 10, 2e-20, 3e-20, 2e-20, 2e-20, -1
0.513643, 0.440915, 0.967191, 0.05, -0.0645355, -0.103903, -0.131069, 0.179275, 1001.8, 2883.05, 10, 2e-20, 3e-20, 2e-20, 2e-20, -1
0.68837, 0.423871, 0.873205, 0.05, -0.0198234, -0.00608582, -0.0504634, 0.0545579, 1002.73, 4369.59, 10, 2e-20, 3e-20, 2e-20, 2e-20, -1
0.549045, 0.430583, 0.932305, 0.05, -0.0922555, -0.0876153, 0.0285763, 0.1304, 1002.54, 4058.99, 10, 2e-20, 3e-20, 2e-20, 2e-20, -1
0.561391, 0.372508, 0.82265, 0.05, -0.00469246, -0.0330437, -0.0755735, 0.0826151, 1006.13, 9806.36, 10, 2e-20, 3e-20, 2e-20, 2e-20, -1
0.63491, 0.390894, 0.867028, 0.05, -0.0786065, 0.0583749, -0.152557, 0.181274, 1002.79, 4469.83, 10, 2e-20, 3e-20, 2e-20, 2e-20, -1
0.648766, 0.340585, 0.879479, 0.05, -0.0667015, -0.0509943, -0.186505, 0.204533, 1005.41, 8652.05, 10, 2e-20, 3e-20, 2e-20, 2e-20, -1
0.546368, 0.436432, 1.07187, 0.05, -0.00353378, 0.0678628, -0.0662425, 0.0948995, 1001.87, 2999.38, 10, 2e-20, 3e-20, 2e-20, 2e-20, -1
0.596471, 0.364661, 0.897839, 0.05, -0.100205, -0.145277, -0.123845, 0.215601, 1002.86, 4569.93, 10, 2e-20, 3e-20, 2e-20, 2e-20, -1
0.562623, 0.407046, 0.989127, 0.05, -0.0788895, 0.0582848, 0.00149305, 0.0980964, 1002.11, 3368.71, 10, 2e-20, 3e-20, 2e-20, 2e-20, -1
0.640895, 0.348469, 0.958895, 0.05, -0.104821, 0.0504117, -0.178243, 0.212836, 1002.33, 3726.7, 10, 2e-20, 3e-20, 2e-20, 2e-20, -1
0.547681, 0.393876, 1.18842, 0.05, -0.196157, -0.0330741, -0.18827, 0.273892, 1003.14, 5024.64, 10, 2e-20, 3e-20, 2e-20, 2e-20, -1
0.599059, 0.402385, 0.97438, 0.05, -0.102873, -0.00622665, -0.157041, 0.187839, 1002.59, 4144.02, 10, 2e-20, 3e-20, 2e-20, 2e-20, -1
0.568619, 0.442871, 1.11687, 0.05, -0.17448, -0.158307, 0.0237925, 0.236792, 1001.6, 2561.97, 10, 2e-20, 3e-20, 2e-20, 2e-20, -1
0.502546, 0.378563, 1.19387, 0.05, -0.234406, -0.0297724, -0.10411, 0.258208, 1004.16, 6663.25, 10, 2e-20, 3e-20, 2e-20, 2e-20, -1
0.540811, 0.347253, 1.20008, 0.05, -0.149044, -0.0028697, -0.289263, 0.325416, 1000.58, 930.902, 10, 2e-20, 3e-20, 2e-20, 2e-20, -1
0.559389, 0.521201, 1.36265, 0.05, 0.0450369, 0.0178271, 0.00276145, 0.0485155, 1001.34, 2139.38, 10, 2e-20, 3e-20, 2e-20, 2e-20, -1
0.478846, 0.339261, 1.22613, 0.05, -0.182234, 0.0931261, 0.0272082, 0.206451, 997.429, -4113.08, 10, 2e-20, 3e-20, 2e-20, 2e-20, -1
0.427881, 0.336164, 1.21178, 0.05, -0.275101, 0.0484668, -0.054022, 0.284513, 999.724, -441.618, 10, 2e-20, 3e-20, 2e-20, 2e-20, -1
0.384243, 0.307782, 1.15147, 0.05, -0.204495, -0.0634675, -0.114689, 0.242899, 1000.17, 269.274, 10, 2e-20, 3e-20, 2e-20, 2e-20, -1
0.349211, 0.220531, 1.24305, 0.05, -0.296652, 0.00805589, -0.0167153, 0.297232, 998.39, -2575.59, 10, 2e-20, 3e-20, 2e-20, 2e-20, -1
0.242528, 0.264503, 1.36498, 0.05, -0.0574838, -0.0463274, 0.0323285, 0.0805961, 999.214, -1258.38, 10, 2e-20, 3e-20, 2e-20, 2e-20, -1
0.711439, 0.499337, 0.104689, 0.05, -0.0530841, -0.0948546, -0.00763931, 0.108966, 1007.4, 11838.4, 10, 2e-20, 3e-20, 2e-20, 2e-20, -1
0.69519, 0.496819, 0.0585576, 0.05, 0.0659876, 0.00963077, 0.0503649, 0.0835688, 1010.53, 16847.9, 10, 2e-20, 3e-20, 2e-20, 2e-20, -1
0.760762, 0.495356, 0.245534, 0.05, -0.0645878, -0.0648564, -0.112416, 0.144966, 1010.83, 17325, 10, 2e-20, 3e-20, 2e-20, 2e-20, -1
0.787906, 0.496064, 0.355616, 0.05, -0.0748501, -0.0661407, 0.0128243, 0.100705, 1015.03, 24044.3, 10, 2e-20, 3e-20, 2e-20, 2e-20, -1
0.838731, 0.496051, 0.401017, 0.05, 0.0544527, -0.0326221, 0.0535508, 0.0830481, 1015.08, 24125.9, 10, 2e-20, 3e-20, 2e-20, 2e-20, -1
0.784751, 0.501109, 0.426868, 0.05, 0.0992783, 0.0521289, -0.0210914, 0.114098, 1010.76, 17212.9, 10, 2e-20, 3e-20, 2e-20, 2e-20, -1
0.720137, 0.497954, 0.348713, 0.05, 0.00955091, -0.0465099, -0.0917885, 0.103342, 1002.4, 3842.75, 10, 2e-20, 3e-20, 2e-20, 2e-20, -1
0.84081, 0.491311, 0.81898, 0.05, 0.05019, 0.0035963, 0.100401, 0.112304, 1011.6, 18563.7, 10, 2e-20, 3e-20, 2e-20, 2e-20, -1
0.866781, 0.495755, 0.768338, 0.05, -0.0479138, -0.0243862, 0.0112236, 0.0549216, 1012.25, 19600, 10, 2e-20, 3e-20, 2e-20, 2e-20, -1
0.801495, 0.489938, 0.85906, 0.05, 0.0443562, -0.0176941, 0.0541149, 0.0721733, 1013.79, 22056.4, 10, 2e-20, 3e-20, 2e-20, 2e-20, -1
0.713915, 0.496944, 0.650523, 0.05, -0.0266288, 0.0677788, 0.0183161, 0.0750902, 1014.13, 22603.6, 10, 2e-20, 3e-20, 2e-20, 2e-20, -1
0.670177, 0.475645, 0.5558, 0.05, 0.0822522, -0.0180595, -0.0800753, 0.116205, 1001.48, 2365.96, 10, 2e-20, 3e-20, 2e-20, 2e-20, -1
0.789745, 0.495276, 0.917289, 0.05, 0.0347268, 0.0213008, 0.010591, 0.0420933, 1008.92, 14277.8, 10, 2e-20, 3e-20, 2e-20, 2e-20, -1
0.717772, 0.445249, 0.56656, 0.05, -0.0366956, 0.0121496, -0.129381, 0.135032, 1006.24, 9977.93, 10, 2e-20, 3e-20, 2e-20, 2e-20, -1
0.774546, 0.441752, 0.675162, 0.05, 0.0506894, 0.041613, 0.0255011, 0.070366, 1005.09, 8144.71, 10, 2e-20, 3e-20, 2e-20, 2e-20, -1
0.788276, 0.484993, 1.17442, 0.05, -0.0165174, -0.131624, -0.071402, 0.150651, 1001.54, 2464.05, 10, 2e-20, 3e-20, 2e-20, 2e-20, -1
0.73403, 0.453567, 0.705919, 0.05, -0.108905, 0.0382151, -0.02963, 0.119158, 1004.73, 7566.86, 10, 2e-20, 3e-20, 2e-20, 2e-20, -1
0.545206, -0.383157, 1.38795, 0.05, -0.369749, 0.183125, 0.0105917, 0.412748, 1001.06, 1701.89, 10, 2e-20, 3e-20, 2e-20, 2e-20, -1
0.73407, 0.500023, 0.878457, 0.05, -0.0272132, -0.0152491, 0.0139773, 0.0341827, 1000.12, 197.406, 10, 2e-20, 3e-20, 2e-20, 2e-20, -1
0.76083, 0.449699, 0.78581, 0.05, -0.0614077, -0.0303044, 0.0250627, 0.0729205, 1003.02, 4830.98, 10, 2e-20, 3e-20, 2e-20, 2e-20, -1
0.731334, 0.502807, 1.16727, 0.05, 0.0691307, 0.0490808, -0.0179559, 0.0866625, 1003.02, 4828.26, 10, 2e-20, 3e-20, 2e-20, 2e-20, -1
0.818003, 0.493665, 1.15297, 0.05, -0.0762629, -0.00168113, 0.103, 0.128171, 1001.64, 2616.41, 10, 2e-20, 3e-20, 2e-20, 2e-20, -1
0.735992, 0.474678, 0.917352, 0.05, 0.0444619, -0.102173, 0.000180979, 0.111428, 1001.78, 2855.52, 10, 2e-20, 3e-20, 2e-20, 2e-20, -1
0.902068, -0.315589, 1.237, 0.05, -0.0398198, 0.0621914, -0.0368326, 0.0825229, 999.111, -1421.83, 10, 2e-20, 3e-20, 2e-20, 2e-20, -1
0.591584, 0.500151, 1.02193, 0.05, -0.0623208, -0.0297167, 0.114164, 0.133418, 1005.13, 8215.07, 10, 2e-20, 3e-20, 2e-20, 2e-20, -1
0.901328, -0.336985, 1.28295, 0.05, -0.15267, -0.0691294, 0.125301, 0.209254, 1002.08, 3335.82, 10, 2e-20, 3e-20, 2e-20, 2e-20, -1
0.26961, 0.305414, 1.41608, 0.05, -0.120662, -0.0801591, -0.052621, 0.154123, 1000.68, 1088.88, 10, 2e-20, 3e-20, 2e-20, 2e-20, -1
0.655807, 0.494837, 1.20189, 0.05, 0.10999, 0.0622436, -0.0118745, 0.126937, 1004.68, 7484.22, 10, 2e-20, 3e-20, 2e-20, 2e-20, -1
0.790853, -0.516218, 1.69799, 0.05, 0.00733606, 0.00615944, -0.386591, 0.386709, 1000.01, 16.1672, 10, 2e-20, 3e-20, 2e-20, 2e-20, -1
0.605463, 0.500841, 1.55699, 0.05, -0.0301077, -0.186963, -1.06428, 1.081, 1000.15, 247.787, 10, 2e-20, 3e-20, 2e-20, 2e-20, -1
0.586541, 0.455876, 1.02272, 0.05, -0.0290622, 0.0263517, 0.00250508, 0.0393103, 1008.25, 13206.3, 10, 2e-20, 3e-20, 2e-20, 2e-20, -1
0.933027, -0.396839, 1.30448, 0.05, -0.0831572, 0.184067, -0.241484, 0.314818, 1000.35, 564.46, 10, 2e-20, 3e-20, 2e-20, 2e-20, -1
0.460418, 0.446923, 1.19294, 0.05, -0.0685816, 0.0769506, 0.018011, 0.104639, 1001.87, 2991.07, 10, 2e-20, 3e-20, 2e-20, 2e-20, -1
0.684077, 0.367847, 1.06833, 0.05, -0.113725, 0.0395707, -0.267026, 0.29292, 1000.58, 924.272, 10, 2e-20, 3e-20, 2e-20, 2e-20, -1
0.628616, 0.530125, 1.26889, 0.05, 0.123035, 0.100788, 0.023942, 0.160838, 1002.71, 4330.58, 10, 2e-20, 3e-20, 2e-20, 2e-20, -1
0.591459, 0.478161, 1.29342, 0.05, -0.0598067, -0.0724615, 0.0307579, 0.0988613, 997.416, -4134.73, 10, 2e-20, 3e-20, 2e-20, 2e-20, -1
0.613724, 0.335896, 1.31245, 0.05, -0.0664914, -0.132571, -0.16075, 0.218716, 999.859, -225.923, 10, 2e-20, 3e-20, 2e-20, 2e-20, -1
0.691887, 0.523922, 1.21734, 0.05, -0.0519526, 0.136681, 0.0331437, 0.149931, 1001.39, 2222.67, 10, 2e-20, 3e-20, 2e-20, 2e-20, -1
0.890302, -0.384517, 1.2506, 0.05, -0.156913, 0.0875259, -0.10753, 0.209392, 998.653, -2155.31, 10, 2e-20, 3e-20, 2e-20, 2e-20, -1
0.724242, 0.367229, 1.28633, 0.05, -0.28255, -0.103439, -0.302327, 0.426539, 1001.24, 1986.92, 10, 2e-20, 3e-20, 2e-20, 2e-20, -1
0.537905, 0.360917, 1.31297, 0.05, -0.300025, -0.115394, -0.025607, 0.32247, 1002.19, 3496.44, 10, 2e-20, 3e-20, 2e-20, 2e-20, -1
0.439591, 0.130686, 1.38245, 0.05, -0.266895, -0.0649741, -0.00374294, 0.274716, 996.88, -4992.51, 10, 2e-20, 3e-20, 2e-20, 2e-20, -1
0.375278, 0.348042, 1.3815, 0.05, -0.172493, -0.0201652, -0.0469376, 0.179899, 998.525, -2360.01, 10, 2e-20, 3e-20, 2e-20, 2e-20, -1
0.595931, -0.509097, 3.26869, 0.05, 0.0248678, 0.00130561, -0.6465, 0.64698, 1000.03, 50.2701, 10, 2e-20, 3e-20, 2e-20, 2e-20, -1
0.640569, 0.383289, 1.13227, 0.05, -0.0337558, -0.0433172, -0.0863354, 0.102321, 1000.74, 1181.89, 10, 2e-20, 3e-20, 2e-20, 2e-20, -1
0.672158, 0.3006, 1.16893, 0.05, -0.173172, -0.0164758, -0.409314, 0.444744, 999.334, -1065.64, 10, 2e-20, 3e-20, 2e-20, 2e-20, -1
0.807206, 0.329273, 1.19569, 0.05, 0.019889, -0.0491899, -0.270498, 0.275653, 998.162, -2941.43, 10, 2e-20, 3e-20, 2e-20, 2e-20, -1
0.55405, 0.301195, 1.25675, 0.05, -0.148061, -0.0835938, -0.155189, 0.230203, 1002.43, 3892.29, 10, 2e-20, 3e-20, 2e-20, 2e-20, -1
0.677431, 0.361393, 1.27593, 0.05, -0.0313577, -0.104337, -0.289111, 0.308957, 1000.44, 702.799, 10, 2e-20, 3e-20, 2e-20, 2e-20, -1
0.412407, 0.322091, 1.26708, 0.05, -0.337764, -0.0116567, -0.0494574, 0.341564, 1002.36, 3774.54, 10, 2e-20, 3e-20, 2e-20, 2e-20, -1
0.602835, 0.467978, 1.33519, 0.05, -0.0342401, -0.104782, -0.0739149, 0.132722, 998.729, -2033.81, 10, 2e-20, 3e-20, 2e-20, 2e-20, -1
0.827918, -0.496004, 0.0602175, 0.05, 0.0585268, -7.81207e-05, -0.0869476, 0.104811, 1017.87, 28592.6, 10, 2e-20, 3e-20, 2e-20, 2e-20, -1
0.823004, -0.494445, 0.375744, 0.05, -0.046715, -0.0555284, 0.232446, 0.243509, 1019.13, 30603.5, 10, 2e-20, 3e-20, 2e-20, 2e-20, -1
0.851547, -0.495051, 0.438918, 0.05, 0.0337222, 0.0371947, 0.212291, 0.218147, 1007.59, 12149.2, 10, 2e-20, 3e-20, 2e-20, 2e-20, -1
0.899894, -0.493788, 0.548389, 0.05, -0.11412, -0.0331593, -0.00934405, 0.119206, 1011.05, 17687.4, 10, 2e-20, 3e-20, 2e-20, 2e-20, -1
0.825624, -0.456532, 0.431252, 0.05, -0.0162093, 0.11481, 0.169053, 0.204995, 1004.38, 7010.43, 10, 2e-20, 3e-20, 2e-20, 2e-20, -1
0.794613, -0.498523, 0.571871, 0.05, -0.017872, -0.0350057, 0.203913, 0.207667, 1009.96, 15943.7, 10, 2e-20, 3e-20, 2e-20, 2e-20, -1
0.763914, -0.500709, 0.526331, 0.05, -0.097024, -0.0483745, 0.225778, 0.250458, 1009.05, 14477.7, 10, 2e-20, 3e-20, 2e-20, 2e-20, -1
0.812859, -0.496026, 0.487789, 0.05, -0.064158, 0.0385397, 0.171265, 0.186904, 1011.48, 18375.2, 10, 2e-20, 3e-20, 2e-20, 2e-20, -1
0.875797, -0.499102, 0.918868, 0.05, -0.0277949, 0.00563752, 0.164126, 0.166559, 1003.29, 5264.76, 10, 2e-20, 3e-20, 2e-20, 2e-20, -1
0.87434, -0.4966, 0.667041, 0.05, -0.0755323, -0.0252804, 0.0626734, 0.101352, 1005.24, 8385.18, 10, 2e-20, 3e-20, 2e-20, 2e-20, -1
0.895472, -0.495141, 0.863029, 0.05, -0.00969951, 0.0413139, 0.204383, 0.208742, 1002.88, 4611.55, 10, 2e-20, 3e-20, 2e-20, 2e-20, -1
0.870089, -0.496595, 0.599815, 0.05, -0.0201044, -0.0363384, 0.117748, 0.124857, 1005, 8004.01, 10, 2e-20, 3e-20, 2e-20, 2e-20, -1
0.906805, -0.494838, 0.974481, 0.05, -0.00294847, 0.0609012, 0.199455, 0.208566, 1003.14, 5018.61, 10, 2e-20, 3e-20, 2e-20, 2e-20, -1
0.804231, -0.498615, 0.780924, 0.05, -0.116448, 0.045331, 0.13122, 0.181201, 1005.4, 8633.47, 10, 2e-20, 3e-20, 2e-20, 2e-20, -1
0.839553, -0.496007, 0.837112, 0.05, 0.0608932, 0.0691077, 0.0646721, 0.112545, 1005.43, 8689.89, 10, 2e-20, 3e-20, 2e-20, 2e-20, -1
0.43403, 0.393446, 1.41533, 0.05, -0.0947469, -0.171495, -0.164356, 0.255735, 1002.74, 4383.9, 10, 2e-20, 3e-20, 2e-20, 2e-20, -1
0.739359, -0.495352, 0.787801, 0.05, 0.0519994, 0.0317744, 0.226551, 0.234603, 1005.77, 9232.02, 10, 2e-20, 3e-20, 2e-20, 2e-20, -1
0.875748, -0.498548, 1.03558, 0.05, -0.0188036, 0.0413627, 0.198185, 0.203327, 1001.79, 2867.84, 10, 2e-20, 3e-20, 2e-20, 2e-20, -1
0.756314, -0.497236, 0.86469, 0.05, -0.145397, 0.0411346, -0.00208496, 0.151118, 1002.56, 4089.85, 10, 2e-20, 3e-20, 2e-20, 2e-20, -1
0.686231, -0.455749, 0.773135, 0.05, -0.0432551, -0.103484, 0.0391476, 0.118796, 1007.51, 12019.2, 10, 2e-20, 3e-20, 2e-20, 2e-20, -1
0.671772, -0.495872, 1.05667, 0.05, -0.148137, 0.0496532, 0.1157, 0.194413, 1004.3, 6879.48, 10, 2e-20, 3e-20, 2e-20, 2e-20, -1
0.721401, -0.498652, 0.944247, 0.05, -0.157765, -0.0241305, 0.185858, 0.24498, 1001.37, 2186.78, 10, 2e-20, 3e-20, 2e-20, 2e-20, -1
0.839724, -0.4958, 1.08482, 0.05, -0.0304676, 0.0102185, 0.152782, 0.156125, 1004.64, 7428.34, 10, 2e-20, 3e-20, 2e-20, 2e-20, -1
0.784851, -0.50141, 1.10402, 0.05, 0.0657158, 0.0552751, 0.150576, 0.173341, 1002.67, 4275.12, 10, 2e-20, 3e-20, 2e-20, 2e-20, -1
0.681501, -0.454219, 1.01858, 0.05, -0.0660285, 0.0185956, 0.0923495, 0.115039, 1003.24, 5189.55, 10, 2e-20, 3e-20, 2e-20, 2e-20, -1
0.742562, -0.466598, 1.40215, 0.05, 0.0672829, 0.200963, 0.295039, 0.363264, 998.484, -2424.85, 10, 2e-20, 3e-20, 2e-20, 2e-20, -1
0.745145, -0.484024, 1.04354, 0.05, -0.015432, -0.0567055, 0.103112, 0.118684, 1001.61, 2583.35, 10, 2e-20, 3e-20, 2e-20, 2e-20, -1
0.710406, -0.501917, 1.27988, 0.05, 0.0957131, -0.116692, 0.00787454, 0.151129, 997.152, -4557.45, 10, 2e-20, 3e-20, 2e-20, 2e-20, -1
0.687958, -0.471497, 1.2921, 0.05, -0.19922, -0.00349887, 0.173834, 0.264423, 1000.84, 1349.46, 10, 2e-20, 3e-20, 2e-20, 2e-20, -1
0.55999, -0.453051, 1.24829, 0.05, -0.0753396, 0.233427, -0.000944375, 0.245286, 996.605, -5431.35, 10, 2e-20, 3e-20, 2e-20, 2e-20, -1
0.635965, -0.450767, 1.25547, 0.05, -0.171845, -0.0210938, -0.0284657, 0.17546, 1001.68, 2692.38, 10, 2e-20, 3e-20, 2e-20, 2e-20, -1
0.604668, -0.459255, 1.09367, 0.05, -0.00223829, 0.0102988, 0.147932, 0.148307, 1003.01, 4820.05, 10, 2e-20, 3e-20, 2e-20, 2e-20, -1
0.606233, -0.400944, 1.03429, 0.05, -0.0557326, 0.00447058, 0.0564781, 0.0794726, 995.364, -7417.4, 10, 2e-20, 3e-20, 2e-20, 2e-20, -1
0.670036, -0.444222, 1.21291, 0.05, 0.0635499, -0.106275, -0.00616257, 0.123979, 998.216, -2854.76, 10, 2e-20, 3e-20, 2e-20, 2e-20, -1
0.559828, -0.459734, 1.33167, 0.05, -0.0838119, 0.10381, 0.0934366, 0.162885, 1004.21, 6738.3, 10, 2e-20, 3e-20, 2e-20, 2e-20, -1
0.596391, -0.425478, 1.21435, 0.05, -0.154451, -0.188757, 0.00172022, 0.2439, 1008.94, 14297.6, 10, 2e-20, 3e-20, 2e-20, 2e-20, -1
0.507831, -0.39129, 1.32782, 0.05, -0.217985, -0.0791463, -0.0653957, 0.240953, 1000, 6.19038, 10, 2e-20, 3e-20, 2e-20, 2e-20, -1
0.799732, -0.434338, 1.21857, 0.05, -0.146242, 0.03258, -0.029438, 0.152692, 1000.72, 1150.24, 10, 2e-20, 3e-20, 2e-20, 2e-20, -1
0.489918, -0.198553, 1.28305, 0.05, -0.160402, -0.0589057, -0.0609306, 0.181415, 999.939, -98.3578, 10, 2e-20, 3e-20, 2e-20, 2e-20, -1
0.640056, -0.502032, 1.29607, 0.05, 0.0742399, -0.0225863, 0.169932, 0.186812, 998.48, -2431.91, 10, 2e-20, 3e-20, 2e-20, 2e-20, -1
0.624127, -0.306385, 1.31387, 0.05, -0.274877, 0.00126225, -0.0193538, 0.27556, 1002.08, 3323.55, 10, 2e-20, 3e-20, 2e-20, 2e-20, -1
0.479348, -0.381593, 1.29739, 0.05, -0.05947, 0.0382832, 0.0514607, 0.0874671, 1000.4, 641.7, 10, 2e-20, 3e-20, 2e-20, 2e-20, -1
0.530917, -0.352688, 1.31431, 0.05, -0.250191, 0.061815, -0.0419918, 0.261113, 993.602, -10236.7, 10, 2e-20, 3e-20, 2e-20, 2e-20, -1
0.571386, -0.269267, 1.26967, 0.05, -0.246145, -0.0101485, -0.0545776, 0.252327, 1002.07, 3318.15, 10, 2e-20, 3e-20, 2e-20, 2e-20, -1
0.537155, -0.1893, 1.30336, 0.05, -0.208638, -0.116362, -0.0771924, 0.251055, 998.721, -2045.94, 10, 2e-20, 3e-20, 2e-20, 2e-20, -1
0.519796, -0.238274, 1.29948, 0.05, -0.0766768, 0.111296, -0.0531315, 0.145221, 999.978, -34.6324, 10, 2e-20, 3e-20, 2e-20, 2e-20, -1
0.624581, -0.357657, 1.32452, 0.05, -0.116433, -0.0055719, -0.287879, 0.310583, 1001.32, 2105.01, 10, 2e-20, 3e-20, 2e-20, 2e-20, -1
0.443797, -0.275323, 1.20861, 0.05, -0.0882881, -0.0318594, -0.0467849, 0.104874, 1001.67, 2669.14, 10, 2e-20, 3e-20, 2e-20, 2e-20, -1
0.428615, -0.249368, 1.23826, 0.05, -0.0936495, -0.0295804, 0.0661699, 0.118422, 1000.4, 632.817, 10, 2e-20, 3e-20, 2e-20, 2e-20, -1
0.429042, -0.173941, 1.38055, 0.05, -0.208606, 0.22319, 0.0975424, 0.320694, 999.105, -1431.26, 10, 2e-20, 3e-20, 2e-20, 2e-20, -1
0.326709, -0.168595, 1.43734, 0.05, -0.394394, 0.21028, 0.280112, 0.527472, 999.4, -960.201, 10, 2e-20, 3e-20, 2e-20, 2e-20, -1
0.763451, -0.505088, 0.0546394, 0.05, 0.198598, 0.00314567, -0.132844, 0.238953, 1010.52, 16834.8, 10, 2e-20, 3e-20, 2e-20, 2e-20, -1
0.835755, -0.500695, 0.219105, 0.05, -0.00589361, -0.234962, 0.237516, 0.33415, 1009.33, 14923.1, 10, 2e-20, 3e-20, 2e-20, 2e-20, -1
0.871085, -0.461157, 0.211048, 0.05, 0.109293, -0.138215, -0.0159886, 0.17693, 1005.96, 9537.87, 10, 2e-20, 3e-20, 2e-20, 2e-20, -1
0.873835, -0.456561, 0.365985, 0.05, 0.142483, -0.00923523, 0.102724, 0.175894, 1005.44, 8706.32, 10, 2e-20, 3e-20, 2e-20, 2e-20, -1
0.840578, -0.448942, 0.285759, 0.05, 0.271905, 0.0483182, 0.282066, 0.394751, 1004.05, 6479.61, 10, 2e-20, 3e-20, 2e-20, 2e-20, -1
0.860779, -0.402716, 0.244757, 0.05, 0.0342313, 0.0448599, 0.0386898, 0.0684185, 1006.51, 10422.4, 10, 2e-20, 3e-20, 2e-20, 2e-20, -1
0.802298, -0.436543, 0.318037, 0.05, -0.0945872, -0.0173888, 0.125251, 0.157914, 1010.82, 17319.2, 10, 2e-20, 3e-20, 2e-20, 2e-20, -1
0.792098, -0.436003, 0.39293, 0.05, -0.0419811, 0.0297312, 0.118752, 0.129415, 1008.15, 13043.5, 10, 2e-20, 3e-20, 2e-20, 2e-20, -1
0.776527, -0.446334, 0.47047, 0.05, 0.0284365, 0.112648, -0.0100076, 0.116612, 1004.87, 7784.8, 10, 2e-20, 3e-20, 2e-20, 2e-20, -1
0.736229, -0.461576, 0.50492, 0.05, -0.0923166, 0.080919, 0.093873, 0.154539, 1001.94, 3109.59, 10, 2e-20, 3e-20, 2e-20, 2e-20, -1
0.691968, -0.449443, 0.496745, 0.05, -0.119441, 0.0828416, 0.0264796, 0.14775, 1002.67, 4266.51, 10, 2e-20, 3e-20, 2e-20, 2e-20, -1
0.794008, -0.4574, 0.5221, 0.05, -0.0126146, 0.0741669, 0.0565787, 0.0941329, 1007.63, 12206, 10, 2e-20, 3e-20, 2e-20, 2e-20, -1
0.745572, -0.461406, 0.549726, 0.05, -0.0138106, -0.106037, 0.189811, 0.21786, 1004.13, 6608.55, 10, 2e-20, 3e-20, 2e-20, 2e-20, -1
0.760499, -0.415341, 0.502458, 0.05, 0.0483852, 0.0110287, 0.0156771, 0.0520436, 1002.97, 4757.55, 10, 2e-20, 3e-20, 2e-20, 2e-20, -1
0.802, -0.45129, 0.600655, 0.05, 0.0196869, -0.0378248, 0.226415, 0.230396, 1002.99, 4778.96, 10, 2e-20, 3e-20, 2e-20, 2e-20, -1
0.780708, -0.427116, 0.552237, 0.05, -0.0133714, 0.0563702, 0.0897754, 0.106846, 1005.21, 8340.43, 10, 2e-20, 3e-20, 2e-20, 2e-20, -1
0.732608, -0.410187, 0.550387, 0.05, -0.00984288, 0.023564, 0.0564212, 0.0619314, 1001.89, 3029.19, 10, 2e-20, 3e-20, 2e-20, 2e-20, -1
0.78183, -0.443235, 0.630062, 0.05, -0.0243044, 0.0244566, 0.106195, 0.111652, 1003.3, 5285.25, 10, 2e-20, 3e-20, 2e-20, 2e-20, -1
0.7798, -0.370632, 0.53384, 0.05, 0.0531745, -0.00912735, 0.14686, 0.156457, 1006.9, 11046.7, 10, 2e-20, 3e-20, 2e-20, 2e-20, -1
0.754164, -0.399511, 0.610329, 0.05, 0.052125, -0.0269044, 0.0745686, 0.0948754, 1002.9, 4647.8, 10, 2e-20, 3e-20, 2e-20, 2e-20, -1
0.759889, -0.376096, 0.579859, 0.05, 0.0418404, 0.0367568, -0.00673315, 0.0560983, 1004.86, 7770.12, 10, 2e-20, 3e-20, 2e-20, 2e-20, -1
0.707985, -0.382866, 0.595451, 0.05, -0.132781, -0.0354011, 0.0193111, 0.13877, 1003.05, 4886.51, 10, 2e-20, 3e-20, 2e-20, 2e-20, -1
0.673354, -0.431997, 0.817362, 0.05, -0.0499246, 0.0437605, 0.130478, 0.146396, 1002.31, 3691.81, 10, 2e-20, 3e-20, 2e-20, 2e-20, -1
0.723675, -0.391323, 0.649798, 0.05, -0.013564, -0.00365292, 0.0501553, 0.0520853, 999.403, -954.991, 10, 2e-20, 3e-20, 2e-20, 2e-20, -1
0.710221, -0.43366, 0.723874, 0.05, -0.0898017, 0.0804228, 0.0159165, 0.121596, 999.723, -443.37, 10, 2e-20, 3e-20, 2e-20, 2e-20, -1
0.731108, -0.425986, 0.765534, 0.05, 0.0277138, -0.0525433, 0.10733, 0.122673, 1000.88, 1413.54, 10, 2e-20, 3e-20, 2e-20, 2e-20, -1
0.746331, -0.431755, 0.829655, 0.05, 0.0476192, -0.16638, 0.0580177, 0.182527, 1003.2, 5114.88, 10, 2e-20, 3e-20, 2e-20, 2e-20, -1
0.703326, -0.441018, 0.971491, 0.05, -0.0845383, 0.092026, 0.0894624, 0.153685, 999.822, -285.459, 10, 2e-20, 3e-20, 2e-20, 2e-20, -1
0.771034, -0.440704, 0.90598, 0.05, 0.0308805, 0.0255397, 0.00331995, 0.0402107, 1002.64, 4228.27, 10, 2e-20, 3e-20, 2e-20, 2e-20, -1
0.762311, -0.451026, 0.987092, 0.05, -0.00284787, 0.0959851, 0.266203, 0.282993, 1000.42, 666.507, 10, 2e-20, 3e-20, 2e-20, 2e-20, -1
0.73392, -0.43941, 1.09495, 0.05, 0.0279793, 0.0869544, 0.101062, 0.136226, 999.604, -633, 10, 2e-20, 3e-20, 2e-20, 2e-20, -1
0.72512, -0.402925, 0.910793, 0.05, -0.0249056, -0.106014, 0.0773994, 0.133604, 1001.18, 1892.54, 10, 2e-20, 3e-20, 2e-20, 2e-20, -1
0.705814, -0.452565, 1.07227, 0.05, -0.0363409, 0.0846878, 0.0805196, 0.122377, 997.318, -4291.94, 10, 2e-20, 3e-20, 2e-20, 2e-20, -1
0.786751, -0.416528, 1.00589, 0.05, -0.00684689, -0.0367851, 0.0781844, 0.0866765, 1002.51, 4014.73, 10, 2e-20, 3e-20, 2e-20, 2e-20, -1
0.647274, -0.44645, 1.0989, 0.05, -0.0138794, -0.0271591, 0.0151889, 0.0340728, 1002.05, 3280.33, 10, 2e-20, 3e-20, 2e-20, 2e-20, -1
0.674021, -0.400669, 1.02316, 0.05, -0.0771846, -0.0626304, -0.0267283, 0.102929, 999.505, -791.352, 10, 2e-20, 3e-20, 2e-20, 2e-20, -1
0.776081, -0.279171, 0.959457, 0.05, 0.0473224, 0.0442942, -0.103637, 0.122237, 1000.4, 642.821, 10, 2e-20, 3e-20, 2e-20, 2e-20, -1
0.699522, -0.387333, 1.05587, 0.05, 0.103224, -0.080563, 0.0140526, 0.131693, 1000.41, 651.07, 10, 2e-20, 3e-20, 2e-20, 2e-20, -1
0.528223, -0.409883, 1.27614, 0.05, -0.222542, -0.0768738, 0.0969197, 0.254614, 1005.12, 8191.22, 10, 2e-20, 3e-20, 2e-20, 2e-20, -1
0.726936, -0.386832, 1.02712, 0.05, 0.0409778, -0.0129652, 0.00432803, 0.0431974, 1001.22, 1950.74, 10, 2e-20, 3e-20, 2e-20, 2e-20, -1
0.536074, -0.412708, 1.22328, 0.05, -0.130147, -0.224111, 0.0720629, 0.268993, 1000.26, 421.827, 10, 2e-20, 3e-20, 2e-20, 2e-20, -1
0.648866, -0.365984, 1.0775, 0.05, -0.0701365, 0.152885, -0.00499209, 0.168279, 998.537, -2341.57, 10, 2e-20, 3e-20, 2e-20, 2e-20, -1
0.551123, -0.406759, 1.30372, 0.05, -0.106555, -0.087734, -0.0842988, 0.161733, 1005.54, 8865.82, 10, 2e-20, 3e-20, 2e-20, 2e-20, -1
0.530481, -0.363289, 1.20039, 0.05, -0.127363, -0.0058369, -0.0428421, 0.134503, 997.985, -3223.83, 10, 2e-20, 3e-20, 2e-20, 2e-20, -1
0.437426, -0.261206, 1.14919, 0.05, -0.219754, -0.0112712, 0.0648368, 0.229396, 997.551, -3918.92, 10, 2e-20, 3e-20, 2e-20, 2e-20, -1
0.490341, -0.311559, 1.16845, 0.05, -0.184996, -0.140011, -0.0108525, 0.232259, 1006.27, 10036.4, 10, 2e-20, 3e-20, 2e-20, 2e-20, -1
0.490679, -0.549764, 1.26986, 0.05, -0.0351222, -0.837646, 0.022833, 0.838693, 1038.7, 61918.9, 10, 2e-20, 3e-20, 2e-20, 2e-20, -1
0.487728, -0.298907, 1.2543, 0.05, -0.190395, -0.238482, -0.010271, 0.305335, 1000.54, 856.398, 10, 2e-20, 3e-20, 2e-20, 2e-20, -1
0.47762, -0.264363, 1.264, 0.05, -0.225554, 0.0571795, -0.0924242, 0.250372, 1000.07, 107.686, 10, 2e-20, 3e-20, 2e-20, 2e-20, -1
0.416715, -0.317524, 1.27307, 0.05, -0.159016, 0.0968467, 0.0475087, 0.192152, 997.177, -4516.81, 10, 2e-20, 3e-20, 2e-20, 2e-20, -1
0.376552, -0.132442, 1.37067, 0.05, -0.271873, 0.0872652, 0.137765, 0.317032, 1002.92, 4665.47, 10, 2e-20, 3e-20, 2e-20, 2e-20, -1
0.775979, -0.460905, 0.0475372, 0.05, -0.00840264, -0.0262839, 0.0547546, 0.0613149, 1007.15, 11445.1, 10, 2e-20, 3e-20, 2e-20, 2e-20, -1
0.833633, -0.462216, 0.108373, 0.05, 0.0253229, 0.133974, -0.0431112, 0.143, 1004.46, 7140.17, 10, 2e-20, 3e-20, 2e-20, 2e-20, -1
0.744764, -0.453279, 0.0931744, 0.05, 0.0250138, 0.0246252, 0.162824, 0.166565, 1008.98, 14370, 10, 2e-20, 3e-20, 2e-20, 2e-20, -1
0.805817, -0.407506, 0.160307, 0.05, -0.0956307, -0.0653169, 0.168886, 0.204778, 1008.42, 13467.3, 10, 2e-20, 3e-20, 2e-20, 2e-20, -1
0.839014, -0.405025, 0.200948, 0.05, -0.241909, -0.108488, 0.157286, 0.308268, 1004.26, 6818.81, 10, 2e-20, 3e-20, 2e-20, 2e-20, -1
0.822875, -0.356087, 0.156531, 0.05, 0.12995, 0.158402, 0.103813, 0.229685, 1008.32, 13310.9, 10, 2e-20, 3e-20, 2e-20, 2e-20, -1
0.835566, -0.357819, 0.202121, 0.05, -0.0241295, -0.097055, 0.178218, 0.204361, 1008.53, 13653.8, 10, 2e-20, 3e-20, 2e-20, 2e-20, -1
0.834953, -0.345137, 0.255068, 0.05, -0.168822, 0.0194967, 0.181387, 0.24856, 1011.56, 18489.9, 10, 2e-20, 3e-20, 2e-20, 2e-20, -1
0.834969, -0.393271, 0.292595, 0.05, -0.137466, -0.0753085, -0.0749023, 0.17372, 1009.89, 15827.4, 10, 2e-20, 3e-20, 2e-20, 2e-20, -1
0.85291, -0.343882, 0.309421, 0.05, -0.0226858, -0.0668906, 0.0578292, 0.0912864, 1007.71, 12330.1, 10, 2e-20, 3e-20, 2e-20, 2e-20, -1
0.841081, -0.428071, 0.382389, 0.05, 0.0177906, 0.0623136, 0.10877, 0.126611, 1005.64, 9016.87, 10, 2e-20, 3e-20, 2e-20, 2e-20, -1
0.855487, -0.385274, 0.337478, 0.05, 0.11954, -0.00273693, 0.0357212, 0.124793, 1005.55, 8885.95, 10, 2e-20, 3e-20, 2e-20, 2e-20, -1
0.753861, -0.433633, 0.425284, 0.05, -0.0408775, 0.0668461, 0.0940245, 0.122393, 1006.16, 9850.59, 10, 2e-20, 3e-20, 2e-20, 2e-20, -1
0.763301, -0.387672, 0.418289, 0.05, 0.0151599, -0.0634167, 0.124703, 0.140721, 1006.2, 9916.54, 10, 2e-20, 3e-20, 2e-20, 2e-20, -1
0.813914, -0.405212, 0.517204, 0.05, -0.013718, 0.0464621, 0.0322731, 0.0582105, 1003.44, 5510.4, 10, 2e-20, 3e-20, 2e-20, 2e-20, -1
0.782591, -0.366263, 0.381072, 0.05, 0.00183049, -0.0905999, -0.00630703, 0.0908376, 1003.76, 6020.66, 10, 2e-20, 3e-20, 2e-20, 2e-20, -1
0.860878, -0.443956, 0.595294, 0.05, 0.0107076, -0.0462676, 0.0735628, 0.0875604, 1002.66, 4261.18, 10, 2e-20, 3e-20, 2e-20, 2e-20, -1
0.781602, -0.380068, 0.472497, 0.05, 0.0492283, -0.0354283, 0.0155755, 0.0626194, 1008.8, 14075.1, 10, 2e-20, 3e-20, 2e-20, 2e-20, -1
0.746017, -0.353123, 0.454231, 0.05, -0.154169, -0.0226506, -0.000130169, 0.155824, 1006.49, 10385.1, 10, 2e-20, 3e-20, 2e-20, 2e-20, -1
0.777268, -0.320786, 0.579543, 0.05, -0.0521142, -0.014241, -0.0122185, 0.0553894, 1008.58, 13731.9, 10, 2e-20, 3e-20, 2e-20, 2e-20, -1
0.801896, -0.334213, 0.628221, 0.05, -0.108729, 0.00838728, -0.0320531, 0.113665, 1002.6, 4157.83, 10, 2e-20, 3e-20, 2e-20, 2e-20, -1
0.817274, -0.324536, 0.678801, 0.05, 0.0439239, 0.0438033, 0.17782, 0.18833, 1000.88, 1407.61, 10, 2e-20, 3e-20, 2e-20, 2e-20, -1
0.835235, -0.302033, 0.717211, 0.05, 0.0627714, 0.00426568, 0.0575767, 0.085285, 1003.89, 6229.54, 10, 2e-20, 3e-20, 2e-20, 2e-20, -1
0.790461, -0.413759, 0.684269, 0.05, -0.00444937, 0.13524, 0.0268133, 0.137944, 1002.48, 3966.93, 10, 2e-20, 3e-20, 2e-20, 2e-20, -1
0.777555, -0.372688, 0.660622, 0.05, 0.00612666, -0.0566676, 0.0297424, 0.0642913, 1009.85, 15760.5, 10, 2e-20, 3e-20, 2e-20, 2e-20, -1
0.779536, -0.40822, 0.737157, 0.05, -0.0989764, 0.0478871, 0.0065889, 0.11015, 1007.32, 11713.8, 10, 2e-20, 3e-20, 2e-20, 2e-20, -1
0.774583, -0.395881, 0.791014, 0.05, -0.097628, -0.0196575, 0.0374941, 0.106412, 1002.17, 3472.01, 10, 2e-20, 3e-20, 2e-20, 2e-20, -1
0.788356, -0.456865, 0.863227, 0.05, 0.0533302, -0.00716687, 0.122945, 0.134205, 1002.94, 4701.02, 10, 2e-20, 3e-20, 2e-20, 2e-20, -1
0.836422, -0.350674, 0.833291, 0.05, -0.051973, 0.0361974, 0.0988398, 0.117391, 1000.97, 1551.27, 10, 2e-20, 3e-20, 2e-20, 2e-20, -1
0.822326, -0.324454, 0.802584, 0.05, 0.0245592, 0.0230098, 0.100398, 0.105888, 1003.83, 6122.19, 10, 2e-20, 3e-20, 2e-20, 2e-20, -1
0.809465, -0.404754, 0.893717, 0.05, -0.0307469, -0.0643779, 0.110396, 0.131443, 1003.56, 5701.62, 10, 2e-20, 3e-20, 2e-20, 2e-20, -1
0.78899, -0.359607, 0.826987, 0.05, 0.00720211, 0.0884787, 0.0932905, 0.128777, 1001.77, 2825.72, 10, 2e-20, 3e-20, 2e-20, 2e-20, -1
0.756906, -0.375416, 0.87711, 0.05, -0.00541391, -0.011266, 0.0138986, 0.0186924, 1002.09, 3348.43, 10, 2e-20, 3e-20, 2e-20, 2e-20, -1
0.67783, -0.340423, 0.881123, 0.05, -0.0251563, -0.0183673, 0.0577342, 0.0656006, 1005.76, 9217.03, 10, 2e-20, 3e-20, 2e-20, 2e-20, -1
0.729593, -0.335908, 0.89892, 0.05, -0.124913, 0.0240134, 0.0659138, 0.143264, 1001.05, 1682.75, 10, 2e-20, 3e-20, 2e-20, 2e-20, -1
0.821024, -0.262319, 0.938365, 0.05, -0.00409207, -0.0247405, 0.0538808, 0.0594304, 1003.31, 5295.73, 10, 2e-20, 3e-20, 2e-20, 2e-20, -1
0.727583, -0.367738, 0.974732, 0.05, -0.0843232, 0.0166974, -0.0932629, 0.126835, 1000.65, 1045.57, 10, 2e-20, 3e-20, 2e-20, 2e-20, -1
0.811086, -0.21842, 0.97588, 0.05, -0.041016, -0.0108723, -0.0423487, 0.0599494, 999.697, -485.307, 10, 2e-20, 3e-20, 2e-20, 2e-20, -1
0.816093, -0.261018, 0.995657, 0.05, -0.0338358, -0.0311558, -0.0243999, 0.0520663, 1000.52, 827.112, 10, 2e-20, 3e-20, 2e-20, 2e-20, -1
0.705873, -0.205786, 1.00827, 0.05, -0.143972, 0.0321993, 0.031064, 0.150764, 1004.07, 6508.17, 10, 2e-20, 3e-20, 2e-20, 2e-20, -1
0.771027, -0.239575, 1.01576, 0.05, 0.0297402, -0.0150757, 0.0498688, 0.0599888, 1001.79, 2865.99, 10, 2e-20, 3e-20, 2e-20, 2e-20, -1
0.640379, -0.316162, 1.03945, 0.05, -0.0685809, -0.126768, 0.0551665, 0.154327, 1002.72, 4344.09, 10, 2e-20, 3e-20, 2e-20, 2e-20, -1
0.696122, -0.38904, 1.11637, 0.05, -0.131976, 0.035188, -0.013781, 0.13728, 1004.64, 7429.57, 10, 2e-20, 3e-20, 2e-20, 2e-20, -1
0.578653, -0.395942, 1.17766, 0.05, -0.143137, -0.13095, -0.0859338, 0.212181, 1000.95, 1515.76, 10, 2e-20, 3e-20, 2e-20, 2e-20, -1
0.628655, -0.388826, 1.14882, 0.05, -0.135946, 0.144295, -0.101308, 0.222633, 1001.67, 2673.24, 10, 2e-20, 3e-20, 2e-20, 2e-20, -1
0.604011, -0.304523, 1.07899, 0.05, -0.0931642, -0.129866, 0.0033934, 0.159863, 999.447, -884.21, 10, 2e-20, 3e-20, 2e-20, 2e-20, -1
0.580533, -0.347761, 1.14992, 0.05, 0.0100586, -0.0378317, -0.0425271, 0.0578011, 1001.22, 1947.99, 10, 2e-20, 3e-20, 2e-20, 2e-20, -1
0.523849, -0.269684, 1.13968, 0.05, -0.0255587, 0.0295641, 0.107163, 0.114066, 1002.92, 4665, 10, 2e-20, 3e-20, 2e-20, 2e-20, -1
0.51323, -0.232436, 1.17852, 0.05, -0.151428, -0.0484977, 0.0330633, 0.162406, 999.16, -1344.69, 10, 2e-20, 3e-20, 2e-20, 2e-20, -1
0.394655, -0.130865, 1.33055, 0.05, -0.240645, 0.0139643, 0.209592, 0.319427, 1001.75, 2807.98, 10, 2e-20, 3e-20, 2e-20, 2e-20, -1
0.340668, -0.113728, 1.41695, 0.05, -0.325702, 0.0994208, 0.352011, 0.489774, 1008.46, 13537.3, 10, 2e-20, 3e-20, 2e-20, 2e-20, -1
0.858094, -0.422689, 0.045838, 0.05, 0.27387, -0.0137617, -3.54063e-05, 0.274216, 1015.92, 25465.3, 10, 2e-20, 3e-20, 2e-20, 2e-20, -1
0.930502, -0.423888, 0.0446495, 0.05, 0.0866653, 0.112887, 0.0733651, 0.160115, 1015.29, 24468.5, 10, 2e-20, 3e-20, 2e-20, 2e-20, -1
0.884747, -0.445448, 0.0708084, 0.05, -0.100538, -0.0205826, 0.14155, 0.174837, 1007.16, 11451.3, 10, 2e-20, 3e-20, 2e-20, 2e-20, -1
0.93329, -0.391706, 0.084998, 0.05, 0.132405, -0.0942746, 0.223632, 0.27646, 1007.37, 11796.2, 10, 2e-20, 3e-20, 2e-20, 2e-20, -1
0.871188, -0.347608, 0.110585, 0.05, -0.0377633, -0.00746382, -0.07391, 0.0833334, 1007.76, 12416.3, 10, 2e-20, 3e-20, 2e-20, 2e-20, -1
0.816914, -0.314112, 0.146579, 0.05, 0.086289, -0.04953, 0.0217745, 0.101849, 1003.8, 6073.43, 10, 2e-20, 3e-20, 2e-20, 2e-20, -1
0.815276, -0.317896, 0.21064, 0.05, 0.110834, 0.0549629, 0.0894673, 0.152674, 1004.77, 7629.6, 10, 2e-20, 3e-20, 2e-20, 2e-20, -1
0.835016, -0.295501, 0.260495, 0.05, -0.0596091, 0.0613395, 0.0141838, 0.0867005, 1010, 15998.7, 10, 2e-20, 3e-20, 2e-20, 2e-20, -1
0.783159, -0.350996, 0.231259, 0.05, -0.0687856, -0.0872731, 0.0587404, 0.125692, 1008.18, 13081.2, 10, 2e-20, 3e-20, 2e-20, 2e-20, -1
0.75767, -0.382126, 0.260559, 0.05, -0.059846, 0.0327822, 0.00644856, 0.0685406, 1004.45, 7120.75, 10, 2e-20, 3e-20, 2e-20, 2e-20, -1
0.797122, -0.346606, 0.286948, 0.05, 0.00263132, -0.0418984, 0.0290858, 0.0510724, 1011.49, 18383.6, 10, 2e-20, 3e-20, 2e-20, 2e-20, -1
0.749423, -0.332067, 0.276365, 0.05, 0.00616566, 0.0399316, -0.0494404, 0.0638506, 1006.67, 10665.2, 10, 2e-20, 3e-20, 2e-20, 2e-20, -1
0.818049, -0.405605, 0.358275, 0.05, -0.0961884, 0.149763, 0.0545086, 0.186152, 1007.57, 12108.1, 10, 2e-20, 3e-20, 2e-20, 2e-20, -1
0.773607, -0.306034, 0.312456, 0.05, 0.0349161, -0.0537726, -0.0290578, 0.0703916, 1009.71, 15536, 10, 2e-20, 3e-20, 2e-20, 2e-20, -1
0.804581, -0.354624, 0.333595, 0.05, -0.019534, -0.0145415, 0.00995144, 0.0263071, 1009.3, 14877, 10, 2e-20, 3e-20, 2e-20, 2e-20, -1
0.781896, -0.315352, 0.368867, 0.05, 0.0379891, 0.0611921, -0.0409297, 0.0828425, 1003.7, 5918.47, 10, 2e-20, 3e-20, 2e-20, 2e-20, -1
0.762538, -0.324633, 0.417919, 0.05, -0.024702, 0.0766753, 0.0364194, 0.0884063, 1000.83, 1335.74, 10, 2e-20, 3e-20, 2e-20, 2e-20, -1
0.812164, -0.323633, 0.410069, 0.05, -0.00737882, 0.0605045, 0.0257341, 0.0661626, 1012.96, 20731.1, 10, 2e-20, 3e-20, 2e-20, 2e-20, -1
0.768161, -0.324725, 0.504213, 0.05, -0.175159, 0.0546863, 0.0977729, 0.20792, 1003.96, 6330.92, 10, 2e-20, 3e-20, 2e-20, 2e-20, -1
0.80802, -0.290492, 0.495178, 0.05, 0.0324229, -0.0204825, -0.0264935, 0.0466121, 1005.35, 8563.77, 10, 2e-20, 3e-20, 2e-20, 2e-20, -1
0.784671, -0.287315, 0.446799, 0.05, -0.0140911, -0.0152338, -0.0433883, 0.0480955, 1008.27, 13239.4, 10, 2e-20, 3e-20, 2e-20, 2e-20, -1
0.779199, -0.282415, 0.536286, 0.05, 0.0247127, 0.00240195, -0.00200482, 0.02491, 1001.79, 2869.15, 10, 2e-20, 3e-20, 2e-20, 2e-20, -1
0.833118, -0.270799, 0.674769, 0.05, 0.125692, -0.0765453, 0.153366, 0.212553, 1003.94, 6311.91, 10, 2e-20, 3e-20, 2e-20, 2e-20, -1
0.775641, -0.296897, 0.650882, 0.05, -0.150713, 0.140348, 0.0712532, 0.21792, 1003.25, 5203.59, 10, 2e-20, 3e-20, 2e-20, 2e-20, -1
0.774289, -0.251487, 0.675213, 0.05, -0.139451, -0.0586792, -0.0172567, 0.152275, 1000.72, 1150.36, 10, 2e-20, 3e-20, 2e-20, 2e-20, -1
0.76906, -0.334515, 0.696635, 0.05, -0.108006, -0.0393558, 0.101504, 0.153354, 1004.16, 6660.08, 10, 2e-20, 3e-20, 2e-20, 2e-20, -1
0.79009, -0.288526, 0.710403, 0.05, -0.103059, 0.0489191, -0.00352301, 0.114134, 1001.41, 2255.56, 10, 2e-20, 3e-20, 2e-20, 2e-20, -1
0.76201, -0.319446, 0.745553, 0.05, -0.0649932, -0.0279867, 0.0341377, 0.0785669, 1002.29, 3671.16, 10, 2e-20, 3e-20, 2e-20, 2e-20, -1
0.837107, -0.195728, 0.797356, 0.05, -0.0370503, -0.0608934, 0.0141985, 0.0726797, 1003.38, 5413.48, 10, 2e-20, 3e-20, 2e-20, 2e-20, -1
0.799366, -0.307609, 0.77124, 0.05, 0.0117494, -0.0350449, 0.0466967, 0.0595548, 1002.79, 4467.42, 10, 2e-20, 3e-20, 2e-20, 2e-20, -1
0.778237, -0.297516, 0.815477, 0.05, 0.0682885, -0.0695824, 0.0445644, 0.107196, 1002.45, 3916.38, 10, 2e-20, 3e-20, 2e-20, 2e-20, -1
0.786547, -0.208623, 0.793547, 0.05, 0.0897679, -0.00713386, 0.0394802, 0.0983253, 996.357, -5828.52, 10, 2e-20, 3e-20, 2e-20, 2e-20, -1
0.728316, -0.301026, 0.791192, 0.05, -0.0702932, -0.0261013, 0.0356325, 0.0830186, 1002.3, 3681.16, 10, 2e-20, 3e-20, 2e-20, 2e-20, -1
0.785053, -0.190563, 0.867513, 0.05, -0.0217003, 0.0357865, -0.0142079, 0.0441978, 1003.91, 6251.92, 10, 2e-20, 3e-20, 2e-20, 2e-20, -1
0.748749, -0.332748, 0.851769, 0.05, -0.00978467, 0.0526607, 0.0169891, 0.0561918, 1000.97, 1556.58, 10, 2e-20, 3e-20, 2e-20, 2e-20, -1
0.794505, -0.241681, 0.889621, 0.05, 0.0691092, 0.047478, 0.0927993, 0.125068, 1006.42, 10264.2, 10, 2e-20, 3e-20, 2e-20, 2e-20, -1
0.748886, -0.271223, 0.909233, 0.05, -0.0606105, 0.0391389, 0.143886, 0.160961, 1002.56, 4098.29, 10, 2e-20, 3e-20, 2e-20, 2e-20, -1
0.796798, -0.176906, 0.956354, 0.05, -0.00282445, -0.0275766, -0.00179985, 0.0277792, 1002.06, 3299.92, 10, 2e-20, 3e-20, 2e-20, 2e-20, -1
0.797213, -0.188511, 1.01378, 0.05, 0.110889, 0.0564296, 0.063673, 0.139767, 1000.03, 46.1635, 10, 2e-20, 3e-20, 2e-20, 2e-20, -1
0.682249, -0.19873, 1.05298, 0.05, -0.107187, -0.0606212, -0.135678, 0.183228, 998.991, -1614.39, 10, 2e-20, 3e-20, 2e-20, 2e-20, -1
0.721723, -0.238369, 1.04301, 0.05, -0.0549592, -0.0351534, -0.0470741, 0.0804502, 998.588, -2259.57, 10, 2e-20, 3e-20, 2e-20, 2e-20, -1
0.717049, -0.293969, 1.01287, 0.05, -0.0200638, 0.0850283, -0.0293543, 0.0921631, 1000.29, 461.074, 10, 2e-20, 3e-20, 2e-20, 2e-20, -1
0.636812, -0.246076, 1.05168, 0.05, -0.0856747, 0.0535232, -0.168161, 0.196171, 1002.85, 4564.62, 10, 2e-20, 3e-20, 2e-20, 2e-20, -1
0.672897, -0.345225, 1.04986, 0.05, -0.0423674, 0.0044122, -0.050249, 0.0658743, 1004.18, 6692.26, 10, 2e-20, 3e-20, 2e-20, 2e-20, -1
0.685006, -0.287662, 1.04519, 0.05, -0.177301, -0.0293069, -0.127782, 0.220506, 1001.16, 1851.02, 10, 2e-20, 3e-20, 2e-20, 2e-20, -1
0.544393, -0.188946, 1.15817, 0.05, -0.188999, 0.0900658, 0.00717464, 0.209485, 1003.04, 4865.34, 10, 2e-20, 3e-20, 2e-20, 2e-20, -1
0.605454, -0.224237, 1.11519, 0.05, -0.030413, -0.26772, -0.083436, 0.282064, 1003.47, 5549.18, 10, 2e-20, 3e-20, 2e-20, 2e-20, -1
0.472734, -0.159468, 1.2531, 0.05, -0.124789, -0.132617, 0.072093, 0.195849, 1000.05, 77.9109, 10, 2e-20, 3e-20, 2e-20, 2e-20, -1
0.448314, -0.117934, 1.28211, 0.05, -0.179266, 0.067662, 0.0917892, 0.212461, 999.181, -1309.64, 10, 2e-20, 3e-20, 2e-20, 2e-20, -1
0.3169, -0.0841997, 1.36368, 0.05, -0.382499, 0.0881576, 0.274195, 0.478811, 999.378, -994.839, 10, 2e-20, 3e-20, 2e-20, 2e-20, -1
0.226889, -0.117675, 1.44706, 0.05, -0.287522, 0.154765, 0.65905, 0.735505, 998.293, -2730.61, 10, 2e-20, 3e-20, 2e-20, 2e-20, -1
0.816616, -0.246375, 0.0523073, 0.05, 0.0598984, -0.104573, 0.0263637, 0.123363, 1010.36, 16579.5, 10, 2e-20, 3e-20, 2e-20, 2e-20, -1
0.852053, -0.329185, 0.0662405, 0.05, 0.253137, -0.042924, 0.00446134, 0.256789, 1003.99, 6389.77, 10, 2e-20, 3e-20, 2e-20, 2e-20, -1
0.880472, -0.299801, 0.107615, 0.05, 0.150445, -0.232738, -0.0706908, 0.286003, 1008.37, 13385.6, 10, 2e-20, 3e-20, 2e-20, 2e-20, -1
0.860619, -0.26972, 0.0775316, 0.05, 0.0113089, 0.0665986, -0.0884867, 0.111325, 1006.61, 10580, 10, 2e-20, 3e-20, 2e-20, 2e-20, -1
0.852493, -0.166192, 0.16107, 0.05, 0.104628, -0.0398144, -0.00241294, 0.111973, 1005.4, 8638.08, 10, 2e-20, 3e-20, 2e-20, 2e-20, -1
0.876047, -0.213676, 0.155635, 0.05, 0.0815772, 0.0709452, -0.0490041, 0.118699, 1005.63, 9005.35, 10, 2e-20, 3e-20, 2e-20, 2e-20, -1
0.864083, -0.187148, 0.211832, 0.05, 0.0614465, -0.00451045, 0.0430847, 0.0751819, 1004.36, 6978.54, 10, 2e-20, 3e-20, 2e-20, 2e-20, -1
0.837603, -0.271389, 0.151414, 0.05, 0.0112294, 0.034683, -0.0802907, 0.0881793, 1007.29, 11665.6, 10, 2e-20, 3e-20, 2e-20, 2e-20, -1
0.834104, -0.278689, 0.20992, 0.05, -0.0270857, 0.120047, -0.0308698, 0.126878, 1008.04, 12868.6, 10, 2e-20, 3e-20, 2e-20, 2e-20, -1
0.796589, -0.213112, 0.235564, 0.05, 0.0727337, -0.0363337, 0.0792084, 0.113509, 1006.36, 10183.5, 10, 2e-20, 3e-20, 2e-20, 2e-20, -1
0.780294, -0.265793, 0.229065, 0.05, 0.00835981, 0.0777025, 0.024198, 0.0818114, 1002.68, 4289.4, 10, 2e-20, 3e-20, 2e-20, 2e-20, -1
0.813693, -0.26924, 0.303058, 0.05, 0.037952, -0.0331776, -0.0732165, 0.0888918, 1005.03, 8047.27, 10, 2e-20, 3e-20, 2e-20, 2e-20, -1
0.859463, -0.289847, 0.308317, 0.05, -0.0122371, -0.0035784, -0.0129257, 0.0181555, 1005.3, 8480.92, 10, 2e-20, 3e-20, 2e-20, 2e-20, -1
0.83043, -0.221049, 0.301468, 0.05, 0.0329908, -0.0712411, -0.0913377, 0.120442, 1006.32, 10108.4, 10, 2e-20, 3e-20, 2e-20, 2e-20, -1
0.822376, -0.279085, 0.382891, 0.05, 0.0423472, -0.0308859, -0.0246126, 0.0579052, 1005.45, 8718.78, 10, 2e-20, 3e-20, 2e-20, 2e-20, -1
0.788137, -0.269083, 0.349708, 0.05, 0.0337797, -0.0360814, 0.0695023, 0.0852848, 1006.23, 9974.04, 10, 2e-20, 3e-20, 2e-20, 2e-20, -1
0.830098, -0.263777, 0.422653, 0.05, -0.0198932, 0.00157809, -0.0759435, 0.0785216, 1002.63, 4202.11, 10, 2e-20, 3e-20, 2e-20, 2e-20, -1
0.782495, -0.250545, 0.406634, 0.05, 0.0467468, -0.00859968, -0.115979, 0.125341, 1006.65, 10635.2, 10, 2e-20, 3e-20, 2e-20, 2e-20, -1
0.8385, -0.297582, 0.454667, 0.05, 0.101767, 0.0680061, -0.0404547, 0.128911, 1005.07, 8110.52, 10, 2e-20, 3e-20, 2e-20, 2e-20, -1
0.789109, -0.203045, 0.512484, 0.05, -0.0503248, -0.0497544, -0.040908, 0.0817408, 1006.18, 9892.72, 10, 2e-20, 3e-20, 2e-20, 2e-20, -1
0.820094, -0.236075, 0.554954, 0.05, -0.00153093, 0.0482844, 0.103378, 0.114109, 1002.39, 3831.15, 10, 2e-20, 3e-20, 2e-20, 2e-20, -1
0.801339, -0.269232, 0.581948, 0.05, -0.00661335, 0.0936789, 0.0548953, 0.108779, 1001.91, 3055.25, 10, 2e-20, 3e-20, 2e-20, 2e-20, -1
0.802226, -0.214462, 0.591454, 0.05, -0.07909, 0.0853455, -0.0170662, 0.117602, 1004.83, 7729.53, 10, 2e-20, 3e-20, 2e-20, 2e-20, -1
0.771042, -0.259505, 0.620938, 0.05, -0.0210619, -0.0154106, 0.0245528, 0.035832, 1003.75, 6007.43, 10, 2e-20, 3e-20, 2e-20, 2e-20, -1
0.842341, -0.185022, 0.666946, 0.05, -0.0723751, 0.0989129, 0.0700167, 0.141153, 996.533, -5546.52, 10, 2e-20, 3e-20, 2e-20, 2e-20, -1
0.814726, -0.226049, 0.701885, 0.05, 0.0405322, -0.024344, 0.104267, 0.114487, 1001.51, 2412.59, 10, 2e-20, 3e-20, 2e-20, 2e-20, -1
0.825391, -0.175474, 0.708376, 0.05, -0.0135996, -0.0763733, -0.00145975, 0.0775884, 1002.16, 3461.17, 10, 2e-20, 3e-20, 2e-20, 2e-20, -1
0.777234, -0.17964, 0.708717, 0.05, 0.00975228, -0.0418286, 0.0504647, 0.0662678, 1002.96, 4742, 10, 2e-20, 3e-20, 2e-20, 2e-20, -1
0.797449, -0.133923, 0.695423, 0.05, -0.0348682, -0.112127, -0.0524211, 0.128593, 1000.56, 890.795, 10, 2e-20, 3e-20, 2e-20, 2e-20, -1
0.776664, -0.170441, 0.760187, 0.05, -0.0284791, -0.0579025, 0.0481948, 0.0805388, 1002.63, 4203.99, 10, 2e-20, 3e-20, 2e-20, 2e-20, -1
0.804156, -0.151189, 0.836527, 0.05, -0.0417018, -0.0257158, 0.0299989, 0.057448, 1002.34, 3746.22, 10, 2e-20, 3e-20, 2e-20, 2e-20, -1
0.794747, -0.0679511, 0.823592, 0.05, -0.0437698, -0.124507, -0.0943638, 0.162242, 1004.91, 7858.75, 10, 2e-20, 3e-20, 2e-20, 2e-20, -1
0.771792, -0.167651, 0.810899, 0.05, -0.0169511, -0.0325766, 0.0424958, 0.0561646, 1000.78, 1240.46, 10, 2e-20, 3e-20, 2e-20, 2e-20, -1
0.8208, -0.0613476, 0.949773, 0.05, -0.117663, -0.0238103, -0.0249107, 0.122605, 1002.44, 3904.32, 10, 2e-20, 3e-20, 2e-20, 2e-20, -1
0.804534, -0.0878946, 0.910988, 0.05, -0.0123883, 0.018266, 0.023086, 0.0319387, 1002.93, 4684.66, 10, 2e-20, 3e-20, 2e-20, 2e-20, -1
0.774122, -0.131747, 0.89787, 0.05, 0.0472005, -0.0931745, -0.0997755, 0.144446, 1000.33, 527.882, 10, 2e-20, 3e-20, 2e-20, 2e-20, -1
0.796216, -0.175736, 0.913125, 0.05, 0.03643, -0.0512097, 0.00447056, 0.0630045, 1005.8, 9273.29, 10, 2e-20, 3e-20, 2e-20, 2e-20, -1
0.849383, -0.11955, 1.07251, 0.05, -0.0574078, -0.00857846, -0.0199643, 0.0613826, 1001.16, 1848.16, 10, 2e-20, 3e-20, 2e-20, 2e-20, -1
0.818248, -0.135927, 0.996321, 0.05, 0.00121478, -0.101082, 0.0682701, 0.121983, 1001.54, 2460.37, 10, 2e-20, 3e-20, 2e-20, 2e-20, -1
0.746439, -0.18069, 1.03686, 0.05, -0.0135328, -0.0344564, 0.0136318, 0.0394488, 1004.67, 7469.23, 10, 2e-20, 3e-20, 2e-20, 2e-20, -1
0.668888, -0.0905349, 1.14456, 0.05, -0.0775499, -0.136682, -0.0614426, 0.168734, 1000.91, 1463.56, 10, 2e-20, 3e-20, 2e-20, 2e-20, -1
0.789465, -0.101257, 1.17055, 0.05, 0.00543549, 0.0412241, -0.0197536, 0.0460345, 995.542, -7132.86, 10, 2e-20, 3e-20, 2e-20, 2e-20, -1
0.755674, -0.263508, 1.05701, 0.05, -0.0848694, -0.0354548, -0.110348, 0.143654, 997.203, -4475.76, 10, 2e-20, 3e-20, 2e-20, 2e-20, -1
0.783502, -0.199609, 1.11008, 0.05, -0.123094, 0.126124, -0.0747111, 0.191419, 1001.44, 2307.04, 10, 2e-20, 3e-20, 2e-20, 2e-20, -1
0.698757, -0.164069, 1.128, 0.05, -0.00250226, 0.00537833, 0.0570495, 0.0573571, 1001.23, 1972.8, 10, 2e-20, 3e-20, 2e-20, 2e-20, -1
0.586143, -0.140208, 1.17037, 0.05, -0.125628, 0.107659, 0.0669965, 0.178498, 1002.38, 3805.19, 10, 2e-20, 3e-20, 2e-20, 2e-20, -1
0.544229, -0.147881, 1.20937, 0.05, -0.0475529, 0.0133885, -0.00790618, 0.0500304, 1007.01, 11221.5, 10, 2e-20, 3e-20, 2e-20, 2e-20, -1
0.508474, -0.115009, 1.22886, 0.05, -0.0820207, 0.0486747, 0.0217887, 0.0978334, 1000.66, 1060.64, 10, 2e-20, 3e-20, 2e-20, 2e-20, -1
0.412383, -0.092344, 1.31764, 0.05, -0.247318, -0.0408979, 0.138973, 0.286623, 1003.29, 5269.33, 10, 2e-20, 3e-20, 2e-20, 2e-20, -1
0.360613, -0.0373641, 1.37944, 0.05, -0.303457, 0.148711, 0.250062, 0.420395, 1002.59, 4150.72, 10, 2e-20, 3e-20, 2e-20, 2e-20, -1
0.116133, 0.00634882, 1.4108, 0.05, -0.183972, -0.0918155, 0.420459, 0.46804, 997.839, -3457.11, 10, 2e-20, 3e-20, 2e-20, 2e-20, -1
0.782878, -0.190431, 0.0481005, 0.05, -0.0253379, 0.0387083, 0.0139541, 0.0483224, 1011.92, 19064.2, 10, 2e-20, 3e-20, 2e-20, 2e-20, -1
0.89356, -0.222305, 0.10192, 0.05, 0.0704884, -0.0546603, -0.100842, 0.134631, 1005.7, 9119.43, 10, 2e-20, 3e-20, 2e-20, 2e-20, -1
0.895973, -0.169229, 0.130245, 0.05, 0.0297047, -0.0225624, 0.0969327, 0.103862, 1007.75, 12404, 10, 2e-20, 3e-20, 2e-20, 2e-20, -1
0.8802, -0.163814, 0.0937995, 0.05, 0.104146, -0.0191376, -0.0698459, 0.12685, 1006, 9607.21, 10, 2e-20, 3e-20, 2e-20, 2e-20, -1
0.890564, -0.117173, 0.110461, 0.05, 0.0630231, 0.0267058, 0.0657637, 0.0949209, 1004.72, 7547.17, 10, 2e-20, 3e-20, 2e-20, 2e-20, -1
0.827105, -0.211359, 0.149696, 0.05, 0.0439099, -0.143013, 0.0180116, 0.150683, 1008.17, 13064.3, 10, 2e-20, 3e-20, 2e-20, 2e-20, -1
0.830659, -0.128001, 0.182551, 0.05, 0.00395959, -0.0495169, -0.000154629, 0.0496752, 1007.21, 11543.4, 10, 2e-20, 3e-20, 2e-20, 2e-20, -1
0.824762, -0.162611, 0.126123, 0.05, -0.0783236, -0.0740519, 0.0861888, 0.13801, 1011.74, 18789.3, 10, 2e-20, 3e-20, 2e-20, 2e-20, -1
0.866225, -0.250987, 0.17933, 0.05, -0.00908858, -0.0989128, -0.0266631, 0.102846, 1009, 14403.6, 10, 2e-20, 3e-20, 2e-20, 2e-20, -1
0.867199, -0.162357, 0.268844, 0.05, 0.0794865, -0.0686234, -0.0351276, 0.11073, 1002.96, 4729, 10, 2e-20, 3e-20, 2e-20, 2e-20, -1
0.844532, -0.226032, 0.213846, 0.05, 0.0262387, 0.00945343, 0.0540611, 0.0608313, 1005.34, 8547.6, 10, 2e-20, 3e-20, 2e-20, 2e-20, -1
0.855694, -0.122881, 0.297261, 0.05, 0.0186726, -0.0386831, 0.00562967, 0.0433214, 1008.7, 13926.9, 10, 2e-20, 3e-20, 2e-20, 2e-20, -1
0.838436, -0.146318, 0.340567, 0.05, 0.040172, -0.0694762, 0.129295, 0.152177, 1001.61, 2577.28, 10, 2e-20, 3e-20, 2e-20, 2e-20, -1
0.799104, -0.125852, 0.37078, 0.05, 0.021757, -0.000374174, 0.0282313, 0.0356443, 1008.45, 13526.2, 10, 2e-20, 3e-20, 2e-20, 2e-20, -1
0.803314, -0.20405, 0.370071, 0.05, 0.108478, -0.113962, 0.0172152, 0.158275, 1005.7, 9123.53, 10, 2e-20, 3e-20, 2e-20, 2e-20, -1
0.799726, -0.117647, 0.430695, 0.05, -0.0628148, 0.064178, 0.0349339, 0.0963581, 1006.27, 10035.9, 10, 2e-20, 3e-20, 2e-20, 2e-20, -1
0.783672, -0.163554, 0.422927, 0.05, 0.00848615, -0.0238796, -0.00511999, 0.0258547, 1004.44, 7108.3, 10, 2e-20, 3e-20, 2e-20, 2e-20, -1
0.799742, -0.183903, 0.467657, 0.05, 0.0734702, -0.0164321, -0.0686106, 0.101859, 1007.08, 11326.6, 10, 2e-20, 3e-20, 2e-20, 2e-20, -1
0.799941, -0.242392, 0.472608, 0.05, 0.0353765, -0.0430013, 0.0676319, 0.0876053, 1007.18, 11493.4, 10, 2e-20, 3e-20, 2e-20, 2e-20, -1
0.784917, -0.152007, 0.510837, 0.05, 0.0356831, 0.0205276, 0.0106698, 0.0425266, 1007.21, 11537.9, 10, 2e-20, 3e-20, 2e-20, 2e-20, -1
0.788602, -0.174358, 0.560618, 0.05, -0.116362, -0.0922538, 0.0765363, 0.167059, 1005.61, 8979.06, 10, 2e-20, 3e-20, 2e-20, 2e-20, -1
0.759467, -0.229214, 0.5681, 0.05, -0.0688163, 0.11832, 0.0404395, 0.142726, 1010.32, 16513.9, 10, 2e-20, 3e-20, 2e-20, 2e-20, -1
0.769058, -0.129, 0.551358, 0.05, -0.0961192, 0.0197274, 0.0856576, 0.130251, 1003.97, 6356.95, 10, 2e-20, 3e-20, 2e-20, 2e-20, -1
0.811916, -0.180579, 0.609698, 0.05, -0.0242355, 0.0789572, 0.00704428, 0.0828928, 1003.29, 5257.02, 10, 2e-20, 3e-20, 2e-20, 2e-20, -1
0.864465, -0.155909, 0.639114, 0.05, -0.107497, -0.0551649, 0.0568991, 0.133553, 1001.63, 2604.62, 10, 2e-20, 3e-20, 2e-20, 2e-20, -1
0.775103, -0.144472, 0.601187, 0.05, 0.016492, -0.0488064, 0.0274272, 0.0583635, 1005.8, 9282.67, 10, 2e-20, 3e-20, 2e-20, 2e-20, -1
0.818745, -0.097073, 0.662648, 0.05, -0.022393, -0.0343775, -0.0315337, 0.0517459, 1002.39, 3819.83, 10, 2e-20, 3e-20, 2e-20, 2e-20, -1
0.810668, -0.142652, 0.641683, 0.05, -0.0417458, -0.0426721, -0.0308821, 0.067211, 1005.16, 8261.12, 10, 2e-20, 3e-20, 2e-20, 2e-20, -1
0.841672, -0.13414, 0.738788, 0.05, 0.124615, -0.0191493, 0.0169969, 0.127218, 1007.44, 11911.9, 10, 2e-20, 3e-20, 2e-20, 2e-20, -1
0.782236, -0.117279, 0.801419, 0.05, 0.0361443, -0.0327436, 0.0599171, 0.0772568, 1006.39, 10225.9, 10, 2e-20, 3e-20, 2e-20, 2e-20, -1
0.79004, -0.0214712, 0.793615, 0.05, -0.0873088, -0.051105, -0.0733279, 0.124946, 998.983, -1627.44, 10, 2e-20, 3e-20, 2e-20, 2e-20, -1
0.835448, 0.0333271, 0.854365, 0.05, -0.0402127, -0.0456268, -0.04177, 0.0737807, 1001.42, 2274.5, 10, 2e-20, 3e-20, 2e-20, 2e-20, -1
0.824689, -0.0174343, 0.923418, 0.05, -0.133877, -0.0865223, -0.0701903, 0.174172, 1001.74, 2782.37, 10, 2e-20, 3e-20, 2e-20, 2e-20, -1
0.848367, 0.0299592, 0.914804, 0.05, -0.0707875, -0.00237504, 0.0179878, 0.0730758, 995.724, -6840.97, 10, 2e-20, 3e-20, 2e-20, 2e-20, -1
0.827635, -0.133401, 0.90222, 0.05, 0.0107873, -0.0399598, -0.00862311, 0.0422789, 1003.67, 5867.2, 10, 2e-20, 3e-20, 2e-20, 2e-20, -1
0.850654, -0.102857, 0.968256, 0.05, 0.0457448, -0.061621, 0.00446477, 0.0768744, 1003.47, 5558.93, 10, 2e-20, 3e-20, 2e-20, 2e-20, -1
0.801403, -0.12357, 0.951299, 0.05, -0.0839563, -0.0143564, 0.00671814, 0.0854395, 1004.78, 7640.09, 10, 2e-20, 3e-20, 2e-20, 2e-20, -1
0.787137, -0.0907407, 0.994076, 0.05, -0.188378, -0.00225724, 0.000748993, 0.188393, 1001.24, 1989.98, 10, 2e-20, 3e-20, 2e-20, 2e-20, -1
0.656059, -0.0668748, 1.1192, 0.05, -0.108316, -0.124091, 0.00408214, 0.164765, 1004.72, 7547.62, 10, 2e-20, 3e-20, 2e-20, 2e-20, -1
0.697076, 0.0296523, 1.07845, 0.05, -0.0269133, -0.123603, -0.0362329, 0.131586, 1004.96, 7938.85, 10, 2e-20, 3e-20, 2e-20, 2e-20, -1
0.775996, -0.108262, 1.12451, 0.05, 0.000507844, -0.0490548, -0.160549, 0.167877, 1000.79, 1264.78, 10, 2e-20, 3e-20, 2e-20, 2e-20, -1
0.761359, -0.073434, 1.13931, 0.05, -0.110423, 0.106553, -0.025681, 0.155584, 1000.21, 331.406, 10, 2e-20, 3e-20, 2e-20, 2e-20, -1
0.812411, -0.113208, 1.20651, 0.05, -0.146127, 0.0422265, -0.0756301, 0.169871, 999.4, -960.495, 10, 2e-20, 3e-20, 2e-20, 2e-20, -1
0.560869, -0.0808376, 1.1905, 0.05, -0.136427, -0.08724, 0.0366067, 0.166021, 1001.87, 2984.42, 10, 2e-20, 3e-20, 2e-20, 2e-20, -1
0.571938, -0.0621735, 1.19649, 0.05, -0.106911, -0.149326, 0.056177, 0.192052, 998.809, -1906.28, 10, 2e-20, 3e-20, 2e-20, 2e-20, -1
0.536264, -0.120398, 1.25424, 0.05, -0.0684977, 0.148956, -0.00324368, 0.163983, 1002.82, 4510.73, 10, 2e-20, 3e-20, 2e-20, 2e-20, -1
0.431372, -0.0602249, 1.27895, 0.05, -0.159676, 0.0220975, 0.215702, 0.26928, 998.878, -1795.77, 10, 2e-20, 3e-20, 2e-20, 2e-20, -1
0.491527, -0.0674709, 1.22317, 0.05, -0.101351, -0.00477638, 0.0699678, 0.123249, 1006.54, 10464.5, 10, 2e-20, 3e-20, 2e-20, 2e-20, -1
0.434188, -0.0335035, 1.31418, 0.05, -0.221327, 0.0293194, 0.153415, 0.27089, 1001.54, 2469.81, 10, 2e-20, 3e-20, 2e-20, 2e-20, -1
0.425913, -0.0186443, 1.347, 0.05, -0.181303, 0.0472493, 0.103218, 0.21391, 1000.27, 430.335, 10, 2e-20, 3e-20, 2e-20, 2e-20, -1
0.285956, -0.0381209, 1.42765, 0.05, -0.180018, 0.0375297, 0.554597, 0.584288, 1000.76, 1212.63, 10, 2e-20, 3e-20, 2e-20, 2e-20, -1
0.893942, -0.103188, 0.0490804, 0.05, -0.0860985, 0.013431, 0.0211852, 0.089678, 1010.02, 16035.5, 10, 2e-20, 3e-20, 2e-20, 2e-20, -1
0.913817, -0.155038, 0.049772, 0.05, -0.121697, -0.0684548, -0.00516199, 0.139725, 1006.38, 10209.1, 10, 2e-20, 3e-20, 2e-20, 2e-20, -1
0.929259, -0.108381, 0.0892856, 0.05, -0.0136346, 0.0738361, -0.0796643, 0.109472, 1007.76, 12419, 10, 2e-20, 3e-20, 2e-20, 2e-20, -1
0.922211, -0.0473601, 0.0973091, 0.05, -0.0521167, 0.048234, 0.0340923, 0.0787715, 1004.81, 7702.78, 10, 2e-20, 3e-20, 2e-20, 2e-20, -1
0.968323, -0.0252711, 0.170737, 0.05, -0.0385975, -0.0900816, -0.0950296, 0.13651, 1004.92, 7874.51, 10, 2e-20, 3e-20, 2e-20, 2e-20, -1
0.928692, -0.0637202, 0.203972, 0.05, 0.0792171, 0.0347678, 0.0154315, 0.0878765, 1008.3, 13285.1, 10, 2e-20, 3e-20, 2e-20, 2e-20, -1
0.916179, -0.0477194, 0.149272, 0.05, 0.0673447, -0.121911, -0.0177465, 0.140401, 1006.87, 10985.4, 10, 2e-20, 3e-20, 2e-20, 2e-20, -1
0.890038, -0.143729, 0.216342, 0.05, 0.00513594, -0.0397336, -0.0117195, 0.041743, 1008.05, 12881.1, 10, 2e-20, 3e-20, 2e-20, 2e-20, -1
0.884872, -0.0964166, 0.203232, 0.05, 0.00192102, -0.0776611, 0.044354, 0.089455, 1006.77, 10837.9, 10, 2e-20, 3e-20, 2e-20, 2e-20, -1
0.840648, -0.0794084, 0.171023, 0.05, -0.0974394, 0.0403722, -0.0675784, 0.125265, 1006.34, 10141.6, 10, 2e-20, 3e-20, 2e-20, 2e-20, -1
0.883902, -0.0613863, 0.24543, 0.05, -0.0188086, 0.0510012, 0.0844932, 0.100469, 1001.72, 2758.03, 10, 2e-20, 3e-20, 2e-20, 2e-20, -1
0.839026, -0.100329, 0.341969, 0.05, -0.0225568, -0.0203422, 0.00601323, 0.0309641, 1007.98, 12775.7, 10, 2e-20, 3e-20, 2e-20, 2e-20, -1
0.832387, -0.0507864, 0.344534, 0.05, 0.00199259, 0.0422421, 0.0540359, 0.0686166, 1004.15, 6635.32, 10, 2e-20, 3e-20, 2e-20, 2e-20, -1
0.825133, -0.0834883, 0.401103, 0.05, -0.0259635, 0.0959648, 0.00565398, 0.0995757, 1005.74, 9182.07, 10, 2e-20, 3e-20, 2e-20, 2e-20, -1
0.769948, -0.0844078, 0.401767, 0.05, 0.0468941, 0.0104155, -0.00892997, 0.0488599, 1008.45, 13516.7, 10, 2e-20, 3e-20, 2e-20, 2e-20, -1
0.839156, -0.0991363, 0.458971, 0.05, -0.0740132, -0.0542451, 0.00110081, 0.0917698, 1004.76, 7618.18, 10, 2e-20, 3e-20, 2e-20, 2e-20, -1
0.822422, -0.134377, 0.488022, 0.05, 0.0813097, -0.0168715, 0.0215624, 0.0857954, 1003.71, 5928.42, 10, 2e-20, 3e-20, 2e-20, 2e-20, -1
0.82506, -0.0419846, 0.478131, 0.05, -0.125002, -0.0269019, 0.10268, 0.163989, 1004.53, 7251.55, 10, 2e-20, 3e-20, 2e-20, 2e-20, -1
0.85471, -0.0717657, 0.505596, 0.05, -0.0105586, -0.0784322, 0.0715337, 0.106678, 1001.18, 1881.15, 10, 2e-20, 3e-20, 2e-20, 2e-20, -1
0.821484, -0.107218, 0.519289, 0.05, 0.00741682, 0.00740891, -0.0762054, 0.0769231, 1004.65, 7436.74, 10, 2e-20, 3e-20, 2e-20, 2e-20, -1
0.843112, -0.0677508, 0.548332, 0.05, -0.0118811, -0.0468309, -0.0883308, 0.100681, 1002.45, 3920.24, 10, 2e-20, 3e-20, 2e-20, 2e-20, -1
0.806861, -0.101308, 0.56944, 0.05, -0.0824587, 0.0675534, 0.0807669, 0.133739, 1004.11, 6580.57, 10, 2e-20, 3e-20, 2e-20, 2e-20, -1
0.821706, -0.0608152, 0.594941, 0.05, -0.0867766, -0.089882, 0.0836706, 0.150365, 1003.16, 5056.21, 10, 2e-20, 3e-20, 2e-20, 2e-20, -1
0.868506, -0.100254, 0.660674, 0.05, 0.0593301, -0.00414877, 0.0138092, 0.061057, 1003.23, 5168.51, 10, 2e-20, 3e-20, 2e-20, 2e-20, -1
0.804172, -0.0431329, 0.659883, 0.05, 0.0413596, 0.0552283, -0.0113582, 0.069927, 1002.09, 3350.76, 10, 2e-20, 3e-20, 2e-20, 2e-20, -1
0.7988, -0.0980102, 0.618695, 0.05, -0.00180702, -0.00668122, -0.0437735, 0.0443173, 1005.16, 8249.45, 10, 2e-20, 3e-20, 2e-20, 2e-20, -1
0.772245, -0.00604768, 0.636679, 0.05, -0.0852151, -0.0213579, -0.02698, 0.0919004, 1002.62, 4185.62, 10, 2e-20, 3e-20, 2e-20, 2e-20, -1
0.835183, -0.0610154, 0.698361, 0.05, -0.0146766, -0.0500368, 0.114377, 0.125703, 1004.69, 7500.7, 10, 2e-20, 3e-20, 2e-20, 2e-20, -1
0.780747, -0.0465102, 0.703785, 0.05, -0.0472303, -0.0240992, 0.0390188, 0.0658327, 1009.63, 15408.6, 10, 2e-20, 3e-20, 2e-20, 2e-20, -1
0.810179, -0.0315038, 0.75172, 0.05, -0.0154159, -0.108222, 0.0212643, 0.111363, 1002.81, 4501.14, 10, 2e-20, 3e-20, 2e-20, 2e-20, -1
0.823812, 0.0171088, 0.755054, 0.05, -0.054985, -0.0388887, 0.0104674, 0.0681561, 1003.97, 6344.14, 10, 2e-20, 3e-20, 2e-20, 2e-20, -1
0.836371, 0.119146, 0.887501, 0.05, -0.0555305, -0.0312006, -0.0534481, 0.0831493, 1003.73, 5965.18, 10, 2e-20, 3e-20, 2e-20, 2e-20, -1
0.871711, 0.081189, 0.925448, 0.05, -0.0445279, 0.0198195, 0.069255, 0.0846865, 1003.29, 5258.22, 10, 2e-20, 3e-20, 2e-20, 2e-20, -1
0.879602, 0.0632383, 1.02271, 0.05, -0.0445254, -0.0269435, -0.0205993, 0.0559714, 1000.24, 381.851, 10, 2e-20, 3e-20, 2e-20, 2e-20, -1
0.834155, -0.0655892, 1.00079, 0.05, -0.0466635, -0.00673378, 0.00835386, 0.0478812, 1002.73, 4375.37, 10, 2e-20, 3e-20, 2e-20, 2e-20, -1
0.880529, 0.0620234, 1.09562, 0.05, -0.195127, -0.0248233, 0.104367, 0.222673, 1003.41, 5451.69, 10, 2e-20, 3e-20, 2e-20, 2e-20, -1
0.834984, -0.0676219, 1.05338, 0.05, -0.12585, -0.0214631, 0.103899, 0.164602, 1003.14, 5016.98, 10, 2e-20, 3e-20, 2e-20, 2e-20, -1
0.781373, -0.0351131, 0.989248, 0.05, -0.0414512, -0.0743776, -0.0358796, 0.092399, 1002.37, 3790.38, 10, 2e-20, 3e-20, 2e-20, 2e-20, -1
0.809664, -0.105629, 1.03616, 0.05, -0.0643446, -0.0807184, 0.0888893, 0.136224, 998.203, -2875.97, 10, 2e-20, 3e-20, 2e-20, 2e-20, -1
0.799337, -0.034478, 1.02436, 0.05, -0.0434617, -0.0440636, -0.0772641, 0.0989963, 1001.87, 2987.2, 10, 2e-20, 3e-20, 2e-20, 2e-20, -1
0.903742, 0.0466867, 1.15382, 0.05, -0.161137, -0.143098, 0.0118867, 0.215832, 994.286, -9141.66, 10, 2e-20, 3e-20, 2e-20, 2e-20, -1
0.834214, 0.0579983, 1.10623, 0.05, 0.129685, 0.101836, -0.0973354, 0.191476, 1006.52, 10428.5, 10, 2e-20, 3e-20, 2e-20, 2e-20, -1
0.802127, 0.054568, 1.06793, 0.05, -0.01155, -0.051595, -0.0909206, 0.105176, 1000.91, 1451.08, 10, 2e-20, 3e-20, 2e-20, 2e-20, -1
0.639737, 0.0188556, 1.11707, 0.05, -0.0545965, -0.00490035, 0.0516712, 0.0753306, 999.832, -268.247, 10, 2e-20, 3e-20, 2e-20, 2e-20, -1
0.585529, -0.00204956, 1.17178, 0.05, -0.114337, 0.136807, 0.0600578, 0.188138, 1003.07, 4916.33, 10, 2e-20, 3e-20, 2e-20, 2e-20, -1
0.480546, -0.0117473, 1.22503, 0.05, -0.28055, 0.123576, 0.095109, 0.320975, 1002.8, 4473.58, 10, 2e-20, 3e-20, 2e-20, 2e-20, -1
0.571647, 0.0254004, 1.13082, 0.05, -0.111361, 0.0223893, 0.017791, 0.114974, 1002.3, 3677.99, 10, 2e-20, 3e-20, 2e-20, 2e-20, -1
0.532456, 0.0133088, 1.18694, 0.05, -0.259089, -0.00943946, 0.0116888, 0.259524, 999.276, -1158.26, 10, 2e-20, 3e-20, 2e-20, 2e-20, -1
0.434126, 0.017758, 1.31594, 0.05, -0.380636, -0.0225825, 0.155365, 0.411743, 1003.37, 5399.73, 10, 2e-20, 3e-20, 2e-20, 2e-20, -1
0.305154, -0.0117103, 1.38158, 0.05, -0.354789, -0.00909882, 0.28999, 0.458315, 999.495, -807.362, 10, 2e-20, 3e-20, 2e-20, 2e-20, -1
0.0993629, 0.133587, 1.41208, 0.05, -0.116787, -0.170532, 0.26943, 0.339577, 995.236, -7622.12, 10, 2e-20, 3e-20, 2e-20, 2e-20, -1
0.848199, -0.0197533, 0.0529409, 0.05, 0.0795448, -0.0223911, -0.0413888, 0.0924217, 1016.87, 26986.3, 10, 2e-20, 3e-20, 2e-20, 2e-20, -1
0.897165, 0.0599124, 0.0499374, 0.05, -0.0927599, 0.111319, -0.0278828, 0.147559, 1012.85, 20562.5, 10, 2e-20, 3e-20, 2e-20, 2e-20, -1
0.919769, 0.115095, 0.101832, 0.05, -0.0530073, 0.164571, -0.0176403, 0.173794, 1006.38, 10208.8, 10, 2e-20, 3e-20, 2e-20, 2e-20, -1
0.897071, 0.0279152, 0.111261, 0.05, -0.0803698, -0.0125643, -0.0235988, 0.0846998, 1008.62, 13794.6, 10, 2e-20, 3e-20, 2e-20, 2e-20, -1
0.916645, 0.0769391, 0.138647, 0.05, -0.0801536, 0.04373, -0.0667351, 0.113095, 1008.69, 13905.7, 10, 2e-20, 3e-20, 2e-20, 2e-20, -1
0.947162, 0.194656, 0.188936, 0.05, 0.0986248, -0.00293602, 0.0525109, 0.111772, 1003.49, 5576.39, 10, 2e-20, 3e-20, 2e-20, 2e-20, -1
0.910895, -0.0145969, 0.179012, 0.05, -0.00534953, -0.0613336, -0.108115, 0.124415, 1009.31, 14902.3, 10, 2e-20, 3e-20, 2e-20, 2e-20, -1
0.91481, 0.0794474, 0.192191, 0.05, -0.0497502, -0.0151389, -0.0502921, 0.0723434, 1009.55, 15280.4, 10, 2e-20, 3e-20, 2e-20, 2e-20, -1
0.876534, -0.0466672, 0.192371, 0.05, -0.104876, 0.00572254, -0.0623703, 0.122154, 1008.18, 13082.7, 10, 2e-20, 3e-20, 2e-20, 2e-20, -1
0.910669, 0.0342609, 0.252955, 0.05, -0.0571551, 0.106961, -0.0127598, 0.121944, 1004.49, 7185.23, 10, 2e-20, 3e-20, 2e-20, 2e-20, -1
0.877969, -0.013167, 0.275741, 0.05, -0.0478593, -0.0971678, -0.0142625, 0.10925, 1008.26, 13211.8, 10, 2e-20, 3e-20, 2e-20, 2e-20, -1
0.855122, 0.0320249, 0.259187, 0.05, -0.00231397, -0.0872597, -0.0347801, 0.0939642, 1010.02, 16024.1, 10, 2e-20, 3e-20, 2e-20, 2e-20, -1
0.829996, -0.0137591, 0.302494, 0.05, 0.0905604, -0.0185426, -0.119682, 0.151224, 1006.76, 10817.2, 10, 2e-20, 3e-20, 2e-20, 2e-20, -1
0.893469, -0.0453024, 0.413846, 0.05, -0.0925105, 0.00376429, -0.032394, 0.0980904, 1004.92, 7872.22, 10, 2e-20, 3e-20, 2e-20, 2e-20, -1
0.836051, 0.0353071, 0.364235, 0.05, -0.0881797, 0.0344226, 0.0200402, 0.0967584, 1004.8, 7684.72, 10, 2e-20, 3e-20, 2e-20, 2e-20, -1
0.846042, -0.0320161, 0.392126, 0.05, -0.097799, -0.0901116, 0.065767, 0.148358, 1003.45, 5518.64, 10, 2e-20, 3e-20, 2e-20, 2e-20, -1
0.821119, -0.0150086, 0.434569, 0.05, -0.0468338, -0.0387412, -0.12899, 0.142593, 1006.82, 10919.3, 10, 2e-20, 3e-20, 2e-20, 2e-20, -1
0.851736, -0.015582, 0.522925, 0.05, -0.0408569, -0.0334852, -0.0336493, 0.0626324, 1001.52, 2430.31, 10, 2e-20, 3e-20, 2e-20, 2e-20, -1
0.854863, -0.0565554, 0.44366, 0.05, -0.0155791, 0.00159821, -0.13258, 0.133502, 1004.13, 6613.26, 10, 2e-20, 3e-20, 2e-20, 2e-20, -1
0.85815, 0.044857, 0.520077, 0.05, -0.0180788, 0.0139628, 0.0163094, 0.0280678, 1003.01, 4809.05, 10, 2e-20, 3e-20, 2e-20, 2e-20, -1
0.819396, 0.0747616, 0.50378, 0.05, -0.0433681, 0.0792887, 0.0522353, 0.104384, 1007.75, 12397.6, 10, 2e-20, 3e-20, 2e-20, 2e-20, -1
0.807465, 0.0372062, 0.545652, 0.05, -0.00683241, -0.00300179, 0.0100028, 0.0124799, 1005.87, 9393.84, 10, 2e-20, 3e-20, 2e-20, 2e-20, -1
0.889884, 0.0472322, 0.636255, 0.05, 0.0278987, -0.0114142, 0.15795, 0.1608, 998.503, -2395.13, 10, 2e-20, 3e-20, 2e-20, 2e-20, -1
0.815013, -0.0223701, 0.556889, 0.05, -0.0378184, 0.000526338, -0.0606406, 0.0714688, 1002.44, 3897.29, 10, 2e-20, 3e-20, 2e-20, 2e-20, -1
0.836864, -0.0208603, 0.628187, 0.05, -0.0253299, -0.0598142, 0.0271351, 0.0703964, 1001.24, 1991.42, 10, 2e-20, 3e-20, 2e-20, 2e-20, -1
0.812795, 0.0631604, 0.640484, 0.05, -0.149626, -0.0328633, 0.0655134, 0.166613, 1006.89, 11030.7, 10, 2e-20, 3e-20, 2e-20, 2e-20, -1
0.816329, 0.0152633, 0.657943, 0.05, -0.0383343, -0.106467, 0.000277965, 0.113158, 1003.15, 5034.04, 10, 2e-20, 3e-20, 2e-20, 2e-20, -1
0.816551, -0.00324627, 0.70653, 0.05, -0.0448296, -0.0614603, 0.02603, 0.0804029, 1006.52, 10436.9, 10, 2e-20, 3e-20, 2e-20, 2e-20, -1
0.84859, 0.0376453, 0.721212, 0.05, 0.00771119, -0.0311536, 0.0617467, 0.0695892, 1002.74, 4388.72, 10, 2e-20, 3e-20, 2e-20, 2e-20, -1
0.856851, 0.165596, 0.875571, 0.05, 0.0110954, -0.010319, -0.0840511, 0.085406, 1003.07, 4905.22, 10, 2e-20, 3e-20, 2e-20, 2e-20, -1
0.861447, 0.0669079, 0.811205, 0.05, 0.000398943, -0.0754939, 0.0258921, 0.0798116, 1005.81, 9296.97, 10, 2e-20, 3e-20, 2e-20, 2e-20, -1
0.893281, 0.0802611, 0.970036, 0.05, 0.00751963, -0.0641275, -0.0513225, 0.0824796, 1000.29, 471.68, 10, 2e-20, 3e-20, 2e-20, 2e-20, -1
0.883591, 0.12914, 0.907562, 0.05, 0.0912403, -0.075699, 0.0160918, 0.119641, 1003.14, 5031.6, 10, 2e-20, 3e-20, 2e-20, 2e-20, -1
0.910168, 0.0840019, 1.05832, 0.05, 0.0676973, 0.0140334, 0.0246799, 0.0734095, 1006.07, 9718.25, 10, 2e-20, 3e-20, 2e-20, 2e-20, -1
0.851644, 0.0923923, 1.04895, 0.05, -0.0475272, -0.0211096, 0.00264799, 0.0520717, 996.965, -4856.16, 10, 2e-20, 3e-20, 2e-20, 2e-20, -1
0.906287, 0.1029, 1.16635, 0.05, -0.0626814, 0.0022236, -0.122445, 0.137574, 997.296, -4326.31, 10, 2e-20, 3e-20, 2e-20, 2e-20, -1
0.783585, 0.103154, 1.05305, 0.05, -0.0700964, -0.114539, -0.206804, 0.246577, 1002.26, 3608.07, 10, 2e-20, 3e-20, 2e-20, 2e-20, -1
0.849945, 0.0400369, 1.05777, 0.05, -0.0354851, 0.0415556, 0.0329837, 0.0638278, 999.466, -854.325, 10, 2e-20, 3e-20, 2e-20, 2e-20, -1
0.889333, 0.154612, 1.14734, 0.05, 0.0377504, -0.129407, -0.147482, 0.199806, 1001.02, 1630.88, 10, 2e-20, 3e-20, 2e-20, 2e-20, -1
0.80384, 0.156513, 1.02092, 0.05, 0.000246376, 0.0420389, -0.161273, 0.166662, 1003.63, 5808.87, 10, 2e-20, 3e-20, 2e-20, 2e-20, -1
0.778445, 0.13066, 1.09635, 0.05, -0.237602, -0.0108508, -0.141851, 0.276937, 998.921, -1726.03, 10, 2e-20, 3e-20, 2e-20, 2e-20, -1
0.711868, 0.0744186, 1.17852, 0.05, -0.0810255, 0.0954206, -0.214519, 0.248372, 1001.35, 2160.52, 10, 2e-20, 3e-20, 2e-20, 2e-20, -1
0.732816, 0.113845, 1.08612, 0.05, -0.131496, -0.0522836, -0.052074, 0.150786, 1006.33, 10122.4, 10, 2e-20, 3e-20, 2e-20, 2e-20, -1
0.601271, 0.051097, 1.155, 0.05, -0.146883, -0.102239, -0.0505717, 0.18597, 1001.59, 2546.59, 10, 2e-20, 3e-20, 2e-20, 2e-20, -1
0.696668, 0.100323, 1.12678, 0.05, 0.0728562, -0.0302359, -0.0186181, 0.0810486, 1007.95, 12717.4, 10, 2e-20, 3e-20, 2e-20, 2e-20, -1
0.653252, 0.0685506, 1.12117, 0.05, -0.0942282, -0.0419316, -0.109827, 0.150663, 998.31, -2703.88, 10, 2e-20, 3e-20, 2e-20, 2e-20, -1
0.56336, 0.074262, 1.17295, 0.05, -0.00172714, -0.107275, 0.0548487, 0.120496, 1007.13, 11402.9, 10, 2e-20, 3e-20, 2e-20, 2e-20, -1
0.519169, 0.0640209, 1.19701, 0.05, -0.209661, -0.044898, 0.0533287, 0.220947, 996.291, -5934.87, 10, 2e-20, 3e-20, 2e-20, 2e-20, -1
0.448979, 0.0525429, 1.30507, 0.05, -0.244938, 0.0406157, 0.0948484, 0.265783, 1003.3, 5285.24, 10, 2e-20, 3e-20, 2e-20, 2e-20, -1
0.348771, 0.0591917, 1.37033, 0.05, -0.464206, -0.0742865, 0.275232, 0.544755, 1001.58, 2522.66, 10, 2e-20, 3e-20, 2e-20, 2e-20, -1
0.338821, -0.00618008, 1.4068, 0.05, -0.209115, 0.138056, 0.0845287, 0.264449, 998.071, -3086.11, 10, 2e-20, 3e-20, 2e-20, 2e-20, -1
0.891075, 0.119842, 0.0509013, 0.05, -0.0517082, 0.0594015, -0.0287231, 0.0838289, 1012.18, 19489.7, 10, 2e-20, 3e-20, 2e-20, 2e-20, -1
0.880297, 0.179139, 0.0476855, 0.05, -0.0158888, -0.21875, -0.0831588, 0.234562, 1004.79, 7668.42, 10, 2e-20, 3e-20, 2e-20, 2e-20, -1
0.904563, 0.194811, 0.0638337, 0.05, 0.095982, 0.0986551, -0.061041, 0.15057, 1004.24, 6786.92, 10, 2e-20, 3e-20, 2e-20, 2e-20, -1
0.878587, 0.148923, 0.0956889, 0.05, 0.150789, -0.142741, -0.000456608, 0.207635, 1008.02, 12825.9, 10, 2e-20, 3e-20, 2e-20, 2e-20, -1
0.898306, 0.127678, 0.142624, 0.05, -0.0334298, 0.0986681, -0.112051, 0.152998, 1007.51, 12022.4, 10, 2e-20, 3e-20, 2e-20, 2e-20, -1
0.849667, 0.177135, 0.134481, 0.05, 0.0591958, -0.0931189, -0.0114565, 0.110935, 1009.42, 15077.9, 10, 2e-20, 3e-20, 2e-20, 2e-20, -1
0.848794, 0.125427, 0.146085, 0.05, 0.0621454, -0.0548984, -0.0161499, 0.084479, 1008.41, 13458.4, 10, 2e-20, 3e-20, 2e-20, 2e-20, -1
0.872068, 0.0928897, 0.195639, 0.05, 0.0327589, -0.0120638, -0.0894765, 0.0960455, 1007.41, 11856.7, 10, 2e-20, 3e-20, 2e-20, 2e-20, -1
0.875344, 0.0417772, 0.213626, 0.05, 0.0155014, -0.0365327, -0.0338936, 0.0521892, 1009.4, 15040.6, 10, 2e-20, 3e-20, 2e-20, 2e-20, -1
0.830082, 0.081827, 0.240584, 0.05, -0.0410409, -0.0122384, -0.0681282, 0.080471, 1007.79, 12458, 10, 2e-20, 3e-20, 2e-20, 2e-20, -1
0.84337, 0.124581, 0.271279, 0.05, 0.0493404, -0.0991748, 0.00856186, 0.111101, 1008.41, 13449.5, 10, 2e-20, 3e-20, 2e-20, 2e-20, -1
0.785715, 0.0922806, 0.268286, 0.05, -0.0779739, 0.0364016, 0.0111314, 0.0867693, 1006.52, 10439.4, 10, 2e-20, 3e-20, 2e-20, 2e-20, -1
0.844322, 0.07185, 0.29032, 0.05, 0.0581264, -0.00655473, 0.107847, 0.122689, 1005.32, 8514.67, 10, 2e-20, 3e-20, 2e-20, 2e-20, -1
0.83099, 0.0728104, 0.3338, 0.05, -0.016905, -0.000655913, -0.0985925, 0.100033, 1003.58, 5730.51, 10, 2e-20, 3e-20, 2e-20, 2e-20, -1
0.874715, -0.000604978, 0.384411, 0.05, -0.0606101, -0.0838993, 0.0545633, 0.117004, 1007.54, 12057.9, 10, 2e-20, 3e-20, 2e-20, 2e-20, -1
0.826281, 0.150133, 0.400221, 0.05, -0.00218772, -0.0448562, 0.135066, 0.142337, 1007.26, 11615.8, 10, 2e-20, 3e-20, 2e-20, 2e-20, -1
0.842608, 0.0255428, 0.414098, 0.05, 0.00583637, -0.0124228, 0.0126321, 0.0186536, 1005.69, 9106.36, 10, 2e-20, 3e-20, 2e-20, 2e-20, -1
0.821882, 0.128517, 0.443767, 0.05, -0.0713504, 0.00569362, -0.0152592, 0.0731856, 1001.94, 3108.88, 10, 2e-20, 3e-20, 2e-20, 2e-20, -1
0.857323, 0.101186, 0.476111, 0.05, -0.0326258, 0.0121149, 0.0819351, 0.0890201, 1005.74, 9179.47, 10, 2e-20, 3e-20, 2e-20, 2e-20, -1
0.834911, 0.209946, 0.50044, 0.05, -0.0589319, 0.0221767, -0.0884132, 0.108543, 1011.69, 18703, 10, 2e-20, 3e-20, 2e-20, 2e-20, -1
0.846719, 0.157699, 0.469935, 0.05, -0.0406623, -0.0669896, -0.0750793, 0.108526, 1004.92, 7866.99, 10, 2e-20, 3e-20, 2e-20, 2e-20, -1
0.867701, 0.237119, 0.56755, 0.05, -0.0166471, -0.0148597, -0.061586, 0.065504, 1008.63, 13805.6, 10, 2e-20, 3e-20, 2e-20, 2e-20, -1
0.901626, 0.0399389, 0.583338, 0.05, -0.0574463, 0.0214415, 0.0468438, 0.0771632, 1009.7, 15524.4, 10, 2e-20, 3e-20, 2e-20, 2e-20, -1
0.998674, 0.112346, 0.845596, 0.05, -0.0384256, -0.124818, 0.111058, 0.171435, 1008.83, 14134.8, 10, 2e-20, 3e-20, 2e-20, 2e-20, -1
0.859877, 0.0492064, 0.675798, 0.05, 0.0213868, -0.0440773, 0.0150445, 0.0512498, 1005.79, 9260.91, 10, 2e-20, 3e-20, 2e-20, 2e-20, -1
0.905914, 0.0858583, 0.654204, 0.05, -0.0515275, 0.0749446, 0.0928426, 0.129967, 1003.13, 5014.15, 10, 2e-20, 3e-20, 2e-20, 2e-20, -1
0.889134, 0.116891, 0.693732, 0.05, 0.0737824, -0.064405, 0.00196966, 0.0979578, 1003.74, 5982.2, 10, 2e-20, 3e-20, 2e-20, 2e-20, -1
0.887746, 0.0768121, 0.719185, 0.05, 0.0398185, -0.0577923, -0.0688163, 0.0982911, 1007.25, 11595.5, 10, 2e-20, 3e-20, 2e-20, 2e-20, -1
0.86733, 0.090418, 0.764165, 0.05, -0.0864358, -0.0666529, 0.000945628, 0.109154, 1004.14, 6630.32, 10, 2e-20, 3e-20, 2e-20, 2e-20, -1
0.820796, 0.0718058, 0.744837, 0.05, -0.138018, -0.107972, 0.0334865, 0.178404, 1003.34, 5338.78, 10, 2e-20, 3e-20, 2e-20, 2e-20, -1
0.836617, 0.205926, 0.848228, 0.05, 0.0171305, -0.0764025, -0.0109212, 0.0790574, 1005.45, 8716.61, 10, 2e-20, 3e-20, 2e-20, 2e-20, -1
0.859228, 0.16216, 0.986945, 0.05, -0.000380715, -0.0479815, -0.0625517, 0.0788358, 1003.75, 5996.19, 10, 2e-20, 3e-20, 2e-20, 2e-20, -1
0.794046, 0.156257, 0.870951, 0.05, -0.0790565, -0.10116, 0.0468166, 0.136657, 1001.26, 2020.31, 10, 2e-20, 3e-20, 2e-20, 2e-20, -1
0.92406, 0.209651, 1.01278, 0.05, 0.0672917, 0.0207163, -0.0627492, 0.0943123, 1002.01, 3219.62, 10, 2e-20, 3e-20, 2e-20, 2e-20, -1
0.785136, 0.143161, 0.925816, 0.05, -0.117657, -0.138946, -0.21369, 0.280736, 1000.77, 1224.62, 10, 2e-20, 3e-20, 2e-20, 2e-20, -1
0.827779, 0.20047, 0.965957, 0.05, -0.112848, 0.0497599, -0.0303404, 0.127009, 1002.76, 4416.66, 10, 2e-20, 3e-20, 2e-20, 2e-20, -1
0.772511, 0.144824, 0.980856, 0.05, -0.106094, -0.0151194, -0.10834, 0.152388, 997.494, -4009.47, 10, 2e-20, 3e-20, 2e-20, 2e-20, -1
0.828537, 0.203287, 1.00975, 0.05, -0.0821918, -0.00158221, -0.14391, 0.165735, 1001.16, 1863.65, 10, 2e-20, 3e-20, 2e-20, 2e-20, -1
0.776593, 0.194249, 0.991289, 0.05, 0.104791, 0.0105986, -0.147123, 0.180939, 1005.04, 8062.36, 10, 2e-20, 3e-20, 2e-20, 2e-20, -1
0.733835, 0.206094, 1.00005, 0.05, -0.0189715, -0.0716034, -0.114954, 0.136753, 1001.36, 2180.95, 10, 2e-20, 3e-20, 2e-20, 2e-20, -1
0.758309, 0.178123, 1.03328, 0.05, 0.0061314, -0.0896284, -0.189764, 0.209955, 1002.56, 4092.54, 10, 2e-20, 3e-20, 2e-20, 2e-20, -1
0.682387, 0.19633, 1.09101, 0.05, -0.12222, -0.0196542, -0.145998, 0.191414, 1000.35, 565.468, 10, 2e-20, 3e-20, 2e-20, 2e-20, -1
0.645964, 0.154113, 1.1064, 0.05, -0.173357, -0.127104, -0.122539, 0.247435, 998.777, -1956.01, 10, 2e-20, 3e-20, 2e-20, 2e-20, -1
0.714468, 0.158613, 1.11012, 0.05, 0.0199869, -0.0517748, -0.120691, 0.13284, 999.057, -1508.43, 10, 2e-20, 3e-20, 2e-20, 2e-20, -1
0.694128, 0.13445, 1.17651, 0.05, 0.00800344, -0.170282, -0.202955, 0.265048, 1004.73, 7575.82, 10, 2e-20, 3e-20, 2e-20, 2e-20, -1
0.633371, 0.137495, 1.21489, 0.05, -0.0887497, -0.0524563, -0.097719, 0.142046, 998.208, -2866.98, 10, 2e-20, 3e-20, 2e-20, 2e-20, -1
0.57671, 0.12539, 1.20378, 0.05, 0.025124, 0.124361, 0.0456825, 0.134847, 1002.45, 3922.48, 10, 2e-20, 3e-20, 2e-20, 2e-20, -1
0.507253, 0.109698, 1.2214, 0.05, -0.17556, -0.00394013, 0.0567894, 0.184559, 994.862, -8220.99, 10, 2e-20, 3e-20, 2e-20, 2e-20, -1
0.381596, 0.120437, 1.32908, 0.05, -0.258963, -0.0670892, 0.0446396, 0.271211, 999.858, -227.578, 10, 2e-20, 3e-20, 2e-20, 2e-20, -1
0.27534, 0.114579, 1.39106, 0.05, -0.134449, 0.0418987, 0.237487, 0.276102, 997.948, -3283.1, 10, 2e-20, 3e-20, 2e-20, 2e-20, -1
0.216748, 0.157679, 1.41214, 0.05, -0.252381, -0.187849, 0.27148, 0.415554, 1003.73, 5960.25, 10, 2e-20, 3e-20, 2e-20, 2e-20, -1
0.831776, 0.218888, 0.0522095, 0.05, 0.0693873, 0.0338488, 0.0062149, 0.077453, 1014.2, 22722.7, 10, 2e-20, 3e-20, 2e-20, 2e-20, -1
0.847512, 0.294345, 0.0476655, 0.05, 0.0377178, -0.000777089, 0.0240675, 0.0447491, 1008.61, 13780.7, 10, 2e-20, 3e-20, 2e-20, 2e-20, -1
0.879491, 0.328595, 0.0809836, 0.05, 0.0537396, 0.0158995, 0.0182206, 0.0589299, 1008.27, 13226.9, 10, 2e-20, 3e-20, 2e-20, 2e-20, -1
0.894227, 0.355931, 0.0451205, 0.05, 0.0757649, -0.0165553, -0.0832519, 0.113777, 1012.65, 20238.7, 10, 2e-20, 3e-20, 2e-20, 2e-20, -1
0.884585, 0.244494, 0.110784, 0.05, 0.0130199, -0.0178118, -0.120805, 0.122803, 1007.85, 12562.3, 10, 2e-20, 3e-20, 2e-20, 2e-20, -1
0.862051, 0.260807, 0.152355, 0.05, 0.0268038, 0.0061694, -0.00125189, 0.0275331, 1010.5, 16803.4, 10, 2e-20, 3e-20, 2e-20, 2e-20, -1
0.864877, 0.208314, 0.174079, 0.05, 0.00126472, -0.0522506, 0.0219487, 0.0566875, 1009.59, 15348.8, 10, 2e-20, 3e-20, 2e-20, 2e-20, -1
0.863057, 0.155768, 0.183365, 0.05, 0.0606255, -0.0908574, -0.0447332, 0.118032, 1005.37, 8588.1, 10, 2e-20, 3e-20, 2e-20, 2e-20, -1
0.911381, 0.191111, 0.220431, 0.05, -0.0256449, 0.0231168, 0.0276993, 0.044264, 1005.87, 9390.95, 10, 2e-20, 3e-20, 2e-20, 2e-20, -1
0.858764, 0.131822, 0.223463, 0.05, 0.0373212, 0.00465358, -0.0562858, 0.0676951, 1005.21, 8332.51, 10, 2e-20, 3e-20, 2e-20, 2e-20, -1
0.882285, 0.212721, 0.309865, 0.05, 0.0550019, -0.0558572, 0.0463916, 0.0910902, 999.938, -98.4873, 10, 2e-20, 3e-20, 2e-20, 2e-20, -1
0.805126, 0.152178, 0.290428, 0.05, -0.152623, -0.0941186, 0.0413504, 0.184016, 1003.85, 6163.17, 10, 2e-20, 3e-20, 2e-20, 2e-20, -1
0.843167, 0.195934, 0.293256, 0.05, 0.00798611, 0.0665498, 0.0352938, 0.0757516, 1004.28, 6851.51, 10, 2e-20, 3e-20, 2e-20, 2e-20, -1
0.835368, 0.12221, 0.358197, 0.05, 0.0792792, 0.00134319, -0.0780752, 0.111278, 1009.14, 14625.1, 10, 2e-20, 3e-20, 2e-20, 2e-20, -1
0.84611, 0.189533, 0.368893, 0.05, -0.0432229, -0.05496, -0.0692599, 0.0984162, 1008.14, 13022, 10, 2e-20, 3e-20, 2e-20, 2e-20, -1
0.87399, 0.315249, 0.423628, 0.05, -0.0102508, -0.105789, 0.0194251, 0.108045, 1001.2, 1924.2, 10, 2e-20, 3e-20, 2e-20, 2e-20, -1
0.880427, 0.239302, 0.459548, 0.05, -0.0393513, 0.0418546, -0.0492703, 0.0756828, 1004.24, 6789.56, 10, 2e-20, 3e-20, 2e-20, 2e-20, -1
0.850961, 0.270743, 0.43541, 0.05, 0.0307836, -0.0750644, -0.132193, 0.155104, 1003.76, 6009.66, 10, 2e-20, 3e-20, 2e-20, 2e-20, -1
0.82734, 0.223134, 0.451477, 0.05, -0.00322217, 0.0339695, -0.0214206, 0.0402884, 1007.49, 11979.3, 10, 2e-20, 3e-20, 2e-20, 2e-20, -1
0.862761, 0.308603, 0.533976, 0.05, 0.0633625, -0.0220546, -0.0892436, 0.11165, 1002.03, 3241.08, 10, 2e-20, 3e-20, 2e-20, 2e-20, -1
0.906154, 0.233636, 0.612893, 0.05, -0.0164618, -0.0205332, -0.00259703, 0.0264452, 1003.39, 5418.49, 10, 2e-20, 3e-20, 2e-20, 2e-20, -1
0.865501, 0.259287, 0.517931, 0.05, -0.0446263, 0.0427627, -0.0681209, 0.0919816, 1009.2, 14726.4, 10, 2e-20, 3e-20, 2e-20, 2e-20, -1
0.910486, 0.251836, 0.660847, 0.05, -0.0283161, 0.0136669, -0.0058562, 0.0319825, 1000.54, 861.382, 10, 2e-20, 3e-20, 2e-20, 2e-20, -1
0.89105, 0.165396, 0.623744, 0.05, -0.112647, -0.0431312, 0.064218, 0.136651, 1006.53, 10441.1, 10, 2e-20, 3e-20, 2e-20, 2e-20, -1
0.949946, 0.147486, 0.69868, 0.05, 0.0417291, 0.0220613, -0.037289, 0.0601539, 1005.52, 8835.51, 10, 2e-20, 3e-20, 2e-20, 2e-20, -1
0.894507, 0.194653, 0.651604, 0.05, -0.0479175, 0.044436, 0.0181123, 0.0678137, 1005.17, 8274.51, 10, 2e-20, 3e-20, 2e-20, 2e-20, -1
0.868311, 0.170427, 0.685867, 0.05, 0.039306, 0.00123832, -0.122835, 0.128976, 1002.58, 4132.28, 10, 2e-20, 3e-20, 2e-20, 2e-20, -1
0.847843, 0.276002, 0.739179, 0.05, -0.011859, -0.0421904, 0.0684714, 0.0812958, 1002.26, 3610.68, 10, 2e-20, 3e-20, 2e-20, 2e-20, -1
0.873423, 0.245751, 0.725485, 0.05, 0.00431501, -0.0993378, -0.0657888, 0.119226, 1002.71, 4336.85, 10, 2e-20, 3e-20, 2e-20, 2e-20, -1
0.865355, 0.320148, 0.816826, 0.05, 0.00245109, -0.102909, -0.0978875, 0.14205, 1003.73, 5968.69, 10, 2e-20, 3e-20, 2e-20, 2e-20, -1
0.874652, 0.244588, 0.782524, 0.05, 0.0399314, 0.0373356, -0.0305247, 0.0626117, 1003.56, 5692.91, 10, 2e-20, 3e-20, 2e-20, 2e-20, -1
0.900955, 0.302766, 0.928604, 0.05, 0.00777682, 0.0343709, -0.0336967, 0.0487577, 1004.74, 7577.18, 10, 2e-20, 3e-20, 2e-20, 2e-20, -1
0.905661, 0.253783, 0.9677, 0.05, 0.0229466, -0.0278827, 0.0185116, 0.0405792, 1000.46, 742.985, 10, 2e-20, 3e-20, 2e-20, 2e-20, -1
0.877367, 0.334064, 0.992915, 0.05, 0.0651518, 0.0218044, -0.179233, 0.19195, 1001.66, 2652.12, 10, 2e-20, 3e-20, 2e-20, 2e-20, -1
0.875588, 0.243685, 1.01281, 0.05, 0.130989, 0.0500185, -0.0592023, 0.152201, 1005.13, 8204.05, 10, 2e-20, 3e-20, 2e-20, 2e-20, -1
0.911002, 0.405186, 1.08692, 0.05, -0.0611792, 0.0518036, -0.185211, 0.201816, 1002.66, 4258.53, 10, 2e-20, 3e-20, 2e-20, 2e-20, -1
0.935893, 0.147097, 1.11138, 0.05, 0.0342759, -0.0924034, 0.0572353, 0.11397, 1011.01, 17608.3, 10, 2e-20, 3e-20, 2e-20, 2e-20, -1
0.834342, 0.278943, 0.993141, 0.05, -0.0425985, -0.106297, -0.255895, 0.28035, 1005.25, 8400.35, 10, 2e-20, 3e-20, 2e-20, 2e-20, -1
0.859207, 0.234051, 1.05767, 0.05, -0.00235944, -0.0660683, -0.0788529, 0.1029, 1006.37, 10193.5, 10, 2e-20, 3e-20, 2e-20, 2e-20, -1
0.81465, 0.240363, 1.03778, 0.05, -0.0336082, -0.161647, -0.172771, 0.238975, 996.068, -6290.93, 10, 2e-20, 3e-20, 2e-20, 2e-20, -1
0.725449, 0.219809, 1.03626, 0.05, -0.119901, -0.0820422, -0.0942757, 0.173191, 1005.11, 8181.67, 10, 2e-20, 3e-20, 2e-20, 2e-20, -1
0.748348, 0.198765, 1.13435, 0.05, -0.0892225, -0.0490403, -0.238662, 0.259471, 996.518, -5571.38, 10, 2e-20, 3e-20, 2e-20, 2e-20, -1
0.814267, 0.1886, 1.05231, 0.05, -0.0493681, 0.0785254, -0.15929, 0.184328, 1002.94, 4698.59, 10, 2e-20, 3e-20, 2e-20, 2e-20, -1
0.691728, 0.177498, 1.1413, 0.05, -0.0790322, 0.0304797, -0.188921, 0.207042, 998.591, -2255.16, 10, 2e-20, 3e-20, 2e-20, 2e-20, -1
0.631058, 0.184706, 1.14547, 0.05, -0.289315, -0.0860557, -0.139224, 0.332404, 997.056, -4710.35, 10, 2e-20, 3e-20, 2e-20, 2e-20, -1
0.626035, 0.149931, 1.18607, 0.05, -0.111956, -0.0846501, -0.0807594, 0.161932, 994.091, -9454.95, 10, 2e-20, 3e-20, 2e-20, 2e-20, -1
0.61047, 0.192554, 1.19123, 0.05, -0.262301, 0.0460001, -0.139667, 0.300707, 996.596, -5446.5, 10, 2e-20, 3e-20, 2e-20, 2e-20, -1
0.564544, 0.169058, 1.22704, 0.05, -0.0234354, 0.00207977, -0.112959, 0.115383, 1001.63, 2602.59, 10, 2e-20, 3e-20, 2e-20, 2e-20, -1
0.504995, 0.172088, 1.27355, 0.05, -0.164668, 0.0181587, 0.0254423, 0.167609, 1000.14, 219.256, 10, 2e-20, 3e-20, 2e-20, 2e-20, -1
0.352418, 0.128277, 1.3786, 0.05, -0.373453, -0.000260684, 0.167167, 0.40916, 1001.91, 3059.21, 10, 2e-20, 3e-20, 2e-20, 2e-20, -1
0.211156, 0.146199, 1.40297, 0.05, -0.0878269, -0.233127, 0.262618, 0.36198, 997.8, -3519.99, 10, 2e-20, 3e-20, 2e-20, 2e-20, -1
0.815673, 0.386885, 0.0541964, 0.05, -0.0422586, 0.0279553, 0.0241193, 0.0561162, 1019.64, 31420.7, 10, 2e-20, 3e-20, 2e-20, 2e-20, -1
0.853197, 0.459603, 0.0496533, 0.05, 0.00157467, 0.00326275, -0.104892, 0.104955, 1010.8, 17282.7, 10, 2e-20, 3e-20, 2e-20, 2e-20, -1
0.881908, 0.470808, 0.167805, 0.05, 0.128726, -0.0324882, -0.0534619, 0.143123, 1008, 12803.1, 10, 2e-20, 3e-20, 2e-20, 2e-20, -1
0.852107, 0.500011, 0.0985563, 0.05, 0.10157, 0.0234224, -0.0401554, 0.111703, 1009.05, 14484, 10, 2e-20, 3e-20, 2e-20, 2e-20, -1
0.864392, 0.397658, 0.105249, 0.05, 0.0551754, -0.0520654, 0.0759648, 0.107358, 1014.96, 23932.9, 10, 2e-20, 3e-20, 2e-20, 2e-20, -1
0.867791, 0.285804, 0.094463, 0.05, 0.157097, -0.00547732, 0.0321098, 0.160438, 1006.12, 9793.03, 10, 2e-20, 3e-20, 2e-20, 2e-20, -1
0.897167, 0.278186, 0.179506, 0.05, 0.0355027, 0.149286, 0.0913928, 0.178604, 1006.8, 10872.9, 10, 2e-20, 3e-20, 2e-20, 2e-20, -1
0.865521, 0.261836, 0.210818, 0.05, 0.119259, -0.0366695, 0.0574544, 0.137362, 1009.94, 15909.4, 10, 2e-20, 3e-20, 2e-20, 2e-20, -1
0.884624, 0.299339, 0.291847, 0.05, -0.0400332, -0.0384819, -0.0317314, 0.0639562, 1007.29, 11659.6, 10, 2e-20, 3e-20, 2e-20, 2e-20, -1
0.862902, 0.252451, 0.283103, 0.05, -0.0482803, -0.00667262, 0.0628075, 0.0795003, 1009.92, 15865.6, 10, 2e-20, 3e-20, 2e-20, 2e-20, -1
0.864344, 0.349775, 0.298536, 0.05, -0.0531683, 0.0382935, 0.0272341, 0.0709574, 1004.65, 7440.57, 10, 2e-20, 3e-20, 2e-20, 2e-20, -1
0.876555, 0.266195, 0.330612, 0.05, 0.00921928, -0.0260978, -0.0364146, 0.0457397, 1003.83, 6133.53, 10, 2e-20, 3e-20, 2e-20, 2e-20, -1
0.836505, 0.358817, 0.332958, 0.05, -0.00832021, 0.057973, 0.0467561, 0.0749415, 1003.53, 5643.42, 10, 2e-20, 3e-20, 2e-20, 2e-20, -1
0.834777, 0.226695, 0.326218, 0.05, -0.022366, 0.0550109, -0.0237064, 0.0639409, 1007.16, 11453.1, 10, 2e-20, 3e-20, 2e-20, 2e-20, -1
0.863212, 0.315696, 0.331875, 0.05, -0.0166457, -0.0618479, 0.0318034, 0.0715101, 1005, 7997.03, 10, 2e-20, 3e-20, 2e-20, 2e-20, -1
0.827972, 0.278373, 0.315696, 0.05, 0.0344213, -0.112412, -0.0524968, 0.128752, 1006.05, 9676.9, 10, 2e-20, 3e-20, 2e-20, 2e-20, -1
0.839274, 0.390318, 0.493716, 0.05, -0.00203773, 0.110906, 0.000279063, 0.110925, 1006.97, 11158.5, 10, 2e-20, 3e-20, 2e-20, 2e-20, -1
0.808097, 0.348563, 0.452515, 0.05, -0.0990046, 0.0553337, -0.0428763, 0.121252, 1003.64, 5817.92, 10, 2e-20, 3e-20, 2e-20, 2e-20, -1
0.81408, 0.300481, 0.440385, 0.05, 0.0173636, 0.0422603, -0.0207877, 0.0501951, 1004.84, 7749.68, 10, 2e-20, 3e-20, 2e-20, 2e-20, -1
0.825558, 0.321761, 0.486757, 0.05, -0.0211069, 0.073244, -0.0867351, 0.115469, 1005.95, 9523.08, 10, 2e-20, 3e-20, 2e-20, 2e-20, -1
0.821112, 0.26704, 0.479994, 0.05, 0.012305, -0.0341867, -0.0495442, 0.0614392, 1004.45, 7113.51, 10, 2e-20, 3e-20, 2e-20, 2e-20, -1
0.815755, 0.31174, 0.52981, 0.05, -0.114705, 0.0566822, 0.00632635, 0.128102, 1007.21, 11542.2, 10, 2e-20, 3e-20, 2e-20, 2e-20, -1
0.83412, 0.276283, 0.556158, 0.05, -0.0023266, -0.0467595, -0.0760082, 0.0892699, 1005.21, 8332.14, 10, 2e-20, 3e-20, 2e-20, 2e-20, -1
0.82034, 0.260065, 0.63466, 0.05, -0.0296788, -0.0407328, -0.0546803, 0.0743635, 1009.26, 14824, 10, 2e-20, 3e-20, 2e-20, 2e-20, -1
0.839209, 0.264198, 0.683494, 0.05, 0.0309182, -0.0912307, -0.0666294, 0.117126, 1002.74, 4385.33, 10, 2e-20, 3e-20, 2e-20, 2e-20, -1
0.833465, 0.199464, 0.650287, 0.05, 0.00945152, -0.086304, -0.0104599, 0.0874478, 1007.5, 11995.6, 10, 2e-20, 3e-20, 2e-20, 2e-20, -1
0.840861, 0.310305, 0.704542, 0.05, 0.0650597, -0.0196369, -0.127633, 0.144598, 1005.41, 8656.53, 10, 2e-20, 3e-20, 2e-20, 2e-20, -1
0.799872, 0.231245, 0.670801, 0.05, -0.107143, -0.0871185, -0.00138703, 0.138098, 1001.9, 3038.72, 10, 2e-20, 3e-20, 2e-20, 2e-20, -1
0.793757, 0.33629, 0.710306, 0.05, -0.0741033, -0.000290733, 0.0883649, 0.115324, 1003.67, 5869.33, 10, 2e-20, 3e-20, 2e-20, 2e-20, -1
0.816034, 0.324261, 0.786439, 0.05, 0.123649, -0.109025, -0.192111, 0.253145, 1002.78, 4444.85, 10, 2e-20, 3e-20, 2e-20, 2e-20, -1
0.864228, 0.201923, 0.750527, 0.05, 0.00949875, -0.101141, -0.00195174, 0.101605, 1005.68, 9091.77, 10, 2e-20, 3e-20, 2e-20, 2e-20, -1
0.832528, 0.290945, 0.840413, 0.05, -0.0577941, 0.0139145, -0.214953, 0.223021, 1001.94, 3097.72, 10, 2e-20, 3e-20, 2e-20, 2e-20, -1
0.906507, 0.458554, 1.08551, 0.05, -0.225238, 0.10695, -0.077832, 0.261206, 998.195, -2888.34, 10, 2e-20, 3e-20, 2e-20, 2e-20, -1
0.824182, 0.364788, 0.91238, 0.05, 0.0420409, -0.0118598, -0.1496, 0.155847, 999.63, -592.367, 10, 2e-20, 3e-20, 2e-20, 2e-20, -1
0.830925, 0.336506, 0.957234, 0.05, 0.0645188, 0.0860941, -0.126304, 0.165914, 1003.97, 6346.89, 10, 2e-20, 3e-20, 2e-20, 2e-20, -1
0.87612, 0.213166, 0.991888, 0.05, 0.0559226, -0.0666124, -0.105231, 0.136521, 999.346, -1046.6, 10, 2e-20, 3e-20, 2e-20, 2e-20, -1
0.86508, 0.296201, 0.940586, 0.05, 0.0616071, -0.0186684, -0.0601443, 0.0880981, 1004.5, 7197.41, 10, 2e-20, 3e-20, 2e-20, 2e-20, -1
0.883672, 0.197803, 1.03086, 0.05, 0.0369792, -0.121531, -0.0462778, 0.135199, 1001.71, 2729.15, 10, 2e-20, 3e-20, 2e-20, 2e-20, -1
0.729518, 0.30627, 0.903927, 0.05, -0.0778765, 0.0130709, -0.200462, 0.215454, 999.608, -627.959, 10, 2e-20, 3e-20, 2e-20, 2e-20, -1
0.783775, 0.335245, 0.925133, 0.05, -0.0708132, 0.0228549, -0.220004, 0.232247, 1004.56, 7290.44, 10, 2e-20, 3e-20, 2e-20, 2e-20, -1
0.596766, 0.310009, 1.05521, 0.05, -0.0314759, -0.00868117, -0.11509, 0.119632, 1003.05, 4887.53, 10, 2e-20, 3e-20, 2e-20, 2e-20, -1
0.688139, 0.241136, 1.10794, 0.05, -0.169541, -0.00436315, -0.144907, 0.223072, 1000.11, 174.509, 10, 2e-20, 3e-20, 2e-20, 2e-20, -1
0.610829, 0.282696, 1.09563, 0.05, -0.0301573, -0.00997467, -0.190531, 0.19316, 1004.2, 6715.53, 10, 2e-20, 3e-20, 2e-20, 2e-20, -1
0.63646, 0.235711, 1.11711, 0.05, -0.0291043, 0.0999471, -0.0965165, 0.141957, 1000.59, 939.052, 10, 2e-20, 3e-20, 2e-20, 2e-20, -1
0.546687, 0.279242, 1.12157, 0.05, -0.180423, -0.10045, -0.166521, 0.265277, 1001.58, 2533.13, 10, 2e-20, 3e-20, 2e-20, 2e-20, -1
0.588129, 0.237949, 1.1216, 0.05, -0.23233, -0.0687601, -0.0637989, 0.25055, 1001.66, 2652.86, 10, 2e-20, 3e-20, 2e-20, 2e-20, -1
0.603215, 0.24401, 1.07238, 0.05, -0.166315, -0.0569583, -0.1316, 0.219598, 1001.2, 1914.63, 10, 2e-20, 3e-20, 2e-20, 2e-20, -1
0.494088, 0.20396, 1.23799, 0.05, -0.250515, 0.00488377, 0.0667953, 0.259313, 997.69, -3696.33, 10, 2e-20, 3e-20, 2e-20, 2e-20, -1
0.391332, 0.168099, 1.32943, 0.05, -0.193439, -0.0701104, 0.00139474, 0.205757, 999.332, -1068.7, 10, 2e-20, 3e-20, 2e-20, 2e-20, -1
0.238343, 0.178918, 1.35238, 0.05, -0.212108, -0.0831999, 0.101449, 0.249407, 1001.07, 1714.03, 10, 2e-20, 3e-20, 2e-20, 2e-20, -1
0.17279, 0.2799, 1.42697, 0.05, -0.0265432, -0.0423796, 0.00419816, 0.0501816, 997.482, -4029.3, 10, 2e-20, 3e-20, 2e-20, 2e-20, -1
0.822408, 0.499732, 0.172574, 0.05, 0.0234486, -0.0613139, -0.0724507, 0.0977667, 1013.42, 21465, 10, 2e-20, 3e-20, 2e-20, 2e-20, -1
0.811887, 0.497337, 0.0557509, 0.05, 0.0196737, -0.061756, -0.0977758, 0.117307, 1016.67, 26666.7, 10, 2e-20, 3e-20, 2e-20, 2e-20, -1
0.836849, 0.4685, 0.135291, 0.05, 0.077348, -0.104071, 0.0413921, 0.136113, 1007.44, 11899.8, 10, 2e-20, 3e-20, 2e-20, 2e-20, -1
0.881805, 0.447226, 0.223437, 0.05, 0.115871, 0.00404609, 0.104609, 0.156159, 1012.44, 19901.4, 10, 2e-20, 3e-20, 2e-20, 2e-20, -1
0.787609, 0.442948, 0.11853, 0.05, 0.119511, -0.0869129, -0.0324123, 0.151285, 1007.19, 11504.3, 10, 2e-20, 3e-20, 2e-20, 2e-20, -1
0.815458, 0.388912, 0.119665, 0.05, 0.050084, 0.00377278, 0.0156273, 0.0526009, 1007.7, 12324.3, 10, 2e-20, 3e-20, 2e-20, 2e-20, -1
0.845245, 0.3491, 0.106815, 0.05, 0.0775331, -0.00187694, 0.0929234, 0.121036, 1008.8, 14075.6, 10, 2e-20, 3e-20, 2e-20, 2e-20, -1
0.834233, 0.320542, 0.205526, 0.05, -0.00764392, 0.0522311, 0.0432059, 0.0682148, 1006.74, 10791.9, 10, 2e-20, 3e-20, 2e-20, 2e-20, -1
0.818666, 0.370842, 0.206513, 0.05, -0.0209033, -0.118794, -0.0150808, 0.121558, 1009.27, 14825.1, 10, 2e-20, 3e-20, 2e-20, 2e-20, -1
0.841966, 0.339933, 0.2521, 0.05, 0.0711626, 0.00174504, -0.0631565, 0.0951625, 1002.89, 4618, 10, 2e-20, 3e-20, 2e-20, 2e-20, -1
0.807587, 0.430619, 0.362273, 0.05, 0.049484, 0.00157254, 0.0318726, 0.0588813, 1003.96, 6329.25, 10, 2e-20, 3e-20, 2e-20, 2e-20, -1
0.815427, 0.381977, 0.292062, 0.05, -0.0719933, -0.0718436, 0.0150339, 0.102813, 1006.15, 9839.49, 10, 2e-20, 3e-20, 2e-20, 2e-20, -1
0.794471, 0.389989, 0.3383, 0.05, 0.102681, -0.123604, -0.0779009, 0.178578, 1002.53, 4055.75, 10, 2e-20, 3e-20, 2e-20, 2e-20, -1
0.769461, 0.35258, 0.306991, 0.05, -0.0632522, 0.067717, -0.0291279, 0.0971333, 1005.34, 8541.79, 10, 2e-20, 3e-20, 2e-20, 2e-20, -1
0.786024, 0.382774, 0.40977, 0.05, 0.0285162, -0.0631107, -0.0701503, 0.0985758, 1007.14, 11422.2, 10, 2e-20, 3e-20, 2e-20, 2e-20, -1
0.850728, 0.362357, 0.426521, 0.05, -0.0648796, -0.0364236, -0.0188067, 0.0767446, 1016.11, 25776.4, 10, 2e-20, 3e-20, 2e-20, 2e-20, -1
0.80343, 0.333907, 0.398987, 0.05, 0.0153883, 0.0186184, -0.0172762, 0.0296971, 1008.51, 13617, 10, 2e-20, 3e-20, 2e-20, 2e-20, -1
0.756462, 0.34185, 0.430442, 0.05, 0.0492935, 0.00205056, -0.0405316, 0.0638503, 1005.5, 8807.92, 10, 2e-20, 3e-20, 2e-20, 2e-20, -1
0.764246, 0.327502, 0.478875, 0.05, 0.0409774, 0.0678596, -0.0865523, 0.117368, 1004, 6400.33, 10, 2e-20, 3e-20, 2e-20, 2e-20, -1
0.793433, 0.354126, 0.56219, 0.05, -0.0488743, 0.0546936, -0.0940269, 0.119252, 1006.12, 9793.82, 10, 2e-20, 3e-20, 2e-20, 2e-20, -1
0.766136, 0.323168, 0.535188, 0.05, 0.00211092, 0.0474803, 0.0142492, 0.0496173, 1003.09, 4937.49, 10, 2e-20, 3e-20, 2e-20, 2e-20, -1
0.762175, 0.284631, 0.596276, 0.05, -0.0301818, -0.0512348, -0.0578644, 0.0829713, 1003.88, 6200.1, 10, 2e-20, 3e-20, 2e-20, 2e-20, -1
0.792421, 0.348755, 0.609666, 0.05, 0.0408908, 0.0335735, -0.0703889, 0.0880559, 1002.73, 4371.82, 10, 2e-20, 3e-20, 2e-20, 2e-20, -1
0.743815, 0.333121, 0.609099, 0.05, -0.021625, 0.00955716, -0.0209464, 0.0315869, 1005.6, 8956.99, 10, 2e-20, 3e-20, 2e-20, 2e-20, -1
0.799309, 0.292665, 0.674216, 0.05, -0.0461303, -0.0233158, -0.00544467, 0.0519738, 1006.46, 10336.3, 10, 2e-20, 3e-20, 2e-20, 2e-20, -1
0.764398, 0.43624, 0.822218, 0.05, -0.0297612, -0.0128743, 0.071336, 0.0783601, 1002.91, 4650.82, 10, 2e-20, 3e-20, 2e-20, 2e-20, -1
0.786457, 0.377995, 0.735849, 0.05, -0.0468333, -0.076518, 0.0144381, 0.090867, 1006.54, 10470.2, 10, 2e-20, 3e-20, 2e-20, 2e-20, -1
0.77295, 0.398001, 0.778285, 0.05, 0.0194401, 0.123509, -0.165825, 0.207679, 1001.5, 2406.61, 10, 2e-20, 3e-20, 2e-20, 2e-20, -1
0.769586, 0.33367, 0.667179, 0.05, -0.0827213, -0.00566389, -0.0457925, 0.0947198, 1000.16, 261.496, 10, 2e-20, 3e-20, 2e-20, 2e-20, -1
0.819628, 0.346192, 0.829604, 0.05, 0.0673887, -0.0742866, -0.0387467, 0.107522, 1006.7, 10723.2, 10, 2e-20, 3e-20, 2e-20, 2e-20, -1
0.774968, 0.351123, 0.801854, 0.05, -0.0253748, 0.0213142, -0.317492, 0.319217, 1001.21, 1928.28, 10, 2e-20, 3e-20, 2e-20, 2e-20, -1
0.81499, 0.389466, 0.94486, 0.05, 0.0914649, 0.0656066, -0.0883118, 0.14307, 1004.85, 7767.71, 10, 2e-20, 3e-20, 2e-20, 2e-20, -1
0.696035, 0.362862, 0.855009, 0.05, -0.0124313, 0.0483672, -0.18019, 0.186982, 998.788, -1938.86, 10, 2e-20, 3e-20, 2e-20, 2e-20, -1
0.852634, 0.328412, 0.863796, 0.05, -0.0646016, -0.01022, -0.123088, 0.139386, 1000.33, 531.877, 10, 2e-20, 3e-20, 2e-20, 2e-20, -1
0.743021, 0.35925, 0.89987, 0.05, 0.00974524, -0.168025, -0.211113, 0.269993, 1005.13, 8206.06, 10, 2e-20, 3e-20, 2e-20, 2e-20, -1
0.811644, 0.352537, 0.879613, 0.05, -0.0767552, -0.111606, -0.189279, 0.232752, 1000.78, 1247.99, 10, 2e-20, 3e-20, 2e-20, 2e-20, -1
0.760937, 0.386627, 0.941343, 0.05, -0.0230324, -0.0276891, -0.116262, 0.121713, 1004.86, 7771.82, 10, 2e-20, 3e-20, 2e-20, 2e-20, -1
0.71444, 0.380803, 0.954515, 0.05, -0.0884571, -0.060554, -0.203813, 0.230285, 1006, 9595.34, 10, 2e-20, 3e-20, 2e-20, 2e-20, -1
0.747882, 0.276978, 0.985807, 0.05, 0.0600393, 0.0203022, -0.0960489, 0.115075, 1003.59, 5736.34, 10, 2e-20, 3e-20, 2e-20, 2e-20, -1
0.684441, 0.32814, 0.976952, 0.05, -0.0599937, 0.0401337, -0.281476, 0.290584, 1004.25, 6792.87, 10, 2e-20, 3e-20, 2e-20, 2e-20, -1
0.651803, 0.321589, 1.02043, 0.05, -0.00929121, 0.0867904, -0.122786, 0.15065, 1000.96, 1540.34, 10, 2e-20, 3e-20, 2e-20, 2e-20, -1
0.600757, 0.363423, 1.04564, 0.05, -0.131912, 0.05213, -0.165782, 0.218179, 998.737, -2021.48, 10, 2e-20, 3e-20, 2e-20, 2e-20, -1
0.565725, 0.431689, 1.17458, 0.05, -0.202105, 0.0145867, -0.139822, 0.24619, 1000.89, 1416.18, 10, 2e-20, 3e-20, 2e-20, 2e-20, -1
0.536628, 0.327347, 1.14939, 0.05, -0.111445, 0.0783126, -0.0673108, 0.151933, 996.979, -4833.84, 10, 2e-20, 3e-20, 2e-20, 2e-20, -1
0.583403, 0.37127, 1.24859, 0.05, -0.131677, 0.0274275, -0.0819819, 0.157519, 1000.24, 378.737, 10, 2e-20, 3e-20, 2e-20, 2e-20, -1
0.486264, 0.325179, 1.17833, 0.05, -0.191737, 0.0305006, -0.0630869, 0.20414, 1000.62, 996.918, 10, 2e-20, 3e-20, 2e-20, 2e-20, -1
0.525419, 0.318724, 1.2236, 0.05, -0.211508, 0.0108895, -0.150493, 0.259812, 1001.66, 2656.33, 10, 2e-20, 3e-20, 2e-20, 2e-20, -1
0.529914, 0.25012, 1.1599, 0.05, -0.201306, -0.0471157, -0.0987411, 0.229116, 1002.82, 4512.07, 10, 2e-20, 3e-20, 2e-20, 2e-20, -1
0.454935, 0.227316, 1.21542, 0.05, -0.164585, 0.0933377, 0.053444, 0.196612, 998.39, -2576.24, 10, 2e-20, 3e-20, 2e-20, 2e-20, -1
0.373742, 0.180772, 1.27735, 0.05, -0.122831, -0.138286, 0.0218764, 0.18625, 1000.4, 636.173, 10, 2e-20, 3e-20, 2e-20, 2e-20, -1
0.258268, 0.149258, 1.39503, 0.05, -0.152432, -0.104967, 0.195494, 0.269206, 998.73, -2032.41, 10, 2e-20, 3e-20, 2e-20, 2e-20, -1
0.748007, 0.498753, 0.126064, 0.05, -0.0868897, -0.0358444, -0.0237782, 0.0969538, 1009.75, 15593.8, 10, 2e-20, 3e-20, 2e-20, 2e-20, -1
0.834029, 0.458064, 0.198777, 0.05, -0.0121084, -0.0353693, -0.092602, 0.0998636, 1006.53, 10447, 10, 2e-20, 3e-20, 2e-20, 2e-20, -1
0.83068, 0.436275, 0.245662, 0.05, 0.0212391, 0.0456576, 0.0484342, 0.0698683, 1005.16, 8249.01, 10, 2e-20, 3e-20, 2e-20, 2e-20, -1
0.768822, 0.45495, 0.279885, 0.05, 0.0663375, -0.0959504, -0.0234092, 0.118975, 1001.57, 2518.81, 10, 2e-20, 3e-20, 2e-20, 2e-20, -1
0.802968, 0.438954, 0.163734, 0.05, 0.0995767, -0.0208226, 0.0146179, 0.102775, 1004.41, 7057.3, 10, 2e-20, 3e-20, 2e-20, 2e-20, -1
0.781065, 0.400253, 0.199249, 0.05, 0.0578309, 0.0267133, 0.00569523, 0.0639567, 1008.27, 13231.7, 10, 2e-20, 3e-20, 2e-20, 2e-20, -1
0.851536, 0.374886, 0.161516, 0.05, -0.0530587, -0.0133167, -0.0582537, 0.0799128, 1009.43, 15087.4, 10, 2e-20, 3e-20, 2e-20, 2e-20, -1
0.792645, 0.36852, 0.249043, 0.05, 0.0380234, -0.0240274, -0.0608318, 0.0756544, 1016.62, 26590, 10, 2e-20, 3e-20, 2e-20, 2e-20, -1
0.766242, 0.406362, 0.293483, 0.05, 0.0614982, -0.121842, -0.110946, 0.175888, 1007.43, 11884.6, 10, 2e-20, 3e-20, 2e-20, 2e-20, -1
0.746236, 0.427745, 0.473642, 0.05, -0.0657523, -0.0144788, -0.040506, 0.0785731, 1006.14, 9831.38, 10, 2e-20, 3e-20, 2e-20, 2e-20, -1
0.749631, 0.459539, 0.337679, 0.05, -0.104554, 0.0526343, -0.0557398, 0.129649, 1007.07, 11317.6, 10, 2e-20, 3e-20, 2e-20, 2e-20, -1
0.747905, 0.441086, 0.519993, 0.05, -0.0272602, 0.0292659, -0.0947325, 0.102829, 1010.19, 16305.5, 10, 2e-20, 3e-20, 2e-20, 2e-20, -1
0.721804, 0.383055, 0.298789, 0.05, -0.0258855, -0.147081, -0.096147, 0.177615, 1011.43, 18281.3, 10, 2e-20, 3e-20, 2e-20, 2e-20, -1
0.761643, 0.419581, 0.372265, 0.05, -0.0133493, 0.142207, 0.000352053, 0.142833, 1004.47, 7149.17, 10, 2e-20, 3e-20, 2e-20, 2e-20, -1
0.816028, 0.397361, 0.458323, 0.05, -0.0118298, -0.000465271, -0.0609451, 0.0620844, 1004.04, 6470.81, 10, 2e-20, 3e-20, 2e-20, 2e-20, -1
0.781825, 0.444141, 0.615725, 0.05, -0.0148929, 0.00610733, -0.0198737, 0.0255746, 1004.97, 7950.54, 10, 2e-20, 3e-20, 2e-20, 2e-20, -1
0.766168, 0.387297, 0.456245, 0.05, 0.0182324, 0.00188025, -0.117931, 0.119347, 1006.67, 10673.8, 10, 2e-20, 3e-20, 2e-20, 2e-20, -1
0.840895, 0.49689, 0.711041, 0.05, 0.039465, 0.0662607, 0.0612671, 0.0984968, 1002.38, 3801.87, 10, 2e-20, 3e-20, 2e-20, 2e-20, -1
0.767997, 0.395018, 0.544168, 0.05, 0.0223445, -0.0967231, 0.0370801, 0.10597, 1007.19, 11501.9, 10, 2e-20, 3e-20, 2e-20, 2e-20, -1
0.744921, 0.426229, 0.598678, 0.05, 0.0605452, 0.0430943, -0.0642956, 0.0982688, 1002.09, 3348.16, 10, 2e-20, 3e-20, 2e-20, 2e-20, -1
0.718506, 0.387325, 0.539977, 0.05, -0.00100058, 0.0485874, 0.00758672, 0.0491864, 1007.62, 12190.5, 10, 2e-20, 3e-20, 2e-20, 2e-20, -1
0.742203, 0.372477, 0.577573, 0.05, 0.0124322, 0.0431736, -0.117338, 0.125645, 1006.61, 10576.5, 10, 2e-20, 3e-20, 2e-20, 2e-20, -1
0.769689, 0.430519, 0.732165, 0.05, 0.0180393, -0.0305376, -0.134574, 0.139169, 1002.93, 4686.9, 10, 2e-20, 3e-20, 2e-20, 2e-20, -1
0.727152, 0.32469, 0.56362, 0.05, 0.0556391, 0.0214954, -0.077699, 0.0979536, 1004.4, 7033.08, 10, 2e-20, 3e-20, 2e-20, 2e-20, -1
0.791871, 0.397293, 0.694981, 0.05, -0.0269071, 0.0597388, 0.0310496, 0.0725038, 1007.42, 11872, 10, 2e-20, 3e-20, 2e-20, 2e-20, -1
0.713538, 0.465678, 0.831445, 0.05, -0.058679, -0.0611422, 0.0966119, 0.128512, 1004.61, 7380.82, 10, 2e-20, 3e-20, 2e-20, 2e-20, -1
0.745896, 0.450076, 0.865389, 0.05, -0.0452266, -0.0134874, 0.0119236, 0.0486778, 1004.62, 7393.08, 10, 2e-20, 3e-20, 2e-20, 2e-20, -1
0.699162, 0.38357, 0.898821, 0.05, 0.0958178, 0.00871939, -0.118119, 0.152346, 1002.7, 4320.2, 10, 2e-20, 3e-20, 2e-20, 2e-20, -1
0.780192, 0.364202, 0.860447, 0.05, -0.00533492, -0.144321, -0.032592, 0.148051, 1009.58, 15324.5, 10, 2e-20, 3e-20, 2e-20, 2e-20, -1
0.762351, 0.338632, 0.749671, 0.05, 0.0398555, 0.0240994, -0.145674, 0.152939, 1001.92, 3074.82, 10, 2e-20, 3e-20, 2e-20, 2e-20, -1
0.786175, 0.39631, 0.827757, 0.05, 0.0984187, 0.0286067, -0.120266, 0.158014, 1002.26, 3615.97, 10, 2e-20, 3e-20, 2e-20, 2e-20, -1
0.716055, 0.445629, 0.991216, 0.05, -0.0306392, -0.0423915, -0.0831285, 0.0982148, 1001.47, 2347.11, 10, 2e-20, 3e-20, 2e-20, 2e-20, -1
0.579324, 0.455159, 0.974668, 0.05, 0.0458624, 0.0109082, 0.0825466, 0.0950594, 1005, 7996.99, 10, 2e-20, 3e-20, 2e-20, 2e-20, -1
0.597289, 0.447575, 1.06761, 0.05, -0.149196, 0.0306756, -0.168527, 0.22716, 1002.81, 4502.3, 10, 2e-20, 3e-20, 2e-20, 2e-20, -1
0.647455, 0.395506, 0.903434, 0.05, 0.0120883, 0.14495, -0.115164, 0.185525, 1005.5, 8801.25, 10, 2e-20, 3e-20, 2e-20, 2e-20, -1
0.621144, 0.433525, 1.15037, 0.05, -0.0431162, 0.00529431, -0.150142, 0.1563, 998.521, -2365.83, 10, 2e-20, 3e-20, 2e-20, 2e-20, -1
0.59531, 0.407897, 0.922086, 0.05, -0.0354623, 0.0892949, -0.245581, 0.263707, 1000.65, 1032.48, 10, 2e-20, 3e-20, 2e-20, 2e-20, -1
0.629615, 0.433084, 1.07089, 0.05, -0.0525766, 0.14068, -0.156723, 0.217065, 1002.17, 3472.53, 10, 2e-20, 3e-20, 2e-20, 2e-20, -1
0.730647, 0.380167, 1.17651, 0.05, -0.0897362, -0.0775201, -0.238272, 0.266149, 1001.96, 3132.91, 10, 2e-20, 3e-20, 2e-20, 2e-20, -1
0.63711, 0.395681, 0.942852, 0.05, -0.10223, 0.0137788, -0.154837, 0.186052, 1003.56, 5689.14, 10, 2e-20, 3e-20, 2e-20, 2e-20, -1
0.645201, 0.485258, 1.25964, 0.05, 0.246945, -0.0699391, -0.0918446, 0.272596, 1003.45, 5512.47, 10, 2e-20, 3e-20, 2e-20, 2e-20, -1
0.598768, 0.408008, 1.02107, 0.05, -0.159863, 0.107142, -0.153771, 0.246335, 1002.06, 3291.43, 10, 2e-20, 3e-20, 2e-20, 2e-20, -1
0.689566, 0.510106, 1.26321, 0.05, -0.0863815, -0.0361426, -0.103907, 0.139874, 999.027, -1557.45, 10, 2e-20, 3e-20, 2e-20, 2e-20, -1
0.572945, 0.43993, 1.18478, 0.05, -0.200633, -0.0133284, 0.00268366, 0.201093, 1001.55, 2486.24, 10, 2e-20, 3e-20, 2e-20, 2e-20, -1
0.636878, 0.425778, 1.26361, 0.05, -0.100088, -0.0774191, -0.200153, 0.236797, 1000.31, 498.577, 10, 2e-20, 3e-20, 2e-20, 2e-20, -1
0.560016, 0.335381, 1.27237, 0.05, -0.200485, -0.045915, -0.115664, 0.235967, 998.952, -1676.17, 10, 2e-20, 3e-20, 2e-20, 2e-20, -1
0.40336, 0.334267, 1.17531, 0.05, -0.178221, 0.0560193, -0.0346448, 0.190003, 999.718, -451.363, 10, 2e-20, 3e-20, 2e-20, 2e-20, -1
0.40427, 0.274256, 1.17272, 0.05, -0.124688, -0.0299984, -0.0560574, 0.139962, 999.265, -1175.47, 10, 2e-20, 3e-20, 2e-20, 2e-20, -1
0.416779, 0.279194, 1.21125, 0.05, -0.226484, 0.0215504, -0.105035, 0.250583, 1002.91, 4649.39, 10, 2e-20, 3e-20, 2e-20, 2e-20, -1
0.490067, 0.29845, 1.13489, 0.05, -0.202705, -0.0896984, -0.0251617, 0.223088, 1003.78, 6050.93, 10, 2e-20, 3e-20, 2e-20, 2e-20, -1
0.179476, 0.254791, 1.3111, 0.05, -0.14726, -0.0111023, 0.00359287, 0.147721, 997.445, -4088.67, 10, 2e-20, 3e-20, 2e-20, 2e-20, -1
0.871929, 0.498476, 0.267208, 0.05, 0.163105, -0.0735206, -0.0180149, 0.179814, 1013.15, 21040, 10, 2e-20, 3e-20, 2e-20, 2e-20, -1
0.765779, 0.493927, 0.183138, 0.05, -0.0314551, 0.01749, -0.0997405, 0.106035, 1024.27, 38837.3, 10, 2e-20, 3e-20, 2e-20, 2e-20, -1
0.80584, 0.497673, 0.296644, 0.05, -0.00949321, -0.0725343, 0.0988104, 0.122942, 1017.72, 28346.7, 10, 2e-20, 3e-20, 2e-20, 2e-20, -1
-0.690476, -0.452248, 1.43914, 0.05, -0.0242021, -0.219076, 0.0838236, 0.23581, 997.276, -4358.83, 10, 2e-20, 3e-20, 2e-20, 2e-20, -1
0.837355, 0.0795065, 1.33702, 0.05, -0.324933, 0.0438378, -0.222426, 0.396202, 994.476, -8837.9, 10, 2e-20, 3e-20, 2e-20, 2e-20, -1
-0.169807, -0.260416, 1.45072, 0.05, 0.055386, -0.066199, 0.333004, 0.344008, 995.613, -7019.28, 10, 2e-20, 3e-20, 2e-20, 2e-20, -1
0.78388, 0.46243, 0.449759, 0.05, -0.0485609, 0.0883662, 0.0182916, 0.102476, 1003.78, 6047.62, 10, 2e-20, 3e-20, 2e-20, 2e-20, -1
0.829617, 0.493347, 0.612021, 0.05, -0.0687322, -0.015175, 0.111905, 0.132201, 1005.77, 9224.67, 10, 2e-20, 3e-20, 2e-20, 2e-20, -1
0.878749, 0.500189, 0.863902, 0.05, -0.0677832, 0.0441047, 0.207285, 0.222501, 1008.88, 14207.1, 10, 2e-20, 3e-20, 2e-20, 2e-20, -1
0.790456, 0.0424468, 1.34048, 0.05, -0.126735, -0.111108, -0.13448, 0.215619, 998.551, -2318.48, 10, 2e-20, 3e-20, 2e-20, 2e-20, -1
0.621638, -0.0780322, 1.35361, 0.05, -0.131065, 0.0442147, 0.0103732, 0.138711, 998.697, -2084.88, 10, 2e-20, 3e-20, 2e-20, 2e-20, -1
0.797941, 0.493817, 0.784007, 0.05, 0.104211, 0.00631321, 0.0555647, 0.118268, 1013.46, 21530.6, 10, 2e-20, 3e-20, 2e-20, 2e-20, -1
0.70887, 0.401587, 1.22297, 0.05, -0.171752, -0.150606, -0.311788, 0.386514, 1003.1, 4960.02, 10, 2e-20, 3e-20, 2e-20, 2e-20, -1
0.763162, 0.481657, 0.644571, 0.05, 0.0543218, 0.0504899, -0.106702, 0.129944, 1000.39, 616.157, 10, 2e-20, 3e-20, 2e-20, 2e-20, -1
0.870265, 0.498574, 0.66409, 0.05, -0.0338422, -0.0412416, 0.0804322, 0.0965168, 1010.33, 16524.8, 10, 2e-20, 3e-20, 2e-20, 2e-20, -1
0.848687, 0.123915, 1.34856, 0.05, -0.374433, -0.0656003, -0.248454, 0.454129, 1000.24, 380.674, 10, 2e-20, 3e-20, 2e-20, 2e-20, -1
0.761645, 0.498163, 0.698313, 0.05, 0.0516125, 0.0151803, -0.0064335, 0.0541819, 1012.45, 19915.3, 10, 2e-20, 3e-20, 2e-20, 2e-20, -1
0.781067, 0.497032, 1.00349, 0.05, -0.119485, 0.00484229, -0.0543766, 0.131366, 1004.26, 6808.88, 10, 2e-20, 3e-20, 2e-20, 2e-20, -1
0.90511, -0.36436, 1.33376, 0.05, -0.277902, 0.0951352, -0.388922, 0.487381, 1003.63, 5812.96, 10, 2e-20, 3e-20, 2e-20, 2e-20, -1
0.804425, 0.462159, 0.71475, 0.05, -0.000241044, 0.0767358, -0.120722, 0.143046, 1004.04, 6459.8, 10, 2e-20, 3e-20, 2e-20, 2e-20, -1
-0.315623, -0.435065, 1.43139, 0.05, 0.368619, -0.183934, 0.49249, 0.642073, 1001.7, 2724.18, 10, 2e-20, 3e-20, 2e-20, 2e-20, -1
0.746705, 0.496335, 0.959812, 0.05, 0.0019912, -0.0542046, -0.0146147, 0.0561756, 1004.68, 7481.06, 10, 2e-20, 3e-20, 2e-20, 2e-20, -1
0.658229, 0.461032, 0.986291, 0.05, 0.00466214, 0.0130306, -0.100832, 0.101777, 1001.1, 1765.04, 10, 2e-20, 3e-20, 2e-20, 2e-20, -1
0.640054, -0.481925, 1.41457, 0.05, 0.203301, -0.0298321, -0.339191, 0.396575, 998.465, -2456.79, 10, 2e-20, 3e-20, 2e-20, 2e-20, -1
0.669776, 0.453047, 0.918648, 0.05, -0.105854, 0.0284513, -0.12377, 0.165329, 1005.79, 9261.61, 10, 2e-20, 3e-20, 2e-20, 2e-20, -1
0.821242, 0.463897, 1.27299, 0.05, -0.134094, -0.284125, -0.0257086, 0.315229, 999.639, -577.154, 10, 2e-20, 3e-20, 2e-20, 2e-20, -1
0.749939, 0.490457, 1.09596, 0.05, 0.0364059, -0.00344864, 0.136935, 0.141734, 1002.45, 3927.24, 10, 2e-20, 3e-20, 2e-20, 2e-20, -1
0.623463, 0.447419, 0.952097, 0.05, 0.0398724, 0.0585876, -0.209433, 0.221099, 1004.38, 7002.81, 10, 2e-20, 3e-20, 2e-20, 2e-20, -1
0.707103, 0.480419, 1.1923, 0.05, -0.0645376, 0.193705, -0.0716836, 0.216391, 1006.06, 9698.91, 10, 2e-20, 3e-20, 2e-20, 2e-20, -1
0.622239, 0.494618, 1.06322, 0.05, -0.0127722, 0.0333496, -0.00824434, 0.0366509, 999.761, -382.775, 10, 2e-20, 3e-20, 2e-20, 2e-20, -1
0.598146, 0.49463, 1.24581, 0.05, -0.134769, -0.0285959, 0.0128535, 0.138368, 1003.03, 4853.18, 10, 2e-20, 3e-20, 2e-20, 2e-20, -1
0.673466, 0.452199, 1.0902, 0.05, -0.105896, -0.117365, -0.0595066, 0.168907, 1005.98, 9571.51, 10, 2e-20, 3e-20, 2e-20, 2e-20, -1
0.505366, 0.470867, 1.18772, 0.05, -0.0979358, -0.0966116, 0.027259, 0.140244, 999.586, -661.873, 10, 2e-20, 3e-20, 2e-20, 2e-20, -1
0.915882, -0.352159, 1.2082, 0.05, 0.036373, 0.0567749, -0.0679438, 0.0957222, 1000.77, 1224.43, 10, 2e-20, 3e-20, 2e-20, 2e-20, -1
0.560005, 0.450999, 1.24542, 0.05, -0.184345, -0.084484, -0.0125627, 0.203171, 999.167, -1333.11, 10, 2e-20, 3e-20, 2e-20, 2e-20, -1
0.590351, 0.383297, 1.15094, 0.05, -0.19912, -0.0288995, -0.229516, 0.305224, 1001.39, 2224.35, 10, 2e-20, 3e-20, 2e-20, 2e-20, -1
0.247686, -0.335928, 1.47149, 0.05, -0.274447, -0.10202, 0.176061, 0.341653, 998.431, -2510.22, 10, 2e-20, 3e-20, 2e-20, 2e-20, -1
0.695021, 0.321639, 1.06033, 0.05, -0.186739, 0.0917178, -0.252556, 0.327213, 998.532, -2349.17, 10, 2e-20, 3e-20, 2e-20, 2e-20, -1
0.388682, -0.498134, 1.69279, 0.05, 0.0394791, 0.00282328, -1.18778, 1.18844, 1000.08, 134.527, 10, 2e-20, 3e-20, 2e-20, 2e-20, -1
0.575995, 0.418073, 1.27491, 0.05, -0.0830834, -0.0403722, -0.0135566, 0.0933625, 997.227, -4436.4, 10, 2e-20, 3e-20, 2e-20, 2e-20, -1
0.690149, 0.409347, 1.28878, 0.05, -0.257971, -0.153386, -0.232641, 0.379735, 1001.93, 3080.47, 10, 2e-20, 3e-20, 2e-20, 2e-20, -1
0.615706, -0.510801, 3.18813, 0.05, -0.000461741, -0.0103736, -0.592292, 0.592383, 999.978, -35.5196, 10, 2e-20, 3e-20, 2e-20, 2e-20, -1
0.347029, 0.281777, 1.36637, 0.05, -0.146546, -0.0057174, -0.14595, 0.206906, 1001.75, 2805.24, 10, 2e-20, 3e-20, 2e-20, 2e-20, -1
0.716319, 0.38092, 1.12885, 0.05, -0.142446, -0.0297727, -0.134001, 0.197822, 998.101, -3037.66, 10, 2e-20, 3e-20, 2e-20, 2e-20, -1
0.433576, 0.0929044, 1.38354, 0.05, -0.216326, 0.0141918, -0.0963507, 0.237238, 995.52, -7168.41, 10, 2e-20, 3e-20, 2e-20, 2e-20, -1
0.356461, 0.29506, 1.24648, 0.05, -0.217315, 0.0422217, -0.0307841, 0.223508, 1001.23, 1960.7, 10, 2e-20, 3e-20, 2e-20, 2e-20, -1
0.788442, 0.299355, 1.25607, 0.05, -0.119736, -0.198623, -0.198835, 0.305489, 1005.22, 8354.51, 10, 2e-20, 3e-20, 2e-20, 2e-20, -1
0.411393, 0.315041, 1.34271, 0.05, -0.218829, -0.0969887, -0.136228, 0.275411, 1001.47, 2357.65, 10, 2e-20, 3e-20, 2e-20, 2e-20, -1
0.616084, 0.318399, 1.24813, 0.05, -0.252711, -0.00659967, -0.265942, 0.366921, 998.484, -2424.84, 10, 2e-20, 3e-20, 2e-20, 2e-20, -1
0.597927, 0.32443, 1.2192, 0.05, -0.11738, -0.0484155, -0.0873107, 0.154095, 999.746, -405.687, 10, 2e-20, 3e-20, 2e-20, 2e-20, -1
0.46809, 0.263075, 1.40445, 0.05, -0.195018, -0.133994, 0.0620788, 0.244623, 1000.32, 507.531, 10, 2e-20, 3e-20, 2e-20, 2e-20, -1
0.8905, -0.495345, 0.292147, 0.05, 0.0814933, 0.000647187, 0.144958, 0.166296, 1015.3, 24480.4, 10, 2e-20, 3e-20, 2e-20, 2e-20, -1
0.831155, -0.493123, 0.318537, 0.05, 0.0822214, -0.0214912, 0.2026, 0.219702, 1005.91, 9449.87, 10, 2e-20, 3e-20, 2e-20, 2e-20, -1
0.939959, -0.492009, 0.448574, 0.05, -0.00491915, 0.0198157, 0.211444, 0.212428, 1016.04, 25659.6, 10, 2e-20, 3e-20, 2e-20, 2e-20, -1
0.892119, -0.493946, 0.405233, 0.05, 0.070791, -0.0790336, 0.189987, 0.217607, 1011.41, 18257.9, 10, 2e-20, 3e-20, 2e-20, 2e-20, -1
0.840896, -0.498217, 0.543482, 0.05, 0.0221929, -0.00100773, 0.115989, 0.118097, 1005.09, 8146.47, 10, 2e-20, 3e-20, 2e-20, 2e-20, -1
0.920048, -0.49964, 0.63098, 0.05, 0.0928817, 0.0401675, 0.187513, 0.213076, 1006.87, 10988.4, 10, 2e-20, 3e-20, 2e-20, 2e-20, -1
0.892497, -0.494187, 0.479781, 0.05, -0.0229551, 0.080007, 0.194539, 0.211598, 1010.93, 17493.8, 10, 2e-20, 3e-20, 2e-20, 2e-20, -1
0.896203, -0.440898, 0.577027, 0.05, -0.0497214, 0.0310213, 0.0753638, 0.0954685, 1001.46, 2335.25, 10, 2e-20, 3e-20, 2e-20, 2e-20, -1
0.856242, -0.442079, 0.531821, 0.05, -0.00302442, 0.0393136, 0.137264, 0.142815, 1000.82, 1312.15, 10, 2e-20, 3e-20, 2e-20, 2e-20, -1
0.934146, -0.466841, 0.617685, 0.05, 0.0365442, -0.00372426, 0.11667, 0.122316, 1002.24, 3588, 10, 2e-20, 3e-20, 2e-20, 2e-20, -1
0.863809, -0.473723, 0.501187, 0.05, 0.0712591, -0.122365, 0.0325372, 0.145292, 1012.6, 20160.7, 10, 2e-20, 3e-20, 2e-20, 2e-20, -1
0.902094, -0.432187, 0.524355, 0.05, -0.0790828, 0.0661982, -0.0332508, 0.10836, 1004.79, 7667.12, 10, 2e-20, 3e-20, 2e-20, 2e-20, -1
0.887582, -0.44535, 0.793809, 0.05, -0.0767906, 0.0611536, 0.15249, 0.181355, 1003.17, 5077.67, 10, 2e-20, 3e-20, 2e-20, 2e-20, -1
0.834453, -0.470805, 0.639217, 0.05, -0.0911446, -0.0546644, 0.0971918, 0.14402, 1004.93, 7884.02, 10, 2e-20, 3e-20, 2e-20, 2e-20, -1
0.963508, -0.40943, 0.84203, 0.05, -0.0118538, -0.0395869, 0.156003, 0.161383, 999.528, -754.594, 10, 2e-20, 3e-20, 2e-20, 2e-20, -1
0.838271, -0.462973, 0.784039, 0.05, -0.0281414, 0.126222, 0.0931275, 0.159363, 1000.35, 553.563, 10, 2e-20, 3e-20, 2e-20, 2e-20, -1
0.826391, -0.499092, 0.892349, 0.05, 0.0375465, 0.0880269, 0.0831719, 0.126791, 998.868, -1810.81, 10, 2e-20, 3e-20, 2e-20, 2e-20, -1
0.85706, -0.495083, 0.973422, 0.05, -0.0833143, 0.0250532, 0.156734, 0.179261, 1003.75, 5998.66, 10, 2e-20, 3e-20, 2e-20, 2e-20, -1
0.754377, -0.457397, 0.738173, 0.05, -0.0874408, -0.0166233, 0.226468, 0.243331, 1002.37, 3788.83, 10, 2e-20, 3e-20, 2e-20, 2e-20, -1
0.875634, -0.452535, 0.855364, 0.05, 0.00487799, 0.0598267, 0.0267475, 0.065715, 999.962, -60.6211, 10, 2e-20, 3e-20, 2e-20, 2e-20, -1
0.932057, -0.496733, 1.06737, 0.05, -0.0152702, -0.119597, 0.0882494, 0.149414, 1005.36, 8568.32, 10, 2e-20, 3e-20, 2e-20, 2e-20, -1
0.866287, -0.497854, 1.19246, 0.05, -0.0334573, -0.0649399, 0.0718098, 0.102436, 1002.52, 4035.88, 10, 2e-20, 3e-20, 2e-20, 2e-20, -1
0.775025, -0.50013, 0.916018, 0.05, -0.083923, 0.0220421, 0.0533557, 0.101861, 1002.6, 4158.37, 10, 2e-20, 3e-20, 2e-20, 2e-20, -1
0.709272, -0.496979, 1.13579, 0.05, -0.112401, 0.0565095, 0.262129, 0.290756, 1003.14, 5019.03, 10, 2e-20, 3e-20, 2e-20, 2e-20, -1
0.85058, -0.480372, 1.13592, 0.05, -0.00451769, -0.0612924, 0.155463, 0.167171, 1002.03, 3243.34, 10, 2e-20, 3e-20, 2e-20, 2e-20, -1
0.860753, -0.497582, 1.33068, 0.05, -0.283503, 0.141456, 0.233849, 0.393788, 994.574, -8681.55, 10, 2e-20, 3e-20, 2e-20, 2e-20, -1
0.858234, -0.390081, 1.29918, 0.05, -0.201295, -0.135406, -0.147831, 0.284092, 1003.42, 5478.48, 10, 2e-20, 3e-20, 2e-20, 2e-20, -1
0.792304, -0.478149, 1.35598, 0.05, -0.320336, -0.248685, 0.190186, 0.447918, 1004.69, 7507.38, 10, 2e-20, 3e-20, 2e-20, 2e-20, -1
0.864207, -0.364477, 1.35345, 0.05, -0.227485, 0.109299, -0.16588, 0.302013, 1002.57, 4111.51, 10, 2e-20, 3e-20, 2e-20, 2e-20, -1
0.740459, -0.477692, 1.41301, 0.05, 0.277707, 0.223222, 0.389596, 0.527952, 998.344, -2649.18, 10, 2e-20, 3e-20, 2e-20, 2e-20, -1
0.905853, -0.484078, 1.37612, 0.05, -0.0131702, 0.0303647, -0.0273875, 0.0429598, 1007.97, 12748.5, 10, 2e-20, 3e-20, 2e-20, 2e-20, -1
0.782029, -0.446915, 1.25202, 0.05, -0.0557733, -0.0607799, 0.0265708, 0.0866652, 1004.09, 6543.58, 10, 2e-20, 3e-20, 2e-20, 2e-20, -1
0.605612, -0.465557, 1.22485, 0.05, -0.131037, 0.0939114, 0.214168, 0.268063, 1000.72, 1159.01, 10, 2e-20, 3e-20, 2e-20, 2e-20, -1
0.587535, -0.294015, 1.3167, 0.05, -0.346114, 0.0688276, 0.0781021, 0.36143, 997.817, -3493.57, 10, 2e-20, 3e-20, 2e-20, 2e-20, -1
0.675486, -0.47913, 1.23962, 0.05, 0.0737522, 0.0246574, 0.147235, 0.16651, 994.912, -8140.87, 10, 2e-20, 3e-20, 2e-20, 2e-20, -1
0.718797, -0.450955, 1.22174, 0.05, -0.163413, 0.116306, -0.0287564, 0.202627, 998.145, -2968.22, 10, 2e-20, 3e-20, 2e-20, 2e-20, -1
-0.695498, 0.508282, 1.77918, 0.05, 5.60515e-05, 0.00148983, -0.586049, 0.586051, 1000, 7.34677, 10, 2e-20, 3e-20, 2e-20, 2e-20, -1
0.650316, -0.397379, 1.32674, 0.05, -0.148423, 0.0774202, -0.305528, 0.348382, 998.745, -2007.6, 10, 2e-20, 3e-20, 2e-20, 2e-20, -1
0.703019, -0.0997548, 1.30066, 0.05, -0.122564, 0.0817045, 0.0609943, 0.15943, 1001.3, 2075.94, 10, 2e-20, 3e-20, 2e-20, 2e-20, -1
0.514632, -0.28378, 1.33402, 0.05, -0.0777533, -0.070833, 0.0302011, 0.10943, 1003.81, 6098.06, 10, 2e-20, 3e-20, 2e-20, 2e-20, -1
0.572874, -0.208652, 1.30455, 0.05, -0.209069, -0.0395459, -0.00377114, 0.212809, 999.887, -180.511, 10, 2e-20, 3e-20, 2e-20, 2e-20, -1
0.748501, -0.317081, 1.30814, 0.05, -0.157881, 0.0383224, -0.0838706, 0.182837, 1003.12, 4986.49, 10, 2e-20, 3e-20, 2e-20, 2e-20, -1
0.591034, -0.252474, 1.29943, 0.05, -0.167655, 0.0483683, 0.0537009, 0.18257, 1001.81, 2902.63, 10, 2e-20, 3e-20, 2e-20, 2e-20, -1
0.476651, -0.296493, 1.21888, 0.05, -0.149836, -0.124902, -0.180007, 0.265432, 998.544, -2329.88, 10, 2e-20, 3e-20, 2e-20, 2e-20, -1
0.570996, -0.289158, 1.20842, 0.05, -0.185622, -0.0142222, -0.0345954, 0.189353, 1000.12, 188.608, 10, 2e-20, 3e-20, 2e-20, 2e-20, -1
0.550561, -0.216748, 1.25355, 0.05, -0.196378, 0.0423204, -0.112969, 0.230472, 998.221, -2846.01, 10, 2e-20, 3e-20, 2e-20, 2e-20, -1
0.742702, -0.423515, 1.34856, 0.05, -0.143192, -0.124808, 0.315616, 0.368367, 1003.62, 5796.34, 10, 2e-20, 3e-20, 2e-20, 2e-20, -1
0.5809, -0.171302, 1.31841, 0.05, -0.201956, -0.0643417, 0.113765, 0.240558, 1000.72, 1153.18, 10, 2e-20, 3e-20, 2e-20, 2e-20, -1
0.699085, -0.278882, 1.25153, 0.05, -0.279612, 0.0857474, -0.0936195, 0.307083, 1003.68, 5890.73, 10, 2e-20, 3e-20, 2e-20, 2e-20, -1
0.480647, -0.221137, 1.25088, 0.05, -0.215768, 0.0604031, -0.0271549, 0.225702, 999.306, -1111.18, 10, 2e-20, 3e-20, 2e-20, 2e-20, -1
0.753467, -0.20572, 1.33151, 0.05, -0.25532, 0.0510971, -0.00738233, 0.260488, 1001.43, 2286.69, 10, 2e-20, 3e-20, 2e-20, 2e-20, -1
0.885363, -0.491876, 0.0506111, 0.05, -0.0926582, 0.0379803, 0.0450599, 0.109811, 1013.66, 21860.4, 10, 2e-20, 3e-20, 2e-20, 2e-20, -1
0.851389, -0.462536, 0.170874, 0.05, 0.127637, -0.122972, -0.25368, 0.309462, 1009.04, 14465.9, 10, 2e-20, 3e-20, 2e-20, 2e-20, -1
0.88881, -0.500071, 0.232102, 0.05, 0.30159, 0.012933, 0.173568, 0.348209, 1008.49, 13577.1, 10, 2e-20, 3e-20, 2e-20, 2e-20, -1
0.847827, -0.445294, 0.327058, 0.05, -0.0434338, -0.0341174, 0.136195, 0.146968, 1004.32, 6905.93, 10, 2e-20, 3e-20, 2e-20, 2e-20, -1
0.882468, -0.427383, 0.315682, 0.05, 0.0555489, -0.00842136, -0.111056, 0.124459, 1000.81, 1302.06, 10, 2e-20, 3e-20, 2e-20, 2e-20, -1
0.901391, -0.475332, 0.139594, 0.05, 0.260142, 0.0194945, -0.154564, 0.303222, 1005.51, 8809.49, 10, 2e-20, 3e-20, 2e-20, 2e-20, -1
0.925294, -0.438415, 0.378283, 0.05, 0.0947884, -0.0177492, 0.187769, 0.211086, 1004.91, 7850.88, 10, 2e-20, 3e-20, 2e-20, 2e-20, -1
0.897679, -0.403386, 0.322024, 0.05, -0.0280254, -0.0514491, 0.111871, 0.126284, 1006.25, 9992.83, 10, 2e-20, 3e-20, 2e-20, 2e-20, -1
0.798629, -0.414009, 0.440482, 0.05, 0.0101245, 0.0498461, 0.071833, 0.0880177, 1003.24, 5187.64, 10, 2e-20, 3e-20, 2e-20, 2e-20, -1
0.884112, -0.376306, 0.27389, 0.05, -0.0175869, 0.0104145, 0.111134, 0.112998, 1008.46, 13534, 10, 2e-20, 3e-20, 2e-20, 2e-20, -1
0.879073, -0.441854, 0.412911, 0.05, -0.0301571, -0.121701, 0.262538, 0.290941, 1008.65, 13843.7, 10, 2e-20, 3e-20, 2e-20, 2e-20, -1
0.85429, -0.414947, 0.439306, 0.05, -0.0646474, 0.138991, 0.106761, 0.186804, 1003.84, 6137.2, 10, 2e-20, 3e-20, 2e-20, 2e-20, -1
0.825222, -0.438691, 0.482905, 0.05, -0.035429, 0.0805268, -0.00726422, 0.0882755, 1002.4, 3846.39, 10, 2e-20, 3e-20, 2e-20, 2e-20, -1
0.825943, -0.453811, 0.562511, 0.05, -0.0776048, -0.0288062, -0.00930124, 0.0832996, 998.316, -2693.64, 10, 2e-20, 3e-20, 2e-20, 2e-20, -1
0.790239, -0.449267, 0.677482, 0.05, -0.0278864, -0.0635875, 0.0717962, 0.0998785, 999.726, -439.138, 10, 2e-20, 3e-20, 2e-20, 2e-20, -1
0.917008, -0.443576, 0.647256, 0.05, -0.00279384, 0.0324382, 0.1915, 0.194248, 1004.51, 7221.4, 10, 2e-20, 3e-20, 2e-20, 2e-20, -1
0.835281, -0.426367, 0.645748, 0.05, -0.0533557, 0.0537376, 0.0953127, 0.121734, 1004.78, 7650.75, 10, 2e-20, 3e-20, 2e-20, 2e-20, -1
0.804048, -0.401768, 0.579238, 0.05, -0.108337, 0.13487, 0.0156512, 0.173701, 1002.42, 3876.72, 10, 2e-20, 3e-20, 2e-20, 2e-20, -1
0.831613, -0.396159, 0.604098, 0.05, 0.0154372, 0.0836806, 0.0835933, 0.119284, 999.235, -1223.62, 10, 2e-20, 3e-20, 2e-20, 2e-20, -1
0.743122, -0.448311, 0.694826, 0.05, -0.0740039, 0.0425685, 0.109519, 0.138863, 1001.73, 2770.95, 10, 2e-20, 3e-20, 2e-20, 2e-20, -1
0.749414, -0.432328, 0.649899, 0.05, 0.0293418, -0.0518609, -0.0870068, 0.105455, 1002.71, 4328.53, 10, 2e-20, 3e-20, 2e-20, 2e-20, -1
0.797968, -0.391475, 0.625702, 0.05, -0.102583, -0.0344417, 0.0635987, 0.125516, 1004.84, 7746.63, 10, 2e-20, 3e-20, 2e-20, 2e-20, -1
0.732378, -0.451102, 0.880588, 0.05, 0.0148585, 0.0455411, 0.139808, 0.147787, 1001.94, 3099.8, 10, 2e-20, 3e-20, 2e-20, 2e-20, -1
0.774538, -0.450474, 0.781968, 0.05, -0.0267356, -0.0833982, 0.0493487, 0.100525, 1004.48, 7173.01, 10, 2e-20, 3e-20, 2e-20, 2e-20, -1
0.808807, -0.501329, 0.966704, 0.05, 0.0705649, 0.0100406, 0.0782848, 0.105871, 1003.26, 5217.19, 10, 2e-20, 3e-20, 2e-20, 2e-20, -1
0.73046, -0.500627, 1.08155, 0.05, -0.0233238, 0.0281305, 0.167113, 0.171061, 1004.98, 7969.05, 10, 2e-20, 3e-20, 2e-20, 2e-20, -1
0.76763, -0.471945, 0.956285, 0.05, 0.0295175, -0.0365401, 0.0702742, 0.0845277, 997.306, -4311.07, 10, 2e-20, 3e-20, 2e-20, 2e-20, -1
0.795679, -0.505171, 1.04124, 0.05, -0.0213195, 0.0582088, 0.0816948, 0.102552, 1003.23, 5172.74, 10, 2e-20, 3e-20, 2e-20, 2e-20, -1
0.783969, -0.463238, 1.07113, 0.05, -0.0849186, 0.0141699, 0.0563033, 0.102869, 1004.73, 7562.75, 10, 2e-20, 3e-20, 2e-20, 2e-20, -1
0.828298, -0.466081, 1.03313, 0.05, -0.00998644, -0.121956, -0.0484229, 0.131597, 1002.62, 4195.99, 10, 2e-20, 3e-20, 2e-20, 2e-20, -1
0.820607, -0.500753, 1.14968, 0.05, -0.0911909, -0.0410329, 0.11637, 0.153432, 995.931, -6510.81, 10, 2e-20, 3e-20, 2e-20, 2e-20, -1
0.793161, -0.498969, 1.21708, 0.05, -0.0453041, 0.0270277, 0.0561535, 0.0770466, 1002.47, 3953.41, 10, 2e-20, 3e-20, 2e-20, 2e-20, -1
0.691008, -0.420428, 1.08156, 0.05, -0.141019, -0.0137365, 0.0338687, 0.145679, 1000.8, 1277.99, 10, 2e-20, 3e-20, 2e-20, 2e-20, -1
0.705436, -0.441367, 1.15073, 0.05, -0.129328, 0.0381371, 0.0916839, 0.163052, 1000.9, 1441.71, 10, 2e-20, 3e-20, 2e-20, 2e-20, -1
0.645562, -0.465255, 1.15497, 0.05, -0.0334287, -0.119093, 0.0434458, 0.131103, 1000.26, 419.481, 10, 2e-20, 3e-20, 2e-20, 2e-20, -1
0.691315, -0.442171, 1.14, 0.05, -0.218279, 0.0781295, -0.0938605, 0.250119, 999.555, -711.238, 10, 2e-20, 3e-20, 2e-20, 2e-20, -1
0.764224, -0.492932, 1.26304, 0.05, 0.0128528, -0.1359, 0.160995, 0.211077, 1002.39, 3817.56, 10, 2e-20, 3e-20, 2e-20, 2e-20, -1
0.774795, -0.377441, 1.02835, 0.05, -0.154313, -0.0303334, -0.00820481, 0.15748, 999.712, -460.318, 10, 2e-20, 3e-20, 2e-20, 2e-20, -1
0.765017, -0.403699, 1.1134, 0.05, -0.0323739, -0.0183638, -0.041346, 0.0556308, 998.891, -1774.06, 10, 2e-20, 3e-20, 2e-20, 2e-20, -1
0.648912, -0.441411, 1.17659, 0.05, -0.0916448, 0.0396366, 0.00654133, 0.100063, 1001.1, 1752.62, 10, 2e-20, 3e-20, 2e-20, 2e-20, -1
0.487868, -0.386009, 1.24873, 0.05, 0.0159115, -0.130442, 0.0633787, 0.145894, 1006.35, 10162.2, 10, 2e-20, 3e-20, 2e-20, 2e-20, -1
0.743877, -0.467934, 1.2624, 0.05, 0.113959, -0.0648756, 0.119975, 0.177735, 997.922, -3325.44, 10, 2e-20, 3e-20, 2e-20, 2e-20, -1
0.59236, -0.50108, 1.30104, 0.05, -0.0141939, 0.079899, 0.0124632, 0.0821015, 1002.86, 4574.04, 10, 2e-20, 3e-20, 2e-20, 2e-20, -1
0.575273, -0.446953, 1.28875, 0.05, -0.0155613, 0.102943, 0.14743, 0.180485, 1003.95, 6312.61, 10, 2e-20, 3e-20, 2e-20, 2e-20, -1
0.637895, -0.34816, 1.16623, 0.05, -0.269349, -0.0321064, -0.211023, 0.343672, 1002.57, 4108.9, 10, 2e-20, 3e-20, 2e-20, 2e-20, -1
0.597086, -0.366568, 1.20002, 0.05, -0.0745963, 0.0852424, -0.103925, 0.153725, 1001.98, 3169.86, 10, 2e-20, 3e-20, 2e-20, 2e-20, -1
0.500978, -0.339807, 1.22227, 0.05, -0.210081, 0.180278, 0.0400351, 0.279708, 1003.39, 5425.55, 10, 2e-20, 3e-20, 2e-20, 2e-20, -1
0.440295, -0.288502, 1.15988, 0.05, -0.149012, -0.0406015, -0.0810688, 0.174428, 1000.72, 1157.88, 10, 2e-20, 3e-20, 2e-20, 2e-20, -1
0.47443, -0.261873, 1.16994, 0.05, -0.207972, 0.00502996, 0.0865251, 0.225309, 1002.37, 3793.84, 10, 2e-20, 3e-20, 2e-20, 2e-20, -1
0.420952, -0.186987, 1.34395, 0.05, -0.255313, 0.19017, 0.0753055, 0.32714, 999.088, -1458.88, 10, 2e-20, 3e-20, 2e-20, 2e-20, -1
0.417753, -0.118496, 1.39679, 0.05, -0.162312, 0.14577, 0.0649153, 0.227614, 998.142, -2972.6, 10, 2e-20, 3e-20, 2e-20, 2e-20, -1
0.817487, -0.452222, 0.0548422, 0.05, -0.0659912, 0.0191764, 0.00166117, 0.068741, 1007.99, 12777.5, 10, 2e-20, 3e-20, 2e-20, 2e-20, -1
0.920585, -0.46267, 0.0813272, 0.05, 0.0924406, -0.0394715, -0.120248, 0.156725, 1009.34, 14943.1, 10, 2e-20, 3e-20, 2e-20, 2e-20, -1
0.832055, -0.49804, 0.153364, 0.05, 0.0632817, -0.00312962, 0.0225685, 0.0672585, 1010.63, 17012.7, 10, 2e-20, 3e-20, 2e-20, 2e-20, -1
0.851317, -0.432189, 0.138206, 0.05, -0.277762, -0.0305097, -0.228344, 0.360865, 1012.35, 19764, 10, 2e-20, 3e-20, 2e-20, 2e-20, -1
0.88269, -0.39505, 0.0859662, 0.05, 0.0397873, -0.0218901, -0.0504856, 0.0679044, 1010.63, 17004.7, 10, 2e-20, 3e-20, 2e-20, 2e-20, -1
0.91434, -0.372516, 0.128138, 0.05, 0.0577691, -0.0791529, 0.130749, 0.163394, 1010.65, 17036.7, 10, 2e-20, 3e-20, 2e-20, 2e-20, -1
0.866718, -0.383577, 0.152575, 0.05, 0.125612, 0.0722848, -0.0423102, 0.150976, 1012.04, 19268.5, 10, 2e-20, 3e-20, 2e-20, 2e-20, -1
0.882074, -0.41082, 0.187534, 0.05, -0.0502633, 0.0588814, 0.185104, 0.200641, 1003.01, 4823.65, 10, 2e-20, 3e-20, 2e-20, 2e-20, -1
0.905543, -0.348297, 0.314266, 0.05, -3.68985e-05, 0.0443759, 0.0593966, 0.0741429, 1006.98, 11174.1, 10, 2e-20, 3e-20, 2e-20, 2e-20, -1
0.973089, -0.401989, 0.501261, 0.05, 0.0627521, -0.0172303, 0.154508, 0.167653, 1005.18, 8283.31, 10, 2e-20, 3e-20, 2e-20, 2e-20, -1
0.909233, -0.396563, 0.450339, 0.05, 0.00504991, 0.10433, 0.137704, 0.172836, 1007.5, 11998.2, 10, 2e-20, 3e-20, 2e-20, 2e-20, -1
0.869266, -0.404521, 0.491958, 0.05, -0.0980965, 0.0206131, -0.00094854, 0.100243, 1007.3, 11679.3, 10, 2e-20, 3e-20, 2e-20, 2e-20, -1
0.896164, -0.384152, 0.545194, 0.05, -0.105461, 0.055647, 0.027123, 0.122288, 1000.06, 89.997, 10, 2e-20, 3e-20, 2e-20, 2e-20, -1
0.836699, -0.372866, 0.469869, 0.05, -0.0133298, 0.0074272, 0.0148538, 0.0212951, 1004.3, 6873.39, 10, 2e-20, 3e-20, 2e-20, 2e-20, -1
0.848276, -0.361951, 0.529638, 0.05, -0.108388, 0.0455831, 0.0986512, 0.153486, 1005.42, 8674.54, 10, 2e-20, 3e-20, 2e-20, 2e-20, -1
0.803566, -0.350629, 0.505507, 0.05, -0.00895842, -0.0316616, 0.121358, 0.12574, 1003.71, 5939.43, 10, 2e-20, 3e-20, 2e-20, 2e-20, -1
0.844393, -0.359037, 0.621953, 0.05, -0.0176736, -0.0506592, 0.0459258, 0.070625, 1001.99, 3176.46, 10, 2e-20, 3e-20, 2e-20, 2e-20, -1
0.814825, -0.353704, 0.571752, 0.05, -0.0284585, 0.0334071, 0.0882886, 0.0985941, 1008.39, 13417.4, 10, 2e-20, 3e-20, 2e-20, 2e-20, -1
0.872898, -0.392777, 0.651213, 0.05, 0.102861, -0.021575, 0.0356586, 0.110984, 1004.19, 6696.44, 10, 2e-20, 3e-20, 2e-20, 2e-20, -1
0.886284, -0.445752, 0.687413, 0.05, 0.0457814, 0.0497253, 0.114612, 0.133058, 1004.76, 7617.24, 10, 2e-20, 3e-20, 2e-20, 2e-20, -1
0.837232, -0.438339, 0.692516, 0.05, -0.0629779, -0.0545677, 0.0502401, 0.0973032, 1000.32, 504.323, 10, 2e-20, 3e-20, 2e-20, 2e-20, -1
0.886403, -0.298411, 0.686012, 0.05, -0.11132, 0.0665458, 0.0553754, 0.141021, 1005.57, 8914.4, 10, 2e-20, 3e-20, 2e-20, 2e-20, -1
0.798758, -0.439367, 0.816761, 0.05, 0.00105696, -0.0783406, -0.0177813, 0.0803401, 1002.25, 3596.84, 10, 2e-20, 3e-20, 2e-20, 2e-20, -1
0.802118, -0.361447, 0.713331, 0.05, -0.0461815, -0.0681041, 0.0255917, 0.0861733, 1002.07, 3309.31, 10, 2e-20, 3e-20, 2e-20, 2e-20, -1
0.895058, -0.407119, 0.877808, 0.05, 0.00427783, -0.0430852, 0.0109384, 0.0446574, 999.629, -592.879, 10, 2e-20, 3e-20, 2e-20, 2e-20, -1
0.824765, -0.445405, 0.866606, 0.05, 0.0423319, -0.00919668, 0.115592, 0.123442, 998.517, -2372.42, 10, 2e-20, 3e-20, 2e-20, 2e-20, -1
0.86109, -0.442908, 0.898546, 0.05, -0.0928001, -0.0912087, 0.0943503, 0.160726, 1001.24, 1976.24, 10, 2e-20, 3e-20, 2e-20, 2e-20, -1
0.808323, -0.477802, 1.00792, 0.05, 0.0266854, -0.00895085, 0.0254357, 0.0379368, 998.812, -1901.21, 10, 2e-20, 3e-20, 2e-20, 2e-20, -1
0.960629, -0.422286, 1.04558, 0.05, 0.0405661, 0.123165, 0.149027, 0.197546, 1000.47, 747.216, 10, 2e-20, 3e-20, 2e-20, 2e-20, -1
0.843222, -0.445345, 0.943988, 0.05, -0.0438571, -0.0813747, 0.0655582, 0.113328, 1001.05, 1674.88, 10, 2e-20, 3e-20, 2e-20, 2e-20, -1
0.891972, -0.403576, 0.969838, 0.05, -0.0211425, 0.0379015, 0.0733606, 0.0852367, 1000.47, 752.578, 10, 2e-20, 3e-20, 2e-20, 2e-20, -1
0.849485, -0.400016, 1.00419, 0.05, -0.138096, 0.0148023, 0.0642044, 0.153009, 1000.95, 1516.56, 10, 2e-20, 3e-20, 2e-20, 2e-20, -1
0.811618, -0.431745, 0.96917, 0.05, 0.0717819, -0.016073, -0.0571318, 0.0931399, 999.8, -320.631, 10, 2e-20, 3e-20, 2e-20, 2e-20, -1
0.824587, -0.421442, 1.04577, 0.05, 0.00607364, -0.0928484, 0.00658897, 0.0932799, 1001.98, 3162.48, 10, 2e-20, 3e-20, 2e-20, 2e-20, -1
0.761018, -0.43049, 1.04452, 0.05, -0.0180031, -0.109435, 0.149475, 0.186126, 1000.34, 547.097, 10, 2e-20, 3e-20, 2e-20, 2e-20, -1
0.751997, -0.392248, 1.07298, 0.05, -0.0823695, -0.0537929, -0.0250161, 0.10151, 1000.49, 782.165, 10, 2e-20, 3e-20, 2e-20, 2e-20, -1
0.819815, -0.323846, 1.00933, 0.05, -0.0192598, 0.0345554, -0.00481349, 0.039852, 998.51, -2383.72, 10, 2e-20, 3e-20, 2e-20, 2e-20, -1
0.841307, -0.226208, 1.0524, 0.05, 0.0515003, 0.0136476, 0.0975374, 0.11114, 1002.45, 3919.49, 10, 2e-20, 3e-20, 2e-20, 2e-20, -1
0.859079, -0.342167, 1.08161, 0.05, -0.0191389, 0.108954, -0.0256329, 0.113554, 1000.14, 222.128, 10, 2e-20, 3e-20, 2e-20, 2e-20, -1
0.750514, -0.352437, 1.00977, 0.05, 0.0195197, 0.0449543, 0.0209309, 0.0532918, 1004, 6399.15, 10, 2e-20, 3e-20, 2e-20, 2e-20, -1
0.769504, -0.409922, 1.18167, 0.05, -0.130219, 0.0362269, -0.00407525, 0.135226, 999.421, -926.995, 10, 2e-20, 3e-20, 2e-20, 2e-20, -1
0.889081, -0.450542, 1.22307, 0.05, 0.0435146, 0.0684935, -0.0873491, 0.119226, 1000.09, 148.818, 10, 2e-20, 3e-20, 2e-20, 2e-20, -1
0.732619, -0.407324, 1.15227, 0.05, -0.0864288, 0.137292, -0.0756822, 0.179016, 1003.42, 5468.34, 10, 2e-20, 3e-20, 2e-20, 2e-20, -1
0.624625, -0.34968, 1.11751, 0.05, -0.0611615, -0.0576295, 0.0639977, 0.105629, 999.079, -1473.81, 10, 2e-20, 3e-20, 2e-20, 2e-20, -1
0.652019, -0.23582, 1.13836, 0.05, -0.152076, -0.0453378, -0.184215, 0.243142, 1003.92, 6268.82, 10, 2e-20, 3e-20, 2e-20, 2e-20, -1
0.610978, -0.301269, 1.12852, 0.05, -0.153704, -0.0775471, -0.081992, 0.190686, 997.093, -4651.49, 10, 2e-20, 3e-20, 2e-20, 2e-20, -1
0.569441, -0.287668, 1.118, 0.05, -0.152032, -0.0374949, -0.0633616, 0.168921, 999.141, -1375.14, 10, 2e-20, 3e-20, 2e-20, 2e-20, -1
0.565116, -0.250406, 1.15012, 0.05, -0.103271, 0.00736229, -0.0364309, 0.109756, 1001.29, 2070.02, 10, 2e-20, 3e-20, 2e-20, 2e-20, -1
0.654243, -0.247667, 1.07656, 0.05, -0.176606, -0.00442573, -0.0506108, 0.183768, 1003.08, 4923.79, 10, 2e-20, 3e-20, 2e-20, 2e-20, -1
0.556634, -0.213942, 1.18401, 0.05, -0.143695, -0.0123749, 0.0340904, 0.148201, 1002.7, 4313.17, 10, 2e-20, 3e-20, 2e-20, 2e-20, -1
0.448827, -0.138129, 1.33706, 0.05, -0.196676, 0.00536032, 0.15654, 0.251426, 1001.69, 2709.58, 10, 2e-20, 3e-20, 2e-20, 2e-20, -1
0.885431, -0.365576, 0.0497625, 0.05, -0.017607, -0.0524606, -0.00818417, 0.0559384, 1012.41, 19849.8, 10, 2e-20, 3e-20, 2e-20, 2e-20, -1
0.886645, -0.441337, 0.108072, 0.05, 0.0575016, -0.109118, 0.0505461, 0.133297, 1001.04, 1658.46, 10, 2e-20, 3e-20, 2e-20, 2e-20, -1
0.95711, -0.407805, 0.118897, 0.05, 0.0679156, 0.144136, 0.32051, 0.35793, 1007.38, 11802.5, 10, 2e-20, 3e-20, 2e-20, 2e-20, -1
0.917065, -0.329925, 0.0884944, 0.05, 0.107281, -0.148616, 0.102532, 0.210021, 1008.14, 13028.8, 10, 2e-20, 3e-20, 2e-20, 2e-20, -1
0.921781, -0.229737, 0.152203, 0.05, 0.0989963, 0.029388, -0.0288976, 0.107233, 1006.7, 10717.3, 10, 2e-20, 3e-20, 2e-20, 2e-20, -1
0.919816, -0.27096, 0.0793594, 0.05, 0.158382, 0.0599275, 0.063453, 0.180839, 1009.8, 15685.1, 10, 2e-20, 3e-20, 2e-20, 2e-20, -1
0.875823, -0.319193, 0.154757, 0.05, -0.0443795, 0.185878, -0.0384411, 0.19493, 1010.25, 16396.6, 10, 2e-20, 3e-20, 2e-20, 2e-20, -1
0.880432, -0.353179, 0.225422, 0.05, 0.0739914, 0.0719835, 0.0097737, 0.103691, 1006.13, 9815.59, 10, 2e-20, 3e-20, 2e-20, 2e-20, -1
0.876538, -0.320389, 0.277422, 0.05, 0.0143546, 0.0863301, -0.11837, 0.147209, 1004.91, 7855.09, 10, 2e-20, 3e-20, 2e-20, 2e-20, -1
0.785015, -0.298353, 0.26432, 0.05, 0.148801, 0.0474979, 0.0606485, 0.167559, 1004.86, 7783.33, 10, 2e-20, 3e-20, 2e-20, 2e-20, -1
0.83626, -0.345618, 0.3734, 0.05, 0.057613, 0.0839585, 0.00977575, 0.102293, 1005.99, 9577.21, 10, 2e-20, 3e-20, 2e-20, 2e-20, -1
0.823868, -0.306569, 0.329242, 0.05, -0.0399815, 0.0352039, 0.0662746, 0.0850303, 1005.53, 8842.91, 10, 2e-20, 3e-20, 2e-20, 2e-20, -1
0.853839, -0.385197, 0.395203, 0.05, 0.0857294, 0.0277898, -0.0465193, 0.101419, 1002.67, 4279.92, 10, 2e-20, 3e-20, 2e-20, 2e-20, -1
0.863873, -0.299598, 0.412088, 0.05, -0.0396026, -0.010598, -0.00110231, 0.0410109, 1003.7, 5924.87, 10, 2e-20, 3e-20, 2e-20, 2e-20, -1
0.816494, -0.377508, 0.4162, 0.05, 0.0283616, -0.091652, 0.0986695, 0.137623, 1007.31, 11703.7, 10, 2e-20, 3e-20, 2e-20, 2e-20, -1
0.918168, -0.344898, 0.519769, 0.05, -0.0609708, 0.0768591, -0.0242099, 0.101049, 1003.61, 5769.15, 10, 2e-20, 3e-20, 2e-20, 2e-20, -1
0.800737, -0.336252, 0.456235, 0.05, 0.0238076, 0.0695555, 0.0389485, 0.0831971, 1004, 6392.94, 10, 2e-20, 3e-20, 2e-20, 2e-20, -1
0.816516, -0.318716, 0.539913, 0.05, -0.0171291, -0.00173572, 0.0730984, 0.0750986, 1005.37, 8585.47, 10, 2e-20, 3e-20, 2e-20, 2e-20, -1
0.836326, -0.309532, 0.588214, 0.05, 0.0273004, 0.0509672, -0.00967119, 0.0586217, 1004.8, 7684.45, 10, 2e-20, 3e-20, 2e-20, 2e-20, -1
0.829204, -0.381161, 0.673393, 0.05, 0.00900671, -0.0067427, 0.0734021, 0.0742594, 1004.88, 7804.05, 10, 2e-20, 3e-20, 2e-20, 2e-20, -1
0.831904, -0.392591, 0.726858, 0.05, -0.00549025, 0.0909845, 0.00134544, 0.0911599, 1004.79, 7663.83, 10, 2e-20, 3e-20, 2e-20, 2e-20, -1
0.815677, -0.274516, 0.616917, 0.05, -0.143312, 0.0132043, -0.0565849, 0.154643, 1002.87, 4586.8, 10, 2e-20, 3e-20, 2e-20, 2e-20, -1
0.884992, -0.25905, 0.665809, 0.05, -0.0121183, 0.0150247, 0.139173, 0.140506, 1004.02, 6426.75, 10, 2e-20, 3e-20, 2e-20, 2e-20, -1
0.860005, -0.256948, 0.716733, 0.05, -0.0306081, -0.0704912, -0.0765802, 0.108491, 1004.24, 6785.51, 10, 2e-20, 3e-20, 2e-20, 2e-20, -1
0.75155, -0.37095, 0.748531, 0.05, -0.0392148, -0.0653485, -0.0095394, 0.0768064, 1002.7, 4324.08, 10, 2e-20, 3e-20, 2e-20, 2e-20, -1
0.82508, -0.386716, 0.803091, 0.05, 0.0756877, 0.0616577, 0.0490522, 0.109254, 1001.39, 2221.94, 10, 2e-20, 3e-20, 2e-20, 2e-20, -1
0.79751, -0.361928, 0.76389, 0.05, -0.091039, 0.0458036, -0.042557, 0.110441, 1000.25, 406.079, 10, 2e-20, 3e-20, 2e-20, 2e-20, -1
0.842292, -0.403024, 0.854991, 0.05, -0.0182475, 0.0188025, -0.0201018, 0.0330241, 1003.49, 5581.11, 10, 2e-20, 3e-20, 2e-20, 2e-20, -1
0.849166, -0.308622, 0.845486, 0.05, -0.15273, 0.0087082, -0.0302118, 0.155933, 1004.44, 7106.64, 10, 2e-20, 3e-20, 2e-20, 2e-20, -1
0.85371, -0.444529, 0.991747, 0.05, -0.0440783, -0.0659839, 0.0367025, 0.0874291, 1000.42, 668.724, 10, 2e-20, 3e-20, 2e-20, 2e-20, -1
0.834467, -0.362843, 0.882642, 0.05, 0.00598945, 0.0895794, 0.0897487, 0.126946, 1000.14, 216.882, 10, 2e-20, 3e-20, 2e-20, 2e-20, -1
0.838949, -0.395205, 0.932555, 0.05, 0.0362653, -0.0429272, 0.0812607, 0.0987989, 1001.05, 1687, 10, 2e-20, 3e-20, 2e-20, 2e-20, -1
0.802657, -0.379822, 0.956499, 0.05, -0.0103012, -0.0693906, 0.0573945, 0.0906383, 1001.87, 2998.32, 10, 2e-20, 3e-20, 2e-20, 2e-20, -1
0.859148, -0.363195, 0.964728, 0.05, -0.0258969, 0.0536527, -0.0320123, 0.0676317, 997.542, -3932.74, 10, 2e-20, 3e-20, 2e-20, 2e-20, -1
0.776325, -0.343485, 0.975327, 0.05, -0.055426, 0.0580761, -0.0354658, 0.087765, 1002.82, 4512.95, 10, 2e-20, 3e-20, 2e-20, 2e-20, -1
0.824452, -0.313044, 0.96743, 0.05, 0.0317303, 0.136579, -0.0392656, 0.14561, 997.822, -3485.54, 10, 2e-20, 3e-20, 2e-20, 2e-20, -1
0.844162, -0.202471, 1.01697, 0.05, 0.0224083, -0.022387, -0.000655511, 0.0316818, 1001.07, 1709.81, 10, 2e-20, 3e-20, 2e-20, 2e-20, -1
0.788349, -0.215515, 1.0579, 0.05, -0.0353573, 0.0726061, -0.0359527, 0.088399, 1003.37, 5390.59, 10, 2e-20, 3e-20, 2e-20, 2e-20, -1
0.774608, -0.292712, 1.00497, 0.05, 0.0087839, -0.0194754, -0.0637211, 0.0672073, 996.419, -5730.05, 10, 2e-20, 3e-20, 2e-20, 2e-20, -1
0.863609, -0.389902, 1.10027, 0.05, 0.0583536, -0.0555637, -0.0262887, 0.0847559, 998.449, -2481.11, 10, 2e-20, 3e-20, 2e-20, 2e-20, -1
0.805538, -0.343274, 1.0476, 0.05, 0.00298216, 0.0366029, -0.0426315, 0.0562682, 1005.54, 8860, 10, 2e-20, 3e-20, 2e-20, 2e-20, -1
0.657883, -0.392158, 1.16817, 0.05, -0.126008, 0.0521523, -0.130355, 0.188654, 995.894, -6569.22, 10, 2e-20, 3e-20, 2e-20, 2e-20, -1
0.732444, -0.329534, 1.03865, 0.05, -0.0196275, 0.0586451, 0.0150704, 0.0636522, 1003.24, 5181.34, 10, 2e-20, 3e-20, 2e-20, 2e-20, -1
0.777101, -0.305702, 1.04857, 0.05, -0.0426595, -0.0884643, -0.00163287, 0.0982265, 1001.08, 1727.45, 10, 2e-20, 3e-20, 2e-20, 2e-20, -1
0.653763, -0.309557, 1.08418, 0.05, -0.169064, -0.0855247, -0.172782, 0.25642, 998.838, -1858.82, 10, 2e-20, 3e-20, 2e-20, 2e-20, -1
0.621221, -0.258414, 1.11031, 0.05, -0.129625, -0.0634106, -0.0129761, 0.144886, 1001.49, 2376.54, 10, 2e-20, 3e-20, 2e-20, 2e-20, -1
0.602126, -0.199171, 1.1538, 0.05, -0.168906, -0.115685, -0.00256103, 0.204741, 1001.34, 2141.86, 10, 2e-20, 3e-20, 2e-20, 2e-20, -1
0.629712, -0.176743, 1.12182, 0.05, -0.0795342, 0.00599203, 0.0149431, 0.0811473, 1002.25, 3607.25, 10, 2e-20, 3e-20, 2e-20, 2e-20, -1
0.503353, -0.182475, 1.2166, 0.05, -0.164664, -0.0510863, 0.158791, 0.23439, 999.325, -1079.86, 10, 2e-20, 3e-20, 2e-20, 2e-20, -1
0.483169, -0.127557, 1.29653, 0.05, -0.182567, 0.098624, 0.114777, 0.237131, 998.578, -2274.61, 10, 2e-20, 3e-20, 2e-20, 2e-20, -1
0.36434, -0.0806005, 1.40504, 0.05, -0.313299, 0.117059, 0.283105, 0.438187, 1001.58, 2520.54, 10, 2e-20, 3e-20, 2e-20, 2e-20, -1
0.88489, -0.243291, 0.0485085, 0.05, 0.160406, -0.0273579, -0.0708245, 0.177468, 1016.91, 27063.9, 10, 2e-20, 3e-20, 2e-20, 2e-20, -1
0.892722, -0.308124, 0.0466871, 0.05, 0.00326715, -0.0195713, 0.0103372, 0.0223734, 1012.18, 19495.6, 10, 2e-20, 3e-20, 2e-20, 2e-20, -1
0.9264, -0.29078, 0.154003, 0.05, 0.172473, 0.103887, 0.114801, 0.231773, 1010.45, 16712.5, 10, 2e-20, 3e-20, 2e-20, 2e-20, -1
0.936726, -0.30171, 0.115583, 0.05, -0.0513551, -0.098179, 0.0797898, 0.136539, 1008.21, 13136.1, 10, 2e-20, 3e-20, 2e-20, 2e-20, -1
0.964495, -0.259819, 0.141059, 0.05, -0.0829409, 0.0389982, -0.00215459, 0.0916771, 1008.12, 12987.6, 10, 2e-20, 3e-20, 2e-20, 2e-20, -1
0.94861, -0.247914, 0.191206, 0.05, 0.0302157, -0.0455093, -0.0620851, 0.0826961, 1009.25, 14807.5, 10, 2e-20, 3e-20, 2e-20, 2e-20, -1
0.8893, -0.262081, 0.13278, 0.05, 0.0943541, -0.0420416, 0.0305299, 0.107714, 1009.55, 15283.8, 10, 2e-20, 3e-20, 2e-20, 2e-20, -1
0.899907, -0.229697, 0.206952, 0.05, 0.0444931, -0.0018563, 0.0130559, 0.0464062, 1004.67, 7479.82, 10, 2e-20, 3e-20, 2e-20, 2e-20, -1
0.868052, -0.310624, 0.191755, 0.05, 0.0381132, 0.063789, 0.0373283, 0.0831568, 1007.55, 12074.6, 10, 2e-20, 3e-20, 2e-20, 2e-20, -1
0.92768, -0.228067, 0.260845, 0.05, 0.0352844, -0.0352286, 0.142189, 0.150677, 1007.05, 11281.7, 10, 2e-20, 3e-20, 2e-20, 2e-20, -1
0.87157, -0.26251, 0.244911, 0.05, 0.00910985, -0.0306514, -0.0199872, 0.0377093, 1012.65, 20244.7, 10, 2e-20, 3e-20, 2e-20, 2e-20, -1
0.85919, -0.19109, 0.329472, 0.05, 0.0333022, 0.0170454, 0.0130836, 0.0396328, 1009.68, 15483.9, 10, 2e-20, 3e-20, 2e-20, 2e-20, -1
0.870203, -0.24332, 0.326668, 0.05, -0.0389935, 0.031271, 0.0421706, 0.0653967, 1007.6, 12159.1, 10, 2e-20, 3e-20, 2e-20, 2e-20, -1
0.823933, -0.161747, 0.387047, 0.05, -0.0220585, -0.113458, -0.0383631, 0.121782, 1001.24, 1981.64, 10, 2e-20, 3e-20, 2e-20, 2e-20, -1
0.828727, -0.239218, 0.353877, 0.05, -0.0296245, 0.00520862, -0.0479972, 0.0566434, 1001.44, 2298.44, 10, 2e-20, 3e-20, 2e-20, 2e-20, -1
0.805926, -0.210613, 0.419282, 0.05, -0.0356666, 0.0164737, 0.019782, 0.0439866, 1006.06, 9695.39, 10, 2e-20, 3e-20, 2e-20, 2e-20, -1
0.851993, -0.325087, 0.496796, 0.05, 0.0326475, 0.0328198, 0.00624424, 0.0467118, 1005.95, 9522.96, 10, 2e-20, 3e-20, 2e-20, 2e-20, -1
0.840042, -0.227319, 0.448459, 0.05, -0.0131962, 0.0216292, 0.0557295, 0.0612188, 1005.71, 9142.3, 10, 2e-20, 3e-20, 2e-20, 2e-20, -1
0.854507, -0.262242, 0.491177, 0.05, 0.0988718, -0.00686554, 0.0710128, 0.121925, 1002.47, 3948.96, 10, 2e-20, 3e-20, 2e-20, 2e-20, -1
0.848727, -0.225853, 0.608984, 0.05, -0.0541661, 0.0120472, -0.0538959, 0.0773555, 1006.6, 10556.9, 10, 2e-20, 3e-20, 2e-20, 2e-20, -1
0.844709, -0.275133, 0.541871, 0.05, 0.0433322, 0.0869965, 0.0116599, 0.0978878, 1010.55, 16875.2, 10, 2e-20, 3e-20, 2e-20, 2e-20, -1
0.871743, -0.215267, 0.656771, 0.05, 0.0402913, 0.0493585, 0.223919, 0.232807, 1003.25, 5197.86, 10, 2e-20, 3e-20, 2e-20, 2e-20, -1
0.874109, -0.211898, 0.707271, 0.05, -0.10156, -0.0650629, 0.0555757, 0.132801, 1004.93, 7895.71, 10, 2e-20, 3e-20, 2e-20, 2e-20, -1
0.815777, -0.230849, 0.649049, 0.05, -0.101718, -0.0604453, 0.0735065, 0.139296, 1002.06, 3303.19, 10, 2e-20, 3e-20, 2e-20, 2e-20, -1
0.897798, -0.195143, 0.820202, 0.05, -0.0172943, 0.0163251, 0.0881175, 0.0912705, 1007.65, 12238.5, 10, 2e-20, 3e-20, 2e-20, 2e-20, -1
0.804684, -0.250035, 0.748842, 0.05, -0.0272131, 0.0195267, 0.0626845, 0.0710718, 1005.17, 8269.89, 10, 2e-20, 3e-20, 2e-20, 2e-20, -1
0.812593, -0.197429, 0.748931, 0.05, -0.00875799, -0.0244485, -0.0168003, 0.0309303, 1006.18, 9886.22, 10, 2e-20, 3e-20, 2e-20, 2e-20, -1
0.811748, -0.258324, 0.796137, 0.05, 0.0527045, 0.00244319, 0.164478, 0.172733, 1003.05, 4874.88, 10, 2e-20, 3e-20, 2e-20, 2e-20, -1
0.867601, -0.233335, 0.805404, 0.05, -0.0827544, -0.0267972, 0.124211, 0.15164, 1004.66, 7454.35, 10, 2e-20, 3e-20, 2e-20, 2e-20, -1
0.825606, -0.269295, 0.844593, 0.05, 0.0318953, 0.0978764, -0.0287315, 0.106877, 1003.86, 6172.42, 10, 2e-20, 3e-20, 2e-20, 2e-20, -1
0.803004, -0.328451, 0.865137, 0.05, 0.00761376, -0.0786665, 0.0458247, 0.091358, 998.062, -3100.17, 10, 2e-20, 3e-20, 2e-20, 2e-20, -1
0.815718, -0.220995, 0.836069, 0.05, 0.0985148, -0.0288354, -0.0153952, 0.103796, 1000.34, 539.532, 10, 2e-20, 3e-20, 2e-20, 2e-20, -1
0.787638, -0.354658, 0.909763, 0.05, -0.0037165, 0.10379, 0.0581848, 0.119045, 998.194, -2889.52, 10, 2e-20, 3e-20, 2e-20, 2e-20, -1
0.775787, -0.289693, 0.869772, 0.05, -0.040124, -0.0615675, 0.0371432, 0.0823414, 997.25, -4399.36, 10, 2e-20, 3e-20, 2e-20, 2e-20, -1
0.797779, -0.299864, 0.916652, 0.05, -0.0646004, 0.0221951, 0.191747, 0.203551, 1002.79, 4465.35, 10, 2e-20, 3e-20, 2e-20, 2e-20, -1
0.822222, -0.21642, 0.927113, 0.05, 0.0190952, -0.0285771, 0.0317308, 0.0467773, 999.887, -180.86, 10, 2e-20, 3e-20, 2e-20, 2e-20, -1
0.837532, -0.152127, 1.0341, 0.05, -0.0766222, -0.121473, -0.0335845, 0.147494, 1002.55, 4074.32, 10, 2e-20, 3e-20, 2e-20, 2e-20, -1
0.85732, -0.172006, 1.06795, 0.05, 0.0126557, -0.0767749, -0.0509036, 0.0929824, 1000.44, 697.045, 10, 2e-20, 3e-20, 2e-20, 2e-20, -1
0.800005, -0.167993, 1.06883, 0.05, -0.0346724, 0.0252457, 0.0366373, 0.0564076, 1000.22, 350.098, 10, 2e-20, 3e-20, 2e-20, 2e-20, -1
0.831696, -0.194655, 1.09815, 0.05, -0.0832163, 0.0492125, 0.0606041, 0.114104, 1001.85, 2960.74, 10, 2e-20, 3e-20, 2e-20, 2e-20, -1
0.818807, -0.268526, 1.05141, 0.05, 0.00115479, -0.0719982, -0.0146023, 0.0734731, 1003.76, 6022.16, 10, 2e-20, 3e-20, 2e-20, 2e-20, -1
0.742226, -0.182123, 1.07499, 0.05, 0.091057, -0.0873484, 0.0254399, 0.128718, 1001.89, 3023.84, 10, 2e-20, 3e-20, 2e-20, 2e-20, -1
0.80101, -0.249129, 1.09586, 0.05, -0.0290072, -0.0495334, -0.091946, 0.108393, 1001.39, 2229.74, 10, 2e-20, 3e-20, 2e-20, 2e-20, -1
0.862022, -0.161647, 1.20957, 0.05, -0.143084, -0.0229788, 0.0131767, 0.145515, 998.775, -1960.18, 10, 2e-20, 3e-20, 2e-20, 2e-20, -1
0.68172, -0.189702, 1.09504, 0.05, -0.107634, 0.00446606, 0.0775371, 0.132729, 1000.83, 1326.33, 10, 2e-20, 3e-20, 2e-20, 2e-20, -1
0.76594, -0.182159, 1.18225, 0.05, -0.237287, 0.00894119, -0.083929, 0.251851, 1000.92, 1472.33, 10, 2e-20, 3e-20, 2e-20, 2e-20, -1
0.737237, -0.197693, 1.13901, 0.05, -0.0734535, 0.0205137, -0.139306, 0.158815, 1000.7, 1114.75, 10, 2e-20, 3e-20, 2e-20, 2e-20, -1
0.585401, -0.105923, 1.21908, 0.05, -0.0472151, 0.0402845, 0.108712, 0.125182, 1003.23, 5160.51, 10, 2e-20, 3e-20, 2e-20, 2e-20, -1
0.489395, -0.0733353, 1.316, 0.05, -0.257035, 0.0461537, -0.00714235, 0.261243, 998.046, -3127.15, 10, 2e-20, 3e-20, 2e-20, 2e-20, -1
0.421984, -0.0795035, 1.3472, 0.05, -0.210847, 0.0893833, 0.144985, 0.271047, 1002.79, 4466.89, 10, 2e-20, 3e-20, 2e-20, 2e-20, -1
0.236871, -0.00685603, 1.46353, 0.05, -0.359001, 0.0585807, 0.606086, 0.706861, 999.574, -681.6, 10, 2e-20, 3e-20, 2e-20, 2e-20, -1
0.84003, -0.203027, 0.0491186, 0.05, 0.0484464, 0.0302628, 0.118846, 0.131861, 1011.66, 18663.9, 10, 2e-20, 3e-20, 2e-20, 2e-20, -1
0.893507, -0.192904, 0.0517757, 0.05, 0.0997602, -0.0583322, -0.0666073, 0.133384, 1003.32, 5306.3, 10, 2e-20, 3e-20, 2e-20, 2e-20, -1
0.93891, -0.228258, 0.100117, 0.05, 0.0121654, 0.114784, -0.00306026, 0.115467, 1007.14, 11418.2, 10, 2e-20, 3e-20, 2e-20, 2e-20, -1
0.931898, -0.178445, 0.0981936, 0.05, 0.00817293, -0.0505925, -0.0279123, 0.0583566, 1003.4, 5434.83, 10, 2e-20, 3e-20, 2e-20, 2e-20, -1
0.957756, -0.197896, 0.135012, 0.05, 0.0933021, -0.093496, -0.0360046, 0.136905, 1007.24, 11577.8, 10, 2e-20, 3e-20, 2e-20, 2e-20, -1
0.890424, -0.131067, 0.168142, 0.05, 0.0467342, -0.0429759, 0.00502563, 0.0636889, 1005.58, 8927.35, 10, 2e-20, 3e-20, 2e-20, 2e-20, -1
0.919065, -0.150098, 0.261295, 0.05, -0.0379022, -0.0087346, 0.0501084, 0.0634328, 1010.54, 16866.4, 10, 2e-20, 3e-20, 2e-20, 2e-20, -1
0.915338, -0.189467, 0.228654, 0.05, -0.0519653, -0.0350335, 0.00708433, 0.0630709, 1010.62, 16995.5, 10, 2e-20, 3e-20, 2e-20, 2e-20, -1
0.971377, -0.243366, 0.296115, 0.05, -0.0754207, 0.106785, 0.0510667, 0.140353, 1008.91, 14256.6, 10, 2e-20, 3e-20, 2e-20, 2e-20, -1
0.861644, -0.211891, 0.25797, 0.05, 0.0207937, -0.0464941, -0.0472908, 0.0695018, 1008.28, 13245.3, 10, 2e-20, 3e-20, 2e-20, 2e-20, -1
0.893175, -0.157982, 0.315899, 0.05, -0.0440652, -0.0343798, 0.0105239, 0.0568724, 1008.3, 13274.2, 10, 2e-20, 3e-20, 2e-20, 2e-20, -1
0.850872, -0.123215, 0.397848, 0.05, -0.00107493, 0.0387021, -0.0128719, 0.0408006, 1002.71, 4334.93, 10, 2e-20, 3e-20, 2e-20, 2e-20, -1
0.879654, -0.159634, 0.371982, 0.05, -0.0814945, -0.0350039, 0.0677322, 0.111599, 1004.95, 7918.16, 10, 2e-20, 3e-20, 2e-20, 2e-20, -1
0.872832, -0.182896, 0.443135, 0.05, -0.0504094, -0.0930512, 0.0171508, 0.107209, 1009.3, 14885.3, 10, 2e-20, 3e-20, 2e-20, 2e-20, -1
0.91123, -0.176676, 0.523196, 0.05, -0.025487, 0.120465, -0.0674137, 0.140378, 1007.1, 11362, 10, 2e-20, 3e-20, 2e-20, 2e-20, -1
0.844737, -0.177168, 0.487453, 0.05, -0.0348869, 0.0192215, 0.0833977, 0.0924215, 1005.45, 8721.8, 10, 2e-20, 3e-20, 2e-20, 2e-20, -1
0.908406, -0.187007, 0.585065, 0.05, 0.0348566, -0.0185515, 0.0936049, 0.101592, 1003.65, 5834.03, 10, 2e-20, 3e-20, 2e-20, 2e-20, -1
0.83253, -0.229804, 0.508111, 0.05, 0.055614, -0.0803755, 7.07325e-05, 0.0977402, 1001.76, 2808.89, 10, 2e-20, 3e-20, 2e-20, 2e-20, -1
0.867731, -0.195939, 0.55653, 0.05, -0.136598, 0.0219776, -0.0590653, 0.150436, 1009.1, 14562.5, 10, 2e-20, 3e-20, 2e-20, 2e-20, -1
0.830245, -0.144281, 0.554081, 0.05, 0.0764633, -0.00560879, 0.0219231, 0.0797416, 1001.31, 2090.51, 10, 2e-20, 3e-20, 2e-20, 2e-20, -1
0.829892, -0.191248, 0.537759, 0.05, 0.0626715, 0.0484237, -0.0525476, 0.0950465, 1002.37, 3792.78, 10, 2e-20, 3e-20, 2e-20, 2e-20, -1
0.841002, -0.127081, 0.599681, 0.05, -0.0303726, 0.0718604, 0.139774, 0.160072, 1004.89, 7824.8, 10, 2e-20, 3e-20, 2e-20, 2e-20, -1
0.857716, -0.17729, 0.599556, 0.05, -0.0121766, 0.0868044, 0.0242534, 0.0909478, 1004.98, 7963.36, 10, 2e-20, 3e-20, 2e-20, 2e-20, -1
0.900943, -0.143677, 0.672263, 0.05, 0.0645702, 0.0942212, -0.0648661, 0.131357, 1006.19, 9897.36, 10, 2e-20, 3e-20, 2e-20, 2e-20, -1
0.861422, -0.177841, 0.746459, 0.05, 0.0335139, -0.0791629, 0.0401386, 0.0948738, 1003.1, 4966.06, 10, 2e-20, 3e-20, 2e-20, 2e-20, -1
0.853671, -0.137871, 0.689487, 0.05, -0.106451, -0.0742801, -0.0558998, 0.14133, 1007.35, 11759.9, 10, 2e-20, 3e-20, 2e-20, 2e-20, -1
0.889165, -0.154929, 0.785599, 0.05, 0.0479533, 0.0540555, -0.0313575, 0.0787706, 1001.61, 2577.76, 10, 2e-20, 3e-20, 2e-20, 2e-20, -1
0.87171, -0.101408, 0.775335, 0.05, -0.0103192, -0.0431799, -0.0547384, 0.0704789, 1004.09, 6551.63, 10, 2e-20, 3e-20, 2e-20, 2e-20, -1
0.823099, -0.146712, 0.783743, 0.05, -0.0122687, -0.0259288, 0.100292, 0.104314, 1000.95, 1522.64, 10, 2e-20, 3e-20, 2e-20, 2e-20, -1
0.834415, -0.179407, 0.858759, 0.05, 0.0145922, -0.0723694, 0.0633432, 0.097276, 1003.04, 4864.41, 10, 2e-20, 3e-20, 2e-20, 2e-20, -1
0.831515, -0.0967113, 0.806469, 0.05, -0.0298973, -0.0253804, -0.0762347, 0.0857306, 1001.03, 1653.52, 10, 2e-20, 3e-20, 2e-20, 2e-20, -1
0.869286, -0.224928, 0.854189, 0.05, -0.0742245, 0.0576442, 0.158453, 0.184227, 1002.38, 3803.21, 10, 2e-20, 3e-20, 2e-20, 2e-20, -1
0.818044, -0.0590689, 0.871454, 0.05, 0.0421998, -0.0171218, 0.0957833, 0.106059, 1004.15, 6638.71, 10, 2e-20, 3e-20, 2e-20, 2e-20, -1
0.841946, -0.011291, 0.878227, 0.05, -0.0426818, 0.00742838, 0.000150304, 0.0433236, 1005.68, 9081.35, 10, 2e-20, 3e-20, 2e-20, 2e-20, -1
0.852314, -0.0680688, 0.911421, 0.05, -0.0332632, -0.0392341, -0.019017, 0.0548397, 1001.99, 3181.78, 10, 2e-20, 3e-20, 2e-20, 2e-20, -1
0.822508, -0.140465, 1.1096, 0.05, -0.0215246, 0.125495, -0.0436306, 0.134595, 1001.95, 3118.93, 10, 2e-20, 3e-20, 2e-20, 2e-20, -1
0.776022, -0.124136, 1.07354, 0.05, 0.0509961, -0.115179, -0.0124706, 0.126579, 1002.91, 4651.92, 10, 2e-20, 3e-20, 2e-20, 2e-20, -1
0.709303, -0.0570862, 1.09233, 0.05, -0.0562429, 0.0276609, 0.039633, 0.0741563, 996.951, -4878.69, 10, 2e-20, 3e-20, 2e-20, 2e-20, -1
0.71317, -0.0764486, 1.12652, 0.05, -0.0924332, -0.0709071, -0.00538789, 0.116622, 1005.33, 8531.78, 10, 2e-20, 3e-20, 2e-20, 2e-20, -1
0.74682, -0.0224605, 1.11463, 0.05, 0.021022, 0.050615, -0.028995, 0.0620042, 999.328, -1074.97, 10, 2e-20, 3e-20, 2e-20, 2e-20, -1
0.90678, -0.15077, 1.21497, 0.05, 0.00629388, 0.243846, 0.0514435, 0.249293, 996.642, -5373.48, 10, 2e-20, 3e-20, 2e-20, 2e-20, -1
0.915121, -0.0737628, 1.21125, 0.05, -0.132275, -0.18446, -0.00626432, 0.227072, 994.757, -8388.99, 10, 2e-20, 3e-20, 2e-20, 2e-20, -1
0.872386, -0.110688, 1.19212, 0.05, -0.117941, 0.105228, -0.017976, 0.159079, 1004.01, 6421.81, 10, 2e-20, 3e-20, 2e-20, 2e-20, -1
0.877633, -0.0921093, 1.27887, 0.05, -0.0925465, -0.0268861, -0.286379, 0.30216, 999.438, -899.538, 10, 2e-20, 3e-20, 2e-20, 2e-20, -1
0.783314, -0.0691441, 1.20772, 0.05, -0.12171, 0.0367931, -0.0210334, 0.128877, 999.474, -840.892, 10, 2e-20, 3e-20, 2e-20, 2e-20, -1
0.742149, -0.110684, 1.19071, 0.05, -0.127882, -0.0062241, -0.0111253, 0.128516, 999.638, -578.679, 10, 2e-20, 3e-20, 2e-20, 2e-20, -1
0.631, -0.0508966, 1.1835, 0.05, -0.0563019, -0.000806933, 0.0965083, 0.111734, 1006.56, 10497, 10, 2e-20, 3e-20, 2e-20, 2e-20, -1
0.495551, -0.0757947, 1.26022, 0.05, -0.168244, -0.025588, 0.209297, 0.269752, 1005.43, 8680.69, 10, 2e-20, 3e-20, 2e-20, 2e-20, -1
0.477141, -0.061696, 1.29712, 0.05, -0.19761, 0.0159313, 0.0624995, 0.20787, 1000.98, 1566.88, 10, 2e-20, 3e-20, 2e-20, 2e-20, -1
0.495749, -0.0315292, 1.33402, 0.05, -0.0900717, 0.0141666, 0.111918, 0.144358, 1001.58, 2527.04, 10, 2e-20, 3e-20, 2e-20, 2e-20, -1
0.470311, -0.0237497, 1.37195, 0.05, -0.206507, 0.000631177, 0.105806, 0.232036, 1000.72, 1158.74, 10, 2e-20, 3e-20, 2e-20, 2e-20, -1
0.89216, -0.0494982, 0.0510284, 0.05, -0.0396623, -0.0953942, 0.0279072, 0.107014, 1008.45, 13520.5, 10, 2e-20, 3e-20, 2e-20, 2e-20, -1
0.950945, -0.12994, 0.0492006, 0.05, -0.0748516, -0.117821, -0.0136305, 0.140251, 1011.22, 17953.7, 10, 2e-20, 3e-20, 2e-20, 2e-20, -1
0.927075, -0.100085, 0.150162, 0.05, 0.00445013, 0.0526298, 0.00993221, 0.0537434, 1002.56, 4102.29, 10, 2e-20, 3e-20, 2e-20, 2e-20, -1
0.959735, -0.0749236, 0.168728, 0.05, -0.0261241, -0.0426889, -0.134646, 0.143647, 1006.91, 11050.6, 10, 2e-20, 3e-20, 2e-20, 2e-20, -1
0.954481, -0.0636918, 0.243993, 0.05, -0.0345562, 0.0480816, 0.0468522, 0.0755057, 1009.11, 14575.6, 10, 2e-20, 3e-20, 2e-20, 2e-20, -1
0.957049, -0.0205406, 0.215662, 0.05, 0.0854516, -0.00040537, 0.00601791, 0.0856642, 1003.93, 6286.04, 10, 2e-20, 3e-20, 2e-20, 2e-20, -1
0.947769, -0.0890359, 0.291011, 0.05, -0.0159117, -0.0116199, 0.0309658, 0.0367027, 1002.75, 4398.73, 10, 2e-20, 3e-20, 2e-20, 2e-20, -1
0.923411, -0.100968, 0.249334, 0.05, 0.00933681, -0.0316789, 0.157959, 0.161374, 1008.02, 12838.5, 10, 2e-20, 3e-20, 2e-20, 2e-20, -1
0.899671, -0.0957143, 0.296082, 0.05, -0.0505971, 0.0390597, -0.0338248, 0.0723177, 1003.26, 5212.35, 10, 2e-20, 3e-20, 2e-20, 2e-20, -1
0.91717, -0.0496485, 0.283019, 0.05, -0.0272856, -0.0681466, -0.00159313, 0.0734234, 1008.2, 13125.7, 10, 2e-20, 3e-20, 2e-20, 2e-20, -1
0.873987, -0.110203, 0.256537, 0.05, 0.0328012, -0.0565646, -0.0158299, 0.067276, 1004.67, 7474.38, 10, 2e-20, 3e-20, 2e-20, 2e-20, -1
0.862192, -0.065538, 0.300145, 0.05, 0.043493, 0.0435568, -0.0459074, 0.0767875, 1009.51, 15221.2, 10, 2e-20, 3e-20, 2e-20, 2e-20, -1
0.88902, -0.113874, 0.344516, 0.05, -0.0680214, -0.0413467, 0.0906647, 0.120651, 1007.95, 12713, 10, 2e-20, 3e-20, 2e-20, 2e-20, -1
0.869612, -0.0744356, 0.375585, 0.05, 0.0170279, 0.0953076, 0.125592, 0.158577, 1007.47, 11951, 10, 2e-20, 3e-20, 2e-20, 2e-20, -1
0.834539, -0.152693, 0.438551, 0.05, -0.0687534, -0.034454, 0.00220073, 0.0769347, 1005.51, 8823.08, 10, 2e-20, 3e-20, 2e-20, 2e-20, -1
0.881733, -0.119007, 0.483878, 0.05, -0.0154986, -0.0602605, 0.144118, 0.156976, 1007.63, 12214.8, 10, 2e-20, 3e-20, 2e-20, 2e-20, -1
0.86917, -0.152133, 0.518635, 0.05, -0.176565, -0.0407363, -0.0437111, 0.186401, 1005.05, 8078.6, 10, 2e-20, 3e-20, 2e-20, 2e-20, -1
0.90648, -0.0414419, 0.543688, 0.05, 0.0907144, -0.0599048, -0.0678777, 0.12816, 1009.57, 15315.5, 10, 2e-20, 3e-20, 2e-20, 2e-20, -1
0.873209, -0.104289, 0.549341, 0.05, -0.0314453, 0.0364443, -0.0337318, 0.0587778, 1004.82, 7717.51, 10, 2e-20, 3e-20, 2e-20, 2e-20, -1
0.906083, -0.0376381, 0.603677, 0.05, 0.0750186, 0.0116766, 0.00637316, 0.0761889, 1004.08, 6530.47, 10, 2e-20, 3e-20, 2e-20, 2e-20, -1
0.927326, -0.141407, 0.602792, 0.05, 0.0201248, -0.0796428, 0.098677, 0.128394, 1000.89, 1421.25, 10, 2e-20, 3e-20, 2e-20, 2e-20, -1
0.849744, 0.0225297, 0.567632, 0.05, -0.0701754, -0.0362261, -0.0122812, 0.0799234, 1003.7, 5924.45, 10, 2e-20, 3e-20, 2e-20, 2e-20, -1
0.890977, -0.116561, 0.61919, 0.05, 0.00960207, -0.0493233, -0.00716772, 0.0507579, 1004.85, 7764.6, 10, 2e-20, 3e-20, 2e-20, 2e-20, -1
0.908654, -0.0736328, 0.644824, 0.05, 0.0832063, -0.113232, -0.0471838, 0.148226, 1002.8, 4478.5, 10, 2e-20, 3e-20, 2e-20, 2e-20, -1
0.888478, -0.0549096, 0.696125, 0.05, -0.0481891, -0.0102039, 0.0583009, 0.0763236, 1003.47, 5557.62, 10, 2e-20, 3e-20, 2e-20, 2e-20, -1
0.918125, -0.0962701, 0.711236, 0.05, -0.0715661, -0.0585713, 0.0630062, 0.111902, 1006.72, 10748.7, 10, 2e-20, 3e-20, 2e-20, 2e-20, -1
0.870139, -0.0980087, 0.717009, 0.05, -0.0306372, -0.059289, 0.0853292, 0.108328, 1007.41, 11859.2, 10, 2e-20, 3e-20, 2e-20, 2e-20, -1
0.898256, -0.0427846, 0.881725, 0.05, -0.100074, -0.0646944, -0.0503015, 0.129346, 1002.51, 4012.69, 10, 2e-20, 3e-20, 2e-20, 2e-20, -1
0.893734, 0.0192575, 0.897109, 0.05, 0.0586494, -0.0620394, 0.0376306, 0.093299, 1002.16, 3455.12, 10, 2e-20, 3e-20, 2e-20, 2e-20, -1
0.878429, -0.111267, 0.824757, 0.05, -0.0623052, 0.0452436, 0.0676891, 0.102522, 1005.03, 8047.37, 10, 2e-20, 3e-20, 2e-20, 2e-20, -1
0.828389, -0.0806683, 0.745566, 0.05, 0.0797235, 0.0129917, 0.0836333, 0.116272, 1000.45, 720.887, 10, 2e-20, 3e-20, 2e-20, 2e-20, -1
0.837824, -0.0448386, 0.82043, 0.05, 0.0703752, -0.114953, -0.0464398, 0.14256, 1002.05, 3272.62, 10, 2e-20, 3e-20, 2e-20, 2e-20, -1
0.88407, 0.0347893, 0.846844, 0.05, 0.00677501, -0.0921201, -0.0414883, 0.101259, 1003.04, 4869.14, 10, 2e-20, 3e-20, 2e-20, 2e-20, -1
0.845418, 0.0475843, 0.986463, 0.05, 0.00283195, 0.0340166, 0.035752, 0.0494303, 1004.26, 6821.05, 10, 2e-20, 3e-20, 2e-20, 2e-20, -1
0.83858, -0.0233103, 0.997929, 0.05, 0.0529845, -0.0450255, 0.0905908, 0.114199, 1001.8, 2883.73, 10, 2e-20, 3e-20, 2e-20, 2e-20, -1
0.861827, -0.102127, 1.02496, 0.05, 0.149621, -0.00967448, 0.0397299, 0.155108, 1003.89, 6218.41, 10, 2e-20, 3e-20, 2e-20, 2e-20, -1
0.841288, -0.00701269, 1.0507, 0.05, 0.0300439, -0.0496403, -0.147369, 0.158381, 998.905, -1751.3, 10, 2e-20, 3e-20, 2e-20, 2e-20, -1
0.822005, -0.0879294, 1.09697, 0.05, -0.101799, -0.057228, 0.0714844, 0.136924, 1002.79, 4465.25, 10, 2e-20, 3e-20, 2e-20, 2e-20, -1
0.887866, 0.0150565, 1.10354, 0.05, 0.0494822, 0.00542515, 0.0479696, 0.0691303, 998.542, -2332.35, 10, 2e-20, 3e-20, 2e-20, 2e-20, -1
0.796976, -0.037025, 1.07238, 0.05, -0.156193, -0.0517731, 0.0302509, 0.167308, 1001.78, 2851.55, 10, 2e-20, 3e-20, 2e-20, 2e-20, -1
0.741446, -0.0164572, 1.07004, 0.05, -0.00913253, 0.06654, -0.0262484, 0.0721107, 1006.89, 11029, 10, 2e-20, 3e-20, 2e-20, 2e-20, -1
0.681092, -0.0299118, 1.13984, 0.05, -0.109858, 0.0201254, -0.0838103, 0.139635, 998.881, -1790.8, 10, 2e-20, 3e-20, 2e-20, 2e-20, -1
0.634813, -0.00118028, 1.15426, 0.05, -0.141325, 0.000894583, -0.05848, 0.152949, 1000.97, 1559.07, 10, 2e-20, 3e-20, 2e-20, 2e-20, -1
0.811666, -0.0535591, 1.16197, 0.05, 0.079175, -0.069094, -0.0496533, 0.116224, 996.907, -4949.4, 10, 2e-20, 3e-20, 2e-20, 2e-20, -1
0.73465, -0.0336186, 1.15718, 0.05, -0.102676, 0.00370349, -0.017827, 0.104278, 1003.06, 4890.92, 10, 2e-20, 3e-20, 2e-20, 2e-20, -1
0.678123, -0.017942, 1.18249, 0.05, -0.101451, -0.00339563, -0.0179021, 0.103074, 999.768, -371.089, 10, 2e-20, 3e-20, 2e-20, 2e-20, -1
0.60147, -0.00440979, 1.20638, 0.05, -0.0577615, -0.0298894, 0.0238471, 0.0692709, 1001.67, 2675, 10, 2e-20, 3e-20, 2e-20, 2e-20, -1
0.530466, -0.0233634, 1.22171, 0.05, -0.192004, 0.0145944, -0.0193429, 0.193527, 1000.98, 1565.99, 10, 2e-20, 3e-20, 2e-20, 2e-20, -1
0.481046, 0.01282, 1.32669, 0.05, -0.12038, 0.0217376, 0.0932927, 0.153842, 999.345, -1048.42, 10, 2e-20, 3e-20, 2e-20, 2e-20, -1
0.3844, 0.0170467, 1.36884, 0.05, -0.319348, 0.0402969, 0.236524, 0.399438, 1002.37, 3784.15, 10, 2e-20, 3e-20, 2e-20, 2e-20, -1
0.150273, 0.0809229, 1.42064, 0.05, -0.124729, -0.0401985, 0.39443, 0.41563, 1003.64, 5826.05, 10, 2e-20, 3e-20, 2e-20, 2e-20, -1
0.892734, 0.00916252, 0.05278, 0.05, -0.0594565, -0.0318522, 0.00324009, 0.0675288, 1007.74, 12390.7, 10, 2e-20, 3e-20, 2e-20, 2e-20, -1
0.998732, 0.099619, 0.0792703, 0.05, 0.187427, 0.165367, 0.218898, 0.332252, 1008.07, 12904.9, 10, 2e-20, 3e-20, 2e-20, 2e-20, -1
0.936465, 0.00859666, 0.089883, 0.05, -0.0349293, -0.0499891, -0.021286, 0.0645915, 1005.71, 9143.66, 10, 2e-20, 3e-20, 2e-20, 2e-20, -1
0.937182, 0.0150415, 0.15574, 0.05, 0.065099, 0.00140424, -0.0408298, 0.0768565, 1005.96, 9532.76, 10, 2e-20, 3e-20, 2e-20, 2e-20, -1
0.953614, 0.0638713, 0.218502, 0.05, 0.0274237, -0.0150044, 0.0397619, 0.0505786, 1005.68, 9080.03, 10, 2e-20, 3e-20, 2e-20, 2e-20, -1
0.983493, 0.0309968, 0.204025, 0.05, -0.0280473, 0.0142997, 0.0798267, 0.0858104, 1008.4, 13437.5, 10, 2e-20, 3e-20, 2e-20, 2e-20, -1
0.924982, 0.0272138, 0.206872, 0.05, 0.0190216, 0.00204408, -0.0146818, 0.0241154, 1008.33, 13330, 10, 2e-20, 3e-20, 2e-20, 2e-20, -1
0.957104, 0.0168157, 0.249637, 0.05, 0.100218, -0.0871543, -0.0445682, 0.140092, 1006.97, 11145.7, 10, 2e-20, 3e-20, 2e-20, 2e-20, -1
0.94249, 0.0342715, 0.295379, 0.05, 0.0107169, -0.0603112, -0.00537458, 0.0614913, 1006.03, 9648.15, 10, 2e-20, 3e-20, 2e-20, 2e-20, -1
0.916528, -0.02009, 0.239362, 0.05, 0.00861157, -0.0121213, 0.0600803, 0.0618929, 1005.08, 8127.15, 10, 2e-20, 3e-20, 2e-20, 2e-20, -1
0.887093, 0.033997, 0.299025, 0.05, -0.0300218, -0.0286362, -0.0248631, 0.0483685, 1005.96, 9537.38, 10, 2e-20, 3e-20, 2e-20, 2e-20, -1
0.87066, -0.0183143, 0.333138, 0.05, -0.0270579, -0.0584698, -0.0798515, 0.102602, 1006.86, 10976.1, 10, 2e-20, 3e-20, 2e-20, 2e-20, -1
0.887048, 0.0490318, 0.407974, 0.05, 0.0232801, -0.0345225, 0.0179076, 0.045326, 1005.15, 8235.46, 10, 2e-20, 3e-20, 2e-20, 2e-20, -1
0.885256, -0.0896504, 0.431465, 0.05, 0.0338364, -0.0119414, -0.0684642, 0.0772971, 1011.53, 18440.3, 10, 2e-20, 3e-20, 2e-20, 2e-20, -1
0.821469, 0.0753747, 0.392025, 0.05, 0.00883633, -0.051615, 0.0790218, 0.0947979, 1003.46, 5536.15, 10, 2e-20, 3e-20, 2e-20, 2e-20, -1
0.879959, -0.0389035, 0.489303, 0.05, -0.0147205, 0.0265962, 0.0957996, 0.100507, 1005.84, 9338.22, 10, 2e-20, 3e-20, 2e-20, 2e-20, -1
0.868482, 0.0485109, 0.459202, 0.05, 1.0568e-05, -0.0617915, -0.0190123, 0.0646503, 1008.04, 12859.3, 10, 2e-20, 3e-20, 2e-20, 2e-20, -1
0.882921, 0.0108514, 0.493471, 0.05, -0.0423717, -0.0553333, 0.00140696, 0.0697074, 1001.39, 2227.63, 10, 2e-20, 3e-20, 2e-20, 2e-20, -1
0.885428, 0.0849644, 0.517183, 0.05, -0.0910135, -0.0204317, -0.0452114, 0.103658, 1004.59, 7340.53, 10, 2e-20, 3e-20, 2e-20, 2e-20, -1
0.909836, -0.080648, 0.582017, 0.05, -0.0331907, -0.0093629, 0.0419343, 0.0542934, 1005.13, 8201.73, 10, 2e-20, 3e-20, 2e-20, 2e-20, -1
0.866175, -0.0310887, 0.573747, 0.05, -0.0868537, -0.0391394, 0.000809335, 0.0952686, 1002.44, 3896.82, 10, 2e-20, 3e-20, 2e-20, 2e-20, -1
0.878291, 0.00231674, 0.611444, 0.05, 0.0132861, -0.00238518, 0.0536338, 0.0553063, 1004.04, 6463.89, 10, 2e-20, 3e-20, 2e-20, 2e-20, -1
0.864911, -0.0812364, 0.597697, 0.05, -0.00521304, -0.0382042, 0.0255198, 0.0462385, 1004.24, 6780.69, 10, 2e-20, 3e-20, 2e-20, 2e-20, -1
0.856916, -0.00867504, 0.677025, 0.05, -0.0174423, 0.009064, -0.0136777, 0.0239472, 1005.63, 9006.78, 10, 2e-20, 3e-20, 2e-20, 2e-20, -1
0.845554, -0.0646887, 0.638072, 0.05, -0.038282, -0.00280535, -0.0760753, 0.0852106, 1002.6, 4162, 10, 2e-20, 3e-20, 2e-20, 2e-20, -1
0.896687, 0.0310019, 0.723607, 0.05, 0.0695431, -0.0588273, -0.0167831, 0.0926206, 1000.94, 1503.63, 10, 2e-20, 3e-20, 2e-20, 2e-20, -1
0.859957, -0.024019, 0.727077, 0.05, 0.0107003, -0.0348641, 0.042969, 0.056359, 1002.96, 4736.14, 10, 2e-20, 3e-20, 2e-20, 2e-20, -1
0.925532, 0.0681159, 0.764218, 0.05, -0.0213782, -0.0302313, 0.0240996, 0.0441786, 1006.52, 10425.6, 10, 2e-20, 3e-20, 2e-20, 2e-20, -1
0.881834, -0.00359301, 0.757222, 0.05, -0.00780777, -0.0680536, 0.0349099, 0.0768827, 1001.01, 1622.23, 10, 2e-20, 3e-20, 2e-20, 2e-20, -1
0.868787, 0.0394728, 0.77157, 0.05, -0.0200871, -0.0441295, 0.128483, 0.137327, 1000.48, 760.737, 10, 2e-20, 3e-20, 2e-20, 2e-20, -1
0.842178, -0.00258417, 0.797136, 0.05, 0.0296557, -0.0244287, -0.0311957, 0.0494914, 1005.66, 9048.62, 10, 2e-20, 3e-20, 2e-20, 2e-20, -1
0.875368, 0.161403, 0.836285, 0.05, -0.0386797, -0.00912672, -0.0455263, 0.0604323, 1003.4, 5434.23, 10, 2e-20, 3e-20, 2e-20, 2e-20, -1
0.927441, 0.116379, 0.951724, 0.05, -0.00444563, -0.0176277, -0.0453092, 0.0488203, 1001.97, 3152.76, 10, 2e-20, 3e-20, 2e-20, 2e-20, -1
0.875603, 0.124043, 0.957818, 0.05, 0.0789097, -0.0702051, -0.0580553, 0.120524, 1004.23, 6765.99, 10, 2e-20, 3e-20, 2e-20, 2e-20, -1
0.945996, 0.121069, 1.07218, 0.05, 0.038028, -0.0483152, -0.0551457, 0.0825926, 1002.17, 3471.51, 10, 2e-20, 3e-20, 2e-20, 2e-20, -1
0.874367, 0.00514834, 1.03679, 0.05, -0.0236436, -0.124574, 0.000929849, 0.126802, 1000.78, 1240.34, 10, 2e-20, 3e-20, 2e-20, 2e-20, -1
0.907064, 0.189275, 1.11547, 0.05, -0.127587, -0.0960623, -0.136619, 0.210169, 1002.21, 3542.07, 10, 2e-20, 3e-20, 2e-20, 2e-20, -1
0.882433, 0.135981, 1.10875, 0.05, -0.150539, -0.0579524, -0.144106, 0.216303, 1000.72, 1159.06, 10, 2e-20, 3e-20, 2e-20, 2e-20, -1
0.838827, 0.102001, 1.08924, 0.05, 0.0443573, -0.0753007, -0.0217504, 0.0900602, 999.94, -96.2961, 10, 2e-20, 3e-20, 2e-20, 2e-20, -1
0.703541, 0.0520208, 1.124, 0.05, 0.0404723, 0.0113857, 0.0167084, 0.0452417, 1008.4, 13432.4, 10, 2e-20, 3e-20, 2e-20, 2e-20, -1
0.862377, 0.0951211, 1.13735, 0.05, -0.0873268, -0.0480477, -0.141888, 0.173398, 1000.34, 537.902, 10, 2e-20, 3e-20, 2e-20, 2e-20, -1
0.807072, 0.0274392, 1.13108, 0.05, -0.0406959, -0.0251968, -0.152297, 0.159642, 1001, 1604.53, 10, 2e-20, 3e-20, 2e-20, 2e-20, -1
0.750875, 0.0256261, 1.13443, 0.05, -0.135065, -0.0883072, -0.0809023, 0.180516, 1000.97, 1545.33, 10, 2e-20, 3e-20, 2e-20, 2e-20, -1
0.769242, 0.0624616, 1.15575, 0.05, -0.164058, 0.0681505, -0.199884, 0.26742, 997.458, -4067.59, 10, 2e-20, 3e-20, 2e-20, 2e-20, -1
0.665678, 0.0536887, 1.1605, 0.05, -0.145124, -0.0422749, -0.0738093, 0.168214, 1001.08, 1720.95, 10, 2e-20, 3e-20, 2e-20, 2e-20, -1
0.628925, 0.0668497, 1.19607, 0.05, -0.15796, -0.0591429, -0.0239961, 0.170367, 996.981, -4829.75, 10, 2e-20, 3e-20, 2e-20, 2e-20, -1
0.615132, 0.0968678, 1.1675, 0.05, -0.148141, 0.0779361, -0.0971944, 0.193563, 998.593, -2251.24, 10, 2e-20, 3e-20, 2e-20, 2e-20, -1
0.564872, 0.0423604, 1.20419, 0.05, -0.147856, -0.179428, -0.0463516, 0.237075, 1004.66, 7448.33, 10, 2e-20, 3e-20, 2e-20, 2e-20, -1
0.516044, 0.0257617, 1.23409, 0.05, -0.113132, 0.0133216, 0.0380533, 0.120101, 1001.76, 2814.71, 10, 2e-20, 3e-20, 2e-20, 2e-20, -1
0.408221, 0.0275094, 1.37638, 0.05, -0.220011, 0.0725602, 0.011174, 0.231936, 999.493, -811.641, 10, 2e-20, 3e-20, 2e-20, 2e-20, -1
0.189814, 0.109961, 1.41938, 0.05, -0.051735, -0.106892, 0.0967888, 0.153201, 994.171, -9325.88, 10, 2e-20, 3e-20, 2e-20, 2e-20, -1
0.945103, 0.112267, 0.0525073, 0.05, -0.187937, 0.0955854, -0.0208069, 0.211872, 1015.76, 25210.6, 10, 2e-20, 3e-20, 2e-20, 2e-20, -1
0.937672, 0.231802, 0.0495036, 0.05, -0.0253228, 0.136645, 0.0464254, 0.146521, 1015.66, 25055.1, 10, 2e-20, 3e-20, 2e-20, 2e-20, -1
0.930153, 0.221397, 0.107126, 0.05, 0.0180918, 0.00784561, -0.0659517, 0.0688367, 1005.5, 8793.3, 10, 2e-20, 3e-20, 2e-20, 2e-20, -1
0.933704, 0.0710598, 0.0847227, 0.05, -0.107, 0.0220505, 0.0355504, 0.114887, 1009.2, 14718.5, 10, 2e-20, 3e-20, 2e-20, 2e-20, -1
0.928496, 0.164487, 0.103618, 0.05, -0.0141144, 0.0988825, 0.0315142, 0.104738, 1009.01, 14419.6, 10, 2e-20, 3e-20, 2e-20, 2e-20, -1
0.882887, 0.197419, 0.106154, 0.05, 0.0601283, -0.0145642, 0.0178096, 0.0643794, 1006.29, 10061.6, 10, 2e-20, 3e-20, 2e-20, 2e-20, -1
0.901073, 0.176873, 0.155466, 0.05, 0.134843, -0.0423012, -0.0712028, 0.158246, 1006, 9596.88, 10, 2e-20, 3e-20, 2e-20, 2e-20, -1
0.906665, 0.138122, 0.192406, 0.05, -0.0389526, -0.0110245, -0.0641222, 0.075832, 1007.86, 12581.9, 10, 2e-20, 3e-20, 2e-20, 2e-20, -1
0.901464, 0.141561, 0.245583, 0.05, -0.0511224, -0.0320831, -0.111062, 0.126403, 1008.05, 12880.6, 10, 2e-20, 3e-20, 2e-20, 2e-20, -1
0.880785, 0.0821032, 0.249338, 0.05, 0.110122, 0.0152245, -0.0196778, 0.112898, 1004.5, 7196.28, 10, 2e-20, 3e-20, 2e-20, 2e-20, -1
0.859865, 0.156098, 0.325094, 0.05, 0.0379064, 0.00360325, -0.0166099, 0.0415423, 1007.62, 12195.5, 10, 2e-20, 3e-20, 2e-20, 2e-20, -1
0.885342, 0.0369026, 0.351326, 0.05, -0.00428689, 0.0328557, -0.0362901, 0.0491411, 1007.89, 12624, 10, 2e-20, 3e-20, 2e-20, 2e-20, -1
0.90618, 0.219571, 0.416026, 0.05, -0.106912, 0.0705375, -0.00165729, 0.128095, 1009.34, 14936, 10, 2e-20, 3e-20, 2e-20, 2e-20, -1
0.869922, 0.0827949, 0.373263, 0.05, -0.0374792, -0.0228243, 0.026623, 0.0513266, 1004.26, 6819.56, 10, 2e-20, 3e-20, 2e-20, 2e-20, -1
0.872136, 0.184308, 0.432158, 0.05, 0.0199827, -0.0178357, 0.0531398, 0.0595085, 1010.09, 16148.9, 10, 2e-20, 3e-20, 2e-20, 2e-20, -1
0.872519, 0.141007, 0.394056, 0.05, 0.0378751, 0.0142776, 0.0554139, 0.0686227, 1008.48, 13566, 10, 2e-20, 3e-20, 2e-20, 2e-20, -1
0.88535, 0.217865, 0.5046, 0.05, 0.0446073, -0.015445, 0.010042, 0.0482618, 1006.9, 11036.3, 10, 2e-20, 3e-20, 2e-20, 2e-20, -1
0.892867, 0.182139, 0.477369, 0.05, 0.0117341, 0.0353957, -0.0246973, 0.0447269, 1001.61, 2575.29, 10, 2e-20, 3e-20, 2e-20, 2e-20, -1
0.856757, 0.163961, 0.51628, 0.05, -0.0338424, -0.0407104, -0.00794553, 0.0535329, 1005.09, 8151.72, 10, 2e-20, 3e-20, 2e-20, 2e-20, -1
0.856426, 0.0754188, 0.562163, 0.05, -0.069984, 0.0149644, -0.116864, 0.137036, 1001.11, 1768.59, 10, 2e-20, 3e-20, 2e-20, 2e-20, -1
0.859761, 0.125778, 0.606286, 0.05, -0.0376315, 0.0321293, 0.154564, 0.162291, 1009.08, 14525.1, 10, 2e-20, 3e-20, 2e-20, 2e-20, -1
0.898902, 0.0181708, 0.676278, 0.05, -0.0268219, -0.0509372, 0.0731777, 0.0931074, 1005.87, 9384.73, 10, 2e-20, 3e-20, 2e-20, 2e-20, -1
0.917066, 0.125052, 0.615235, 0.05, 0.0567483, -0.00169731, 0.0997228, 0.114751, 1001.69, 2710.78, 10, 2e-20, 3e-20, 2e-20, 2e-20, -1
0.956618, 0.0292233, 0.729513, 0.05, 0.00289355, -0.030036, 0.0379759, 0.0485047, 1001.8, 2884.56, 10, 2e-20, 3e-20, 2e-20, 2e-20, -1
0.957241, 0.101251, 0.686729, 0.05, -0.0361129, 0.00484394, 0.100707, 0.107095, 1007.26, 11618, 10, 2e-20, 3e-20, 2e-20, 2e-20, -1
0.936124, 0.0624988, 0.705592, 0.05, -0.0168852, -0.0496565, 0.0771355, 0.0932779, 1003.82, 6112.53, 10, 2e-20, 3e-20, 2e-20, 2e-20, -1
0.937895, 0.106137, 0.73008, 0.05, -0.035732, -0.0112846, -0.0419988, 0.0562852, 1008.37, 13395, 10, 2e-20, 3e-20, 2e-20, 2e-20, -1
0.934112, 0.128682, 0.833075, 0.05, 0.122211, -0.0214323, 0.0625943, 0.138971, 1007.09, 11346.5, 10, 2e-20, 3e-20, 2e-20, 2e-20, -1
0.910761, 0.123557, 0.76304, 0.05, -0.0105333, -0.019856, -0.0301557, 0.0376109, 1008.24, 13177.9, 10, 2e-20, 3e-20, 2e-20, 2e-20, -1
0.884962, 0.118414, 0.806953, 0.05, 0.0633739, 0.00132072, -0.0478796, 0.0794383, 1002.52, 4030.08, 10, 2e-20, 3e-20, 2e-20, 2e-20, -1
0.866628, 0.224141, 0.889355, 0.05, -0.0457292, 0.043427, -0.151812, 0.16439, 1003.58, 5732.16, 10, 2e-20, 3e-20, 2e-20, 2e-20, -1
0.866272, 0.256231, 0.830441, 0.05, 0.0761282, 0.034947, -0.109933, 0.13821, 1003.4, 5447.83, 10, 2e-20, 3e-20, 2e-20, 2e-20, -1
0.834474, 0.166157, 0.923837, 0.05, 0.0121518, -0.0560894, -0.149189, 0.159847, 1001.13, 1814.33, 10, 2e-20, 3e-20, 2e-20, 2e-20, -1
0.81897, 0.147393, 0.963665, 0.05, -0.0525862, 0.000655533, -0.100457, 0.11339, 998.316, -2694.62, 10, 2e-20, 3e-20, 2e-20, 2e-20, -1
0.989656, 0.132789, 1.15223, 0.05, -0.0866089, -0.226473, -0.00407183, 0.242503, 1006.89, 11024.6, 10, 2e-20, 3e-20, 2e-20, 2e-20, -1
0.878337, 0.114634, 1.01421, 0.05, 0.0297812, 0.0174222, 0.00598178, 0.0350177, 1000.97, 1552.62, 10, 2e-20, 3e-20, 2e-20, 2e-20, -1
0.821211, 0.12283, 1.00581, 0.05, 0.0284608, -0.138387, -0.0477766, 0.149142, 998.654, -2152.87, 10, 2e-20, 3e-20, 2e-20, 2e-20, -1
0.86572, 0.154312, 1.03925, 0.05, 0.09051, -0.0108657, 0.0356017, 0.0978653, 1006.65, 10634.8, 10, 2e-20, 3e-20, 2e-20, 2e-20, -1
0.874167, 0.178173, 1.08002, 0.05, -0.0308038, -0.0393737, -0.113601, 0.124114, 1001.43, 2289.43, 10, 2e-20, 3e-20, 2e-20, 2e-20, -1
0.826665, 0.179355, 1.09202, 0.05, 0.0984293, 0.0736938, -0.175387, 0.214195, 1000.15, 234.801, 10, 2e-20, 3e-20, 2e-20, 2e-20, -1
0.821041, 0.139169, 1.06419, 0.05, 0.0677658, -0.106996, -0.177076, 0.217707, 997.041, -4734.01, 10, 2e-20, 3e-20, 2e-20, 2e-20, -1
0.766543, 0.172388, 1.0823, 0.05, -0.149526, 0.117628, -0.219051, 0.290134, 1003.82, 6115.42, 10, 2e-20, 3e-20, 2e-20, 2e-20, -1
0.649413, 0.141266, 1.25373, 0.05, -0.223755, -0.0276334, -0.162188, 0.277732, 1001.24, 1988.92, 10, 2e-20, 3e-20, 2e-20, 2e-20, -1
0.740369, 0.0929325, 1.14208, 0.05, -0.111319, 0.00410061, -0.141508, 0.180092, 996.161, -6142.09, 10, 2e-20, 3e-20, 2e-20, 2e-20, -1
0.664181, 0.104483, 1.17937, 0.05, -0.0601461, 0.00849842, -0.0158216, 0.0627702, 1004.62, 7384.12, 10, 2e-20, 3e-20, 2e-20, 2e-20, -1
0.607627, 0.103628, 1.25068, 0.05, -0.132081, 0.050971, -0.0203563, 0.143031, 999.749, -402.054, 10, 2e-20, 3e-20, 2e-20, 2e-20, -1
0.587266, 0.089122, 1.22169, 0.05, -0.165778, -0.0603069, -0.00942166, 0.176658, 1004.95, 7923.32, 10, 2e-20, 3e-20, 2e-20, 2e-20, -1
0.522996, 0.0772743, 1.24272, 0.05, -0.0773124, -0.0806322, 0.0716947, 0.132736, 1002.02, 3225.98, 10, 2e-20, 3e-20, 2e-20, 2e-20, -1
0.427002, 0.132228, 1.32404, 0.05, -0.194353, -0.0211153, 0.0097722, 0.195741, 999.017, -1572.64, 10, 2e-20, 3e-20, 2e-20, 2e-20, -1
0.373332, 0.0882431, 1.38218, 0.05, -0.307943, -0.041032, 0.130991, 0.337152, 997.891, -3373.7, 10, 2e-20, 3e-20, 2e-20, 2e-20, -1
0.141462, 0.190874, 1.42546, 0.05, -0.0749585, -0.11003, 0.150311, 0.200795, 995.33, -7472.08, 10, 2e-20, 3e-20, 2e-20, 2e-20, -1
0.879388, 0.24352, 0.0533431, 0.05, 0.014431, 0.00236312, 0.0586178, 0.0604143, 1015.42, 24675.3, 10, 2e-20, 3e-20, 2e-20, 2e-20, -1
0.930106, 0.336754, 0.0834217, 0.05, 0.0975872, -0.0171927, -0.0648765, 0.118439, 1009.67, 15472.9, 10, 2e-20, 3e-20, 2e-20, 2e-20, -1
0.891427, 0.308631, 0.124903, 0.05, 0.00336608, 0.0486528, -0.00282049, 0.0488506, 1011.11, 17777.5, 10, 2e-20, 3e-20, 2e-20, 2e-20, -1
0.934201, 0.262811, 0.0790554, 0.05, 0.0438237, -0.0795272, 0.0824559, 0.122654, 1008.65, 13846.4, 10, 2e-20, 3e-20, 2e-20, 2e-20, -1
0.908379, 0.227764, 0.163549, 0.05, 0.0261449, 0.0558796, -0.0259091, 0.0669131, 1014.96, 23941, 10, 2e-20, 3e-20, 2e-20, 2e-20, -1
0.991007, 0.23176, 0.201594, 0.05, 0.0859284, -0.0130285, 0.0336314, 0.0931906, 1005.19, 8308.37, 10, 2e-20, 3e-20, 2e-20, 2e-20, -1
0.922055, 0.238801, 0.212947, 0.05, -0.00431021, 0.0226083, 0.0444011, 0.0500117, 1005.28, 8453.74, 10, 2e-20, 3e-20, 2e-20, 2e-20, -1
0.917134, 0.319818, 0.175539, 0.05, 0.129538, -0.106424, 0.0348944, 0.171242, 1012.11, 19368.1, 10, 2e-20, 3e-20, 2e-20, 2e-20, -1
0.961301, 0.220881, 0.240007, 0.05, 0.0649921, 0.0850999, -0.0321197, 0.111793, 1003.05, 4872.25, 10, 2e-20, 3e-20, 2e-20, 2e-20, -1
0.89213, 0.227981, 0.249983, 0.05, -0.0725458, -0.0152011, -0.0651654, 0.098694, 1005.56, 8890.18, 10, 2e-20, 3e-20, 2e-20, 2e-20, -1
0.885021, 0.180262, 0.270928, 0.05, 0.0241253, -0.0130036, -0.00268332, 0.0275377, 1004.5, 7202.12, 10, 2e-20, 3e-20, 2e-20, 2e-20, -1
0.922189, 0.291048, 0.349842, 0.05, 0.216912, -0.0115831, 0.049603, 0.222812, 1009.52, 15240, 10, 2e-20, 3e-20, 2e-20, 2e-20, -1
0.893726, 0.182883, 0.35328, 0.05, -0.021973, -0.0570524, -0.060168, 0.0857786, 1002.98, 4763.54, 10, 2e-20, 3e-20, 2e-20, 2e-20, -1
0.882302, 0.228714, 0.368726, 0.05, 0.0422468, -0.020478, -0.0285825, 0.0549646, 1007.42, 11871.5, 10, 2e-20, 3e-20, 2e-20, 2e-20, -1
0.899874, 0.269277, 0.420955, 0.05, 0.0620328, -0.0246713, 0.121908, 0.138991, 1003.68, 5888.19, 10, 2e-20, 3e-20, 2e-20, 2e-20, -1
0.905998, 0.310228, 0.460408, 0.05, -0.0478279, 0.121237, -0.0619733, 0.144314, 1006.86, 10983.9, 10, 2e-20, 3e-20, 2e-20, 2e-20, -1
0.91987, 0.266942, 0.485987, 0.05, 0.043008, 0.0747665, -0.0985491, 0.130964, 1004.52, 7229.1, 10, 2e-20, 3e-20, 2e-20, 2e-20, -1
0.865875, 0.291247, 0.484472, 0.05, 0.0265316, -0.0554548, -0.138273, 0.151322, 1006.39, 10229.1, 10, 2e-20, 3e-20, 2e-20, 2e-20, -1
0.89218, 0.284935, 0.617788, 0.05, -0.0106368, 0.00673146, 0.0225602, 0.0258344, 1008.4, 13434.2, 10, 2e-20, 3e-20, 2e-20, 2e-20, -1
0.894801, 0.283768, 0.56786, 0.05, 0.00115734, 0.0114361, -0.00308716, 0.0119019, 1006.24, 9986.73, 10, 2e-20, 3e-20, 2e-20, 2e-20, -1
0.957542, 0.265537, 0.648656, 0.05, 0.0208287, -0.0295694, 0.135245, 0.139998, 1006.22, 9944.62, 10, 2e-20, 3e-20, 2e-20, 2e-20, -1
0.865031, 0.160821, 0.570248, 0.05, -0.00210598, -0.0987714, -0.0391012, 0.10625, 1004.44, 7106.51, 10, 2e-20, 3e-20, 2e-20, 2e-20, -1
0.957248, 0.242155, 0.691465, 0.05, 0.0277119, -0.067198, -0.037485, 0.0817841, 1002.76, 4416.44, 10, 2e-20, 3e-20, 2e-20, 2e-20, -1
0.942326, 0.284906, 0.779839, 0.05, -0.0264377, 0.0252435, 0.0430994, 0.0565132, 1004.46, 7141.45, 10, 2e-20, 3e-20, 2e-20, 2e-20, -1
0.951522, 0.118313, 0.793142, 0.05, -0.103173, -0.0809933, 0.0365416, 0.136162, 1003.6, 5764.25, 10, 2e-20, 3e-20, 2e-20, 2e-20, -1
0.925575, 0.199587, 0.686232, 0.05, -0.029426, 0.0977196, 0.0294431, 0.106216, 1002.79, 4460.09, 10, 2e-20, 3e-20, 2e-20, 2e-20, -1
0.916688, 0.161152, 0.716826, 0.05, 0.0411895, -0.0903384, 0.03124, 0.104084, 1005.61, 8977.88, 10, 2e-20, 3e-20, 2e-20, 2e-20, -1
0.913868, 0.230805, 0.758799, 0.05, 0.0496291, -0.0270068, -0.0348906, 0.066406, 1004.95, 7921.45, 10, 2e-20, 3e-20, 2e-20, 2e-20, -1
0.922598, 0.180275, 0.768234, 0.05, -0.048245, -0.00434766, -0.0345702, 0.0595112, 1001.19, 1898.35, 10, 2e-20, 3e-20, 2e-20, 2e-20, -1
0.88205, 0.165615, 0.79296, 0.05, -0.00814941, -0.0163194, -0.0849237, 0.0868606, 998.466, -2453.66, 10, 2e-20, 3e-20, 2e-20, 2e-20, -1
0.888256, 0.198481, 0.720462, 0.05, -0.0120142, -0.0116008, -0.0313501, 0.0355211, 1005.16, 8248.66, 10, 2e-20, 3e-20, 2e-20, 2e-20, -1
0.926266, 0.245878, 0.929747, 0.05, 0.0448598, -0.0286332, -0.181743, 0.189375, 1003.22, 5158.02, 10, 2e-20, 3e-20, 2e-20, 2e-20, -1
0.89359, 0.289115, 0.991582, 0.05, 0.0688305, -0.00413998, -0.174603, 0.187726, 1005.72, 9149.32, 10, 2e-20, 3e-20, 2e-20, 2e-20, -1
0.924569, 0.168541, 1.05711, 0.05, 0.00129488, -0.0824309, -0.0791685, 0.114299, 1001.71, 2739.19, 10, 2e-20, 3e-20, 2e-20, 2e-20, -1
0.939857, 0.360174, 1.02904, 0.05, 0.0531964, 0.011419, -0.0453513, 0.0708307, 1003.82, 6116.26, 10, 2e-20, 3e-20, 2e-20, 2e-20, -1
0.965556, 0.199393, 1.1361, 0.05, 0.0641322, -0.0226961, 0.0464028, 0.0823485, 999.905, -151.375, 10, 2e-20, 3e-20, 2e-20, 2e-20, -1
0.913729, 0.215258, 1.0745, 0.05, -0.144091, 0.0158393, -0.228581, 0.27067, 1004.58, 7329.77, 10, 2e-20, 3e-20, 2e-20, 2e-20, -1
0.968617, 0.268049, 1.0958, 0.05, 0.294536, -0.00719909, 0.00705832, 0.294708, 1010.23, 16372.7, 10, 2e-20, 3e-20, 2e-20, 2e-20, -1
0.979603, 0.206001, 1.19012, 0.05, -0.33414, 0.175669, -0.256492, 0.456396, 999.07, -1488.12, 10, 2e-20, 3e-20, 2e-20, 2e-20, -1
0.859527, 0.25309, 1.15984, 0.05, -0.0868849, 0.0967181, -0.191, 0.231051, 1001.5, 2406.1, 10, 2e-20, 3e-20, 2e-20, 2e-20, -1
0.775265, 0.219587, 1.06075, 0.05, -0.0141449, -0.0382164, -0.0911448, 0.0998396, 1000.65, 1032.14, 10, 2e-20, 3e-20, 2e-20, 2e-20, -1
0.782981, 0.220182, 1.09793, 0.05, 0.00953278, 0.033956, -0.123965, 0.128884, 1000.78, 1241.1, 10, 2e-20, 3e-20, 2e-20, 2e-20, -1
0.701031, 0.183887, 1.1761, 0.05, 0.0272078, 0.028704, -0.14018, 0.145652, 999.359, -1026.13, 10, 2e-20, 3e-20, 2e-20, 2e-20, -1
0.757017, 0.120722, 1.17486, 0.05, -0.17367, -0.0333876, -0.220315, 0.282515, 996.44, -5695.35, 10, 2e-20, 3e-20, 2e-20, 2e-20, -1
0.660799, 0.174655, 1.21256, 0.05, -0.0407844, -0.0293372, -0.163699, 0.171235, 1001.32, 2105.21, 10, 2e-20, 3e-20, 2e-20, 2e-20, -1
0.575586, 0.142556, 1.26555, 0.05, -0.106458, -0.0107648, -0.0551277, 0.120367, 1003.24, 5190.66, 10, 2e-20, 3e-20, 2e-20, 2e-20, -1
0.593041, 0.115071, 1.30875, 0.05, -0.162925, -0.0229453, -0.078637, 0.182359, 999.647, -565.103, 10, 2e-20, 3e-20, 2e-20, 2e-20, -1
0.549176, 0.14626, 1.29961, 0.05, -0.175877, 0.0777116, 0.000370144, 0.192281, 1000.66, 1049.38, 10, 2e-20, 3e-20, 2e-20, 2e-20, -1
0.532159, 0.131702, 1.25107, 0.05, -0.161851, 0.0133847, -0.030094, 0.165169, 996.775, -5159.38, 10, 2e-20, 3e-20, 2e-20, 2e-20, -1
0.455116, 0.125152, 1.34087, 0.05, -0.137386, -0.0672633, -0.00957061, 0.153268, 1003.09, 4949.44, 10, 2e-20, 3e-20, 2e-20, 2e-20, -1
0.189969, 0.0281594, 1.41749, 0.05, -0.0413885, 0.0381107, 0.634449, 0.636938, 999.016, -1573.88, 10, 2e-20, 3e-20, 2e-20, 2e-20, -1
0.866421, 0.406733, 0.0513588, 0.05, 0.0406648, -0.0144501, -0.05524, 0.0700991, 1014.72, 23547.8, 10, 2e-20, 3e-20, 2e-20, 2e-20, -1
0.876088, 0.463089, 0.0988793, 0.05, 0.10834, 0.00415094, 0.0120725, 0.109089, 1007.32, 11713, 10, 2e-20, 3e-20, 2e-20, 2e-20, -1
0.89293, 0.430032, 0.128567, 0.05, 0.0842372, -0.0279838, 0.0126065, 0.0896545, 1009.3, 14873.1, 10, 2e-20, 3e-20, 2e-20, 2e-20, -1
0.908854, 0.393383, 0.0756148, 0.05, 0.0729066, -0.0108306, -0.0734981, 0.10409, 1014.27, 22828.4, 10, 2e-20, 3e-20, 2e-20, 2e-20, -1
0.895781, 0.359359, 0.11703, 0.05, 0.11012, 0.0125669, -0.063582, 0.127777, 1008.99, 14391.1, 10, 2e-20, 3e-20, 2e-20, 2e-20, -1
0.949101, 0.279455, 0.172212, 0.05, -0.0455422, 0.133264, -0.0466728, 0.148364, 1005.81, 9299.03, 10, 2e-20, 3e-20, 2e-20, 2e-20, -1
0.899886, 0.373157, 0.163589, 0.05, 0.0309237, 0.0838937, -0.0221697, 0.0921191, 1012.01, 19217.1, 10, 2e-20, 3e-20, 2e-20, 2e-20, -1
0.919532, 0.328211, 0.29667, 0.05, -0.0256547, 0.0511434, 0.045304, 0.0729812, 1005.04, 8071.49, 10, 2e-20, 3e-20, 2e-20, 2e-20, -1
0.892784, 0.354081, 0.25959, 0.05, 0.0330227, 0.0414982, -0.0257593, 0.0589588, 1007.94, 12697.5, 10, 2e-20, 3e-20, 2e-20, 2e-20, -1
0.903779, 0.281146, 0.242911, 0.05, -0.0490488, 0.082566, -0.0723029, 0.120211, 1007.21, 11532.4, 10, 2e-20, 3e-20, 2e-20, 2e-20, -1
0.858782, 0.398618, 0.344342, 0.05, -0.111314, -0.124448, -0.0530075, 0.175179, 1005.4, 8635.4, 10, 2e-20, 3e-20, 2e-20, 2e-20, -1
0.900535, 0.37792, 0.315581, 0.05, -0.0374068, -0.00441388, -0.0590135, 0.0700096, 1010.09, 16145, 10, 2e-20, 3e-20, 2e-20, 2e-20, -1
0.895415, 0.345917, 0.350424, 0.05, 0.0146547, 0.0192938, -0.0258345, 0.035418, 1006.04, 9656.06, 10, 2e-20, 3e-20, 2e-20, 2e-20, -1
0.881121, 0.288775, 0.37935, 0.05, 0.040183, -0.0664848, 0.109249, 0.134053, 1006.5, 10401.9, 10, 2e-20, 3e-20, 2e-20, 2e-20, -1
0.85721, 0.336031, 0.378115, 0.05, -0.0905636, -0.00962854, -0.0580679, 0.108011, 1007.39, 11827.3, 10, 2e-20, 3e-20, 2e-20, 2e-20, -1
0.934, 0.347518, 0.450335, 0.05, -0.0165183, -0.0295615, 0.0298888, 0.0451672, 1010.1, 16167.3, 10, 2e-20, 3e-20, 2e-20, 2e-20, -1
0.882024, 0.384845, 0.476013, 0.05, 0.0288478, -0.0163534, -0.0438223, 0.0549548, 1007.61, 12175.5, 10, 2e-20, 3e-20, 2e-20, 2e-20, -1
0.897662, 0.395823, 0.590323, 0.05, 0.119629, 0.00647709, 0.0158644, 0.12085, 1007.74, 12380.1, 10, 2e-20, 3e-20, 2e-20, 2e-20, -1
0.866303, 0.339621, 0.467767, 0.05, 0.0813864, -0.00667314, 0.0235934, 0.0849995, 1006.68, 10681, 10, 2e-20, 3e-20, 2e-20, 2e-20, -1
0.844871, 0.314492, 0.633973, 0.05, 0.0324399, 0.0417864, 0.00953309, 0.0537525, 1009.1, 14565.9, 10, 2e-20, 3e-20, 2e-20, 2e-20, -1
0.843759, 0.329449, 0.582493, 0.05, -0.0175924, -0.0105601, -0.0414956, 0.0462914, 1001.87, 2997.5, 10, 2e-20, 3e-20, 2e-20, 2e-20, -1
0.801037, 0.305322, 0.583324, 0.05, -0.0264662, -0.0105382, -0.0329988, 0.0435939, 1006.76, 10823.9, 10, 2e-20, 3e-20, 2e-20, 2e-20, -1
0.8804, 0.285339, 0.671365, 0.05, -0.0449547, 0.0029842, -0.00990842, 0.0461303, 1004.08, 6521.15, 10, 2e-20, 3e-20, 2e-20, 2e-20, -1
0.789626, 0.31141, 0.632781, 0.05, -0.0541709, -0.0883333, -0.0346056, 0.109247, 1001.1, 1758.04, 10, 2e-20, 3e-20, 2e-20, 2e-20, -1
0.922122, 0.247105, 0.716352, 0.05, -0.0170957, -0.0951519, 0.0107458, 0.0972709, 1006.14, 9817.75, 10, 2e-20, 3e-20, 2e-20, 2e-20, -1
0.82371, 0.336824, 0.665874, 0.05, 0.0372081, -0.0155507, -0.0658804, 0.0772431, 1003.3, 5272.53, 10, 2e-20, 3e-20, 2e-20, 2e-20, -1
0.877933, 0.344062, 0.759658, 0.05, -0.0318334, -0.052027, 0.00526495, 0.06122, 1004.83, 7723.95, 10, 2e-20, 3e-20, 2e-20, 2e-20, -1
0.88742, 0.295566, 0.782023, 0.05, -0.0810927, -0.0327278, -0.032972, 0.0934574, 1008.1, 12954, 10, 2e-20, 3e-20, 2e-20, 2e-20, -1
0.910211, 0.20088, 0.807137, 0.05, 0.0448869, -0.0556907, -0.0872724, 0.11284, 1003.53, 5644.59, 10, 2e-20, 3e-20, 2e-20, 2e-20, -1
0.906145, 0.257301, 0.855321, 0.05, 0.0619518, -0.0612204, 0.0645568, 0.108414, 1007.85, 12553.4, 10, 2e-20, 3e-20, 2e-20, 2e-20, -1
0.876936, 0.379454, 0.8787, 0.05, -0.0576466, -0.0849087, -0.0615585, 0.119675, 1001.27, 2038.68, 10, 2e-20, 3e-20, 2e-20, 2e-20, -1
0.823986, 0.392194, 0.992401, 0.05, -0.00782698, 0.0747828, -0.221867, 0.234262, 1004.32, 6911.06, 10, 2e-20, 3e-20, 2e-20, 2e-20, -1
0.926821, 0.345782, 0.90619, 0.05, -0.0926444, 0.00481574, -0.100495, 0.136768, 1005.27, 8436.59, 10, 2e-20, 3e-20, 2e-20, 2e-20, -1
0.867056, 0.398605, 0.974651, 0.05, -0.0605547, -0.0748914, -0.20998, 0.231014, 1003.58, 5731.96, 10, 2e-20, 3e-20, 2e-20, 2e-20, -1
0.903283, 0.394395, 1.01109, 0.05, 0.0281557, 0.0590557, -0.0654596, 0.0925488, 1000.67, 1067.71, 10, 2e-20, 3e-20, 2e-20, 2e-20, -1
0.949972, 0.357884, 1.15602, 0.05, 0.113063, 0.059007, -0.260125, 0.289707, 995.958, -6466.87, 10, 2e-20, 3e-20, 2e-20, 2e-20, -1
0.874297, 0.409299, 1.04455, 0.05, -0.00678259, 0.0548031, -0.0803715, 0.0975139, 1001.6, 2556.86, 10, 2e-20, 3e-20, 2e-20, 2e-20, -1
0.863411, 0.362314, 1.01812, 0.05, -0.0635433, 0.0722194, -0.173952, 0.198778, 999.261, -1182.2, 10, 2e-20, 3e-20, 2e-20, 2e-20, -1
0.759378, 0.259938, 1.02953, 0.05, -0.0421994, -0.0393993, -0.20002, 0.208185, 1000.83, 1326.04, 10, 2e-20, 3e-20, 2e-20, 2e-20, -1
0.706232, 0.282585, 1.01074, 0.05, 0.0437051, 0.11135, -0.192212, 0.226395, 1005.21, 8335.87, 10, 2e-20, 3e-20, 2e-20, 2e-20, -1
0.667854, 0.277054, 1.07813, 0.05, -0.239919, -0.0117087, -0.0608963, 0.247804, 998.481, -2431.15, 10, 2e-20, 3e-20, 2e-20, 2e-20, -1
0.597273, 0.33369, 1.13668, 0.05, -0.138396, 0.0381108, -0.0710305, 0.16016, 1000.08, 125.503, 10, 2e-20, 3e-20, 2e-20, 2e-20, -1
0.522906, 0.297775, 1.17847, 0.05, -0.174872, 0.0218391, -0.147231, 0.229638, 1003.13, 5006.37, 10, 2e-20, 3e-20, 2e-20, 2e-20, -1
0.594041, 0.236484, 1.15617, 0.05, -0.144479, -0.11205, -0.135993, 0.227868, 998.457, -2469.2, 10, 2e-20, 3e-20, 2e-20, 2e-20, -1
0.597851, 0.294461, 1.13636, 0.05, -0.0801305, -0.0158038, -0.118946, 0.144287, 1001.93, 3090.61, 10, 2e-20, 3e-20, 2e-20, 2e-20, -1
0.589109, 0.241687, 1.20447, 0.05, -0.0981991, -0.0238662, -0.184517, 0.210379, 1000.58, 930.08, 10, 2e-20, 3e-20, 2e-20, 2e-20, -1
0.55743, 0.212397, 1.19791, 0.05, -0.0610388, 0.0621543, -0.0859063, 0.122347, 1004.33, 6934.51, 10, 2e-20, 3e-20, 2e-20, 2e-20, -1
0.439741, 0.201694, 1.27788, 0.05, -0.17467, -0.110979, 0.00293532, 0.206965, 1004.13, 6603.13, 10, 2e-20, 3e-20, 2e-20, 2e-20, -1
0.338874, 0.183998, 1.35517, 0.05, -0.122558, -0.0681832, -0.0225568, 0.14205, 999.672, -525.078, 10, 2e-20, 3e-20, 2e-20, 2e-20, -1
0.364521, 0.211318, 1.37969, 0.05, -0.119895, -0.120826, 0.0158421, 0.170952, 1000.04, 61.6088, 10, 2e-20, 3e-20, 2e-20, 2e-20, -1
0.138017, 0.178901, 1.33318, 0.05, -0.141974, -0.0380031, 0.122515, 0.191339, 998.578, -2274.47, 10, 2e-20, 3e-20, 2e-20, 2e-20, -1
0.876719, 0.500726, 0.0526198, 0.05, 0.185894, 0.0498415, -0.0792044, 0.20812, 1015.42, 24674.1, 10, 2e-20, 3e-20, 2e-20, 2e-20, -1
0.932129, 0.503335, 0.199623, 0.05, 0.000798071, 0.0699309, 0.0892781, 0.113409, 1012.39, 19825.9, 10, 2e-20, 3e-20, 2e-20, 2e-20, -1
0.92956, 0.480099, 0.221187, 0.05, -0.0160448, 0.12623, 0.0390715, 0.133109, 1004.98, 7962.16, 10, 2e-20, 3e-20, 2e-20, 2e-20, -1
0.923558, 0.447349, 0.346236, 0.05, 0.0574681, -0.061539, 0.0385539, 0.0926069, 1006.46, 10343.2, 10, 2e-20, 3e-20, 2e-20, 2e-20, -1
0.85002, 0.42514, 0.155618, 0.05, -0.00117402, 0.0712366, -0.0883764, 0.113518, 1012.31, 19698.1, 10, 2e-20, 3e-20, 2e-20, 2e-20, -1
0.844573, 0.40886, 0.203885, 0.05, 0.0277917, -0.00503347, -0.0656852, 0.0715001, 1006.66, 10657.3, 10, 2e-20, 3e-20, 2e-20, 2e-20, -1
0.866289, 0.322018, 0.163538, 0.05, 0.019736, 0.0308953, 0.00271654, 0.0367615, 1012.99, 20788.5, 10, 2e-20, 3e-20, 2e-20, 2e-20, -1
0.873996, 0.361295, 0.20869, 0.05, 0.0309973, -0.0711693, 0.0297719, 0.0831401, 1005.9, 9440.57, 10, 2e-20, 3e-20, 2e-20, 2e-20, -1
0.88606, 0.318412, 0.216541, 0.05, 0.0253905, -0.0643089, 0.0358342, 0.0778743, 1008.91, 14250.2, 10, 2e-20, 3e-20, 2e-20, 2e-20, -1
0.842279, 0.442838, 0.389226, 0.05, -0.012781, 0.00337472, 0.011878, 0.0177716, 1004.33, 6932.78, 10, 2e-20, 3e-20, 2e-20, 2e-20, -1
0.856822, 0.404593, 0.303165, 0.05, -0.0308503, 0.0158744, -0.0847886, 0.0916125, 1004.57, 7315.12, 10, 2e-20, 3e-20, 2e-20, 2e-20, -1
0.878726, 0.391955, 0.388032, 0.05, 0.052448, -0.00266468, -0.0620072, 0.0812575, 1006.51, 10409.8, 10, 2e-20, 3e-20, 2e-20, 2e-20, -1
0.874816, 0.438281, 0.496534, 0.05, -0.133148, 0.0182563, 0.0500853, 0.143424, 1006.36, 10176.7, 10, 2e-20, 3e-20, 2e-20, 2e-20, -1
0.826869, 0.382477, 0.380274, 0.05, -0.00830376, -0.0658501, -0.139074, 0.1541, 1011.4, 18244.8, 10, 2e-20, 3e-20, 2e-20, 2e-20, -1
0.8385, 0.439589, 0.51696, 0.05, 0.0114378, 0.0239232, -0.0726454, 0.0773337, 1007.61, 12179.5, 10, 2e-20, 3e-20, 2e-20, 2e-20, -1
0.878196, 0.389161, 0.544248, 0.05, -0.0412124, 0.0320228, 0.00331109, 0.0522961, 1006.59, 10543.8, 10, 2e-20, 3e-20, 2e-20, 2e-20, -1
0.788613, 0.414333, 0.504542, 0.05, -0.0391149, -0.0160094, 0.0347537, 0.0547184, 1005.15, 8243.22, 10, 2e-20, 3e-20, 2e-20, 2e-20, -1
0.84555, 0.380292, 0.581141, 0.05, 0.0688588, -0.0167081, -0.0221003, 0.0742234, 1003.15, 5036.81, 10, 2e-20, 3e-20, 2e-20, 2e-20, -1
0.798248, 0.362368, 0.50449, 0.05, 0.0412318, 0.00209473, -0.0557783, 0.069395, 1004.23, 6771.03, 10, 2e-20, 3e-20, 2e-20, 2e-20, -1
0.791568, 0.384003, 0.64981, 0.05, 0.0255917, 0.0349619, -0.0553, 0.0702521, 1006.32, 10118.2, 10, 2e-20, 3e-20, 2e-20, 2e-20, -1
0.844708, 0.381749, 0.672609, 0.05, 0.00097023, -0.0144521, -0.0790655, 0.0803814, 1004.89, 7821.99, 10, 2e-20, 3e-20, 2e-20, 2e-20, -1
0.834366, 0.365575, 0.712859, 0.05, -0.0361151, -0.0818612, -0.0811079, 0.120764, 1003.84, 6145.49, 10, 2e-20, 3e-20, 2e-20, 2e-20, -1
0.817498, 0.436036, 0.797318, 0.05, 0.102593, 0.0862339, 0.0602461, 0.146939, 1005.1, 8152.46, 10, 2e-20, 3e-20, 2e-20, 2e-20, -1
0.842799, 0.452905, 0.889024, 0.05, 0.0661176, 0.0899511, -0.103419, 0.152178, 1007.55, 12079.2, 10, 2e-20, 3e-20, 2e-20, 2e-20, -1
0.879412, 0.451926, 0.977545, 0.05, 0.0818036, 0.0570081, -0.10709, 0.146322, 1002.26, 3621.35, 10, 2e-20, 3e-20, 2e-20, 2e-20, -1
0.823194, 0.410065, 0.88279, 0.05, 0.0377052, 0.0466441, -0.172063, 0.182217, 1005.38, 8605.28, 10, 2e-20, 3e-20, 2e-20, 2e-20, -1
0.812853, 0.373256, 0.775506, 0.05, -0.0379988, 0.112821, -0.132263, 0.177949, 999.274, -1160.85, 10, 2e-20, 3e-20, 2e-20, 2e-20, -1
0.742678, 0.39516, 0.864246, 0.05, 0.0363123, 0.0611331, -0.0422965, 0.0827335, 1003.45, 5519.67, 10, 2e-20, 3e-20, 2e-20, 2e-20, -1
0.836248, 0.326336, 0.748432, 0.05, 0.00712828, -0.0478559, -0.115237, 0.124982, 1003.27, 5236.2, 10, 2e-20, 3e-20, 2e-20, 2e-20, -1
0.870194, 0.338646, 0.903944, 0.05, 0.0415062, -0.0702409, -0.0658809, 0.104866, 1005.2, 8314.52, 10, 2e-20, 3e-20, 2e-20, 2e-20, -1
0.856177, 0.39208, 0.923248, 0.05, -0.0598789, 0.00756887, -0.0565322, 0.0826962, 1004.5, 7201.99, 10, 2e-20, 3e-20, 2e-20, 2e-20, -1
0.764111, 0.500847, 1.13094, 0.05, 0.0765445, -0.0714138, 0.117859, 0.157638, 1002.27, 3624.96, 10, 2e-20, 3e-20, 2e-20, 2e-20, -1
0.747752, 0.441004, 1.03482, 0.05, -0.0490158, -0.0122732, -0.151048, 0.159275, 999.29, -1136.7, 10, 2e-20, 3e-20, 2e-20, 2e-20, -1
0.792703, 0.505584, 1.27379, 0.05, -0.113765, -0.0098526, 0.0307848, 0.118268, 1000.19, 300.215, 10, 2e-20, 3e-20, 2e-20, 2e-20, -1
0.781213, 0.446899, 1.0968, 0.05, -0.188391, -0.11663, -0.0664265, 0.231314, 1003.4, 5440.29, 10, 2e-20, 3e-20, 2e-20, 2e-20, -1
0.781557, 0.370303, 0.979156, 0.05, 0.0937944, -0.0699696, -0.111231, 0.161448, 1005.11, 8169.06, 10, 2e-20, 3e-20, 2e-20, 2e-20, -1
0.719919, 0.462339, 1.11921, 0.05, -0.0164983, -0.0265602, -0.0295008, 0.0429876, 1003.57, 5706.62, 10, 2e-20, 3e-20, 2e-20, 2e-20, -1
0.783861, 0.310985, 0.971582, 0.05, -0.0800992, 0.0121162, -0.154851, 0.174761, 1002.01, 3220.68, 10, 2e-20, 3e-20, 2e-20, 2e-20, -1
0.818753, 0.333579, 1.00139, 0.05, 0.0363543, 0.0938706, -0.180518, 0.206688, 1003.32, 5317.62, 10, 2e-20, 3e-20, 2e-20, 2e-20, -1
0.739471, 0.340294, 0.99248, 0.05, -0.081272, -0.12939, -0.228482, 0.274865, 1006.9, 11034.8, 10, 2e-20, 3e-20, 2e-20, 2e-20, -1
0.797222, 0.347616, 1.03605, 0.05, -0.05595, 0.0204516, -0.201695, 0.210308, 1002.09, 3345.48, 10, 2e-20, 3e-20, 2e-20, 2e-20, -1
0.638475, 0.337402, 1.05943, 0.05, 0.0323523, -0.0974387, -0.121349, 0.158954, 1006.59, 10551.6, 10, 2e-20, 3e-20, 2e-20, 2e-20, -1
0.616862, 0.272975, 1.2475, 0.05, -0.237198, 0.0645021, -0.188947, 0.31004, 995.92, -6527.28, 10, 2e-20, 3e-20, 2e-20, 2e-20, -1
0.566735, 0.33048, 1.16148, 0.05, -0.256001, 0.000753981, -0.194215, 0.321336, 999.608, -627.744, 10, 2e-20, 3e-20, 2e-20, 2e-20, -1
0.527515, 0.281626, 1.28067, 0.05, -0.275801, 0.0100573, -0.0690937, 0.284502, 1002.94, 4703.01, 10, 2e-20, 3e-20, 2e-20, 2e-20, -1
0.495528, 0.284604, 1.22715, 0.05, -0.21813, -0.118085, -0.11045, 0.271521, 999.627, -596.996, 10, 2e-20, 3e-20, 2e-20, 2e-20, -1
0.478331, 0.271873, 1.19129, 0.05, -0.192831, 0.0126521, 0.0373426, 0.196821, 1001.38, 2203.97, 10, 2e-20, 3e-20, 2e-20, 2e-20, -1
0.516864, 0.243912, 1.20533, 0.05, -0.28618, 0.0938366, -0.0277822, 0.30245, 1000.19, 299.078, 10, 2e-20, 3e-20, 2e-20, 2e-20, -1
0.48609, 0.248942, 1.26116, 0.05, -0.0948255, -0.00979822, -0.168297, 0.193421, 998.555, -2312.3, 10, 2e-20, 3e-20, 2e-20, 2e-20, -1
0.445382, 0.256111, 1.24922, 0.05, -0.131903, -0.0120349, -0.0843167, 0.157011, 1001.38, 2200.28, 10, 2e-20, 3e-20, 2e-20, 2e-20, -1
0.319448, 0.248255, 1.39203, 0.05, -0.148999, -0.143307, 0.267354, 0.337958, 1001.93, 3089.48, 10, 2e-20, 3e-20, 2e-20, 2e-20, -1
0.79878, 0.497633, 0.115732, 0.05, 0.0182646, -0.0589529, 0.0692964, 0.0927956, 1016.31, 26102.8, 10, 2e-20, 3e-20, 2e-20, 2e-20, -1
0.838825, 0.467181, 0.28943, 0.05, 0.0789651, -0.0787909, -0.02048, 0.113415, 1007.74, 12382.8, 10, 2e-20, 3e-20, 2e-20, 2e-20, -1
0.896283, 0.49463, 0.416554, 0.05, 0.0204056, 0.106705, 0.0852138, 0.138071, 1005.27, 8433.85, 10, 2e-20, 3e-20, 2e-20, 2e-20, -1
0.903725, 0.502556, 0.461533, 0.05, 0.024362, 0.0564869, -0.0346669, 0.0706121, 1012.52, 20039.3, 10, 2e-20, 3e-20, 2e-20, 2e-20, -1
0.889973, 0.435404, 0.316836, 0.05, 0.0523813, 0.0744561, -0.0146978, 0.0922146, 1005.83, 9327.06, 10, 2e-20, 3e-20, 2e-20, 2e-20, -1
0.797472, 0.390055, 0.159514, 0.05, 0.0711668, 0.0306363, -0.010519, 0.0781917, 1006.43, 10281.7, 10, 2e-20, 3e-20, 2e-20, 2e-20, -1
0.819572, 0.42959, 0.271638, 0.05, -0.0589021, -0.0071559, 0.00639214, 0.0596785, 1005.81, 9297.55, 10, 2e-20, 3e-20, 2e-20, 2e-20, -1
0.793465, 0.443444, 0.318105, 0.05, -0.0798881, 0.0327189, -0.00372004, 0.0864087, 1009.44, 15111.6, 10, 2e-20, 3e-20, 2e-20, 2e-20, -1
0.852794, 0.416404, 0.431604, 0.05, 0.0145544, 0.102484, 0.0406118, 0.111194, 1012.95, 20716.4, 10, 2e-20, 3e-20, 2e-20, 2e-20, -1
0.785278, 0.461212, 0.395868, 0.05, -0.0245917, -0.075353, -0.0905809, 0.120365, 1005.41, 8661.19, 10, 2e-20, 3e-20, 2e-20, 2e-20, -1
0.805965, 0.426754, 0.416643, 0.05, 0.0752796, -0.0026201, 0.0446323, 0.0875553, 1006.46, 10331.3, 10, 2e-20, 3e-20, 2e-20, 2e-20, -1
0.835356, 0.440446, 0.458772, 0.05, 0.0720268, -0.0351409, 0.0139214, 0.0813422, 1003.41, 5453.79, 10, 2e-20, 3e-20, 2e-20, 2e-20, -1
0.772678, 0.444404, 0.566026, 0.05, -0.0297373, 0.00278451, 0.00279378, 0.0299978, 1005.28, 8454.19, 10, 2e-20, 3e-20, 2e-20, 2e-20, -1
0.829398, 0.428571, 0.599938, 0.05, -0.0701535, -0.00217244, 0.0211297, 0.0732987, 1006.13, 9813.05, 10, 2e-20, 3e-20, 2e-20, 2e-20, -1
0.794347, 0.437703, 0.485129, 0.05, 0.0976764, 0.0889629, -0.0290144, 0.135266, 998.798, -1922.89, 10, 2e-20, 3e-20, 2e-20, 2e-20, -1
0.813352, 0.436008, 0.636879, 0.05, -0.124011, 0.0443463, -0.0164982, 0.132731, 1007.5, 12002.6, 10, 2e-20, 3e-20, 2e-20, 2e-20, -1
0.749607, 0.372576, 0.500628, 0.05, 0.0461426, 0.00577826, -0.0285368, 0.0545608, 1004.37, 6986.28, 10, 2e-20, 3e-20, 2e-20, 2e-20, -1
0.831505, 0.374829, 0.624547, 0.05, 0.0566961, -0.0687397, -0.0425031, 0.0987224, 1006.81, 10892.9, 10, 2e-20, 3e-20, 2e-20, 2e-20, -1
0.823671, 0.437525, 0.672996, 0.05, -0.0358442, 0.00223945, -0.0528261, 0.0638781, 1002.45, 3912.57, 10, 2e-20, 3e-20, 2e-20, 2e-20, -1
0.790335, 0.397012, 0.591034, 0.05, -0.0378305, 0.00790348, -0.08781, 0.0959386, 1003.38, 5405.45, 10, 2e-20, 3e-20, 2e-20, 2e-20, -1
0.843759, 0.421067, 0.71087, 0.05, -0.0548129, 0.011958, -0.0489299, 0.0744419, 1000.74, 1181.62, 10, 2e-20, 3e-20, 2e-20, 2e-20, -1
0.749553, 0.389082, 0.625785, 0.05, -0.0392906, -0.025926, -0.0448636, 0.0650281, 1008, 12797.1, 10, 2e-20, 3e-20, 2e-20, 2e-20, -1
0.846404, 0.446055, 0.75463, 0.05, 0.0451443, 0.0735018, 0.0311053, 0.0916955, 1004.89, 7823, 10, 2e-20, 3e-20, 2e-20, 2e-20, -1
0.806424, 0.440211, 0.75171, 0.05, -0.0719936, -0.0518215, -0.0102752, 0.089298, 1008.05, 12879.9, 10, 2e-20, 3e-20, 2e-20, 2e-20, -1
0.797999, 0.485686, 0.973612, 0.05, 0.0179265, -0.0636948, 0.0627962, 0.0912237, 1005.15, 8237.88, 10, 2e-20, 3e-20, 2e-20, 2e-20, -1
0.751637, 0.43957, 0.937432, 0.05, -0.0251551, 0.0266744, -0.0265658, 0.0452775, 1003.22, 5148.71, 10, 2e-20, 3e-20, 2e-20, 2e-20, -1
0.720393, 0.429368, 0.902931, 0.05, -0.0718495, 0.0597264, -0.0676313, 0.115341, 998.9, -1759.73, 10, 2e-20, 3e-20, 2e-20, 2e-20, -1
0.802183, 0.444745, 1.0211, 0.05, -0.0711143, -0.029813, -0.176051, 0.192197, 999.089, -1457.54, 10, 2e-20, 3e-20, 2e-20, 2e-20, -1
0.833673, 0.428422, 0.945006, 0.05, 0.0294302, -0.035402, -0.137647, 0.145142, 1003.08, 4934.37, 10, 2e-20, 3e-20, 2e-20, 2e-20, -1
0.776778, 0.400604, 0.905475, 0.05, 0.00440457, -0.150866, -0.226096, 0.271845, 1001.78, 2853.88, 10, 2e-20, 3e-20, 2e-20, 2e-20, -1
0.831757, 0.444519, 0.990665, 0.05, -0.0106939, -0.0700686, -0.176386, 0.190094, 998.586, -2263.2, 10, 2e-20, 3e-20, 2e-20, 2e-20, -1
0.779281, 0.43702, 0.964104, 0.05, 0.0913526, -0.0713946, -0.104368, 0.155997, 1006.6, 10567.9, 10, 2e-20, 3e-20, 2e-20, 2e-20, -1
0.648941, 0.442617, 1.02954, 0.05, -0.14346, 0.106698, -0.0708817, 0.192326, 1000, 6.04451, 10, 2e-20, 3e-20, 2e-20, 2e-20, -1
0.712769, 0.435976, 0.946719, 0.05, 0.0123686, 0.118523, -0.0452509, 0.127469, 1002.39, 3817.59, 10, 2e-20, 3e-20, 2e-20, 2e-20, -1
0.768334, 0.438314, 0.990366, 0.05, -0.195263, 0.132958, -0.0919074, 0.253481, 1001.41, 2255.09, 10, 2e-20, 3e-20, 2e-20, 2e-20, -1
0.622284, 0.451719, 1.2024, 0.05, -0.147986, -0.0902701, -0.0706852, 0.187203, 999.817, -292.961, 10, 2e-20, 3e-20, 2e-20, 2e-20, -1
0.678094, 0.425231, 0.947384, 0.05, -0.136925, 0.048934, -0.0381854, 0.150337, 1000.31, 499.586, 10, 2e-20, 3e-20, 2e-20, 2e-20, -1
0.654088, 0.42437, 1.11616, 0.05, 0.0600796, -0.0128866, -0.0398919, 0.0732597, 1003.25, 5203.06, 10, 2e-20, 3e-20, 2e-20, 2e-20, -1
0.631625, 0.427306, 0.994325, 0.05, -0.0830098, 0.000774498, -0.228307, 0.242931, 1001.37, 2188.73, 10, 2e-20, 3e-20, 2e-20, 2e-20, -1
0.734428, 0.403348, 0.996406, 0.05, -0.0852197, 0.174744, -0.202526, 0.28074, 1002.39, 3824.53, 10, 2e-20, 3e-20, 2e-20, 2e-20, -1
0.664227, 0.39416, 0.967673, 0.05, -0.130017, -0.0414946, -0.191298, 0.234992, 1001.27, 2025.93, 10, 2e-20, 3e-20, 2e-20, 2e-20, -1
0.636371, 0.36785, 0.996655, 0.05, -0.106066, 0.0314425, -0.175456, 0.207421, 1002.72, 4346.38, 10, 2e-20, 3e-20, 2e-20, 2e-20, -1
0.598679, 0.373449, 1.10224, 0.05, -0.196271, 0.00978729, -0.16118, 0.25416, 1000.78, 1254.9, 10, 2e-20, 3e-20, 2e-20, 2e-20, -1
0.452072, 0.298058, 1.22998, 0.05, -0.166853, -0.0897685, -0.114524, 0.221391, 1002.54, 4064.67, 10, 2e-20, 3e-20, 2e-20, 2e-20, -1
0.393296, 0.301539, 1.30485, 0.05, -0.256949, 0.0656325, 0.119183, 0.290749, 998.506, -2389.87, 10, 2e-20, 3e-20, 2e-20, 2e-20, -1
0.391874, 0.274765, 1.25852, 0.05, -0.291749, 0.1058, -0.0876058, 0.322469, 1000.28, 442.717, 10, 2e-20, 3e-20, 2e-20, 2e-20, -1
0.517317, 0.112385, 1.35028, 0.05, -0.155971, -0.0299954, 0.0225931, 0.160427, 1001.21, 1936.69, 10, 2e-20, 3e-20, 2e-20, 2e-20, -1
0.517483, 0.152403, 1.35156, 0.05, -0.106917, -0.0308884, -0.0271741, 0.114559, 998.512, -2380.36, 10, 2e-20, 3e-20, 2e-20, 2e-20, -1
0.399859, 0.230622, 1.25588, 0.05, -0.164713, -0.0259054, 0.0150781, 0.167418, 999.574, -680.914, 10, 2e-20, 3e-20, 2e-20, 2e-20, -1
0.253338, 0.291731, 1.31075, 0.05, -0.207089, -0.13457, 0.074347, 0.257919, 1001.76, 2808.76, 10, 2e-20, 3e-20, 2e-20, 2e-20, -1
0.158382, 0.277346, 1.43839, 0.05, -0.140373, -0.123489, 0.193172, 0.26883, 996.676, -5318.21, 10, 2e-20, 3e-20, 2e-20, 2e-20, -1
0.871855, 0.498672, 0.212631, 0.05, 0.22157, -0.0107973, 0.0682972, 0.232108, 1016.91, 27051.7, 10, 2e-20, 3e-20, 2e-20, 2e-20, -1
0.813506, 0.495485, 0.238112, 0.05, 0.0262317, -0.109372, -0.0514571, 0.123686, 1017.32, 27707.8, 10, 2e-20, 3e-20, 2e-20, 2e-20, -1
0.841194, 0.492434, 0.345878, 0.05, -0.0455042, -0.036482, 0.0330793, 0.0670508, 1009.65, 15440.3, 10, 2e-20, 3e-20, 2e-20, 2e-20, -1
0.829845, 0.495205, 0.460317, 0.05, 0.0345911, -0.016944, -0.00406334, 0.0387318, 1010.76, 17208.6, 10, 2e-20, 3e-20, 2e-20, 2e-20, -1
0.89778, 0.492633, 0.519421, 0.05, 0.0080994, -0.0179539, 0.0105523, 0.0223449, 1015.77, 25236.7, 10, 2e-20, 3e-20, 2e-20, 2e-20, -1
0.875659, 0.47827, 0.456882, 0.05, -0.140248, 0.111548, 0.0185578, 0.180158, 1008.37, 13399.3, 10, 2e-20, 3e-20, 2e-20, 2e-20, -1
0.927823, 0.498263, 0.577989, 0.05, 0.0600263, -0.032935, -0.00932759, 0.0691005, 1006.02, 9625.11, 10, 2e-20, 3e-20, 2e-20, 2e-20, -1
0.242328, 0.081568, 1.40087, 0.05, -0.20822, -0.123562, 0.392063, 0.4608, 999.269, -1169.08, 10, 2e-20, 3e-20, 2e-20, 2e-20, -1
0.804658, 0.501593, 0.569582, 0.05, -0.0998689, -0.0142944, -0.00589039, 0.101059, 1006.77, 10827.6, 10, 2e-20, 3e-20, 2e-20, 2e-20, -1
0.892438, 0.49625, 0.622894, 0.05, 0.0363051, -0.0295165, 0.0908245, 0.102168, 1012.34, 19741.7, 10, 2e-20, 3e-20, 2e-20, 2e-20, -1
0.799084, 0.470732, 0.534662, 0.05, -0.0286447, 0.014108, -0.0725335, 0.0792506, 1008.65, 13846.6, 10, 2e-20, 3e-20, 2e-20, 2e-20, -1
0.765295, 0.496053, 0.605826, 0.05, 0.0127243, -0.0427003, 0.035379, 0.0568937, 1008.19, 13101.4, 10, 2e-20, 3e-20, 2e-20, 2e-20, -1
0.892617, 0.460502, 0.819099, 0.05, -0.0239455, -0.0501178, 0.0806427, 0.0979205, 1004.01, 6417.15, 10, 2e-20, 3e-20, 2e-20, 2e-20, -1
0.81196, 0.499735, 0.731408, 0.05, 0.0682185, 0.0784947, 0.068887, 0.124742, 1003.35, 5354.74, 10, 2e-20, 3e-20, 2e-20, 2e-20, -1
0.938308, 0.496823, 0.919154, 0.05, -0.0642686, -0.0201529, 0.31373, 0.320879, 1007.07, 11312, 10, 2e-20, 3e-20, 2e-20, 2e-20, -1
0.711778, 0.490167, 1.36115, 0.05, -0.0354521, -0.0245402, -0.0970266, 0.106175, 1000.23, 360.483, 10, 2e-20, 3e-20, 2e-20, 2e-20, -1
0.84255, 0.499274, 0.966231, 0.05, -0.0898193, 0.0131356, -0.074959, 0.117724, 1000.82, 1307.09, 10, 2e-20, 3e-20, 2e-20, 2e-20, -1
0.857739, 0.491749, 1.18853, 0.05, 0.00805566, -0.0508743, -0.0749037, 0.0909047, 1009.09, 14537.1, 10, 2e-20, 3e-20, 2e-20, 2e-20, -1
0.824476, 0.495057, 1.09555, 0.05, 0.107197, -0.00380425, 0.190987, 0.219047, 1010.22, 16352.8, 10, 2e-20, 3e-20, 2e-20, 2e-20, -1
0.826677, 0.488844, 1.22557, 0.05, -0.105829, -0.0204817, -0.0164759, 0.109045, 1004.7, 7525.86, 10, 2e-20, 3e-20, 2e-20, 2e-20, -1
0.817048, 0.448584, 0.93238, 0.05, 0.0163164, -0.0240756, -0.0264587, 0.0393182, 1002.01, 3215.34, 10, 2e-20, 3e-20, 2e-20, 2e-20, -1
0.329472, 0.304907, 1.38068, 0.05, -0.187363, -0.0638769, -0.104082, 0.223647, 1001.18, 1895.95, 10, 2e-20, 3e-20, 2e-20, 2e-20, -1
0.858175, 0.458734, 1.06531, 0.05, 0.0394273, 0.0440661, -0.0645664, 0.0875508, 1009.88, 15800.3, 10, 2e-20, 3e-20, 2e-20, 2e-20, -1
0.705125, -0.506427, 1.6679, 0.05, -0.0145141, 0.00842397, -0.675559, 0.675767, 999.992, -13.5502, 10, 2e-20, 3e-20, 2e-20, 2e-20, -1
0.689225, 0.499237, 1.1413, 0.05, -0.0789928, 0.00581499, 0.0304272, 0.0848498, 1002.9, 4640.54, 10, 2e-20, 3e-20, 2e-20, 2e-20, -1
-0.380166, -0.408269, 1.43743, 0.05, 0.0297459, 0.036549, -0.0423274, 0.0633424, 991.927, -12916.2, 10, 2e-20, 3e-20, 2e-20, 2e-20, -1
0.769387, 0.494699, 1.21656, 0.05, -0.121478, 0.0611931, -0.05115, 0.14532, 1002.99, 4781.25, 10, 2e-20, 3e-20, 2e-20, 2e-20, -1
0.713166, -0.253499, 1.37658, 0.05, 0.0145433, 0.684819, -0.114834, 0.694533, 1004.18, 6686.48, 10, 2e-20, 3e-20, 2e-20, 2e-20, -1
0.652502, 0.382166, 1.20082, 0.05, -0.135698, -0.080489, -0.29101, 0.331028, 1002.71, 4330.41, 10, 2e-20, 3e-20, 2e-20, 2e-20, -1
0.595525, 0.361008, 1.19081, 0.05, -0.098385, -0.153706, -0.146866, 0.234254, 1004.12, 6584.73, 10, 2e-20, 3e-20, 2e-20, 2e-20, -1
0.147212, -0.258709, 1.46028, 0.05, -0.157527, 0.216486, 0.341354, 0.433824, 1005.13, 8211.48, 10, 2e-20, 3e-20, 2e-20, 2e-20, -1
0.72636, 0.440565, 1.18328, 0.05, 0.164265, 0.00689014, -0.248463, 0.297933, 1002.79, 4459.76, 10, 2e-20, 3e-20, 2e-20, 2e-20, -1
0.663964, 0.438737, 1.22627, 0.05, -0.188356, -0.0113896, -0.255475, 0.317609, 998.093, -3051.08, 10, 2e-20, 3e-20, 2e-20, 2e-20, -1
0.687645, 0.398631, 1.16638, 0.05, -0.0970022, 0.0795808, -0.249756, 0.2795, 1001.18, 1891.04, 10, 2e-20, 3e-20, 2e-20, 2e-20, -1
0.91154, 0.482425, 1.3695, 0.05, -0.323715, 0.0673255, -0.258232, 0.419533, 998.849, -1840.97, 10, 2e-20, 3e-20, 2e-20, 2e-20, -1
0.718219, 0.30426, 1.2383, 0.05, -0.151156, -0.0498644, -0.279962, 0.322045, 1000.25, 392.96, 10, 2e-20, 3e-20, 2e-20, 2e-20, -1
0.784066, 0.187154, 1.20875, 0.05, 0.0459004, -0.110484, -0.290773, 0.314424, 1002.59, 4142.93, 10, 2e-20, 3e-20, 2e-20, 2e-20, -1
0.640396, 0.388205, 1.0779, 0.05, 0.0276034, -0.102987, -0.121289, 0.161491, 1002.66, 4253.6, 10, 2e-20, 3e-20, 2e-20, 2e-20, -1
-0.245561, -0.139933, 1.32506, 0.05, -0.134244, -0.0807611, 0.15067, 0.21736, 1000.4, 639.534, 10, 2e-20, 3e-20, 2e-20, 2e-20, -1
0.454491, 0.28949, 1.28606, 0.05, -0.212034, -0.00686819, -0.0133113, 0.212562, 999.328, -1074.71, 10, 2e-20, 3e-20, 2e-20, 2e-20, -1
0.389694, 0.0766533, 1.3987, 0.05, -0.218172, -0.0576971, 0.102566, 0.247887, 999.913, -138.771, 10, 2e-20, 3e-20, 2e-20, 2e-20, -1
0.584374, -0.43503, 4.01775, 0.05, 0.000533817, -0.000718044, -9.77558e-05, 0.000900058, 999.881, -190.339, 10, 2e-20, 3e-20, 2e-20, 2e-20, -1
0.927773, 0.296375, 1.20579, 0.05, 0.0530885, 0.0130485, -0.144324, 0.154331, 1002.96, 4740.29, 10, 2e-20, 3e-20, 2e-20, 2e-20, -1
0.840383, 0.206484, 1.21856, 0.05, -0.121521, -0.100223, -0.298814, 0.337789, 992.884, -11384.9, 10, 2e-20, 3e-20, 2e-20, 2e-20, -1
0.869274, 0.277051, 1.32623, 0.05, -0.350777, -0.0894423, -0.385085, 0.528522, 1001.17, 1877.5, 10, 2e-20, 3e-20, 2e-20, 2e-20, -1
0.844697, 0.0734371, 1.28982, 0.05, -0.0462388, -0.0888831, -0.0815252, 0.129169, 1000.68, 1095.49, 10, 2e-20, 3e-20, 2e-20, 2e-20, -1
0.681339, 0.314308, 1.20557, 0.05, -0.161975, 0.0133148, -0.237829, 0.288055, 1000.85, 1355.39, 10, 2e-20, 3e-20, 2e-20, 2e-20, -1
0.737909, 0.305163, 1.36273, 0.05, -0.133338, -0.0303974, -0.230397, 0.267928, 1001.35, 2162.36, 10, 2e-20, 3e-20, 2e-20, 2e-20, -1
0.632818, 0.267633, 1.29373, 0.05, -0.226002, -0.0311042, -0.174383, 0.287148, 1001.59, 2546.87, 10, 2e-20, 3e-20, 2e-20, 2e-20, -1
0.595199, 0.285398, 1.32491, 0.05, -0.17051, -0.0612771, -0.108951, 0.211422, 1004.02, 6431.15, 10, 2e-20, 3e-20, 2e-20, 2e-20, -1
0.541354, 0.433873, 1.41256, 0.05, -0.0586388, -0.0886567, -0.0261551, 0.109465, 999.582, -668.211, 10, 2e-20, 3e-20, 2e-20, 2e-20, -1
0.945138, -0.497066, 0.340923, 0.05, -0.190792, 0.0285044, 0.307779, 0.363238, 1008.58, 13735.5, 10, 2e-20, 3e-20, 2e-20, 2e-20, -1
0.9781, -0.309627, 1.36004, 0.05, -0.178784, -8.99782e-05, -0.112532, 0.211251, 995.971, -6446.05, 10, 2e-20, 3e-20, 2e-20, 2e-20, -1
0.88176, -0.498842, 0.348683, 0.05, 0.113636, -0.040436, 0.168281, 0.207043, 1007.25, 11593.3, 10, 2e-20, 3e-20, 2e-20, 2e-20, -1
0.944932, -0.496339, 0.580383, 0.05, 0.0603549, -0.0114527, 0.0529559, 0.0811061, 1006.2, 9920.72, 10, 2e-20, 3e-20, 2e-20, 2e-20, -1
0.942803, -0.492092, 0.514285, 0.05, -0.0409023, -0.00853291, 0.139363, 0.145492, 1006.66, 10651.2, 10, 2e-20, 3e-20, 2e-20, 2e-20, -1
0.994564, -0.431628, 1.1179, 0.05, 0.123364, 0.14997, -0.00288887, 0.194212, 1000.53, 848.589, 10, 2e-20, 3e-20, 2e-20, 2e-20, -1
0.941481, -0.491167, 0.689008, 0.05, 0.079028, 0.0794822, 0.244813, 0.269252, 1007.96, 12730.7, 10, 2e-20, 3e-20, 2e-20, 2e-20, -1
0.989546, -0.498544, 0.980172, 0.05, 0.00275839, 0.0882616, 0.257477, 0.272198, 1002.75, 4405.78, 10, 2e-20, 3e-20, 2e-20, 2e-20, -1
0.758342, -0.388614, 1.3697, 0.05, -0.324643, 0.0803719, -0.120096, 0.355353, 1002.25, 3606.41, 10, 2e-20, 3e-20, 2e-20, 2e-20, -1
0.886639, -0.497299, 0.800526, 0.05, 0.00793068, 0.00935451, 0.165252, 0.165707, 1005.09, 8150.18, 10, 2e-20, 3e-20, 2e-20, 2e-20, -1
-0.249027, 0.435668, 1.45227, 0.05, 0.195619, -0.0265199, -0.0607242, 0.206537, 993.682, -10108.1, 10, 2e-20, 3e-20, 2e-20, 2e-20, -1
0.94028, -0.496392, 0.898013, 0.05, -0.0195428, 0.00417628, 0.102398, 0.10433, 1000.29, 462.259, 10, 2e-20, 3e-20, 2e-20, 2e-20, -1
0.739323, -0.445122, 1.34742, 0.05, -0.175908, -0.0824085, 0.0250229, 0.195859, 998.969, -1650.09, 10, 2e-20, 3e-20, 2e-20, 2e-20, -1
0.941559, -0.494322, 0.828003, 0.05, 0.0232384, 0.00945225, 0.179495, 0.18124, 1000.29, 471.209, 10, 2e-20, 3e-20, 2e-20, 2e-20, -1
0.889386, -0.488842, 1.3559, 0.05, -0.106561, 0.115709, -0.0101807, 0.157631, 1001.41, 2249.7, 10, 2e-20, 3e-20, 2e-20, 2e-20, -1
0.992905, -0.495219, 1.13713, 0.05, 0.0244426, 0.084933, 0.23467, 0.250761, 999.218, -1250.58, 10, 2e-20, 3e-20, 2e-20, 2e-20, -1
0.895955, -0.497303, 1.11388, 0.05, -0.10024, 0.0193837, 0.114542, 0.15344, 999.424, -922.345, 10, 2e-20, 3e-20, 2e-20, 2e-20, -1
0.957189, -0.494801, 1.31085, 0.05, -0.505266, 0.367401, -0.24625, 0.671503, 990.153, -15754.4, 10, 2e-20, 3e-20, 2e-20, 2e-20, -1
0.865673, -0.499309, 1.27972, 0.05, -0.0297244, 0.0116335, 0.127455, 0.131392, 998.857, -1828.15, 10, 2e-20, 3e-20, 2e-20, 2e-20, -1
0.995838, -0.493914, 1.33119, 0.05, -0.00297369, 0.442167, -0.17416, 0.475239, 995.39, -7375.29, 10, 2e-20, 3e-20, 2e-20, 2e-20, -1
0.941853, -0.496315, 1.01509, 0.05, 0.0491421, 0.00202437, 0.169392, 0.176388, 1005.74, 9181.07, 10, 2e-20, 3e-20, 2e-20, 2e-20, -1
-0.97131, -0.466261, 1.43553, 0.05, 0.00495672, -0.124821, -0.164184, 0.206303, 998.789, -1937.16, 10, 2e-20, 3e-20, 2e-20, 2e-20, -1
0.932999, -0.493737, 1.21969, 0.05, 0.119071, 0.0862353, 0.182298, 0.234195, 998.884, -1784.93, 10, 2e-20, 3e-20, 2e-20, 2e-20, -1
0.908825, -0.433766, 1.33846, 0.05, -0.144577, -0.202352, -0.284859, 0.378145, 1002.76, 4409.8, 10, 2e-20, 3e-20, 2e-20, 2e-20, -1
0.828681, -0.455609, 1.38012, 0.05, -0.0568507, 0.312167, 0.473228, 0.569759, 1000.05, 79.723, 10, 2e-20, 3e-20, 2e-20, 2e-20, -1
0.311078, -0.218628, 1.43282, 0.05, -0.222635, 0.185872, 0.152165, 0.32752, 996.09, -6256.35, 10, 2e-20, 3e-20, 2e-20, 2e-20, -1
0.490487, -0.195056, 1.33743, 0.05, -0.0687989, 0.0847056, 0.0619334, 0.125475, 997.454, -4074.36, 10, 2e-20, 3e-20, 2e-20, 2e-20, -1
0.694839, -0.436321, 1.37174, 0.05, 0.0888944, -0.090211, -0.0792432, 0.149398, 1001.7, 2714.22, 10, 2e-20, 3e-20, 2e-20, 2e-20, -1
0.720791, -0.346457, 1.25289, 0.05, -0.154811, 0.0296843, -0.118037, 0.196927, 1003.48, 5564.37, 10, 2e-20, 3e-20, 2e-20, 2e-20, -1
0.820051, -0.324601, 1.14422, 0.05, -0.111116, 0.0558745, -0.153831, 0.19782, 997.845, -3448.26, 10, 2e-20, 3e-20, 2e-20, 2e-20, -1
0.792529, -0.305978, 1.12733, 0.05, 0.0127559, -0.0029054, -0.107724, 0.108515, 998.755, -1991.67, 10, 2e-20, 3e-20, 2e-20, 2e-20, -1
0.853153, -0.361589, 1.24765, 0.05, -0.0914088, -0.0314276, -0.218431, 0.238863, 1004.9, 7835.33, 10, 2e-20, 3e-20, 2e-20, 2e-20, -1
0.705514, -0.433495, 1.32971, 0.05, -0.131354, -0.113679, 0.0626927, 0.184681, 998.591, -2254.51, 10, 2e-20, 3e-20, 2e-20, 2e-20, -1
0.845444, -0.375704, 1.32138, 0.05, -0.287726, -0.10373, -0.226513, 0.380597, 1000.98, 1560.09, 10, 2e-20, 3e-20, 2e-20, 2e-20, -1
-0.743401, 0.432461, 1.35422, 0.05, -0.141045, -0.406784, -0.37404, 0.570327, 1007.08, 11320.3, 10, 2e-20, 3e-20, 2e-20, 2e-20, -1
0.695945, -0.378854, 1.29349, 0.05, 0.00084711, 0.118673, -0.116902, 0.166584, 1001.51, 2422.45, 10, 2e-20, 3e-20, 2e-20, 2e-20, -1
0.842179, -0.305429, 1.35632, 0.05, -0.251611, 0.152447, -0.0888694, 0.307321, 1001.46, 2331.4, 10, 2e-20, 3e-20, 2e-20, 2e-20, -1
0.784308, -0.386536, 1.32963, 0.05, -0.333859, 0.236757, -0.221916, 0.465577, 997.933, -3307.56, 10, 2e-20, 3e-20, 2e-20, 2e-20, -1
0.769167, -0.45536, 1.3075, 0.05, -0.0743585, -0.118065, -0.0887231, 0.165349, 999.489, -817.338, 10, 2e-20, 3e-20, 2e-20, 2e-20, -1
0.730797, -0.393333, 1.28343, 0.05, -0.227232, 0.0677153, 0.00694236, 0.237208, 1003.61, 5777.84, 10, 2e-20, 3e-20, 2e-20, 2e-20, -1
0.596671, -0.388681, 1.27516, 0.05, -0.148523, 0.0452736, -0.0981084, 0.183669, 996.09, -6255.33, 10, 2e-20, 3e-20, 2e-20, 2e-20, -1
0.759829, -0.367161, 1.28622, 0.05, -0.253163, -0.0236843, -0.00344727, 0.254292, 998.073, -3083.35, 10, 2e-20, 3e-20, 2e-20, 2e-20, -1
0.699135, -0.436006, 1.27851, 0.05, 0.00944671, 0.082648, -0.0792602, 0.1149, 999.908, -146.818, 10, 2e-20, 3e-20, 2e-20, 2e-20, -1
0.751557, -0.363751, 1.33523, 0.05, -0.212098, -0.0316964, -0.380386, 0.436673, 1000.93, 1480.07, 10, 2e-20, 3e-20, 2e-20, 2e-20, -1
0.991604, -0.361815, 1.36378, 0.05, -0.00937076, 0.0490462, -0.298245, 0.302396, 1000.68, 1092.98, 10, 2e-20, 3e-20, 2e-20, 2e-20, -1
1.00847, -0.379752, 1.32874, 0.05, 0.000189198, 0.0763733, -0.098867, 0.12493, 999.016, -1575.1, 10, 2e-20, 3e-20, 2e-20, 2e-20, -1
1.00835, -0.320123, 1.88243, 0.05, 0.0105883, -0.000115238, -0.59274, 0.592834, 999.972, -44.7283, 10, 2e-20, 3e-20, 2e-20, 2e-20, -1
0.838944, -0.16826, 1.33926, 0.05, -0.277112, 0.0180269, -0.291417, 0.402542, 1003.82, 6105.37, 10, 2e-20, 3e-20, 2e-20, 2e-20, -1
0.738925, -0.0868929, 1.30527, 0.05, -0.133051, 0.0845782, -0.148416, 0.216526, 999.183, -1307.13, 10, 2e-20, 3e-20, 2e-20, 2e-20, -1
0.971087, -0.202379, 1.38942, 0.05, -0.0956356, -0.00911107, -0.313979, 0.328347, 993.549, -10321.7, 10, 2e-20, 3e-20, 2e-20, 2e-20, -1
0.655564, -0.263398, 1.3156, 0.05, -0.0709146, 0.217536, 0.0597765, 0.236483, 1000.43, 688.958, 10, 2e-20, 3e-20, 2e-20, 2e-20, -1
0.942201, -0.499872, 0.105402, 0.05, 0.137463, 0.0838197, -0.0501641, 0.168637, 1010.89, 17428, 10, 2e-20, 3e-20, 2e-20, 2e-20, -1
0.871087, -0.498902, 0.107185, 0.05, 0.0332662, 0.0574929, -0.0238276, 0.0705679, 1015.48, 24769.8, 10, 2e-20, 3e-20, 2e-20, 2e-20, -1
0.880653, -0.450423, 0.260674, 0.05, 0.20244, -0.0803874, -0.0574627, 0.225269, 1004.77, 7636.48, 10, 2e-20, 3e-20, 2e-20, 2e-20, -1
0.921104, -0.463576, 0.325338, 0.05, -0.0253388, -0.0051458, 0.0993887, 0.102697, 1005.75, 9207.58, 10, 2e-20, 3e-20, 2e-20, 2e-20, -1
0.936697, -0.432004, 0.344294, 0.05, 0.00276287, 0.0594692, 0.28118, 0.287414, 1002.46, 3928.76, 10, 2e-20, 3e-20, 2e-20, 2e-20, -1
0.882983, -0.503997, 0.174886, 0.05, -0.188036, 0.00175574, -0.0364385, 0.191542, 1009.73, 15570, 10, 2e-20, 3e-20, 2e-20, 2e-20, -1
0.905808, -0.451476, 0.201944, 0.05, 0.314038, -0.0458719, -0.0863486, 0.328907, 1006.71, 10735.9, 10, 2e-20, 3e-20, 2e-20, 2e-20, -1
0.901414, -0.427, 0.264452, 0.05, -0.124385, -0.0206258, -0.153496, 0.198641, 1004.45, 7122.51, 10, 2e-20, 3e-20, 2e-20, 2e-20, -1
0.896453, -0.401142, 0.375628, 0.05, -0.00931911, -0.0318847, 0.0352007, 0.0484001, 1007.01, 11218, 10, 2e-20, 3e-20, 2e-20, 2e-20, -1
0.922456, -0.438548, 0.429711, 0.05, 0.0369486, 0.0285307, 0.237243, 0.241792, 1004.3, 6883.64, 10, 2e-20, 3e-20, 2e-20, 2e-20, -1
0.88514, -0.441812, 0.464059, 0.05, -0.0753376, 0.111827, 0.267705, 0.299744, 1001.66, 2652.95, 10, 2e-20, 3e-20, 2e-20, 2e-20, -1
0.922578, -0.389003, 0.501037, 0.05, -0.130712, 0.056962, -0.0123334, 0.143116, 1003.18, 5090.61, 10, 2e-20, 3e-20, 2e-20, 2e-20, -1
0.949499, -0.421426, 0.642837, 0.05, 0.0350244, -0.153454, 0.107855, 0.190808, 999.195, -1287.53, 10, 2e-20, 3e-20, 2e-20, 2e-20, -1
0.85241, -0.398817, 0.553319, 0.05, -0.00115167, 0.0699946, 0.0813043, 0.107289, 1003.55, 5680.09, 10, 2e-20, 3e-20, 2e-20, 2e-20, -1
0.942373, -0.431578, 0.686331, 0.05, 0.0161902, -0.028007, 0.189549, 0.192289, 1004.99, 7981.49, 10, 2e-20, 3e-20, 2e-20, 2e-20, -1
0.885235, -0.398435, 0.598427, 0.05, 0.0204207, 0.0803637, 0.0527463, 0.0982726, 1005.87, 9385, 10, 2e-20, 3e-20, 2e-20, 2e-20, -1
0.879778, -0.442439, 0.637944, 0.05, 0.0982517, 0.0370262, 0.0425445, 0.113289, 1007.26, 11622.4, 10, 2e-20, 3e-20, 2e-20, 2e-20, -1
0.807636, -0.44999, 0.733811, 0.05, -0.0396938, -0.0411466, 0.0930182, 0.109183, 1005.65, 9039.89, 10, 2e-20, 3e-20, 2e-20, 2e-20, -1
0.903578, -0.424599, 0.757018, 0.05, -0.0685289, 0.108582, -0.0165609, 0.129462, 1000.17, 275.247, 10, 2e-20, 3e-20, 2e-20, 2e-20, -1
0.869862, -0.407748, 0.761525, 0.05, 0.0748918, -0.06136, 0.0851881, 0.128961, 1002.03, 3252.44, 10, 2e-20, 3e-20, 2e-20, 2e-20, -1
0.847685, -0.431297, 0.816158, 0.05, 0.06632, 0.00850465, 0.094854, 0.116052, 1001.94, 3107.96, 10, 2e-20, 3e-20, 2e-20, 2e-20, -1
0.824657, -0.415145, 0.766961, 0.05, -0.0407893, -0.0851363, 0.0159539, 0.0957417, 1003.34, 5341.26, 10, 2e-20, 3e-20, 2e-20, 2e-20, -1
0.903175, -0.42822, 0.836107, 0.05, 0.0182797, -0.0116131, 0.141492, 0.14314, 1002.52, 4027.87, 10, 2e-20, 3e-20, 2e-20, 2e-20, -1
0.874442, -0.384763, 0.832697, 0.05, 0.0129736, -0.0472033, 0.0523252, 0.0716546, 999.43, -912.387, 10, 2e-20, 3e-20, 2e-20, 2e-20, -1
0.817784, -0.468514, 0.918026, 0.05, 0.114388, 0.126932, 0.0362149, 0.174665, 996.143, -6170.47, 10, 2e-20, 3e-20, 2e-20, 2e-20, -1
0.759241, -0.495238, 1.14968, 0.05, 0.0376445, 0.0252442, 0.0341123, 0.0567277, 1002.92, 4674.93, 10, 2e-20, 3e-20, 2e-20, 2e-20, -1
0.88214, -0.445075, 1.04164, 0.05, -0.0634038, 0.133954, 0.169859, 0.225423, 1001.5, 2403.28, 10, 2e-20, 3e-20, 2e-20, 2e-20, -1
0.874675, -0.445502, 1.07982, 0.05, 0.0194356, 0.120301, 0.21838, 0.25008, 999.762, -380.192, 10, 2e-20, 3e-20, 2e-20, 2e-20, -1
0.880617, -0.480582, 1.2378, 0.05, 0.0420158, -0.119413, 0.0845082, 0.152205, 1000.12, 196.459, 10, 2e-20, 3e-20, 2e-20, 2e-20, -1
0.823201, -0.495747, 1.25668, 0.05, -0.34995, 0.0829197, 0.079455, 0.368312, 1001.38, 2208.87, 10, 2e-20, 3e-20, 2e-20, 2e-20, -1
0.783567, -0.500693, 1.30514, 0.05, 0.0866543, 0.205273, 0.0802529, 0.236825, 998.318, -2690.99, 10, 2e-20, 3e-20, 2e-20, 2e-20, -1
0.780562, -0.48411, 1.17312, 0.05, -0.0959999, 0.0306216, 0.0592539, 0.116896, 1000.41, 660.297, 10, 2e-20, 3e-20, 2e-20, 2e-20, -1
0.826632, -0.445544, 1.09331, 0.05, 0.0422905, -0.152622, 0.042252, 0.163912, 1005.42, 8674.63, 10, 2e-20, 3e-20, 2e-20, 2e-20, -1
0.790967, -0.341475, 1.10597, 0.05, -0.0662584, -0.0627902, -0.186312, 0.207472, 1002, 3192.85, 10, 2e-20, 3e-20, 2e-20, 2e-20, -1
0.740776, -0.448783, 1.18029, 0.05, -0.126153, -0.100162, 0.159788, 0.226891, 1002.75, 4403.7, 10, 2e-20, 3e-20, 2e-20, 2e-20, -1
0.901525, -0.410194, 1.21088, 0.05, -0.10659, -0.0189619, -0.225421, 0.250072, 997.908, -3346.94, 10, 2e-20, 3e-20, 2e-20, 2e-20, -1
0.745874, -0.416182, 1.23094, 0.05, -0.148157, -0.0293159, -0.0945762, 0.178198, 999.437, -900.169, 10, 2e-20, 3e-20, 2e-20, 2e-20, -1
0.846649, -0.433447, 1.18525, 0.05, -0.0406508, 0.15447, 0.0176838, 0.160705, 999.488, -819.318, 10, 2e-20, 3e-20, 2e-20, 2e-20, -1
0.807224, -0.491079, 1.34494, 0.05, -0.152353, -0.099176, 0.0460809, 0.187538, 998.855, -1832.62, 10, 2e-20, 3e-20, 2e-20, 2e-20, -1
0.764999, -0.426247, 1.25361, 0.05, -0.0927556, -0.0203204, -0.0670982, 0.11627, 1001.91, 3049.05, 10, 2e-20, 3e-20, 2e-20, 2e-20, -1
0.683613, -0.35753, 1.19794, 0.05, -0.136232, -0.0572454, -0.135173, 0.200269, 996.315, -5896.54, 10, 2e-20, 3e-20, 2e-20, 2e-20, -1
0.702549, -0.394612, 1.17895, 0.05, -0.053897, -0.0379831, 0.029778, 0.0723487, 998.584, -2264.99, 10, 2e-20, 3e-20, 2e-20, 2e-20, -1
0.54966, -0.37328, 1.25995, 0.05, -0.224205, -0.0378172, 0.0314232, 0.229533, 1002.14, 3424.24, 10, 2e-20, 3e-20, 2e-20, 2e-20, -1
0.554875, -0.361825, 1.22255, 0.05, -0.0706592, 0.0138909, 0.0268939, 0.0768697, 997.136, -4582.24, 10, 2e-20, 3e-20, 2e-20, 2e-20, -1
0.540633, -0.312007, 1.21194, 0.05, -0.262054, -0.0678362, 0.0833869, 0.283245, 999.847, -245.39, 10, 2e-20, 3e-20, 2e-20, 2e-20, -1
0.545403, -0.319638, 1.16955, 0.05, -0.156219, -0.075598, -0.0279285, 0.175782, 1000.05, 72.3899, 10, 2e-20, 3e-20, 2e-20, 2e-20, -1
0.573581, -0.272872, 1.16016, 0.05, -0.0712859, 0.0335913, 0.0381015, 0.0875315, 999.313, -1099.57, 10, 2e-20, 3e-20, 2e-20, 2e-20, -1
0.597141, -0.26489, 1.23179, 0.05, -0.148489, 0.0537885, -0.0608186, 0.169237, 1003.2, 5120.79, 10, 2e-20, 3e-20, 2e-20, 2e-20, -1
0.527628, -0.250706, 1.22062, 0.05, -0.0499511, 0.145631, -0.111466, 0.190074, 999.189, -1298.02, 10, 2e-20, 3e-20, 2e-20, 2e-20, -1
0.516034, -0.275642, 1.19286, 0.05, -0.113001, -0.0490037, 0.00982061, 0.12356, 1000.61, 979.495, 10, 2e-20, 3e-20, 2e-20, 2e-20, -1
0.483813, -0.155905, 1.36658, 0.05, -0.0425075, 0.0130288, 0.0377541, 0.0583267, 998.62, -2207.8, 10, 2e-20, 3e-20, 2e-20, 2e-20, -1
0.987327, -0.452269, 0.0470626, 0.05, 0.0696915, -0.0245018, 0.144887, 0.162633, 1007.97, 12750.7, 10, 2e-20, 3e-20, 2e-20, 2e-20, -1
1.00155, -0.434929, 0.0940483, 0.05, 0.00380651, -0.153143, 0.181065, 0.237174, 1015.88, 25411.9, 10, 2e-20, 3e-20, 2e-20, 2e-20, -1
0.991911, -0.493911, 0.168599, 0.05, -0.0568103, 0.0149763, 0.101487, 0.117266, 1015.56, 24889.8, 10, 2e-20, 3e-20, 2e-20, 2e-20, -1
0.822277, -0.417445, 0.0891881, 0.05, 0.130154, 0.0744565, -0.0336754, 0.153681, 1008.17, 13074.7, 10, 2e-20, 3e-20, 2e-20, 2e-20, -1
0.986811, -0.385936, 0.148718, 0.05, 0.113069, -0.17304, 0.125563, 0.241854, 1005.87, 9387.78, 10, 2e-20, 3e-20, 2e-20, 2e-20, -1
0.906676, -0.422438, 0.141551, 0.05, -0.0314097, -0.123641, -0.0266993, 0.130333, 1014.62, 23395.8, 10, 2e-20, 3e-20, 2e-20, 2e-20, -1
0.895815, -0.35918, 0.176739, 0.05, -0.0732128, 0.0125995, -0.0511184, 0.0901774, 1007.83, 12522.5, 10, 2e-20, 3e-20, 2e-20, 2e-20, -1
0.92933, -0.34835, 0.260441, 0.05, 0.0221278, 0.0644279, 0.0268967, 0.0732395, 1008.29, 13259.9, 10, 2e-20, 3e-20, 2e-20, 2e-20, -1
0.884659, -0.347916, 0.359215, 0.05, 0.0382072, -0.147535, 0.0963793, 0.18032, 1007.12, 11398.9, 10, 2e-20, 3e-20, 2e-20, 2e-20, -1
0.996837, -0.39908, 0.565104, 0.05, -0.038317, -0.0799211, 0.182491, 0.202875, 1004.47, 7151.12, 10, 2e-20, 3e-20, 2e-20, 2e-20, -1
0.967311, -0.331994, 0.522498, 0.05, 0.0257328, 0.076523, 0.0570523, 0.0988581, 999.331, -1069.96, 10, 2e-20, 3e-20, 2e-20, 2e-20, -1
0.953147, -0.387728, 0.54291, 0.05, 0.026649, 0.0217115, 0.107263, 0.112636, 1002.74, 4382.24, 10, 2e-20, 3e-20, 2e-20, 2e-20, -1
0.970598, -0.373744, 0.612823, 0.05, -0.0655498, 0.0491118, -0.0783307, 0.113333, 1005.82, 9314.99, 10, 2e-20, 3e-20, 2e-20, 2e-20, -1
0.970781, -0.303804, 0.612027, 0.05, 0.0133134, -0.0371835, 0.0296003, 0.0493562, 1006.89, 11021.8, 10, 2e-20, 3e-20, 2e-20, 2e-20, -1
0.914994, -0.388459, 0.678499, 0.05, -0.0959002, 0.00753758, 0.0325404, 0.101551, 1003.7, 5917.13, 10, 2e-20, 3e-20, 2e-20, 2e-20, -1
0.871536, -0.349146, 0.579465, 0.05, -0.0157262, 0.0594129, 0.0662583, 0.0903735, 1006.1, 9753.68, 10, 2e-20, 3e-20, 2e-20, 2e-20, -1
0.914447, -0.379603, 0.627423, 0.05, 0.0396898, -0.0642845, 0.0598914, 0.0964093, 1001.67, 2675.43, 10, 2e-20, 3e-20, 2e-20, 2e-20, -1
0.952702, -0.355252, 0.701717, 0.05, -0.0990657, -0.0675172, 0.0222026, 0.121924, 1003.01, 4813.33, 10, 2e-20, 3e-20, 2e-20, 2e-20, -1
0.880046, -0.395856, 0.707832, 0.05, 0.0626824, 0.0735796, 0.0678929, 0.118121, 1004.69, 7501.82, 10, 2e-20, 3e-20, 2e-20, 2e-20, -1
0.936057, -0.292191, 0.767438, 0.05, 0.05384, -0.0410957, 0.166674, 0.179911, 1002.85, 4555.54, 10, 2e-20, 3e-20, 2e-20, 2e-20, -1
0.868521, -0.364425, 0.781744, 0.05, 0.0199639, -0.0533125, 0.060652, 0.0831832, 1005.77, 9230.61, 10, 2e-20, 3e-20, 2e-20, 2e-20, -1
0.856062, -0.347209, 0.709192, 0.05, -0.0472696, 0.0806297, 0.121856, 0.153572, 1000.9, 1438.7, 10, 2e-20, 3e-20, 2e-20, 2e-20, -1
0.927226, -0.3188, 0.806788, 0.05, 0.107373, 0.0208522, 0.13795, 0.176052, 1006.55, 10479.1, 10, 2e-20, 3e-20, 2e-20, 2e-20, -1
0.896193, -0.443189, 0.943239, 0.05, -0.0191064, -0.0563852, 0.147714, 0.15926, 1003.63, 5812.65, 10, 2e-20, 3e-20, 2e-20, 2e-20, -1
0.890975, -0.332457, 0.824022, 0.05, -0.00154036, -0.0250122, 0.00190377, 0.0251318, 1001.41, 2256.8, 10, 2e-20, 3e-20, 2e-20, 2e-20, -1
0.938797, -0.384702, 0.987562, 0.05, 0.00848409, -0.0385121, 0.0800804, 0.0892638, 999.421, -925.971, 10, 2e-20, 3e-20, 2e-20, 2e-20, -1
0.925816, -0.374778, 0.906517, 0.05, 0.0477415, 0.0553126, 0.120178, 0.140647, 999.207, -1268.74, 10, 2e-20, 3e-20, 2e-20, 2e-20, -1
0.876202, -0.398221, 0.915941, 0.05, -0.0954978, 0.115878, 0.144121, 0.208131, 1005.35, 8555.06, 10, 2e-20, 3e-20, 2e-20, 2e-20, -1
0.887435, -0.351938, 0.866965, 0.05, -0.051283, -0.040983, 0.0585264, 0.0879482, 999.603, -635.694, 10, 2e-20, 3e-20, 2e-20, 2e-20, -1
0.89152, -0.448711, 0.989771, 0.05, 0.0415491, 0.0404795, 0.104276, 0.119325, 1001.07, 1718.43, 10, 2e-20, 3e-20, 2e-20, 2e-20, -1
0.871334, -0.34162, 0.911926, 0.05, -0.0333131, -0.0207652, 0.157459, 0.162278, 1000.87, 1384.45, 10, 2e-20, 3e-20, 2e-20, 2e-20, -1
0.931547, -0.375856, 1.01468, 0.05, 0.144027, 0.0467365, 0.10202, 0.182582, 1001.54, 2463.19, 10, 2e-20, 3e-20, 2e-20, 2e-20, -1
0.899443, -0.402576, 1.03236, 0.05, -0.0128557, 0.049692, 0.0160566, 0.0537809, 999.477, -837.353, 10, 2e-20, 3e-20, 2e-20, 2e-20, -1
0.875112, -0.355581, 1.00976, 0.05, 0.0296206, 0.0033108, -0.0161157, 0.0338829, 1004.42, 7078.95, 10, 2e-20, 3e-20, 2e-20, 2e-20, -1
0.812795, -0.365684, 1.0011, 0.05, -0.0378667, 0.0205184, 0.0257782, 0.0501937, 995.939, -6497.03, 10, 2e-20, 3e-20, 2e-20, 2e-20, -1
0.900438, -0.275108, 1.03911, 0.05, 0.048251, -0.0500011, 0.0326325, 0.0767669, 1002.47, 3945.43, 10, 2e-20, 3e-20, 2e-20, 2e-20, -1
0.858839, -0.320359, 1.03966, 0.05, 0.0401101, 0.00458235, 0.0182307, 0.0442965, 1001.66, 2653.96, 10, 2e-20, 3e-20, 2e-20, 2e-20, -1
0.979623, -0.319928, 1.25815, 0.05, -0.120128, -0.0975496, 0.251385, 0.295197, 1000.54, 866.648, 10, 2e-20, 3e-20, 2e-20, 2e-20, -1
0.879632, -0.260096, 1.0799, 0.05, 0.0138484, -0.0187422, 0.00180454, 0.0233732, 1001.05, 1676.86, 10, 2e-20, 3e-20, 2e-20, 2e-20, -1
0.952055, -0.336281, 1.16903, 0.05, -0.0793983, 0.0312407, -0.0577526, 0.103031, 995.367, -7412.9, 10, 2e-20, 3e-20, 2e-20, 2e-20, -1
0.898835, -0.277233, 1.12173, 0.05, -0.188533, 0.0697839, 0.0669334, 0.211884, 1005.86, 9371.02, 10, 2e-20, 3e-20, 2e-20, 2e-20, -1
0.880563, -0.332354, 1.1254, 0.05, -0.0835333, 0.0420871, -0.109968, 0.144368, 1004.31, 6892.32, 10, 2e-20, 3e-20, 2e-20, 2e-20, -1
0.712823, -0.34818, 1.07851, 0.05, -0.0828938, 0.00448983, -0.0988316, 0.129071, 1002.43, 3895.44, 10, 2e-20, 3e-20, 2e-20, 2e-20, -1
0.846465, -0.296601, 1.1059, 0.05, 0.0134074, -0.067445, -0.0663548, 0.0955591, 1000.74, 1186.25, 10, 2e-20, 3e-20, 2e-20, 2e-20, -1
0.596867, -0.320707, 1.17806, 0.05, -0.0939226, -0.0302756, -0.0712608, 0.121722, 1000.41, 652.561, 10, 2e-20, 3e-20, 2e-20, 2e-20, -1
0.623496, -0.277092, 1.16161, 0.05, -0.208573, 0.110833, -0.148358, 0.278921, 998.443, -2491.56, 10, 2e-20, 3e-20, 2e-20, 2e-20, -1
0.55037, -0.202334, 1.22634, 0.05, -0.0915666, -0.0762385, 0.0874175, 0.147779, 1000.43, 681.581, 10, 2e-20, 3e-20, 2e-20, 2e-20, -1
0.521719, -0.152448, 1.28696, 0.05, -0.104546, -0.0577328, -0.0916984, 0.150571, 997.382, -4188.79, 10, 2e-20, 3e-20, 2e-20, 2e-20, -1
0.596868, -0.240467, 1.19018, 0.05, -0.0784031, -0.0668324, -0.0531851, 0.115941, 997.655, -3751.5, 10, 2e-20, 3e-20, 2e-20, 2e-20, -1
0.579338, -0.149968, 1.27168, 0.05, -0.0367724, 0.0681464, -0.0829955, 0.113509, 1001.49, 2377.49, 10, 2e-20, 3e-20, 2e-20, 2e-20, -1
0.447568, -0.181767, 1.30524, 0.05, -0.168603, -0.0375984, 0.110102, 0.204849, 1002.04, 3263.83, 10, 2e-20, 3e-20, 2e-20, 2e-20, -1
0.942087, -0.359146, 0.051766, 0.05, -0.0924762, -0.0732632, 0.0638192, 0.134135, 1013.89, 22230.8, 10, 2e-20, 3e-20, 2e-20, 2e-20, -1
0.951104, -0.305376, 0.05494, 0.05, -0.00634552, -0.0245785, -0.1585, 0.16052, 1009.33, 14935.7, 10, 2e-20, 3e-20, 2e-20, 2e-20, -1
0.949902, -0.451986, 0.12938, 0.05, -0.152877, -0.044427, -0.0628856, 0.171172, 1007.64, 12216, 10, 2e-20, 3e-20, 2e-20, 2e-20, -1
0.996782, -0.304273, 0.0525204, 0.05, 0.11144, 0.00888949, -0.078364, 0.136524, 1006.78, 10851.9, 10, 2e-20, 3e-20, 2e-20, 2e-20, -1
0.935122, -0.335497, 0.155829, 0.05, -0.0177829, -0.150134, 0.165479, 0.224142, 1004.34, 6948.8, 10, 2e-20, 3e-20, 2e-20, 2e-20, -1
1.00038, -0.267328, 0.280537, 0.05, -0.0734725, -0.00655548, 0.187584, 0.201566, 1011.73, 18767, 10, 2e-20, 3e-20, 2e-20, 2e-20, -1
0.904786, -0.276967, 0.198493, 0.05, 0.0357645, 0.0377304, -0.0798264, 0.0952624, 1009.82, 15714.6, 10, 2e-20, 3e-20, 2e-20, 2e-20, -1
0.938137, -0.323398, 0.348294, 0.05, 0.0403523, -0.0128329, 0.118104, 0.125465, 1006.44, 10298.7, 10, 2e-20, 3e-20, 2e-20, 2e-20, -1
0.914569, -0.298979, 0.287402, 0.05, 0.0372643, 0.0215283, -0.038697, 0.0578753, 1002.78, 4455.11, 10, 2e-20, 3e-20, 2e-20, 2e-20, -1
0.898652, -0.307793, 0.233854, 0.05, 0.0893229, 0.0160791, 0.0570253, 0.107187, 1009.94, 15911.2, 10, 2e-20, 3e-20, 2e-20, 2e-20, -1
0.891416, -0.365992, 0.415766, 0.05, -0.124469, -0.0422448, 0.0933663, 0.161228, 1003.41, 5452.45, 10, 2e-20, 3e-20, 2e-20, 2e-20, -1
0.852298, -0.34488, 0.428527, 0.05, 0.0793837, 0.0692008, 0.0133105, 0.106149, 1004.6, 7353.17, 10, 2e-20, 3e-20, 2e-20, 2e-20, -1
0.89052, -0.353904, 0.474707, 0.05, -4.46988e-05, 0.0707138, -0.0311926, 0.0772879, 1008.88, 14200.1, 10, 2e-20, 3e-20, 2e-20, 2e-20, -1
0.866758, -0.249288, 0.378583, 0.05, -0.0355952, -0.0210313, -0.00676213, 0.0418934, 1005.17, 8279.72, 10, 2e-20, 3e-20, 2e-20, 2e-20, -1
0.933026, -0.37555, 0.579549, 0.05, -0.0787528, -0.0908366, 0.00806453, 0.120492, 1007.49, 11988.9, 10, 2e-20, 3e-20, 2e-20, 2e-20, -1
0.882217, -0.263347, 0.452479, 0.05, 0.030897, 0.0505617, 0.0400568, 0.0715238, 1000.49, 791.845, 10, 2e-20, 3e-20, 2e-20, 2e-20, -1
0.889212, -0.331978, 0.630124, 0.05, 0.0241983, -0.0813936, 0.0164108, 0.0864858, 1003.89, 6231.61, 10, 2e-20, 3e-20, 2e-20, 2e-20, -1
0.892205, -0.279724, 0.520406, 0.05, -0.0861043, -0.00111091, 0.0826609, 0.119365, 1005.49, 8783.12, 10, 2e-20, 3e-20, 2e-20, 2e-20, -1
0.865117, -0.344035, 0.664509, 0.05, -0.0114935, -0.106708, 0.156701, 0.189931, 1006.72, 10754, 10, 2e-20, 3e-20, 2e-20, 2e-20, -1
0.886264, -0.324421, 0.537502, 0.05, -0.0561068, 0.0927234, 0.108966, 0.153685, 1004.15, 6634.48, 10, 2e-20, 3e-20, 2e-20, 2e-20, -1
0.846275, -0.303062, 0.642075, 0.05, -0.00514034, 0.0880269, 0.0371809, 0.0956952, 1002.51, 4011.46, 10, 2e-20, 3e-20, 2e-20, 2e-20, -1
0.944555, -0.266202, 0.659678, 0.05, -0.0665532, -0.0588097, 0.155156, 0.178777, 999.459, -865.2, 10, 2e-20, 3e-20, 2e-20, 2e-20, -1
0.893424, -0.299027, 0.735232, 0.05, -0.014195, 0.00247933, -0.080757, 0.0820326, 1004.84, 7744.22, 10, 2e-20, 3e-20, 2e-20, 2e-20, -1
0.915221, -0.246927, 0.729472, 0.05, -0.0571523, 0.023803, 0.0622257, 0.0877781, 1007.62, 12199.8, 10, 2e-20, 3e-20, 2e-20, 2e-20, -1
0.895779, -0.261588, 0.777503, 0.05, 0.0296226, -0.0551429, 0.160814, 0.172567, 1002.23, 3560.77, 10, 2e-20, 3e-20, 2e-20, 2e-20, -1
0.833503, -0.338034, 0.751254, 0.05, 0.00301956, -0.0125403, 0.00230349, 0.0131028, 1001.48, 2374.73, 10, 2e-20, 3e-20, 2e-20, 2e-20, -1
0.842601, -0.283642, 0.757813, 0.05, 0.0169057, 0.0056754, 0.0461252, 0.0494525, 1002.86, 4568.21, 10, 2e-20, 3e-20, 2e-20, 2e-20, -1
0.880517, -0.31672, 0.778613, 0.05, 0.0595634, -0.00211492, 0.088797, 0.106945, 998.071, -3085.94, 10, 2e-20, 3e-20, 2e-20, 2e-20, -1
0.90734, -0.256909, 0.890572, 0.05, 0.0519521, 0.0973478, 0.0684361, 0.129843, 999.069, -1488.96, 10, 2e-20, 3e-20, 2e-20, 2e-20, -1
0.858616, -0.286332, 0.80585, 0.05, -0.134848, -0.0458276, 0.123858, 0.188745, 1000.94, 1497.96, 10, 2e-20, 3e-20, 2e-20, 2e-20, -1
0.871816, -0.263685, 0.920709, 0.05, 0.0438882, 0.0823244, 0.0214769, 0.0957326, 1001.76, 2814.44, 10, 2e-20, 3e-20, 2e-20, 2e-20, -1
0.824481, -0.334424, 0.927997, 0.05, 0.051369, -0.0932651, 0.0686887, 0.126709, 1003.01, 4811.99, 10, 2e-20, 3e-20, 2e-20, 2e-20, -1
0.865879, -0.277778, 0.967975, 0.05, 0.0705357, -0.069758, -0.0201994, 0.10124, 1000.29, 456.206, 10, 2e-20, 3e-20, 2e-20, 2e-20, -1
0.954673, -0.191688, 1.07573, 0.05, -0.00576559, -0.0160656, 0.251127, 0.251706, 1003.04, 4865.5, 10, 2e-20, 3e-20, 2e-20, 2e-20, -1
0.887183, -0.227305, 1.0291, 0.05, -0.0199236, -0.026226, 0.0582256, 0.0668952, 1005.15, 8233.07, 10, 2e-20, 3e-20, 2e-20, 2e-20, -1
0.886671, -0.315903, 0.995904, 0.05, -0.0819082, 0.0573076, 0.0321305, 0.105002, 999.052, -1516.66, 10, 2e-20, 3e-20, 2e-20, 2e-20, -1
0.912407, -0.193836, 1.04584, 0.05, 0.00657857, -0.0482241, 0.0950849, 0.106818, 997.829, -3473.26, 10, 2e-20, 3e-20, 2e-20, 2e-20, -1
0.853458, -0.275983, 1.01999, 0.05, 0.0997822, 0.0355695, 0.0543689, 0.11907, 1003.91, 6254.23, 10, 2e-20, 3e-20, 2e-20, 2e-20, -1
0.885871, -0.205055, 1.08653, 0.05, 0.186928, -0.0955556, 0.147069, 0.256324, 1002.85, 4561.27, 10, 2e-20, 3e-20, 2e-20, 2e-20, -1
0.883199, -0.243748, 1.15706, 0.05, -0.111942, 0.0782086, 0.0124379, 0.137121, 1002.78, 4445.91, 10, 2e-20, 3e-20, 2e-20, 2e-20, -1
0.855308, -0.239686, 1.11312, 0.05, 0.0147694, 0.0522891, 0.107758, 0.120682, 1001.79, 2865.26, 10, 2e-20, 3e-20, 2e-20, 2e-20, -1
0.85934, -0.288098, 1.14856, 0.05, -0.0373441, 0.0734536, -0.0279249, 0.0870046, 1001.99, 3180.72, 10, 2e-20, 3e-20, 2e-20, 2e-20, -1
0.808365, -0.255493, 1.14485, 0.05, 0.00526356, -0.0146631, -0.0674578, 0.0692334, 996.793, -5131.53, 10, 2e-20, 3e-20, 2e-20, 2e-20, -1
0.825029, -0.301289, 1.08228, 0.05, -0.00196668, -0.00745147, -0.0635415, 0.0640071, 1003.21, 5134.9, 10, 2e-20, 3e-20, 2e-20, 2e-20, -1
0.707691, -0.244272, 1.07584, 0.05, 0.0136443, -0.0301956, -0.121816, 0.126242, 998.466, -2454.88, 10, 2e-20, 3e-20, 2e-20, 2e-20, -1
0.645168, -0.191184, 1.18776, 0.05, -0.0962156, 0.00815696, -0.0614429, 0.114452, 1001.78, 2849.8, 10, 2e-20, 3e-20, 2e-20, 2e-20, -1
0.661351, -0.184812, 1.15311, 0.05, -0.0453165, -0.0387806, 0.0148262, 0.06146, 1005.08, 8127.81, 10, 2e-20, 3e-20, 2e-20, 2e-20, -1
0.596986, -0.179814, 1.19823, 0.05, -0.168006, -0.00411129, 0.0627674, 0.179395, 997.405, -4152.66, 10, 2e-20, 3e-20, 2e-20, 2e-20, -1
0.586942, -0.159248, 1.22848, 0.05, -0.0944682, 0.023977, -0.0143695, 0.0985171, 1001.67, 2677.33, 10, 2e-20, 3e-20, 2e-20, 2e-20, -1
0.541401, -0.0978839, 1.30412, 0.05, -0.131812, 0.0793643, 0.0854479, 0.175996, 997.851, -3437.83, 10, 2e-20, 3e-20, 2e-20, 2e-20, -1
0.467802, -0.0940218, 1.36392, 0.05, -0.0861545, 0.100134, 0.0327292, 0.136091, 1004.07, 6510.23, 10, 2e-20, 3e-20, 2e-20, 2e-20, -1
0.947285, -0.201405, 0.051153, 0.05, -0.0500642, 0.0109425, -0.0518244, 0.072883, 1015.12, 24196.4, 10, 2e-20, 3e-20, 2e-20, 2e-20, -1
0.997224, -0.314434, 0.307426, 0.05, -0.0721864, 0.141152, 0.0668471, 0.172056, 1008.78, 14041.6, 10, 2e-20, 3e-20, 2e-20, 2e-20, -1
0.95095, -0.355339, 0.117871, 0.05, 0.176554, -0.221985, -0.170301, 0.330834, 1007.05, 11278.3, 10, 2e-20, 3e-20, 2e-20, 2e-20, -1
0.953126, -0.30386, 0.196067, 0.05, -0.0144495, -0.0367855, 0.00843219, 0.0404112, 1010.2, 16319.9, 10, 2e-20, 3e-20, 2e-20, 2e-20, -1
0.999196, -0.215155, 0.166567, 0.05, -0.00776133, 0.00194699, -0.0682918, 0.068759, 1011.87, 18997.8, 10, 2e-20, 3e-20, 2e-20, 2e-20, -1
0.953867, -0.19394, 0.182904, 0.05, -0.0566927, 0.066181, 0.0304427, 0.0923078, 1008.22, 13145.9, 10, 2e-20, 3e-20, 2e-20, 2e-20, -1
0.963404, -0.211644, 0.225776, 0.05, -0.0309808, -0.0304125, 0.0636353, 0.0770337, 1002.91, 4660.12, 10, 2e-20, 3e-20, 2e-20, 2e-20, -1
0.932607, -0.268452, 0.24439, 0.05, -0.0228117, 0.00952022, -0.0456068, 0.0518747, 1003.86, 6173.74, 10, 2e-20, 3e-20, 2e-20, 2e-20, -1
0.949995, -0.280901, 0.316859, 0.05, 0.140802, -0.0427583, 0.0922452, 0.173674, 1007.09, 11344.6, 10, 2e-20, 3e-20, 2e-20, 2e-20, -1
0.903828, -0.287482, 0.334847, 0.05, 0.0679476, 0.00202689, -0.0140746, 0.0694196, 1004.87, 7796.7, 10, 2e-20, 3e-20, 2e-20, 2e-20, -1
0.889086, -0.250671, 0.286774, 0.05, -0.0568826, 0.0626695, -0.0259679, 0.0885292, 1010.44, 16704.9, 10, 2e-20, 3e-20, 2e-20, 2e-20, -1
0.864084, -0.303024, 0.360943, 0.05, -0.0119878, 0.0767246, -0.0622448, 0.0995228, 1007.18, 11489.6, 10, 2e-20, 3e-20, 2e-20, 2e-20, -1
0.89589, -0.205199, 0.362352, 0.05, -0.0693297, 0.0581215, -0.0505201, 0.103619, 1005.94, 9504.44, 10, 2e-20, 3e-20, 2e-20, 2e-20, -1
0.887608, -0.227611, 0.418789, 0.05, -0.0139441, -0.0573065, 0.0366885, 0.0694588, 1004.99, 7985.08, 10, 2e-20, 3e-20, 2e-20, 2e-20, -1
0.881534, -0.212857, 0.487932, 0.05, -0.147013, 0.00912864, 0.0570732, 0.157967, 1007.92, 12670.1, 10, 2e-20, 3e-20, 2e-20, 2e-20, -1
0.851458, -0.199278, 0.394692, 0.05, -0.0677333, 0.000296051, -0.0798295, 0.104693, 1003.75, 5993.61, 10, 2e-20, 3e-20, 2e-20, 2e-20, -1
0.898888, -0.228717, 0.533457, 0.05, -0.0416563, 0.0325309, 0.0757352, 0.0923543, 1010.62, 16991.9, 10, 2e-20, 3e-20, 2e-20, 2e-20, -1
0.880523, -0.245442, 0.575804, 0.05, -0.10518, -0.058964, -0.0189526, 0.122061, 1006.57, 10509.5, 10, 2e-20, 3e-20, 2e-20, 2e-20, -1
1.00024, -0.171641, 0.787368, 0.05, -0.00957992, -0.012554, 0.126978, 0.127956, 1003.57, 5704.91, 10, 2e-20, 3e-20, 2e-20, 2e-20, -1
0.921312, -0.218758, 0.68057, 0.05, -0.0989242, -0.0306529, 0.0722776, 0.126292, 1001.85, 2956.25, 10, 2e-20, 3e-20, 2e-20, 2e-20, -1
0.906262, -0.201231, 0.764384, 0.05, 0.01592, 0.133156, 0.0730674, 0.152718, 1001.77, 2835.74, 10, 2e-20, 3e-20, 2e-20, 2e-20, -1
0.907467, -0.179692, 0.639105, 0.05, 0.0515301, 0.0630303, -0.0122511, 0.0823301, 1004.31, 6888.34, 10, 2e-20, 3e-20, 2e-20, 2e-20, -1
0.855182, -0.227833, 0.756622, 0.05, 0.0136729, 0.0452786, -0.0104571, 0.0484402, 1004.16, 6649.35, 10, 2e-20, 3e-20, 2e-20, 2e-20, -1
0.898424, -0.16827, 0.709133, 0.05, -0.0144883, -0.00148601, 0.0128919, 0.0194504, 1004.06, 6501.27, 10, 2e-20, 3e-20, 2e-20, 2e-20, -1
0.911194, -0.215288, 0.882952, 0.05, -0.0193213, -0.00115699, 0.0325374, 0.0378594, 1001.43, 2281.21, 10, 2e-20, 3e-20, 2e-20, 2e-20, -1
0.933216, -0.13177, 0.924828, 0.05, 0.000838829, -0.0629114, 0.112945, 0.129287, 1001.97, 3157.62, 10, 2e-20, 3e-20, 2e-20, 2e-20, -1
0.857876, -0.157596, 0.821955, 0.05, 0.011054, -0.0623493, 0.0513574, 0.0815304, 1006.48, 10373.2, 10, 2e-20, 3e-20, 2e-20, 2e-20, -1
0.882809, -0.214588, 0.93046, 0.05, -0.0469793, -0.0632325, -0.0192534, 0.0810931, 996.725, -5240.37, 10, 2e-20, 3e-20, 2e-20, 2e-20, -1
0.889333, -0.170414, 0.868939, 0.05, 0.00140252, 0.00304198, 0.0494989, 0.0496121, 1007.46, 11929.1, 10, 2e-20, 3e-20, 2e-20, 2e-20, -1
0.901709, -0.169341, 0.924487, 0.05, -0.0247844, 0.0337177, -0.00920419, 0.042847, 1000.5, 804.697, 10, 2e-20, 3e-20, 2e-20, 2e-20, -1
0.845678, -0.235901, 0.884889, 0.05, 0.125981, 0.0497907, -0.0317136, 0.139126, 996.174, -6120.82, 10, 2e-20, 3e-20, 2e-20, 2e-20, -1
0.840048, -0.290529, 0.891644, 0.05, -0.0444786, 0.0376583, 0.193604, 0.202186, 1002.46, 3940.13, 10, 2e-20, 3e-20, 2e-20, 2e-20, -1
0.864057, -0.0757909, 0.859725, 0.05, 0.0983978, 0.00773947, 0.0518223, 0.111479, 1001.76, 2819.08, 10, 2e-20, 3e-20, 2e-20, 2e-20, -1
0.861049, -0.23027, 0.97244, 0.05, 0.00496496, -0.044199, 0.0460779, 0.064042, 1005.94, 9496.4, 10, 2e-20, 3e-20, 2e-20, 2e-20, -1
0.851187, -0.181349, 0.90432, 0.05, -0.0653358, -0.0506409, -0.000415693, 0.0826646, 1001.07, 1717.97, 10, 2e-20, 3e-20, 2e-20, 2e-20, -1
0.939164, -0.126686, 1.13749, 0.05, 0.117215, -0.0343573, 0.0854108, 0.149046, 1000.01, 23.4059, 10, 2e-20, 3e-20, 2e-20, 2e-20, -1
0.755312, -0.15363, 1.11338, 0.05, -0.0271741, -0.079456, -0.110512, 0.138797, 1002.47, 3952.6, 10, 2e-20, 3e-20, 2e-20, 2e-20, -1
0.858013, -0.205197, 1.14411, 0.05, 0.0313314, -0.105019, 0.126892, 0.167667, 1003.46, 5541.55, 10, 2e-20, 3e-20, 2e-20, 2e-20, -1
0.721037, -0.120703, 1.14877, 0.05, -0.158937, -0.0268879, -0.0110067, 0.16157, 1004.34, 6951.09, 10, 2e-20, 3e-20, 2e-20, 2e-20, -1
0.825436, -0.146348, 1.17732, 0.05, -0.0889435, -0.000496175, -0.259706, 0.274514, 1000.78, 1248.3, 10, 2e-20, 3e-20, 2e-20, 2e-20, -1
0.806441, -0.155137, 1.14498, 0.05, 0.0650027, 0.0116807, 0.00523742, 0.0662511, 1001.97, 3145.98, 10, 2e-20, 3e-20, 2e-20, 2e-20, -1
0.797824, -0.203115, 1.14884, 0.05, 0.0373075, 0.0628596, -0.0646676, 0.0975965, 999.859, -226.1, 10, 2e-20, 3e-20, 2e-20, 2e-20, -1
0.763487, -0.148622, 1.15848, 0.05, -0.111918, -0.0207522, -0.0265672, 0.116885, 1000.97, 1550.61, 10, 2e-20, 3e-20, 2e-20, 2e-20, -1
0.895313, -0.12058, 1.23565, 0.05, 0.0347661, 0.0670557, -0.0572629, 0.094785, 999.716, -454.633, 10, 2e-20, 3e-20, 2e-20, 2e-20, -1
0.933342, -0.16675, 1.27683, 0.05, -0.167509, 0.325471, -0.056964, 0.370454, 1000.13, 206.054, 10, 2e-20, 3e-20, 2e-20, 2e-20, -1
0.716001, -0.185775, 1.1755, 0.05, -0.163878, -0.00774142, -0.0145188, 0.164702, 1003.83, 6133.17, 10, 2e-20, 3e-20, 2e-20, 2e-20, -1
0.848509, -0.115645, 1.23591, 0.05, -0.021923, 0.0611076, 0.015984, 0.0668599, 999.359, -1026.35, 10, 2e-20, 3e-20, 2e-20, 2e-20, -1
0.681441, -0.140435, 1.17603, 0.05, -0.0706402, -0.0345105, -0.150367, 0.16968, 1003.4, 5440.59, 10, 2e-20, 3e-20, 2e-20, 2e-20, -1
0.630188, -0.121585, 1.16081, 0.05, -0.121637, -0.0722057, -0.0750995, 0.160154, 998.135, -2983.6, 10, 2e-20, 3e-20, 2e-20, 2e-20, -1
0.581662, -0.0871853, 1.27078, 0.05, -0.0828528, -0.00140691, -0.0119574, 0.083723, 1002.18, 3490.95, 10, 2e-20, 3e-20, 2e-20, 2e-20, -1
0.400322, -0.0716117, 1.39682, 0.05, -0.20583, 0.126682, 0.257809, 0.353384, 997.412, -4140.61, 10, 2e-20, 3e-20, 2e-20, 2e-20, -1
0.994125, -0.155606, 0.0560912, 0.05, 0.0215257, 0.0290495, 0.0183073, 0.0405264, 1011.46, 18343.8, 10, 2e-20, 3e-20, 2e-20, 2e-20, -1
1.00035, -0.241304, 0.113027, 0.05, 0.0343339, 0.0754829, -0.0547535, 0.0993702, 1004.94, 7905.36, 10, 2e-20, 3e-20, 2e-20, 2e-20, -1
1.00007, -0.116675, 0.0972007, 0.05, -0.0659673, 0.0632509, -0.108293, 0.141703, 1009.4, 15032.1, 10, 2e-20, 3e-20, 2e-20, 2e-20, -1
0.973192, -0.259503, 0.0975557, 0.05, -0.029557, 0.086971, -0.0490855, 0.104149, 1005.27, 8437.57, 10, 2e-20, 3e-20, 2e-20, 2e-20, -1
0.94551, -0.146401, 0.160665, 0.05, -0.0352858, 0.0467433, -0.0485213, 0.0760548, 1009.79, 15658.5, 10, 2e-20, 3e-20, 2e-20, 2e-20, -1
0.956747, -0.151668, 0.217927, 0.05, -0.0284792, -0.0668572, 0.0307257, 0.0788988, 1007.57, 12105.6, 10, 2e-20, 3e-20, 2e-20, 2e-20, -1
0.907652, -0.181017, 0.174981, 0.05, -0.0785623, 0.0429599, -0.0585741, 0.106998, 1008.03, 12847.6, 10, 2e-20, 3e-20, 2e-20, 2e-20, -1
0.963071, -0.192268, 0.265321, 0.05, -0.0499817, -0.0373014, 0.0235272, 0.0666565, 1005.2, 8320.93, 10, 2e-20, 3e-20, 2e-20, 2e-20, -1
0.96072, -0.230007, 0.380804, 0.05, -0.0157013, -0.0764452, 0.107602, 0.132923, 999.414, -938.214, 10, 2e-20, 3e-20, 2e-20, 2e-20, -1
0.930685, -0.127076, 0.324561, 0.05, -0.0392531, -0.0249972, 0.0420486, 0.0627196, 1004.7, 7515.94, 10, 2e-20, 3e-20, 2e-20, 2e-20, -1
0.898634, -0.196741, 0.2903, 0.05, -0.03313, 0.0102181, 0.0557257, 0.0656305, 1006.14, 9822.55, 10, 2e-20, 3e-20, 2e-20, 2e-20, -1
0.905407, -0.12082, 0.394771, 0.05, -0.146965, -0.0446219, -0.00426998, 0.153649, 1002.53, 4048.92, 10, 2e-20, 3e-20, 2e-20, 2e-20, -1
0.924555, -0.21851, 0.459459, 0.05, -0.0684805, 0.04847, -0.0021535, 0.0839259, 1007.87, 12586.7, 10, 2e-20, 3e-20, 2e-20, 2e-20, -1
0.943473, -0.137109, 0.46075, 0.05, -0.034721, -0.00793924, 0.0674017, 0.0762336, 1003.13, 5014.35, 10, 2e-20, 3e-20, 2e-20, 2e-20, -1
0.910108, -0.178754, 0.415523, 0.05, -0.0422842, 0.0161609, -0.0551482, 0.0713474, 1003.41, 5449.39, 10, 2e-20, 3e-20, 2e-20, 2e-20, -1
0.914037, -0.162077, 0.471374, 0.05, -0.0277668, -0.0807287, 0.108396, 0.137978, 1005.55, 8885.01, 10, 2e-20, 3e-20, 2e-20, 2e-20, -1
0.945349, -0.157405, 0.564432, 0.05, 0.0685124, -0.0040652, 0.0744581, 0.101264, 1003.96, 6328.01, 10, 2e-20, 3e-20, 2e-20, 2e-20, -1
0.915941, -0.120871, 0.533642, 0.05, -0.0381867, 0.0836183, 0.0457244, 0.102669, 1004.02, 6439, 10, 2e-20, 3e-20, 2e-20, 2e-20, -1
0.905541, -0.227973, 0.620878, 0.05, 0.00586565, 0.0228529, -0.0010994, 0.0236193, 1005.43, 8686.15, 10, 2e-20, 3e-20, 2e-20, 2e-20, -1
0.949319, -0.208327, 0.664131, 0.05, 0.0891535, 0.0299178, -0.0544726, 0.108677, 1003.85, 6161.39, 10, 2e-20, 3e-20, 2e-20, 2e-20, -1
0.936487, -0.202268, 0.717368, 0.05, 0.00948357, 0.0826282, 0.0411684, 0.0928019, 1002.28, 3647.18, 10, 2e-20, 3e-20, 2e-20, 2e-20, -1
0.888166, -0.145864, 0.574009, 0.05, 0.00602856, 0.0375075, -0.0513988, 0.0639139, 998.626, -2198.57, 10, 2e-20, 3e-20, 2e-20, 2e-20, -1
0.958842, -0.181203, 0.760732, 0.05, -0.0365913, 0.0515475, 0.07444, 0.0976596, 1004.26, 6814.75, 10, 2e-20, 3e-20, 2e-20, 2e-20, -1
0.968734, -0.108816, 0.70943, 0.05, -0.0397691, -0.184447, 0.044614, 0.193888, 1001.39, 2227.23, 10, 2e-20, 3e-20, 2e-20, 2e-20, -1
0.944739, -0.0958378, 0.761613, 0.05, 0.0357876, -0.0493217, 0.103208, 0.119855, 1004.04, 6471.88, 10, 2e-20, 3e-20, 2e-20, 2e-20, -1
0.939834, -0.143558, 0.742725, 0.05, 0.0291269, -0.0704216, 0.10947, 0.133384, 1005.62, 8990.27, 10, 2e-20, 3e-20, 2e-20, 2e-20, -1
0.898514, -0.132242, 0.745288, 0.05, -0.0436678, -0.122247, 0.0590253, 0.142602, 1004.97, 7946.76, 10, 2e-20, 3e-20, 2e-20, 2e-20, -1
0.91683, -0.143853, 0.838424, 0.05, 0.0786466, -0.00766012, 0.086785, 0.11737, 1006.28, 10055.2, 10, 2e-20, 3e-20, 2e-20, 2e-20, -1
0.895273, -0.0928201, 0.901382, 0.05, -0.0317234, 0.047987, -0.0271524, 0.0636112, 998.344, -2649.57, 10, 2e-20, 3e-20, 2e-20, 2e-20, -1
0.889883, -0.126571, 0.880222, 0.05, 0.0422696, -0.00875642, 0.0590293, 0.073129, 999.705, -472.516, 10, 2e-20, 3e-20, 2e-20, 2e-20, -1
0.898459, -0.0746819, 0.938663, 0.05, 0.0294298, 0.012013, 0.0658799, 0.0731477, 1002.97, 4759.3, 10, 2e-20, 3e-20, 2e-20, 2e-20, -1
0.841154, -0.122943, 0.855818, 0.05, -0.0441218, -0.0235878, 0.0469298, 0.0685969, 1004.55, 7284.84, 10, 2e-20, 3e-20, 2e-20, 2e-20, -1
0.880645, -0.023038, 0.920479, 0.05, 0.0112072, -0.0537775, 0.0734849, 0.0917478, 1003.05, 4873.99, 10, 2e-20, 3e-20, 2e-20, 2e-20, -1
0.858755, 3.51344e-05, 0.959248, 0.05, 0.00020663, -0.00982817, 0.142718, 0.143056, 1005.6, 8954.32, 10, 2e-20, 3e-20, 2e-20, 2e-20, -1
0.884034, -0.077261, 1.07937, 0.05, 0.0840124, 0.0193058, -0.0178642, 0.0880336, 999.393, -971.269, 10, 2e-20, 3e-20, 2e-20, 2e-20, -1
0.861716, -0.0326413, 1.09265, 0.05, -0.024293, -0.0212455, -0.0510179, 0.0603684, 1003.68, 5894.54, 10, 2e-20, 3e-20, 2e-20, 2e-20, -1
0.882093, -0.108546, 1.11749, 0.05, 0.0632938, 0.0246845, 0.131804, 0.148282, 1006, 9601.9, 10, 2e-20, 3e-20, 2e-20, 2e-20, -1
0.932676, 0.000513273, 1.14546, 0.05, -0.103427, 0.0163328, 0.0918147, 0.139262, 1002.81, 4500.01, 10, 2e-20, 3e-20, 2e-20, 2e-20, -1
0.766506, -0.0719811, 1.09429, 0.05, 0.115792, -0.00432388, -0.0366775, 0.121539, 1003.4, 5434.45, 10, 2e-20, 3e-20, 2e-20, 2e-20, -1
0.961363, -0.0459211, 1.18723, 0.05, 0.121437, 0.0979073, 0.213528, 0.264437, 1003.22, 5156.75, 10, 2e-20, 3e-20, 2e-20, 2e-20, -1
0.889927, -0.0480452, 1.23373, 0.05, -0.0800105, -0.158761, -0.101294, 0.204615, 998.789, -1938.28, 10, 2e-20, 3e-20, 2e-20, 2e-20, -1
0.866366, -0.0463843, 1.17729, 0.05, -0.113335, 0.023318, -0.0335507, 0.120475, 1001.63, 2600.52, 10, 2e-20, 3e-20, 2e-20, 2e-20, -1
0.940978, -0.179551, 1.33076, 0.05, -0.137632, 0.106484, -0.243539, 0.29932, 995.29, -7536.51, 10, 2e-20, 3e-20, 2e-20, 2e-20, -1
0.787183, -0.102927, 1.25834, 0.05, -0.288562, 0.113086, -0.0819246, 0.320575, 1001.15, 1847.17, 10, 2e-20, 3e-20, 2e-20, 2e-20, -1
0.757541, -0.0389215, 1.18182, 0.05, -0.0408786, 0.06194, -0.108774, 0.131679, 1006.94, 11102.8, 10, 2e-20, 3e-20, 2e-20, 2e-20, -1
0.701943, -0.072493, 1.1742, 0.05, -0.0783397, -0.0737888, 0.00685601, 0.107837, 996.198, -6082.72, 10, 2e-20, 3e-20, 2e-20, 2e-20, -1
0.580094, -0.0385686, 1.22858, 0.05, -0.0816594, -0.0589573, -0.0307792, 0.105317, 997.829, -3472.97, 10, 2e-20, 3e-20, 2e-20, 2e-20, -1
0.544411, -0.0696116, 1.2559, 0.05, -0.0672158, -0.101854, 0.0627788, 0.137235, 1005.72, 9158.7, 10, 2e-20, 3e-20, 2e-20, 2e-20, -1
0.52892, -0.0303024, 1.28032, 0.05, -0.137308, -0.0572898, 0.158574, 0.217443, 1001.68, 2689.51, 10, 2e-20, 3e-20, 2e-20, 2e-20, -1
0.544782, -0.0577009, 1.32487, 0.05, -0.130551, 0.0189891, 0.114852, 0.174915, 1001.63, 2609.72, 10, 2e-20, 3e-20, 2e-20, 2e-20, -1
0.41643, -0.0398913, 1.39282, 0.05, -0.201065, 0.170044, 0.188728, 0.323976, 997.849, -3441.71, 10, 2e-20, 3e-20, 2e-20, 2e-20, -1
0.936338, -0.012256, 0.0490795, 0.05, 0.0307011, -0.0128811, 0.0208001, 0.0392572, 1011.91, 19049.9, 10, 2e-20, 3e-20, 2e-20, 2e-20, -1
0.999474, -0.107439, 0.0459142, 0.05, 0.026083, 0.0253259, -0.11848, 0.123932, 1005.58, 8929, 10, 2e-20, 3e-20, 2e-20, 2e-20, -1
0.950001, -0.148241, 0.103068, 0.05, 0.0779636, -0.000334877, 0.107337, 0.132664, 1003.19, 5108.48, 10, 2e-20, 3e-20, 2e-20, 2e-20, -1
0.960126, -0.0239654, 0.121946, 0.05, 0.0435673, 0.0591373, -0.00714048, 0.0737992, 1006.38, 10205, 10, 2e-20, 3e-20, 2e-20, 2e-20, -1
0.939103, -0.114553, 0.206598, 0.05, -0.0559579, 0.0474186, 0.0306982, 0.0795122, 1012.67, 20279.2, 10, 2e-20, 3e-20, 2e-20, 2e-20, -1
0.999133, -0.0304617, 0.253908, 0.05, -0.0991674, 0.0223386, -0.0164882, 0.102981, 1010.94, 17507.5, 10, 2e-20, 3e-20, 2e-20, 2e-20, -1
1.00025, -0.00380067, 0.362737, 0.05, -0.0724053, 0.0289471, -0.00381596, 0.0780707, 1005.65, 9037.7, 10, 2e-20, 3e-20, 2e-20, 2e-20, -1
1.00146, -0.0755138, 0.324287, 0.05, -0.0723028, -0.087118, 0.114215, 0.160817, 1007.94, 12705.5, 10, 2e-20, 3e-20, 2e-20, 2e-20, -1
0.957885, -0.0241511, 0.28146, 0.05, 0.00788089, 0.0158037, 0.037284, 0.0412548, 1009.69, 15505.4, 10, 2e-20, 3e-20, 2e-20, 2e-20, -1
0.898963, -0.0577778, 0.334348, 0.05, 0.0428371, -0.0274048, -1.27316e-05, 0.0508531, 1008.58, 13722, 10, 2e-20, 3e-20, 2e-20, 2e-20, -1
0.950334, -0.101124, 0.430763, 0.05, 0.0127993, 0.0306019, 0.00211632, 0.0332382, 1003.02, 4826.2, 10, 2e-20, 3e-20, 2e-20, 2e-20, -1
0.954042, -0.0637605, 0.32894, 0.05, 0.0163286, 0.152326, 0.0270742, 0.155572, 1004.23, 6768.93, 10, 2e-20, 3e-20, 2e-20, 2e-20, -1
0.922779, -0.0707524, 0.459608, 0.05, -0.0337899, 0.00388462, 0.0660275, 0.074273, 1008.51, 13618.2, 10, 2e-20, 3e-20, 2e-20, 2e-20, -1
0.889217, -0.137968, 0.437549, 0.05, -0.0091511, -0.0164494, -0.0152785, 0.0242437, 1004.8, 7675.67, 10, 2e-20, 3e-20, 2e-20, 2e-20, -1
0.943231, -0.102755, 0.488351, 0.05, 0.00153536, 0.0225821, 0.138063, 0.139906, 1004.2, 6724.06, 10, 2e-20, 3e-20, 2e-20, 2e-20, -1
0.903985, -0.0762652, 0.506486, 0.05, -0.0624929, -0.0294826, 0.103545, 0.124484, 1004.88, 7809.2, 10, 2e-20, 3e-20, 2e-20, 2e-20, -1
0.947137, -0.0770601, 0.535882, 0.05, 0.0400985, 0.0397004, -0.000546913, 0.0564297, 1003.42, 5470.41, 10, 2e-20, 3e-20, 2e-20, 2e-20, -1
0.958077, -0.037036, 0.527684, 0.05, -0.00101656, -0.00140347, 0.0927651, 0.0927813, 999.145, -1367.89, 10, 2e-20, 3e-20, 2e-20, 2e-20, -1
0.945542, -0.105111, 0.572181, 0.05, 0.044627, -0.024804, -0.0286985, 0.0585697, 1003.42, 5478.48, 10, 2e-20, 3e-20, 2e-20, 2e-20, -1
0.955856, -0.100814, 0.623318, 0.05, -0.189254, -0.091925, 0.0656937, 0.220416, 1008.89, 14216, 10, 2e-20, 3e-20, 2e-20, 2e-20, -1
0.949938, -0.157575, 0.697622, 0.05, 0.0429971, -0.0357859, -0.016826, 0.0584166, 1002.38, 3811.13, 10, 2e-20, 3e-20, 2e-20, 2e-20, -1
0.936769, -0.110275, 0.669802, 0.05, 0.0575751, -0.111666, 0.0202455, 0.127256, 1005.04, 8059.9, 10, 2e-20, 3e-20, 2e-20, 2e-20, -1
0.901745, -0.06074, 0.755691, 0.05, -0.112067, -0.0309705, 0.0488616, 0.126118, 1006.65, 10632.2, 10, 2e-20, 3e-20, 2e-20, 2e-20, -1
0.933218, -0.0295501, 0.927822, 0.05, -0.0421983, -0.00820187, 0.083219, 0.0936663, 1004.72, 7554.29, 10, 2e-20, 3e-20, 2e-20, 2e-20, -1
0.945471, -0.0548459, 0.868292, 0.05, -0.0241845, -0.00672833, 0.087037, 0.0905848, 1002.5, 3996.8, 10, 2e-20, 3e-20, 2e-20, 2e-20, -1
0.888676, -0.0578949, 0.818599, 0.05, 0.012445, 0.0207426, 0.0505274, 0.0560192, 1003.4, 5443.13, 10, 2e-20, 3e-20, 2e-20, 2e-20, -1
0.857974, -0.0481361, 0.774924, 0.05, -0.0832221, -0.111883, -0.0134744, 0.14009, 1003.14, 5020.05, 10, 2e-20, 3e-20, 2e-20, 2e-20, -1
0.924476, -0.0108656, 0.861537, 0.05, -0.00575155, -0.0435304, -0.0163136, 0.0468413, 1000.31, 493.847, 10, 2e-20, 3e-20, 2e-20, 2e-20, -1
0.918398, -0.00607325, 0.959847, 0.05, -0.062315, 0.0156585, 0.0746804, 0.0985165, 1001.07, 1716.33, 10, 2e-20, 3e-20, 2e-20, 2e-20, -1
0.916986, 0.0703786, 0.898185, 0.05, 0.000895331, 0.0324643, 0.117707, 0.122105, 1002.9, 4639.81, 10, 2e-20, 3e-20, 2e-20, 2e-20, -1
0.875019, -0.017243, 0.842711, 0.05, 0.0302838, -0.0774969, 0.0638481, 0.104878, 1003.94, 6308.93, 10, 2e-20, 3e-20, 2e-20, 2e-20, -1
0.869668, 0.0767659, 0.874577, 0.05, -0.052101, 0.00547882, 0.000618637, 0.0523919, 1001.23, 1969.86, 10, 2e-20, 3e-20, 2e-20, 2e-20, -1
0.898802, -0.0336369, 1.00516, 0.05, -0.167588, -0.022794, 0.057972, 0.17879, 1001.62, 2584.92, 10, 2e-20, 3e-20, 2e-20, 2e-20, -1
0.892416, 0.0471219, 0.941425, 0.05, 0.0235245, -0.0159762, 0.138621, 0.141508, 1001.93, 3091.74, 10, 2e-20, 3e-20, 2e-20, 2e-20, -1
0.889665, 0.022837, 0.992581, 0.05, 0.00110314, -0.02639, -0.0227843, 0.0348823, 1001.39, 2220.76, 10, 2e-20, 3e-20, 2e-20, 2e-20, -1
0.911006, -0.02638, 1.08794, 0.05, 0.0695332, -0.0121135, 0.132072, 0.149748, 1000.2, 325.148, 10, 2e-20, 3e-20, 2e-20, 2e-20, -1
0.916831, 0.0844253, 1.12246, 0.05, -0.122478, -0.067053, 0.0450637, 0.146723, 1002.91, 4657.7, 10, 2e-20, 3e-20, 2e-20, 2e-20, -1
0.945277, 0.0341492, 1.13157, 0.05, 0.00879225, 0.00620227, 0.0601539, 0.0611086, 999.682, -508.891, 10, 2e-20, 3e-20, 2e-20, 2e-20, -1
0.821461, 0.00805193, 1.09248, 0.05, -0.0264076, -0.0264018, -0.0377148, 0.0530738, 1003.74, 5986.01, 10, 2e-20, 3e-20, 2e-20, 2e-20, -1
0.859375, -0.0507842, 1.12805, 0.05, -0.0992568, -0.119331, 0.0759988, 0.172822, 1003.9, 6234.45, 10, 2e-20, 3e-20, 2e-20, 2e-20, -1
0.808029, -0.0388317, 1.116, 0.05, -0.0709752, -0.130897, -0.0114334, 0.149339, 998.923, -1723.84, 10, 2e-20, 3e-20, 2e-20, 2e-20, -1
0.691432, 0.00167711, 1.1184, 0.05, -0.0182605, 0.0317165, 0.01198, 0.0385085, 1002.78, 4443.6, 10, 2e-20, 3e-20, 2e-20, 2e-20, -1
0.719536, 0.0171734, 1.15564, 0.05, -0.113226, -0.0213568, -0.194968, 0.22647, 999.21, -1264.21, 10, 2e-20, 3e-20, 2e-20, 2e-20, -1
0.687987, 0.0352563, 1.19019, 0.05, -0.158255, -0.03381, -0.049229, 0.169149, 998.413, -2538.96, 10, 2e-20, 3e-20, 2e-20, 2e-20, -1
0.638848, 0.022832, 1.18514, 0.05, -0.245924, -0.0396488, 0.0953195, 0.266715, 998.019, -3169.2, 10, 2e-20, 3e-20, 2e-20, 2e-20, -1
0.552267, -0.00452751, 1.29715, 0.05, -0.096885, -0.0147535, 0.0737773, 0.122668, 1001.04, 1662.57, 10, 2e-20, 3e-20, 2e-20, 2e-20, -1
0.490353, -0.016367, 1.27779, 0.05, -0.214901, -0.0598321, 0.0572112, 0.230294, 1001.69, 2703.79, 10, 2e-20, 3e-20, 2e-20, 2e-20, -1
0.511451, 0.0291984, 1.26781, 0.05, -0.0917573, -0.00773482, -0.06082, 0.110355, 1000.25, 398.575, 10, 2e-20, 3e-20, 2e-20, 2e-20, -1
0.514185, 0.0336376, 1.28302, 0.05, -0.171184, 0.00991321, -0.0791177, 0.188843, 998.148, -2962.96, 10, 2e-20, 3e-20, 2e-20, 2e-20, -1
0.522064, 0.0189544, 1.35797, 0.05, -0.108728, -0.0453274, 0.0597981, 0.132106, 994.19, -9296.66, 10, 2e-20, 3e-20, 2e-20, 2e-20, -1
0.425325, 0.0108839, 1.39999, 0.05, -0.190035, 0.103399, 0.228635, 0.314768, 997.211, -4462.05, 10, 2e-20, 3e-20, 2e-20, 2e-20, -1
0.947379, 0.0505868, 0.0480644, 0.05, -0.0815409, -0.0145434, 0.0329366, 0.0891361, 1012.62, 20186.4, 10, 2e-20, 3e-20, 2e-20, 2e-20, -1
0.964011, 0.085928, 0.116029, 0.05, 0.0577574, 0.0103632, -0.159149, 0.169622, 1010, 15994.6, 10, 2e-20, 3e-20, 2e-20, 2e-20, -1
0.951857, 0.0344052, 0.113869, 0.05, -0.0288913, -0.00150876, -0.0541793, 0.0614197, 1007.98, 12770.6, 10, 2e-20, 3e-20, 2e-20, 2e-20, -1
0.99864, 0.0499619, 0.122469, 0.05, -0.025953, -0.0225716, 0.0740525, 0.0816505, 1013, 20807.1, 10, 2e-20, 3e-20, 2e-20, 2e-20, -1
0.957419, 0.0558874, 0.165689, 0.05, 0.0529511, 0.0166799, 0.00466855, 0.055712, 1004.88, 7803.03, 10, 2e-20, 3e-20, 2e-20, 2e-20, -1
1.00095, 0.0121594, 0.169432, 0.05, -0.0525709, -0.0203451, 0.0570802, 0.0802233, 1007.98, 12770.2, 10, 2e-20, 3e-20, 2e-20, 2e-20, -1
1.00423, 0.02599, 0.237414, 0.05, -0.0338033, -0.00679655, 0.0733933, 0.0810891, 1007.46, 11943.8, 10, 2e-20, 3e-20, 2e-20, 2e-20, -1
0.962321, 0.00746335, 0.332295, 0.05, -0.0390068, -0.167048, 0.0205501, 0.172769, 1003.8, 6086.08, 10, 2e-20, 3e-20, 2e-20, 2e-20, -1
0.919359, -0.00739041, 0.307962, 0.05, -0.0068043, -0.173955, 0.0350449, 0.17758, 1006.88, 11013.6, 10, 2e-20, 3e-20, 2e-20, 2e-20, -1
0.912563, 0.0780385, 0.286223, 0.05, -0.0339658, -0.0625922, -0.00734081, 0.0715915, 1003.36, 5380.73, 10, 2e-20, 3e-20, 2e-20, 2e-20, -1
0.918188, -0.0713736, 0.375675, 0.05, -0.111305, 0.0540048, 0.0148067, 0.124598, 1005.56, 8894.97, 10, 2e-20, 3e-20, 2e-20, 2e-20, -1
0.914868, -0.00442795, 0.359071, 0.05, 0.125394, -0.0776842, -0.0390371, 0.152586, 1004.15, 6636.1, 10, 2e-20, 3e-20, 2e-20, 2e-20, -1
0.920306, -0.0239146, 0.401011, 0.05, -0.0437705, 0.0101125, 0.0734658, 0.0861124, 1002.32, 3710.06, 10, 2e-20, 3e-20, 2e-20, 2e-20, -1
0.911424, 0.0132632, 0.432635, 0.05, 0.0184492, -0.000112171, 0.00430208, 0.0189445, 1001.61, 2575.29, 10, 2e-20, 3e-20, 2e-20, 2e-20, -1
0.952561, 0.0273034, 0.464206, 0.05, -0.0732637, 0.0271499, -0.104043, 0.130114, 1007.04, 11262.3, 10, 2e-20, 3e-20, 2e-20, 2e-20, -1
0.915297, 0.0443028, 0.47885, 0.05, -0.019502, -0.0475526, 0.00379107, 0.0515359, 1004.11, 6579.76, 10, 2e-20, 3e-20, 2e-20, 2e-20, -1
0.915616, 0.0487212, 0.532199, 0.05, -0.0533347, 0.0264539, -0.0349505, 0.0690358, 1001.72, 2750.85, 10, 2e-20, 3e-20, 2e-20, 2e-20, -1
0.923855, -0.0211081, 0.471371, 0.05, -0.0301127, 0.0534219, 0.0481693, 0.0779805, 1008.53, 13649.4, 10, 2e-20, 3e-20, 2e-20, 2e-20, -1
0.929074, 0.00139593, 0.517378, 0.05, 0.0372325, 0.00103607, 0.0197129, 0.0421418, 1003.88, 6204.07, 10, 2e-20, 3e-20, 2e-20, 2e-20, -1
0.966795, -0.0625741, 0.661354, 0.05, 0.00172518, -0.068932, 0.136333, 0.152779, 998.885, -1783.85, 10, 2e-20, 3e-20, 2e-20, 2e-20, -1
0.89094, 0.00787429, 0.547458, 0.05, -0.0987464, -0.00142529, -0.0459574, 0.108926, 1005.39, 8630.53, 10, 2e-20, 3e-20, 2e-20, 2e-20, -1
0.948513, -0.0195612, 0.71378, 0.05, -0.00974962, -0.00930814, 0.0352557, 0.0377447, 1005.63, 9003.13, 10, 2e-20, 3e-20, 2e-20, 2e-20, -1
0.942761, -0.0348515, 0.763924, 0.05, 0.08113, -0.0392788, 0.0314856, 0.095479, 1002.33, 3729.98, 10, 2e-20, 3e-20, 2e-20, 2e-20, -1
0.885961, -0.0303073, 0.651332, 0.05, 0.0208933, -0.0443479, 0.0172197, 0.0519594, 1000.75, 1205.54, 10, 2e-20, 3e-20, 2e-20, 2e-20, -1
0.971606, -0.0151544, 0.835529, 0.05, -0.0308868, -0.00624682, 0.238514, 0.240587, 1001.13, 1801.62, 10, 2e-20, 3e-20, 2e-20, 2e-20, -1
0.910165, -0.014101, 0.715096, 0.05, 0.120601, -0.0337295, 0.00595388, 0.12537, 1006.03, 9649.07, 10, 2e-20, 3e-20, 2e-20, 2e-20, -1
0.925413, 0.0154592, 0.765738, 0.05, -0.0392177, -0.0665672, 0.031695, 0.0835092, 999.69, -496.382, 10, 2e-20, 3e-20, 2e-20, 2e-20, -1
0.891336, 0.00623121, 0.805308, 0.05, 0.000858508, -0.0217388, 0.126062, 0.127926, 1004.82, 7706.46, 10, 2e-20, 3e-20, 2e-20, 2e-20, -1
0.912828, 0.0576862, 0.795754, 0.05, -0.0703929, -0.0444305, 0.133289, 0.157147, 1006.36, 10175.5, 10, 2e-20, 3e-20, 2e-20, 2e-20, -1
0.895456, 0.127928, 0.867888, 0.05, -0.044829, 0.0830725, 0.0537309, 0.108617, 1000.76, 1210.59, 10, 2e-20, 3e-20, 2e-20, 2e-20, -1
0.886616, 0.203672, 0.850134, 0.05, -0.00179471, -0.0128379, 0.0136093, 0.0187949, 1005, 8005.38, 10, 2e-20, 3e-20, 2e-20, 2e-20, -1
0.924682, 0.0440635, 1.02883, 0.05, 0.0882107, 0.018261, 0.00799735, 0.0904353, 1003.52, 5624.65, 10, 2e-20, 3e-20, 2e-20, 2e-20, -1
1.00643, 0.0251616, 1.21452, 0.05, 0.138012, -0.204722, 0.0487776, 0.25167, 1004.77, 7627.82, 10, 2e-20, 3e-20, 2e-20, 2e-20, -1
0.954714, 0.0117944, 1.04682, 0.05, -0.0150809, 0.0891902, 0.243272, 0.259545, 1004.87, 7788.76, 10, 2e-20, 3e-20, 2e-20, 2e-20, -1
0.954447, 0.0901775, 1.18888, 0.05, 0.0088177, -0.187526, -0.0405819, 0.192069, 1003.85, 6165.65, 10, 2e-20, 3e-20, 2e-20, 2e-20, -1
0.906878, 0.0321057, 1.07012, 0.05, 0.0928849, -0.101144, 0.119716, 0.18218, 1000.31, 497.706, 10, 2e-20, 3e-20, 2e-20, 2e-20, -1
0.945075, 0.160401, 1.15759, 0.05, -0.0962991, -0.074127, -0.0805544, 0.145799, 1004.06, 6500.65, 10, 2e-20, 3e-20, 2e-20, 2e-20, -1
0.946884, 0.0438117, 1.1858, 0.05, 0.143137, -0.0975472, -0.00256798, 0.173234, 1005.58, 8925.03, 10, 2e-20, 3e-20, 2e-20, 2e-20, -1
0.870354, 0.00878151, 1.13035, 0.05, 0.106233, -0.0396046, 0.0674756, 0.131936, 1004.33, 6922.48, 10, 2e-20, 3e-20, 2e-20, 2e-20, -1
0.760567, 0.0258628, 1.08888, 0.05, -0.0546109, -0.0914744, -0.0571704, 0.120906, 1002.72, 4344.31, 10, 2e-20, 3e-20, 2e-20, 2e-20, -1
0.866107, 0.0291546, 1.29237, 0.05, -0.140404, 0.0795618, -0.0555948, 0.170687, 998.998, -1603.66, 10, 2e-20, 3e-20, 2e-20, 2e-20, -1
0.798868, 0.0357468, 1.18105, 0.05, 0.0457747, 0.00292765, -0.050814, 0.068454, 999.16, -1344.69, 10, 2e-20, 3e-20, 2e-20, 2e-20, -1
0.862413, 0.0313719, 1.19648, 0.05, -0.12008, -0.0460562, -0.121486, 0.176916, 996.314, -5897.28, 10, 2e-20, 3e-20, 2e-20, 2e-20, -1
0.710211, 0.0451468, 1.2312, 0.05, -0.121902, -0.0304915, -0.0013624, 0.125665, 998.419, -2529.78, 10, 2e-20, 3e-20, 2e-20, 2e-20, -1
0.69922, 0.025607, 1.25735, 0.05, -0.0944476, 0.0902192, -0.132821, 0.186283, 1003.95, 6312.92, 10, 2e-20, 3e-20, 2e-20, 2e-20, -1
0.657211, 0.0829145, 1.22316, 0.05, -0.0860568, 0.0746126, -0.0849811, 0.142108, 1000.27, 426.986, 10, 2e-20, 3e-20, 2e-20, 2e-20, -1
0.638606, 0.0468763, 1.25035, 0.05, -0.16961, -0.0724689, -0.145668, 0.235029, 999.088, -1459.11, 10, 2e-20, 3e-20, 2e-20, 2e-20, -1
0.581875, 0.0375804, 1.23503, 0.05, -0.0738117, -0.13095, -0.147969, 0.210929, 1001.09, 1739.49, 10, 2e-20, 3e-20, 2e-20, 2e-20, -1
0.491896, 0.0856349, 1.29867, 0.05, -0.144211, -0.0675572, -0.00297453, 0.159278, 1002.81, 4503.34, 10, 2e-20, 3e-20, 2e-20, 2e-20, -1
0.473929, 0.0628049, 1.34446, 0.05, -0.141687, 0.0155105, -0.0176504, 0.143622, 1003.11, 4982.7, 10, 2e-20, 3e-20, 2e-20, 2e-20, -1
0.336596, -0.0298421, 1.42598, 0.05, -0.138051, 0.00256185, 0.273744, 0.306595, 1003.02, 4834.63, 10, 2e-20, 3e-20, 2e-20, 2e-20, -1
0.94447, 0.168649, 0.051696, 0.05, -0.117903, 0.0475761, -0.0598948, 0.140542, 1015.63, 25009.5, 10, 2e-20, 3e-20, 2e-20, 2e-20, -1
0.986693, 0.269102, 0.0428006, 0.05, 0.00948947, 0.0869311, 0.0366016, 0.0947984, 1008.49, 13591.2, 10, 2e-20, 3e-20, 2e-20, 2e-20, -1
0.968592, 0.13972, 0.105717, 0.05, 0.0434275, 0.0711827, 0.037823, 0.0915614, 1008.82, 14110.9, 10, 2e-20, 3e-20, 2e-20, 2e-20, -1
0.960682, 0.232135, 0.158866, 0.05, 0.100676, 0.00544519, 0.0434147, 0.109773, 1010.26, 16410.9, 10, 2e-20, 3e-20, 2e-20, 2e-20, -1
0.946866, 0.110252, 0.159767, 0.05, -0.0380277, 0.071954, -0.0611962, 0.101826, 1005.09, 8140.26, 10, 2e-20, 3e-20, 2e-20, 2e-20, -1
0.999778, 0.194179, 0.22506, 0.05, -0.0800881, 0.126026, -0.00200426, 0.149334, 1013.61, 21778.6, 10, 2e-20, 3e-20, 2e-20, 2e-20, -1
1.001, 0.217963, 0.276535, 0.05, -0.0769854, 0.0617482, -0.0334791, 0.104213, 1009.01, 14420.4, 10, 2e-20, 3e-20, 2e-20, 2e-20, -1
0.929953, 0.0960053, 0.244589, 0.05, 0.0426529, -0.0113362, 0.0259927, 0.0512191, 1006.56, 10503.8, 10, 2e-20, 3e-20, 2e-20, 2e-20, -1
0.952695, 0.172383, 0.267948, 0.05, -0.0310066, 0.156624, -0.0736286, 0.175822, 1010.21, 16339.6, 10, 2e-20, 3e-20, 2e-20, 2e-20, -1
0.946765, 0.12634, 0.280342, 0.05, -0.0204565, -0.0763028, -0.0333383, 0.0857439, 1007.94, 12696.9, 10, 2e-20, 3e-20, 2e-20, 2e-20, -1
0.892957, 0.131331, 0.294019, 0.05, -0.046693, -0.0517999, 0.0120297, 0.0707685, 1006.85, 10956.3, 10, 2e-20, 3e-20, 2e-20, 2e-20, -1
0.857349, 0.103528, 0.313537, 0.05, -0.0200921, -0.0938187, 0.0221387, 0.098467, 1005.14, 8222, 10, 2e-20, 3e-20, 2e-20, 2e-20, -1
0.898399, 0.0814104, 0.329181, 0.05, -0.016377, -0.0224678, -0.109216, 0.1127, 1002.9, 4642.39, 10, 2e-20, 3e-20, 2e-20, 2e-20, -1
0.902763, 0.0999073, 0.408614, 0.05, -0.0766981, 0.00765148, 0.00580539, 0.0772971, 1002.77, 4432.75, 10, 2e-20, 3e-20, 2e-20, 2e-20, -1
0.898064, 0.0850202, 0.455012, 0.05, -0.0136645, 0.0154667, 0.0502337, 0.0543081, 1006.44, 10297.6, 10, 2e-20, 3e-20, 2e-20, 2e-20, -1
0.856301, 0.103138, 0.421718, 0.05, -0.056192, 0.0419462, -0.0290143, 0.0758871, 1004.6, 7360.59, 10, 2e-20, 3e-20, 2e-20, 2e-20, -1
0.940449, 0.0938742, 0.531835, 0.05, -0.0213212, -0.117948, 0.021287, 0.121735, 1008.19, 13099.3, 10, 2e-20, 3e-20, 2e-20, 2e-20, -1
0.94248, 0.067353, 0.573493, 0.05, 0.0566611, -0.00242785, 0.0338027, 0.0660227, 1004.86, 7769.29, 10, 2e-20, 3e-20, 2e-20, 2e-20, -1
0.891374, 0.120861, 0.555304, 0.05, -0.0358673, -0.00736531, -0.0291478, 0.0468007, 1010.19, 16304.3, 10, 2e-20, 3e-20, 2e-20, 2e-20, -1
0.892059, 0.0854285, 0.596776, 0.05, -0.000118474, 0.110799, 0.0801799, 0.136767, 1006.26, 10020, 10, 2e-20, 3e-20, 2e-20, 2e-20, -1
0.942852, 0.0582809, 0.659306, 0.05, -0.0434509, 0.00096359, 0.0976101, 0.106849, 1006.6, 10560.7, 10, 2e-20, 3e-20, 2e-20, 2e-20, -1
0.925322, 0.0110054, 0.635449, 0.05, -0.0229193, -0.0215192, 0.0226918, 0.0387723, 1002.83, 4520.69, 10, 2e-20, 3e-20, 2e-20, 2e-20, -1
1.0031, 0.0546159, 0.790426, 0.05, 0.0485066, 0.0814594, 0.144918, 0.173175, 1006.15, 9838.69, 10, 2e-20, 3e-20, 2e-20, 2e-20, -1
0.97654, 0.0388802, 0.817361, 0.05, 0.064849, 0.102055, 0.165721, 0.205144, 1002.93, 4691.75, 10, 2e-20, 3e-20, 2e-20, 2e-20, -1
1.00005, 0.114949, 0.914767, 0.05, -0.0108593, -0.0305771, 0.0974264, 0.102688, 1000.56, 894.61, 10, 2e-20, 3e-20, 2e-20, 2e-20, -1
1.00221, -0.00355874, 0.820612, 0.05, 0.0533877, -0.0654299, 0.170815, 0.190549, 1006.4, 10242.2, 10, 2e-20, 3e-20, 2e-20, 2e-20, -1
0.958002, 0.0169645, 0.785811, 0.05, -0.0342942, 0.0241369, 0.106301, 0.114274, 1003.11, 4972.27, 10, 2e-20, 3e-20, 2e-20, 2e-20, -1
0.935575, 0.0284197, 0.835625, 0.05, -0.105925, 0.0642505, 0.0422219, 0.130885, 999.633, -587.84, 10, 2e-20, 3e-20, 2e-20, 2e-20, -1
0.968746, 0.190527, 0.941409, 0.05, -0.0384599, 0.0903802, -0.0147868, 0.0993297, 1002.43, 3890.45, 10, 2e-20, 3e-20, 2e-20, 2e-20, -1
0.95522, 0.150457, 0.969802, 0.05, -0.0448593, -0.089698, 0.0185725, 0.101995, 1005.13, 8215.08, 10, 2e-20, 3e-20, 2e-20, 2e-20, -1
0.923493, 0.159779, 0.864535, 0.05, 0.0463589, 0.0287177, 0.032241, 0.0633509, 1004.29, 6868.84, 10, 2e-20, 3e-20, 2e-20, 2e-20, -1
0.924972, 0.199339, 0.959066, 0.05, -0.0689518, -0.0745888, 0.105972, 0.146792, 1009.47, 15149.7, 10, 2e-20, 3e-20, 2e-20, 2e-20, -1
0.903961, 0.16266, 0.984852, 0.05, 0.0583074, -0.161129, 0.0793994, 0.188856, 1002.12, 3396.32, 10, 2e-20, 3e-20, 2e-20, 2e-20, -1
0.884965, 0.171991, 0.931489, 0.05, 0.0394457, -0.0893877, 0.013652, 0.0986534, 1003.51, 5612.12, 10, 2e-20, 3e-20, 2e-20, 2e-20, -1
1.00844, 0.177157, 1.15917, 0.05, -0.0828505, -0.0724391, -0.381631, 0.397183, 1010.71, 17136, 10, 2e-20, 3e-20, 2e-20, 2e-20, -1
0.955254, 0.0823307, 1.10952, 0.05, 0.160957, 0.0557399, -0.0145518, 0.170955, 1000.74, 1184.21, 10, 2e-20, 3e-20, 2e-20, 2e-20, -1
0.893684, 0.119645, 1.07469, 0.05, -0.0236863, 0.024842, -0.0463029, 0.0576378, 1005.89, 9429.67, 10, 2e-20, 3e-20, 2e-20, 2e-20, -1
0.933068, 0.170352, 1.19243, 0.05, -0.129086, 0.0825432, -0.206544, 0.257171, 1004.93, 7883.68, 10, 2e-20, 3e-20, 2e-20, 2e-20, -1
0.921987, 0.125092, 1.2048, 0.05, 0.192189, 0.0191198, 0.0432761, 0.197926, 1008.33, 13326.8, 10, 2e-20, 3e-20, 2e-20, 2e-20, -1
0.92686, 0.106723, 1.25543, 0.05, -0.0426558, 0.149988, -0.0914153, 0.180756, 1009.48, 15164.4, 10, 2e-20, 3e-20, 2e-20, 2e-20, -1
0.74262, 0.140243, 1.13721, 0.05, -0.178454, -0.145204, -0.0188836, 0.230839, 996.7, -5279.98, 10, 2e-20, 3e-20, 2e-20, 2e-20, -1
0.852097, 0.0539088, 1.15688, 0.05, 0.00917218, -0.0478569, -0.0370031, 0.0611853, 998.578, -2275.13, 10, 2e-20, 3e-20, 2e-20, 2e-20, -1
0.894774, 0.0740536, 1.20534, 0.05, -0.0524292, -0.203757, 0.000574463, 0.210395, 997.398, -4162.48, 10, 2e-20, 3e-20, 2e-20, 2e-20, -1
0.710719, 0.110656, 1.20876, 0.05, -0.142373, -0.0182693, -0.155643, 0.211727, 997.434, -4105.82, 10, 2e-20, 3e-20, 2e-20, 2e-20, -1
0.641049, 0.0922845, 1.27751, 0.05, -0.246476, -0.0032017, 0.025797, 0.247843, 997.818, -3491.87, 10, 2e-20, 3e-20, 2e-20, 2e-20, -1
0.685523, 0.143256, 1.27923, 0.05, -0.127831, -0.0655665, -0.173451, 0.225223, 1000.14, 228.087, 10, 2e-20, 3e-20, 2e-20, 2e-20, -1
0.689017, 0.136053, 1.29283, 0.05, -0.191423, -0.0149325, -0.0968924, 0.215067, 1000.39, 631.802, 10, 2e-20, 3e-20, 2e-20, 2e-20, -1
0.492251, 0.120895, 1.29432, 0.05, -0.208081, -0.0742699, 0.00179318, 0.220946, 999.288, -1138.46, 10, 2e-20, 3e-20, 2e-20, 2e-20, -1
0.548345, 0.0920304, 1.26894, 0.05, -0.180278, -0.057877, -0.0539626, 0.19688, 999.147, -1364.4, 10, 2e-20, 3e-20, 2e-20, 2e-20, -1
0.526962, 0.10188, 1.31071, 0.05, -0.12353, -0.0783989, -0.0458633, 0.153328, 1000.01, 8.25779, 10, 2e-20, 3e-20, 2e-20, 2e-20, -1
0.498782, 0.0913674, 1.37989, 0.05, -0.191834, 0.0299892, 0.0224387, 0.195457, 997.872, -3405.11, 10, 2e-20, 3e-20, 2e-20, 2e-20, -1
0.908884, 0.294448, 0.0513354, 0.05, 0.0807777, -0.0314767, 0.0398749, 0.0954245, 1014.3, 22887.7, 10, 2e-20, 3e-20, 2e-20, 2e-20, -1
0.984841, 0.313473, 0.167831, 0.05, -0.155311, -0.00824093, 0.0478932, 0.162737, 1004.18, 6687.28, 10, 2e-20, 3e-20, 2e-20, 2e-20, -1
0.92329, 0.269717, 0.129222, 0.05, 0.0352493, 0.0204368, -0.0633508, 0.0753226, 1003.29, 5260.25, 10, 2e-20, 3e-20, 2e-20, 2e-20, -1
0.949601, 0.285154, 0.108867, 0.05, -0.0271391, -0.0363221, 0.09921, 0.10908, 1006.06, 9689.42, 10, 2e-20, 3e-20, 2e-20, 2e-20, -1
0.998452, 0.275268, 0.244893, 0.05, 0.0598601, 0.00465316, 0.0151227, 0.0619159, 1018.46, 29540.4, 10, 2e-20, 3e-20, 2e-20, 2e-20, -1
1.00177, 0.270836, 0.176277, 0.05, 0.0224456, 0.105847, 0.0138417, 0.109082, 1012.83, 20526.1, 10, 2e-20, 3e-20, 2e-20, 2e-20, -1
0.951366, 0.271183, 0.221815, 0.05, 0.0602693, 0.0929833, -0.0420082, 0.118503, 1008.03, 12840.3, 10, 2e-20, 3e-20, 2e-20, 2e-20, -1
0.966377, 0.243608, 0.287273, 0.05, 0.0603157, -0.00700079, 0.019817, 0.0638726, 1004.58, 7321.27, 10, 2e-20, 3e-20, 2e-20, 2e-20, -1
0.962262, 0.189227, 0.323513, 0.05, -0.109773, 0.0591052, 0.0341865, 0.129276, 1006.78, 10846.2, 10, 2e-20, 3e-20, 2e-20, 2e-20, -1
0.9188, 0.175626, 0.311145, 0.05, 0.039182, 0.132006, -0.00285362, 0.137727, 1008.27, 13229.2, 10, 2e-20, 3e-20, 2e-20, 2e-20, -1
0.931089, 0.213412, 0.278263, 0.05, 0.108939, -0.0694602, -0.0583095, 0.141748, 1005.89, 9416.35, 10, 2e-20, 3e-20, 2e-20, 2e-20, -1
0.916064, 0.230853, 0.329384, 0.05, 0.0399818, -0.0996454, -0.02327, 0.10986, 1007.76, 12412.9, 10, 2e-20, 3e-20, 2e-20, 2e-20, -1
0.897667, 0.123523, 0.357608, 0.05, -0.0815465, -0.0187229, 0.0285274, 0.0883979, 1006.45, 10312.2, 10, 2e-20, 3e-20, 2e-20, 2e-20, -1
0.93101, 0.240869, 0.37943, 0.05, -0.0478113, -0.0225008, 0.0909676, 0.105201, 1007.7, 12326.2, 10, 2e-20, 3e-20, 2e-20, 2e-20, -1
0.939918, 0.0755913, 0.485877, 0.05, 0.0605603, -0.0333223, -0.0691298, 0.0977592, 1007.65, 12238.9, 10, 2e-20, 3e-20, 2e-20, 2e-20, -1
0.89408, 0.138886, 0.447073, 0.05, -0.0225709, -0.0185375, 0.00164244, 0.0292537, 1009.96, 15928.3, 10, 2e-20, 3e-20, 2e-20, 2e-20, -1
0.893161, 0.130574, 0.502533, 0.05, -0.0337898, -0.0276936, -0.0130981, 0.0456097, 1005.22, 8356.21, 10, 2e-20, 3e-20, 2e-20, 2e-20, -1
0.899013, 0.176117, 0.538652, 0.05, 0.00267502, 0.0403991, 0.010875, 0.0419226, 1005.96, 9542.65, 10, 2e-20, 3e-20, 2e-20, 2e-20, -1
0.92786, 0.161212, 0.584685, 0.05, -0.0760563, -0.00903489, -0.0424789, 0.0875822, 1004.36, 6972.16, 10, 2e-20, 3e-20, 2e-20, 2e-20, -1
0.895208, 0.199808, 0.585697, 0.05, -0.0198365, -0.00635891, -0.0986222, 0.100798, 1001.35, 2152.22, 10, 2e-20, 3e-20, 2e-20, 2e-20, -1
0.956598, 0.152282, 0.755807, 0.05, -0.0503905, -0.0155965, 0.0353052, 0.0634737, 1003.09, 4937.92, 10, 2e-20, 3e-20, 2e-20, 2e-20, -1
0.948649, 0.219526, 0.642865, 0.05, -0.0391285, 0.0259096, -0.0060412, 0.0473164, 1009.77, 15628.8, 10, 2e-20, 3e-20, 2e-20, 2e-20, -1
0.968972, 0.0789958, 0.765775, 0.05, 0.0468756, -0.0461003, 0.0730723, 0.0982961, 1001.56, 2498, 10, 2e-20, 3e-20, 2e-20, 2e-20, -1
0.986194, 0.337456, 0.856175, 0.05, 0.0618684, 0.0566834, -0.038739, 0.0924198, 1001.46, 2329.72, 10, 2e-20, 3e-20, 2e-20, 2e-20, -1
0.996238, 0.198016, 0.851776, 0.05, -0.0333359, 0.0354002, 0.0889412, 0.101366, 1009.95, 15923.4, 10, 2e-20, 3e-20, 2e-20, 2e-20, -1
0.951745, 0.172358, 0.813877, 0.05, -0.0739132, -0.0447175, 0.00626795, 0.0866146, 1004.89, 7822.18, 10, 2e-20, 3e-20, 2e-20, 2e-20, -1
0.998768, 0.0602027, 0.848923, 0.05, 0.0406939, -0.213424, 0.181194, 0.282909, 1004.19, 6704.7, 10, 2e-20, 3e-20, 2e-20, 2e-20, -1
0.98506, 0.15193, 0.865161, 0.05, 0.0496514, 0.082768, 0.136982, 0.167571, 1004.12, 6594.19, 10, 2e-20, 3e-20, 2e-20, 2e-20, -1
0.945677, 0.238721, 0.892737, 0.05, 0.0217268, -0.0322871, -0.103963, 0.111009, 1006.79, 10868.4, 10, 2e-20, 3e-20, 2e-20, 2e-20, -1
0.961846, 0.237939, 0.962486, 0.05, -0.00508302, -0.150585, 0.104637, 0.183441, 1003.6, 5756.91, 10, 2e-20, 3e-20, 2e-20, 2e-20, -1
0.940371, 0.161271, 0.921748, 0.05, -0.132316, -0.0962919, -0.0559208, 0.172936, 1001.73, 2768.71, 10, 2e-20, 3e-20, 2e-20, 2e-20, -1
0.944055, 0.256531, 1.02755, 0.05, -0.10692, -0.0617144, -0.100095, 0.158933, 1001.01, 1610.97, 10, 2e-20, 3e-20, 2e-20, 2e-20, -1
0.960073, 0.18411, 1.08857, 0.05, 0.0390838, 0.00899026, 0.0679455, 0.0788984, 1007.26, 11610.4, 10, 2e-20, 3e-20, 2e-20, 2e-20, -1
0.934771, 0.310977, 1.06407, 0.05, 0.0277526, -0.0769407, -0.0454184, 0.093557, 999.248, -1203.91, 10, 2e-20, 3e-20, 2e-20, 2e-20, -1
0.987711, 0.175216, 1.24903, 0.05, -0.530963, -0.0702394, 0.169408, 0.561742, 1006.01, 9612.57, 10, 2e-20, 3e-20, 2e-20, 2e-20, -1
0.843409, 0.124642, 1.30113, 0.05, -0.175253, -0.0384829, -0.217118, 0.281664, 1003.76, 6012.71, 10, 2e-20, 3e-20, 2e-20, 2e-20, -1
0.945062, 0.236896, 1.06852, 0.05, -0.0679605, 0.0219677, -0.176263, 0.190184, 1002.85, 4562.39, 10, 2e-20, 3e-20, 2e-20, 2e-20, -1
0.91925, 0.163253, 1.28032, 0.05, -0.126342, 0.18061, -0.0565741, 0.227558, 1006.11, 9783.97, 10, 2e-20, 3e-20, 2e-20, 2e-20, -1
0.788724, 0.178509, 1.12722, 0.05, -0.125307, 0.0577739, -0.133861, 0.192245, 1005.33, 8521.75, 10, 2e-20, 3e-20, 2e-20, 2e-20, -1
0.861521, 0.160195, 1.16961, 0.05, -0.107247, -0.035637, -0.207517, 0.236295, 1001.09, 1742.61, 10, 2e-20, 3e-20, 2e-20, 2e-20, -1
0.694642, 0.190808, 1.25998, 0.05, -0.137611, 0.106151, -0.171582, 0.244224, 993.845, -9847.65, 10, 2e-20, 3e-20, 2e-20, 2e-20, -1
0.710353, 0.157451, 1.22062, 0.05, -0.0752981, -0.0616574, -0.280274, 0.29669, 997.201, -4478.31, 10, 2e-20, 3e-20, 2e-20, 2e-20, -1
0.825785, 0.189616, 1.17663, 0.05, -0.181616, -0.0550461, -0.171094, 0.255514, 997.835, -3464.26, 10, 2e-20, 3e-20, 2e-20, 2e-20, -1
0.722003, 0.114311, 1.25555, 0.05, -0.0831983, -0.00389617, -0.190826, 0.208211, 992.574, -11881.1, 10, 2e-20, 3e-20, 2e-20, 2e-20, -1
0.613682, 0.167652, 1.26823, 0.05, -0.10149, -0.00963615, -0.17991, 0.206786, 1000.36, 575.387, 10, 2e-20, 3e-20, 2e-20, 2e-20, -1
0.588535, 0.215758, 1.27289, 0.05, -0.194915, -0.0279564, -0.0716458, 0.209539, 998.967, -1653.25, 10, 2e-20, 3e-20, 2e-20, 2e-20, -1
0.551957, 0.184022, 1.33097, 0.05, -0.148267, -0.00377035, -0.135586, 0.20095, 1003.28, 5248.17, 10, 2e-20, 3e-20, 2e-20, 2e-20, -1
0.571037, 0.215415, 1.33826, 0.05, -0.249725, 0.00749984, -0.14722, 0.289987, 997.019, -4770.38, 10, 2e-20, 3e-20, 2e-20, 2e-20, -1
0.448558, 0.168781, 1.31026, 0.05, -0.243366, 0.00887114, 0.0272941, 0.245053, 996.873, -5003.55, 10, 2e-20, 3e-20, 2e-20, 2e-20, -1
0.492079, 0.166177, 1.31744, 0.05, -0.271372, 0.0583283, 0.0150777, 0.277979, 1002.38, 3808.44, 10, 2e-20, 3e-20, 2e-20, 2e-20, -1
0.300561, 0.0948616, 1.40408, 0.05, -0.0561547, -0.105129, 0.105669, 0.159284, 999.564, -697.928, 10, 2e-20, 3e-20, 2e-20, 2e-20, -1
0.900413, 0.448622, 0.0540705, 0.05, 0.0728604, 0.0813198, -0.0739658, 0.131881, 1012.65, 20237.8, 10, 2e-20, 3e-20, 2e-20, 2e-20, -1
0.882436, 0.503778, 0.144242, 0.05, 0.103165, 0.0604811, -0.0679764, 0.137556, 1012.16, 19457.2, 10, 2e-20, 3e-20, 2e-20, 2e-20, -1
0.940905, 0.422932, 0.11645, 0.05, 0.00092787, 0.0415842, -0.0522952, 0.0668199, 1006.16, 9860.11, 10, 2e-20, 3e-20, 2e-20, 2e-20, -1
0.92725, 0.457768, 0.100121, 0.05, 0.115349, 0.0213889, -0.00658551, 0.1175, 1006.89, 11026.9, 10, 2e-20, 3e-20, 2e-20, 2e-20, -1
0.944466, 0.373859, 0.112828, 0.05, 0.0670431, 0.106659, -0.0743994, 0.146309, 1010.22, 16354.5, 10, 2e-20, 3e-20, 2e-20, 2e-20, -1
0.957634, 0.325068, 0.217947, 0.05, 0.0920573, 0.0554814, -0.072223, 0.129495, 1007.1, 11360.3, 10, 2e-20, 3e-20, 2e-20, 2e-20, -1
0.955575, 0.299503, 0.270886, 0.05, 0.0614427, 0.113501, 0.00599141, 0.129203, 1008.6, 13752.4, 10, 2e-20, 3e-20, 2e-20, 2e-20, -1
0.926075, 0.328552, 0.239072, 0.05, 0.00565972, 0.0248314, -0.0756652, 0.0798364, 1005.54, 8856.47, 10, 2e-20, 3e-20, 2e-20, 2e-20, -1
0.958311, 0.242062, 0.428549, 0.05, -0.0610588, 0.0191487, 0.0296141, 0.0705113, 1006.78, 10854.8, 10, 2e-20, 3e-20, 2e-20, 2e-20, -1
1.00202, 0.309383, 0.453342, 0.05, 0.0109363, 0.0310246, 0.0182313, 0.0376099, 1011.61, 18575.3, 10, 2e-20, 3e-20, 2e-20, 2e-20, -1
0.921733, 0.261959, 0.2873, 0.05, 0.0633349, 0.00690179, 0.0398848, 0.0751647, 1007.44, 11898.2, 10, 2e-20, 3e-20, 2e-20, 2e-20, -1
0.940064, 0.285584, 0.396835, 0.05, -0.0251913, 0.0126379, 0.126966, 0.130056, 1007.53, 12053.3, 10, 2e-20, 3e-20, 2e-20, 2e-20, -1
1.00375, 0.294676, 0.510121, 0.05, 0.080608, -0.0874579, 0.077078, 0.141731, 1007.09, 11341.1, 10, 2e-20, 3e-20, 2e-20, 2e-20, -1
0.946264, 0.291297, 0.44166, 0.05, 0.0923242, 0.0338007, 0.026903, 0.101931, 1008.58, 13734.8, 10, 2e-20, 3e-20, 2e-20, 2e-20, -1
0.961789, 0.306259, 0.521346, 0.05, -0.0169722, 0.0452228, 0.0246503, 0.0542291, 1006.94, 11100.8, 10, 2e-20, 3e-20, 2e-20, 2e-20, -1
0.971047, 0.268828, 0.480464, 0.05, 0.206803, -0.0566796, 0.0797104, 0.228766, 1005.97, 9558.39, 10, 2e-20, 3e-20, 2e-20, 2e-20, -1
0.911918, 0.302876, 0.518684, 0.05, -0.0608675, -0.0499058, -0.024087, 0.0823142, 1007.56, 12103.9, 10, 2e-20, 3e-20, 2e-20, 2e-20, -1
0.839392, 0.35781, 0.531489, 0.05, -0.0610555, 0.0854611, -0.0715372, 0.127078, 1007.67, 12266.2, 10, 2e-20, 3e-20, 2e-20, 2e-20, -1
0.877153, 0.381063, 0.634084, 0.05, 0.0212186, 0.0796452, -0.0907305, 0.122579, 1005.92, 9475.5, 10, 2e-20, 3e-20, 2e-20, 2e-20, -1
0.886045, 0.337115, 0.605141, 0.05, -0.0280552, -0.0410733, -0.0245164, 0.0554542, 1002.92, 4671.11, 10, 2e-20, 3e-20, 2e-20, 2e-20, -1
0.88823, 0.332868, 0.654169, 0.05, -0.0977173, -0.0649716, 0.0441709, 0.125384, 1008.97, 14346.8, 10, 2e-20, 3e-20, 2e-20, 2e-20, -1
0.845748, 0.274053, 0.602186, 0.05, 0.0556284, 0.024018, -0.0447399, 0.0753196, 1006.62, 10586.7, 10, 2e-20, 3e-20, 2e-20, 2e-20, -1
0.938255, 0.291984, 0.696996, 0.05, 0.114489, -0.0978185, -0.0257293, 0.152769, 1002.15, 3432.32, 10, 2e-20, 3e-20, 2e-20, 2e-20, -1
0.95891, 0.226465, 0.776929, 0.05, 0.0111612, -0.015814, -0.0459791, 0.0498872, 1007.58, 12125.1, 10, 2e-20, 3e-20, 2e-20, 2e-20, -1
0.949375, 0.243256, 0.828177, 0.05, -0.0505279, 0.019949, 0.0699953, 0.0886024, 1003.53, 5641.19, 10, 2e-20, 3e-20, 2e-20, 2e-20, -1
0.898605, 0.293751, 0.731839, 0.05, -0.0835557, 0.039115, -0.00730961, 0.0925471, 1007.51, 12013.8, 10, 2e-20, 3e-20, 2e-20, 2e-20, -1
0.950903, 0.205402, 0.728806, 0.05, 0.0686758, 0.0916322, -0.0307117, 0.118558, 1002.72, 4351.72, 10, 2e-20, 3e-20, 2e-20, 2e-20, -1
0.893643, 0.351901, 0.807741, 0.05, -0.0189793, -0.0546148, -0.0150256, 0.0597391, 1004.56, 7291.65, 10, 2e-20, 3e-20, 2e-20, 2e-20, -1
0.919888, 0.25522, 0.804143, 0.05, -0.0766008, 0.00372802, -0.0852659, 0.114682, 1004.75, 7595.62, 10, 2e-20, 3e-20, 2e-20, 2e-20, -1
0.930772, 0.281745, 0.908816, 0.05, -0.0858706, -0.0724305, -0.0230675, 0.114682, 1004.75, 7600.96, 10, 2e-20, 3e-20, 2e-20, 2e-20, -1
0.959215, 0.193942, 0.88864, 0.05, 0.00401455, 0.0019752, -0.0553435, 0.0555241, 1003.93, 6288.91, 10, 2e-20, 3e-20, 2e-20, 2e-20, -1
0.881331, 0.349113, 0.950506, 0.05, 0.0392717, 0.0253892, -0.124884, 0.133352, 1009.73, 15574, 10, 2e-20, 3e-20, 2e-20, 2e-20, -1
0.910762, 0.198257, 0.898075, 0.05, 0.00214119, 0.0504764, -0.112755, 0.123556, 1002.59, 4144.04, 10, 2e-20, 3e-20, 2e-20, 2e-20, -1
0.921742, 0.333721, 0.983091, 0.05, -0.0608096, 0.105023, -0.0409237, 0.128072, 1001.91, 3060.77, 10, 2e-20, 3e-20, 2e-20, 2e-20, -1
0.908361, 0.352246, 1.05688, 0.05, -0.130264, -0.0129424, -0.122157, 0.179049, 1002.8, 4472.83, 10, 2e-20, 3e-20, 2e-20, 2e-20, -1
0.914067, 0.291386, 1.08677, 0.05, -0.107902, -0.0483373, -0.154311, 0.1944, 994.618, -8610.48, 10, 2e-20, 3e-20, 2e-20, 2e-20, -1
0.902058, 0.267459, 1.04534, 0.05, -0.0330269, 0.00913351, -0.109954, 0.115169, 1004.87, 7797.84, 10, 2e-20, 3e-20, 2e-20, 2e-20, -1
0.985649, 0.157193, 1.2099, 0.05, -0.334577, -0.274073, -0.153837, 0.459046, 999.162, -1340.08, 10, 2e-20, 3e-20, 2e-20, 2e-20, -1
0.968828, 0.23752, 1.24302, 0.05, -0.373083, 0.186551, -0.076361, 0.424056, 1001.03, 1645.37, 10, 2e-20, 3e-20, 2e-20, 2e-20, -1
0.868095, 0.302046, 1.03092, 0.05, 0.0885536, 0.0306825, -0.0585123, 0.110485, 1009.01, 14420.5, 10, 2e-20, 3e-20, 2e-20, 2e-20, -1
0.731117, 0.206132, 1.10096, 0.05, 0.0573267, -0.00532206, -0.258248, 0.264587, 1002.34, 3745.9, 10, 2e-20, 3e-20, 2e-20, 2e-20, -1
0.719553, 0.242326, 1.06884, 0.05, -0.153369, -0.0427585, -0.148881, 0.217981, 1007.03, 11247.4, 10, 2e-20, 3e-20, 2e-20, 2e-20, -1
0.656319, 0.217097, 1.17241, 0.05, -0.118173, 0.00703565, -0.190407, 0.224208, 1005.69, 9107.12, 10, 2e-20, 3e-20, 2e-20, 2e-20, -1
0.651088, 0.209132, 1.24341, 0.05, -0.131519, 0.0561767, -0.0977472, 0.173227, 999.665, -536.711, 10, 2e-20, 3e-20, 2e-20, 2e-20, -1
0.598595, 0.20001, 1.23576, 0.05, -0.101449, 0.011719, -0.201627, 0.226015, 1000.43, 691.979, 10, 2e-20, 3e-20, 2e-20, 2e-20, -1
0.546814, 0.195427, 1.27819, 0.05, -0.160169, -0.0619638, 0.0192843, 0.172816, 999.768, -371.365, 10, 2e-20, 3e-20, 2e-20, 2e-20, -1
0.528443, 0.219236, 1.24796, 0.05, -0.143379, -0.0173406, -0.0539878, 0.154185, 996.664, -5337.76, 10, 2e-20, 3e-20, 2e-20, 2e-20, -1
0.52986, 0.23622, 1.30223, 0.05, -0.16591, -0.028523, -0.0130061, 0.168846, 998.709, -2065.51, 10, 2e-20, 3e-20, 2e-20, 2e-20, -1
0.47675, 0.21345, 1.29695, 0.05, -0.176219, -0.0728775, -0.0791706, 0.206476, 1003.06, 4890.96, 10, 2e-20, 3e-20, 2e-20, 2e-20, -1
0.493215, 0.211909, 1.33855, 0.05, -0.186284, -0.0111879, -0.0454631, 0.192077, 998.321, -2686.2, 10, 2e-20, 3e-20, 2e-20, 2e-20, -1
0.431869, 0.194648, 1.35297, 0.05, -0.115422, -0.0583894, -0.00385231, 0.129408, 997.597, -3844.45, 10, 2e-20, 3e-20, 2e-20, 2e-20, -1
0.94294, 0.497284, 0.14209, 0.05, 0.057259, 0.0439594, -0.0725983, 0.102379, 1013.88, 22205, 10, 2e-20, 3e-20, 2e-20, 2e-20, -1
0.999286, 0.389122, 0.0567388, 0.05, 0.0234723, -0.153859, 0.000915536, 0.155642, 1008.93, 14284.9, 10, 2e-20, 3e-20, 2e-20, 2e-20, -1
0.950978, 0.414567, 0.0679995, 0.05, 0.0934718, 0.0464713, 0.0648139, 0.122871, 1008.02, 12833.4, 10, 2e-20, 3e-20, 2e-20, 2e-20, -1
0.929358, 0.450681, 0.259285, 0.05, -0.0922219, 0.174116, -0.0376714, 0.2006, 1011.04, 17671.3, 10, 2e-20, 3e-20, 2e-20, 2e-20, -1
0.900882, 0.400352, 0.224369, 0.05, 0.0543767, 0.0437244, 0.0215955, 0.0730412, 1005.93, 9488.13, 10, 2e-20, 3e-20, 2e-20, 2e-20, -1
0.938577, 0.400802, 0.157078, 0.05, 0.0465644, 0.130261, -0.147789, 0.20243, 1010.17, 16270.1, 10, 2e-20, 3e-20, 2e-20, 2e-20, -1
0.899226, 0.423851, 0.182725, 0.05, -0.00308726, 0.03037, 0.0318053, 0.0440845, 1010.55, 16880.3, 10, 2e-20, 3e-20, 2e-20, 2e-20, -1
0.900396, 0.407047, 0.274181, 0.05, 0.0155967, 0.073205, -0.0884823, 0.115894, 1006.78, 10849.3, 10, 2e-20, 3e-20, 2e-20, 2e-20, -1
0.851914, 0.389077, 0.250323, 0.05, 0.0314757, -0.0669533, -0.039412, 0.0838259, 1007.29, 11664.3, 10, 2e-20, 3e-20, 2e-20, 2e-20, -1
0.948314, 0.373128, 0.369132, 0.05, -0.00408437, 0.0352451, -0.0909109, 0.0975894, 1005.57, 8914.19, 10, 2e-20, 3e-20, 2e-20, 2e-20, -1
0.946755, 0.330867, 0.396403, 0.05, 0.0967536, 0.0347834, -0.0476555, 0.113323, 1007.63, 12207.6, 10, 2e-20, 3e-20, 2e-20, 2e-20, -1
0.907288, 0.345005, 0.400926, 0.05, 0.0199489, -0.0527684, 0.00116597, 0.0564254, 1007.89, 12619.3, 10, 2e-20, 3e-20, 2e-20, 2e-20, -1
0.825844, 0.453454, 0.568703, 0.05, -0.0565454, -0.0628261, -0.1049, 0.134717, 1004, 6400.66, 10, 2e-20, 3e-20, 2e-20, 2e-20, -1
0.938199, 0.396541, 0.473813, 0.05, -0.00097196, -0.115591, -0.0939844, 0.148981, 1003.86, 6170.46, 10, 2e-20, 3e-20, 2e-20, 2e-20, -1
0.886591, 0.442196, 0.544396, 0.05, 0.0660702, 0.103114, -0.0255611, 0.125104, 1008.71, 13932.4, 10, 2e-20, 3e-20, 2e-20, 2e-20, -1
0.900758, 0.387149, 0.432406, 0.05, 0.105026, 0.0527379, 0.000294198, 0.117523, 1003.18, 5084.77, 10, 2e-20, 3e-20, 2e-20, 2e-20, -1
0.889569, 0.352355, 0.512238, 0.05, 0.0859856, -0.0820763, -0.0304245, 0.122702, 1005.76, 9211.59, 10, 2e-20, 3e-20, 2e-20, 2e-20, -1
0.964815, 0.373959, 0.622392, 0.05, 0.0834357, 0.0727537, -0.0508198, 0.121808, 1004.67, 7469.64, 10, 2e-20, 3e-20, 2e-20, 2e-20, -1
0.94504, 0.429965, 0.696798, 0.05, -0.00698251, 0.0713386, 0.0860246, 0.111974, 1004.77, 7633.58, 10, 2e-20, 3e-20, 2e-20, 2e-20, -1
0.90489, 0.371721, 0.68415, 0.05, 0.0503995, -0.107655, -0.0549104, 0.130939, 1004.38, 7003.91, 10, 2e-20, 3e-20, 2e-20, 2e-20, -1
0.951672, 0.367727, 0.674537, 0.05, 0.0441436, 0.00135172, 0.0411178, 0.060342, 1006.39, 10216.9, 10, 2e-20, 3e-20, 2e-20, 2e-20, -1
0.879744, 0.38152, 0.724892, 0.05, -0.00425596, -0.0289503, -0.0578059, 0.0647901, 1002.34, 3741.12, 10, 2e-20, 3e-20, 2e-20, 2e-20, -1
0.893965, 0.402892, 0.838474, 0.05, -0.0388715, 0.0249265, -0.0661801, 0.0806978, 1003.69, 5901.29, 10, 2e-20, 3e-20, 2e-20, 2e-20, -1
0.877803, 0.449687, 0.862708, 0.05, 0.020549, 0.0825836, -0.0528178, 0.10016, 1004.81, 7689.25, 10, 2e-20, 3e-20, 2e-20, 2e-20, -1
0.875946, 0.330111, 0.695559, 0.05, -0.0501525, 0.0015196, -0.0852788, 0.0989447, 1002.52, 4034.51, 10, 2e-20, 3e-20, 2e-20, 2e-20, -1
0.841408, 0.394828, 0.754306, 0.05, -0.125506, 0.0974669, -0.128155, 0.204145, 1005.12, 8196.3, 10, 2e-20, 3e-20, 2e-20, 2e-20, -1
0.917928, 0.34208, 0.728472, 0.05, 0.076952, -0.0565351, -0.0595062, 0.112511, 1002.09, 3348.81, 10, 2e-20, 3e-20, 2e-20, 2e-20, -1
0.842324, 0.385993, 0.844752, 0.05, -0.0804144, -0.0177448, -0.135405, 0.15848, 1004.33, 6927.65, 10, 2e-20, 3e-20, 2e-20, 2e-20, -1
0.851576, 0.376896, 0.800059, 0.05, 0.0781743, 0.067582, -0.103457, 0.146226, 1005.17, 8267.76, 10, 2e-20, 3e-20, 2e-20, 2e-20, -1
0.941918, 0.379925, 0.992706, 0.05, 0.0365081, 0.0764131, -0.0043326, 0.0847973, 1002.76, 4422.1, 10, 2e-20, 3e-20, 2e-20, 2e-20, -1
0.982746, 0.408284, 1.04616, 0.05, 0.0524761, -0.197324, -0.091584, 0.223782, 1001.29, 2066.62, 10, 2e-20, 3e-20, 2e-20, 2e-20, -1
0.794569, 0.447356, 1.22087, 0.05, -0.141096, -0.128425, -0.171353, 0.256443, 999.248, -1202.78, 10, 2e-20, 3e-20, 2e-20, 2e-20, -1
0.908367, 0.441889, 1.17826, 0.05, -0.0447313, -0.0222463, -0.202246, 0.208325, 1000.86, 1376.76, 10, 2e-20, 3e-20, 2e-20, 2e-20, -1
0.736077, 0.439869, 1.0713, 0.05, -0.0998557, -0.0180188, -0.0678937, 0.122088, 1003.03, 4847.73, 10, 2e-20, 3e-20, 2e-20, 2e-20, -1
0.667792, 0.432147, 1.16966, 0.05, -0.0694405, 0.0611937, -0.0399708, 0.100818, 998.429, -2514.17, 10, 2e-20, 3e-20, 2e-20, 2e-20, -1
0.827539, 0.392754, 1.04269, 0.05, 0.000435532, 0.00751015, -0.19695, 0.197093, 1005.04, 8062.46, 10, 2e-20, 3e-20, 2e-20, 2e-20, -1
0.872614, 0.355254, 1.06542, 0.05, -0.0201729, -0.0217773, -0.148042, 0.150988, 1003.6, 5757.93, 10, 2e-20, 3e-20, 2e-20, 2e-20, -1
0.806003, 0.295216, 1.02846, 0.05, -0.209594, 0.0546896, -0.252954, 0.333026, 1003.49, 5585.6, 10, 2e-20, 3e-20, 2e-20, 2e-20, -1
0.777121, 0.392116, 1.0232, 0.05, 0.0193826, 0.0431045, -0.144609, 0.152136, 1003.34, 5344.1, 10, 2e-20, 3e-20, 2e-20, 2e-20, -1
0.866215, 0.30599, 1.0695, 0.05, 0.209201, 0.0124505, -0.0370457, 0.212821, 1005.89, 9418.78, 10, 2e-20, 3e-20, 2e-20, 2e-20, -1
0.684896, 0.364414, 1.02577, 0.05, -0.138749, 0.0516648, -0.102021, 0.179802, 1000.84, 1350.26, 10, 2e-20, 3e-20, 2e-20, 2e-20, -1
0.800104, 0.261296, 1.09397, 0.05, -0.189598, -0.12357, -0.0889519, 0.243166, 995.784, -6745.02, 10, 2e-20, 3e-20, 2e-20, 2e-20, -1
0.634742, 0.270309, 1.16072, 0.05, -0.217519, -0.113076, -0.216452, 0.327035, 1001.75, 2799.23, 10, 2e-20, 3e-20, 2e-20, 2e-20, -1
0.805355, 0.259404, 1.12708, 0.05, 0.0597405, -0.143637, -0.261161, 0.303983, 1000.34, 539.104, 10, 2e-20, 3e-20, 2e-20, 2e-20, -1
0.623966, 0.32176, 1.17384, 0.05, -0.187223, 0.0879132, -0.070033, 0.218371, 1001.01, 1613.72, 10, 2e-20, 3e-20, 2e-20, 2e-20, -1
0.64707, 0.325918, 1.09642, 0.05, -0.0557379, -0.0445635, -0.155704, 0.171278, 1003.79, 6062.72, 10, 2e-20, 3e-20, 2e-20, 2e-20, -1
0.540119, 0.261237, 1.23558, 0.05, -0.236292, -0.0226297, -0.205333, 0.313859, 1003.66, 5855.39, 10, 2e-20, 3e-20, 2e-20, 2e-20, -1
0.569536, 0.275994, 1.17456, 0.05, -0.111952, -0.0143574, -0.133159, 0.174558, 998.855, -1831.69, 10, 2e-20, 3e-20, 2e-20, 2e-20, -1
0.494483, 0.256489, 1.29898, 0.05, -0.113188, -0.0466439, -0.0877341, 0.150613, 1001.46, 2329.37, 10, 2e-20, 3e-20, 2e-20, 2e-20, -1
0.410634, 0.243915, 1.30186, 0.05, -0.20189, -0.0193504, 0.101085, 0.22661, 999.94, -95.9577, 10, 2e-20, 3e-20, 2e-20, 2e-20, -1
0.38025, 0.206011, 1.32293, 0.05, -0.163484, -0.0404388, 0.0339057, 0.17179, 1001.68, 2680.19, 10, 2e-20, 3e-20, 2e-20, 2e-20, -1
1.0031, 0.429446, 0.231457, 0.05, -0.0285657, -0.0568144, 0.0990309, 0.11769, 1008.95, 14325.7, 10, 2e-20, 3e-20, 2e-20, 2e-20, -1
0.933869, 0.49168, 0.0462356, 0.05, 0.00399633, 0.0201803, -0.0841744, 0.0866519, 1008.56, 13693.5, 10, 2e-20, 3e-20, 2e-20, 2e-20, -1
0.94116, 0.438798, 0.214988, 0.05, -0.0268316, -0.0599412, -0.020551, 0.068813, 1008.88, 14207.8, 10, 2e-20, 3e-20, 2e-20, 2e-20, -1
0.928163, 0.477733, 0.302651, 0.05, -0.0868399, 0.20895, -0.136596, 0.26431, 1005.11, 8175.04, 10, 2e-20, 3e-20, 2e-20, 2e-20, -1
0.902529, 0.499248, 0.381437, 0.05, 0.0262549, -0.0120499, 0.0525451, 0.0599625, 1010.05, 16073.6, 10, 2e-20, 3e-20, 2e-20, 2e-20, -1
0.924087, 0.425872, 0.413676, 0.05, -0.0490819, -0.0568718, 0.0367094, 0.0836123, 1003.63, 5806.38, 10, 2e-20, 3e-20, 2e-20, 2e-20, -1
0.878405, 0.447955, 0.272669, 0.05, 0.0309565, 0.0344622, -0.0431366, 0.0632986, 1005.39, 8628.48, 10, 2e-20, 3e-20, 2e-20, 2e-20, -1
0.87744, 0.452122, 0.36579, 0.05, 0.0774402, -0.00135381, -0.018264, 0.0795763, 1004.62, 7388.36, 10, 2e-20, 3e-20, 2e-20, 2e-20, -1
0.840041, 0.441052, 0.332098, 0.05, 0.00694551, 0.00716962, 0.0341291, 0.035559, 1008.56, 13699.7, 10, 2e-20, 3e-20, 2e-20, 2e-20, -1
0.881227, 0.444462, 0.416299, 0.05, -0.0440369, 0.0711011, -0.0625064, 0.104411, 1003.39, 5431.03, 10, 2e-20, 3e-20, 2e-20, 2e-20, -1
0.90637, 0.400886, 0.361292, 0.05, 0.102875, 0.0340513, 0.00655937, 0.108563, 1003.35, 5364.51, 10, 2e-20, 3e-20, 2e-20, 2e-20, -1
0.900586, 0.435676, 0.465609, 0.05, 0.0216018, -0.0268717, -0.0487907, 0.0597433, 1003.86, 6174.01, 10, 2e-20, 3e-20, 2e-20, 2e-20, -1
0.870482, 0.451308, 0.625792, 0.05, 0.0185804, -0.118357, 0.039997, 0.126306, 1005.08, 8131.94, 10, 2e-20, 3e-20, 2e-20, 2e-20, -1
0.820522, 0.406244, 0.546404, 0.05, -0.0122792, 0.00346537, -0.0721117, 0.0732317, 1004.22, 6758.42, 10, 2e-20, 3e-20, 2e-20, 2e-20, -1
0.871583, 0.437235, 0.576589, 0.05, 0.0641761, -0.0695802, -0.00867304, 0.0950537, 1003.81, 6097.96, 10, 2e-20, 3e-20, 2e-20, 2e-20, -1
0.854226, 0.450046, 0.688893, 0.05, -0.0526035, -0.0161248, -0.0628128, 0.083502, 1001.6, 2565.05, 10, 2e-20, 3e-20, 2e-20, 2e-20, -1
0.911995, 0.415187, 0.640518, 0.05, -0.121591, -0.0790514, -0.0208335, 0.146518, 1005.63, 9000.03, 10, 2e-20, 3e-20, 2e-20, 2e-20, -1
0.859743, 0.431983, 0.645263, 0.05, 0.0817667, -0.00582286, -0.0220768, 0.0848946, 1003.24, 5182.81, 10, 2e-20, 3e-20, 2e-20, 2e-20, -1
0.935507, 0.497784, 0.973987, 0.05, 0.0181106, -0.0572238, 0.123588, 0.137392, 997.262, -4380.59, 10, 2e-20, 3e-20, 2e-20, 2e-20, -1
0.888522, 0.425815, 0.752999, 0.05, -0.109385, -0.00864785, -0.0410184, 0.117143, 1003.02, 4836.98, 10, 2e-20, 3e-20, 2e-20, 2e-20, -1
0.835046, 0.498296, 1.03398, 0.05, -0.0380149, -0.00612998, 0.055769, 0.0677708, 1008.26, 13211.8, 10, 2e-20, 3e-20, 2e-20, 2e-20, -1
0.884662, 0.451803, 0.723542, 0.05, -0.0302234, 0.0351025, 0.0349991, 0.0580567, 1006.63, 10609, 10, 2e-20, 3e-20, 2e-20, 2e-20, -1
0.888698, 0.495647, 1.03378, 0.05, 0.0312001, -0.0169665, 0.0984672, 0.104676, 1005.16, 8248.65, 10, 2e-20, 3e-20, 2e-20, 2e-20, -1
0.871563, 0.499842, 1.13156, 0.05, 0.053596, 0.0010049, 0.100844, 0.114206, 1005.24, 8377.18, 10, 2e-20, 3e-20, 2e-20, 2e-20, -1
0.906516, 0.43699, 1.03155, 0.05, 0.0247402, 0.058747, -0.146845, 0.160084, 1004.57, 7317.69, 10, 2e-20, 3e-20, 2e-20, 2e-20, -1
0.805481, 0.439793, 1.05204, 0.05, -0.0090094, 0.0403646, -0.102323, 0.110365, 1005.61, 8970.55, 10, 2e-20, 3e-20, 2e-20, 2e-20, -1
0.899836, 0.458242, 1.13204, 0.05, -0.067703, -0.00383841, -0.0543303, 0.0868919, 1001.72, 2756.18, 10, 2e-20, 3e-20, 2e-20, 2e-20, -1
0.853915, 0.448638, 1.13399, 0.05, -0.0158278, 0.00575286, -0.145199, 0.146172, 999.183, -1307.71, 10, 2e-20, 3e-20, 2e-20, 2e-20, -1
0.905985, 0.385743, 0.922023, 0.05, 0.0223322, -0.012929, -0.0660896, 0.0709488, 1004.62, 7389.67, 10, 2e-20, 3e-20, 2e-20, 2e-20, -1
0.858997, 0.447312, 1.01614, 0.05, -0.0190037, -0.0323051, -0.0944869, 0.101649, 1003.61, 5773.74, 10, 2e-20, 3e-20, 2e-20, 2e-20, -1
0.945709, 0.443747, 1.16784, 0.05, -0.0582923, -0.0170029, -0.0705136, 0.0930552, 999.907, -149.305, 10, 2e-20, 3e-20, 2e-20, 2e-20, -1
0.692284, 0.412637, 1.04788, 0.05, -0.125222, 0.0697639, -0.261395, 0.298119, 1002.63, 4212.82, 10, 2e-20, 3e-20, 2e-20, 2e-20, -1
0.681364, 0.453505, 1.15003, 0.05, -0.160191, -0.14863, -0.0686572, 0.229054, 1000.73, 1174.85, 10, 2e-20, 3e-20, 2e-20, 2e-20, -1
0.613863, 0.405126, 1.19022, 0.05, -0.0490552, 0.0199396, -0.1285, 0.138983, 1002.02, 3227.47, 10, 2e-20, 3e-20, 2e-20, 2e-20, -1
0.684786, 0.44278, 1.03238, 0.05, -0.0338748, 0.0203032, -0.167213, 0.171813, 999.797, -324.334, 10, 2e-20, 3e-20, 2e-20, 2e-20, -1
0.855747, 0.415201, 1.29121, 0.05, -0.133075, -0.0208851, -0.192559, 0.234999, 999.472, -844.186, 10, 2e-20, 3e-20, 2e-20, 2e-20, -1
0.644351, 0.392707, 1.02987, 0.05, -0.0613568, -0.11168, -0.199828, 0.236999, 1001.37, 2189.55, 10, 2e-20, 3e-20, 2e-20, 2e-20, -1
0.456187, 0.245765, 1.3674, 0.05, -0.267926, -0.175789, -0.0577206, 0.325604, 999.054, -1513.96, 10, 2e-20, 3e-20, 2e-20, 2e-20, -1
0.733336, 0.37127, 1.02809, 0.05, -0.110462, 0.051707, -0.190091, 0.225854, 1005.4, 8639.29, 10, 2e-20, 3e-20, 2e-20, 2e-20, -1
0.452469, 0.289975, 1.34161, 0.05, -0.194727, -0.0683332, -0.100243, 0.229427, 1002.81, 4494.4, 10, 2e-20, 3e-20, 2e-20, 2e-20, -1
0.844, 0.373924, 1.10303, 0.05, -0.12973, -0.0117727, -0.290362, 0.318243, 1002.32, 3710.33, 10, 2e-20, 3e-20, 2e-20, 2e-20, -1
0.655401, 0.283, 1.11921, 0.05, -0.127696, -0.046886, -0.182089, 0.227291, 999.194, -1289.22, 10, 2e-20, 3e-20, 2e-20, 2e-20, -1
0.726104, 0.299315, 1.18099, 0.05, -0.132064, 0.125953, -0.31567, 0.364627, 998.071, -3086.33, 10, 2e-20, 3e-20, 2e-20, 2e-20, -1
0.912764, 0.39901, 1.28735, 0.05, -0.0845343, -0.116362, -0.383607, 0.409684, 1000.27, 424.828, 10, 2e-20, 3e-20, 2e-20, 2e-20, -1
0.745226, 0.419073, 1.24461, 0.05, -0.131999, -0.00714595, -0.213944, 0.251489, 1001.4, 2239.83, 10, 2e-20, 3e-20, 2e-20, 2e-20, -1
0.782545, 0.318301, 1.09222, 0.05, -0.159897, 0.0361055, -0.233442, 0.285247, 1001.25, 1999.12, 10, 2e-20, 3e-20, 2e-20, 2e-20, -1
0.751299, 0.347057, 1.05772, 0.05, -0.0578918, -0.126402, -0.154841, 0.208097, 999.966, -53.6047, 10, 2e-20, 3e-20, 2e-20, 2e-20, -1
0.378647, 0.225859, 1.36777, 0.05, -0.135331, -0.0495099, -0.040399, 0.149659, 1002.48, 3961.98, 10, 2e-20, 3e-20, 2e-20, 2e-20, -1
0.444059, 0.240122, 1.32341, 0.05, -0.220361, -0.113451, -0.00389117, 0.247881, 998.335, -2663.57, 10, 2e-20, 3e-20, 2e-20, 2e-20, -1
0.384376, 0.151651, 1.38078, 0.05, -0.171319, -0.0397451, 0.199816, 0.266189, 1005.66, 9048.46, 10, 2e-20, 3e-20, 2e-20, 2e-20, -1
0.462105, 0.200667, 1.38232, 0.05, -0.281738, -0.12375, -0.13805, 0.337266, 1000.82, 1319.82, 10, 2e-20, 3e-20, 2e-20, 2e-20, -1
0.8849, 0.498139, 0.324207, 0.05, -0.0116497, -0.0111188, -0.0527629, 0.0551658, 1018.98, 30369.8, 10, 2e-20, 3e-20, 2e-20, 2e-20, -1
0.900189, 0.0899539, 1.38087, 0.05, -0.321574, -0.166661, -0.114704, 0.379925, 992.113, -12619.4, 10, 2e-20, 3e-20, 2e-20, 2e-20, -1
0.947542, 0.496018, 0.349926, 0.05, -0.00891187, -0.0660521, -0.0665136, 0.0941614, 1016.49, 26379.8, 10, 2e-20, 3e-20, 2e-20, 2e-20, -1
0.951837, 0.496013, 0.431792, 0.05, -0.00279389, 0.0358734, 0.0748365, 0.0830374, 1014.57, 23305.7, 10, 2e-20, 3e-20, 2e-20, 2e-20, -1
0.988625, 0.489335, 0.727801, 0.05, 0.0268678, 0.0696466, 0.219145, 0.23151, 1016.52, 26437.4, 10, 2e-20, 3e-20, 2e-20, 2e-20, -1
0.99461, 0.494475, 0.798699, 0.05, 0.101194, 0.102471, 0.0970757, 0.173679, 1008.29, 13267.2, 10, 2e-20, 3e-20, 2e-20, 2e-20, -1
0.961555, 0.494291, 0.55636, 0.05, 0.0377807, -0.104126, 0.138989, 0.177729, 1003.27, 5237.75, 10, 2e-20, 3e-20, 2e-20, 2e-20, -1
0.906002, 0.50216, 0.812922, 0.05, -0.200926, 0.0359722, 0.0590773, 0.212498, 1005.36, 8574.53, 10, 2e-20, 3e-20, 2e-20, 2e-20, -1
0.867931, 0.495929, 0.570703, 0.05, 0.0594943, -0.00467802, -0.0353602, 0.0693671, 1011.47, 18353, 10, 2e-20, 3e-20, 2e-20, 2e-20, -1
0.936591, 0.498845, 0.866826, 0.05, -0.0740088, -0.0371605, 0.148301, 0.169857, 1008.83, 14127.4, 10, 2e-20, 3e-20, 2e-20, 2e-20, -1
0.423136, -0.501566, 1.97587, 0.05, 0.0284758, -0.00123502, -1.02059, 1.02099, 1000.14, 216.739, 10, 2e-20, 3e-20, 2e-20, 2e-20, -1
0.98885, 0.494515, 0.977457, 0.05, -0.116312, 0.0686089, 0.154609, 0.205279, 1006.59, 10539.1, 10, 2e-20, 3e-20, 2e-20, 2e-20, -1
0.048596, 0.150695, 1.42337, 0.05, 0.035911, -0.136808, -0.0167646, 0.142433, 1002.43, 3890.67, 10, 2e-20, 3e-20, 2e-20, 2e-20, -1
0.722604, 0.658516, 1.07907, 0.05, 0.000285137, 0.000949503, -0.0670456, 0.0670529, 999.999, -0.952149, 10, 2e-20, 3e-20, 2e-20, 2e-20, -1
1.00662, 0.466129, 1.34856, 0.05, -0.0071764, -0.0413476, -0.145097, 0.151044, 1000.29, 460.337, 10, 2e-20, 3e-20, 2e-20, 2e-20, -1
0.80197, 0.479178, 1.36936, 0.05, -0.16731, 0.0290935, -0.324547, 0.366292, 1000.3, 485.456, 10, 2e-20, 3e-20, 2e-20, 2e-20, -1
0.848476, 0.495956, 0.905745, 0.05, 0.075749, 0.0146623, 0.0699151, 0.10412, 1003.68, 5886.88, 10, 2e-20, 3e-20, 2e-20, 2e-20, -1
0.635878, 0.0695347, 1.34337, 0.05, -0.0948649, -0.0933033, -0.159381, 0.207623, 1000.01, 9.23524, 10, 2e-20, 3e-20, 2e-20, 2e-20, -1
0.895345, 0.489997, 1.22643, 0.05, 0.043314, -0.051021, 0.168282, 0.181102, 1005.86, 9369.78, 10, 2e-20, 3e-20, 2e-20, 2e-20, -1
0.499073, -0.333001, 1.40723, 0.05, -0.206285, 0.184884, -0.187315, 0.334398, 997.259, -4385.58, 10, 2e-20, 3e-20, 2e-20, 2e-20, -1
0.765717, 0.417654, 1.19627, 0.05, -0.0500077, 0.0166655, -0.202881, 0.209617, 998.743, -2011.97, 10, 2e-20, 3e-20, 2e-20, 2e-20, -1
-0.74319, -0.476748, 1.36359, 0.05, 0.255523, 0.643018, -0.823344, 1.07548, 998.262, -2780.97, 10, 2e-20, 3e-20, 2e-20, 2e-20, -1
0.758697, 0.434806, 1.13196, 0.05, -0.020227, -0.0141212, -0.206233, 0.207703, 1002.11, 3375.34, 10, 2e-20, 3e-20, 2e-20, 2e-20, -1
0.624143, 0.41914, 1.3119, 0.05, -0.122397, -0.0981375, -0.120992, 0.198118, 1002.41, 3852.12, 10, 2e-20, 3e-20, 2e-20, 2e-20, -1
0.518904, -0.291485, 1.4045, 0.05, -0.140629, 0.250935, -0.0348464, 0.289757, 1002.38, 3809.44, 10, 2e-20, 3e-20, 2e-20, 2e-20, -1
0.730258, 0.491302, 1.24357, 0.05, -0.126449, -0.00405396, -0.1063, 0.165243, 1003.12, 4997.14, 10, 2e-20, 3e-20, 2e-20, 2e-20, -1
0.812151, 0.366442, 1.26968, 0.05, -0.15817, 0.0565766, -0.225403, 0.281114, 1001.57, 2519.48, 10, 2e-20, 3e-20, 2e-20, 2e-20, -1
0.768526, 0.435713, 1.15242, 0.05, 0.0141849, 0.0309406, -0.205198, 0.208002, 1000.9, 1443.19, 10, 2e-20, 3e-20, 2e-20, 2e-20, -1
0.331363, -0.500716, 1.98012, 0.05, -0.00207809, -0.00438417, -0.995829, 0.99584, 999.987, -20.1383, 10, 2e-20, 3e-20, 2e-20, 2e-20, -1
0.762907, 0.460621, 1.2866, 0.05, -0.236637, -0.123648, -0.25752, 0.370948, 1002.58, 4133.5, 10, 2e-20, 3e-20, 2e-20, 2e-20, -1
0.509533, 0.273553, 1.34534, 0.05, -0.0962258, -0.0878512, -0.0426142, 0.137088, 1000.65, 1033.37, 10, 2e-20, 3e-20, 2e-20, 2e-20, -1
0.630559, 0.508048, 1.87796, 0.05, 0.00773842, 0.00511206, -0.613531, 0.613601, 1000.02, 36.2372, 10, 2e-20, 3e-20, 2e-20, 2e-20, -1
0.396628, 0.264721, 1.36738, 0.05, -0.170154, 0.00107005, -0.140161, 0.220451, 1002.08, 3334.97, 10, 2e-20, 3e-20, 2e-20, 2e-20, -1
-0.391131, -0.462557, 1.43637, 0.05, 0.225571, -0.182873, 0.411221, 0.503416, 1000.82, 1307.98, 10, 2e-20, 3e-20, 2e-20, 2e-20, -1
0.27316, -0.379865, 1.47181, 0.05, -0.338405, -0.125618, -0.129125, 0.383368, 1000.4, 646.891, 10, 2e-20, 3e-20, 2e-20, 2e-20, -1
0.0942532, 0.464978, 1.48078, 0.05, 0.133361, 0.170251, 0.0338405, 0.218897, 999.573, -683.942, 10, 2e-20, 3e-20, 2e-20, 2e-20, -1
0.749224, 0.190434, 1.27587, 0.05, -0.178282, -0.0219489, -0.249258, 0.307239, 1002.66, 4252.69, 10, 2e-20, 3e-20, 2e-20, 2e-20, -1
0.414553, -0.499015, 1.66723, 0.05, 0.066964, 0.00367329, -1.15439, 1.15633, 999.959, -64.862, 10, 2e-20, 3e-20, 2e-20, 2e-20, -1
0.263747, 0.0200851, 1.43905, 0.05, -0.0703644, -0.00292427, 0.457641, 0.463028, 997.451, -4078.69, 10, 2e-20, 3e-20, 2e-20, 2e-20, -1
0.956342, -0.00436252, 1.38961, 0.05, -0.156467, -0.0852268, -0.609386, 0.6349, 997.771, -3567.13, 10, 2e-20, 3e-20, 2e-20, 2e-20, -1
0.755685, 0.512379, 1.31439, 0.05, -0.124635, -0.0915617, -0.0497274, 0.162451, 1001.52, 2437.1, 10, 2e-20, 3e-20, 2e-20, 2e-20, -1
0.866822, 0.352147, 1.33576, 0.05, -0.123711, -0.100961, -0.397243, 0.428135, 1003.32, 5316.7, 10, 2e-20, 3e-20, 2e-20, 2e-20, -1
0.743465, 0.157539, 1.26161, 0.05, -0.0917385, -0.118445, -0.217605, 0.264192, 1002.09, 3338.89, 10, 2e-20, 3e-20, 2e-20, 2e-20, -1
0.125909, 0.184767, 1.2496, 0.05, 0.0567273, -0.0898484, -0.100029, 0.145933, 996.861, -5021.62, 10, 2e-20, 3e-20, 2e-20, 2e-20, -1
0.130122, 0.150572, 1.28146, 0.05, 0.0840579, -0.122734, 0.0766636, 0.167352, 1001.24, 1986.12, 10, 2e-20, 3e-20, 2e-20, 2e-20, -1
0.871172, 0.277377, 1.28072, 0.05, -0.191153, 0.108676, -0.461829, 0.511503, 999.873, -203.512, 10, 2e-20, 3e-20, 2e-20, 2e-20, -1
-0.198082, -0.213899, 1.4312, 0.05, -0.00698302, -0.0439552, 0.15591, 0.162138, 997.032, -4749.58, 10, 2e-20, 3e-20, 2e-20, 2e-20, -1
-0.105422, 0.146127, 1.40075, 0.05, -0.00348286, -0.164858, 0.0542993, 0.173605, 996.642, -5372.21, 10, 2e-20, 3e-20, 2e-20, 2e-20, -1
0.94512, 0.440481, 1.37698, 0.05, -0.218516, -0.266367, -0.346815, 0.488857, 998.854, -1833.33, 10, 2e-20, 3e-20, 2e-20, 2e-20, -1
0.719191, 0.353927, 1.2282, 0.05, -0.0854091, -0.101873, -0.32224, 0.348585, 1001.73, 2773.04, 10, 2e-20, 3e-20, 2e-20, 2e-20, -1
0.747116, 0.333816, 1.18126, 0.05, -0.142466, -0.0453906, -0.295846, 0.331484, 999.273, -1162.76, 10, 2e-20, 3e-20, 2e-20, 2e-20, -1
0.994866, -0.491012, 0.113232, 0.05, -0.0176287, -0.162779, 0.199808, 0.258323, 1012, 19200.6, 10, 2e-20, 3e-20, 2e-20, 2e-20, -1
0.993343, -0.491441, 0.417542, 0.05, -0.0488996, -0.000951628, 0.184131, 0.190516, 1008.95, 14318.6, 10, 2e-20, 3e-20, 2e-20, 2e-20, -1
0.940539, -0.494238, 0.390717, 0.05, -0.0460216, 0.0268371, 0.183913, 0.191474, 1009.32, 14918.1, 10, 2e-20, 3e-20, 2e-20, 2e-20, -1
0.934014, -0.492057, 0.269185, 0.05, -0.0195438, 0.0931252, 0.15326, 0.180396, 1010.57, 16911.7, 10, 2e-20, 3e-20, 2e-20, 2e-20, -1
0.967795, -0.44748, 0.398955, 0.05, 0.0350814, -0.00574572, 0.274563, 0.276855, 1007.63, 12212.1, 10, 2e-20, 3e-20, 2e-20, 2e-20, -1
0.992029, -0.447193, 0.547527, 0.05, -0.0224923, 0.0493994, 0.19206, 0.199583, 1008.87, 14188.3, 10, 2e-20, 3e-20, 2e-20, 2e-20, -1
0.963242, -0.408843, 0.446297, 0.05, -0.166542, 0.0227116, 0.193579, 0.256369, 1004.63, 7402.93, 10, 2e-20, 3e-20, 2e-20, 2e-20, -1
0.997262, -0.436035, 0.490547, 0.05, -0.0355968, -0.0492259, 0.207258, 0.215977, 1007.55, 12085.8, 10, 2e-20, 3e-20, 2e-20, 2e-20, -1
0.98996, -0.491408, 0.860574, 0.05, -0.0223017, 0.0396956, 0.0749629, 0.0877072, 1002.52, 4027.38, 10, 2e-20, 3e-20, 2e-20, 2e-20, -1
0.955452, -0.495808, 0.760545, 0.05, 0.00554965, -0.0359182, 0.1234, 0.128641, 1002.72, 4355.34, 10, 2e-20, 3e-20, 2e-20, 2e-20, -1
0.99493, -0.49184, 0.800983, 0.05, 0.0151548, -0.0166002, 0.112413, 0.114638, 1001.59, 2539.59, 10, 2e-20, 3e-20, 2e-20, 2e-20, -1
0.898334, -0.4935, 0.722612, 0.05, -0.0558224, 0.00108359, 0.175382, 0.184055, 1003.39, 5416.86, 10, 2e-20, 3e-20, 2e-20, 2e-20, -1
0.917407, -0.477171, 0.769698, 0.05, 0.0817699, -0.0134298, 0.121414, 0.146996, 1002.19, 3509.62, 10, 2e-20, 3e-20, 2e-20, 2e-20, -1
0.940804, -0.500413, 0.95268, 0.05, 0.0165326, 0.0634817, 0.090463, 0.111744, 1001.4, 2234.47, 10, 2e-20, 3e-20, 2e-20, 2e-20, -1
0.942324, -0.44375, 0.810949, 0.05, 0.0752301, -0.022673, 0.164387, 0.182199, 1002.63, 4204.86, 10, 2e-20, 3e-20, 2e-20, 2e-20, -1
0.939184, -0.49693, 1.16019, 0.05, -0.067335, -0.0118494, 0.26237, 0.271132, 997.495, -4008.2, 10, 2e-20, 3e-20, 2e-20, 2e-20, -1
0.96598, -0.383543, 0.892024, 0.05, -0.100499, -0.0285417, 0.154078, 0.186157, 1000.68, 1084.72, 10, 2e-20, 3e-20, 2e-20, 2e-20, -1
0.974299, -0.500082, 1.0986, 0.05, 0.0541067, 0.0741324, 0.114833, 0.147002, 1000.54, 870.318, 10, 2e-20, 3e-20, 2e-20, 2e-20, -1
0.938645, -0.450591, 0.865261, 0.05, 0.0143126, 0.0331999, 0.106819, 0.112772, 999.404, -953.086, 10, 2e-20, 3e-20, 2e-20, 2e-20, -1
0.929761, -0.466012, 1.07535, 0.05, -0.127201, 0.0180914, 0.170195, 0.213246, 1002.99, 4783.2, 10, 2e-20, 3e-20, 2e-20, 2e-20, -1
0.953571, -0.36497, 1.23943, 0.05, -0.119402, 0.0337122, -0.0467354, 0.13258, 1003.23, 5175.55, 10, 2e-20, 3e-20, 2e-20, 2e-20, -1
1.01029, -0.469931, 1.29742, 0.05, 0.0518701, 0.140674, -0.268019, 0.307105, 995.745, -6808.3, 10, 2e-20, 3e-20, 2e-20, 2e-20, -1
1.01873, -0.525079, 1.35065, 0.05, -0.0525926, 0.286841, 0.0164963, 0.292089, 1000.12, 196.32, 10, 2e-20, 3e-20, 2e-20, 2e-20, -1
1.00088, -0.397736, 1.16306, 0.05, 0.0158423, -0.0164672, 0.0570995, 0.061502, 999.349, -1041.11, 10, 2e-20, 3e-20, 2e-20, 2e-20, -1
0.939254, -0.457837, 1.11902, 0.05, -0.0148434, 0.129562, 0.219127, 0.254997, 999.032, -1549.31, 10, 2e-20, 3e-20, 2e-20, 2e-20, -1
0.953242, -0.430255, 1.23353, 0.05, 0.027908, -0.14848, -0.02273, 0.15278, 1004.56, 7288.48, 10, 2e-20, 3e-20, 2e-20, 2e-20, -1
0.932318, -0.383046, 1.18512, 0.05, -0.0232842, -0.137802, -0.0678232, 0.155343, 1000.87, 1397.21, 10, 2e-20, 3e-20, 2e-20, 2e-20, -1
0.835486, -0.466734, 1.30994, 0.05, -0.29548, 0.0941164, 0.210452, 0.374775, 991.315, -13895.3, 10, 2e-20, 3e-20, 2e-20, 2e-20, -1
0.979251, -0.430761, 1.29308, 0.05, -0.234004, 0.0452538, -0.159445, 0.286755, 1001.1, 1755.78, 10, 2e-20, 3e-20, 2e-20, 2e-20, -1
0.959091, -0.463996, 1.32073, 0.05, -0.180107, 0.351745, -0.122576, 0.413748, 1004.12, 6588.51, 10, 2e-20, 3e-20, 2e-20, 2e-20, -1
0.714123, -0.250684, 1.12628, 0.05, -0.0881211, -0.0351645, -0.160435, 0.18639, 1003.01, 4821.23, 10, 2e-20, 3e-20, 2e-20, 2e-20, -1
0.815036, -0.364784, 1.26623, 0.05, -0.229473, -0.0751864, -0.0834031, 0.255474, 994.652, -8556.09, 10, 2e-20, 3e-20, 2e-20, 2e-20, -1
0.926388, -0.445301, 1.25941, 0.05, 0.0819478, 0.116485, -0.100673, 0.174411, 998.954, -1673.4, 10, 2e-20, 3e-20, 2e-20, 2e-20, -1
0.566386, -0.423967, 1.41191, 0.05, -0.115346, -0.0366488, -0.316919, 0.339242, 1000.45, 720.834, 10, 2e-20, 3e-20, 2e-20, 2e-20, -1
0.678188, -0.269519, 1.10567, 0.05, -0.00918748, -0.0308728, -0.0376766, 0.0495688, 1000.75, 1197.12, 10, 2e-20, 3e-20, 2e-20, 2e-20, -1
0.831545, -0.383886, 1.13079, 0.05, -0.0420309, 0.014088, 0.0297264, 0.0533735, 1002.59, 4142.83, 10, 2e-20, 3e-20, 2e-20, 2e-20, -1
0.670251, -0.358638, 1.25621, 0.05, -0.0887977, 0.0469896, -0.114766, 0.152526, 998.162, -2940.81, 10, 2e-20, 3e-20, 2e-20, 2e-20, -1
0.689113, -0.340329, 1.15236, 0.05, -0.153585, -0.0606401, -0.0531219, 0.173458, 999.541, -734.484, 10, 2e-20, 3e-20, 2e-20, 2e-20, -1
0.736969, -0.33723, 1.15808, 0.05, -0.0654941, 0.0395182, 0.00604946, 0.0767318, 1004.12, 6592.99, 10, 2e-20, 3e-20, 2e-20, 2e-20, -1
0.746012, -0.442735, 1.29988, 0.05, -0.0138135, -0.133992, 0.0625141, 0.148501, 998.431, -2510.92, 10, 2e-20, 3e-20, 2e-20, 2e-20, -1
0.769008, -0.375599, 1.18775, 0.05, -0.157912, 0.168477, -0.0685741, 0.24088, 1001.98, 3169.5, 10, 2e-20, 3e-20, 2e-20, 2e-20, -1
1.01424, -0.355141, 1.41112, 0.05, 0.212197, 0.0970984, -0.26764, 0.355087, 1001.47, 2345, 10, 2e-20, 3e-20, 2e-20, 2e-20, -1
0.526255, -0.334888, 1.26389, 0.05, -0.198929, 0.09611, -0.0474473, 0.225967, 1000.8, 1273.28, 10, 2e-20, 3e-20, 2e-20, 2e-20, -1
0.589446, -0.404347, 1.25336, 0.05, -0.203083, -0.0281246, -0.00727418, 0.205151, 999.802, -317.154, 10, 2e-20, 3e-20, 2e-20, 2e-20, -1
0.755528, -0.260873, 1.29425, 0.05, -0.188852, 0.089895, -0.0589697, 0.21731, 999.611, -621.807, 10, 2e-20, 3e-20, 2e-20, 2e-20, -1
0.815543, -0.366629, 1.36779, 0.05, -0.326591, 0.0832565, -0.241461, 0.414605, 1001.45, 2319.86, 10, 2e-20, 3e-20, 2e-20, 2e-20, -1
0.662074, -0.30427, 1.13384, 0.05, -0.156348, -0.0088319, -0.115658, 0.194678, 1000.21, 338.713, 10, 2e-20, 3e-20, 2e-20, 2e-20, -1
0.676606, -0.439785, 1.34095, 0.05, 0.0240231, -0.0873911, -0.0197398, 0.0927576, 1000.71, 1128.38, 10, 2e-20, 3e-20, 2e-20, 2e-20, -1
0.873285, -0.327478, 1.30192, 0.05, -0.257276, 0.0534557, -0.243499, 0.358246, 1003.05, 4877.86, 10, 2e-20, 3e-20, 2e-20, 2e-20, -1
0.600174, -0.201453, 1.25944, 0.05, -0.232747, 0.038648, -0.0657432, 0.244923, 1001.09, 1738.58, 10, 2e-20, 3e-20, 2e-20, 2e-20, -1
0.63224, -0.307071, 1.23962, 0.05, -0.145288, 0.00723458, -0.174042, 0.226829, 1000.34, 545.516, 10, 2e-20, 3e-20, 2e-20, 2e-20, -1
0.942948, -0.49317, 0.051382, 0.05, 0.0106571, -0.0196798, -0.0370158, 0.0432555, 1012.14, 19431.1, 10, 2e-20, 3e-20, 2e-20, 2e-20, -1
0.995007, -0.494341, 0.0582109, 0.05, 0.0267059, 0.143785, 0.0278723, 0.148877, 1015.26, 24413.5, 10, 2e-20, 3e-20, 2e-20, 2e-20, -1
0.945755, -0.497497, 0.220808, 0.05, 0.160154, 0.133687, 0.203557, 0.291474, 1015, 24002.3, 10, 2e-20, 3e-20, 2e-20, 2e-20, -1
0.93995, -0.433453, 0.288611, 0.05, 0.0435507, 0.0158976, 0.195798, 0.201212, 1006.17, 9871.85, 10, 2e-20, 3e-20, 2e-20, 2e-20, -1
0.937967, -0.464142, 0.174832, 0.05, -0.108401, -0.0502366, -0.150384, 0.192068, 1004.77, 7638.24, 10, 2e-20, 3e-20, 2e-20, 2e-20, -1
0.912792, -0.400031, 0.217905, 0.05, 0.115139, 0.00259791, 0.00820272, 0.11546, 1000.41, 656.895, 10, 2e-20, 3e-20, 2e-20, 2e-20, -1
0.938587, -0.392337, 0.40544, 0.05, -0.0564089, -0.0592973, 0.0312571, 0.0876079, 999.915, -136.564, 10, 2e-20, 3e-20, 2e-20, 2e-20, -1
1.00133, -0.366702, 0.520765, 0.05, 0.0411754, 0.105503, 0.247247, 0.271951, 1008.46, 13533.6, 10, 2e-20, 3e-20, 2e-20, 2e-20, -1
0.930717, -0.437233, 0.521108, 0.05, 0.0438352, -0.0144812, 0.207133, 0.212215, 1004.29, 6871.84, 10, 2e-20, 3e-20, 2e-20, 2e-20, -1
0.938987, -0.441669, 0.564879, 0.05, 0.0609414, 0.0192327, 0.202068, 0.211932, 1002.23, 3566.57, 10, 2e-20, 3e-20, 2e-20, 2e-20, -1
0.927616, -0.444344, 0.72822, 0.05, 0.059982, 0.0822054, 0.143268, 0.175731, 1004.59, 7351.42, 10, 2e-20, 3e-20, 2e-20, 2e-20, -1
0.944598, -0.422805, 0.595511, 0.05, 0.00201419, 0.0222309, 0.165242, 0.166743, 1003.59, 5747.7, 10, 2e-20, 3e-20, 2e-20, 2e-20, -1
0.933709, -0.391611, 0.730803, 0.05, -0.118748, -0.112242, 0.0583133, 0.173493, 1003.05, 4879.8, 10, 2e-20, 3e-20, 2e-20, 2e-20, -1
0.94044, -0.368782, 0.767159, 0.05, 0.0484431, -0.156539, 0.0812765, 0.182912, 999.635, -583.953, 10, 2e-20, 3e-20, 2e-20, 2e-20, -1
0.951558, -0.366031, 0.815034, 0.05, 0.0146991, 0.06141, 0.142316, 0.155696, 999.441, -894.349, 10, 2e-20, 3e-20, 2e-20, 2e-20, -1
0.902555, -0.341208, 0.694797, 0.05, -0.0638144, -0.00875928, 0.0556925, 0.0851508, 1004.32, 6918.24, 10, 2e-20, 3e-20, 2e-20, 2e-20, -1
0.939994, -0.34038, 0.757462, 0.05, 0.1089, 0.0400829, 0.116645, 0.164536, 1001.45, 2322.43, 10, 2e-20, 3e-20, 2e-20, 2e-20, -1
0.861793, -0.443386, 0.731021, 0.05, -0.0572108, 0.0294446, 0.14932, 0.162593, 1002.94, 4699.84, 10, 2e-20, 3e-20, 2e-20, 2e-20, -1
0.891675, -0.354428, 0.74216, 0.05, -0.0738951, -0.116737, -0.0259371, 0.140573, 1001.12, 1791.63, 10, 2e-20, 3e-20, 2e-20, 2e-20, -1
0.942215, -0.424806, 0.894557, 0.05, 0.0493446, -0.0889623, 0.0653188, 0.120896, 1001.2, 1912.49, 10, 2e-20, 3e-20, 2e-20, 2e-20, -1
0.912554, -0.391657, 0.798309, 0.05, -0.0486221, 0.026048, 0.0632236, 0.0839036, 1004.03, 6442.19, 10, 2e-20, 3e-20, 2e-20, 2e-20, -1
0.910162, -0.455834, 0.91055, 0.05, 0.0152793, -0.0717431, 0.132238, 0.15122, 1000.66, 1050.25, 10, 2e-20, 3e-20, 2e-20, 2e-20, -1
0.926487, -0.383297, 0.85203, 0.05, 0.0238704, 0.022459, 0.0258432, 0.0417381, 1002.51, 4019.24, 10, 2e-20, 3e-20, 2e-20, 2e-20, -1
1.00237, -0.396275, 1.05923, 0.05, 0.0587295, 0.0425163, 0.127211, 0.146422, 998.598, -2243.78, 10, 2e-20, 3e-20, 2e-20, 2e-20, -1
1.0016, -0.285231, 1.05839, 0.05, 0.0232447, 0.0127607, 0.14247, 0.144917, 998.981, -1630.03, 10, 2e-20, 3e-20, 2e-20, 2e-20, -1
1.00447, -0.339615, 1.06426, 0.05, 0.0949404, -0.0465564, 0.136408, 0.172593, 1002.36, 3781.4, 10, 2e-20, 3e-20, 2e-20, 2e-20, -1
0.963469, -0.373269, 1.05381, 0.05, 0.157223, 0.0155339, 0.0112239, 0.158387, 999.817, -293.572, 10, 2e-20, 3e-20, 2e-20, 2e-20, -1
0.940835, -0.4459, 1.18813, 0.05, 0.0595779, -0.0241058, 0.279011, 0.286318, 1000.36, 583.582, 10, 2e-20, 3e-20, 2e-20, 2e-20, -1
0.915439, -0.364378, 0.950072, 0.05, -0.0221715, 0.0169559, 0.0464106, 0.0541574, 1002.07, 3312.58, 10, 2e-20, 3e-20, 2e-20, 2e-20, -1
0.939762, -0.42337, 1.08479, 0.05, -0.0362634, 0.0920598, 0.0806408, 0.127644, 1001.12, 1798.16, 10, 2e-20, 3e-20, 2e-20, 2e-20, -1
0.906017, -0.466149, 1.1626, 0.05, -0.135027, -0.0301104, 0.171701, 0.2205, 1000.23, 372.602, 10, 2e-20, 3e-20, 2e-20, 2e-20, -1
0.881198, -0.432013, 1.17163, 0.05, -0.0509061, 0.100651, -0.084135, 0.140715, 1003.39, 5424.13, 10, 2e-20, 3e-20, 2e-20, 2e-20, -1
0.840019, -0.435996, 1.14744, 0.05, -0.0790116, 0.151459, -0.0887942, 0.192528, 1002.07, 3305.77, 10, 2e-20, 3e-20, 2e-20, 2e-20, -1
0.76258, -0.45347, 1.12412, 0.05, -0.0165549, -0.0184438, 0.0750571, 0.0790431, 1003.49, 5590.72, 10, 2e-20, 3e-20, 2e-20, 2e-20, -1
0.807375, -0.40106, 1.07366, 0.05, -0.181338, -0.0390855, 0.0356377, 0.188894, 998.976, -1638.78, 10, 2e-20, 3e-20, 2e-20, 2e-20, -1
0.902031, -0.354587, 1.06223, 0.05, -0.0266215, 0.0818701, 0.0156771, 0.0875054, 1000.9, 1443.84, 10, 2e-20, 3e-20, 2e-20, 2e-20, -1
0.794065, -0.451642, 1.17539, 0.05, -0.165889, -0.0777129, -0.142269, 0.231946, 997.747, -3604.24, 10, 2e-20, 3e-20, 2e-20, 2e-20, -1
0.950568, -0.362753, 1.14943, 0.05, -0.0350439, 0.150286, -0.0954926, 0.181474, 995.96, -6464.79, 10, 2e-20, 3e-20, 2e-20, 2e-20, -1
0.882003, -0.385623, 1.15954, 0.05, -0.0686578, -0.0362221, -0.0641048, 0.100674, 999.693, -490.579, 10, 2e-20, 3e-20, 2e-20, 2e-20, -1
0.798682, -0.437511, 1.12265, 0.05, -0.171657, -0.0920879, 0.0715844, 0.207535, 1000.6, 958.785, 10, 2e-20, 3e-20, 2e-20, 2e-20, -1
0.816534, -0.366529, 1.09124, 0.05, -0.079243, 0.032398, -0.0641488, 0.106977, 1003.08, 4922.43, 10, 2e-20, 3e-20, 2e-20, 2e-20, -1
0.768312, -0.34509, 1.0872, 0.05, -0.081935, 0.0321113, -0.160831, 0.183334, 997.344, -4249.58, 10, 2e-20, 3e-20, 2e-20, 2e-20, -1
0.823129, -0.305269, 1.17681, 0.05, -0.200475, 0.127932, -0.131052, 0.271535, 996.068, -6291.29, 10, 2e-20, 3e-20, 2e-20, 2e-20, -1
0.842465, -0.44633, 1.24475, 0.05, -0.195654, 0.112077, -0.126505, 0.258544, 998.653, -2154.96, 10, 2e-20, 3e-20, 2e-20, 2e-20, -1
0.676216, -0.343866, 1.11379, 0.05, -0.140151, -0.00125152, -0.160299, 0.212931, 1000.91, 1455.39, 10, 2e-20, 3e-20, 2e-20, 2e-20, -1
0.820487, -0.452232, 1.20177, 0.05, 0.00034785, 0.00537426, 0.0402069, 0.040566, 998.591, -2254.46, 10, 2e-20, 3e-20, 2e-20, 2e-20, -1
0.731265, -0.357318, 1.12271, 0.05, -0.0175126, 0.0146376, -0.156824, 0.158476, 999.288, -1138.8, 10, 2e-20, 3e-20, 2e-20, 2e-20, -1
0.627088, -0.357312, 1.22291, 0.05, -0.201842, 0.0139388, 0.0289107, 0.204378, 996.655, -5352.28, 10, 2e-20, 3e-20, 2e-20, 2e-20, -1
0.622152, -0.222811, 1.22123, 0.05, -0.0838931, -0.0889495, -0.0411342, 0.129004, 997.32, -4287.68, 10, 2e-20, 3e-20, 2e-20, 2e-20, -1
0.715578, -0.258873, 1.20276, 0.05, -0.107435, -0.0763229, -0.160389, 0.207586, 1000.26, 413.422, 10, 2e-20, 3e-20, 2e-20, 2e-20, -1
0.647904, -0.180631, 1.30561, 0.05, -0.0426099, -0.0074462, 0.0609821, 0.0747654, 1006.51, 10418.3, 10, 2e-20, 3e-20, 2e-20, 2e-20, -1
0.991932, -0.443086, 0.200758, 0.05, 0.0198357, -0.0553988, 0.171131, 0.180965, 1013.03, 20855, 10, 2e-20, 3e-20, 2e-20, 2e-20, -1
0.999378, -0.438759, 0.150364, 0.05, 0.0718338, -0.156764, 0.135619, 0.21938, 1012.6, 20167.3, 10, 2e-20, 3e-20, 2e-20, 2e-20, -1
0.936825, -0.50444, 0.161399, 0.05, -0.190387, -0.0649484, 0.0823426, 0.217361, 1008.41, 13459, 10, 2e-20, 3e-20, 2e-20, 2e-20, -1
0.944557, -0.389758, 0.240648, 0.05, -0.0224002, -0.0673112, -0.012202, 0.0719823, 1012.31, 19688.2, 10, 2e-20, 3e-20, 2e-20, 2e-20, -1
0.940629, -0.379183, 0.349879, 0.05, -0.0791077, 0.0748581, 0.00704936, 0.10914, 1006.58, 10528.2, 10, 2e-20, 3e-20, 2e-20, 2e-20, -1
0.934494, -0.388813, 0.295573, 0.05, 0.10031, -0.00561692, 0.0325759, 0.105617, 1008.35, 13353.5, 10, 2e-20, 3e-20, 2e-20, 2e-20, -1
0.937106, -0.35213, 0.382524, 0.05, -0.0463012, 0.0102865, 0.12609, 0.134716, 998.202, -2876.83, 10, 2e-20, 3e-20, 2e-20, 2e-20, -1
0.949371, -0.365501, 0.471097, 0.05, -0.100675, 0.15999, 0.217079, 0.287846, 1003.93, 6295.99, 10, 2e-20, 3e-20, 2e-20, 2e-20, -1
0.999958, -0.318692, 0.569394, 0.05, -0.019369, 0.0655936, 0.144057, 0.159468, 1009.56, 15303, 10, 2e-20, 3e-20, 2e-20, 2e-20, -1
0.947807, -0.324284, 0.470484, 0.05, 0.0298398, 0.0381155, 0.00290201, 0.0484935, 1002.95, 4726.02, 10, 2e-20, 3e-20, 2e-20, 2e-20, -1
0.998377, -0.40705, 0.644425, 0.05, 0.095338, -0.0255438, 0.105462, 0.144444, 1002.67, 4276.13, 10, 2e-20, 3e-20, 2e-20, 2e-20, -1
1.002, -0.37175, 0.594275, 0.05, 0.0188164, 0.109304, 0.0808247, 0.137238, 1005.87, 9399.62, 10, 2e-20, 3e-20, 2e-20, 2e-20, -1
0.955149, -0.330502, 0.567669, 0.05, 0.0306481, 0.00591851, 0.0789683, 0.0849136, 1006.53, 10450.7, 10, 2e-20, 3e-20, 2e-20, 2e-20, -1
1.0006, -0.335488, 0.638167, 0.05, -0.00922896, 0.00142593, 0.0394105, 0.0405018, 1005.66, 9052.43, 10, 2e-20, 3e-20, 2e-20, 2e-20, -1
0.954459, -0.375834, 0.657978, 0.05, -0.0699775, -0.0675151, 0.0391027, 0.104805, 1000.52, 835.661, 10, 2e-20, 3e-20, 2e-20, 2e-20, -1
0.94252, -0.333057, 0.638175, 0.05, -0.00200503, -0.0416619, 0.0681917, 0.0799364, 1004.29, 6861.15, 10, 2e-20, 3e-20, 2e-20, 2e-20, -1
0.945933, -0.305943, 0.722664, 0.05, 0.0195598, 0.152851, 0.0702848, 0.169369, 1004.01, 6414.2, 10, 2e-20, 3e-20, 2e-20, 2e-20, -1
1.00228, -0.346092, 0.829738, 0.05, -0.0696718, 0.0591057, -0.0168513, 0.0929064, 1002.34, 3743.56, 10, 2e-20, 3e-20, 2e-20, 2e-20, -1
0.980822, -0.3171, 0.807735, 0.05, -0.0125909, -0.0454975, 0.0550513, 0.0725204, 1001.44, 2307.87, 10, 2e-20, 3e-20, 2e-20, 2e-20, -1
0.936561, -0.338906, 0.871077, 0.05, 0.0030779, -0.0506542, 0.0339581, 0.0610613, 1001.85, 2967.55, 10, 2e-20, 3e-20, 2e-20, 2e-20, -1
0.959433, -0.337002, 0.858526, 0.05, -0.0618788, -0.0222025, 0.0680761, 0.0946377, 1002.86, 4569.41, 10, 2e-20, 3e-20, 2e-20, 2e-20, -1
0.936558, -0.409316, 0.938319, 0.05, 0.104576, -0.0359217, 0.1163, 0.160475, 1001.13, 1814.45, 10, 2e-20, 3e-20, 2e-20, 2e-20, -1
0.995589, -0.360923, 1.00752, 0.05, -0.00951643, -0.0982886, 0.105684, 0.144638, 1001.87, 2995.58, 10, 2e-20, 3e-20, 2e-20, 2e-20, -1
0.934018, -0.325569, 0.919058, 0.05, -0.0370271, -0.0309503, 0.075165, 0.0893236, 999.578, -674.816, 10, 2e-20, 3e-20, 2e-20, 2e-20, -1
0.958246, -0.187516, 1.02551, 0.05, 0.0165415, 0.0191246, -0.0246669, 0.0353246, 995.659, -6945.69, 10, 2e-20, 3e-20, 2e-20, 2e-20, -1
0.935258, -0.282993, 0.968125, 0.05, 0.00749758, 0.00321162, 0.0166377, 0.0185295, 998.776, -1958.38, 10, 2e-20, 3e-20, 2e-20, 2e-20, -1
0.966377, -0.325081, 1.03654, 0.05, 0.039615, 0.0255775, 0.0822317, 0.0947925, 998.53, -2352.66, 10, 2e-20, 3e-20, 2e-20, 2e-20, -1
0.938996, -0.372624, 1.08378, 0.05, 0.00503078, -0.0855664, 0.0332232, 0.0919277, 1003.15, 5043.64, 10, 2e-20, 3e-20, 2e-20, 2e-20, -1
0.95558, -0.27165, 1.04792, 0.05, -0.020246, -0.0352773, -0.054429, 0.0679478, 1000.09, 136.145, 10, 2e-20, 3e-20, 2e-20, 2e-20, -1
0.929212, -0.329175, 0.984963, 0.05, 0.0529681, -0.0864298, -0.0404536, 0.109143, 1003.41, 5460.03, 10, 2e-20, 3e-20, 2e-20, 2e-20, -1
0.937154, -0.288332, 0.999472, 0.05, -0.111216, 0.107889, 0.0892795, 0.178829, 1000.42, 670.557, 10, 2e-20, 3e-20, 2e-20, 2e-20, -1
0.921807, -0.428357, 1.13704, 0.05, -0.00998589, -0.0851489, 0.0604553, 0.104904, 1002.99, 4790.02, 10, 2e-20, 3e-20, 2e-20, 2e-20, -1
0.877956, -0.434146, 1.11422, 0.05, 0.0819484, 0.0410502, -0.000480943, 0.0916564, 1002.59, 4142.12, 10, 2e-20, 3e-20, 2e-20, 2e-20, -1
0.888789, -0.396253, 1.07421, 0.05, 0.0848093, -0.0380202, 0.0460346, 0.103718, 997.178, -4515.96, 10, 2e-20, 3e-20, 2e-20, 2e-20, -1
0.847996, -0.375931, 1.04668, 0.05, -0.00313166, 0.0463803, 0.109491, 0.11895, 1001.1, 1753.32, 10, 2e-20, 3e-20, 2e-20, 2e-20, -1
1.00699, -0.334543, 1.22202, 0.05, 0.0702722, 0.0849444, 0.117505, 0.161125, 1001.62, 2594.42, 10, 2e-20, 3e-20, 2e-20, 2e-20, -1
0.844169, -0.295888, 1.23127, 0.05, -0.0431353, -0.0169212, -0.0924032, 0.10337, 1001.22, 1945.59, 10, 2e-20, 3e-20, 2e-20, 2e-20, -1
0.809565, -0.172955, 1.25115, 0.05, -0.110268, -0.0215701, -0.0345624, 0.117554, 1001.7, 2727.26, 10, 2e-20, 3e-20, 2e-20, 2e-20, -1
0.893809, -0.331552, 1.16587, 0.05, -0.00668299, 0.00734828, -0.0278148, 0.0295351, 1005.93, 9483.4, 10, 2e-20, 3e-20, 2e-20, 2e-20, -1
0.874913, -0.311363, 1.18794, 0.05, -0.0191986, 0.0842485, -0.0918721, 0.126122, 998.406, -2549.81, 10, 2e-20, 3e-20, 2e-20, 2e-20, -1
0.538938, -0.177993, 1.24256, 0.05, -0.123034, -0.126859, 0.0612913, 0.187048, 1000.67, 1076.81, 10, 2e-20, 3e-20, 2e-20, 2e-20, -1
0.755701, -0.250558, 1.10942, 0.05, -0.180945, 0.0737935, -0.0238221, 0.196861, 1005.33, 8533.2, 10, 2e-20, 3e-20, 2e-20, 2e-20, -1
0.830357, -0.352179, 1.15629, 0.05, -0.0999699, -0.0347108, -0.0936388, 0.141305, 1003.68, 5891.69, 10, 2e-20, 3e-20, 2e-20, 2e-20, -1
0.782119, -0.327693, 1.17854, 0.05, -0.0548455, 0.042948, -0.196656, 0.208629, 1003.55, 5672.33, 10, 2e-20, 3e-20, 2e-20, 2e-20, -1
0.712947, -0.291895, 1.1068, 0.05, -0.124927, 0.00989536, -0.19257, 0.229756, 1001.64, 2628.94, 10, 2e-20, 3e-20, 2e-20, 2e-20, -1
0.798595, -0.369808, 1.2089, 0.05, -0.105823, -0.0541804, -0.134592, 0.17958, 1001.4, 2245.91, 10, 2e-20, 3e-20, 2e-20, 2e-20, -1
0.765351, -0.296805, 1.09079, 0.05, -0.137941, -0.0231485, -0.193148, 0.238474, 998.743, -2011.2, 10, 2e-20, 3e-20, 2e-20, 2e-20, -1
-0.824375, 0.472127, 0.0107308, 0.05, -1.26667, 0.927999, -0.0276536, 1.57047, 962.996, -59206.9, 10, 2e-20, 3e-20, 2e-20, 2e-20, -1
0.696528, -0.289015, 1.15859, 0.05, -0.0589733, 0.079769, -0.0631492, 0.117596, 999.128, -1395.01, 10, 2e-20, 3e-20, 2e-20, 2e-20, -1
0.507719, -0.0893335, 1.37341, 0.05, -0.0851964, 0.0819455, 0.165498, 0.203379, 1000.64, 1027.85, 10, 2e-20, 3e-20, 2e-20, 2e-20, -1
0.45371, -0.108226, 1.403, 0.05, -0.139855, 0.235817, 0.178004, 0.326886, 1002.62, 4197.01, 10, 2e-20, 3e-20, 2e-20, 2e-20, -1
0.944967, -0.254877, 0.0460977, 0.05, -0.0867933, 0.13155, 0.0712334, 0.172953, 1007.85, 12558.1, 10, 2e-20, 3e-20, 2e-20, 2e-20, -1
0.955182, -0.435735, 0.0899529, 0.05, 0.0435368, 0.08787, 0.00566397, 0.0982276, 1005.09, 8140.4, 10, 2e-20, 3e-20, 2e-20, 2e-20, -1
1.0007, -0.380424, 0.124658, 0.05, 0.14956, 0.093733, -0.153619, 0.233993, 1007.93, 12691, 10, 2e-20, 3e-20, 2e-20, 2e-20, -1
0.948852, -0.419683, 0.176907, 0.05, -0.0059816, -0.0905625, 0.0971131, 0.132922, 1008.96, 14333.2, 10, 2e-20, 3e-20, 2e-20, 2e-20, -1
0.973871, -0.340645, 0.233995, 0.05, 0.0163773, 0.0482997, 0.140074, 0.149069, 1002.99, 4780.14, 10, 2e-20, 3e-20, 2e-20, 2e-20, -1
0.930442, -0.340456, 0.208222, 0.05, -0.0310502, -0.0712039, 0.0395157, 0.0871528, 1007.26, 11611.5, 10, 2e-20, 3e-20, 2e-20, 2e-20, -1
0.953022, -0.302844, 0.264736, 0.05, 0.107368, 0.101629, -0.00620792, 0.14797, 1005.98, 9571.42, 10, 2e-20, 3e-20, 2e-20, 2e-20, -1
0.955842, -0.34428, 0.304969, 0.05, 0.0115847, -0.0365977, 0.10471, 0.111525, 1007.13, 11415.8, 10, 2e-20, 3e-20, 2e-20, 2e-20, -1
0.9437, -0.345723, 0.42894, 0.05, -0.00188553, -0.109835, 0.103624, 0.151013, 1003.92, 6275.19, 10, 2e-20, 3e-20, 2e-20, 2e-20, -1
0.940867, -0.298188, 0.513556, 0.05, -0.112258, -0.00875037, 0.0543465, 0.125028, 1004.01, 6409.86, 10, 2e-20, 3e-20, 2e-20, 2e-20, -1
0.908316, -0.270467, 0.405466, 0.05, 0.211155, 0.0942869, 0.0146563, 0.231714, 1006.42, 10264.8, 10, 2e-20, 3e-20, 2e-20, 2e-20, -1
0.935883, -0.275627, 0.470013, 0.05, 0.018874, 0.062561, -0.0762193, 0.100397, 1002.43, 3885.35, 10, 2e-20, 3e-20, 2e-20, 2e-20, -1
0.897537, -0.319944, 0.440817, 0.05, -0.0465026, 0.141002, 0.0572624, 0.159132, 1005.97, 9554.58, 10, 2e-20, 3e-20, 2e-20, 2e-20, -1
0.929985, -0.248333, 0.496149, 0.05, 0.0505663, 0.0527708, 0.0214952, 0.0761824, 1002.98, 4763.12, 10, 2e-20, 3e-20, 2e-20, 2e-20, -1
0.929696, -0.283687, 0.581672, 0.05, -0.0189355, -0.0322825, -0.0316502, 0.0490147, 1002.83, 4528.1, 10, 2e-20, 3e-20, 2e-20, 2e-20, -1
0.920499, -0.327287, 0.589194, 0.05, -0.0311255, -0.0188579, 0.0464929, 0.0590424, 1003.34, 5349.19, 10, 2e-20, 3e-20, 2e-20, 2e-20, -1
0.895175, -0.299119, 0.47836, 0.05, -0.0108404, 0.00488172, 0.210743, 0.211078, 1003.78, 6042.59, 10, 2e-20, 3e-20, 2e-20, 2e-20, -1
0.938925, -0.263865, 0.695573, 0.05, -0.0235593, -0.00985477, 0.0856911, 0.0894154, 1003.13, 5005.61, 10, 2e-20, 3e-20, 2e-20, 2e-20, -1
0.884031, -0.298299, 0.573092, 0.05, -0.0172002, -0.0049461, -0.0381851, 0.0421712, 1006.55, 10481.9, 10, 2e-20, 3e-20, 2e-20, 2e-20, -1
0.866849, -0.275076, 0.615865, 0.05, -0.0190483, -0.0394411, 0.0551744, 0.0704461, 1001.8, 2882.23, 10, 2e-20, 3e-20, 2e-20, 2e-20, -1
0.937997, -0.314618, 0.672801, 0.05, 0.0440026, 0.107935, 0.0782001, 0.140362, 1003.57, 5708.75, 10, 2e-20, 3e-20, 2e-20, 2e-20, -1
1.00265, -0.27324, 0.82602, 0.05, 0.0170164, 0.0590416, 0.0350027, 0.0707153, 1000.58, 925.934, 10, 2e-20, 3e-20, 2e-20, 2e-20, -1
0.956665, -0.292887, 0.901725, 0.05, -0.00155663, -0.0180229, 0.132486, 0.133716, 1002.37, 3796.09, 10, 2e-20, 3e-20, 2e-20, 2e-20, -1
0.945894, -0.271082, 0.808037, 0.05, -0.0271144, -0.0279588, -0.0143362, 0.0415019, 1000.49, 778.755, 10, 2e-20, 3e-20, 2e-20, 2e-20, -1
0.927778, -0.286042, 0.853033, 0.05, 0.104512, 0.0451736, 0.0315557, 0.118149, 999.427, -916.313, 10, 2e-20, 3e-20, 2e-20, 2e-20, -1
0.887938, -0.26724, 0.839195, 0.05, -0.105311, 0.0904243, -0.00076962, 0.138808, 1003.92, 6273.25, 10, 2e-20, 3e-20, 2e-20, 2e-20, -1
0.890247, -0.301725, 0.882776, 0.05, -0.00213726, -0.00461996, 0.165391, 0.165469, 1002.93, 4688.14, 10, 2e-20, 3e-20, 2e-20, 2e-20, -1
0.952963, -0.338057, 0.958747, 0.05, 0.00242887, -0.120707, 0.0127722, 0.121406, 1000.54, 857.094, 10, 2e-20, 3e-20, 2e-20, 2e-20, -1
0.947765, -0.23165, 1.04258, 0.05, 0.0461252, -0.116603, 0.0795796, 0.148515, 1004.53, 7245.84, 10, 2e-20, 3e-20, 2e-20, 2e-20, -1
0.883045, -0.315458, 0.94778, 0.05, -0.0519082, 0.0300345, 0.0679004, 0.0905925, 1000.67, 1064.25, 10, 2e-20, 3e-20, 2e-20, 2e-20, -1
0.907466, -0.250648, 0.994275, 0.05, 0.0668518, -0.0555387, 0.0667548, 0.10959, 1000.45, 724.989, 10, 2e-20, 3e-20, 2e-20, 2e-20, -1
0.893312, -0.199094, 0.985389, 0.05, -0.0196365, 0.0904508, 0.054217, 0.107268, 1000.83, 1335.21, 10, 2e-20, 3e-20, 2e-20, 2e-20, -1
0.93802, -0.182998, 1.20027, 0.05, 0.0315541, 0.0901637, 0.185149, 0.208339, 999.553, -715.969, 10, 2e-20, 3e-20, 2e-20, 2e-20, -1
0.936818, -0.252417, 1.09456, 0.05, -0.0250506, 0.0679653, -0.0469532, 0.0863216, 997.633, -3786.83, 10, 2e-20, 3e-20, 2e-20, 2e-20, -1
0.919346, -0.229859, 1.0888, 0.05, -0.0971603, 0.0635774, 0.121514, 0.168071, 1000.31, 502.116, 10, 2e-20, 3e-20, 2e-20, 2e-20, -1
0.948457, -0.249054, 1.13332, 0.05, 0.0320888, 0.113592, 0.01348, 0.118805, 993.157, -10948.8, 10, 2e-20, 3e-20, 2e-20, 2e-20, -1
0.939366, -0.34254, 1.10952, 0.05, 0.0281532, 0.0100379, 0.0663532, 0.0727744, 1002.77, 4430.1, 10, 2e-20, 3e-20, 2e-20, 2e-20, -1
0.920242, -0.329079, 1.03116, 0.05, -0.0988273, 0.0983232, 0.0933684, 0.167785, 1002.96, 4734.3, 10, 2e-20, 3e-20, 2e-20, 2e-20, -1
0.894505, -0.305632, 1.07878, 0.05, -0.0174184, -0.0809134, 0.00329691, 0.0828326, 995.282, -7548.14, 10, 2e-20, 3e-20, 2e-20, 2e-20, -1
0.936416, -0.276881, 1.2914, 0.05, -0.119332, 0.0433093, -0.0536931, 0.137836, 1003.46, 5541.18, 10, 2e-20, 3e-20, 2e-20, 2e-20, -1
0.873132, -0.268135, 1.19213, 0.05, -0.0688731, 0.0470719, -0.108815, 0.137113, 998.228, -2835.88, 10, 2e-20, 3e-20, 2e-20, 2e-20, -1
0.823366, -0.235762, 1.18985, 0.05, 0.0259075, 0.0865115, -0.0291272, 0.0948885, 1003.08, 4920.29, 10, 2e-20, 3e-20, 2e-20, 2e-20, -1
0.847037, -0.211584, 1.22874, 0.05, -0.307168, -0.0457012, -0.0166604, 0.310996, 998.918, -1731.64, 10, 2e-20, 3e-20, 2e-20, 2e-20, -1
0.686238, -0.216448, 1.11325, 0.05, -0.16922, -0.0529612, 0.0366786, 0.181068, 1000.73, 1175.04, 10, 2e-20, 3e-20, 2e-20, 2e-20, -1
0.733629, -0.215988, 1.0976, 0.05, -0.0360142, -0.0482525, -0.141523, 0.153799, 999.879, -193.204, 10, 2e-20, 3e-20, 2e-20, 2e-20, -1
0.64621, -0.168592, 1.22743, 0.05, -0.0813985, -0.0286772, -0.0724052, 0.112653, 1000.81, 1293.34, 10, 2e-20, 3e-20, 2e-20, 2e-20, -1
0.664671, -0.110928, 1.22256, 0.05, -0.0497831, -0.0199075, -0.00394385, 0.0537608, 1000.83, 1330.96, 10, 2e-20, 3e-20, 2e-20, 2e-20, -1
0.635022, -0.144657, 1.20215, 0.05, -0.15202, 0.0687595, -0.0377, 0.171053, 1003.42, 5478.61, 10, 2e-20, 3e-20, 2e-20, 2e-20, -1
0.623038, -0.110147, 1.22878, 0.05, -0.156532, 0.022372, -0.0131403, 0.158668, 999.971, -46.3082, 10, 2e-20, 3e-20, 2e-20, 2e-20, -1
0.626773, -0.124128, 1.26983, 0.05, -0.14172, 0.0546156, -0.147965, 0.21204, 997.573, -3882.45, 10, 2e-20, 3e-20, 2e-20, 2e-20, -1
0.465685, -0.0574158, 1.39105, 0.05, -0.154816, 0.109904, 0.09464, 0.212141, 999.849, -241.983, 10, 2e-20, 3e-20, 2e-20, 2e-20, -1
0.997429, -0.252266, 0.0551526, 0.05, 0.0120765, -0.058206, 0.122166, 0.135861, 1013.88, 22200.2, 10, 2e-20, 3e-20, 2e-20, 2e-20, -1
0.997924, -0.274262, 0.179592, 0.05, -0.000505157, 0.0439696, -0.0102826, 0.0451587, 1013.41, 21448.4, 10, 2e-20, 3e-20, 2e-20, 2e-20, -1
0.999915, -0.310175, 0.238395, 0.05, -0.0128618, 0.106448, -0.0289018, 0.111049, 1009.19, 14709.5, 10, 2e-20, 3e-20, 2e-20, 2e-20, -1
0.945673, -0.380241, 0.179182, 0.05, 0.0797486, -0.202302, 0.0885828, 0.234804, 1009.47, 15154.2, 10, 2e-20, 3e-20, 2e-20, 2e-20, -1
0.974596, -0.265318, 0.235308, 0.05, -0.0462581, -0.0171667, -0.0380898, 0.0623325, 1003.07, 4914.64, 10, 2e-20, 3e-20, 2e-20, 2e-20, -1
1.0042, -0.228873, 0.233178, 0.05, -0.156011, 0.00130143, 0.0970742, 0.183752, 1007.62, 12194.5, 10, 2e-20, 3e-20, 2e-20, 2e-20, -1
0.946925, -0.285343, 0.374834, 0.05, 0.00975914, -0.0433133, 0.0967798, 0.106478, 1009.42, 15068.3, 10, 2e-20, 3e-20, 2e-20, 2e-20, -1
0.909106, -0.315339, 0.393645, 0.05, 0.0555664, -0.00171443, 0.075166, 0.0934906, 1006.25, 9992.11, 10, 2e-20, 3e-20, 2e-20, 2e-20, -1
0.938808, -0.217057, 0.408311, 0.05, -0.0793173, -0.0270376, 0.118822, 0.145399, 1001.97, 3150.44, 10, 2e-20, 3e-20, 2e-20, 2e-20, -1
0.928076, -0.234214, 0.315644, 0.05, 0.0916502, -0.0647187, -0.0472701, 0.121749, 1002.84, 4536.07, 10, 2e-20, 3e-20, 2e-20, 2e-20, -1
0.937422, -0.208183, 0.336498, 0.05, -0.0439396, -0.0682945, -0.0149511, 0.0825733, 1004.87, 7785.27, 10, 2e-20, 3e-20, 2e-20, 2e-20, -1
0.919069, -0.248921, 0.361243, 0.05, 0.0859321, 0.00916615, 0.0260094, 0.0902487, 1000.46, 743.487, 10, 2e-20, 3e-20, 2e-20, 2e-20, -1
0.951198, -0.252835, 0.440508, 0.05, 0.0159731, 0.0235235, -0.0626312, 0.0687835, 1003.11, 4975.7, 10, 2e-20, 3e-20, 2e-20, 2e-20, -1
0.939309, -0.269757, 0.545297, 0.05, 0.0324966, 0.0479953, 0.10375, 0.118843, 1004.18, 6691.08, 10, 2e-20, 3e-20, 2e-20, 2e-20, -1
0.949911, -0.1896, 0.55735, 0.05, -0.0162323, 0.0292345, 0.194874, 0.197722, 1003.36, 5373.83, 10, 2e-20, 3e-20, 2e-20, 2e-20, -1
0.941801, -0.231381, 0.576274, 0.05, 0.0602866, 0.167892, 0.230899, 0.291782, 1004.73, 7565.01, 10, 2e-20, 3e-20, 2e-20, 2e-20, -1
0.954739, -0.198348, 0.611077, 0.05, -0.00695507, 0.0909519, 0.0151321, 0.0924641, 1006.28, 10040.6, 10, 2e-20, 3e-20, 2e-20, 2e-20, -1
0.911886, -0.288067, 0.630271, 0.05, -0.139289, 0.0608817, 0.0561044, 0.162037, 1001.32, 2114.6, 10, 2e-20, 3e-20, 2e-20, 2e-20, -1
0.958429, -0.227889, 0.879011, 0.05, -0.00475336, 0.0344117, 0.105241, 0.110826, 1001.77, 2824.98, 10, 2e-20, 3e-20, 2e-20, 2e-20, -1
0.975411, -0.281158, 0.861026, 0.05, -0.0515439, 0.0421377, 0.0456302, 0.0807123, 1000.38, 607.64, 10, 2e-20, 3e-20, 2e-20, 2e-20, -1
0.924089, -0.234655, 0.832955, 0.05, -0.00430793, 0.0690195, 0.133428, 0.150284, 1001.96, 3137.38, 10, 2e-20, 3e-20, 2e-20, 2e-20, -1
0.951841, -0.179435, 0.801056, 0.05, 0.0823557, 0.0127469, 0.0890997, 0.121999, 1000.41, 651.117, 10, 2e-20, 3e-20, 2e-20, 2e-20, -1
0.997445, -0.252297, 1.01361, 0.05, 0.00801058, -0.0980636, 0.150785, 0.180047, 1002.76, 4411.98, 10, 2e-20, 3e-20, 2e-20, 2e-20, -1
0.946075, -0.247199, 0.922562, 0.05, -0.0729141, -0.0204377, -0.0144258, 0.0770862, 1001.96, 3138.83, 10, 2e-20, 3e-20, 2e-20, 2e-20, -1
0.92502, -0.238451, 0.955657, 0.05, -0.0473685, 0.0115019, 0.0405925, 0.0634336, 1001.3, 2074.23, 10, 2e-20, 3e-20, 2e-20, 2e-20, -1
0.916591, -0.282888, 0.928815, 0.05, -0.0280132, 0.0369696, -0.122536, 0.131022, 1003.97, 6347.36, 10, 2e-20, 3e-20, 2e-20, 2e-20, -1
0.940375, -0.199421, 0.984495, 0.05, -0.0827334, -0.0633312, 0.149802, 0.182473, 998.481, -2430.77, 10, 2e-20, 3e-20, 2e-20, 2e-20, -1
0.967565, -0.172307, 0.963412, 0.05, -0.0712813, 0.0416712, 0.144266, 0.166223, 1003.21, 5133.61, 10, 2e-20, 3e-20, 2e-20, 2e-20, -1
0.960837, -0.147558, 1.00886, 0.05, 0.0498691, -0.10326, 0.0086358, 0.114996, 1003.68, 5886.1, 10, 2e-20, 3e-20, 2e-20, 2e-20, -1
0.916518, -0.164714, 0.981139, 0.05, 0.0406048, -0.0689815, 0.0336673, 0.0868371, 1001.27, 2034.61, 10, 2e-20, 3e-20, 2e-20, 2e-20, -1
0.851163, -0.161632, 0.944811, 0.05, -0.128475, -0.00892826, 0.0392368, 0.13463, 999.955, -71.9887, 10, 2e-20, 3e-20, 2e-20, 2e-20, -1
0.850974, -0.119315, 0.913486, 0.05, -0.0196458, 0.022892, -0.043579, 0.0530012, 1002.12, 3393.72, 10, 2e-20, 3e-20, 2e-20, 2e-20, -1
0.964819, -0.238934, 1.18069, 0.05, -0.133101, 0.0661678, 0.0647143, 0.162117, 998.724, -2040.95, 10, 2e-20, 3e-20, 2e-20, 2e-20, -1
0.890176, -0.167742, 1.02861, 0.05, -0.00377583, -0.0180788, 0.00885688, 0.0204828, 1000.68, 1083.65, 10, 2e-20, 3e-20, 2e-20, 2e-20, -1
0.930074, -0.276056, 1.16749, 0.05, -0.0418998, 0.00493495, 0.105998, 0.114086, 1007.53, 12048.6, 10, 2e-20, 3e-20, 2e-20, 2e-20, -1
0.895347, -0.169886, 1.16277, 0.05, 0.0641661, 0.00772742, 0.0129685, 0.065918, 1000.32, 518.861, 10, 2e-20, 3e-20, 2e-20, 2e-20, -1
0.94083, -0.308667, 1.14846, 0.05, -0.0553238, -0.0997398, -0.00302881, 0.114096, 1000.68, 1094.78, 10, 2e-20, 3e-20, 2e-20, 2e-20, -1
0.833958, -0.0943123, 1.14186, 0.05, 0.00856809, -0.0447105, -0.0113981, 0.0469293, 1000.02, 29.7341, 10, 2e-20, 3e-20, 2e-20, 2e-20, -1
0.919286, -0.224413, 1.25921, 0.05, -0.0355011, 0.284862, 0.204469, 0.352441, 1004.7, 7525.67, 10, 2e-20, 3e-20, 2e-20, 2e-20, -1
0.939935, -0.311074, 1.19616, 0.05, -0.0258311, -0.119502, -0.158748, 0.200372, 1004.17, 6667.61, 10, 2e-20, 3e-20, 2e-20, 2e-20, -1
0.971092, -0.2071, 1.33586, 0.05, -0.183981, 0.106093, -0.317676, 0.382129, 1004.38, 7008.84, 10, 2e-20, 3e-20, 2e-20, 2e-20, -1
0.923494, -0.197001, 1.24137, 0.05, -0.259071, 0.0438326, 0.0632329, 0.270254, 998.865, -1815.9, 10, 2e-20, 3e-20, 2e-20, 2e-20, -1
0.869092, -0.281255, 1.28779, 0.05, -0.33542, -0.124015, -0.146121, 0.386312, 997.468, -4051.59, 10, 2e-20, 3e-20, 2e-20, 2e-20, -1
0.878563, -0.216691, 1.2644, 0.05, -0.0552327, 0.0205415, -0.0581538, 0.0827917, 998.654, -2153.87, 10, 2e-20, 3e-20, 2e-20, 2e-20, -1
0.58672, -0.027549, 1.32124, 0.05, -0.178888, 0.0844691, 0.0427064, 0.202386, 1002.62, 4185.32, 10, 2e-20, 3e-20, 2e-20, 2e-20, -1
0.79345, -0.121477, 1.25347, 0.05, -0.276214, 0.0427361, 0.0163899, 0.27998, 1000.41, 653.057, 10, 2e-20, 3e-20, 2e-20, 2e-20, -1
0.735035, -0.079269, 1.26401, 0.05, -0.155166, -0.0455018, -0.0375295, 0.165998, 998.15, -2960.45, 10, 2e-20, 3e-20, 2e-20, 2e-20, -1
0.760558, -0.161354, 1.21678, 0.05, -0.245789, -0.00827135, -0.056813, 0.252406, 1001.06, 1700.83, 10, 2e-20, 3e-20, 2e-20, 2e-20, -1
0.70955, -0.0632777, 1.21196, 0.05, -0.161544, -0.0236233, -0.0422174, 0.168632, 996.746, -5205.6, 10, 2e-20, 3e-20, 2e-20, 2e-20, -1
0.653258, -0.0959455, 1.1892, 0.05, -0.101267, -0.0593133, 0.00247775, 0.117385, 1001.62, 2584.78, 10, 2e-20, 3e-20, 2e-20, 2e-20, -1
0.545222, -0.00723083, 1.35015, 0.05, -0.180524, -0.036548, -0.00636737, 0.184296, 998.886, -1783.1, 10, 2e-20, 3e-20, 2e-20, 2e-20, -1
0.998849, -0.178574, 0.116027, 0.05, 0.0249408, -0.00209552, -0.104194, 0.107158, 1012.91, 20648.9, 10, 2e-20, 3e-20, 2e-20, 2e-20, -1
0.995498, -0.201239, 0.0613728, 0.05, 0.0207677, 0.0884301, 0.00487454, 0.0909667, 1012.3, 19687.2, 10, 2e-20, 3e-20, 2e-20, 2e-20, -1
0.997999, -0.200358, 0.295642, 0.05, -0.103304, 0.0552536, 0.0238911, 0.119564, 1011.91, 19063.1, 10, 2e-20, 3e-20, 2e-20, 2e-20, -1
0.998797, -0.177594, 0.203587, 0.05, -0.0106749, -0.0136168, -0.0226397, 0.0284943, 1002.61, 4179.12, 10, 2e-20, 3e-20, 2e-20, 2e-20, -1
0.959487, -0.134628, 0.278499, 0.05, -0.0130008, -0.0607294, 0.0748039, 0.097225, 1005.42, 8678.16, 10, 2e-20, 3e-20, 2e-20, 2e-20, -1
0.944577, -0.175965, 0.309188, 0.05, -0.0512602, -0.0890556, 0.0455841, 0.112412, 1008.73, 13966.6, 10, 2e-20, 3e-20, 2e-20, 2e-20, -1
0.998535, -0.0232159, 0.310088, 0.05, -0.138191, -0.0697522, 0.0498346, 0.162621, 1012.15, 19443.6, 10, 2e-20, 3e-20, 2e-20, 2e-20, -1
0.976282, -0.107269, 0.342332, 0.05, 0.121112, 0.0400218, 0.0788227, 0.149943, 1003.74, 5987.14, 10, 2e-20, 3e-20, 2e-20, 2e-20, -1
0.954772, -0.151511, 0.359732, 0.05, 0.0733115, -0.0912207, 0.0171312, 0.118276, 1005.68, 9084.5, 10, 2e-20, 3e-20, 2e-20, 2e-20, -1
0.943557, -0.10153, 0.376943, 0.05, -0.0606743, -0.0955411, 0.00503765, 0.113291, 1006.57, 10513, 10, 2e-20, 3e-20, 2e-20, 2e-20, -1
0.947783, -0.14766, 0.413184, 0.05, -0.0871882, -0.022405, -0.0622265, 0.109435, 1006.49, 10376.5, 10, 2e-20, 3e-20, 2e-20, 2e-20, -1
0.934041, -0.173805, 0.372977, 0.05, -0.156383, 0.0648327, -0.0935126, 0.1934, 1007.05, 11274.9, 10, 2e-20, 3e-20, 2e-20, 2e-20, -1
0.955747, -0.184028, 0.441491, 0.05, -0.0151802, -0.0749909, 0.165475, 0.182307, 1002.15, 3447.42, 10, 2e-20, 3e-20, 2e-20, 2e-20, -1
0.962804, -0.22133, 0.523782, 0.05, 0.0591425, 0.137497, 0.0784373, 0.168984, 1000.28, 443.095, 10, 2e-20, 3e-20, 2e-20, 2e-20, -1
0.952244, -0.141815, 0.512105, 0.05, 0.0210841, -0.0166528, 0.0114002, 0.0291859, 1003.98, 6370.67, 10, 2e-20, 3e-20, 2e-20, 2e-20, -1
0.944439, -0.190238, 0.490395, 0.05, 0.0115421, 0.0445957, -0.00409054, 0.0462464, 1001.7, 2714.66, 10, 2e-20, 3e-20, 2e-20, 2e-20, -1
0.955119, -0.155512, 0.646532, 0.05, -0.00606638, -0.0214365, 0.0969925, 0.0995181, 1003.9, 6244.97, 10, 2e-20, 3e-20, 2e-20, 2e-20, -1
0.947023, -0.164598, 0.889917, 0.05, -0.0847777, 0.0448102, 0.0552482, 0.110669, 1004.88, 7808.39, 10, 2e-20, 3e-20, 2e-20, 2e-20, -1
0.999539, -0.10268, 0.664171, 0.05, -0.0496213, -0.1433, 0.100614, 0.18199, 1009.3, 14886.3, 10, 2e-20, 3e-20, 2e-20, 2e-20, -1
0.99793, -0.13822, 0.823136, 0.05, -0.0855006, -0.0122734, 0.13725, 0.162168, 997.898, -3363.54, 10, 2e-20, 3e-20, 2e-20, 2e-20, -1
0.956028, -0.125873, 0.84308, 0.05, -0.0374424, 0.0219262, -0.00789027, 0.0441015, 1001.13, 1810.49, 10, 2e-20, 3e-20, 2e-20, 2e-20, -1
0.946254, -0.190419, 0.842132, 0.05, 0.00251004, 0.0844687, 0.206165, 0.222812, 1002.72, 4359.23, 10, 2e-20, 3e-20, 2e-20, 2e-20, -1
0.926904, -0.10937, 0.795359, 0.05, -0.00774989, -0.112438, 0.0355997, 0.118193, 1000.81, 1300.37, 10, 2e-20, 3e-20, 2e-20, 2e-20, -1
0.948731, -0.148059, 0.796834, 0.05, 0.0130773, -0.0249312, 0.106729, 0.11038, 999.341, -1053.75, 10, 2e-20, 3e-20, 2e-20, 2e-20, -1
0.948203, -0.102127, 0.890916, 0.05, -0.00624708, -0.0753599, 0.0331967, 0.0825842, 1001.43, 2281.79, 10, 2e-20, 3e-20, 2e-20, 2e-20, -1
0.941441, -0.197614, 0.933157, 0.05, -0.033576, 0.0175085, -0.00849372, 0.0388077, 1006.32, 10108.6, 10, 2e-20, 3e-20, 2e-20, 2e-20, -1
0.919996, -0.0914524, 0.851347, 0.05, -0.00763985, -0.0209469, 0.0085933, 0.0238953, 1005.54, 8866.5, 10, 2e-20, 3e-20, 2e-20, 2e-20, -1
0.958396, -0.12645, 0.963449, 0.05, 0.0612956, -0.0520018, 0.155856, 0.175364, 1004.06, 6497.52, 10, 2e-20, 3e-20, 2e-20, 2e-20, -1
0.938799, -0.0948418, 0.985546, 0.05, -0.0976337, -0.037145, -0.0557932, 0.118427, 999.585, -664.516, 10, 2e-20, 3e-20, 2e-20, 2e-20, -1
0.923489, -0.116065, 1.01148, 0.05, -0.106504, -0.0903871, 0.101075, 0.172421, 1003.26, 5211.12, 10, 2e-20, 3e-20, 2e-20, 2e-20, -1
0.998956, -0.0835337, 1.20503, 0.05, 0.270494, 0.305789, 0.54471, 0.680722, 1003.42, 5479.25, 10, 2e-20, 3e-20, 2e-20, 2e-20, -1
0.892448, -0.126164, 0.952507, 0.05, -0.00420691, -0.0912352, 0.0800238, 0.121431, 1006.04, 9671.89, 10, 2e-20, 3e-20, 2e-20, 2e-20, -1
0.904491, -0.106973, 1.06017, 0.05, -0.017035, -0.0590767, -0.0111541, 0.0624873, 995.967, -6453.04, 10, 2e-20, 3e-20, 2e-20, 2e-20, -1
0.848972, -0.170517, 0.974561, 0.05, 0.0395419, -0.0724108, 0.00111243, 0.0825113, 1004.25, 6806.97, 10, 2e-20, 3e-20, 2e-20, 2e-20, -1
0.887268, -0.202963, 1.21262, 0.05, -0.0104564, -0.0304907, -0.0533718, 0.0623504, 999.733, -426.813, 10, 2e-20, 3e-20, 2e-20, 2e-20, -1
0.936716, -0.113401, 1.19914, 0.05, -0.218749, 0.184442, 0.100257, 0.303185, 1001.07, 1712.26, 10, 2e-20, 3e-20, 2e-20, 2e-20, -1
0.928769, -0.132099, 1.17945, 0.05, 0.0192293, 0.0743849, 0.229638, 0.242149, 1003.41, 5457.62, 10, 2e-20, 3e-20, 2e-20, 2e-20, -1
0.883172, -0.082318, 1.16744, 0.05, -0.0189885, 0.0137369, -0.0361838, 0.0431107, 999.466, -854.206, 10, 2e-20, 3e-20, 2e-20, 2e-20, -1
0.945003, -0.0909948, 1.30713, 0.05, 0.499903, 0.476801, -0.388236, 0.792445, 1006.28, 10043.7, 10, 2e-20, 3e-20, 2e-20, 2e-20, -1
0.892442, -0.0693338, 1.27408, 0.05, -0.160328, 0.130043, -0.084244, 0.222965, 999.759, -384.844, 10, 2e-20, 3e-20, 2e-20, 2e-20, -1
0.964632, -0.157067, 1.33857, 0.05, 0.0424616, 0.2637, -0.395708, 0.477416, 999.592, -652.802, 10, 2e-20, 3e-20, 2e-20, 2e-20, -1
0.836621, -0.058693, 1.24744, 0.05, -0.124566, 0.184934, -0.177291, 0.284868, 998.466, -2454.15, 10, 2e-20, 3e-20, 2e-20, 2e-20, -1
0.845155, -0.0909226, 1.27594, 0.05, -0.260529, 0.0448224, -0.190389, 0.32578, 1000.3, 482.662, 10, 2e-20, 3e-20, 2e-20, 2e-20, -1
0.744748, -0.107624, 1.23523, 0.05, -0.217689, -0.0209336, -0.0620474, 0.227325, 997.239, -4417.39, 10, 2e-20, 3e-20, 2e-20, 2e-20, -1
0.691179, -0.0932703, 1.23115, 0.05, -0.145354, -0.0211542, -0.0936634, 0.174207, 998.082, -3069.29, 10, 2e-20, 3e-20, 2e-20, 2e-20, -1
0.661855, -0.0414794, 1.22312, 0.05, -0.12521, -0.0268164, 0.0794975, 0.15072, 1003.39, 5425.53, 10, 2e-20, 3e-20, 2e-20, 2e-20, -1
0.620883, -0.0538055, 1.25828, 0.05, -0.21721, -0.100549, 0.00655589, 0.239443, 998.013, -3179.26, 10, 2e-20, 3e-20, 2e-20, 2e-20, -1
0.633723, -0.0548691, 1.22481, 0.05, -0.137911, -0.0377318, 0.0255945, 0.145252, 1000.33, 522.858, 10, 2e-20, 3e-20, 2e-20, 2e-20, -1
0.745448, -0.045322, 1.23618, 0.05, -0.106579, -0.0308826, -0.170026, 0.203031, 997.165, -4535.45, 10, 2e-20, 3e-20, 2e-20, 2e-20, -1
0.610234, -0.0305858, 1.27016, 0.05, -0.207421, -0.000455395, 0.0409962, 0.211434, 1001.19, 1896.74, 10, 2e-20, 3e-20, 2e-20, 2e-20, -1
0.485059, 0.0148462, 1.39028, 0.05, -0.108775, 0.0778181, 0.177973, 0.222625, 1003.54, 5670.98, 10, 2e-20, 3e-20, 2e-20, 2e-20, -1
0.945882, -0.0717134, 0.0506189, 0.05, 0.0269837, -0.0872667, 0.0055463, 0.0915115, 1018.96, 30340.6, 10, 2e-20, 3e-20, 2e-20, 2e-20, -1
0.972911, -0.114845, 0.125181, 0.05, 0.0294831, -0.0089539, -0.0211792, 0.0373896, 1004.95, 7912.3, 10, 2e-20, 3e-20, 2e-20, 2e-20, -1
0.998808, -0.0105457, 0.115764, 0.05, 0.0314361, 0.0512612, -0.0409948, 0.0727771, 1009.15, 14646.6, 10, 2e-20, 3e-20, 2e-20, 2e-20, -1
0.956139, -0.0738117, 0.110357, 0.05, 0.0366068, 0.0440589, 0.10699, 0.121359, 1008.56, 13688.3, 10, 2e-20, 3e-20, 2e-20, 2e-20, -1
0.999932, -0.0410714, 0.199776, 0.05, -0.0933448, -0.0372802, 0.00567431, 0.100674, 1011.18, 17888.4, 10, 2e-20, 3e-20, 2e-20, 2e-20, -1
0.995, 0.0555013, 0.350839, 0.05, -0.100545, 0.00753858, 0.0669513, 0.121032, 1012.37, 19799.4, 10, 2e-20, 3e-20, 2e-20, 2e-20, -1
0.996625, -0.0564274, 0.385067, 0.05, 0.0553422, -0.0955387, 0.0358361, 0.11608, 1013.72, 21946, 10, 2e-20, 3e-20, 2e-20, 2e-20, -1
0.961406, 0.00079088, 0.386284, 0.05, -0.0156833, 0.162453, 0.051562, 0.17116, 1006.38, 10212.5, 10, 2e-20, 3e-20, 2e-20, 2e-20, -1
0.956589, -0.013122, 0.436117, 0.05, 0.025104, 0.0918687, 0.00360845, 0.0953052, 1001.5, 2393.3, 10, 2e-20, 3e-20, 2e-20, 2e-20, -1
0.947468, -0.0395363, 0.354818, 0.05, -0.0092845, -0.0627863, 0.0666322, 0.0920227, 1007.63, 12200.6, 10, 2e-20, 3e-20, 2e-20, 2e-20, -1
0.998514, -0.0375914, 0.569918, 0.05, -0.0168642, -0.000841314, -0.000219548, 0.0168866, 1007.73, 12362.5, 10, 2e-20, 3e-20, 2e-20, 2e-20, -1
1.00281, -0.0235216, 0.509498, 0.05, -0.0118717, -0.0797116, 0.0180929, 0.0825968, 1008.49, 13580.3, 10, 2e-20, 3e-20, 2e-20, 2e-20, -1
1.00097, 0.0198445, 0.559145, 0.05, -0.0368209, 0.0764687, -0.0389431, 0.0933799, 1008.22, 13148.1, 10, 2e-20, 3e-20, 2e-20, 2e-20, -1
0.966089, -0.0437354, 0.482539, 0.05, -0.000784629, -0.0389939, 0.0817438, 0.0905715, 1006.51, 10410.2, 10, 2e-20, 3e-20, 2e-20, 2e-20, -1
0.995797, 0.0019595, 0.694934, 0.05, 0.0396585, 0.0635068, 0.163747, 0.180052, 1008.62, 13794.8, 10, 2e-20, 3e-20, 2e-20, 2e-20, -1
0.994052, -0.105283, 0.779348, 0.05, -0.0572588, -0.00722981, 0.204481, 0.21247, 1006.11, 9769.3, 10, 2e-20, 3e-20, 2e-20, 2e-20, -1
1.00035, -0.0458143, 0.69851, 0.05, -0.0183738, 0.0590486, 0.103484, 0.120554, 1006.05, 9685.85, 10, 2e-20, 3e-20, 2e-20, 2e-20, -1
0.950812, -0.0588247, 0.602894, 0.05, 0.041541, -0.0323352, -0.0101488, 0.0536118, 1002.54, 4059.94, 10, 2e-20, 3e-20, 2e-20, 2e-20, -1
1.00169, -0.0898314, 0.723701, 0.05, -0.05021, -0.00875516, 0.0885164, 0.102141, 1003.84, 6136.69, 10, 2e-20, 3e-20, 2e-20, 2e-20, -1
1.00201, -0.203092, 0.841009, 0.05, 0.0547773, -0.00111535, 0.0751238, 0.0929805, 1002.31, 3692.66, 10, 2e-20, 3e-20, 2e-20, 2e-20, -1
0.93745, -0.0733094, 0.810734, 0.05, 0.0588572, -0.0328638, 0.147267, 0.161963, 1000.34, 542.819, 10, 2e-20, 3e-20, 2e-20, 2e-20, -1
0.997993, -0.0399377, 1.0497, 0.05, 0.0316407, -0.0113382, 0.317094, 0.318871, 1002.87, 4589.49, 10, 2e-20, 3e-20, 2e-20, 2e-20, -1
0.947256, -0.0129067, 1.00353, 0.05, -0.125441, 0.215323, 0.0441848, 0.253084, 999.324, -1081.9, 10, 2e-20, 3e-20, 2e-20, 2e-20, -1
0.940678, -0.0523858, 0.973333, 0.05, -0.0682821, 0.103635, -0.0405086, 0.130551, 997.44, -4096.57, 10, 2e-20, 3e-20, 2e-20, 2e-20, -1
0.957807, -0.112062, 1.05578, 0.05, -0.0528557, -0.103481, 0.34306, 0.362205, 1005.92, 9470.15, 10, 2e-20, 3e-20, 2e-20, 2e-20, -1
0.950906, -0.0651194, 1.03117, 0.05, 0.0276996, 0.0437935, 0.165734, 0.173646, 1002.6, 4155.53, 10, 2e-20, 3e-20, 2e-20, 2e-20, -1
0.985384, -0.0411578, 1.09926, 0.05, -0.0170938, 0.0659034, 0.116314, 0.134775, 1000.79, 1263.42, 10, 2e-20, 3e-20, 2e-20, 2e-20, -1
0.893024, -0.0799417, 0.998836, 0.05, 0.0591166, 0.0671354, 0.0639831, 0.109981, 1000.82, 1318.48, 10, 2e-20, 3e-20, 2e-20, 2e-20, -1
0.932031, -0.0898002, 1.17421, 0.05, 0.197405, 0.0567946, 0.240105, 0.315982, 1000.96, 1528.86, 10, 2e-20, 3e-20, 2e-20, 2e-20, -1
0.926187, -0.0655164, 1.05477, 0.05, -0.136586, -0.00771725, 0.205545, 0.246909, 1001.16, 1862.63, 10, 2e-20, 3e-20, 2e-20, 2e-20, -1
0.96901, -0.0460734, 1.0858, 0.05, -0.020541, 0.0749771, 0.196986, 0.211771, 1003.07, 4911.33, 10, 2e-20, 3e-20, 2e-20, 2e-20, -1
0.873532, -0.0513419, 0.963631, 0.05, -0.019989, -0.0174811, 0.133705, 0.136317, 1004.83, 7722.53, 10, 2e-20, 3e-20, 2e-20, 2e-20, -1
0.923833, -0.0164746, 1.04921, 0.05, -0.0216184, -0.100705, 0.157389, 0.188096, 1002.26, 3612.86, 10, 2e-20, 3e-20, 2e-20, 2e-20, -1
0.873701, -0.0462076, 1.03824, 0.05, 0.142568, -0.0865724, -0.0181085, 0.167775, 1001.7, 2719.44, 10, 2e-20, 3e-20, 2e-20, 2e-20, -1
0.946754, -0.042, 1.13318, 0.05, -0.0639009, -0.0983733, 0.169862, 0.206431, 997.727, -3636.53, 10, 2e-20, 3e-20, 2e-20, 2e-20, -1
0.97161, -0.00875855, 1.22271, 0.05, 0.00120151, -0.450873, 0.41373, 0.611932, 996.831, -5071.07, 10, 2e-20, 3e-20, 2e-20, 2e-20, -1
0.931866, -0.0728774, 1.26162, 0.05, 0.456838, 0.0985765, 0.295266, 0.552811, 1000.12, 198.878, 10, 2e-20, 3e-20, 2e-20, 2e-20, -1
0.90845, -0.0137725, 1.16704, 0.05, -0.0154666, 0.00117384, -0.0921324, 0.093429, 1000.36, 578.376, 10, 2e-20, 3e-20, 2e-20, 2e-20, -1
0.919666, 0.0257094, 1.20305, 0.05, -0.0308613, -0.209176, 0.0495, 0.217158, 1001.06, 1703.58, 10, 2e-20, 3e-20, 2e-20, 2e-20, -1
0.844479, -0.00616522, 1.16052, 0.05, -0.0119233, -0.0587984, 0.0496691, 0.0778873, 997.597, -3845.29, 10, 2e-20, 3e-20, 2e-20, 2e-20, -1
0.787111, -0.0155878, 1.1443, 0.05, -0.185568, -0.10084, -0.0239335, 0.212549, 998.53, -2352.39, 10, 2e-20, 3e-20, 2e-20, 2e-20, -1
0.841224, -0.0659656, 1.2056, 0.05, -0.0510446, 0.0890674, -0.0643811, 0.121175, 1000.99, 1581.31, 10, 2e-20, 3e-20, 2e-20, 2e-20, -1
0.742537, 0.0179924, 1.18594, 0.05, -0.146028, -0.000142743, -0.0981029, 0.175922, 997.337, -4260.48, 10, 2e-20, 3e-20, 2e-20, 2e-20, -1
0.856792, -0.0437394, 1.32245, 0.05, -0.179626, 0.0617029, -0.246687, 0.311332, 1004.36, 6976.04, 10, 2e-20, 3e-20, 2e-20, 2e-20, -1
1.05203, -0.0668058, 1.32934, 0.05, 0.852365, -0.0821568, -0.0500825, 0.857779, 984.567, -24692.1, 10, 2e-20, 3e-20, 2e-20, 2e-20, -1
0.742802, -0.0145927, 1.20996, 0.05, -0.117395, 0.132581, -0.147686, 0.230587, 1000.47, 759.234, 10, 2e-20, 3e-20, 2e-20, 2e-20, -1
0.790297, 0.00385287, 1.20588, 0.05, -0.200955, 0.0751105, -0.0870125, 0.231507, 1000.66, 1062.47, 10, 2e-20, 3e-20, 2e-20, 2e-20, -1
0.8, -0.0337271, 1.22642, 0.05, -0.104948, 0.00222716, -0.0812861, 0.132765, 1003.13, 5014.18, 10, 2e-20, 3e-20, 2e-20, 2e-20, -1
0.820355, -0.0393953, 1.26054, 0.05, -0.091659, 0.0695243, -0.150854, 0.189715, 994.898, -8163.34, 10, 2e-20, 3e-20, 2e-20, 2e-20, -1
0.679672, -0.0264402, 1.2651, 0.05, -0.21874, 0.0785535, -0.0198244, 0.233261, 1005.18, 8295.46, 10, 2e-20, 3e-20, 2e-20, 2e-20, -1
0.574063, 0.0131268, 1.36974, 0.05, -0.128909, -0.0380486, 0.134424, 0.190092, 999.125, -1399.36, 10, 2e-20, 3e-20, 2e-20, 2e-20, -1
0.99885, 0.098499, 0.0459679, 0.05, -0.0448776, 0.0241691, -0.131583, 0.141111, 1007.14, 11426.3, 10, 2e-20, 3e-20, 2e-20, 2e-20, -1
0.951333, 0.199125, 0.121, 0.05, -0.104378, 0.0650245, 0.0416315, 0.129831, 1008.91, 14259.6, 10, 2e-20, 3e-20, 2e-20, 2e-20, -1
0.997397, 0.0835358, 0.184784, 0.05, 0.100859, -0.000505996, 0.092787, 0.137048, 1015.63, 25011, 10, 2e-20, 3e-20, 2e-20, 2e-20, -1
0.947423, 0.157406, 0.157101, 0.05, 0.000111687, 0.0586331, -0.0727854, 0.0934643, 1005.22, 8349.22, 10, 2e-20, 3e-20, 2e-20, 2e-20, -1
0.950789, 0.114222, 0.208025, 0.05, -0.0385247, 0.0013655, -0.0184852, 0.0427518, 1005.16, 8256.26, 10, 2e-20, 3e-20, 2e-20, 2e-20, -1
0.965696, 0.0696037, 0.272208, 0.05, 0.0354374, 0.0233257, -0.032872, 0.05367, 1008.92, 14267.5, 10, 2e-20, 3e-20, 2e-20, 2e-20, -1
0.973025, 0.117024, 0.361457, 0.05, 0.00766665, -0.0310941, 0.106304, 0.111023, 1005.64, 9024.68, 10, 2e-20, 3e-20, 2e-20, 2e-20, -1
0.945224, 0.077393, 0.32513, 0.05, -0.0645049, -0.0729827, -0.0143593, 0.0984558, 1010.66, 17053.7, 10, 2e-20, 3e-20, 2e-20, 2e-20, -1
0.936261, 0.0784103, 0.374979, 0.05, 0.00506335, 0.0141572, -0.0653789, 0.0670855, 1005.48, 8766.37, 10, 2e-20, 3e-20, 2e-20, 2e-20, -1
0.937094, 0.0402113, 0.355485, 0.05, 0.0946404, 0.065003, 0.0722746, 0.135668, 1007.41, 11860.8, 10, 2e-20, 3e-20, 2e-20, 2e-20, -1
0.94097, 0.0652573, 0.426479, 0.05, 0.141524, -0.031864, -0.0439035, 0.151565, 1006.57, 10512.9, 10, 2e-20, 3e-20, 2e-20, 2e-20, -1
0.939575, 0.0355826, 0.405717, 0.05, -0.00119597, 0.0169553, 0.0520507, 0.0547557, 1006.81, 10888.8, 10, 2e-20, 3e-20, 2e-20, 2e-20, -1
0.974043, 0.0158854, 0.513246, 0.05, 0.0551307, -0.0300062, 0.0600814, 0.086888, 1003.21, 5139.51, 10, 2e-20, 3e-20, 2e-20, 2e-20, -1
1.00209, 0.0840429, 0.630205, 0.05, 0.00451086, 0.0925445, 0.0973019, 0.13436, 1004.28, 6846.13, 10, 2e-20, 3e-20, 2e-20, 2e-20, -1
0.952827, -0.021153, 0.576833, 0.05, -0.0379933, 0.0809711, 0.0248174, 0.0928208, 1001.88, 3002.77, 10, 2e-20, 3e-20, 2e-20, 2e-20, -1
0.965497, 0.0348591, 0.541848, 0.05, -0.0303536, -0.00116819, 0.0760619, 0.0819031, 1005.77, 9232.86, 10, 2e-20, 3e-20, 2e-20, 2e-20, -1
0.940117, 0.0104456, 0.585735, 0.05, 0.0275741, 0.00746711, -0.0458569, 0.0540272, 1005.74, 9176.19, 10, 2e-20, 3e-20, 2e-20, 2e-20, -1
0.947218, -0.0224581, 0.638457, 0.05, -0.000187727, -0.0255338, 0.0610733, 0.0661964, 1002.54, 4059.5, 10, 2e-20, 3e-20, 2e-20, 2e-20, -1
0.955714, 0.0952004, 0.622663, 0.05, -0.0310544, 0.0686661, -0.0151803, 0.0768755, 1006.26, 10017.9, 10, 2e-20, 3e-20, 2e-20, 2e-20, -1
0.948632, 0.0113663, 0.675791, 0.05, 0.0238013, -0.0346585, 0.120694, 0.127807, 1005.05, 8086.32, 10, 2e-20, 3e-20, 2e-20, 2e-20, -1
0.936153, -0.0459189, 0.680861, 0.05, -0.0295064, -0.0356457, 0.0652505, 0.079993, 1000.47, 757.973, 10, 2e-20, 3e-20, 2e-20, 2e-20, -1
0.959417, -0.0639689, 0.725387, 0.05, 0.071449, 0.103377, 0.0092796, 0.126008, 999.711, -463.111, 10, 2e-20, 3e-20, 2e-20, 2e-20, -1
0.999402, -0.0483573, 0.88491, 0.05, 0.0242724, -0.0212779, 0.205745, 0.208262, 1002.21, 3531.6, 10, 2e-20, 3e-20, 2e-20, 2e-20, -1
0.999048, 0.0139358, 0.883007, 0.05, 0.0216257, -0.0125036, 0.163783, 0.165677, 1008.59, 13744.8, 10, 2e-20, 3e-20, 2e-20, 2e-20, -1
0.943607, 0.0247491, 0.92474, 0.05, -0.0119603, -0.0748283, 0.1239, 0.145236, 1005.47, 8757.9, 10, 2e-20, 3e-20, 2e-20, 2e-20, -1
0.966408, -0.0209054, 0.898103, 0.05, 0.0582236, -0.0224954, 0.141911, 0.155031, 1005.03, 8043.47, 10, 2e-20, 3e-20, 2e-20, 2e-20, -1
0.930395, -0.0285664, 0.808287, 0.05, 0.0515789, -0.0483837, 0.126805, 0.145192, 999.016, -1574.23, 10, 2e-20, 3e-20, 2e-20, 2e-20, -1
0.945264, 0.0305149, 0.87752, 0.05, 0.113881, -0.128286, -0.0103797, 0.171854, 1004.21, 6741.91, 10, 2e-20, 3e-20, 2e-20, 2e-20, -1
0.905745, 0.0834893, 0.841683, 0.05, -0.0352448, -0.0892226, -0.0633903, 0.114983, 1003.32, 5309.12, 10, 2e-20, 3e-20, 2e-20, 2e-20, -1
0.946508, 0.0668157, 0.9936, 0.05, 0.0816904, 0.00837573, 0.16648, 0.185632, 1003.2, 5116.97, 10, 2e-20, 3e-20, 2e-20, 2e-20, -1
0.957944, 0.0463302, 1.08048, 0.05, 0.00673772, 0.0892593, -0.0549471, 0.105032, 996.811, -5102.1, 10, 2e-20, 3e-20, 2e-20, 2e-20, -1
0.991008, -0.00991007, 1.18869, 0.05, 0.0870449, -0.0659514, 0.565023, 0.575481, 1006.24, 9978.92, 10, 2e-20, 3e-20, 2e-20, 2e-20, -1
0.98575, 0.0573632, 1.29586, 0.05, 0.0134468, 0.123102, 0.0515267, 0.134127, 1003.55, 5686, 10, 2e-20, 3e-20, 2e-20, 2e-20, -1
0.943825, 0.0700702, 1.22591, 0.05, -0.0753595, 0.0807291, -0.0283545, 0.114019, 1006.34, 10137.1, 10, 2e-20, 3e-20, 2e-20, 2e-20, -1
0.956078, -0.00087968, 1.10341, 0.05, -0.0586764, -0.00030488, 0.0391205, 0.0705225, 999.922, -124.261, 10, 2e-20, 3e-20, 2e-20, 2e-20, -1
0.963665, 0.0354007, 1.24979, 0.05, -0.246793, -0.308578, 0.0619573, 0.399958, 994.092, -9452.26, 10, 2e-20, 3e-20, 2e-20, 2e-20, -1
0.916431, 0.0425011, 1.27502, 0.05, -0.196694, 0.0137106, -0.186724, 0.271555, 1002.16, 3455.65, 10, 2e-20, 3e-20, 2e-20, 2e-20, -1
0.876851, -0.0131057, 1.27734, 0.05, 0.0515628, -0.203046, -0.111098, 0.237127, 1003.18, 5081.2, 10, 2e-20, 3e-20, 2e-20, 2e-20, -1
0.905649, 0.0758649, 1.2668, 0.05, -0.16471, -0.0172994, -0.144199, 0.219595, 1004.6, 7356.51, 10, 2e-20, 3e-20, 2e-20, 2e-20, -1
0.858441, 0.0816593, 1.22065, 0.05, -0.272176, -0.016716, -0.0312467, 0.274474, 994.094, -9450.04, 10, 2e-20, 3e-20, 2e-20, 2e-20, -1
0.808873, 0.079789, 1.17333, 0.05, 0.0562078, 0.0146211, -0.0989142, 0.114704, 1008.11, 12981, 10, 2e-20, 3e-20, 2e-20, 2e-20, -1
0.890951, 0.0210572, 1.24112, 0.05, -0.00917356, 0.0424078, 0.0353438, 0.0559621, 1009.76, 15621.1, 10, 2e-20, 3e-20, 2e-20, 2e-20, -1
0.753347, 0.0221817, 1.2757, 0.05, -0.141717, -0.0243615, -0.130517, 0.194195, 1001.5, 2403.89, 10, 2e-20, 3e-20, 2e-20, 2e-20, -1
0.694357, -0.00814108, 1.22467, 0.05, -0.109007, 0.064788, -0.00420035, 0.126877, 998.278, -2754.76, 10, 2e-20, 3e-20, 2e-20, 2e-20, -1
0.763753, 0.0540152, 1.30662, 0.05, -0.0988894, 0.0183644, -0.209095, 0.232028, 999.867, -212.22, 10, 2e-20, 3e-20, 2e-20, 2e-20, -1
0.809267, -0.011113, 1.18124, 0.05, 0.0401684, -0.0274254, -0.109771, 0.120064, 1004.57, 7305.01, 10, 2e-20, 3e-20, 2e-20, 2e-20, -1
0.805648, 0.0889383, 1.26167, 0.05, -0.161434, -0.112801, -0.258624, 0.325071, 1004.5, 7206.6, 10, 2e-20, 3e-20, 2e-20, 2e-20, -1
0.81077, 0.0609068, 1.21807, 0.05, -0.0291411, -0.0300375, -0.174737, 0.179679, 1001.07, 1714.95, 10, 2e-20, 3e-20, 2e-20, 2e-20, -1
0.568932, -0.00591567, 1.25758, 0.05, -0.234009, -0.0358386, 0.0561095, 0.243296, 1000.33, 527.288, 10, 2e-20, 3e-20, 2e-20, 2e-20, -1
0.645205, 0.0102156, 1.28318, 0.05, -0.206878, 0.0532258, -0.105411, 0.238208, 999.635, -584.694, 10, 2e-20, 3e-20, 2e-20, 2e-20, -1
0.470408, 0.0602186, 1.38492, 0.05, -0.261407, 0.0755722, -0.0368442, 0.274595, 1002.21, 3543.69, 10, 2e-20, 3e-20, 2e-20, 2e-20, -1
1.00042, 0.11505, 0.13292, 0.05, 0.0260311, 0.119317, 0.159343, 0.200759, 1012.78, 20443.2, 10, 2e-20, 3e-20, 2e-20, 2e-20, -1
0.995656, 0.152672, 0.0574147, 0.05, -0.0396509, 0.0807421, -0.0465389, 0.101279, 1017.25, 27595.1, 10, 2e-20, 3e-20, 2e-20, 2e-20, -1
0.997567, 0.197552, 0.156439, 0.05, -0.0126196, -0.0480432, 0.057611, 0.0760686, 1012.75, 20405.1, 10, 2e-20, 3e-20, 2e-20, 2e-20, -1
0.997289, 0.163397, 0.356968, 0.05, -0.0660613, 0.0889976, 0.141999, 0.180134, 1014.56, 23303.1, 10, 2e-20, 3e-20, 2e-20, 2e-20, -1
0.99749, 0.161495, 0.294282, 0.05, -0.0459701, -0.0280892, 0.0970785, 0.111025, 1010.47, 16754.3, 10, 2e-20, 3e-20, 2e-20, 2e-20, -1
1.0013, 0.219884, 0.331488, 0.05, -0.0696197, 0.00873943, 0.0935749, 0.11696, 1004.79, 7658.51, 10, 2e-20, 3e-20, 2e-20, 2e-20, -1
0.946794, 0.159135, 0.222401, 0.05, -0.0162103, 0.0627201, -0.038043, 0.0751256, 1006.51, 10416.3, 10, 2e-20, 3e-20, 2e-20, 2e-20, -1
1.00106, 0.274957, 0.313586, 0.05, -0.0676325, 0.058095, 0.0239707, 0.0923243, 1011.51, 18422, 10, 2e-20, 3e-20, 2e-20, 2e-20, -1
0.947297, 0.117218, 0.397835, 0.05, -0.00627085, -0.0272388, 0.0586647, 0.0649832, 1005.02, 8032.95, 10, 2e-20, 3e-20, 2e-20, 2e-20, -1
0.936754, 0.155565, 0.355796, 0.05, 0.00942205, 0.130844, 0.017993, 0.132411, 1003.25, 5196.68, 10, 2e-20, 3e-20, 2e-20, 2e-20, -1
0.949434, 0.158668, 0.413405, 0.05, 0.00446414, -0.0655278, 0.0134156, 0.0670358, 1005.69, 9109.47, 10, 2e-20, 3e-20, 2e-20, 2e-20, -1
0.937736, 0.128886, 0.323903, 0.05, 0.0360139, -0.0763716, 0.0426216, 0.0945845, 1005.67, 9079.47, 10, 2e-20, 3e-20, 2e-20, 2e-20, -1
0.940356, 0.113048, 0.446969, 0.05, 0.067204, -0.000907063, 0.0269314, 0.0724051, 1005.04, 8069.74, 10, 2e-20, 3e-20, 2e-20, 2e-20, -1
0.942383, 0.128968, 0.496004, 0.05, 0.00725616, -0.0436565, -0.107229, 0.116002, 1003.8, 6085.42, 10, 2e-20, 3e-20, 2e-20, 2e-20, -1
0.946956, 0.18128, 0.611401, 0.05, -0.015964, -0.0454309, -0.0330978, 0.0584318, 1006.85, 10957.1, 10, 2e-20, 3e-20, 2e-20, 2e-20, -1
0.949358, 0.148059, 0.543806, 0.05, 0.0301915, 0.0027567, 0.0409525, 0.0509532, 1010.66, 17049.5, 10, 2e-20, 3e-20, 2e-20, 2e-20, -1
0.943016, 0.115466, 0.57616, 0.05, 0.0259928, 0.00703043, 0.132621, 0.135327, 1004.7, 7525.24, 10, 2e-20, 3e-20, 2e-20, 2e-20, -1
0.967287, 0.13666, 0.637681, 0.05, 0.0501467, -0.126951, 0.0360731, 0.141183, 1008.77, 14028.7, 10, 2e-20, 3e-20, 2e-20, 2e-20, -1
0.953083, 0.177974, 0.660398, 0.05, 0.0625607, -0.0152841, 0.0571021, 0.0860702, 1005.26, 8417.54, 10, 2e-20, 3e-20, 2e-20, 2e-20, -1
0.919993, 0.137567, 0.660993, 0.05, -0.144448, -0.00255558, 0.082441, 0.166338, 1003.32, 5318.42, 10, 2e-20, 3e-20, 2e-20, 2e-20, -1
0.997092, 0.161833, 0.808207, 0.05, -0.0229175, -0.0896251, 0.139848, 0.167677, 1005.54, 8868.32, 10, 2e-20, 3e-20, 2e-20, 2e-20, -1
1.00006, 0.113309, 0.786758, 0.05, -0.0386626, -0.135882, 0.10269, 0.174654, 1003.94, 6307.05, 10, 2e-20, 3e-20, 2e-20, 2e-20, -1
0.993407, 0.0626717, 0.906485, 0.05, 0.0874158, -0.0507208, 0.0371128, 0.107664, 1007.59, 12137.1, 10, 2e-20, 3e-20, 2e-20, 2e-20, -1
0.952105, 0.07927, 0.822637, 0.05, -0.0222019, -0.0744232, 0.00231446, 0.0776988, 1001.23, 1967.21, 10, 2e-20, 3e-20, 2e-20, 2e-20, -1
0.964267, 0.129424, 0.890918, 0.05, 0.0320346, 0.049797, -0.0636829, 0.0869567, 1000.32, 508.546, 10, 2e-20, 3e-20, 2e-20, 2e-20, -1
0.954442, 0.0809936, 0.871544, 0.05, 0.0938305, -0.0778856, 0.0285023, 0.125231, 1001.76, 2822.7, 10, 2e-20, 3e-20, 2e-20, 2e-20, -1
0.932203, 0.117349, 0.906206, 0.05, 0.0162363, 0.0404416, 0.0148637, 0.0460442, 1001.36, 2178.58, 10, 2e-20, 3e-20, 2e-20, 2e-20, -1
0.980574, 0.108225, 0.995486, 0.05, -0.024364, -0.0246294, 0.0871191, 0.0937548, 1002.17, 3477.88, 10, 2e-20, 3e-20, 2e-20, 2e-20, -1
0.955874, 0.082704, 1.04281, 0.05, 0.0180321, -0.0629755, 0.188966, 0.199998, 1004.59, 7346.57, 10, 2e-20, 3e-20, 2e-20, 2e-20, -1
0.979391, 0.0458112, 1.17006, 0.05, 0.00921761, -0.0421849, 0.144826, 0.151126, 1009.82, 15716.1, 10, 2e-20, 3e-20, 2e-20, 2e-20, -1
0.957552, 0.211033, 1.00966, 0.05, -0.072245, -0.0903924, 0.126111, 0.171155, 1005.17, 8278.63, 10, 2e-20, 3e-20, 2e-20, 2e-20, -1
0.917768, 0.0988875, 0.998747, 0.05, 0.0177643, 0.0518032, 0.0201045, 0.0583381, 1001.6, 2560.85, 10, 2e-20, 3e-20, 2e-20, 2e-20, -1
0.931832, 0.130331, 1.02031, 0.05, -0.0278705, -0.05547, 0.0496925, 0.0795175, 998.848, -1843.78, 10, 2e-20, 3e-20, 2e-20, 2e-20, -1
0.983239, 0.134975, 1.20529, 0.05, -0.1094, -0.457889, -0.161453, 0.497692, 996.817, -5093.09, 10, 2e-20, 3e-20, 2e-20, 2e-20, -1
0.948899, 0.119069, 1.14439, 0.05, 0.121569, -0.0800629, 0.230333, 0.272475, 1009.7, 15513.2, 10, 2e-20, 3e-20, 2e-20, 2e-20, -1
0.919151, 0.169763, 1.23253, 0.05, -0.000817874, 0.030201, 0.0819545, 0.0873459, 1011.5, 18395, 10, 2e-20, 3e-20, 2e-20, 2e-20, -1
0.837639, 0.144848, 1.125, 0.05, 0.019819, -0.101046, -0.097395, 0.141735, 1000.01, 16.5406, 10, 2e-20, 3e-20, 2e-20, 2e-20, -1
0.792878, 0.155881, 1.16987, 0.05, -0.00634612, -0.0241482, -0.0914129, 0.0947614, 1002.57, 4113.22, 10, 2e-20, 3e-20, 2e-20, 2e-20, -1
0.821131, 0.119579, 1.17995, 0.05, -0.0180636, -0.0877726, -0.201634, 0.220651, 1005.9, 9447.42, 10, 2e-20, 3e-20, 2e-20, 2e-20, -1
0.853989, 0.111634, 1.17192, 0.05, -0.117221, -0.150174, -0.162697, 0.250526, 997.018, -4770.95, 10, 2e-20, 3e-20, 2e-20, 2e-20, -1
0.817467, 0.134887, 1.13166, 0.05, 0.0718114, -0.0104557, -0.189307, 0.202739, 1004.24, 6784.82, 10, 2e-20, 3e-20, 2e-20, 2e-20, -1
0.685273, 0.0890066, 1.24244, 0.05, -0.0201855, 0.0363501, -0.139242, 0.145317, 1000.33, 521.727, 10, 2e-20, 3e-20, 2e-20, 2e-20, -1
0.799296, 0.0961413, 1.13195, 0.05, 0.0260354, -0.113501, -0.0527958, 0.127859, 1003.02, 4828.8, 10, 2e-20, 3e-20, 2e-20, 2e-20, -1
0.744979, 0.069156, 1.25448, 0.05, -0.0564471, 0.00268171, -0.114876, 0.128023, 1001.74, 2784.01, 10, 2e-20, 3e-20, 2e-20, 2e-20, -1
0.639217, 0.0153543, 1.23173, 0.05, -0.0935094, -0.149938, -0.0562137, 0.185433, 1000.65, 1044.37, 10, 2e-20, 3e-20, 2e-20, 2e-20, -1
0.597784, 0.0151061, 1.28077, 0.05, -0.18519, -0.0203042, 0.132018, 0.228334, 1000.32, 517.857, 10, 2e-20, 3e-20, 2e-20, 2e-20, -1
0.689884, 0.00862599, 1.30604, 0.05, -0.0517826, -0.00143298, 0.0438849, 0.0678924, 996.171, -6126.53, 10, 2e-20, 3e-20, 2e-20, 2e-20, -1
0.665094, 0.0646267, 1.2887, 0.05, -0.17387, -0.0964914, -0.022132, 0.200078, 1002.3, 3676.06, 10, 2e-20, 3e-20, 2e-20, 2e-20, -1
0.586004, 0.0693775, 1.28327, 0.05, -0.136692, -0.0778651, 0.0164405, 0.158171, 998.35, -2639.4, 10, 2e-20, 3e-20, 2e-20, 2e-20, -1
0.567527, 0.0508636, 1.27871, 0.05, -0.213979, -0.0238547, 0.0650956, 0.22493, 1002.39, 3831.72, 10, 2e-20, 3e-20, 2e-20, 2e-20, -1
0.581486, 0.155826, 1.35682, 0.05, -0.0896584, 0.0546094, -0.124983, 0.163223, 1002.16, 3454.06, 10, 2e-20, 3e-20, 2e-20, 2e-20, -1
0.996479, 0.292637, 0.078368, 0.05, -0.0540998, -0.000195667, 0.134231, 0.144724, 1011.97, 19149, 10, 2e-20, 3e-20, 2e-20, 2e-20, -1
0.992712, 0.142012, 0.2444, 0.05, 0.0572774, -0.14553, -0.0591444, 0.167206, 1014.05, 22479.4, 10, 2e-20, 3e-20, 2e-20, 2e-20, -1
0.998577, 0.32645, 0.285295, 0.05, 0.00993664, -0.0831994, -0.0104653, 0.0844417, 1010.99, 17584.3, 10, 2e-20, 3e-20, 2e-20, 2e-20, -1
0.99957, 0.327113, 0.210431, 0.05, -0.0207642, -0.133947, -0.0308586, 0.139015, 1009.35, 14963.3, 10, 2e-20, 3e-20, 2e-20, 2e-20, -1
0.957867, 0.288529, 0.320093, 0.05, 0.0252948, -0.00173192, -0.0330635, 0.0416656, 1004.89, 7829.96, 10, 2e-20, 3e-20, 2e-20, 2e-20, -1
0.942114, 0.337, 0.337803, 0.05, 0.0284258, 0.0216935, -0.00945533, 0.036987, 1003.92, 6267.93, 10, 2e-20, 3e-20, 2e-20, 2e-20, -1
0.958883, 0.241104, 0.342745, 0.05, -0.0213512, -0.00360723, 0.0330236, 0.0394898, 1007.36, 11775.1, 10, 2e-20, 3e-20, 2e-20, 2e-20, -1
1.00104, 0.246507, 0.44902, 0.05, 0.0469969, -0.067501, 0.0453772, 0.0939371, 1010.26, 16415.6, 10, 2e-20, 3e-20, 2e-20, 2e-20, -1
0.947108, 0.197366, 0.378125, 0.05, 0.0388497, -0.0339631, -0.00439026, 0.0517887, 1002.33, 3732.92, 10, 2e-20, 3e-20, 2e-20, 2e-20, -1
0.973385, 0.211161, 0.496525, 0.05, 0.0424505, 0.02138, -0.139999, 0.147847, 1006.37, 10191, 10, 2e-20, 3e-20, 2e-20, 2e-20, -1
0.948256, 0.198958, 0.439256, 0.05, -0.0344121, -0.013651, 0.0282022, 0.0465393, 1007.36, 11769.2, 10, 2e-20, 3e-20, 2e-20, 2e-20, -1
0.90802, 0.167358, 0.398023, 0.05, -0.0281651, -0.0317492, 0.00769602, 0.0431336, 1004.68, 7481.13, 10, 2e-20, 3e-20, 2e-20, 2e-20, -1
0.944788, 0.162948, 0.462367, 0.05, -0.00342984, -0.0783995, -0.00203863, 0.0785009, 1005.76, 9223.19, 10, 2e-20, 3e-20, 2e-20, 2e-20, -1
0.944367, 0.200045, 0.553491, 0.05, -0.0680351, 0.0160052, 0.00131468, 0.0699047, 1001.19, 1904.66, 10, 2e-20, 3e-20, 2e-20, 2e-20, -1
0.936058, 0.181328, 0.506729, 0.05, -0.0941901, 0.0365848, -0.0594173, 0.11722, 1010.05, 16072.3, 10, 2e-20, 3e-20, 2e-20, 2e-20, -1
0.946913, 0.236441, 0.519926, 0.05, -0.0113453, -0.00656864, 0.0291679, 0.0319785, 1005.85, 9358.87, 10, 2e-20, 3e-20, 2e-20, 2e-20, -1
0.940338, 0.272057, 0.602778, 0.05, -0.097993, -0.00439621, 0.0159445, 0.099379, 1008.47, 13552.5, 10, 2e-20, 3e-20, 2e-20, 2e-20, -1
0.908811, 0.238161, 0.543698, 0.05, 0.0075083, -0.0410047, -0.0158939, 0.0446136, 1007.9, 12638.9, 10, 2e-20, 3e-20, 2e-20, 2e-20, -1
0.952335, 0.340473, 0.715719, 0.05, -0.0932429, 0.0423316, 0.0479186, 0.113059, 1002.51, 4014.64, 10, 2e-20, 3e-20, 2e-20, 2e-20, -1
0.946182, 0.230113, 0.589441, 0.05, -0.0885451, -0.0563952, -0.116483, 0.156809, 1003.87, 6199.89, 10, 2e-20, 3e-20, 2e-20, 2e-20, -1
0.945326, 0.354312, 0.815076, 0.05, 0.0636637, -0.082171, 0.0705711, 0.12564, 1003.17, 5064.31, 10, 2e-20, 3e-20, 2e-20, 2e-20, -1
0.92429, 0.306664, 0.819563, 0.05, -0.0819883, -0.05783, -0.00815745, 0.100662, 997.181, -4510.94, 10, 2e-20, 3e-20, 2e-20, 2e-20, -1
0.93697, 0.33098, 0.770884, 0.05, 0.0102304, 0.0206879, -0.0610749, 0.0652901, 1001.92, 3065.38, 10, 2e-20, 3e-20, 2e-20, 2e-20, -1
0.953464, 0.317935, 0.902422, 0.05, -0.0429962, 0.0706674, -0.0522284, 0.0978282, 1004.11, 6578.57, 10, 2e-20, 3e-20, 2e-20, 2e-20, -1
0.996979, 0.233004, 0.927244, 0.05, -0.0465028, -0.121022, -0.00640817, 0.129807, 1005.71, 9142.49, 10, 2e-20, 3e-20, 2e-20, 2e-20, -1
0.959036, 0.285052, 0.865572, 0.05, -0.0646085, -0.0987716, -0.116175, 0.16561, 1005.4, 8641.38, 10, 2e-20, 3e-20, 2e-20, 2e-20, -1
1.00297, 0.176291, 0.910303, 0.05, 0.0235917, 0.0593434, -0.0021107, 0.0638957, 1001.56, 2493.92, 10, 2e-20, 3e-20, 2e-20, 2e-20, -1
1.0003, 0.150465, 0.958769, 0.05, 0.0434788, -0.0154298, 0.0164114, 0.0489675, 1000.83, 1321.74, 10, 2e-20, 3e-20, 2e-20, 2e-20, -1
1.0029, 0.200374, 1.11509, 0.05, 0.0514678, 0.207024, 0.0209718, 0.214354, 1002.17, 3479.89, 10, 2e-20, 3e-20, 2e-20, 2e-20, -1
0.945832, 0.16058, 1.02246, 0.05, -0.0837467, 0.0638633, 0.0532929, 0.118035, 998.007, -3188.13, 10, 2e-20, 3e-20, 2e-20, 2e-20, -1
1.0029, 0.244894, 1.1113, 0.05, 0.17617, -0.0142411, 0.29482, 0.343741, 1005.5, 8804.88, 10, 2e-20, 3e-20, 2e-20, 2e-20, -1
0.951698, 0.349186, 1.09965, 0.05, 0.0667352, 0.0940538, -0.0710141, 0.135435, 1004.6, 7352.59, 10, 2e-20, 3e-20, 2e-20, 2e-20, -1
1.00365, 0.0901165, 1.18611, 0.05, -0.0258657, -0.354794, 0.141942, 0.383008, 1002.51, 4013.43, 10, 2e-20, 3e-20, 2e-20, 2e-20, -1
0.984399, 0.148367, 1.30459, 0.05, 0.100896, -0.124495, -0.195817, 0.253028, 999.795, -327.43, 10, 2e-20, 3e-20, 2e-20, 2e-20, -1
0.854013, 0.160103, 1.23583, 0.05, -0.0872209, 0.0850804, -0.117201, 0.169063, 1000.93, 1495.33, 10, 2e-20, 3e-20, 2e-20, 2e-20, -1
0.879544, 0.126311, 1.22083, 0.05, -0.0875119, -0.00385411, -0.00794834, 0.0879566, 1007.07, 11304.2, 10, 2e-20, 3e-20, 2e-20, 2e-20, -1
0.837457, 0.20413, 1.13735, 0.05, -0.0411114, -0.107153, -0.101645, 0.153309, 1001.67, 2672.95, 10, 2e-20, 3e-20, 2e-20, 2e-20, -1
0.878517, 0.180043, 1.20382, 0.05, -0.0885779, 0.0997078, -0.191404, 0.233287, 1007.83, 12528.3, 10, 2e-20, 3e-20, 2e-20, 2e-20, -1
0.756414, 0.16792, 1.17504, 0.05, -0.219971, 0.0133467, -0.152327, 0.267897, 996.278, -5955.9, 10, 2e-20, 3e-20, 2e-20, 2e-20, -1
0.817935, 0.253164, 1.30643, 0.05, -0.32036, -0.150786, -0.234472, 0.42467, 999.599, -641.53, 10, 2e-20, 3e-20, 2e-20, 2e-20, -1
0.824741, 0.148868, 1.21562, 0.05, -0.137266, 0.0345997, -0.329396, 0.358526, 995.971, -6447.14, 10, 2e-20, 3e-20, 2e-20, 2e-20, -1
0.751345, 0.264152, 1.10677, 0.05, 0.0483531, 0.09381, -0.252256, 0.273444, 999.576, -678.101, 10, 2e-20, 3e-20, 2e-20, 2e-20, -1
0.789723, 0.243743, 1.20305, 0.05, 0.022125, -0.0189043, -0.126917, 0.130211, 1005.83, 9326.48, 10, 2e-20, 3e-20, 2e-20, 2e-20, -1
0.750079, 0.240857, 1.28883, 0.05, -0.177069, -0.0722161, -0.351294, 0.39997, 997.01, -4783.71, 10, 2e-20, 3e-20, 2e-20, 2e-20, -1
0.742384, 0.206095, 1.20681, 0.05, -0.244683, 0.0338875, -0.262532, 0.360474, 999.748, -402.711, 10, 2e-20, 3e-20, 2e-20, 2e-20, -1
0.823731, 0.268982, 1.21289, 0.05, 0.0647595, -0.0670457, -0.411147, 0.421581, 999.173, -1323.17, 10, 2e-20, 3e-20, 2e-20, 2e-20, -1
0.712057, 0.224114, 1.18999, 0.05, -0.0698643, 0.122128, -0.0972663, 0.171047, 1000.66, 1063.96, 10, 2e-20, 3e-20, 2e-20, 2e-20, -1
0.746207, 0.256082, 1.24277, 0.05, -0.272867, -0.107614, -0.325804, 0.43839, 1005.33, 8534.07, 10, 2e-20, 3e-20, 2e-20, 2e-20, -1
0.606716, 0.193393, 1.31095, 0.05, -0.140815, -0.0322018, -0.174383, 0.22644, 1001.09, 1741.96, 10, 2e-20, 3e-20, 2e-20, 2e-20, -1
0.765434, 0.106396, 1.21537, 0.05, -0.123023, 0.0248204, -0.287198, 0.313422, 999.2, -1280.02, 10, 2e-20, 3e-20, 2e-20, 2e-20, -1
0.638572, 0.283341, 1.35896, 0.05, -0.108733, -0.095377, -0.098041, 0.174733, 995.985, -6424.08, 10, 2e-20, 3e-20, 2e-20, 2e-20, -1
0.955478, 0.314926, 0.0493954, 0.05, 0.0723234, -0.0472339, -0.00504775, 0.0865286, 1013.49, 21591, 10, 2e-20, 3e-20, 2e-20, 2e-20, -1
0.949353, 0.370264, 0.04477, 0.05, 0.131083, -0.128695, -0.0527231, 0.191115, 1013.48, 21575.6, 10, 2e-20, 3e-20, 2e-20, 2e-20, -1
0.948194, 0.32613, 0.127511, 0.05, 0.00176579, 0.0718405, -0.0244733, 0.0759152, 1004.46, 7132.91, 10, 2e-20, 3e-20, 2e-20, 2e-20, -1
0.952474, 0.351145, 0.167871, 0.05, -0.0397144, 0.0198664, -0.0455671, 0.063626, 1009.86, 15773.9, 10, 2e-20, 3e-20, 2e-20, 2e-20, -1
0.9581, 0.353757, 0.280035, 0.05, -0.0463812, 0.10427, 0.0704219, 0.1341, 1009.06, 14500.2, 10, 2e-20, 3e-20, 2e-20, 2e-20, -1
0.930745, 0.36802, 0.210546, 0.05, 0.0405071, 0.019388, 0.0345245, 0.056645, 1008.24, 13176.8, 10, 2e-20, 3e-20, 2e-20, 2e-20, -1
0.93895, 0.391105, 0.261931, 0.05, -0.0574989, -0.0135225, 0.0479453, 0.0760771, 1005.06, 8094.77, 10, 2e-20, 3e-20, 2e-20, 2e-20, -1
0.942696, 0.388644, 0.316623, 0.05, -0.0446775, 0.0257699, 0.104715, 0.116728, 1006.89, 11027.8, 10, 2e-20, 3e-20, 2e-20, 2e-20, -1
0.996, 0.326094, 0.556491, 0.05, 0.0642588, 0.124972, 0.0894551, 0.166581, 1011.16, 17858.6, 10, 2e-20, 3e-20, 2e-20, 2e-20, -1
0.950611, 0.381718, 0.514747, 0.05, 0.0498652, 0.23142, 0.0688153, 0.246531, 1008, 12807.7, 10, 2e-20, 3e-20, 2e-20, 2e-20, -1
1.00014, 0.238915, 0.515445, 0.05, 0.0433299, -0.0927981, 0.010885, 0.102992, 1007.32, 11717.4, 10, 2e-20, 3e-20, 2e-20, 2e-20, -1
0.994448, 0.252078, 0.626278, 0.05, 0.100707, 0.0625831, 0.0853945, 0.146119, 1008.76, 14014.9, 10, 2e-20, 3e-20, 2e-20, 2e-20, -1
1.00088, 0.259063, 0.674605, 0.05, -0.091279, 0.0172773, 0.236628, 0.254211, 1006.91, 11060.8, 10, 2e-20, 3e-20, 2e-20, 2e-20, -1
0.941665, 0.318558, 0.616875, 0.05, 0.0322209, 0.00140994, 0.063558, 0.0712727, 1005.98, 9574.68, 10, 2e-20, 3e-20, 2e-20, 2e-20, -1
0.929387, 0.221572, 0.468479, 0.05, -0.0562748, -0.0137892, -0.0155099, 0.0599796, 1006.18, 9880.61, 10, 2e-20, 3e-20, 2e-20, 2e-20, -1
0.957761, 0.397003, 0.664312, 0.05, 0.0163607, 0.0208911, 0.127945, 0.130668, 1005.83, 9324.37, 10, 2e-20, 3e-20, 2e-20, 2e-20, -1
0.940905, 0.265642, 0.551637, 0.05, -0.00949761, 0.0176947, 0.0595537, 0.0628487, 1006.78, 10855.6, 10, 2e-20, 3e-20, 2e-20, 2e-20, -1
0.964706, 0.351721, 0.775455, 0.05, -0.0321389, -0.0572971, 0.00112891, 0.0657049, 1003.73, 5968.43, 10, 2e-20, 3e-20, 2e-20, 2e-20, -1
0.892401, 0.333675, 0.563869, 0.05, -0.00840682, 0.0341436, -0.01462, 0.0380816, 1002.67, 4270.89, 10, 2e-20, 3e-20, 2e-20, 2e-20, -1
0.963576, 0.399149, 0.818312, 0.05, -0.0283775, -0.00513775, 0.0560955, 0.0630744, 1005.12, 8190.31, 10, 2e-20, 3e-20, 2e-20, 2e-20, -1
0.935886, 0.312779, 0.66283, 0.05, -0.00226759, 0.0468186, 0.110945, 0.12044, 1001.32, 2108.34, 10, 2e-20, 3e-20, 2e-20, 2e-20, -1
0.950827, 0.401187, 0.921513, 0.05, 0.0866764, 0.00386456, 0.0169573, 0.0884041, 1002.74, 4386.1, 10, 2e-20, 3e-20, 2e-20, 2e-20, -1
0.914691, 0.382167, 0.782903, 0.05, 0.0259746, 0.0858462, -0.00688208, 0.0899533, 1006.14, 9820.62, 10, 2e-20, 3e-20, 2e-20, 2e-20, -1
0.998021, 0.430427, 1.11103, 0.05, 0.00661532, -0.154553, 0.0138475, 0.155313, 1005.44, 8707.79, 10, 2e-20, 3e-20, 2e-20, 2e-20, -1
0.945992, 0.366473, 0.880691, 0.05, 0.0442014, -0.00416999, -0.0754177, 0.0875156, 1002.22, 3555.27, 10, 2e-20, 3e-20, 2e-20, 2e-20, -1
0.935006, 0.319301, 0.84127, 0.05, 0.0415015, 0.113639, -0.0125023, 0.121625, 1000.85, 1363.17, 10, 2e-20, 3e-20, 2e-20, 2e-20, -1
0.93623, 0.206037, 0.845652, 0.05, -0.0119472, 0.00829268, 0.00829748, 0.0167437, 999.406, -949.96, 10, 2e-20, 3e-20, 2e-20, 2e-20, -1
0.898104, 0.34278, 0.859972, 0.05, 0.028216, 0.0020039, -0.128838, 0.131907, 1005.39, 8618.74, 10, 2e-20, 3e-20, 2e-20, 2e-20, -1
0.950907, 0.31432, 0.955244, 0.05, -0.0909692, 0.0708126, -0.0178987, 0.116663, 1002.85, 4565.93, 10, 2e-20, 3e-20, 2e-20, 2e-20, -1
0.946571, 0.279568, 0.985913, 0.05, -0.0401079, -0.0316221, 0.100248, 0.112509, 1003.2, 5127.58, 10, 2e-20, 3e-20, 2e-20, 2e-20, -1
0.938769, 0.311317, 1.02417, 0.05, -0.0655899, -0.0316315, -0.0756145, 0.104977, 1008.12, 12998.1, 10, 2e-20, 3e-20, 2e-20, 2e-20, -1
0.98436, 0.385371, 1.13782, 0.05, -0.0132731, -0.101669, 0.0481084, 0.113257, 1000.12, 184.22, 10, 2e-20, 3e-20, 2e-20, 2e-20, -1
0.983196, 0.226111, 1.199, 0.05, 0.0278981, 0.226563, -0.102082, 0.250059, 998.395, -2568.13, 10, 2e-20, 3e-20, 2e-20, 2e-20, -1
0.929044, 0.351767, 1.10987, 0.05, -0.0242218, 0.0744201, -0.117934, 0.14154, 1004.92, 7871.87, 10, 2e-20, 3e-20, 2e-20, 2e-20, -1
0.936161, 0.299519, 1.11965, 0.05, -0.0816308, -0.0432731, -0.121573, 0.152696, 999.493, -811.375, 10, 2e-20, 3e-20, 2e-20, 2e-20, -1
0.879946, 0.333185, 1.1084, 0.05, -0.0142899, 0.000980084, -0.293671, 0.29402, 1001.92, 3064.64, 10, 2e-20, 3e-20, 2e-20, 2e-20, -1
0.941829, 0.234461, 1.12019, 0.05, 0.100005, -0.0428803, -0.00166852, 0.108823, 1008.6, 13758.6, 10, 2e-20, 3e-20, 2e-20, 2e-20, -1
0.922542, 0.33701, 1.17462, 0.05, -0.0829122, -0.00355285, -0.23095, 0.245407, 1002.57, 4104.55, 10, 2e-20, 3e-20, 2e-20, 2e-20, -1
0.886526, 0.221098, 1.13925, 0.05, -0.0949333, -0.0378612, -0.222402, 0.244762, 1000.53, 848.03, 10, 2e-20, 3e-20, 2e-20, 2e-20, -1
0.910967, 0.200413, 1.16575, 0.05, 0.101623, -0.00817295, -0.131055, 0.16604, 1002.29, 3661.48, 10, 2e-20, 3e-20, 2e-20, 2e-20, -1
0.850995, 0.220339, 1.10433, 0.05, -0.0295099, 0.0322504, -0.186428, 0.191485, 1002.8, 4474.84, 10, 2e-20, 3e-20, 2e-20, 2e-20, -1
0.755917, 0.311436, 1.01792, 0.05, -0.0470915, -0.0557505, -0.177339, 0.191768, 999.706, -469.904, 10, 2e-20, 3e-20, 2e-20, 2e-20, -1
0.825623, 0.275285, 1.0684, 0.05, 0.0935717, -0.0310152, -0.0547544, 0.112764, 1006.5, 10405.8, 10, 2e-20, 3e-20, 2e-20, 2e-20, -1
0.728994, 0.240074, 1.13702, 0.05, -0.116033, -0.0447752, -0.185308, 0.223176, 998.034, -3145.45, 10, 2e-20, 3e-20, 2e-20, 2e-20, -1
0.861858, 0.219933, 1.19468, 0.05, -0.104134, -0.0394744, -0.293058, 0.313505, 997.029, -4753.18, 10, 2e-20, 3e-20, 2e-20, 2e-20, -1
0.66893, 0.229455, 1.14786, 0.05, -0.000607583, 0.0563966, -0.270129, 0.275954, 1003.81, 6103.94, 10, 2e-20, 3e-20, 2e-20, 2e-20, -1
0.635288, 0.269023, 1.20148, 0.05, -0.29747, 0.0346036, -0.12008, 0.322653, 1001.36, 2171.99, 10, 2e-20, 3e-20, 2e-20, 2e-20, -1
0.691342, 0.250984, 1.21243, 0.05, 0.0184329, -0.110644, -0.305972, 0.325885, 1000.56, 891.036, 10, 2e-20, 3e-20, 2e-20, 2e-20, -1
0.646689, 0.226292, 1.21421, 0.05, -0.135489, 0.00958826, -0.119132, 0.18067, 999.594, -650.205, 10, 2e-20, 3e-20, 2e-20, 2e-20, -1
0.5136, 0.207035, 1.37979, 0.05, -0.0803796, -0.0699325, 0.00445741, 0.106636, 1000.2, 313.137, 10, 2e-20, 3e-20, 2e-20, 2e-20, -1
0.545116, 0.144813, 1.37379, 0.05, -0.192923, -0.0254191, -0.159871, 0.251842, 996.538, -5538.41, 10, 2e-20, 3e-20, 2e-20, 2e-20, -1
0.92265, 0.501011, 0.0954654, 0.05, 0.0772014, 0.0584628, -0.080098, 0.125673, 1013.38, 21412.8, 10, 2e-20, 3e-20, 2e-20, 2e-20, -1
1.00549, 0.338713, 0.0449377, 0.05, 0.0607923, -0.00484812, -0.0719922, 0.0943509, 1006.11, 9772.82, 10, 2e-20, 3e-20, 2e-20, 2e-20, -1
0.984702, 0.349362, 0.0843462, 0.05, 0.0602421, 0.0311402, -0.0898009, 0.11253, 1006.08, 9726.09, 10, 2e-20, 3e-20, 2e-20, 2e-20, -1
0.964796, 0.434172, 0.174515, 0.05, -0.0420851, -0.097667, -0.0974709, 0.144259, 1009.9, 15840, 10, 2e-20, 3e-20, 2e-20, 2e-20, -1
0.944378, 0.443448, 0.521157, 0.05, 0.135212, -0.000241675, 0.0956147, 0.165604, 1004.97, 7947.09, 10, 2e-20, 3e-20, 2e-20, 2e-20, -1
0.962684, 0.397179, 0.2196, 0.05, 0.0445417, 0.0273322, 0.0729867, 0.0897667, 1003.51, 5613.41, 10, 2e-20, 3e-20, 2e-20, 2e-20, -1
0.949448, 0.433788, 0.304713, 0.05, 0.110861, 0.0378985, 0.0013462, 0.117167, 1008.37, 13396.1, 10, 2e-20, 3e-20, 2e-20, 2e-20, -1
0.956523, 0.434878, 0.449641, 0.05, -0.0595697, 0.0591917, 0.13451, 0.158572, 1006.43, 10280.7, 10, 2e-20, 3e-20, 2e-20, 2e-20, -1
0.917665, 0.452773, 0.60128, 0.05, -0.0520682, -0.0125229, -0.060694, 0.0809425, 1008.36, 13373.4, 10, 2e-20, 3e-20, 2e-20, 2e-20, -1
0.972222, 0.332387, 0.470673, 0.05, 0.0179688, 0.0550447, 0.0888194, 0.106027, 1007.51, 12015.7, 10, 2e-20, 3e-20, 2e-20, 2e-20, -1
0.938993, 0.35375, 0.544077, 0.05, -0.0263366, 0.0101439, -0.127102, 0.130198, 1008.03, 12842.7, 10, 2e-20, 3e-20, 2e-20, 2e-20, -1
0.932098, 0.360454, 0.585686, 0.05, 0.0762912, -0.0133783, 0.00723262, 0.0777923, 1004.35, 6960.86, 10, 2e-20, 3e-20, 2e-20, 2e-20, -1
0.930035, 0.343975, 0.492613, 0.05, 0.00096786, -0.0179194, 0.0723744, 0.0745661, 1001.15, 1839.91, 10, 2e-20, 3e-20, 2e-20, 2e-20, -1
0.913932, 0.409299, 0.520771, 0.05, 0.134574, 0.0598516, -0.0354393, 0.151487, 1006.8, 10887.3, 10, 2e-20, 3e-20, 2e-20, 2e-20, -1
0.945204, 0.312592, 0.568834, 0.05, -0.0432808, -0.000467246, 0.0871314, 0.0972899, 1006.08, 9728.44, 10, 2e-20, 3e-20, 2e-20, 2e-20, -1
0.937866, 0.43708, 0.817996, 0.05, 0.00318352, -0.0953734, 0.0845379, 0.127487, 1003.39, 5420.9, 10, 2e-20, 3e-20, 2e-20, 2e-20, -1
0.920507, 0.357238, 0.633544, 0.05, 0.0328084, 0.0389908, 0.0172921, 0.0538116, 1002.42, 3873.47, 10, 2e-20, 3e-20, 2e-20, 2e-20, -1
0.932514, 0.380899, 0.848895, 0.05, -0.0745217, -0.0113429, -0.0392363, 0.0849802, 1006.54, 10469.5, 10, 2e-20, 3e-20, 2e-20, 2e-20, -1
0.925701, 0.397586, 0.736142, 0.05, -0.0763287, -0.0643202, -0.199217, 0.222824, 1005.93, 9483.95, 10, 2e-20, 3e-20, 2e-20, 2e-20, -1
0.945132, 0.43963, 0.903729, 0.05, -0.0687496, 0.0247653, 0.0575781, 0.0930326, 1004.65, 7439.02, 10, 2e-20, 3e-20, 2e-20, 2e-20, -1
0.915429, 0.459134, 0.89124, 0.05, 0.0112649, -0.0222002, 0.135104, 0.137379, 1003.58, 5726.52, 10, 2e-20, 3e-20, 2e-20, 2e-20, -1
0.945477, 0.445522, 0.951309, 0.05, 0.0243652, -0.105016, 0.106463, 0.151514, 1002.76, 4408.96, 10, 2e-20, 3e-20, 2e-20, 2e-20, -1
0.92297, 0.446334, 0.959963, 0.05, 0.116615, 0.13996, -0.0273022, 0.18421, 1002.04, 3264.87, 10, 2e-20, 3e-20, 2e-20, 2e-20, -1
0.998668, 0.370442, 1.08493, 0.05, 0.0245232, 0.0265331, 0.0373104, 0.051937, 1007.09, 11342.9, 10, 2e-20, 3e-20, 2e-20, 2e-20, -1
0.929932, 0.497532, 1.13916, 0.05, 0.0310068, 0.0101645, 0.0951182, 0.100559, 1001.09, 1748.96, 10, 2e-20, 3e-20, 2e-20, 2e-20, -1
0.890435, 0.422451, 0.896467, 0.05, 0.0936648, 0.0441393, -0.0586785, 0.119015, 1000.8, 1272.54, 10, 2e-20, 3e-20, 2e-20, 2e-20, -1
0.807081, 0.430986, 0.844264, 0.05, -0.0312776, 0.0243132, -0.101215, 0.108692, 1003.34, 5346.8, 10, 2e-20, 3e-20, 2e-20, 2e-20, -1
0.946883, 0.366807, 0.954588, 0.05, -0.0029274, -0.0859126, -0.105118, 0.135792, 1000.71, 1130.48, 10, 2e-20, 3e-20, 2e-20, 2e-20, -1
1.00372, 0.365359, 1.14872, 0.05, 0.0100772, -0.00210717, -0.039665, 0.0409793, 993.788, -9939.94, 10, 2e-20, 3e-20, 2e-20, 2e-20, -1
0.893019, 0.421693, 1.14088, 0.05, -0.11594, -0.0322145, -0.194245, 0.228497, 1001.63, 2615, 10, 2e-20, 3e-20, 2e-20, 2e-20, -1
0.93024, 0.385996, 1.19492, 0.05, 0.0564064, -0.0452524, -0.26825, 0.277827, 999.641, -574.955, 10, 2e-20, 3e-20, 2e-20, 2e-20, -1
0.852231, 0.43512, 1.17907, 0.05, -0.100051, -0.0611071, -0.217712, 0.247271, 1005.52, 8837.82, 10, 2e-20, 3e-20, 2e-20, 2e-20, -1
0.813998, 0.440254, 1.1043, 0.05, -0.0249298, -0.037043, -0.201447, 0.206336, 998.915, -1736.47, 10, 2e-20, 3e-20, 2e-20, 2e-20, -1
0.909389, 0.381347, 1.1601, 0.05, -0.112422, -0.00930139, -0.249566, 0.273877, 999.906, -150.594, 10, 2e-20, 3e-20, 2e-20, 2e-20, -1
0.923561, 0.313797, 1.14123, 0.05, -0.0395419, 0.00295466, -0.236247, 0.239552, 1002.28, 3647.94, 10, 2e-20, 3e-20, 2e-20, 2e-20, -1
0.888609, 0.381202, 1.11578, 0.05, -0.0387369, 0.000146801, -0.234157, 0.23734, 1002.77, 4430.66, 10, 2e-20, 3e-20, 2e-20, 2e-20, -1
0.830724, 0.398298, 1.08631, 0.05, 0.040562, 0.0244096, -0.247954, 0.252433, 1002.92, 4678.87, 10, 2e-20, 3e-20, 2e-20, 2e-20, -1
0.827034, 0.327413, 1.07093, 0.05, -0.0292525, 0.137924, -0.136782, 0.196438, 1005.3, 8487.79, 10, 2e-20, 3e-20, 2e-20, 2e-20, -1
0.935145, 0.264214, 1.14819, 0.05, 0.101081, -0.0488724, -0.180349, 0.212442, 1003.64, 5828.04, 10, 2e-20, 3e-20, 2e-20, 2e-20, -1
0.752234, 0.373046, 1.10139, 0.05, -0.00819785, -0.022273, -0.257581, 0.258672, 998.678, -2114.88, 10, 2e-20, 3e-20, 2e-20, 2e-20, -1
0.807972, 0.349581, 1.0752, 0.05, -0.0349609, 0.0616829, -0.161565, 0.176438, 1000, 2.46639, 10, 2e-20, 3e-20, 2e-20, 2e-20, -1
0.760875, 0.278126, 1.08469, 0.05, -0.013271, 0.131666, -0.237815, 0.272155, 1001.3, 2085.7, 10, 2e-20, 3e-20, 2e-20, 2e-20, -1
0.755415, 0.294478, 1.06172, 0.05, 0.0010001, 0.0767004, -0.16513, 0.182077, 1003.73, 5968.96, 10, 2e-20, 3e-20, 2e-20, 2e-20, -1
0.699257, 0.283861, 1.04645, 0.05, -0.0714585, -0.0673763, -0.219374, 0.240356, 999.235, -1224.48, 10, 2e-20, 3e-20, 2e-20, 2e-20, -1
0.837763, 0.39402, 1.33939, 0.05, -0.313985, -0.278454, -0.440486, 0.6084, 1000.26, 409.215, 10, 2e-20, 3e-20, 2e-20, 2e-20, -1
0.913906, 0.311607, 1.34154, 0.05, -0.311806, -0.090951, -0.560463, 0.647776, 997.623, -3802.75, 10, 2e-20, 3e-20, 2e-20, 2e-20, -1
0.787674, 0.283102, 1.3083, 0.05, -0.285765, -0.176409, -0.225546, 0.40454, 1004.18, 6688.64, 10, 2e-20, 3e-20, 2e-20, 2e-20, -1
0.703752, 0.265896, 1.16247, 0.05, -0.200128, -0.129404, -0.123753, 0.268536, 1000.31, 497.823, 10, 2e-20, 3e-20, 2e-20, 2e-20, -1
0.683225, 0.264823, 1.23349, 0.05, -0.0786952, -0.191094, -0.298362, 0.362946, 1000.07, 118.385, 10, 2e-20, 3e-20, 2e-20, 2e-20, -1
0.581808, 0.250815, 1.25403, 0.05, -0.18888, 0.0656845, -0.100595, 0.223851, 998.183, -2907.24, 10, 2e-20, 3e-20, 2e-20, 2e-20, -1
0.621605, 0.239728, 1.34388, 0.05, -0.124317, -0.00851471, -0.230402, 0.261939, 999.94, -95.5899, 10, 2e-20, 3e-20, 2e-20, 2e-20, -1
0.934848, 0.434496, 0.0373436, 0.05, 0.0515884, 0.0581354, -0.0383182, 0.0866566, 1006.22, 9946.51, 10, 2e-20, 3e-20, 2e-20, 2e-20, -1
0.929099, 0.463721, 0.164343, 0.05, 0.118126, -0.0580682, -0.066494, 0.147469, 1008, 12792.7, 10, 2e-20, 3e-20, 2e-20, 2e-20, -1
0.97843, 0.435617, 0.260636, 0.05, 0.143004, -0.0498991, -0.0438753, 0.157687, 1005.05, 8086.75, 10, 2e-20, 3e-20, 2e-20, 2e-20, -1
1.00332, 0.455019, 0.471091, 0.05, 0.0113619, 0.0160944, 0.0253344, 0.0320929, 1001.45, 2325.53, 10, 2e-20, 3e-20, 2e-20, 2e-20, -1
0.999139, 0.443654, 0.181476, 0.05, -0.0109705, -0.0789677, -0.164222, 0.182551, 1008.52, 13636.8, 10, 2e-20, 3e-20, 2e-20, 2e-20, -1
0.954485, 0.424043, 0.373702, 0.05, -0.110021, 0.0420873, 0.0375333, 0.123632, 1009.05, 14485.4, 10, 2e-20, 3e-20, 2e-20, 2e-20, -1
0.94234, 0.454983, 0.475571, 0.05, 0.133213, -0.0795411, 0.109448, 0.189872, 1005.02, 8029.79, 10, 2e-20, 3e-20, 2e-20, 2e-20, -1
0.928185, 0.455938, 0.402255, 0.05, 0.0198052, 0.0252721, -0.0357826, 0.0480761, 1009.87, 15789, 10, 2e-20, 3e-20, 2e-20, 2e-20, -1
0.94905, 0.383506, 0.420927, 0.05, -0.0316626, 0.0761261, -0.0748286, 0.111342, 1007.06, 11297.1, 10, 2e-20, 3e-20, 2e-20, 2e-20, -1
0.947175, 0.39869, 0.567889, 0.05, 0.0131498, 0.00138934, 0.0190592, 0.023197, 1008.02, 12838.5, 10, 2e-20, 3e-20, 2e-20, 2e-20, -1
0.906447, 0.457976, 0.678351, 0.05, -0.0805338, -0.0442178, -0.0541095, 0.106624, 1005.02, 8032.33, 10, 2e-20, 3e-20, 2e-20, 2e-20, -1
0.934868, 0.445005, 0.560073, 0.05, 0.116721, -0.0320438, 0.0194799, 0.122597, 1002.39, 3829.53, 10, 2e-20, 3e-20, 2e-20, 2e-20, -1
0.949165, 0.426729, 0.608512, 0.05, 0.0245811, 0.0145635, -0.106942, 0.110693, 1006.23, 9974.47, 10, 2e-20, 3e-20, 2e-20, 2e-20, -1
0.937247, 0.449045, 0.728569, 0.05, -0.0311068, -0.02958, 0.0525739, 0.0678721, 1003.07, 4914.88, 10, 2e-20, 3e-20, 2e-20, 2e-20, -1
1.00376, 0.386123, 0.658879, 0.05, 0.0146353, 0.05571, -0.0538934, 0.0788815, 1006.67, 10673.7, 10, 2e-20, 3e-20, 2e-20, 2e-20, -1
0.940914, 0.452247, 0.651603, 0.05, 0.0314912, -0.0209525, 0.0283284, 0.0472567, 1001.83, 2935.99, 10, 2e-20, 3e-20, 2e-20, 2e-20, -1
0.959382, 0.390882, 0.734484, 0.05, -0.113149, -0.0997076, -0.049188, 0.158631, 1005.98, 9575.58, 10, 2e-20, 3e-20, 2e-20, 2e-20, -1
0.949709, 0.42017, 0.777413, 0.05, -0.133929, -0.0172583, -0.0736936, 0.153836, 1006.16, 9860.26, 10, 2e-20, 3e-20, 2e-20, 2e-20, -1
0.939399, 0.446784, 0.849307, 0.05, 0.0309218, -0.0646628, -0.0209138, 0.0746648, 1001.43, 2286.85, 10, 2e-20, 3e-20, 2e-20, 2e-20, -1
0.88938, 0.418418, 0.685624, 0.05, 0.0651096, 0.0360639, -0.0697265, 0.101988, 1002.94, 4699.2, 10, 2e-20, 3e-20, 2e-20, 2e-20, -1
0.880367, 0.419522, 0.789467, 0.05, -0.068643, 0.143268, -0.0873379, 0.181288, 1002.22, 3557.55, 10, 2e-20, 3e-20, 2e-20, 2e-20, -1
0.85023, 0.436379, 0.824769, 0.05, -0.108441, -0.10245, -0.12564, 0.195041, 1005.13, 8210.88, 10, 2e-20, 3e-20, 2e-20, 2e-20, -1
0.947552, 0.497327, 1.09089, 0.05, -0.0759655, 0.0756583, 0.115513, 0.157601, 1004.79, 7669.83, 10, 2e-20, 3e-20, 2e-20, 2e-20, -1
0.891665, 0.501506, 1.07884, 0.05, -0.0470649, -0.0160937, 0.15382, 0.161662, 1006.19, 9896.51, 10, 2e-20, 3e-20, 2e-20, 2e-20, -1
0.889824, 0.496492, 0.99403, 0.05, 0.121812, 0.122888, -0.15143, 0.229936, 1001.87, 2999.91, 10, 2e-20, 3e-20, 2e-20, 2e-20, -1
0.876861, 0.448739, 0.935947, 0.05, -0.00557494, 0.0494352, -0.174427, 0.181383, 999.872, -205.316, 10, 2e-20, 3e-20, 2e-20, 2e-20, -1
0.780702, 0.438018, 0.891927, 0.05, 0.0574729, 0.128783, -0.00129829, 0.141032, 1000.21, 343.561, 10, 2e-20, 3e-20, 2e-20, 2e-20, -1
0.903197, 0.406224, 0.965773, 0.05, -0.0171889, -0.0602762, -0.11925, 0.134719, 1003.89, 6216.48, 10, 2e-20, 3e-20, 2e-20, 2e-20, -1
0.929221, 0.454262, 1.02199, 0.05, -0.0653925, 0.0283898, -0.102617, 0.124949, 1003.88, 6203.01, 10, 2e-20, 3e-20, 2e-20, 2e-20, -1
0.944846, 0.393807, 1.0692, 0.05, 0.0796586, -0.141619, -0.0678797, 0.176094, 1004.24, 6786.96, 10, 2e-20, 3e-20, 2e-20, 2e-20, -1
0.865282, 0.426596, 1.09069, 0.05, -0.0459737, 0.0501238, -0.155074, 0.169334, 998.264, -2777.55, 10, 2e-20, 3e-20, 2e-20, 2e-20, -1
0.645559, 0.335804, 1.12549, 0.05, -0.0988356, -0.0488535, -0.235695, 0.260206, 997.71, -3663.66, 10, 2e-20, 3e-20, 2e-20, 2e-20, -1
0.817539, 0.43544, 1.16109, 0.05, -0.0911959, 0.00520333, -0.0865805, 0.125857, 1001.03, 1649.24, 10, 2e-20, 3e-20, 2e-20, 2e-20, -1
0.723462, 0.408171, 1.06537, 0.05, -0.0797373, 0.20063, -0.157908, 0.26748, 1001.3, 2086.55, 10, 2e-20, 3e-20, 2e-20, 2e-20, -1
0.6886, 0.393588, 0.997592, 0.05, -0.0960823, 0.139884, -0.166964, 0.238068, 1003.85, 6158.38, 10, 2e-20, 3e-20, 2e-20, 2e-20, -1
0.60164, 0.430646, 1.11785, 0.05, -0.132888, 0.0502883, -0.152248, 0.208249, 1000.73, 1163.41, 10, 2e-20, 3e-20, 2e-20, 2e-20, -1
0.774907, 0.400275, 1.07644, 0.05, -0.076822, 0.0259022, -0.175611, 0.193421, 1002.2, 3519.45, 10, 2e-20, 3e-20, 2e-20, 2e-20, -1
0.811192, 0.41377, 1.2153, 0.05, -0.138211, -0.119437, -0.407147, 0.446247, 1002.18, 3483.91, 10, 2e-20, 3e-20, 2e-20, 2e-20, -1
0.694267, 0.35937, 1.21562, 0.05, -0.137688, -0.00633176, -0.295267, 0.325854, 1005, 7996.99, 10, 2e-20, 3e-20, 2e-20, 2e-20, -1
0.668023, 0.457971, 1.23519, 0.05, -0.145523, -0.065569, -0.240129, 0.288337, 999.794, -330.037, 10, 2e-20, 3e-20, 2e-20, 2e-20, -1
0.683564, 0.394102, 1.09526, 0.05, -0.156654, -0.0631502, -0.237343, 0.291308, 999.306, -1109.93, 10, 2e-20, 3e-20, 2e-20, 2e-20, -1
0.827461, 0.382101, 1.17057, 0.05, -0.106161, -0.0285928, -0.20709, 0.234466, 1003.72, 5958.8, 10, 2e-20, 3e-20, 2e-20, 2e-20, -1
0.714628, 0.336168, 1.15306, 0.05, -0.0873302, 0.0286183, -0.155022, 0.180215, 1004.2, 6723.97, 10, 2e-20, 3e-20, 2e-20, 2e-20, -1
0.698226, 0.345939, 1.10738, 0.05, -0.125366, 0.0116848, -0.195836, 0.232819, 1002.6, 4152.89, 10, 2e-20, 3e-20, 2e-20, 2e-20, -1
0.419584, 0.267777, 1.32944, 0.05, -0.237796, -0.0456579, 0.0117172, 0.242423, 998.925, -1719.71, 10, 2e-20, 3e-20, 2e-20, 2e-20, -1
0.700771, 0.297401, 1.13226, 0.05, -0.14761, 0.0410061, -0.242177, 0.286566, 1000.98, 1575.06, 10, 2e-20, 3e-20, 2e-20, 2e-20, -1
0.878697, 0.277697, 1.1189, 0.05, 0.111044, -0.0241593, -0.240348, 0.26586, 1000.26, 411.732, 10, 2e-20, 3e-20, 2e-20, 2e-20, -1
0.880122, 0.294216, 1.16248, 0.05, 0.0298134, -0.0495095, -0.141652, 0.152988, 1009.18, 14680.2, 10, 2e-20, 3e-20, 2e-20, 2e-20, -1
0.684335, 0.316197, 1.27934, 0.05, -0.159386, 0.0163571, -0.247826, 0.295108, 1001.65, 2634.73, 10, 2e-20, 3e-20, 2e-20, 2e-20, -1
0.648801, 0.317068, 1.29993, 0.05, -0.216707, -0.0256756, -0.271174, 0.348075, 997.512, -3980.46, 10, 2e-20, 3e-20, 2e-20, 2e-20, -1
0.569031, 0.253846, 1.38524, 0.05, -0.208121, -0.0296042, -0.0468036, 0.215363, 1000.07, 106.243, 10, 2e-20, 3e-20, 2e-20, 2e-20, -1
0.990753, 0.494288, 0.144381, 0.05, 0.0261212, 0.0290403, -0.190961, 0.194915, 1015.55, 24875, 10, 2e-20, 3e-20, 2e-20, 2e-20, -1
0.989944, 0.489137, 0.314773, 0.05, -0.0972237, -0.00821609, -0.0436831, 0.106903, 1013.91, 22263.4, 10, 2e-20, 3e-20, 2e-20, 2e-20, -1
0.998645, 0.49075, 0.526217, 0.05, 0.0117755, -0.151855, 0.0101349, 0.152648, 1013.14, 21022.8, 10, 2e-20, 3e-20, 2e-20, 2e-20, -1
0.989931, 0.487319, 0.260917, 0.05, -0.123698, 0.0578394, -0.11121, 0.176109, 1019.84, 31744.8, 10, 2e-20, 3e-20, 2e-20, 2e-20, -1
0.993557, 0.442818, 0.559782, 0.05, -0.0456247, -0.0416796, 0.0683412, 0.0921376, 1013.27, 21234, 10, 2e-20, 3e-20, 2e-20, 2e-20, -1
0.950568, 0.496469, 0.499752, 0.05, -0.00239491, -0.0752635, -0.0616141, 0.0972966, 1006.7, 10724.8, 10, 2e-20, 3e-20, 2e-20, 2e-20, -1
0.98683, 0.491444, 1.15368, 0.05, -0.0298968, 0.0501071, 0.15423, 0.164899, 1005.2, 8317, 10, 2e-20, 3e-20, 2e-20, 2e-20, -1
0.941881, 0.497915, 0.636223, 0.05, -0.0682783, 0.0686019, -0.0035271, 0.0968534, 1007.64, 12229.8, 10, 2e-20, 3e-20, 2e-20, 2e-20, -1
0.857106, 0.498823, 1.26648, 0.05, 0.100813, -0.0808803, 0.255418, 0.286258, 1006.01, 9615.87, 10, 2e-20, 3e-20, 2e-20, 2e-20, -1
0.938576, 0.496475, 0.754777, 0.05, 0.0495811, 0.0153678, 0.0414296, 0.0664143, 1010.14, 16228.6, 10, 2e-20, 3e-20, 2e-20, 2e-20, -1
0.916064, 0.458986, 0.776969, 0.05, -0.108627, -0.165095, 0.0251172, 0.199216, 999.873, -202.601, 10, 2e-20, 3e-20, 2e-20, 2e-20, -1
0.895325, 0.499248, 0.715044, 0.05, 0.040225, 0.0320529, 0.0442672, 0.0678604, 1005.95, 9517.53, 10, 2e-20, 3e-20, 2e-20, 2e-20, -1
0.960423, 0.413828, 0.871955, 0.05, 0.0589914, -0.0751654, -0.0018239, 0.0955675, 1001.5, 2404.51, 10, 2e-20, 3e-20, 2e-20, 2e-20, -1
-0.975175, -0.370848, 1.42781, 0.05, 0.153962, 0.0785607, 0.0217045, 0.174205, 991.753, -13195.2, 10, 2e-20, 3e-20, 2e-20, 2e-20, -1
0.915338, 0.498501, 1.17448, 0.05, 0.0363141, -0.00188703, -0.0539773, 0.0650832, 997.987, -3221.48, 10, 2e-20, 3e-20, 2e-20, 2e-20, -1
0.94209, 0.429809, 1.311, 0.05, -0.136969, -0.0375453, -0.219829, 0.261716, 1001.34, 2142.31, 10, 2e-20, 3e-20, 2e-20, 2e-20, -1
0.939045, 0.498526, 1.02944, 0.05, 0.0570568, 0.0153961, 0.065603, 0.0882965, 998.078, -3075.01, 10, 2e-20, 3e-20, 2e-20, 2e-20, -1
0.673401, 0.0333416, 1.33403, 0.05, -0.229836, 0.0413366, -0.100003, 0.254035, 995.17, -7728.16, 10, 2e-20, 3e-20, 2e-20, 2e-20, -1
-0.309689, -0.365592, 1.43456, 0.05, 0.0668318, -0.14487, 0.233407, 0.282723, 999.165, -1335.64, 10, 2e-20, 3e-20, 2e-20, 2e-20, -1
0.928625, 0.488279, 1.32617, 0.05, 0.000611429, -0.0851189, -0.175587, 0.195132, 1002.93, 4689.76, 10, 2e-20, 3e-20, 2e-20, 2e-20, -1
0.89003, 0.497708, 0.931267, 0.05, -0.0248534, 0.017737, 0.000764518, 0.0305431, 999.691, -495.056, 10, 2e-20, 3e-20, 2e-20, 2e-20, -1
0.783498, 0.414237, 1.27583, 0.05, -0.196262, -0.0807002, -0.239164, 0.319736, 1001.53, 2453.78, 10, 2e-20, 3e-20, 2e-20, 2e-20, -1
0.895526, 0.463666, 1.33768, 0.05, -0.127533, -0.0311069, -0.510868, 0.527464, 1003.44, 5497.67, 10, 2e-20, 3e-20, 2e-20, 2e-20, -1
0.866089, 0.514716, 1.36457, 0.05, -0.12777, 0.0631829, -0.329123, 0.358663, 999.712, -460.929, 10, 2e-20, 3e-20, 2e-20, 2e-20, -1
0.881097, 0.432716, 1.26394, 0.05, -0.0610395, 0.0233072, -0.0996315, 0.119145, 1002.43, 3887.19, 10, 2e-20, 3e-20, 2e-20, 2e-20, -1
0.70458, 0.439518, 1.2288, 0.05, -0.0960979, 0.040732, -0.193721, 0.220049, 998.961, -1661.86, 10, 2e-20, 3e-20, 2e-20, 2e-20, -1
-0.98956, -0.235668, 1.37211, 0.05, -0.219271, 0.0494469, -0.114161, 0.252106, 1008.55, 13675.3, 10, 2e-20, 3e-20, 2e-20, 2e-20, -1
0.803778, 0.37432, 1.12103, 0.05, -0.0355404, -0.0547666, -0.283323, 0.290748, 1003.96, 6334.64, 10, 2e-20, 3e-20, 2e-20, 2e-20, -1
0.832261, 0.491421, 1.31684, 0.05, 0.0196242, 0.00908326, -0.0416705, 0.0469473, 998.048, -3123.79, 10, 2e-20, 3e-20, 2e-20, 2e-20, -1
1.00112, 0.505585, 1.37804, 0.05, -0.11329, -0.077685, -0.294856, 0.325284, 994.521, -8766.59, 10, 2e-20, 3e-20, 2e-20, 2e-20, -1
0.666139, 0.355249, 1.15592, 0.05, -0.0834451, 0.057625, -0.29471, 0.311669, 1000.35, 560.815, 10, 2e-20, 3e-20, 2e-20, 2e-20, -1
0.584403, -0.435053, 4.05219, 0.05, 0.000460599, -0.000669223, 0.000441959, 0.000924845, 999.528, -754.914, 10, 2e-20, 3e-20, 2e-20, 2e-20, -1
1.0222, 0.362837, 1.34884, 0.05, -0.0525726, -0.0459551, -0.14569, 0.161559, 1002.63, 4207.95, 10, 2e-20, 3e-20, 2e-20, 2e-20, -1
0.574278, 0.297692, 1.20614, 0.05, -0.148044, 0.029551, -0.113846, 0.18908, 1000.89, 1429.11, 10, 2e-20, 3e-20, 2e-20, 2e-20, -1
0.584102, -0.434741, 4.03675, 0.05, 0.000490796, -0.000698936, 0.00057909, 0.00103186, 999.791, -334.319, 10, 2e-20, 3e-20, 2e-20, 2e-20, -1
0.612391, 0.524349, 1.51337, 0.05, -0.00659806, -0.0663556, -0.308365, 0.315493, 1000.05, 72.2653, 10, 2e-20, 3e-20, 2e-20, 2e-20, -1
0.681086, 0.503571, 1.35613, 0.05, -0.0984956, 0.00592966, -0.0209379, 0.100871, 1000.97, 1558.34, 10, 2e-20, 3e-20, 2e-20, 2e-20, -1
0.809322, 0.427412, 1.30794, 0.05, -0.138823, -0.144529, -0.268348, 0.334919, 1001.06, 1692.63, 10, 2e-20, 3e-20, 2e-20, 2e-20, -1
0.888327, 0.403209, 1.29808, 0.05, -0.255934, -0.130161, -0.401291, 0.493436, 1000.72, 1153.19, 10, 2e-20, 3e-20, 2e-20, 2e-20, -1
0.656483, 0.116832, 1.36117, 0.05, -0.158837, -0.11441, -0.210543, 0.287484, 999.243, -1211.47, 10, 2e-20, 3e-20, 2e-20, 2e-20, -1
0.832238, -0.143008, 1.29544, 0.05, -0.341906, -0.084378, -0.115331, 0.370568, 1000.96, 1528.31, 10, 2e-20, 3e-20, 2e-20, 2e-20, -1
0.887845, -0.0337618, 1.36621, 0.05, -0.267133, 0.00252762, -0.512516, 0.577961, 1000.57, 919.769, 10, 2e-20, 3e-20, 2e-20, 2e-20, -1
0.916466, 0.510486, 1.46623, 0.05, 0.0289447, 0.0196577, -0.57342, 0.574486, 999.536, -742.664, 10, 2e-20, 3e-20, 2e-20, 2e-20, -1
0.0941355, 0.168531, 1.29049, 0.05, -0.147661, -0.0360287, -0.0802334, 0.17187, 1002.99, 4789.49, 10, 2e-20, 3e-20, 2e-20, 2e-20, -1
0.814506, 0.333559, 1.12304, 0.05, -0.0260768, -0.00575967, -0.247353, 0.24879, 996.708, -5267.3, 10, 2e-20, 3e-20, 2e-20, 2e-20, -1
0.843557, 0.209613, 1.34453, 0.05, -0.264465, -0.00216732, -0.449948, 0.521919, 997.118, -4610.58, 10, 2e-20, 3e-20, 2e-20, 2e-20, -1
0.777184, 0.0904533, 1.35062, 0.05, -0.226105, -0.0452142, -0.177813, 0.291179, 994.494, -8809.96, 10, 2e-20, 3e-20, 2e-20, 2e-20, -1
0.753922, 0.225553, 1.34806, 0.05, -0.176763, -0.05833, -0.31189, 0.363212, 1004.75, 7594.21, 10, 2e-20, 3e-20, 2e-20, 2e-20, -1
0.819238, -0.112555, 1.35313, 0.05, -0.281866, -0.0703717, -0.301887, 0.418971, 999.092, -1453.51, 10, 2e-20, 3e-20, 2e-20, 2e-20, -1
0.607229, 0.20931, 1.35985, 0.05, -0.0950855, 0.00199198, -0.107903, 0.143835, 999.138, -1379.68, 10, 2e-20, 3e-20, 2e-20, 2e-20, -1
0.482689, 0.157311, 1.38215, 0.05, -0.271379, -0.0482885, 0.00687958, 0.275728, 1001.33, 2121.12, 10, 2e-20, 3e-20, 2e-20, 2e-20, -1
0.986094, -0.485504, 0.291936, 0.05, 0.122513, -0.0256528, 0.144481, 0.19116, 1029, 46399.4, 10, 2e-20, 3e-20, 2e-20, 2e-20, -1
-0.428055, 0.372876, 1.42821, 0.05, 0.0305971, -0.402351, -0.578151, 0.70504, 1002.94, 4696.87, 10, 2e-20, 3e-20, 2e-20, 2e-20, -1
0.985818, -0.489311, 1.25501, 0.05, -0.028176, 0.0321746, -0.111021, 0.118974, 995.068, -7891.63, 10, 2e-20, 3e-20, 2e-20, 2e-20, -1
0.99216, -0.490851, 0.479051, 0.05, 0.05486, 0.0532704, 0.364753, 0.372682, 1008.58, 13721, 10, 2e-20, 3e-20, 2e-20, 2e-20, -1
-0.912387, 0.367339, 1.37138, 0.05, 0.263048, -0.591912, 0.962845, 1.16044, 1002.83, 4532.87, 10, 2e-20, 3e-20, 2e-20, 2e-20, -1
-0.912953, -0.259912, 1.35467, 0.05, -0.0167562, 0.0863267, -0.0842777, 0.121802, 990.651, -14958.6, 10, 2e-20, 3e-20, 2e-20, 2e-20, -1
0.992284, -0.489799, 0.921451, 0.05, -0.00602372, 0.0607295, 0.160639, 0.171841, 998.693, -2091.56, 10, 2e-20, 3e-20, 2e-20, 2e-20, -1
0.910363, -0.424665, 1.3776, 0.05, -0.0161076, 0.100835, 0.00922206, 0.102529, 1000.4, 641.234, 10, 2e-20, 3e-20, 2e-20, 2e-20, -1
0.624124, -0.419069, 1.38538, 0.05, -0.106186, 0.0395697, -0.0229455, 0.115619, 999.067, -1492.06, 10, 2e-20, 3e-20, 2e-20, 2e-20, -1
0.721132, -0.156358, 1.35372, 0.05, -0.183498, 0.0288398, 0.0676028, 0.19767, 999.458, -866.402, 10, 2e-20, 3e-20, 2e-20, 2e-20, -1
0.989748, -0.496755, 1.20208, 0.05, 0.0678871, 0.00914105, 0.338273, 0.345139, 997.828, -3475.39, 10, 2e-20, 3e-20, 2e-20, 2e-20, -1
-0.972782, 0.428004, 1.40556, 0.05, 0.127348, -0.148844, -0.00798094, 0.196051, 990.154, -15753.9, 10, 2e-20, 3e-20, 2e-20, 2e-20, -1
0.919227, -0.495739, 1.27929, 0.05, -0.0601519, 0.157277, -0.0164868, 0.169192, 999.163, -1339.98, 10, 2e-20, 3e-20, 2e-20, 2e-20, -1
0.540906, -0.323475, 1.35802, 0.05, -0.190475, 0.217787, -0.0224657, 0.290201, 996.196, -6087.1, 10, 2e-20, 3e-20, 2e-20, 2e-20, -1
0.652961, -0.391501, 1.25613, 0.05, -0.215623, 0.040641, 0.0353128, 0.222243, 997.322, -4285, 10, 2e-20, 3e-20, 2e-20, 2e-20, -1
-0.845804, -0.399533, 1.46272, 0.05, 0.0530077, -0.0642599, 0.0255328, 0.0871268, 1008.22, 13148.5, 10, 2e-20, 3e-20, 2e-20, 2e-20, -1
0.683641, -0.331037, 1.32795, 0.05, -0.176536, 0.275472, -0.172562, 0.369902, 999.93, -111.682, 10, 2e-20, 3e-20, 2e-20, 2e-20, -1
0.605103, -0.485887, 1.43754, 0.05, -0.20989, 0.058424, -0.303225, 0.37338, 1006.43, 10284.4, 10, 2e-20, 3e-20, 2e-20, 2e-20, -1
0.598135, -0.393022, 1.39815, 0.05, -0.184432, 0.106831, -0.44527, 0.493653, 997.937, -3300.68, 10, 2e-20, 3e-20, 2e-20, 2e-20, -1
0.857975, -0.265804, 1.21118, 0.05, -0.135265, -0.0417383, -0.180908, 0.22971, 1000.77, 1231, 10, 2e-20, 3e-20, 2e-20, 2e-20, -1
0.886979, -0.194892, 1.35614, 0.05, -0.0588726, 0.0339683, 0.0235039, 0.0719184, 1001.04, 1669.2, 10, 2e-20, 3e-20, 2e-20, 2e-20, -1
0.833972, -0.22921, 1.36924, 0.05, -0.470285, 0.104843, -0.328703, 0.583272, 998.224, -2841.4, 10, 2e-20, 3e-20, 2e-20, 2e-20, -1
0.774602, -0.665568, 1.25684, 0.05, -0.000265085, 0.00549136, -0.113749, 0.113882, 999.772, -364.811, 10, 2e-20, 3e-20, 2e-20, 2e-20, -1
0.807487, -0.0260473, 1.37076, 0.05, -0.241937, 0.0299702, -0.212826, 0.323615, 1001.01, 1610.24, 10, 2e-20, 3e-20, 2e-20, 2e-20, -1
0.798018, -0.420122, 1.31371, 0.05, -0.0848793, -0.0606983, -0.21053, 0.234972, 1000.33, 535.822, 10, 2e-20, 3e-20, 2e-20, 2e-20, -1
0.786253, -0.502011, 1.83677, 0.05, 7.75104e-05, -0.00283568, -0.905021, 0.905025, 999.986, -22.0495, 10, 2e-20, 3e-20, 2e-20, 2e-20, -1
-0.936938, 0.368751, 1.38779, 0.05, 1.35589, 1.22038, 0.403468, 1.8683, 1002.88, 4614.46, 10, 2e-20, 3e-20, 2e-20, 2e-20, -1
0.942237, -0.126163, 1.33732, 0.05, -0.193392, -0.0704695, -0.308315, 0.370708, 996.905, -4951.66, 10, 2e-20, 3e-20, 2e-20, 2e-20, -1
0.40279, 0.466816, 1.39971, 0.05, 0.0237544, 0.0734084, -0.041895, 0.0877967, 1000.01, 10.778, 10, 2e-20, 3e-20, 2e-20, 2e-20, -1
0.0558593, -0.0330637, 1.37186, 0.05, 0.0469849, 0.0139103, 0.135911, 0.144474, 1001.9, 3047.9, 10, 2e-20, 3e-20, 2e-20, 2e-20, -1
0.748766, -0.222296, 1.21599, 0.05, -0.146191, 0.0426992, -0.0350089, 0.156271, 999.33, -1071.75, 10, 2e-20, 3e-20, 2e-20, 2e-20, -1
0.692852, -0.151822, 1.32224, 0.05, -0.120489, -9.77612e-05, -0.0376025, 0.126221, 1002.71, 4335.54, 10, 2e-20, 3e-20, 2e-20, 2e-20, -1
0.679959, -0.311575, 1.39749, 0.05, -0.368801, 0.216786, -0.55486, 0.700628, 999.573, -683.485, 10, 2e-20, 3e-20, 2e-20, 2e-20, -1
0.828362, -0.485668, 1.4127, 0.05, 0.140608, 0.918304, -0.501042, 1.05551, 1003.56, 5694.34, 10, 2e-20, 3e-20, 2e-20, 2e-20, -1
0.77632, -0.234023, 1.25783, 0.05, -0.145953, -0.0125544, 0.08649, 0.170119, 1003.56, 5701.11, 10, 2e-20, 3e-20, 2e-20, 2e-20, -1
0.497362, -0.204141, 1.41862, 0.05, -0.0492487, 0.194072, -0.0451317, 0.205247, 996.802, -5116.68, 10, 2e-20, 3e-20, 2e-20, 2e-20, -1
0.839028, -0.589302, 1.42456, 0.05, -0.0165384, 0.247571, -0.00921861, 0.248294, 998.742, -2013.27, 10, 2e-20, 3e-20, 2e-20, 2e-20, -1
1.00751, 0.251755, 2.02473, 0.05, 0.00104583, 4.35757e-05, -0.616097, 0.616098, 1000.05, 76.201, 10, 2e-20, 3e-20, 2e-20, 2e-20, -1
0.810435, -0.25278, 1.21228, 0.05, -0.124765, -0.0505182, 0.0962727, 0.16549, 1004.04, 6461.55, 10, 2e-20, 3e-20, 2e-20, 2e-20, -1
0.686755, -0.3366, 1.38756, 0.05, -0.460495, 0.0459946, -0.393789, 0.607652, 997.371, -4205.7, 10, 2e-20, 3e-20, 2e-20, 2e-20, -1
0.971401, -0.400713, 1.37069, 0.05, -0.252647, -0.00128268, -0.309383, 0.399437, 1004.07, 6519.18, 10, 2e-20, 3e-20, 2e-20, 2e-20, -1
-0.747774, 0.509477, 2.11715, 0.05, 1.99135e-05, -0.00157576, -0.541604, 0.541607, 1000.01, 10.0998, 10, 2e-20, 3e-20, 2e-20, 2e-20, -1
0.569587, -0.373838, 1.41133, 0.05, -0.170611, 0.129489, -0.347633, 0.408319, 1000.72, 1158.35, 10, 2e-20, 3e-20, 2e-20, 2e-20, -1
0.164117, -0.0870144, 1.35029, 0.05, -0.194546, 0.135846, 0.247234, 0.342676, 998.214, -2857.32, 10, 2e-20, 3e-20, 2e-20, 2e-20, -1
0.834599, -0.392294, 1.18962, 0.05, -0.0464443, 0.0164917, -0.0833223, 0.0968073, 1001.67, 2668.96, 10, 2e-20, 3e-20, 2e-20, 2e-20, -1
0.847488, -0.518074, 1.59725, 0.05, 0.0062846, 0.00191384, -0.401787, 0.401841, 999.988, -18.9568, 10, 2e-20, 3e-20, 2e-20, 2e-20, -1
0.911169, -0.35503, 1.35845, 0.05, -0.205616, 0.00136926, -0.33264, 0.391062, 1002.23, 3564.53, 10, 2e-20, 3e-20, 2e-20, 2e-20, -1
0.869437, -0.417121, 1.37679, 0.05, -0.250763, 0.273517, -0.25533, 0.45043, 1001.05, 1675.82, 10, 2e-20, 3e-20, 2e-20, 2e-20, -1
0.471067, -0.153287, 1.41483, 0.05, -0.132969, 0.232368, 0.152118, 0.307921, 998.587, -2260.39, 10, 2e-20, 3e-20, 2e-20, 2e-20, -1
0.995886, -0.307955, 1.40888, 0.05, 0.0496909, -0.0028094, -0.315554, 0.319455, 997.097, -4644.19, 10, 2e-20, 3e-20, 2e-20, 2e-20, -1
0.521563, -0.0510595, 1.38877, 0.05, -0.110196, 0.114962, 0.0537666, 0.168078, 1000.43, 688.1, 10, 2e-20, 3e-20, 2e-20, 2e-20, -1
0.996403, -0.492115, 0.228141, 0.05, -0.0534785, 0.0919061, 0.184509, 0.212956, 1015.18, 24285.9, 10, 2e-20, 3e-20, 2e-20, 2e-20, -1
0.994551, -0.492746, 0.358429, 0.05, -0.0743592, 0.0345039, 0.184739, 0.202109, 1008.4, 13441.8, 10, 2e-20, 3e-20, 2e-20, 2e-20, -1
0.999308, -0.444151, 0.360293, 0.05, 0.0267439, 0.144457, 0.0114442, 0.147356, 1003.8, 6073.75, 10, 2e-20, 3e-20, 2e-20, 2e-20, -1
0.943397, -0.445262, 0.238195, 0.05, -0.0809217, 0.0700189, 0.0322722, 0.11177, 1012.54, 20059.9, 10, 2e-20, 3e-20, 2e-20, 2e-20, -1
1.00007, -0.438641, 0.438887, 0.05, -0.027718, -0.101631, 0.263803, 0.284058, 1006.09, 9737.72, 10, 2e-20, 3e-20, 2e-20, 2e-20, -1
0.990287, -0.496551, 0.536224, 0.05, -0.0694172, 0.122113, 0.385154, 0.409968, 1005.58, 8929.94, 10, 2e-20, 3e-20, 2e-20, 2e-20, -1
0.939857, -0.44528, 0.4788, 0.05, -0.10333, 0.0457551, 0.207229, 0.236039, 1008.39, 13426.3, 10, 2e-20, 3e-20, 2e-20, 2e-20, -1
0.991708, -0.494935, 0.59434, 0.05, 0.0157529, 0.0379884, 0.256839, 0.260111, 1005.15, 8237.44, 10, 2e-20, 3e-20, 2e-20, 2e-20, -1
0.990979, -0.489657, 0.720878, 0.05, -0.0420743, 0.0232788, 0.215855, 0.221146, 1006.16, 9848.72, 10, 2e-20, 3e-20, 2e-20, 2e-20, -1
0.995568, -0.440032, 0.876347, 0.05, -0.0572817, -0.014012, 0.117545, 0.131508, 1001.88, 3005.63, 10, 2e-20, 3e-20, 2e-20, 2e-20, -1
0.955897, -0.424131, 0.773289, 0.05, -0.0637827, 0.035272, 0.0408836, 0.0835693, 1003.68, 5894.73, 10, 2e-20, 3e-20, 2e-20, 2e-20, -1
0.998425, -0.441903, 0.822548, 0.05, -0.00191287, -0.0602841, 0.193341, 0.20253, 1000.24, 386.227, 10, 2e-20, 3e-20, 2e-20, 2e-20, -1
0.94925, -0.452423, 0.946971, 0.05, -0.0120368, 0.06024, 0.168154, 0.179023, 1001.31, 2094.04, 10, 2e-20, 3e-20, 2e-20, 2e-20, -1
0.996321, -0.457192, 1.07702, 0.05, 0.0963472, 0.170353, 0.0457769, 0.200993, 1002.6, 4153.72, 10, 2e-20, 3e-20, 2e-20, 2e-20, -1
1.00355, -0.384622, 0.868519, 0.05, -0.0369121, -0.0303146, 0.13647, 0.144588, 998.815, -1895.83, 10, 2e-20, 3e-20, 2e-20, 2e-20, -1
0.991496, -0.454739, 1.16986, 0.05, 0.0616755, 0.0627075, 0.359621, 0.37022, 1002.22, 3550.87, 10, 2e-20, 3e-20, 2e-20, 2e-20, -1
0.999776, -0.428629, 1.02309, 0.05, 0.0694141, 0.0699163, 0.239679, 0.259138, 999.729, -433.26, 10, 2e-20, 3e-20, 2e-20, 2e-20, -1
1.00021, -0.439917, 1.22152, 0.05, 0.035293, -0.0140064, 0.0885453, 0.0963434, 1003.44, 5502.89, 10, 2e-20, 3e-20, 2e-20, 2e-20, -1
0.929775, -0.448919, 1.02576, 0.05, -0.0271737, 0.0477173, 0.0888188, 0.104423, 1006.62, 10591.5, 10, 2e-20, 3e-20, 2e-20, 2e-20, -1
0.948998, -0.437497, 0.993457, 0.05, 0.0343133, 0.0446619, 0.114115, 0.127257, 997.078, -4674.7, 10, 2e-20, 3e-20, 2e-20, 2e-20, -1
0.6608, -0.228126, 1.29066, 0.05, 0.0416418, 0.132914, -0.049248, 0.147735, 995.733, -6826.44, 10, 2e-20, 3e-20, 2e-20, 2e-20, -1
0.998231, -0.372746, 1.1959, 0.05, 0.00325589, -0.205071, -0.0423362, 0.209421, 1005.62, 8985.26, 10, 2e-20, 3e-20, 2e-20, 2e-20, -1
0.962175, -0.400883, 1.19069, 0.05, 0.0217001, -0.115058, 0.0172797, 0.118355, 1004.96, 7929.38, 10, 2e-20, 3e-20, 2e-20, 2e-20, -1
0.99465, -0.309855, 1.10783, 0.05, 0.00256224, -0.0194727, 0.043028, 0.0472986, 1000.21, 342.543, 10, 2e-20, 3e-20, 2e-20, 2e-20, -1
1.01015, -0.384678, 1.23763, 0.05, 0.107713, -0.069324, 0.0740968, 0.14798, 1002.85, 4561.7, 10, 2e-20, 3e-20, 2e-20, 2e-20, -1
0.986878, -0.317576, 1.2021, 0.05, -0.180683, 0.0289077, -0.0886548, 0.203327, 997.026, -4757.86, 10, 2e-20, 3e-20, 2e-20, 2e-20, -1
0.998914, -0.418202, 1.26351, 0.05, 0.0614468, -0.0956687, -0.248523, 0.273298, 997.091, -4654.62, 10, 2e-20, 3e-20, 2e-20, 2e-20, -1
0.984933, -0.427881, 1.3287, 0.05, -0.122287, 0.239554, 0.0137844, 0.269315, 1003.95, 6317.98, 10, 2e-20, 3e-20, 2e-20, 2e-20, -1
0.948412, -0.330429, 1.27216, 0.05, -0.0474614, 0.0278975, 0.069202, 0.0884295, 1005.32, 8511.81, 10, 2e-20, 3e-20, 2e-20, 2e-20, -1
0.906439, -0.376438, 1.12548, 0.05, -0.0481636, -0.0604661, -0.00681304, 0.0776035, 1001.92, 3071.82, 10, 2e-20, 3e-20, 2e-20, 2e-20, -1
0.607657, -0.218679, 1.32398, 0.05, -0.115535, -0.0239236, -0.0754478, 0.140047, 1000.39, 620.749, 10, 2e-20, 3e-20, 2e-20, 2e-20, -1
0.924013, -0.27983, 1.32063, 0.05, -0.0102269, -0.0590191, -0.188826, 0.198098, 1001.03, 1650.69, 10, 2e-20, 3e-20, 2e-20, 2e-20, -1
1.01112, -0.349663, 1.27904, 0.05, -0.0370017, 0.0864397, 0.0180382, 0.0957409, 999.674, -522.028, 10, 2e-20, 3e-20, 2e-20, 2e-20, -1
0.717138, -0.239844, 1.16018, 0.05, -0.133755, 0.0384169, -0.0893472, 0.165376, 998.645, -2168.24, 10, 2e-20, 3e-20, 2e-20, 2e-20, -1
0.670829, -0.25538, 1.36337, 0.05, -0.432586, 0.344276, 0.0101424, 0.552955, 1005.96, 9534.39, 10, 2e-20, 3e-20, 2e-20, 2e-20, -1
0.687943, -0.210472, 1.1958, 0.05, -0.0774738, 0.0799583, -0.149154, 0.186125, 1000.79, 1256.6, 10, 2e-20, 3e-20, 2e-20, 2e-20, -1
0.902409, -0.266121, 1.25708, 0.05, -0.133694, 0.145212, 0.0125941, 0.197786, 1000.64, 1019.13, 10, 2e-20, 3e-20, 2e-20, 2e-20, -1
0.725157, -0.201391, 1.25343, 0.05, -0.0520155, 0.102012, -0.117532, 0.164091, 999.478, -835.293, 10, 2e-20, 3e-20, 2e-20, 2e-20, -1
0.644059, -0.308052, 1.1868, 0.05, -0.150169, -0.0935914, -0.0731725, 0.191479, 1002.71, 4337.59, 10, 2e-20, 3e-20, 2e-20, 2e-20, -1
0.753444, -0.332108, 1.25415, 0.05, -0.227876, -0.0806319, -0.232653, 0.335494, 1003.04, 4871.47, 10, 2e-20, 3e-20, 2e-20, 2e-20, -1
0.779344, -0.387969, 1.2578, 0.05, -0.0889311, 0.0354073, -0.126339, 0.158506, 996.047, -6324.74, 10, 2e-20, 3e-20, 2e-20, 2e-20, -1
0.953709, -0.34551, 1.31637, 0.05, -0.108974, 0.0917612, -0.0903678, 0.168706, 1001.61, 2571.6, 10, 2e-20, 3e-20, 2e-20, 2e-20, -1
0.762507, -0.362513, 1.1447, 0.05, 0.111276, 0.0497456, -0.115948, 0.168229, 999.627, -596.01, 10, 2e-20, 3e-20, 2e-20, 2e-20, -1
0.587906, -0.322655, 1.23357, 0.05, -0.125668, 0.0289409, -0.206651, 0.243587, 997.265, -4375.93, 10, 2e-20, 3e-20, 2e-20, 2e-20, -1
0.648022, -0.416569, 1.35382, 0.05, 0.00976466, 0.0912445, 0.0749401, 0.118478, 1000.06, 97.2147, 10, 2e-20, 3e-20, 2e-20, 2e-20, -1
0.989766, -0.462522, 1.36071, 0.05, -0.175996, 0.292894, -0.0653874, 0.347903, 1002.43, 3889.67, 10, 2e-20, 3e-20, 2e-20, 2e-20, -1
0.724662, -0.372796, 1.22578, 0.05, -0.238529, -0.038626, -0.170111, 0.295509, 1001.82, 2904.93, 10, 2e-20, 3e-20, 2e-20, 2e-20, -1
0.660405, -0.238975, 1.23776, 0.05, -0.0302998, 0.0916467, -0.0173385, 0.0980705, 1001.26, 2018.96, 10, 2e-20, 3e-20, 2e-20, 2e-20, -1
0.705159, -0.199988, 1.34357, 0.05, -0.300446, 0.0431739, -0.0381449, 0.305919, 999.204, -1273.04, 10, 2e-20, 3e-20, 2e-20, 2e-20, -1
0.677565, -0.317169, 1.22552, 0.05, -0.0363668, 0.0226782, -0.0616119, 0.0750525, 1000.12, 192.342, 10, 2e-20, 3e-20, 2e-20, 2e-20, -1
0.714317, -0.230019, 1.25776, 0.05, -0.221114, 0.0596284, -0.00340628, 0.229039, 1001.79, 2868.35, 10, 2e-20, 3e-20, 2e-20, 2e-20, -1
0.992572, -0.427497, 0.311185, 0.05, 0.0774408, 0.153154, 0.163578, 0.237088, 1008.06, 12900.7, 10, 2e-20, 3e-20, 2e-20, 2e-20, -1
0.590285, -0.147653, 1.38454, 0.05, -0.264595, 0.106013, -0.0564663, 0.290582, 995.016, -7973.92, 10, 2e-20, 3e-20, 2e-20, 2e-20, -1
0.996109, -0.362151, 0.34596, 0.05, -0.0162564, -0.0101945, 0.0548246, 0.0580856, 1011.21, 17937.3, 10, 2e-20, 3e-20, 2e-20, 2e-20, -1
0.994639, -0.397816, 0.398045, 0.05, 0.115415, 0.0526285, 0.118518, 0.1736, 1011.39, 18228.3, 10, 2e-20, 3e-20, 2e-20, 2e-20, -1
0.994961, -0.444263, 0.609353, 0.05, -0.00309142, -0.042831, 0.152802, 0.158722, 1004.51, 7219.47, 10, 2e-20, 3e-20, 2e-20, 2e-20, -1
0.991956, -0.491633, 1.0401, 0.05, 0.050467, 0.0324601, 0.160547, 0.171394, 1001.57, 2507.21, 10, 2e-20, 3e-20, 2e-20, 2e-20, -1
0.973853, -0.42232, 0.719467, 0.05, -0.0729384, -0.083565, 0.0999622, 0.149317, 1007.87, 12595.1, 10, 2e-20, 3e-20, 2e-20, 2e-20, -1
0.987655, -0.488259, 0.652414, 0.05, 0.0225683, 0.0314133, 0.181341, 0.18542, 1006.74, 10780.2, 10, 2e-20, 3e-20, 2e-20, 2e-20, -1
0.998298, -0.45488, 0.984388, 0.05, 0.00216555, 0.0017475, 0.16138, 0.161404, 999.482, -828.803, 10, 2e-20, 3e-20, 2e-20, 2e-20, -1
0.997235, -0.450878, 0.761289, 0.05, -0.00510742, -0.0723792, 0.0857352, 0.112318, 1002.91, 4651.29, 10, 2e-20, 3e-20, 2e-20, 2e-20, -1
0.997509, -0.391519, 0.74213, 0.05, -0.0551213, -0.0325819, 0.196865, 0.207016, 1005.05, 8086.54, 10, 2e-20, 3e-20, 2e-20, 2e-20, -1
0.901034, -0.444026, 1.2905, 0.05, -0.173694, 0.0709382, -0.126652, 0.226368, 1001.27, 2038.87, 10, 2e-20, 3e-20, 2e-20, 2e-20, -1
1.00235, -0.316396, 0.882435, 0.05, -0.0336046, 0.0612676, 0.119305, 0.138263, 1003.01, 4818.6, 10, 2e-20, 3e-20, 2e-20, 2e-20, -1
0.464642, -0.322709, 1.44504, 0.05, -0.169198, 0.156118, -0.186485, 0.296272, 997.818, -3491.89, 10, 2e-20, 3e-20, 2e-20, 2e-20, -1
0.991135, -0.392202, 0.966648, 0.05, -0.0743195, -0.0177733, 0.131044, 0.151696, 998.806, -1910.89, 10, 2e-20, 3e-20, 2e-20, 2e-20, -1
0.780639, -0.162097, 1.32112, 0.05, -0.121128, 0.0187226, 0.0134762, 0.123305, 999.769, -370.308, 10, 2e-20, 3e-20, 2e-20, 2e-20, -1
0.994704, -0.363903, 0.92147, 0.05, -0.078599, 0.0172505, 0.248492, 0.261196, 1000.27, 434.67, 10, 2e-20, 3e-20, 2e-20, 2e-20, -1
1.00131, -0.215299, 1.17519, 0.05, 0.0867577, 0.148407, 0.196637, 0.261186, 1002.32, 3704.56, 10, 2e-20, 3e-20, 2e-20, 2e-20, -1
0.949123, -0.310537, 1.07293, 0.05, 0.0145204, 0.0180667, 0.029795, 0.0377491, 998.974, -1641.45, 10, 2e-20, 3e-20, 2e-20, 2e-20, -1
0.994428, -0.305627, 0.993974, 0.05, 0.0121786, 0.107093, 0.0843987, 0.136896, 1003.9, 6232.24, 10, 2e-20, 3e-20, 2e-20, 2e-20, -1
0.995947, -0.305263, 1.31516, 0.05, 0.0293389, -0.0898507, -0.0861101, 0.127863, 997.715, -3656.17, 10, 2e-20, 3e-20, 2e-20, 2e-20, -1
0.994479, -0.218046, 1.2618, 0.05, 0.163169, -0.0546725, 0.200601, 0.264299, 1002.35, 3753.76, 10, 2e-20, 3e-20, 2e-20, 2e-20, -1
0.995867, -0.276953, 1.27547, 0.05, 0.118605, 0.0273995, 0.193544, 0.228642, 994.867, -8212.46, 10, 2e-20, 3e-20, 2e-20, 2e-20, -1
0.893018, 0.061796, 1.38982, 0.05, -0.3905, -0.185129, -0.0900006, 0.441433, 996.83, -5072.27, 10, 2e-20, 3e-20, 2e-20, 2e-20, -1
0.58767, -0.266595, 1.36142, 0.05, -0.127822, 0.15511, 0.117427, 0.23278, 996.632, -5388.66, 10, 2e-20, 3e-20, 2e-20, 2e-20, -1
0.950665, -0.51551, 1.35979, 0.05, -0.30393, 0.468233, 0.0886407, 0.56522, 996.667, -5333.15, 10, 2e-20, 3e-20, 2e-20, 2e-20, -1
0.699482, -0.0296861, 1.32963, 0.05, -0.111774, -0.0481266, 0.0954962, 0.15469, 996.994, -4809.1, 10, 2e-20, 3e-20, 2e-20, 2e-20, -1
1.01506, -0.275758, 1.40682, 0.05, -0.0203069, 0.0257674, -0.140837, 0.144607, 999.179, -1313.91, 10, 2e-20, 3e-20, 2e-20, 2e-20, -1
0.777228, -0.280513, 1.20489, 0.05, -0.196098, -0.0743653, -0.114434, 0.238913, 999.775, -360.458, 10, 2e-20, 3e-20, 2e-20, 2e-20, -1
0.809193, -0.422639, 1.36423, 0.05, -0.426597, 0.220579, -0.145301, 0.501749, 1001.18, 1884.33, 10, 2e-20, 3e-20, 2e-20, 2e-20, -1
0.716859, -0.302493, 1.07809, 0.05, -0.102335, -0.0359018, -0.061999, 0.124921, 998.885, -1783.49, 10, 2e-20, 3e-20, 2e-20, 2e-20, -1
0.670655, -0.410744, 1.26733, 0.05, -0.0529993, -0.103057, -0.00761587, 0.116136, 1004.27, 6831.13, 10, 2e-20, 3e-20, 2e-20, 2e-20, -1
0.642297, -0.401804, 1.21516, 0.05, -0.176603, 0.0563919, -0.172575, 0.25328, 1002.76, 4410.68, 10, 2e-20, 3e-20, 2e-20, 2e-20, -1
0.642167, -0.0267737, 1.32015, 0.05, -0.0983094, -0.0250627, 0.115419, 0.15367, 1000.21, 341.29, 10, 2e-20, 3e-20, 2e-20, 2e-20, -1
0.778097, -0.33505, 1.22653, 0.05, -0.227562, 0.0394855, -0.164605, 0.283616, 1002.07, 3318, 10, 2e-20, 3e-20, 2e-20, 2e-20, -1
0.803262, -0.397715, 1.13881, 0.05, -0.201789, 0.00329561, 0.0404788, 0.205835, 1000.97, 1555.32, 10, 2e-20, 3e-20, 2e-20, 2e-20, -1
0.823486, -0.402349, 1.23758, 0.05, -0.132334, 0.0995165, -0.246073, 0.296593, 1001.65, 2646, 10, 2e-20, 3e-20, 2e-20, 2e-20, -1
0.624192, -0.130343, 1.33799, 0.05, -0.077607, 0.190042, 0.0525881, 0.211906, 1002.45, 3919.65, 10, 2e-20, 3e-20, 2e-20, 2e-20, -1
0.85737, 0.0218329, 1.37028, 0.05, -0.349788, -0.16579, -0.312015, 0.497183, 992.54, -11935.4, 10, 2e-20, 3e-20, 2e-20, 2e-20, -1
0.706315, -0.40977, 1.21836, 0.05, -0.0771697, -0.0141397, -0.078925, 0.111285, 1000.3, 479.874, 10, 2e-20, 3e-20, 2e-20, 2e-20, -1
0.760806, -0.284807, 1.15984, 0.05, -0.168333, 0.0667927, -0.0406064, 0.185596, 1001.61, 2569.39, 10, 2e-20, 3e-20, 2e-20, 2e-20, -1
0.822499, -0.43967, 1.29971, 0.05, -0.117953, -0.117518, 0.0263117, 0.168569, 1000.03, 51.5235, 10, 2e-20, 3e-20, 2e-20, 2e-20, -1
0.797974, -0.337716, 1.32173, 0.05, -0.309358, -0.0528015, -0.242293, 0.396479, 999.241, -1213.77, 10, 2e-20, 3e-20, 2e-20, 2e-20, -1
0.812768, -0.306107, 1.29946, 0.05, -0.277771, 0.25405, -0.15719, 0.40793, 1002.76, 4420.54, 10, 2e-20, 3e-20, 2e-20, 2e-20, -1
1.00639, -0.178265, 1.36142, 0.05, 0.150178, -0.0234744, -0.505061, 0.527438, 999.138, -1379.61, 10, 2e-20, 3e-20, 2e-20, 2e-20, -1
0.73412, -0.326567, 1.19998, 0.05, -0.0827904, -0.00393415, -0.112568, 0.13979, 1000.55, 874.116, 10, 2e-20, 3e-20, 2e-20, 2e-20, -1
0.939699, -0.40403, 1.27276, 0.05, -0.0978286, 0.0925621, -0.214067, 0.252909, 1001.81, 2895.81, 10, 2e-20, 3e-20, 2e-20, 2e-20, -1
0.842585, -0.423459, 1.25415, 0.05, -0.117432, 0.0653149, -0.0433286, 0.141187, 1003.1, 4960.08, 10, 2e-20, 3e-20, 2e-20, 2e-20, -1
0.885934, -0.427649, 1.28402, 0.05, -0.219941, -0.0744939, -0.0387254, 0.235421, 1000.19, 310.462, 10, 2e-20, 3e-20, 2e-20, 2e-20, -1
0.860631, -0.250071, 1.32464, 0.05, -0.187511, -0.0194185, -0.188365, 0.266493, 1001.25, 2002.88, 10, 2e-20, 3e-20, 2e-20, 2e-20, -1
0.578724, -0.0925516, 1.36957, 0.05, -0.0886711, 0.0249075, 0.206263, 0.225893, 997.361, -4222.57, 10, 2e-20, 3e-20, 2e-20, 2e-20, -1
0.992947, -0.404178, 0.0526803, 0.05, 0.0176012, -0.175239, 0.0500689, 0.183099, 1013.74, 21987.1, 10, 2e-20, 3e-20, 2e-20, 2e-20, -1
0.991627, -0.430225, 0.254988, 0.05, 0.0831429, -0.0735575, 0.211823, 0.239149, 1016.82, 26917.1, 10, 2e-20, 3e-20, 2e-20, 2e-20, -1
0.975925, -0.405231, 0.34044, 0.05, 0.188359, -0.0375288, 0.166269, 0.254033, 1005.56, 8890.55, 10, 2e-20, 3e-20, 2e-20, 2e-20, -1
0.999599, -0.37007, 0.458935, 0.05, -0.00499805, 0.107895, 0.0788979, 0.133758, 1009.61, 15369.5, 10, 2e-20, 3e-20, 2e-20, 2e-20, -1
0.997368, -0.306735, 0.497074, 0.05, 0.0273221, -0.0222381, 0.0182291, 0.0396653, 1005.31, 8490.86, 10, 2e-20, 3e-20, 2e-20, 2e-20, -1
0.993413, -0.340456, 0.40279, 0.05, 0.028325, 0.106443, 0.17351, 0.20552, 1010.71, 17143.7, 10, 2e-20, 3e-20, 2e-20, 2e-20, -1
0.996673, -0.275322, 0.411425, 0.05, -0.0383688, -0.0204088, 0.155441, 0.161402, 1007.42, 11877.5, 10, 2e-20, 3e-20, 2e-20, 2e-20, -1
0.99678, -0.440326, 0.685281, 0.05, -0.0351116, -0.0635821, 0.192944, 0.206162, 1005.86, 9370.26, 10, 2e-20, 3e-20, 2e-20, 2e-20, -1
0.994593, -0.259695, 0.602105, 0.05, -0.00958598, 0.0892872, 0.0113476, 0.0905145, 1006.22, 9955.11, 10, 2e-20, 3e-20, 2e-20, 2e-20, -1
0.995424, -0.4321, 0.927511, 0.05, -0.0283675, 0.0279259, 0.137991, 0.143618, 1001.4, 2243.82, 10, 2e-20, 3e-20, 2e-20, 2e-20, -1
0.999559, -0.201107, 0.544726, 0.05, -0.0422133, 0.0804942, 0.0831623, 0.123196, 1004.69, 7508.85, 10, 2e-20, 3e-20, 2e-20, 2e-20, -1
0.995784, -0.235551, 0.661426, 0.05, 0.0514398, 0.090719, 0.0672084, 0.124068, 1008.13, 13009.3, 10, 2e-20, 3e-20, 2e-20, 2e-20, -1
0.998709, -0.37464, 0.686373, 0.05, -0.0123013, -0.0328047, 0.109196, 0.114679, 1002.94, 4697.05, 10, 2e-20, 3e-20, 2e-20, 2e-20, -1
0.995033, -0.347193, 0.765795, 0.05, 0.0541657, 0.0504821, 0.246967, 0.257828, 1004.04, 6462.47, 10, 2e-20, 3e-20, 2e-20, 2e-20, -1
0.993568, -0.295247, 0.659483, 0.05, 0.0271389, 0.0215701, 0.0707881, 0.078821, 1002.82, 4505.93, 10, 2e-20, 3e-20, 2e-20, 2e-20, -1
0.997206, -0.394598, 0.79966, 0.05, -0.0239829, 0.0406217, 0.143995, 0.151525, 1004.37, 6994.27, 10, 2e-20, 3e-20, 2e-20, 2e-20, -1
0.97386, -0.231194, 0.83087, 0.05, 0.0376355, 0.0366962, 0.0612996, 0.0807507, 1001.1, 1753.99, 10, 2e-20, 3e-20, 2e-20, 2e-20, -1
0.998591, -0.221955, 1.07365, 0.05, 0.0446929, -0.0813378, 0.22906, 0.247148, 1003.05, 4882.55, 10, 2e-20, 3e-20, 2e-20, 2e-20, -1
0.942798, -0.232438, 0.779203, 0.05, 0.0652513, -0.0486252, 0.146842, 0.167883, 1002.77, 4434.99, 10, 2e-20, 3e-20, 2e-20, 2e-20, -1
0.994132, -0.315887, 0.938189, 0.05, -0.0475541, -0.00951419, 0.202141, 0.207877, 1004.62, 7390.86, 10, 2e-20, 3e-20, 2e-20, 2e-20, -1
0.992228, -0.257249, 1.11168, 0.05, -0.0271352, 0.0968743, 0.0197355, 0.10252, 995.939, -6497.32, 10, 2e-20, 3e-20, 2e-20, 2e-20, -1
0.996793, -0.372997, 1.1062, 0.05, 0.0311542, 0.0100258, 0.0275235, 0.0427627, 1001.1, 1765.04, 10, 2e-20, 3e-20, 2e-20, 2e-20, -1
0.99551, -0.276684, 1.16275, 0.05, 0.0693057, 0.00478092, 0.0552492, 0.0887615, 995.786, -6742.09, 10, 2e-20, 3e-20, 2e-20, 2e-20, -1
1.00198, -0.202936, 1.01887, 0.05, 0.0435287, -0.0368789, 0.152562, 0.162881, 1001.54, 2462.43, 10, 2e-20, 3e-20, 2e-20, 2e-20, -1
0.870976, -0.163098, 1.12325, 0.05, -0.00942381, -0.0221517, 0.133637, 0.135788, 1001.83, 2935.42, 10, 2e-20, 3e-20, 2e-20, 2e-20, -1
0.930719, -0.185044, 1.11855, 0.05, 0.0800049, -0.027999, 0.0646517, 0.106605, 999.824, -281.904, 10, 2e-20, 3e-20, 2e-20, 2e-20, -1
0.963479, -0.144429, 1.10491, 0.05, -0.0505744, -0.104, 0.148039, 0.187854, 1001.95, 3126.59, 10, 2e-20, 3e-20, 2e-20, 2e-20, -1
0.880281, -0.137479, 1.00602, 0.05, 0.0384198, -0.144344, 0.00976207, 0.149688, 1005.16, 8249.73, 10, 2e-20, 3e-20, 2e-20, 2e-20, -1
0.954586, -0.400479, 1.13265, 0.05, 0.0269338, -0.0193499, 0.0338346, 0.0473775, 1001.52, 2424.93, 10, 2e-20, 3e-20, 2e-20, 2e-20, -1
1.00613, -0.271838, 1.22293, 0.05, 0.148811, 0.145326, 0.0530796, 0.214666, 998.225, -2840.32, 10, 2e-20, 3e-20, 2e-20, 2e-20, -1
0.986351, -0.228803, 1.21008, 0.05, -0.0191783, -0.0227012, 0.0943414, 0.0989114, 1001.91, 3058.59, 10, 2e-20, 3e-20, 2e-20, 2e-20, -1
0.934767, -0.303077, 1.1099, 0.05, -0.00753416, -0.0268682, -0.0296549, 0.0407195, 1000.27, 433.887, 10, 2e-20, 3e-20, 2e-20, 2e-20, -1
0.783328, -0.117864, 1.30546, 0.05, -0.28939, 0.00884149, -0.0359686, 0.291751, 1001.68, 2695.13, 10, 2e-20, 3e-20, 2e-20, 2e-20, -1
0.963559, -0.234124, 1.35651, 0.05, -0.163142, 0.240169, -0.410396, 0.502714, 1002.21, 3539.36, 10, 2e-20, 3e-20, 2e-20, 2e-20, -1
0.955375, -0.169804, 1.36338, 0.05, -0.283588, 0.203026, -0.27621, 0.444898, 1001.22, 1959.23, 10, 2e-20, 3e-20, 2e-20, 2e-20, -1
1.01974, -0.0689355, 1.46061, 0.05, 0.0118593, 0.0276209, -0.0216397, 0.0370383, 997.972, -3245.02, 10, 2e-20, 3e-20, 2e-20, 2e-20, -1
0.79895, -0.164267, 1.21799, 0.05, -0.17326, -0.117136, -0.135951, 0.249444, 1000.44, 705.55, 10, 2e-20, 3e-20, 2e-20, 2e-20, -1
0.763266, -0.238284, 1.17622, 0.05, -0.182349, 0.0115989, -0.0512397, 0.189766, 996.877, -4997.54, 10, 2e-20, 3e-20, 2e-20, 2e-20, -1
0.851922, -0.278351, 1.27577, 0.05, -0.359902, -0.0628407, -0.125644, 0.386347, 998.519, -2370.01, 10, 2e-20, 3e-20, 2e-20, 2e-20, -1
0.657121, -0.245814, 1.17275, 0.05, -0.16926, 0.00709024, -0.131166, 0.214252, 998.612, -2220.26, 10, 2e-20, 3e-20, 2e-20, 2e-20, -1
0.687598, -0.187799, 1.2425, 0.05, -0.281025, -0.0244424, 0.0691041, 0.290427, 1002.03, 3245.07, 10, 2e-20, 3e-20, 2e-20, 2e-20, -1
0.708315, -0.150341, 1.20796, 0.05, -0.0347394, -0.0120723, -0.0447393, 0.0579152, 1002.81, 4503.38, 10, 2e-20, 3e-20, 2e-20, 2e-20, -1
0.641398, -0.0906663, 1.30209, 0.05, -0.134596, -0.00821155, 0.0758277, 0.154705, 1001.66, 2653.42, 10, 2e-20, 3e-20, 2e-20, 2e-20, -1
0.739234, -0.30034, 1.12217, 0.05, -0.1805, 0.00703098, -0.0724003, 0.194606, 1003.56, 5697.83, 10, 2e-20, 3e-20, 2e-20, 2e-20, -1
0.83196, -0.33455, 1.20926, 0.05, -0.13405, -0.00360655, -0.222839, 0.260076, 1002.78, 4453.95, 10, 2e-20, 3e-20, 2e-20, 2e-20, -1
0.823238, -0.17367, 1.34593, 0.05, -0.27018, 0.076758, -0.0827431, 0.292807, 1004, 6398.92, 10, 2e-20, 3e-20, 2e-20, 2e-20, -1
0.710718, -0.301647, 1.19483, 0.05, -0.0792185, 0.125097, -0.0988993, 0.178062, 997.097, -4644.31, 10, 2e-20, 3e-20, 2e-20, 2e-20, -1
0.672579, -0.126861, 1.27245, 0.05, -0.259701, -0.0550263, -0.0556841, 0.271244, 1001.76, 2818.26, 10, 2e-20, 3e-20, 2e-20, 2e-20, -1
0.726111, -0.289446, 1.22038, 0.05, -0.170563, -0.00496059, -0.285676, 0.332757, 999.39, -975.867, 10, 2e-20, 3e-20, 2e-20, 2e-20, -1
0.668085, -0.115507, 1.35079, 0.05, -0.10251, 0.129077, 0.00878391, 0.165065, 1000.52, 833.6, 10, 2e-20, 3e-20, 2e-20, 2e-20, -1
0.520442, -0.137124, 1.3999, 0.05, -0.00348348, 0.192775, -0.0256513, 0.194505, 999.309, -1105.03, 10, 2e-20, 3e-20, 2e-20, 2e-20, -1
0.993461, -0.356456, 0.067426, 0.05, 0.0933178, 0.00893107, 0.048039, 0.105336, 1018.1, 28957.9, 10, 2e-20, 3e-20, 2e-20, 2e-20, -1
0.995787, -0.384013, 0.207114, 0.05, -0.0772799, -0.0307987, 0.266644, 0.279321, 1017.1, 27367.9, 10, 2e-20, 3e-20, 2e-20, 2e-20, -1
0.995036, -0.373241, 0.276764, 0.05, -0.0633534, -0.0577664, 0.0490596, 0.0987799, 1017.46, 27934.7, 10, 2e-20, 3e-20, 2e-20, 2e-20, -1
0.990266, -0.305376, 0.360231, 0.05, -0.00678024, 0.0837867, 0.0880369, 0.121724, 1002.4, 3846.33, 10, 2e-20, 3e-20, 2e-20, 2e-20, -1
0.994346, -0.310604, 0.45282, 0.05, -0.0386904, 0.0565817, 0.0578708, 0.0897077, 999.396, -965.851, 10, 2e-20, 3e-20, 2e-20, 2e-20, -1
0.994182, -0.264461, 0.542012, 0.05, 0.00443179, 0.00581195, 0.0793273, 0.0796633, 1009.32, 14917.6, 10, 2e-20, 3e-20, 2e-20, 2e-20, -1
0.94808, -0.295975, 0.424859, 0.05, 0.0498653, 0.0117822, 0.104281, 0.116189, 1006.36, 10178.8, 10, 2e-20, 3e-20, 2e-20, 2e-20, -1
0.997302, -0.219164, 0.423548, 0.05, -0.0423817, -0.10143, 0.15556, 0.190481, 1010.41, 16652.8, 10, 2e-20, 3e-20, 2e-20, 2e-20, -1
0.996584, -0.326513, 0.711834, 0.05, 0.0554082, 0.157713, 0.162874, 0.233391, 1001.67, 2666.98, 10, 2e-20, 3e-20, 2e-20, 2e-20, -1
0.998496, -0.202018, 0.594468, 0.05, -0.111918, 0.0413825, 0.117978, 0.1678, 1004.48, 7171.75, 10, 2e-20, 3e-20, 2e-20, 2e-20, -1
0.996932, -0.274247, 0.705249, 0.05, -0.030759, 0.0136166, 0.0942314, 0.100055, 999.761, -382.88, 10, 2e-20, 3e-20, 2e-20, 2e-20, -1
0.943162, -0.254011, 0.619871, 0.05, -0.031435, 0.0526413, 0.0944749, 0.112627, 1002.71, 4329.58, 10, 2e-20, 3e-20, 2e-20, 2e-20, -1
0.973006, -0.254991, 0.738566, 0.05, 0.113159, -0.0540313, 0.112979, 0.168785, 1005.33, 8529.16, 10, 2e-20, 3e-20, 2e-20, 2e-20, -1
0.996423, -0.291093, 0.766485, 0.05, -0.0187037, 0.0926134, 0.094585, 0.133691, 1003.2, 5117.48, 10, 2e-20, 3e-20, 2e-20, 2e-20, -1
0.998142, -0.226698, 0.778404, 0.05, 0.0156918, 0.0414851, 0.11347, 0.121831, 1005.62, 8999.64, 10, 2e-20, 3e-20, 2e-20, 2e-20, -1
0.997277, -0.135862, 0.929111, 0.05, -0.00106722, 0.00867336, 0.121776, 0.122089, 1002.99, 4780.53, 10, 2e-20, 3e-20, 2e-20, 2e-20, -1
1.00061, -0.336657, 1.14979, 0.05, -0.00315907, -0.0431391, -0.0870641, 0.0972169, 993.597, -10244.3, 10, 2e-20, 3e-20, 2e-20, 2e-20, -1
1.00514, -0.155143, 0.988836, 0.05, -0.0197283, -0.0198973, 0.133503, 0.136412, 1001.03, 1653.49, 10, 2e-20, 3e-20, 2e-20, 2e-20, -1
0.933419, -0.149504, 1.05292, 0.05, -0.01708, -0.0372234, 0.21186, 0.215782, 1000.64, 1019.57, 10, 2e-20, 3e-20, 2e-20, 2e-20, -1
0.996388, -0.0968693, 1.11273, 0.05, -0.0344813, -0.127063, 0.323187, 0.348975, 1000.74, 1188.27, 10, 2e-20, 3e-20, 2e-20, 2e-20, -1
0.987885, -0.23744, 1.29913, 0.05, 0.0708486, 0.124325, -0.15387, 0.210124, 998.672, -2124.44, 10, 2e-20, 3e-20, 2e-20, 2e-20, -1
0.954571, -0.239636, 0.996437, 0.05, -0.0729995, -0.0871005, 0.0855801, 0.142265, 1001.64, 2624.84, 10, 2e-20, 3e-20, 2e-20, 2e-20, -1
0.876699, -0.0826033, 1.36395, 0.05, -0.278641, -0.0915729, -0.222707, 0.368273, 1002.03, 3241.78, 10, 2e-20, 3e-20, 2e-20, 2e-20, -1
0.951286, -0.273236, 1.23805, 0.05, 0.0128473, 0.137139, 0.0812932, 0.15994, 1003.47, 5551.13, 10, 2e-20, 3e-20, 2e-20, 2e-20, -1
1.00148, -0.158481, 1.08645, 0.05, -0.0930721, -0.0245808, 0.353599, 0.366468, 1003.79, 6067.96, 10, 2e-20, 3e-20, 2e-20, 2e-20, -1
0.921534, -0.2433, 1.20443, 0.05, -0.00313283, -0.0524774, 0.13154, 0.141656, 1007.26, 11613.1, 10, 2e-20, 3e-20, 2e-20, 2e-20, -1
0.970161, -0.173325, 1.17889, 0.05, 0.0713694, 0.199253, 0.189972, 0.284402, 998.636, -2182.25, 10, 2e-20, 3e-20, 2e-20, 2e-20, -1
0.841194, -0.193578, 1.17889, 0.05, -0.134281, -0.0253074, -0.174865, 0.221923, 999.306, -1110.37, 10, 2e-20, 3e-20, 2e-20, 2e-20, -1
0.906177, 0.145727, 1.38107, 0.05, -0.492451, 0.00646433, -0.476636, 0.68537, 1007.87, 12589.3, 10, 2e-20, 3e-20, 2e-20, 2e-20, -1
0.92366, -0.23009, 1.30599, 0.05, -0.167871, 0.190096, -0.183429, 0.312991, 998.821, -1885.74, 10, 2e-20, 3e-20, 2e-20, 2e-20, -1
0.876034, -0.145492, 1.33853, 0.05, -0.148823, -0.028338, -0.332276, 0.365183, 996.218, -6051.31, 10, 2e-20, 3e-20, 2e-20, 2e-20, -1
0.981759, -0.254671, 1.34014, 0.05, -0.0760549, 0.0311814, -0.0886493, 0.120894, 1001.03, 1642.9, 10, 2e-20, 3e-20, 2e-20, 2e-20, -1
0.911226, -0.28734, 1.37572, 0.05, -0.23059, 0.200519, -0.3121, 0.436791, 998.648, -2163.24, 10, 2e-20, 3e-20, 2e-20, 2e-20, -1
0.834877, -0.24492, 1.34202, 0.05, -0.457021, -0.0378186, -0.0860957, 0.466595, 1001.86, 2982.07, 10, 2e-20, 3e-20, 2e-20, 2e-20, -1
0.667042, -0.158707, 1.35211, 0.05, 0.0201416, 0.177034, -0.100996, 0.204809, 1001.74, 2791.72, 10, 2e-20, 3e-20, 2e-20, 2e-20, -1
0.914954, -0.338259, 1.3791, 0.05, -0.240836, 0.032228, -0.264513, 0.359176, 1000.78, 1242.09, 10, 2e-20, 3e-20, 2e-20, 2e-20, -1
0.891029, -0.0887358, 1.34238, 0.05, -0.175395, 0.0205107, -0.456153, 0.489142, 998.116, -3013.72, 10, 2e-20, 3e-20, 2e-20, 2e-20, -1
0.807802, -0.299146, 1.23616, 0.05, -0.0896633, -0.0173679, -0.195673, 0.215938, 1001.5, 2393.95, 10, 2e-20, 3e-20, 2e-20, 2e-20, -1
0.90092, -0.175519, 1.3165, 0.05, -0.109205, 0.141126, -0.1368, 0.224848, 998.413, -2539.8, 10, 2e-20, 3e-20, 2e-20, 2e-20, -1
0.0848198, 0.0902743, 1.41961, 0.05, -0.0614878, -0.157544, 0.298343, 0.342943, 999.383, -987.514, 10, 2e-20, 3e-20, 2e-20, 2e-20, -1
1.13492, -0.427597, 0.768085, 0.05, 0.00189284, 0.00112135, -0.00304303, 0.00375504, 999.769, -369.672, 10, 2e-20, 3e-20, 2e-20, 2e-20, -1
0.588259, -0.0742444, 1.31196, 0.05, -0.160923, 0.0830233, 0.0942173, 0.204122, 1003.27, 5235.83, 10, 2e-20, 3e-20, 2e-20, 2e-20, -1
0.804941, -0.0773074, 1.33383, 0.05, -0.22495, 0.0830496, -0.185704, 0.303291, 997.702, -3676.22, 10, 2e-20, 3e-20, 2e-20, 2e-20, -1
0.710086, -0.147776, 1.25309, 0.05, -0.0769969, 0.0522209, -0.078172, 0.121517, 1000.16, 254.826, 10, 2e-20, 3e-20, 2e-20, 2e-20, -1
0.748901, -0.18733, 1.29718, 0.05, -0.220207, 0.0244123, -0.165336, 0.276447, 999.314, -1097.8, 10, 2e-20, 3e-20, 2e-20, 2e-20, -1
0.719869, -0.140573, 1.29086, 0.05, -0.0161235, -0.0847341, -0.0277595, 0.0906114, 998.969, -1649.72, 10, 2e-20, 3e-20, 2e-20, 2e-20, -1
0.769088, 0.0245892, 1.22413, 0.05, -0.0882091, -0.0818027, -0.189095, 0.224119, 995.809, -6705.36, 10, 2e-20, 3e-20, 2e-20, 2e-20, -1
0.765489, -0.0144431, 1.26292, 0.05, -0.115129, 0.075265, -0.133241, 0.191501, 996.027, -6356.86, 10, 2e-20, 3e-20, 2e-20, 2e-20, -1
0.664748, -0.0730434, 1.26411, 0.05, -0.138788, -0.0355801, -0.0217083, 0.144911, 1000.49, 785.156, 10, 2e-20, 3e-20, 2e-20, 2e-20, -1
0.706593, -0.0607274, 1.27626, 0.05, -0.0992697, 0.0368207, -0.0140628, 0.106808, 1005.36, 8572.36, 10, 2e-20, 3e-20, 2e-20, 2e-20, -1
0.78318, -0.0587468, 1.28905, 0.05, -0.154472, -0.0187209, -0.0669224, 0.169383, 1001.24, 1989.74, 10, 2e-20, 3e-20, 2e-20, 2e-20, -1
0.994127, -0.33302, 0.173456, 0.05, 0.0240208, -0.167891, 0.0568753, 0.178883, 1014.7, 23519.2, 10, 2e-20, 3e-20, 2e-20, 2e-20, -1
0.993307, -0.313347, 0.115467, 0.05, 0.0700888, 0.0718789, -0.00175147, 0.10041, 1026.63, 42615.3, 10, 2e-20, 3e-20, 2e-20, 2e-20, -1
0.997458, -0.151539, 0.250847, 0.05, -0.0632783, -0.0184138, -0.0156117, 0.067727, 1015.55, 24875.7, 10, 2e-20, 3e-20, 2e-20, 2e-20, -1
0.994399, -0.191481, 0.353455, 0.05, 0.0268769, 0.0908719, -0.083942, 0.126595, 1011.29, 18069.5, 10, 2e-20, 3e-20, 2e-20, 2e-20, -1
0.997929, -0.143047, 0.317381, 0.05, 0.00105544, 0.0901224, 0.0896262, 0.127106, 1013.38, 21412.7, 10, 2e-20, 3e-20, 2e-20, 2e-20, -1
0.995836, -0.250578, 0.349098, 0.05, 0.0909797, -0.0428688, 0.0709528, 0.123083, 1015.45, 24727.6, 10, 2e-20, 3e-20, 2e-20, 2e-20, -1
0.99514, -0.171675, 0.396507, 0.05, 0.0289296, 0.0147039, 0.125597, 0.129722, 1008.33, 13324.1, 10, 2e-20, 3e-20, 2e-20, 2e-20, -1
0.995777, -0.0990333, 0.447718, 0.05, 0.0358027, 0.0696847, 0.0291182, 0.0835802, 1006.29, 10061.8, 10, 2e-20, 3e-20, 2e-20, 2e-20, -1
0.997372, -0.153882, 0.444499, 0.05, 0.0530018, 0.0679113, 0.155337, 0.177625, 1010.03, 16046.1, 10, 2e-20, 3e-20, 2e-20, 2e-20, -1
0.994195, -0.252199, 0.478454, 0.05, 0.0168328, -0.0171222, -0.0134747, 0.0275333, 1010.97, 17544.9, 10, 2e-20, 3e-20, 2e-20, 2e-20, -1
0.996151, -0.197646, 0.485238, 0.05, -0.078451, -0.00316833, -0.00237933, 0.078551, 1008.51, 13614.6, 10, 2e-20, 3e-20, 2e-20, 2e-20, -1
0.995687, -0.138455, 0.607839, 0.05, -0.0488197, -0.0540325, 0.0303045, 0.0788748, 1011.6, 18558.8, 10, 2e-20, 3e-20, 2e-20, 2e-20, -1
0.99591, -0.144702, 0.496641, 0.05, 0.00449365, -0.0580746, 0.13986, 0.151505, 1009.01, 14414.1, 10, 2e-20, 3e-20, 2e-20, 2e-20, -1
0.99505, -0.147419, 0.549356, 0.05, -0.0268083, 0.0607151, 0.0704331, 0.0967773, 1008.4, 13447, 10, 2e-20, 3e-20, 2e-20, 2e-20, -1
0.993242, -0.20715, 0.71663, 0.05, 0.0269395, 0.061073, 0.0911481, 0.112976, 1010.16, 16261.1, 10, 2e-20, 3e-20, 2e-20, 2e-20, -1
0.993265, -0.191711, 0.637259, 0.05, -0.0500161, 0.101143, 0.0227271, 0.1151, 1005.23, 8360.19, 10, 2e-20, 3e-20, 2e-20, 2e-20, -1
1.00009, -0.249067, 0.893029, 0.05, 0.00609197, 0.0160143, 0.0660718, 0.0682573, 1002.7, 4320.38, 10, 2e-20, 3e-20, 2e-20, 2e-20, -1
0.995868, -0.161374, 0.870988, 0.05, -0.038942, -0.0557832, 0.0443524, 0.0812119, 999.134, -1385.88, 10, 2e-20, 3e-20, 2e-20, 2e-20, -1
0.997213, -0.1469, 0.736795, 0.05, -0.0567433, -0.10012, 0.0905846, 0.146456, 1009.09, 14548.1, 10, 2e-20, 3e-20, 2e-20, 2e-20, -1
0.992655, -0.263113, 0.949974, 0.05, 0.00335831, -0.0421203, 0.0683005, 0.0803141, 1003.26, 5212.53, 10, 2e-20, 3e-20, 2e-20, 2e-20, -1
0.902009, -0.146102, 1.09029, 0.05, 0.271371, -0.05302, -0.0199091, 0.277218, 1004.45, 7114.81, 10, 2e-20, 3e-20, 2e-20, 2e-20, -1
0.998188, -0.211826, 0.964694, 0.05, -0.00712324, -0.0355608, 0.105428, 0.111492, 1000.26, 418.113, 10, 2e-20, 3e-20, 2e-20, 2e-20, -1
0.996349, -0.0966175, 0.98986, 0.05, 0.0749063, -0.199131, 0.182121, 0.280058, 999.05, -1520.16, 10, 2e-20, 3e-20, 2e-20, 2e-20, -1
0.989662, -0.0433897, 1.25318, 0.05, 0.449024, -0.0187164, 0.896948, 1.00324, 1000.26, 419.122, 10, 2e-20, 3e-20, 2e-20, 2e-20, -1
0.947311, -0.0772756, 0.931465, 0.05, -0.019214, -0.0251133, 0.0999315, 0.104815, 1001.29, 2064.94, 10, 2e-20, 3e-20, 2e-20, 2e-20, -1
0.995951, -0.140674, 1.15817, 0.05, -0.0789731, 0.102627, 0.290608, 0.318154, 1000.35, 559.1, 10, 2e-20, 3e-20, 2e-20, 2e-20, -1
0.998949, -0.147115, 1.23068, 0.05, -0.127067, 0.459684, 0.620872, 0.782904, 1000.33, 520.706, 10, 2e-20, 3e-20, 2e-20, 2e-20, -1
0.943402, -0.0880663, 1.10294, 0.05, -0.0270839, -0.0387287, 0.0596888, 0.0761328, 999.126, -1398.01, 10, 2e-20, 3e-20, 2e-20, 2e-20, -1
0.924311, -0.211799, 1.1529, 0.05, -0.0345706, 0.0113872, 0.0355469, 0.0508761, 997.219, -4449.91, 10, 2e-20, 3e-20, 2e-20, 2e-20, -1
0.871113, -0.127116, 1.15675, 0.05, -0.131608, 0.00979494, 0.0258177, 0.134473, 998.646, -2166.71, 10, 2e-20, 3e-20, 2e-20, 2e-20, -1
0.873788, -0.29908, 1.34425, 0.05, -0.335502, -0.104046, -0.283248, 0.451239, 1000.14, 230.484, 10, 2e-20, 3e-20, 2e-20, 2e-20, -1
0.912569, -0.0640775, 1.13128, 0.05, 0.00330476, 0.0503189, 0.0469051, 0.0688695, 997.098, -4643.95, 10, 2e-20, 3e-20, 2e-20, 2e-20, -1
0.941017, -0.129726, 1.24842, 0.05, 0.323689, 0.270885, 0.488357, 0.645481, 1000.27, 428.9, 10, 2e-20, 3e-20, 2e-20, 2e-20, -1
0.917469, 0.0187484, 1.34618, 0.05, -0.241271, -0.153447, -0.245086, 0.376596, 990.755, -14792.1, 10, 2e-20, 3e-20, 2e-20, 2e-20, -1
0.965364, -0.172779, 1.2901, 0.05, 0.427618, 0.364308, 0.0368759, 0.562972, 1001.74, 2790.11, 10, 2e-20, 3e-20, 2e-20, 2e-20, -1
0.934468, -0.0792522, 1.3526, 0.05, -0.24782, -0.0123782, -0.327833, 0.411148, 995.833, -6667.02, 10, 2e-20, 3e-20, 2e-20, 2e-20, -1
0.927025, -0.00304381, 1.24328, 0.05, 0.115769, -0.258559, 0.162266, 0.326475, 1001.44, 2296.15, 10, 2e-20, 3e-20, 2e-20, 2e-20, -1
0.807541, -0.196343, 1.27184, 0.05, -0.161259, 0.0647273, -0.178764, 0.2493, 1001.39, 2228.51, 10, 2e-20, 3e-20, 2e-20, 2e-20, -1
0.940234, -0.10699, 1.31244, 0.05, 0.0280311, -0.0265019, -0.352602, 0.354706, 1003.74, 5987.82, 10, 2e-20, 3e-20, 2e-20, 2e-20, -1
0.940652, -0.0535886, 1.39785, 0.05, -0.295598, -0.00464836, -0.167988, 0.34003, 1001.2, 1914.01, 10, 2e-20, 3e-20, 2e-20, 2e-20, -1
0.746932, 0.0119837, 1.34222, 0.05, -0.227518, 0.129455, -0.251782, 0.363205, 994.662, -8540.39, 10, 2e-20, 3e-20, 2e-20, 2e-20, -1
0.864122, -0.160419, 1.26312, 0.05, -0.0733858, 0.0838095, -0.0781803, 0.136094, 1000.39, 625.894, 10, 2e-20, 3e-20, 2e-20, 2e-20, -1
0.83627, -0.000943896, 1.24832, 0.05, -0.137317, -0.0954217, -0.0620376, 0.178353, 1000.67, 1075.52, 10, 2e-20, 3e-20, 2e-20, 2e-20, -1
0.273893, -0.130647, 1.44788, 0.05, -0.171505, 0.102404, 0.446902, 0.489512, 995.903, -6555.89, 10, 2e-20, 3e-20, 2e-20, 2e-20, -1
0.624232, 0.161559, 1.30954, 0.05, -0.169743, 0.0504342, -0.220079, 0.282473, 998.102, -3036.26, 10, 2e-20, 3e-20, 2e-20, 2e-20, -1
0.75807, -0.159318, 1.25621, 0.05, -0.185395, -0.0152503, -0.104549, 0.213388, 999.685, -503.66, 10, 2e-20, 3e-20, 2e-20, 2e-20, -1
0.727366, -0.0221879, 1.27967, 0.05, -0.110618, 0.027637, -0.0323695, 0.118524, 998.906, -1749.84, 10, 2e-20, 3e-20, 2e-20, 2e-20, -1
0.739504, 0.0971386, 1.28639, 0.05, -0.0707055, 0.068263, -0.134385, 0.166489, 993.997, -9605.27, 10, 2e-20, 3e-20, 2e-20, 2e-20, -1
0.8062, 0.0218364, 1.25342, 0.05, -0.230885, 0.0294104, -0.124048, 0.263743, 1000, 3.53013, 10, 2e-20, 3e-20, 2e-20, 2e-20, -1
0.836846, -0.243314, 1.25699, 0.05, -0.350807, -0.0419003, -0.0394873, 0.355501, 1003.14, 5016.3, 10, 2e-20, 3e-20, 2e-20, 2e-20, -1
0.57569, -0.0454586, 1.37881, 0.05, -0.0661472, 0.0638891, 0.158914, 0.183606, 998.572, -2284.98, 10, 2e-20, 3e-20, 2e-20, 2e-20, -1
0.998063, -0.140075, 0.164199, 0.05, 0.00993466, 0.0062773, -0.0625758, 0.0636697, 1014.34, 22943.7, 10, 2e-20, 3e-20, 2e-20, 2e-20, -1
0.994352, -0.0577185, 0.0683518, 0.05, 0.0897521, 0.1505, -0.0137084, 0.175766, 1022.3, 35685.4, 10, 2e-20, 3e-20, 2e-20, 2e-20, -1
1.00111, -0.0693256, 0.140863, 0.05, 0.0463813, 0.105204, 0.0565573, 0.128132, 1016.45, 26315.2, 10, 2e-20, 3e-20, 2e-20, 2e-20, -1
0.993205, -0.100354, 0.206938, 0.05, -0.0331917, 0.0397958, -0.0377216, 0.0640962, 1018.63, 29805, 10, 2e-20, 3e-20, 2e-20, 2e-20, -1
0.997593, -0.116274, 0.388549, 0.05, 0.0627592, -0.0022992, -0.0176321, 0.0652295, 1013.66, 21860.7, 10, 2e-20, 3e-20, 2e-20, 2e-20, -1
0.995505, -0.0907684, 0.266655, 0.05, 0.0163973, -0.0449458, 0.0192719, 0.0515791, 1018.33, 29320.7, 10, 2e-20, 3e-20, 2e-20, 2e-20, -1
0.950617, -0.0587427, 0.413571, 0.05, -0.050025, -0.0100845, 0.0125716, 0.052557, 1006.12, 9789.62, 10, 2e-20, 3e-20, 2e-20, 2e-20, -1
0.997552, -0.0445981, 0.446329, 0.05, 0.00343861, 0.0136007, 0.0833312, 0.0845038, 1007.47, 11957.5, 10, 2e-20, 3e-20, 2e-20, 2e-20, -1
0.995293, -0.0879478, 0.504125, 0.05, -0.0304181, -0.0115334, 0.121225, 0.125514, 1014.22, 22746.6, 10, 2e-20, 3e-20, 2e-20, 2e-20, -1
0.994358, 0.0747959, 0.513308, 0.05, 0.0961579, 0.114308, -0.039788, 0.154583, 1015.67, 25065.1, 10, 2e-20, 3e-20, 2e-20, 2e-20, -1
0.994969, -0.0918987, 0.560839, 0.05, -0.0279847, -0.0709195, 0.0325522, 0.0828998, 1009.65, 15447, 10, 2e-20, 3e-20, 2e-20, 2e-20, -1
0.990013, -0.197135, 1.12707, 0.05, -0.0318468, 0.074113, 0.153386, 0.173304, 1001.84, 2938.66, 10, 2e-20, 3e-20, 2e-20, 2e-20, -1
0.998065, -0.0726113, 0.614996, 0.05, 0.0243644, 0.00111827, 0.100948, 0.103853, 1006.54, 10456.5, 10, 2e-20, 3e-20, 2e-20, 2e-20, -1
0.998661, -0.159972, 0.675984, 0.05, -0.0651917, -0.0520659, 0.0750264, 0.112204, 1008.76, 14019.1, 10, 2e-20, 3e-20, 2e-20, 2e-20, -1
0.995646, -0.103931, 0.878567, 0.05, -0.0115058, 0.0356564, 0.107184, 0.113544, 1001.55, 2483.5, 10, 2e-20, 3e-20, 2e-20, 2e-20, -1
0.994321, -0.195364, 0.913317, 0.05, -0.0109445, 0.0120719, -0.00134094, 0.0163497, 1004.36, 6976.14, 10, 2e-20, 3e-20, 2e-20, 2e-20, -1
0.992265, -0.0706452, 0.827971, 0.05, -0.0603783, -0.0341343, 0.188855, 0.201189, 1005.54, 8864.97, 10, 2e-20, 3e-20, 2e-20, 2e-20, -1
0.98715, -0.109093, 1.2209, 0.05, -0.0661526, 0.360509, 0.646694, 0.743341, 999.258, -1187.33, 10, 2e-20, 3e-20, 2e-20, 2e-20, -1
0.999375, -0.155115, 1.03894, 0.05, 0.00111996, -0.04544, 0.0480339, 0.0661309, 1003.4, 5436.27, 10, 2e-20, 3e-20, 2e-20, 2e-20, -1
0.9923, -0.0413643, 0.994168, 0.05, 0.0852349, -0.0679857, 0.148318, 0.18408, 1000.87, 1398.6, 10, 2e-20, 3e-20, 2e-20, 2e-20, -1
1.00328, 0.0904933, 1.23837, 0.05, -0.0754975, -0.169458, -0.105451, 0.213391, 1006.13, 9813.96, 10, 2e-20, 3e-20, 2e-20, 2e-20, -1
0.997401, -0.0993357, 1.04699, 0.05, 0.125174, -0.0688435, 0.310061, 0.341388, 1001.47, 2358.28, 10, 2e-20, 3e-20, 2e-20, 2e-20, -1
0.932395, -0.0148971, 1.27706, 0.05, 0.141379, -0.207454, 0.189017, 0.314249, 1003.49, 5587.56, 10, 2e-20, 3e-20, 2e-20, 2e-20, -1
0.981667, -0.184235, 1.23552, 0.05, -0.0597456, 0.0276605, -0.031824, 0.073126, 998.153, -2954.91, 10, 2e-20, 3e-20, 2e-20, 2e-20, -1
0.986772, 0.0377842, 1.26563, 0.05, 0.202339, -0.440625, 0.0965847, 0.494388, 995.766, -6774.41, 10, 2e-20, 3e-20, 2e-20, 2e-20, -1
0.998694, 0.0225026, 1.13764, 0.05, -0.0463351, -0.0108398, 0.183192, 0.189271, 1000.43, 682.443, 10, 2e-20, 3e-20, 2e-20, 2e-20, -1
0.940176, -0.0111879, 1.34084, 0.05, -0.0418915, -0.107729, -0.522994, 0.535615, 999.817, -293.446, 10, 2e-20, 3e-20, 2e-20, 2e-20, -1
0.915091, 0.242622, 1.35702, 0.05, -0.254947, -0.166074, -0.429543, 0.526389, 1003.58, 5723.39, 10, 2e-20, 3e-20, 2e-20, 2e-20, -1
0.764269, -0.281948, 1.25907, 0.05, 0.0154689, -0.0188363, 0.0257525, 0.0354582, 999.329, -1074.22, 10, 2e-20, 3e-20, 2e-20, 2e-20, -1
0.966178, -0.0703201, 1.24047, 0.05, 0.539959, 0.0386179, 0.61445, 0.8189, 1002.75, 4406.86, 10, 2e-20, 3e-20, 2e-20, 2e-20, -1
0.870504, -0.0182499, 1.31347, 0.05, -0.0827375, -0.145372, -0.211732, 0.269831, 994.691, -8493.65, 10, 2e-20, 3e-20, 2e-20, 2e-20, -1
0.912847, -0.0303139, 1.20738, 0.05, 0.146021, -0.147742, 0.136103, 0.248342, 1000.28, 451.692, 10, 2e-20, 3e-20, 2e-20, 2e-20, -1
0.26227, 0.509025, 1.37194, 0.05, 0.0974785, -0.0168939, 0.00840431, 0.0992879, 999.924, -121.311, 10, 2e-20, 3e-20, 2e-20, 2e-20, -1
0.831928, 0.024207, 1.34048, 0.05, -0.315399, 0.0175806, -0.192804, 0.37008, 988.903, -17755.9, 10, 2e-20, 3e-20, 2e-20, 2e-20, -1
0.811729, 0.100525, 1.2207, 0.05, 0.0891424, -0.0774977, -0.240729, 0.268147, 999.359, -1025.57, 10, 2e-20, 3e-20, 2e-20, 2e-20, -1
1.0002, 0.126651, 1.35826, 0.05, -0.14048, -0.251021, 0.0644396, 0.294785, 1000.89, 1416.53, 10, 2e-20, 3e-20, 2e-20, 2e-20, -1
0.605126, 0.0413993, 1.31735, 0.05, -0.11137, 0.00264114, -0.0546234, 0.124073, 1001.04, 1666.14, 10, 2e-20, 3e-20, 2e-20, 2e-20, -1
0.310529, 0.40231, 1.36296, 0.05, -0.0793145, -0.00698151, 0.0647618, 0.102633, 999.163, -1338.67, 10, 2e-20, 3e-20, 2e-20, 2e-20, -1
0.861304, -0.0114584, 1.21361, 0.05, -0.0669994, 0.00319899, -0.159956, 0.173451, 1000.41, 659.605, 10, 2e-20, 3e-20, 2e-20, 2e-20, -1
0.789692, -0.200186, 1.21887, 0.05, -0.105605, 0.0204045, -0.0728902, 0.129929, 999.838, -259.757, 10, 2e-20, 3e-20, 2e-20, 2e-20, -1
0.885268, -0.157307, 1.27864, 0.05, -0.184181, 0.167512, -0.102042, 0.269064, 999.813, -299.963, 10, 2e-20, 3e-20, 2e-20, 2e-20, -1
0.77378, -0.0283952, 1.31954, 0.05, -0.240752, 0.00522999, -0.100669, 0.261004, 1001.32, 2116.33, 10, 2e-20, 3e-20, 2e-20, 2e-20, -1
0.863152, -0.103903, 1.31414, 0.05, -0.05653, -0.140415, -0.155872, 0.217274, 1000.66, 1057.19, 10, 2e-20, 3e-20, 2e-20, 2e-20, -1
0.988104, 0.0322351, 1.35147, 0.05, -0.0595894, -0.0278691, -0.21255, 0.222498, 1001.29, 2061.01, 10, 2e-20, 3e-20, 2e-20, 2e-20, -1
0.756872, 0.0694462, 1.20223, 0.05, -0.167608, -0.0603593, -0.120341, 0.214983, 998.396, -2565.65, 10, 2e-20, 3e-20, 2e-20, 2e-20, -1
0.831489, -0.0692882, 1.3131, 0.05, -0.221761, 0.104715, -0.316556, 0.400438, 1000.32, 515.645, 10, 2e-20, 3e-20, 2e-20, 2e-20, -1
0.534367, 0.0636194, 1.37762, 0.05, -0.111413, 0.0153671, -0.0600465, 0.127493, 1000.39, 630.192, 10, 2e-20, 3e-20, 2e-20, 2e-20, -1
0.723595, 0.0390775, 1.30863, 0.05, -0.0646332, 0.0287083, -0.174247, 0.188053, 998.004, -3193.34, 10, 2e-20, 3e-20, 2e-20, 2e-20, -1
0.635052, -0.0507188, 1.35807, 0.05, -0.193649, -0.0829327, 0.0584174, 0.21861, 999.719, -449.393, 10, 2e-20, 3e-20, 2e-20, 2e-20, -1
0.593366, 0.0454039, 1.35321, 0.05, -0.124748, 0.109811, -0.059086, 0.176385, 1001.26, 2012.26, 10, 2e-20, 3e-20, 2e-20, 2e-20, -1
0.725782, -0.0897257, 1.35, 0.05, -0.15965, 0.00437264, -0.143935, 0.214999, 998.181, -2910.67, 10, 2e-20, 3e-20, 2e-20, 2e-20, -1
0.99545, 0.0447665, 0.0624814, 0.05, -0.0552223, -0.0680854, 0.0770538, 0.116715, 1016.91, 27062.9, 10, 2e-20, 3e-20, 2e-20, 2e-20, -1
0.989047, -0.00514146, 0.0581577, 0.05, -0.00138597, 0.0231121, 0.0452132, 0.0507969, 1017.73, 28370.2, 10, 2e-20, 3e-20, 2e-20, 2e-20, -1
0.998488, 0.170972, 0.113741, 0.05, 0.0335258, 0.0187495, 0.161111, 0.165627, 1006.14, 9820.69, 10, 2e-20, 3e-20, 2e-20, 2e-20, -1
0.994344, 0.146037, 0.18577, 0.05, 0.0752789, 0.0874018, -0.0204625, 0.117152, 1019.47, 31157.4, 10, 2e-20, 3e-20, 2e-20, 2e-20, -1
0.993198, 0.0578525, 0.408082, 0.05, 0.044857, 0.0341989, 0.169189, 0.178344, 1009.31, 14896.4, 10, 2e-20, 3e-20, 2e-20, 2e-20, -1
0.998276, 0.0362721, 0.293946, 0.05, 0.0451454, -0.0378858, -0.0265486, 0.0646395, 1011.5, 18394.4, 10, 2e-20, 3e-20, 2e-20, 2e-20, -1
0.99894, 0.00671019, 0.418435, 0.05, -0.0179333, 0.0463022, 0.068301, 0.0844424, 1002.89, 4617.82, 10, 2e-20, 3e-20, 2e-20, 2e-20, -1
0.992141, 0.0886159, 0.456107, 0.05, 0.0663332, 0.00683128, -0.0190552, 0.0693532, 1017.57, 28119, 10, 2e-20, 3e-20, 2e-20, 2e-20, -1
0.998247, 0.0244701, 0.471673, 0.05, 0.0592602, 0.136228, -0.125809, 0.194673, 1013.6, 21752.5, 10, 2e-20, 3e-20, 2e-20, 2e-20, -1
0.99598, 0.143323, 0.595596, 0.05, 0.015533, 0.00792201, 0.0865387, 0.0882779, 1013.18, 21091, 10, 2e-20, 3e-20, 2e-20, 2e-20, -1
0.997536, 0.0795844, 0.576343, 0.05, -0.0179216, 0.000341572, -0.025883, 0.0314838, 1009.59, 15351.6, 10, 2e-20, 3e-20, 2e-20, 2e-20, -1
0.99522, 0.230954, 0.813525, 0.05, 0.0499261, 0.104776, -0.00720457, 0.116286, 1005.61, 8973.68, 10, 2e-20, 3e-20, 2e-20, 2e-20, -1
0.998161, -0.0254571, 0.638852, 0.05, 0.0201423, 0.0294606, 0.204333, 0.207426, 1007.9, 12642, 10, 2e-20, 3e-20, 2e-20, 2e-20, -1
0.995839, 0.0439685, 0.668946, 0.05, 0.0510801, 0.00521299, 0.0896565, 0.103318, 1007.4, 11846.9, 10, 2e-20, 3e-20, 2e-20, 2e-20, -1
0.996221, 0.020435, 0.613811, 0.05, 0.0366742, -0.0396901, 0.0218266, 0.0582813, 1008.86, 14179.2, 10, 2e-20, 3e-20, 2e-20, 2e-20, -1
0.994023, -0.0447198, 0.770697, 0.05, -0.0202017, -0.0128844, 0.0815267, 0.0849748, 1006.73, 10775, 10, 2e-20, 3e-20, 2e-20, 2e-20, -1
0.997617, 0.0685796, 0.723545, 0.05, -0.000985855, -0.0953788, 0.0707505, 0.118759, 1009.72, 15550.9, 10, 2e-20, 3e-20, 2e-20, 2e-20, -1
0.955866, 0.0485229, 0.61642, 0.05, 0.00643177, -0.0254237, 0.012325, 0.0289765, 1004.88, 7808.26, 10, 2e-20, 3e-20, 2e-20, 2e-20, -1
0.997411, 0.0068814, 0.750551, 0.05, 0.00747995, -0.0254329, 0.134679, 0.137263, 1009.92, 15871.5, 10, 2e-20, 3e-20, 2e-20, 2e-20, -1
0.996762, -0.0750441, 0.934898, 0.05, -0.0465952, -0.0234583, 0.193548, 0.200455, 1001.57, 2515.47, 10, 2e-20, 3e-20, 2e-20, 2e-20, -1
0.998149, 0.0919881, 0.964478, 0.05, 0.0204697, -0.00957804, 0.064083, 0.0679513, 1006.18, 9888.13, 10, 2e-20, 3e-20, 2e-20, 2e-20, -1
0.993527, -0.0191811, 0.945103, 0.05, -0.0506091, -0.063504, 0.0572987, 0.099384, 1006.01, 9619.84, 10, 2e-20, 3e-20, 2e-20, 2e-20, -1
1.00036, 0.0736276, 1.07694, 0.05, -0.0899882, -0.0377878, 0.0715692, 0.121029, 997.431, -4109.73, 10, 2e-20, 3e-20, 2e-20, 2e-20, -1
0.951075, 0.0775294, 0.941031, 0.05, 0.0214428, -0.00061798, 0.035512, 0.0414882, 1004.91, 7852.89, 10, 2e-20, 3e-20, 2e-20, 2e-20, -1
1.00118, -0.0344865, 1.14549, 0.05, 0.0028563, -0.0990224, 0.0655467, 0.118785, 1001.93, 3090.72, 10, 2e-20, 3e-20, 2e-20, 2e-20, -1
0.99562, 0.107725, 1.28233, 0.05, 0.128248, -0.307505, 0.0312864, 0.334642, 1010.37, 16590.7, 10, 2e-20, 3e-20, 2e-20, 2e-20, -1
0.999862, 0.0679782, 1.02201, 0.05, -0.0298769, -0.0190888, 0.171675, 0.175298, 1006.93, 11093.3, 10, 2e-20, 3e-20, 2e-20, 2e-20, -1
0.940327, 0.0299418, 0.976648, 0.05, -0.101955, -0.0940925, 0.0881872, 0.164393, 998.476, -2438.9, 10, 2e-20, 3e-20, 2e-20, 2e-20, -1
0.977156, 0.0453108, 1.31057, 0.05, -0.190896, -0.26104, -0.221973, 0.392244, 1003.75, 5996.28, 10, 2e-20, 3e-20, 2e-20, 2e-20, -1
1.00122, 0.0143795, 1.08053, 0.05, -0.0242915, 0.090331, 0.0371049, 0.100631, 1001.68, 2682.44, 10, 2e-20, 3e-20, 2e-20, 2e-20, -1
0.990037, -0.0818954, 1.1646, 0.05, -0.0937169, -0.23651, 0.285697, 0.382548, 999.27, -1167.64, 10, 2e-20, 3e-20, 2e-20, 2e-20, -1
0.964631, 0.0940716, 1.31952, 0.05, -0.289142, 0.0432027, 0.0129345, 0.292637, 1008.58, 13733.6, 10, 2e-20, 3e-20, 2e-20, 2e-20, -1
0.913334, 0.0500218, 1.32061, 0.05, -0.26008, 0.101685, -0.447731, 0.527679, 989.321, -17086.5, 10, 2e-20, 3e-20, 2e-20, 2e-20, -1
0.983827, 0.0357337, 1.35126, 0.05, -0.1779, 0.040635, 0.0939103, 0.205229, 997.277, -4357.57, 10, 2e-20, 3e-20, 2e-20, 2e-20, -1
0.963967, 0.0517643, 1.3658, 0.05, -0.106438, 0.134053, -0.129481, 0.214627, 993.898, -9763.43, 10, 2e-20, 3e-20, 2e-20, 2e-20, -1
0.89561, 0.0902552, 1.31423, 0.05, -0.307908, 0.11053, -0.368375, 0.492671, 999.039, -1536.97, 10, 2e-20, 3e-20, 2e-20, 2e-20, -1
0.887101, 0.234818, 1.30492, 0.05, -0.292897, -0.174811, -0.423715, 0.54395, 1004.2, 6717.9, 10, 2e-20, 3e-20, 2e-20, 2e-20, -1
1.0282, 0.153747, 1.37302, 0.05, -0.052932, -0.0782274, 0.0688684, 0.116894, 999.462, -860.145, 10, 2e-20, 3e-20, 2e-20, 2e-20, -1
0.785543, 0.131217, 1.24022, 0.05, -0.00696843, 0.0518942, -0.223267, 0.229325, 999.002, -1597.6, 10, 2e-20, 3e-20, 2e-20, 2e-20, -1
0.798303, 0.31019, 1.3442, 0.05, -0.238925, -0.185616, -0.363802, 0.47317, 1000.46, 736.835, 10, 2e-20, 3e-20, 2e-20, 2e-20, -1
0.726332, 0.157474, 1.32837, 0.05, -0.185446, -0.0386438, -0.305506, 0.359468, 999.923, -122.57, 10, 2e-20, 3e-20, 2e-20, 2e-20, -1
0.67751, -0.0734502, 1.33959, 0.05, -0.105352, -0.0114166, -0.00495689, 0.106085, 1000.7, 1124.75, 10, 2e-20, 3e-20, 2e-20, 2e-20, -1
0.780434, 0.156242, 1.35645, 0.05, -0.342594, -0.0429293, -0.376931, 0.511166, 989.549, -16722, 10, 2e-20, 3e-20, 2e-20, 2e-20, -1
0.59718, -0.223217, 1.36794, 0.05, -0.210421, 0.0514277, 0.182645, 0.283339, 997.234, -4425.39, 10, 2e-20, 3e-20, 2e-20, 2e-20, -1
0.845564, 0.152964, 1.26824, 0.05, -0.0952928, 0.0649569, -0.149568, 0.188867, 1003.72, 5956.2, 10, 2e-20, 3e-20, 2e-20, 2e-20, -1
0.730286, 0.215231, 1.2407, 0.05, -0.168923, 0.07077, -0.406208, 0.445587, 994.405, -8952.31, 10, 2e-20, 3e-20, 2e-20, 2e-20, -1
0.715142, 0.182419, 1.33538, 0.05, -0.238424, -0.103495, -0.253752, 0.363245, 1000.86, 1381.78, 10, 2e-20, 3e-20, 2e-20, 2e-20, -1
0.56063, 0.0865397, 1.34878, 0.05, -0.1668, -0.0365867, -0.000647066, 0.170766, 1003.51, 5618.54, 10, 2e-20, 3e-20, 2e-20, 2e-20, -1
0.93867, -0.0391432, 1.3763, 0.05, -0.299517, 0.0765664, -0.63634, 0.707462, 1008.64, 13816.7, 10, 2e-20, 3e-20, 2e-20, 2e-20, -1
0.637606, 0.113947, 1.32329, 0.05, -0.0434592, -0.0295591, -0.213161, 0.219545, 997.473, -4042.47, 10, 2e-20, 3e-20, 2e-20, 2e-20, -1
0.537432, 0.0492063, 1.3218, 0.05, -0.168179, -0.0442004, 0.100671, 0.200929, 1003.34, 5346.43, 10, 2e-20, 3e-20, 2e-20, 2e-20, -1
0.994528, 0.249625, 0.117594, 0.05, 0.0017614, -0.0122724, 0.0371588, 0.0391726, 1022.41, 35856.7, 10, 2e-20, 3e-20, 2e-20, 2e-20, -1
0.990194, 0.213349, 0.0671686, 0.05, -0.0798113, 0.0970727, 0.0207741, 0.127375, 1028.27, 45228.9, 10, 2e-20, 3e-20, 2e-20, 2e-20, -1
0.997423, 0.0917007, 0.245329, 0.05, 0.00331701, -0.0872629, 0.0502983, 0.100776, 1012.61, 20175.9, 10, 2e-20, 3e-20, 2e-20, 2e-20, -1
0.993189, 0.311377, 0.356272, 0.05, -0.0230882, -0.00206973, 0.0494569, 0.0546198, 1010.33, 16520.9, 10, 2e-20, 3e-20, 2e-20, 2e-20, -1
0.994719, 0.104722, 0.310675, 0.05, -0.037498, -0.154918, 0.0263185, 0.16155, 1020.62, 32995.6, 10, 2e-20, 3e-20, 2e-20, 2e-20, -1
0.994462, 0.19605, 0.403521, 0.05, 0.0118828, -0.00887546, 0.0371557, 0.0400065, 1008.91, 14259.1, 10, 2e-20, 3e-20, 2e-20, 2e-20, -1
0.999789, 0.106836, 0.388593, 0.05, -0.013846, -0.0429086, 0.110991, 0.119799, 1007.52, 12025.1, 10, 2e-20, 3e-20, 2e-20, 2e-20, -1
0.996377, 0.141652, 0.427607, 0.05, 0.00879987, -0.0440633, 0.108702, 0.117623, 1007.9, 12633, 10, 2e-20, 3e-20, 2e-20, 2e-20, -1
0.996695, 0.181035, 0.535564, 0.05, 0.0865401, 0.0333671, 0.0366435, 0.0997261, 1012.58, 20131.7, 10, 2e-20, 3e-20, 2e-20, 2e-20, -1
0.994454, 0.139687, 0.49172, 0.05, 0.0736682, -0.0558241, -0.0696234, 0.115718, 1008.81, 14100.2, 10, 2e-20, 3e-20, 2e-20, 2e-20, -1
0.993774, 0.125531, 0.543552, 0.05, 0.102835, -0.0802841, 0.116139, 0.174668, 1009.3, 14878.7, 10, 2e-20, 3e-20, 2e-20, 2e-20, -1
1.00039, 0.157134, 0.658249, 0.05, 0.0627772, -0.0428882, 0.0959882, 0.12245, 1004.69, 7508.59, 10, 2e-20, 3e-20, 2e-20, 2e-20, -1
0.995403, 0.190635, 0.704849, 0.05, -0.0092213, -0.0336567, 0.102158, 0.107954, 1008.04, 12860.3, 10, 2e-20, 3e-20, 2e-20, 2e-20, -1
0.999128, 0.206152, 0.644843, 0.05, 0.0255717, -0.131927, 0.258518, 0.291359, 1009.48, 15173.6, 10, 2e-20, 3e-20, 2e-20, 2e-20, -1
0.995386, 0.344531, 0.937301, 0.05, 0.0283811, 0.144076, 0.0342254, 0.150781, 1007.7, 12316, 10, 2e-20, 3e-20, 2e-20, 2e-20, -1
0.997308, 0.24537, 0.713092, 0.05, -0.00234752, -0.123234, -0.118554, 0.171018, 1003.44, 5505.58, 10, 2e-20, 3e-20, 2e-20, 2e-20, -1
0.996442, 0.133075, 0.728985, 0.05, 0.0264249, -0.0201172, 0.0689585, 0.0765392, 1010.09, 16143.9, 10, 2e-20, 3e-20, 2e-20, 2e-20, -1
0.999248, 0.106841, 0.672086, 0.05, 0.0488977, 0.0267938, 0.158677, 0.168188, 1005.36, 8568.22, 10, 2e-20, 3e-20, 2e-20, 2e-20, -1
0.996107, 0.252202, 0.875896, 0.05, -0.00156166, -0.0432371, 0.118277, 0.125941, 1009.96, 15934.8, 10, 2e-20, 3e-20, 2e-20, 2e-20, -1
0.99439, 0.282868, 0.947645, 0.05, 0.0230115, -0.192684, 0.0403293, 0.198199, 1008.02, 12834.7, 10, 2e-20, 3e-20, 2e-20, 2e-20, -1
0.993701, 0.0317519, 0.957323, 0.05, 0.0326035, -0.00864624, 0.0283799, 0.0440813, 1007.01, 11217.5, 10, 2e-20, 3e-20, 2e-20, 2e-20, -1
0.994937, 0.0163956, 1.01539, 0.05, 0.00517565, -0.0661454, 0.297351, 0.304663, 1006.33, 10130.6, 10, 2e-20, 3e-20, 2e-20, 2e-20, -1
0.997956, 0.153173, 1.01487, 0.05, -0.0120745, 0.148459, 0.183957, 0.236698, 1007.03, 11244.5, 10, 2e-20, 3e-20, 2e-20, 2e-20, -1
0.994432, 0.192578, 1.05328, 0.05, 0.0433472, 0.00986194, 0.190532, 0.195649, 1009.05, 14476.8, 10, 2e-20, 3e-20, 2e-20, 2e-20, -1
0.993408, 0.32855, 1.18899, 0.05, 0.0742467, -0.0303639, 0.0262553, 0.0844031, 996.566, -5494.25, 10, 2e-20, 3e-20, 2e-20, 2e-20, -1
0.995539, 0.11946, 1.04537, 0.05, -0.0124732, -0.113667, 0.30141, 0.322372, 1001.82, 2919.56, 10, 2e-20, 3e-20, 2e-20, 2e-20, -1
-0.138642, -0.15802, 1.35694, 0.05, -0.121892, 0.00887254, 0.0995949, 0.157656, 998.743, -2011.79, 10, 2e-20, 3e-20, 2e-20, 2e-20, -1
0.995785, 0.138862, 1.09541, 0.05, 0.0373373, -0.0163797, 0.0652525, 0.0769433, 1007.83, 12526, 10, 2e-20, 3e-20, 2e-20, 2e-20, -1
0.998533, 0.0801981, 1.13115, 0.05, -0.0203911, 0.116138, 0.100601, 0.154999, 999.523, -763.158, 10, 2e-20, 3e-20, 2e-20, 2e-20, -1
1.00035, 0.256504, 1.1536, 0.05, 0.0219921, -0.0663491, -0.263704, 0.272811, 1003.75, 5998.41, 10, 2e-20, 3e-20, 2e-20, 2e-20, -1
0.969252, 0.119299, 1.25184, 0.05, -0.310557, -0.322539, 0.0372473, 0.449293, 1004.93, 7882.71, 10, 2e-20, 3e-20, 2e-20, 2e-20, -1
0.966284, 0.155852, 1.33619, 0.05, -0.371277, 0.0475012, 0.122608, 0.393872, 999.142, -1373.29, 10, 2e-20, 3e-20, 2e-20, 2e-20, -1
0.904453, 0.129082, 1.29636, 0.05, -0.167406, 0.241804, -0.274625, 0.402384, 1003.4, 5443.68, 10, 2e-20, 3e-20, 2e-20, 2e-20, -1
0.930868, 0.121121, 1.33679, 0.05, -0.170331, -0.108023, -0.331389, 0.387944, 999.616, -614.47, 10, 2e-20, 3e-20, 2e-20, 2e-20, -1
0.767178, 0.364807, 1.33294, 0.05, -0.191583, -0.131767, -0.169885, 0.287971, 1001.12, 1794.62, 10, 2e-20, 3e-20, 2e-20, 2e-20, -1
0.983505, 0.119635, 1.36928, 0.05, 0.161765, 0.194129, -0.794631, 0.833842, 997.73, -3632.71, 10, 2e-20, 3e-20, 2e-20, 2e-20, -1
0.968649, 0.385061, 1.36641, 0.05, -0.0350391, -0.205608, -0.702025, 0.732353, 992.307, -12308.2, 10, 2e-20, 3e-20, 2e-20, 2e-20, -1
0.815942, 0.191782, 1.26913, 0.05, -0.15218, -0.113432, -0.278877, 0.337339, 1001.27, 2034.91, 10, 2e-20, 3e-20, 2e-20, 2e-20, -1
0.744104, 0.191266, 1.31378, 0.05, -0.211475, -0.0578345, -0.289884, 0.363454, 999.497, -804.399, 10, 2e-20, 3e-20, 2e-20, 2e-20, -1
1.05122, 0.141728, 1.37396, 0.05, 0.108768, 0.0105043, -0.00157512, 0.109286, 999.26, -1183.23, 10, 2e-20, 3e-20, 2e-20, 2e-20, -1
0.682223, 0.228903, 1.33608, 0.05, -0.284814, -0.0203568, -0.316724, 0.426436, 1002.48, 3966.83, 10, 2e-20, 3e-20, 2e-20, 2e-20, -1
0.8476, 0.0397101, 1.24652, 0.05, -0.0405121, 0.142653, -0.174677, 0.229136, 1002.6, 4152.29, 10, 2e-20, 3e-20, 2e-20, 2e-20, -1
0.361549, 0.466752, 1.39997, 0.05, -0.0922433, -0.0482562, 0.0493793, 0.115221, 998.27, -2767.35, 10, 2e-20, 3e-20, 2e-20, 2e-20, -1
0.801345, 0.0526564, 1.2772, 0.05, -0.231563, 0.0729735, -0.191041, 0.308939, 1002.62, 4195.97, 10, 2e-20, 3e-20, 2e-20, 2e-20, -1
0.790808, 0.221535, 1.32132, 0.05, -0.261392, -0.0563189, -0.300294, 0.402087, 997.147, -4565.08, 10, 2e-20, 3e-20, 2e-20, 2e-20, -1
0.76929, 0.227068, 1.16013, 0.05, -0.160034, -0.126815, -0.251903, 0.324265, 1002.5, 4004.98, 10, 2e-20, 3e-20, 2e-20, 2e-20, -1
0.234407, 0.478325, 1.36572, 0.05, -0.0244577, -0.0698018, 0.0347883, 0.0817355, 997.389, -4177.43, 10, 2e-20, 3e-20, 2e-20, 2e-20, -1
0.687431, 0.0783233, 1.30397, 0.05, -0.079261, -0.0175426, -0.175113, 0.193014, 1002.08, 3321.36, 10, 2e-20, 3e-20, 2e-20, 2e-20, -1
0.593302, 0.11091, 1.35452, 0.05, -0.229484, -0.120236, -0.0724019, 0.269001, 999.176, -1318.68, 10, 2e-20, 3e-20, 2e-20, 2e-20, -1
0.967837, 0.293552, 1.36871, 0.05, -0.0501309, -0.0542821, -0.629375, 0.633698, 1006.38, 10215.7, 10, 2e-20, 3e-20, 2e-20, 2e-20, -1
0.93371, 0.202861, 1.35017, 0.05, -0.334454, -0.0883251, -0.351195, 0.492948, 1000.18, 291.88, 10, 2e-20, 3e-20, 2e-20, 2e-20, -1
1.00149, 0.323291, 0.127828, 0.05, -0.039308, 0.0152992, 0.082463, 0.0926247, 1012.67, 20271.6, 10, 2e-20, 3e-20, 2e-20, 2e-20, -1
0.996592, 0.380275, 0.173769, 0.05, -0.0284712, -0.0298219, 0.0858774, 0.0952622, 1022.07, 35313.2, 10, 2e-20, 3e-20, 2e-20, 2e-20, -1
0.997167, 0.369442, 0.247076, 0.05, -0.0135212, 0.0775215, -0.0844347, 0.115419, 1013.04, 20860.6, 10, 2e-20, 3e-20, 2e-20, 2e-20, -1
0.994153, 0.361771, 0.331389, 0.05, -0.040286, -0.00186497, 0.0459502, 0.061138, 1015.01, 24013.6, 10, 2e-20, 3e-20, 2e-20, 2e-20, -1
0.994401, 0.251707, 0.383169, 0.05, 0.031611, 0.0699857, 0.0733768, 0.106214, 1016.69, 26708.4, 10, 2e-20, 3e-20, 2e-20, 2e-20, -1
0.991214, 0.49071, 0.666644, 0.05, -0.010521, -0.0890033, 0.17975, 0.200854, 1009.71, 15542.3, 10, 2e-20, 3e-20, 2e-20, 2e-20, -1
0.999004, 0.187441, 0.464504, 0.05, 0.0377636, 0.0846431, 0.0239173, 0.0957214, 1008.94, 14298.6, 10, 2e-20, 3e-20, 2e-20, 2e-20, -1
0.994258, 0.302849, 0.605807, 0.05, 0.0227696, 0.129045, -0.00860515, 0.13132, 1014.2, 22726.2, 10, 2e-20, 3e-20, 2e-20, 2e-20, -1
0.998653, 0.330397, 0.772623, 0.05, -0.0338844, -0.0438838, 0.112262, 0.125207, 1006.03, 9652.45, 10, 2e-20, 3e-20, 2e-20, 2e-20, -1
0.993776, 0.292706, 0.816954, 0.05, 0.0555265, 0.0333823, -0.0222109, 0.06849, 1014.21, 22728.6, 10, 2e-20, 3e-20, 2e-20, 2e-20, -1
0.994221, 0.202079, 0.586736, 0.05, 0.0313044, -0.0670028, 0.0468097, 0.0875242, 1013.14, 21021.5, 10, 2e-20, 3e-20, 2e-20, 2e-20, -1
0.995059, 0.258374, 0.56698, 0.05, -0.00642535, -0.00363122, -0.0823947, 0.0827246, 1015.19, 24306.7, 10, 2e-20, 3e-20, 2e-20, 2e-20, -1
0.996311, 0.191961, 0.763894, 0.05, 0.0191346, 0.0136642, 0.0718434, 0.0755931, 1007.28, 11647.4, 10, 2e-20, 3e-20, 2e-20, 2e-20, -1
0.941842, 0.436579, 1.25307, 0.05, -0.0442962, -0.0476249, -0.0265807, 0.0702625, 1007.71, 12341.7, 10, 2e-20, 3e-20, 2e-20, 2e-20, -1
0.907469, 0.176215, 1.35199, 0.05, -0.316521, 0.0463786, -0.652302, 0.726522, 1002.1, 3356.76, 10, 2e-20, 3e-20, 2e-20, 2e-20, -1
1.00012, 0.307582, 0.895211, 0.05, 0.0393934, 0.0074816, -0.0271724, 0.0484371, 1006.41, 10256, 10, 2e-20, 3e-20, 2e-20, 2e-20, -1
0.946946, 0.400798, 1.13446, 0.05, -0.0411002, -0.0746626, -0.091496, 0.125041, 1008.08, 12921.6, 10, 2e-20, 3e-20, 2e-20, 2e-20, -1
0.986247, 0.443194, 1.21687, 0.05, -0.0294214, 0.0420536, 0.177416, 0.184691, 1002.68, 4286.6, 10, 2e-20, 3e-20, 2e-20, 2e-20, -1
0.9962, 0.327823, 0.989911, 0.05, 0.0129723, 0.0365412, 0.120396, 0.126487, 1007.8, 12486.4, 10, 2e-20, 3e-20, 2e-20, 2e-20, -1
0.987963, 0.368422, 1.217, 0.05, 0.0321915, -0.0584166, 0.0193563, 0.0694511, 1005.39, 8623.13, 10, 2e-20, 3e-20, 2e-20, 2e-20, -1
0.999072, 0.421373, 1.26202, 0.05, -0.00612954, -0.070117, -0.0811594, 0.107428, 999.507, -789.54, 10, 2e-20, 3e-20, 2e-20, 2e-20, -1
0.990752, 0.300402, 1.23567, 0.05, -0.102563, 0.175105, -0.0654888, 0.213236, 1001.11, 1782.16, 10, 2e-20, 3e-20, 2e-20, 2e-20, -1
0.998039, 0.259892, 1.00211, 0.05, -0.0190389, -0.0457499, 0.0565775, 0.07521, 1005.04, 8062.4, 10, 2e-20, 3e-20, 2e-20, 2e-20, -1
0.991642, 0.300669, 1.04063, 0.05, 0.0250334, 0.0504396, 0.132858, 0.144299, 1004.82, 7715.45, 10, 2e-20, 3e-20, 2e-20, 2e-20, -1
0.99618, 0.246286, 1.05378, 0.05, 0.125633, -0.132252, 0.123126, 0.220077, 1005.78, 9251.3, 10, 2e-20, 3e-20, 2e-20, 2e-20, -1
0.992832, 0.405335, 1.19158, 0.05, -0.0858771, -0.133315, 0.0665949, 0.171996, 1000.91, 1459.65, 10, 2e-20, 3e-20, 2e-20, 2e-20, -1
0.847203, 0.431685, 1.35802, 0.05, -0.177888, -0.116274, -0.0247882, 0.213959, 1001.57, 2518.6, 10, 2e-20, 3e-20, 2e-20, 2e-20, -1
0.999584, 0.205017, 0.986678, 0.05, -0.0386724, 0.0793446, 0.0925986, 0.127928, 1008.64, 13817.1, 10, 2e-20, 3e-20, 2e-20, 2e-20, -1
0.990992, 0.308472, 1.14463, 0.05, 0.027373, -0.152131, 0.0794076, 0.173777, 1004.06, 6493.75, 10, 2e-20, 3e-20, 2e-20, 2e-20, -1
0.911612, 0.20197, 1.24988, 0.05, -0.00690143, -0.22452, -0.0268274, 0.226222, 1009.32, 14907, 10, 2e-20, 3e-20, 2e-20, 2e-20, -1
0.991148, 0.211298, 1.35185, 0.05, 0.0884046, 0.0869131, -0.232177, 0.263202, 1001.55, 2473.21, 10, 2e-20, 3e-20, 2e-20, 2e-20, -1
0.974328, 0.185489, 1.27507, 0.05, -0.380825, 0.0340687, -0.0215447, 0.382952, 1000.37, 592.759, 10, 2e-20, 3e-20, 2e-20, 2e-20, -1
0.866028, 0.199148, 1.28108, 0.05, -0.139105, -0.0918809, -0.369453, 0.405324, 1004.95, 7915.71, 10, 2e-20, 3e-20, 2e-20, 2e-20, -1
0.872818, 0.167707, 1.32416, 0.05, -0.107219, -0.0204456, -0.25221, 0.274816, 1003.73, 5974.27, 10, 2e-20, 3e-20, 2e-20, 2e-20, -1
0.891967, 0.257001, 1.09628, 0.05, -0.0347081, -0.000102852, -0.193701, 0.196786, 999.485, -823.91, 10, 2e-20, 3e-20, 2e-20, 2e-20, -1
0.857652, 0.105273, 1.24703, 0.05, -0.14913, -0.131411, -0.171251, 0.262365, 1000.47, 757.085, 10, 2e-20, 3e-20, 2e-20, 2e-20, -1
1.01234, 0.142905, 1.4454, 0.05, 0.0142539, -0.0372163, -0.5804, 0.581767, 999.174, -1321.46, 10, 2e-20, 3e-20, 2e-20, 2e-20, -1
0.972792, 0.219449, 1.31033, 0.05, -0.0387517, 0.146952, -0.111635, 0.188571, 1003.94, 6299.8, 10, 2e-20, 3e-20, 2e-20, 2e-20, -1
0.844312, 0.234854, 1.27594, 0.05, -0.259265, -0.197871, -0.341395, 0.472147, 999.709, -465.999, 10, 2e-20, 3e-20, 2e-20, 2e-20, -1
0.859403, 0.384001, 1.1457, 0.05, -0.0981912, 0.000144598, -0.0930131, 0.135251, 1000.09, 136.449, 10, 2e-20, 3e-20, 2e-20, 2e-20, -1
0.763391, 0.296236, 1.21465, 0.05, -0.119971, 0.0586084, -0.338537, 0.363917, 1000.43, 685.465, 10, 2e-20, 3e-20, 2e-20, 2e-20, -1
0.642151, 0.379275, 1.32092, 0.05, -0.221016, -0.14518, -0.13474, 0.296783, 1004.73, 7565.22, 10, 2e-20, 3e-20, 2e-20, 2e-20, -1
0.860141, 0.308663, 1.21165, 0.05, -0.082656, -0.131704, -0.211275, 0.262327, 1002.67, 4267.89, 10, 2e-20, 3e-20, 2e-20, 2e-20, -1
0.62647, 0.00664299, 1.35469, 0.05, -0.00483474, 0.037599, 0.128975, 0.13443, 998.547, -2324.43, 10, 2e-20, 3e-20, 2e-20, 2e-20, -1
0.671919, 0.403436, 1.35165, 0.05, -0.231475, -0.126932, -0.162693, 0.310099, 995.449, -7281.23, 10, 2e-20, 3e-20, 2e-20, 2e-20, -1
0.731506, 0.286664, 1.28152, 0.05, -0.263723, -0.0490679, -0.270529, 0.380977, 1002.52, 4026.68, 10, 2e-20, 3e-20, 2e-20, 2e-20, -1
0.649885, 0.451071, 1.34741, 0.05, -0.0758618, -0.180099, -0.231112, 0.30266, 1000.83, 1329.36, 10, 2e-20, 3e-20, 2e-20, 2e-20, -1
0.809946, 0.32885, 1.31738, 0.05, -0.307882, -0.173509, -0.167685, 0.391171, 999.511, -782.123, 10, 2e-20, 3e-20, 2e-20, 2e-20, -1
0.963972, 0.213496, 1.31058, 0.05, -0.223721, 0.141048, -0.20001, 0.331587, 1004.33, 6929.29, 10, 2e-20, 3e-20, 2e-20, 2e-20, -1
0.846713, 0.203738, 1.34527, 0.05, -0.267402, 0.0418034, -0.278845, 0.388595, 998.152, -2956.45, 10, 2e-20, 3e-20, 2e-20, 2e-20, -1
0.632822, 0.228772, 1.2804, 0.05, -0.10862, -0.0596531, -0.127847, 0.17805, 1001.21, 1932.61, 10, 2e-20, 3e-20, 2e-20, 2e-20, -1
0.995322, 0.389184, 0.115624, 0.05, -0.0812609, 0.0942212, 0.0196217, 0.12596, 1019.31, 30895, 10, 2e-20, 3e-20, 2e-20, 2e-20, -1
0.991958, 0.446035, 0.11768, 0.05, -0.0630461, 0.0686708, -0.0423827, 0.102405, 1024.42, 39065, 10, 2e-20, 3e-20, 2e-20, 2e-20, -1
0.996226, 0.408809, 0.29915, 0.05, 0.024175, -0.0861229, -0.0608346, 0.108178, 1018.67, 29876.8, 10, 2e-20, 3e-20, 2e-20, 2e-20, -1
0.99669, 0.395835, 0.377652, 0.05, -0.0433635, -0.0888458, -0.0961477, 0.137907, 1009.6, 15362.7, 10, 2e-20, 3e-20, 2e-20, 2e-20, -1
0.997675, 0.36114, 0.50758, 0.05, 0.0149736, 0.097587, 0.055237, 0.113131, 1015.21, 24328.6, 10, 2e-20, 3e-20, 2e-20, 2e-20, -1
0.996662, 0.428439, 0.613594, 0.05, 0.123438, -0.00630933, 0.0792738, 0.146837, 1007.1, 11356.9, 10, 2e-20, 3e-20, 2e-20, 2e-20, -1
0.995615, 0.353848, 0.409251, 0.05, 0.0377919, -0.0535598, -0.0051861, 0.0657554, 1012.85, 20561, 10, 2e-20, 3e-20, 2e-20, 2e-20, -1
0.994647, 0.387449, 0.556296, 0.05, 0.032255, 0.116526, 0.0955554, 0.154109, 1009.36, 14977.8, 10, 2e-20, 3e-20, 2e-20, 2e-20, -1
0.992683, 0.302582, 0.406608, 0.05, 0.0039939, 0.0982286, -0.00705986, 0.0985629, 1012.21, 19535, 10, 2e-20, 3e-20, 2e-20, 2e-20, -1
0.996873, 0.430606, 0.718032, 0.05, -0.00536294, 0.0584471, 0.0176278, 0.0612827, 1011.84, 18942.5, 10, 2e-20, 3e-20, 2e-20, 2e-20, -1
1.00028, 0.256971, 0.761659, 0.05, 0.082287, -0.00368991, 0.0643506, 0.104526, 1004.47, 7155.65, 10, 2e-20, 3e-20, 2e-20, 2e-20, -1
0.994482, 0.321331, 0.662762, 0.05, 0.0189273, -0.0174585, 0.0619148, 0.0670558, 1019.02, 30427.1, 10, 2e-20, 3e-20, 2e-20, 2e-20, -1
0.998732, 0.36187, 0.601803, 0.05, 0.0165208, 0.0517516, 0.0640474, 0.0839835, 1008.72, 13951.8, 10, 2e-20, 3e-20, 2e-20, 2e-20, -1
0.996409, 0.309271, 0.722419, 0.05, 0.00138664, 0.0201181, 0.0041392, 0.0205863, 1007.99, 12788.4, 10, 2e-20, 3e-20, 2e-20, 2e-20, -1
0.994991, 0.393738, 0.955394, 0.05, 0.00899586, -0.0305163, 0.00266342, 0.0319259, 1012.05, 19276.9, 10, 2e-20, 3e-20, 2e-20, 2e-20, -1
0.999117, 0.375721, 0.891962, 0.05, 0.01008, -0.0141934, 0.0694146, 0.0715643, 1003.37, 5394.25, 10, 2e-20, 3e-20, 2e-20, 2e-20, -1
0.96079, 0.277896, 0.74171, 0.05, -0.0172908, -0.017817, -0.0216218, 0.032923, 1004.47, 7151.16, 10, 2e-20, 3e-20, 2e-20, 2e-20, -1
0.996397, 0.489755, 1.10198, 0.05, -0.0294736, 0.0473231, 0.125092, 0.136953, 1006.7, 10718.1, 10, 2e-20, 3e-20, 2e-20, 2e-20, -1
0.997673, 0.388905, 1.0065, 0.05, -0.0135896, -0.17538, 0.0687907, 0.188878, 1007.46, 11930.3, 10, 2e-20, 3e-20, 2e-20, 2e-20, -1
0.853532, 0.4702, 1.32386, 0.05, -0.128643, 0.0298735, -0.283176, 0.312458, 999.432, -909.284, 10, 2e-20, 3e-20, 2e-20, 2e-20, -1
0.991822, 0.35356, 1.03603, 0.05, 0.00465894, 0.0291436, 0.163797, 0.166435, 1005.39, 8629.6, 10, 2e-20, 3e-20, 2e-20, 2e-20, -1
0.930509, 0.368104, 1.28774, 0.05, -0.18271, -0.114037, -0.323099, 0.388305, 1004.03, 6443.12, 10, 2e-20, 3e-20, 2e-20, 2e-20, -1
0.998224, 0.420107, 1.31291, 0.05, 0.00145756, -0.0281927, -0.183441, 0.185601, 1005.47, 8752.51, 10, 2e-20, 3e-20, 2e-20, 2e-20, -1
0.931369, 0.422777, 1.20079, 0.05, 0.0261483, 0.0215641, -0.137678, 0.141788, 1000.94, 1498.56, 10, 2e-20, 3e-20, 2e-20, 2e-20, -1
0.94575, 0.444733, 1.07099, 0.05, 0.01916, -0.0374935, -0.1632, 0.168544, 995.966, -6454.85, 10, 2e-20, 3e-20, 2e-20, 2e-20, -1
0.99724, 0.440001, 1.06015, 0.05, 0.0412075, -0.13047, 0.0342023, 0.141033, 1003.47, 5557.12, 10, 2e-20, 3e-20, 2e-20, 2e-20, -1
0.995148, 0.312225, 1.09339, 0.05, 0.0761783, 0.13436, 0.112052, 0.190818, 1006.3, 10083.7, 10, 2e-20, 3e-20, 2e-20, 2e-20, -1
0.987662, 0.274479, 1.19728, 0.05, 0.0814265, 0.0341376, -0.081746, 0.120325, 997.815, -3496.29, 10, 2e-20, 3e-20, 2e-20, 2e-20, -1
0.998429, 0.238645, 1.26019, 0.05, 0.114647, 0.0230469, 0.105851, 0.157732, 1009.78, 15652.4, 10, 2e-20, 3e-20, 2e-20, 2e-20, -1
0.97791, 0.29988, 1.3199, 0.05, -0.0250102, -0.143347, -0.127417, 0.193414, 1006.69, 10705.7, 10, 2e-20, 3e-20, 2e-20, 2e-20, -1
0.980048, 0.363799, 1.25211, 0.05, 0.0149199, -0.0547547, -0.149575, 0.159979, 1002.18, 3482.56, 10, 2e-20, 3e-20, 2e-20, 2e-20, -1
0.945417, 0.181228, 1.30297, 0.05, -0.533385, 0.059041, -0.281979, 0.606216, 1003.06, 4893.45, 10, 2e-20, 3e-20, 2e-20, 2e-20, -1
0.928411, 0.260454, 1.25507, 0.05, 0.0118159, 0.0201359, -0.196188, 0.197573, 1002.64, 4223.16, 10, 2e-20, 3e-20, 2e-20, 2e-20, -1
0.912299, 0.239055, 1.29195, 0.05, -0.187324, -0.120238, -0.349497, 0.414362, 1005.04, 8071.9, 10, 2e-20, 3e-20, 2e-20, 2e-20, -1
0.922259, 0.215666, 1.1915, 0.05, 0.139134, -0.133087, -0.203111, 0.279865, 1000.83, 1320.29, 10, 2e-20, 3e-20, 2e-20, 2e-20, -1
0.902994, 0.255831, 1.20658, 0.05, -0.18441, 0.040291, -0.402837, 0.444869, 1004.57, 7317.93, 10, 2e-20, 3e-20, 2e-20, 2e-20, -1
0.62529, 0.4569, 1.38696, 0.05, -0.062649, -0.275754, -0.0360768, 0.285073, 995.922, -6524.93, 10, 2e-20, 3e-20, 2e-20, 2e-20, -1
0.904243, 0.248267, 1.22708, 0.05, -0.0752266, -0.034039, -0.268732, 0.281131, 1006.11, 9778.89, 10, 2e-20, 3e-20, 2e-20, 2e-20, -1
0.839203, 0.289383, 1.25829, 0.05, -0.141741, 0.0207351, -0.427909, 0.45125, 1001.01, 1618.38, 10, 2e-20, 3e-20, 2e-20, 2e-20, -1
0.970217, 0.414451, 1.31563, 0.05, -0.303785, -0.075047, -0.208825, 0.376199, 1000.38, 607.114, 10, 2e-20, 3e-20, 2e-20, 2e-20, -1
0.851772, 0.241103, 1.2394, 0.05, -0.148103, -0.0291654, -0.427332, 0.453208, 998.359, -2624.95, 10, 2e-20, 3e-20, 2e-20, 2e-20, -1
0.710187, 0.295348, 1.0972, 0.05, -0.0610467, -0.0667605, -0.26823, 0.283074, 1003.46, 5529.35, 10, 2e-20, 3e-20, 2e-20, 2e-20, -1
0.833268, 0.272199, 1.18485, 0.05, -0.1264, -0.0171113, -0.130259, 0.18231, 1002.6, 4160.63, 10, 2e-20, 3e-20, 2e-20, 2e-20, -1
0.985686, 0.363894, 1.29475, 0.05, 0.0813731, -0.00444428, -0.30419, 0.314918, 998.264, -2778.05, 10, 2e-20, 3e-20, 2e-20, 2e-20, -1
0.745807, 0.116084, 1.33299, 0.05, -0.197375, 0.0475149, -0.236981, 0.312049, 995.798, -6723.18, 10, 2e-20, 3e-20, 2e-20, 2e-20, -1
1.00962, 0.319897, 1.37174, 0.05, -0.014938, 0.0625999, -0.327115, 0.333386, 998.249, -2800.94, 10, 2e-20, 3e-20, 2e-20, 2e-20, -1
0.383361, 0.3049, 1.40119, 0.05, -0.209131, -0.21487, 0.0594308, 0.305675, 997.226, -4437.72, 10, 2e-20, 3e-20, 2e-20, 2e-20, -1
1.01169, 0.249305, 1.33918, 0.05, 0.0580242, -0.0724384, -0.0836622, 0.124954, 998.351, -2639.13, 10, 2e-20, 3e-20, 2e-20, 2e-20, -1
0.86491, 0.344239, 1.17341, 0.05, -0.0604498, -0.0643837, -0.158987, 0.181869, 999.037, -1541.13, 10, 2e-20, 3e-20, 2e-20, 2e-20, -1
0.843667, 0.320655, 1.30726, 0.05, -0.0893653, -0.199272, -0.426759, 0.479394, 999.888, -179.392, 10, 2e-20, 3e-20, 2e-20, 2e-20, -1
0.774294, 0.151982, 1.22906, 0.05, -0.0596956, 0.0690642, -0.350019, 0.361728, 1000.62, 988.443, 10, 2e-20, 3e-20, 2e-20, 2e-20, -1
0.989664, 0.49185, 0.204234, 0.05, -0.0591746, 0.135268, -0.00230476, 0.147663, 1018.4, 29443.4, 10, 2e-20, 3e-20, 2e-20, 2e-20, -1
0.990846, 0.489039, 0.91813, 0.05, 0.0587172, -0.0269302, 0.134964, 0.149627, 1013.8, 22076.4, 10, 2e-20, 3e-20, 2e-20, 2e-20, -1
0.993599, 0.443598, 0.344121, 0.05, -0.0688117, -0.00486408, -0.00570936, 0.0692192, 1013.89, 22230.2, 10, 2e-20, 3e-20, 2e-20, 2e-20, -1
0.996394, 0.435504, 0.41892, 0.05, 0.00549214, 0.0882363, 0.0471612, 0.1002, 1012.56, 20089.2, 10, 2e-20, 3e-20, 2e-20, 2e-20, -1
0.994881, 0.386342, 0.454487, 0.05, 0.0400434, -0.0028605, 0.0670647, 0.0781622, 1015.48, 24771.1, 10, 2e-20, 3e-20, 2e-20, 2e-20, -1
0.554486, 0.441889, 4.05334, 0.05, -0.000596155, 0.000731749, -7.35448e-05, 0.000946713, 999.866, -214.666, 10, 2e-20, 3e-20, 2e-20, 2e-20, -1
0.991035, 0.487412, 0.859536, 0.05, 0.086545, -0.00723671, 0.0761235, 0.115487, 1013.64, 21823.7, 10, 2e-20, 3e-20, 2e-20, 2e-20, -1
0.994692, 0.424966, 0.505238, 0.05, -0.00137832, 0.153834, 0.0621075, 0.165904, 1015.03, 24041.1, 10, 2e-20, 3e-20, 2e-20, 2e-20, -1
0.174541, 0.144012, 1.28774, 0.05, -0.212085, -0.0143847, 0.0690702, 0.223513, 1000.16, 256.493, 10, 2e-20, 3e-20, 2e-20, 2e-20, -1
-0.0596226, 0.182887, 1.30185, 0.05, -0.00176169, -0.0220594, -0.0513944, 0.0559563, 1004.5, 7201.51, 10, 2e-20, 3e-20, 2e-20, 2e-20, -1
0.992502, 0.449806, 0.773439, 0.05, 0.00797789, 0.109688, 0.260796, 0.283036, 1010.15, 16243.3, 10, 2e-20, 3e-20, 2e-20, 2e-20, -1
1.00045, 0.431791, 0.882318, 0.05, 0.0417895, -0.0354115, 0.201819, 0.20912, 1004.44, 7098.61, 10, 2e-20, 3e-20, 2e-20, 2e-20, -1
0.755118, 0.385413, 1.256, 0.05, -0.209972, -0.182691, -0.234286, 0.363805, 998.657, -2148.83, 10, 2e-20, 3e-20, 2e-20, 2e-20, -1
0.983406, 0.482957, 1.29438, 0.05, 0.00264354, -0.0339513, 0.00478489, 0.0343886, 1007.68, 12282.4, 10, 2e-20, 3e-20, 2e-20, 2e-20, -1
-0.104673, 0.0677838, 1.40046, 0.05, -0.0156819, -0.0209862, 0.131655, 0.134236, 1003.14, 5026.74, 10, 2e-20, 3e-20, 2e-20, 2e-20, -1
0.69363, 0.43705, 1.27293, 0.05, -0.224785, -0.103654, -0.120697, 0.275391, 1002.35, 3761.07, 10, 2e-20, 3e-20, 2e-20, 2e-20, -1
0.765459, 0.400875, 1.34674, 0.05, -0.098648, -0.100443, -0.201842, 0.24609, 1003.98, 6369.05, 10, 2e-20, 3e-20, 2e-20, 2e-20, -1
0.883174, 0.375983, 1.20699, 0.05, -0.11627, -0.0516423, -0.291272, 0.317844, 999.881, -191.002, 10, 2e-20, 3e-20, 2e-20, 2e-20, -1
0.0775392, -0.12875, 1.35777, 0.05, 0.0355522, -0.0344488, 0.141761, 0.150156, 1001.45, 2315.95, 10, 2e-20, 3e-20, 2e-20, 2e-20, -1
0.906001, 0.41219, 1.33417, 0.05, -0.16374, -0.0990402, -0.173072, 0.258019, 997.993, -3211.1, 10, 2e-20, 3e-20, 2e-20, 2e-20, -1
-0.100396, 0.109192, 1.36674, 0.05, 0.0986813, -0.210475, -0.294741, 0.375379, 999.271, -1166.87, 10, 2e-20, 3e-20, 2e-20, 2e-20, -1
0.672068, 0.4994, 1.30348, 0.05, -0.0322625, -0.0837983, -0.156965, 0.180835, 1000.01, 19.9916, 10, 2e-20, 3e-20, 2e-20, 2e-20, -1
0.92057, 0.382806, 1.23975, 0.05, -0.0144562, -0.00675927, -0.303347, 0.303767, 1008.6, 13766.4, 10, 2e-20, 3e-20, 2e-20, 2e-20, -1
1.02267, 0.255038, 1.58856, 0.05, -0.00128533, -0.000291713, -0.238936, 0.23894, 1000, 3.27056, 10, 2e-20, 3e-20, 2e-20, 2e-20, -1
0.26913, 0.302696, 1.38282, 0.05, -0.278241, -0.13999, -0.0427595, 0.314394, 1002.19, 3500.15, 10, 2e-20, 3e-20, 2e-20, 2e-20, -1
0.124596, -0.0638074, 1.28996, 0.05, 0.0666882, 0.0545683, 0.140089, 0.164469, 1001.92, 3077.44, 10, 2e-20, 3e-20, 2e-20, 2e-20, -1
-0.269481, -0.130577, 1.27651, 0.05, 0.0669353, -0.148111, 0.205053, 0.261656, 1004.96, 7943.98, 10, 2e-20, 3e-20, 2e-20, 2e-20, -1
0.824112, 0.509136, 1.66043, 0.05, 5.29544e-05, -0.00968383, -0.559992, 0.560075, 999.992, -12.0823, 10, 2e-20, 3e-20, 2e-20, 2e-20, -1
0.917754, 0.281892, 1.33051, 0.05, -0.223111, -0.0708035, -0.492357, 0.545167, 997.761, -3583.15, 10, 2e-20, 3e-20, 2e-20, 2e-20, -1
0.950495, 0.482083, 1.34493, 0.05, -0.050921, -0.0666412, -0.426781, 0.434944, 998.537, -2340.37, 10, 2e-20, 3e-20, 2e-20, 2e-20, -1
0.904948, 0.293376, 1.26359, 0.05, -0.203849, 0.00400591, -0.318334, 0.37803, 998.58, -2272.39, 10, 2e-20, 3e-20, 2e-20, 2e-20, -1
0.190458, -0.0611574, 1.4496, 0.05, -0.303549, -0.0221134, 0.737858, 0.798164, 998.529, -2352.96, 10, 2e-20, 3e-20, 2e-20, 2e-20, -1
0.713462, 0.41999, 1.12145, 0.05, -0.0942562, 0.05345, -0.229309, 0.253621, 1000.29, 457.966, 10, 2e-20, 3e-20, 2e-20, 2e-20, -1
-0.294703, -0.18371, 1.28199, 0.05, -0.0298131, -0.116283, 0.000738554, 0.120047, 1000.15, 233.043, 10, 2e-20, 3e-20, 2e-20, 2e-20, -1
1.01837, 0.332493, 1.31336, 0.05, 0.136199, -0.0822668, -0.108733, 0.19272, 999.362, -1021.49, 10, 2e-20, 3e-20, 2e-20, 2e-20, -1
-0.051076, 0.199648, 1.26461, 0.05, -0.136448, -0.0209541, -0.21495, 0.255461, 1002.52, 4036, 10, 2e-20, 3e-20, 2e-20, 2e-20, -1
0.193464, -0.139142, 1.46681, 0.05, -0.296412, 0.192857, 0.698894, 0.783267, 1001.69, 2696.99, 10, 2e-20, 3e-20, 2e-20, 2e-20, -1
0.732797, 0.409722, 1.31365, 0.05, -0.247539, -0.251704, -0.315273, 0.473315, 999.97, -47.2121, 10, 2e-20, 3e-20, 2e-20, 2e-20, -1
0.792962, 0.252741, 1.26023, 0.05, -0.136998, -0.0552766, -0.226106, 0.270089, 1000.66, 1049.43, 10, 2e-20, 3e-20, 2e-20, 2e-20, -1
-0.0272707, 0.251017, 1.34581, 0.05, -0.0829095, -0.0158093, -0.157958, 0.179094, 1000.84, 1351.86, 10, 2e-20, 3e-20, 2e-20, 2e-20, -1
-0.236761, -0.253325, 1.43974, 0.05, 0.144292, -0.0719234, 0.225513, 0.277217, 997.67, -3728.52, 10, 2e-20, 3e-20, 2e-20, 2e-20, -1
0.682334, 0.463123, 1.31098, 0.05, -0.174524, -0.270127, -0.216063, 0.387441, 1001.6, 2563.66, 10, 2e-20, 3e-20, 2e-20, 2e-20, -1
0.291155, 0.0415146, 1.44511, 0.05, -0.213061, 0.0072141, 0.329393, 0.392361, 1001.57, 2514.28, 10, 2e-20, 3e-20, 2e-20, 2e-20, -1
1.00565, 0.25582, 1.33355, 0.05, 0.0897489, -0.0942164, -0.0582358, 0.142559, 998.856, -1829.68, 10, 2e-20, 3e-20, 2e-20, 2e-20, -1
0.697291, -0.210761, 1.3057, 0.05, -0.147681, 0.0264331, -0.154924, 0.215661, 1002.91, 4656.33, 10, 2e-20, 3e-20, 2e-20, 2e-20, -1
0.941624, 0.292886, 1.30144, 0.05, -0.28308, -0.186662, -0.48551, 0.592197, 999.279, -1153.15, 10, 2e-20, 3e-20, 2e-20, 2e-20, -1
0.721792, -0.251298, 1.29763, 0.05, -0.350289, 0.0482671, -0.0536872, 0.357651, 1001.43, 2288, 10, 2e-20, 3e-20, 2e-20, 2e-20, -1
0.934684, 0.338151, 1.33346, 0.05, -0.443962, -0.112669, -0.204188, 0.501488, 1005.4, 8632.69, 10, 2e-20, 3e-20, 2e-20, 2e-20, -1
0.729647, 0.356479, 1.33473, 0.05, -0.282203, -0.071403, -0.297564, 0.416271, 998.124, -3001.15, 10, 2e-20, 3e-20, 2e-20, 2e-20, -1
0.750366, 0.269448, 1.18644, 0.05, -0.354292, 0.0219432, -0.250488, 0.434452, 1001.55, 2484.91, 10, 2e-20, 3e-20, 2e-20, 2e-20, -1
0.600749, 0.309436, 1.37041, 0.05, -0.17701, -0.022637, -0.0654399, 0.190072, 1003.15, 5034.86, 10, 2e-20, 3e-20, 2e-20, 2e-20, -1
0.992883, 0.436759, 0.0529495, 0.05, -0.0123783, 0.055833, 0.0701146, 0.0904799, 1013.48, 21571.3, 10, 2e-20, 3e-20, 2e-20, 2e-20, -1
0.988504, 0.48689, 0.38961, 0.05, 0.024146, 0.0436382, -0.0415321, 0.0649018, 1023.86, 38168.9, 10, 2e-20, 3e-20, 2e-20, 2e-20, -1
0.990296, 0.488062, 0.604018, 0.05, -0.0339266, -0.0507676, -0.0601585, 0.0857171, 1019.27, 30833.4, 10, 2e-20, 3e-20, 2e-20, 2e-20, -1
0.933068, 0.50284, 0.268314, 0.05, -0.0614623, 0.0855163, -0.101681, 0.146389, 1009.48, 15164.2, 10, 2e-20, 3e-20, 2e-20, 2e-20, -1
0.996904, 0.493828, 0.460816, 0.05, 0.122547, -0.0760719, 0.0492319, 0.152409, 1011.64, 18628.7, 10, 2e-20, 3e-20, 2e-20, 2e-20, -1
0.994939, 0.355814, 1.27081, 0.05, 0.165034, -0.108014, -0.218229, 0.294155, 996.962, -4861.07, 10, 2e-20, 3e-20, 2e-20, 2e-20, -1
0.995291, 0.439903, 0.666146, 0.05, 0.071656, -0.182079, 0.0949417, 0.217488, 1007.86, 12570.7, 10, 2e-20, 3e-20, 2e-20, 2e-20, -1
0.990517, 0.490036, 1.2526, 0.05, 0.1231, -0.00111121, 0.104797, 0.161671, 1003.78, 6046.83, 10, 2e-20, 3e-20, 2e-20, 2e-20, -1
0.938356, 0.496954, 0.688968, 0.05, 0.000722413, -0.0127837, 0.0798382, 0.0808584, 1004.03, 6450.6, 10, 2e-20, 3e-20, 2e-20, 2e-20, -1
0.995735, 0.447543, 0.993133, 0.05, -0.0547146, -0.0248386, 0.141214, 0.153467, 1009.07, 14507.9, 10, 2e-20, 3e-20, 2e-20, 2e-20, -1
0.951972, 0.493255, 0.810525, 0.05, 0.10096, -0.0332028, 0.0949541, 0.142519, 1008.23, 13170.8, 10, 2e-20, 3e-20, 2e-20, 2e-20, -1
0.998917, 0.433922, 0.828789, 0.05, -0.000764858, -0.0299864, 0.173912, 0.17648, 1004.49, 7183.01, 10, 2e-20, 3e-20, 2e-20, 2e-20, -1
0.999098, 0.37029, 0.71192, 0.05, -0.0706749, -0.105854, -0.0134991, 0.127993, 1011.22, 17957.1, 10, 2e-20, 3e-20, 2e-20, 2e-20, -1
0.999665, 0.391343, 0.770583, 0.05, -0.0231431, -0.0562794, 0.108268, 0.124197, 1007.56, 12090.9, 10, 2e-20, 3e-20, 2e-20, 2e-20, -1
0.995557, 0.438558, 0.933519, 0.05, -0.047564, -0.0285067, 0.134192, 0.145198, 1004.44, 7102.09, 10, 2e-20, 3e-20, 2e-20, 2e-20, -1
1.0014, 0.369702, 0.826973, 0.05, -0.0175426, -0.0366449, 0.0906591, 0.0993461, 1009.17, 14664.3, 10, 2e-20, 3e-20, 2e-20, 2e-20, -1
0.944965, 0.491988, 1.20756, 0.05, 0.122417, -0.0448973, 0.0274698, 0.133252, 999.184, -1305.39, 10, 2e-20, 3e-20, 2e-20, 2e-20, -1
0.988207, 0.492321, 1.33064, 0.05, -0.0687812, 0.00711089, 0.0550498, 0.0883849, 995.683, -6907.87, 10, 2e-20, 3e-20, 2e-20, 2e-20, -1
0.993053, 0.491342, 1.2035, 0.05, 0.0296535, 0.126753, 0.0935969, 0.160331, 1004.85, 7753.62, 10, 2e-20, 3e-20, 2e-20, 2e-20, -1
0.895531, 0.482353, 1.29151, 0.05, -0.0940853, -0.196537, 0.100971, 0.240154, 1006.61, 10579, 10, 2e-20, 3e-20, 2e-20, 2e-20, -1
0.950978, 0.426951, 1.00161, 0.05, -0.049589, -0.0371428, 0.0739901, 0.0965048, 1005.39, 8630.74, 10, 2e-20, 3e-20, 2e-20, 2e-20, -1
0.845493, 0.419956, 1.2444, 0.05, -0.171212, -0.0753138, -0.216461, 0.286079, 1004.19, 6708.5, 10, 2e-20, 3e-20, 2e-20, 2e-20, -1
0.792776, 0.466644, 1.32303, 0.05, -0.221714, -0.20533, -0.230925, 0.38032, 1000.3, 479.887, 10, 2e-20, 3e-20, 2e-20, 2e-20, -1
1.00359, 0.43821, 1.16152, 0.05, -0.050794, -0.0105994, 0.0664003, 0.0842697, 1001.37, 2185.4, 10, 2e-20, 3e-20, 2e-20, 2e-20, -1
0.882346, 0.440504, 1.21567, 0.05, 0.0400156, -0.116471, -0.137448, 0.18455, 1005.79, 9259.49, 10, 2e-20, 3e-20, 2e-20, 2e-20, -1
0.952105, 0.444042, 1.12328, 0.05, -0.0118014, -0.073628, 0.0534444, 0.0917423, 1006.41, 10252.8, 10, 2e-20, 3e-20, 2e-20, 2e-20, -1
0.724271, 0.447655, 1.31989, 0.05, -0.147191, -0.10014, -0.292653, 0.342547, 1000.22, 357.678, 10, 2e-20, 3e-20, 2e-20, 2e-20, -1
0.990335, 0.285486, 1.27963, 0.05, -0.0143094, 0.00803956, 0.00733142, 0.0179762, 1005.48, 8770.49, 10, 2e-20, 3e-20, 2e-20, 2e-20, -1
0.936029, 0.323115, 1.25452, 0.05, -0.0288651, -0.193034, -0.253491, 0.319926, 1004.03, 6450.91, 10, 2e-20, 3e-20, 2e-20, 2e-20, -1
0.818294, 0.418012, 1.13743, 0.05, -0.0454052, 0.0327512, -0.175325, 0.184046, 1002.47, 3957.31, 10, 2e-20, 3e-20, 2e-20, 2e-20, -1
0.829195, 0.529583, 1.32966, 0.05, 0.100436, -0.132094, 0.085269, 0.186567, 1000.86, 1373.04, 10, 2e-20, 3e-20, 2e-20, 2e-20, -1
0.93274, 0.337016, 1.21252, 0.05, -0.00671897, -0.0720819, -0.151913, 0.168281, 1003.91, 6261.84, 10, 2e-20, 3e-20, 2e-20, 2e-20, -1
0.85347, 0.380499, 1.20942, 0.05, -0.0263227, -0.0966194, -0.270145, 0.288108, 999.161, -1342.49, 10, 2e-20, 3e-20, 2e-20, 2e-20, -1
1.03602, 0.182282, 1.23957, 0.05, -0.654022, 0.0219714, 0.124567, 0.666142, 1032.98, 52764.7, 10, 2e-20, 3e-20, 2e-20, 2e-20, -1
0.697451, 0.340257, 1.02192, 0.05, -0.116445, 0.0998592, -0.14203, 0.209055, 999.494, -809.18, 10, 2e-20, 3e-20, 2e-20, 2e-20, -1
0.883687, 0.340345, 1.29156, 0.05, -0.155046, -0.0942434, -0.339652, 0.385077, 1000.89, 1418.43, 10, 2e-20, 3e-20, 2e-20, 2e-20, -1
1.00043, 0.344443, 1.39134, 0.05, -0.125777, -0.0536757, -0.440155, 0.460909, 1000.56, 903.265, 10, 2e-20, 3e-20, 2e-20, 2e-20, -1
0.870004, 0.356982, 1.25994, 0.05, -0.11951, -0.00253134, -0.337678, 0.358212, 999.64, -576.521, 10, 2e-20, 3e-20, 2e-20, 2e-20, -1
0.993293, 0.448266, 1.35668, 0.05, 0.0102203, -0.025291, -0.278155, 0.279489, 1004.54, 7256.14, 10, 2e-20, 3e-20, 2e-20, 2e-20, -1
0.920429, 0.376348, 1.34535, 0.05, -0.176811, -0.187301, -0.622923, 0.674074, 1003.11, 4969.53, 10, 2e-20, 3e-20, 2e-20, 2e-20, -1
0.88029, 0.322454, 1.22946, 0.05, -0.0854156, -0.0344403, -0.293608, 0.307713, 1000.32, 508.897, 10, 2e-20, 3e-20, 2e-20, 2e-20, -1
0.787286, 0.211081, 1.25273, 0.05, -0.0198622, -0.133486, -0.198967, 0.240418, 1003.22, 5156.89, 10, 2e-20, 3e-20, 2e-20, 2e-20, -1
0.807569, 0.227746, 1.15337, 0.05, 0.0186979, -0.0329476, -0.285067, 0.287573, 1004.46, 7131.19, 10, 2e-20, 3e-20, 2e-20, 2e-20, -1
0.927701, 0.250805, 1.14951, 0.05, 0.063417, -0.0567341, -0.159288, 0.180591, 1001.95, 3112.12, 10, 2e-20, 3e-20, 2e-20, 2e-20, -1
0.824828, 0.110741, 1.35391, 0.05, -0.212403, 0.0119274, -0.281662, 0.352975, 1001.4, 2243.23, 10, 2e-20, 3e-20, 2e-20, 2e-20, -1
0.935392, 0.285394, 1.18141, 0.05, 0.0189649, -0.0731522, -0.269006, 0.27942, 1001.09, 1741.25, 10, 2e-20, 3e-20, 2e-20, 2e-20, -1
1.01251, 0.469333, 1.41843, 0.05, -0.0481665, -0.0672784, -0.387177, 0.39592, 999.789, -337.217, 10, 2e-20, 3e-20, 2e-20, 2e-20, -1
0.761225, -0.130513, 1.35033, 0.05, -0.186308, 0.00929132, 0.0156001, 0.187191, 1000.27, 435.399, 10, 2e-20, 3e-20, 2e-20, 2e-20, -1
0.56817, 0.255085, 1.31183, 0.05, -0.221772, -0.00727898, -0.0511274, 0.227705, 1000.01, 23.2489, 10, 2e-20, 3e-20, 2e-20, 2e-20, -1
0.525783, 0.235686, 1.37359, 0.05, -0.172183, -0.0956985, -0.216157, 0.292453, 999.766, -375.082, 10, 2e-20, 3e-20, 2e-20, 2e-20, -1
0.687353, 0.325211, 1.32496, 0.05, -0.191926, -0.110316, -0.114429, 0.249197, 1001.22, 1952.91, 10, 2e-20, 3e-20, 2e-20, 2e-20, -1
0.985027, 0.488724, 0.0727327, 0.05, 0.0597943, 0.0518476, -0.0471228, 0.0921091, 1033.06, 52890.6, 10, 2e-20, 3e-20, 2e-20, 2e-20, -1
0.643258, -0.304345, 1.35814, 0.05, -0.3283, 0.447074, 0.135485, 0.570975, 1003.45, 5512.08, 10, 2e-20, 3e-20, 2e-20, 2e-20, -1
0.989994, 0.490522, 1.04168, 0.05, -0.0197534, 0.0468918, 0.0615266, 0.0798408, 1008.93, 14294.8, 10, 2e-20, 3e-20, 2e-20, 2e-20, -1
0.0453749, -0.0781138, 1.40264, 0.05, 0.0606268, -0.00180853, 0.0898105, 0.108373, 1004.16, 6660.03, 10, 2e-20, 3e-20, 2e-20, 2e-20, -1
0.0167495, 0.377391, 4.03702, 0.05, 0.0458426, 0.00552571, -0.0059842, 0.0465605, 999.581, -670.418, 10, 2e-20, 3e-20, 2e-20, 2e-20, -1
-0.763816, -0.417347, 1.44112, 0.05, 0.290872, -0.144668, -0.432293, 0.540752, 1000.85, 1366.83, 10, 2e-20, 3e-20, 2e-20, 2e-20, -1
0.932068, 0.49407, 1.26358, 0.05, 0.0855253, -0.0849002, 0.235464, 0.26451, 1004.8, 7682.3, 10, 2e-20, 3e-20, 2e-20, 2e-20, -1
-0.0420141, -0.00511948, 1.19403, 0.05, 0.00789441, -0.0554405, -0.0783815, 0.0963308, 999.117, -1412.85, 10, 2e-20, 3e-20, 2e-20, 2e-20, -1
0.187407, -0.216267, 1.43736, 0.05, -0.178941, 0.183142, 0.554976, 0.611195, 1001.29, 2065.56, 10, 2e-20, 3e-20, 2e-20, 2e-20, -1
0.848858, 0.264128, 1.34634, 0.05, -0.368167, -0.138703, -0.46514, 0.609213, 1002.99, 4783.12, 10, 2e-20, 3e-20, 2e-20, 2e-20, -1
0.480873, -0.251775, 1.44106, 0.05, -0.170222, 0.243597, -0.24817, 0.387173, 1000.93, 1488.62, 10, 2e-20, 3e-20, 2e-20, 2e-20, -1
0.506654, -0.509293, 3.14778, 0.05, -0.0100907, -0.000891853, -0.55538, 0.555473, 999.993, -11.0563, 10, 2e-20, 3e-20, 2e-20, 2e-20, -1
0.998668, 0.00723481, 1.60688, 0.05, -0.00792438, 0.0549152, -1.14268, 1.14402, 1000.13, 203.061, 10, 2e-20, 3e-20, 2e-20, 2e-20, -1
0.0169059, 0.377424, 4.03605, 0.05, 0.0440804, 0.00530002, -0.0063678, 0.0448522, 999.634, -585.456, 10, 2e-20, 3e-20, 2e-20, 2e-20, -1
0.0633468, 0.0981003, 1.23474, 0.05, -0.0151009, -0.0675053, 0.145681, 0.16127, 1003.92, 6270.95, 10, 2e-20, 3e-20, 2e-20, 2e-20, -1
0.0157372, -0.00906241, 1.27554, 0.05, 0.10759, -0.129506, 0.0822195, 0.18737, 997.312, -4300.5, 10, 2e-20, 3e-20, 2e-20, 2e-20, -1
0.0717905, 0.430676, 1.48585, 0.05, 0.058562, -0.106611, 0.0429877, 0.129009, 989.676, -16518.7, 10, 2e-20, 3e-20, 2e-20, 2e-20, -1
1.01255, 0.361419, 1.37588, 0.05, -0.0335965, -0.0894573, -0.351312, 0.364076, 1002.77, 4433.32, 10, 2e-20, 3e-20, 2e-20, 2e-20, -1
0.306181, 0.350084, 1.40011, 0.05, -0.191395, -0.100298, 0.00554683, 0.216154, 999.633, -587.836, 10, 2e-20, 3e-20, 2e-20, 2e-20, -1
0.791649, 0.477391, 1.36013, 0.05, -0.223489, -0.00322062, -0.25549, 0.33946, 1001.45, 2313.04, 10, 2e-20, 3e-20, 2e-20, 2e-20, -1
0.483582, -0.494369, 1.56248, 0.05, 0.00125154, -0.0475153, -1.51744, 1.51818, 1000.3, 487.021, 10, 2e-20, 3e-20, 2e-20, 2e-20, -1
1.03119, 0.173904, 1.36853, 0.05, 0.034178, 0.0361887, 0.0321369, 0.0592498, 1003.27, 5233.19, 10, 2e-20, 3e-20, 2e-20, 2e-20, -1
0.472195, -0.492146, 1.56704, 0.05, 0.0465048, -0.00689702, -1.61308, 1.61376, 999.811, -301.86, 10, 2e-20, 3e-20, 2e-20, 2e-20, -1
0.39578, 0.503267, 2.81192, 0.05, -3.1769e-05, -0.00137678, -0.820119, 0.82012, 999.991, -15.1471, 10, 2e-20, 3e-20, 2e-20, 2e-20, -1
0.58031, -0.309251, 1.38453, 0.05, -0.343137, 0.322159, 0.103648, 0.481947, 997.158, -4547.71, 10, 2e-20, 3e-20, 2e-20, 2e-20, -1
0.18991, -0.128157, 1.38258, 0.05, -0.14989, -0.113528, 0.616443, 0.644482, 1002.53, 4042.52, 10, 2e-20, 3e-20, 2e-20, 2e-20, -1
0.219219, 0.509121, 3.12506, 0.05, 0.00019876, 0.000150182, -0.566324, 0.566324, 1000.02, 33.0769, 10, 2e-20, 3e-20, 2e-20, 2e-20, -1
0.809328, 9.96021e-05, 1.30571, 0.05, -0.121937, 0.0181437, -0.0137148, 0.12404, 997.088, -4659.87, 10, 2e-20, 3e-20, 2e-20, 2e-20, -1
1.01001, -0.00518463, 2.32539, 0.05, 5.8963e-05, -0.000163208, -0.524475, 0.524475, 1000, 5.34912, 10, 2e-20, 3e-20, 2e-20, 2e-20, -1
-0.937175, -0.3912, 1.45825, 0.05, -0.129152, 0.33015, -0.071281, 0.361608, 1002.27, 3635.28, 10, 2e-20, 3e-20, 2e-20, 2e-20, -1
0.328915, 0.239837, 1.33982, 0.05, -0.195667, -0.171604, -0.00588322, 0.260323, 998.375, -2600.11, 10, 2e-20, 3e-20, 2e-20, 2e-20, -1
0.149485, 0.219231, 1.39248, 0.05, -0.104907, -0.251898, 0.153763, 0.313211, 1001.11, 1780.65, 10, 2e-20, 3e-20, 2e-20, 2e-20, -1
0.579734, 0.519345, 1.40383, 0.05, 0.0247524, -0.00184403, -0.075863, 0.0798203, 999.052, -1517.43, 10, 2e-20, 3e-20, 2e-20, 2e-20, -1
0.232503, 0.067698, 1.40068, 0.05, -0.122284, -0.184541, 0.523594, 0.568471, 998.42, -2528.72, 10, 2e-20, 3e-20, 2e-20, 2e-20, -1
0.964991, 0.349273, 1.31542, 0.05, -0.173645, -0.101392, -0.250114, 0.320921, 1000.82, 1319.63, 10, 2e-20, 3e-20, 2e-20, 2e-20, -1
-0.264848, -0.173803, 1.30729, 0.05, 0.0891827, 0.0242809, 0.109861, 0.14357, 1001.35, 2167.39, 10, 2e-20, 3e-20, 2e-20, 2e-20, -1
0.188693, 0.498206, 2.36663, 0.05, 9.9938e-05, -0.00380469, -1.18553, 1.18554, 1000.19, 299.528, 10, 2e-20, 3e-20, 2e-20, 2e-20, -1
0.865059, -0.36468, 1.20243, 0.05, -0.0768207, -0.0758932, -0.136766, 0.174259, 1000.64, 1028.99, 10, 2e-20, 3e-20, 2e-20, 2e-20, -1
0.752921, 0.504205, 1.34428, 0.05, -0.102481, -0.00892949, -0.0898195, 0.136564, 1001.34, 2151.75, 10, 2e-20, 3e-20, 2e-20, 2e-20, -1
0.984681, 0.397479, 1.35702, 0.05, -0.16364, -0.204512, -0.30442, 0.40159, 1001.31, 2100.5, 10, 2e-20, 3e-20, 2e-20, 2e-20, -1
0.872047, -0.2122, 1.30201, 0.05, -0.129141, 0.096075, -0.120547, 0.201096, 999.332, -1069.35, 10, 2e-20, 3e-20, 2e-20, 2e-20, -1
-0.094852, -0.0175707, 1.42682, 0.05, -0.138882, 0.122387, 0.0435279, 0.190162, 1005.35, 8554.64, 10, 2e-20, 3e-20, 2e-20, 2e-20, -1
0.805827, 0.173318, 1.32216, 0.05, -0.494556, -0.201476, -0.150889, 0.554929, 1002.47, 3944.64, 10, 2e-20, 3e-20, 2e-20, 2e-20, -1
0.154391, 0.187977, 1.31344, 0.05, -0.172799, -0.0823212, 0.159656, 0.249251, 997.384, -4185.46, 10, 2e-20, 3e-20, 2e-20, 2e-20, -1
-0.194246, -0.145516, 1.4188, 0.05, -0.00450944, -0.0391916, 0.203818, 0.207601, 999.648, -562.717, 10, 2e-20, 3e-20, 2e-20, 2e-20, -1
-0.101145, 0.166357, 1.42524, 0.05, 0.121495, 0.000633095, -0.0279085, 0.124661, 1001.64, 2626.99, 10, 2e-20, 3e-20, 2e-20, 2e-20, -1
-0.254995, -0.228421, 1.31716, 0.05, 0.15156, -0.151927, 0.117767, 0.244789, 1002.12, 3392.84, 10, 2e-20, 3e-20, 2e-20, 2e-20, -1
0.85307, 0.314258, 1.34997, 0.05, -0.269024, -0.105515, -0.346352, 0.451073, 1000.92, 1465.05, 10, 2e-20, 3e-20, 2e-20, 2e-20, -1
0.777584, 0.36814, 1.20804, 0.05, -0.128533, -0.103476, -0.332612, 0.371293, 996.059, -6305.77, 10, 2e-20, 3e-20, 2e-20, 2e-20, -1
0.814087, 0.342261, 1.24489, 0.05, 0.0334291, -0.203204, -0.421761, 0.469352, 998.975, -1639.28, 10, 2e-20, 3e-20, 2e-20, 2e-20, -1
0.416693, 0.171841, 1.39671, 0.05, -0.165809, -0.0495402, -0.113222, 0.2068, 1002.16, 3455.13, 10, 2e-20, 3e-20, 2e-20, 2e-20, -1
